0 -33
1 -12
2 -34
3 -12
4 -34
5 -38
6 -33
7 -39
8 -34
9 -39
10 -12
11 -38
12 -33
13 -12
14 -33
15 -39
16 -38
17 -38
18 -12
19 -38
20 -33
21 -39
22 -34
23 -34
24 -34
25 -12
26 -12
27 -38
28 -12
29 -33
30 -39
31 -38
32 -33
33 -34
34 -74
35 -33
36 -34
37 -12
38 -33
39 -33
40 -33
41 -33
42 -33
43 -38
44 -33
45 -12
46 -38
47 -12
48 -34
49 -39
50 -39
51 -39
52 -33
53 -34
54 -12
55 -38
56 -12
57 -33
58 -12
59 -12
60 -33
61 -38
62 -34
63 -39
64 -33
65 -34
66 -35
67 -39
68 -12
69 -1063
70 -34
71 -33
72 -39
73 -38
74 -39
75 -43
76 -38
77 -34
78 -33
79 -12
80 -38
81 -39
82 -33
83 -39
84 -34
85 -33
86 -38
87 -38
88 -39
89 -33
90 -33
91 -38
92 -33
93 -12
94 -34
95 -39
96 -39
97 -39
98 -38
99 -38
100 -34
101 -39
102 -27
103 -33
104 -39
105 -39
106 -39
107 -33
108 -33
109 -12
110 -38
111 -33
112 -38
113 -12
114 -33
115 -34
116 -33
117 -41
118 -39
119 -39
120 -34
121 -37
122 -38
123 -21
124 -34
125 -38
126 -33
127 -38
128 -33
129 -33
130 -39
131 -39
132 -34
133 -38
134 -38
135 -38
136 -38
137 -34
138 -34
139 -27
140 -12
141 -34
142 -33
143 -38
144 -12
145 -34
146 -39
147 -37
148 -12
149 -33
150 -38
151 -12
152 -39
153 -34
154 -33
155 -38
156 -37
157 -12
158 -39
159 -12
160 -12
161 -33
162 -39
163 -33
164 -12
165 -33
166 -38
167 -12
168 -28
169 -38
170 -39
171 -38
172 -12
173 -33
174 -33
175 -12
176 -12
177 -39
178 -39
179 -12
180 -33
181 -12
182 -39
183 -39
184 -34
185 -111
186 -34
187 -33
188 -34
189 -33
190 -33
191 -39
192 -34
193 -33
194 -33
195 -12
196 -33
197 -34
198 -38
199 -12
200 -34
201 -33
202 -38
203 -12
204 -39
205 -34
206 -12
207 -38
208 -39
209 -38
210 -38
211 -12
212 -34
213 -53
214 -38
215 -12
216 -33
217 -39
218 -39
219 -33
220 -33
221 -33
222 -33
223 -39
224 -41
225 -39
226 -34
227 -33
228 -38
229 -12
230 -34
231 -12
232 -38
233 -12
234 -33
235 -39
236 -38
237 -38
238 -34
239 -38
240 -38
241 -39
242 -33
243 -38
244 -38
245 -12
246 -12
247 -39
248 -34
249 -38
250 -12
251 -33
252 -38
253 -38
254 -39
255 -33
256 -39
257 -38
258 -39
259 -33
260 -33
261 -34
262 -38
263 -33
264 -12
265 -39
266 -12
267 -12
268 -33
269 -38
270 -39
271 -38
272 -12
273 -12
274 -34
275 -33
276 -38
277 -38
278 -34
279 -12
280 -33
281 -43
282 -33
283 -33
284 -38
285 -12
286 -34
287 -38
288 -34
289 -12
290 -33
291 -12
292 -12
293 -12
294 -12
295 -34
296 -38
297 -38
298 -34
299 -34
300 -39
301 -12
302 -39
303 -38
304 -12
305 -38
306 -34
307 -38
308 -33
309 -38
310 -12
311 -33
312 -38
313 -12
314 -34
315 -34
316 -12
317 -33
318 -38
319 -38
320 -12
321 -33
322 -46
323 -34
324 -38
325 -34
326 -47
327 -38
328 -39
329 -38
330 -12
331 -12
332 -39
333 -33
334 -44
335 -33
336 -38
337 -38
338 -38
339 -12
340 -39
341 -39
342 -12
343 -12
344 -38
345 -33
346 -33
347 -51
348 -33
349 -39
350 -34
351 -33
352 -38
353 -38
354 -39
355 -74
356 -34
357 -33
358 -38
359 -39
360 -34
361 -23
362 -33
363 -39
364 -33
365 -34
366 -34
367 -12
368 -12
369 -34
370 -34
371 -38
372 -38
373 -38
374 -39
375 -38
376 -33
377 -34
378 -38
379 -38
380 -39
381 -34
382 -38
383 -30
384 -39
385 -34
386 -12
387 -12
388 -33
389 -12
390 -12
391 -33
392 -34
393 -38
394 -12
395 -33
396 -38
397 -34
398 -39
399 -38
400 -49
401 -38
402 -34
403 -34
404 -39
405 -34
406 -12
407 -12
408 -38
409 -34
410 -38
411 -34
412 -33
413 -38
414 -12
415 -12
416 -12
417 -12
418 -12
419 -33
420 -39
421 -12
422 -12
423 -33
424 -34
425 -12
426 -12
427 -39
428 -33
429 -12
430 -39
431 -39
432 -39
433 -34
434 -34
435 -34
436 -39
437 -12
438 -38
439 -38
440 -12
441 -33
442 -34
443 -39
444 -38
445 -12
446 -33
447 -34
448 -12
449 -33
450 -39
451 -12
452 -49
453 -33
454 -33
455 -39
456 -34
457 -33
458 -34
459 -38
460 -12
461 -38
462 -38
463 -39
464 -12
465 -33
466 -38
467 -12
468 -44
469 -39
470 -34
471 -33
472 -39
473 -33
474 -12
475 -38
476 -21
477 -34
478 -39
479 -33
480 -39
481 -33
482 -33
483 -34
484 -12
485 -38
486 -34
487 -39
488 -39
489 -12
490 -33
491 -39
492 -12
493 -12
494 -12
495 -39
496 -38
497 -38
498 -39
499 -12
500 -34
501 -34
502 -41
503 -12
504 -34
505 -34
506 -12
507 -38
508 -29
509 -12
510 -39
511 -38
512 -39
513 -33
514 -35
515 -39
516 -33
517 -39
518 -33
519 -34
520 -33
521 -12
522 -38
523 -12
524 -12
525 -12
526 -12
527 -38
528 -39
529 -38
530 -38
531 -33
532 -12
533 -33
534 -39
535 -33
536 -34
537 -33
538 -33
539 -33
540 -34
541 -34
542 -33
543 -2117
544 -12
545 -33
546 -41
547 -39
548 -39
549 -33
550 -38
551 -38
552 -38
553 -38
554 -34
555 -34
556 -38
557 -33
558 -38
559 -34
560 -33
561 -12
562 -39
563 -33
564 -12
565 -38
566 -38
567 -33
568 -50
569 -33
570 -38
571 -34
572 -12
573 -33
574 -34
575 -39
576 -38
577 -39
578 -62
579 -39
580 -12
581 -33
582 -38
583 -12
584 -34
585 -38
586 -12
587 -33
588 -12
589 -33
590 -39
591 -39
592 -34
593 -33
594 -12
595 -34
596 -39
597 -39
598 -33
599 -34
600 -39
601 -38
602 -33
603 -34
604 -33
605 -34
606 -39
607 -34
608 -38
609 -34
610 -12
611 -39
612 -12
613 -33
614 -39
615 -39
616 -39
617 -34
618 -39
619 -34
620 -38
621 -33
622 -39
623 -33
624 -12
625 -38
626 -12
627 -12
628 -39
629 -39
630 -39
631 -38
632 -34
633 -33
634 -39
635 -25
636 -12
637 -39
638 -33
639 -39
640 -12
641 -38
642 -39
643 -38
644 -38
645 -12
646 -38
647 -33
648 -34
649 -34
650 -34
651 -39
652 -38
653 -38
654 -39
655 -34
656 -39
657 -34
658 -39
659 -38
660 -13
661 -38
662 -12
663 -38
664 -39
665 -33
666 -39
667 -33
668 -33
669 -39
670 -34
671 -38
672 -34
673 -39
674 -39
675 -12
676 -12
677 -33
678 -38
679 -38
680 -12
681 -12
682 -34
683 -33
684 -33
685 -34
686 -38
687 -12
688 -41
689 -34
690 -34
691 -33
692 -33
693 -38
694 -38
695 -38
696 -34
697 -29
698 -38
699 -34
700 -34
701 -28
702 -38
703 -33
704 -34
705 -50
706 -34
707 -12
708 -33
709 -38
710 -12
711 -38
712 -34
713 -12
714 -34
715 -12
716 -12
717 -34
718 -39
719 -39
720 -34
721 -33
722 -33
723 -34
724 -70
725 -34
726 -39
727 -33
728 -39
729 -34
730 -39
731 -38
732 -34
733 -33
734 -12
735 -38
736 -33
737 -33
738 -39
739 -34
740 -34
741 -33
742 -12
743 -33
744 -34
745 -39
746 -38
747 -43
748 -34
749 -12
750 -38
751 -12
752 -33
753 -38
754 -33
755 -39
756 -38
757 -38
758 -12
759 -12
760 -34
761 -33
762 -33
763 -38
764 -38
765 -38
766 -55
767 -12
768 -33
769 -12
770 -33
771 -33
772 -39
773 -33
774 -34
775 -38
776 -39
777 -33
778 -12
779 -34
780 -34
781 -38
782 -39
783 -38
784 -33
785 -39
786 -33
787 -39
788 -34
789 -34
790 -38
791 -38
792 -33
793 -12
794 -33
795 -33
796 -50
797 -38
798 -34
799 -33
800 -39
801 -39
802 -12
803 -34
804 -12
805 -12
806 -12
807 -33
808 -38
809 -38
810 -33
811 -39
812 -33
813 -34
814 -34
815 -12
816 -34
817 -33
818 -12
819 -12
820 -12
821 -12
822 -12
823 -38
824 -39
825 -33
826 -12
827 -39
828 -12
829 -33
830 -38
831 -39
832 -39
833 -34
834 -38
835 -12
836 -38
837 -33
838 -39
839 -33
840 -39
841 -38
842 -33
843 -39
844 -12
845 -39
846 -39
847 -34
848 -12
849 -12
850 -39
851 -38
852 -38
853 -33
854 -38
855 -12
856 -38
857 -33
858 -39
859 -24
860 -38
861 -34
862 -31
863 -39
864 -39
865 -29
866 -38
867 -33
868 -38
869 -33
870 -34
871 -34
872 -33
873 -12
874 -22
875 -34
876 -38
877 -39
878 -39
879 -29
880 -33
881 -12
882 -12
883 -39
884 -39
885 -34
886 -34
887 -12
888 -12
889 -12
890 -38
891 -38
892 -34
893 -38
894 -38
895 -33
896 -34
897 -34
898 -12
899 -38
900 -12
901 -39
902 -43
903 -34
904 -34
905 -39
906 -33
907 -39
908 -12
909 -39
910 -39
911 -33
912 -33
913 -34
914 -12
915 -12
916 -12
917 -39
918 -39
919 -33
920 -34
921 -34
922 -12
923 -39
924 -12
925 -39
926 -39
927 -38
928 -33
929 -34
930 -33
931 -39
932 -39
933 -35
934 -38
935 -39
936 -39
937 -39
938 -33
939 -38
940 -12
941 -12
942 -33
943 -34
944 -33
945 -38
946 -38
947 -39
948 -38
949 -34
950 -39
951 -38
952 -33
953 -38
954 -12
955 -12
956 -33
957 -39
958 -34
959 -38
960 -34
961 -34
962 -33
963 -33
964 -34
965 -39
966 -38
967 -38
968 -33
969 -38
970 -33
971 -24
972 -34
973 -38
974 -39
975 -34
976 -34
977 -34
978 -38
979 -34
980 -37
981 -39
982 -33
983 -38
984 -33
985 -34
986 -12
987 -39
988 -34
989 -12
990 -38
991 -33
992 -39
993 -39
994 -33
995 -38
996 -38
997 -38
998 -33
999 -12
