0 -38
1 -12
2 -34
3 -16
4 -12
5 -12
6 -38
7 -34
8 -39
9 -33
10 -33
11 -12
12 -34
13 -34
14 -38
15 -12
16 -39
17 -33
18 -34
19 -12
20 -39
21 -33
22 -12
23 -34
24 -34
25 -12
26 -43
27 -34
28 -38
29 -34
30 -12
31 -33
32 -39
33 -33
34 -12
35 -39
36 -34
37 -34
38 -54
39 -38
40 -12
41 -34
42 -30
43 -33
44 -34
45 -34
46 -39
47 -33
48 -12
49 -38
50 -39
51 -34
52 -38
53 -33
54 -33
55 -28
56 -38
57 -13
58 -12
59 -33
60 -33
61 -39
62 -33
63 -30
64 -38
65 -39
66 -12
67 -34
68 -39
69 -12
70 -39
71 -38
72 -39
73 -33
74 -38
75 -38
76 -39
77 -34
78 -38
79 -34
80 -27
81 -12
82 -39
83 -33
84 -39
85 -34
86 -33
87 -41
88 -34
89 -38
90 -12
91 -39
92 -38
93 -38
94 -38
95 -34
96 -45
97 -33
98 -34
99 -38
100 -12
101 -34
102 -39
103 -39
104 -38
105 -39
106 -39
107 -38
108 -30
109 -33
110 -39
111 -34
112 -24
113 -12
114 -39
115 -38
116 -39
117 -12
118 -33
119 -33
120 -31
121 -39
122 -33
123 -12
124 -12
125 -29
126 -38
127 -12
128 -39
129 -39
130 -39
131 -33
132 -33
133 -38
134 -12
135 -38
136 -42
137 -39
138 -38
139 -38
140 -630
141 -38
142 -34
143 -33
144 -33
145 -34
146 -33
147 -12
148 -63
149 -33
150 -34
151 -34
152 -34
153 -39
154 -34
155 -12
156 -38
157 -39
158 -12
159 -22
160 -34
161 -39
162 -29
163 -34
164 -34
165 -12
166 -39
167 -40
168 -38
169 -12
170 -39
171 -38
172 -34
173 -39
174 -38
175 -33
176 -39
177 -34
178 -38
179 -38
180 -33
181 -34
182 -12
183 -12
184 -12
185 -12
186 -34
187 -46
188 -34
189 -39
190 -38
191 -38
192 -38
193 -39
194 -39
195 -39
196 -38
197 -47
198 -1543
199 -23
200 -12
201 -34
202 -39
203 -38
204 -39
205 -42
206 -12
207 -12
208 -38
209 -33
210 -34
211 -38
212 -39
213 -38
214 -33
215 -39
216 -39
217 -12
218 -38
219 -12
220 -27
221 -12
222 -34
223 -12
224 -43
225 -33
226 -34
227 -12
228 -33
229 -34
230 -38
231 -39
232 -12
233 -38
234 -33
235 -32
236 -39
237 -32
238 -13
239 -39
240 -34
241 -33
242 -38
243 -34
244 -27
245 -12
246 -36
247 -12
248 -12
249 -12
250 -12
251 -12
252 -39
253 -38
254 -33
255 -12
256 -33
257 -34
258 -34
259 -12
260 -12
261 -685
262 -38
263 -39
264 -34
265 -33
266 -12
267 -34
268 -39
269 -33
270 -34
271 -33
272 -42
273 -12
274 -38
275 -38
276 -39
277 -39
278 -34
279 -34
280 -33
281 -12
282 -39
283 -39
284 -38
285 -33
286 -39
287 -12
288 -12
289 -34
290 -33
291 -12
292 -38
293 -33
294 -33
295 -33
296 -34
297 -39
298 -33
299 -33
300 -38
301 -39
302 -12
303 -12
304 -34
305 -37
306 -34
307 -34
308 -34
309 -34
310 -12
311 -12
312 -34
313 -39
314 -33
315 -12
316 -12
317 -39
318 -34
319 -34
320 -33
321 -39
322 -33
323 -12
324 -33
325 -39
326 -34
327 -38
328 -12
329 -33
330 -12
331 -12
332 -49
333 -33
334 -12
335 -12
336 -34
337 -39
338 -12
339 -12
340 -39
341 -12
342 -12
343 -38
344 -12
345 -34
346 -12
347 -33
348 -38
349 -34
350 -33
351 -12
352 -34
353 -12
354 -12
355 -34
356 -39
357 -34
358 -33
359 -39
360 -34
361 -39
362 -38
363 -33
364 -34
365 -12
366 -33
367 -38
368 -39
369 -34
370 -12
371 -38
372 -34
373 -38
374 -33
375 -39
376 -39
377 -38
378 -33
379 -33
380 -34
381 -38
382 -38
383 -33
384 -34
385 -33
386 -38
387 -38
388 -39
389 -33
390 -12
391 -38
392 -38
393 -33
394 -38
395 -34
396 -12
397 -39
398 -12
399 -38
400 -12
401 -39
402 -38
403 -39
404 -33
405 -38
406 -33
407 -38
408 -38
409 -34
410 -33
411 -12
412 -33
413 -12
414 -39
415 -38
416 -38
417 -39
418 -12
419 -33
420 -33
421 -38
422 -34
423 -12
424 -42
425 -34
426 -34
427 -38
428 -50
429 -38
430 -12
431 -38
432 -12
433 -38
434 -34
435 -33
436 -38
437 -38
438 -57
439 -38
440 -34
441 -33
442 -39
443 -33
444 -38
445 -39
446 -33
447 -38
448 -39
449 -34
450 -39
451 -34
452 -43
453 -34
454 -12
455 -33
456 -39
457 -34
458 -38
459 -38
460 -12
461 -12
462 -12
463 -12
464 -39
465 -33
466 -12
467 -39
468 -33
469 -39
470 -12
471 -196
472 -12
473 -39
474 -33
475 -38
476 -34
477 -33
478 -43
479 -34
480 -34
481 -34
482 -39
483 -34
484 -38
485 -38
486 -12
487 -39
488 -33
489 -34
490 -38
491 -39
492 -38
493 -38
494 -39
495 -12
496 -39
497 -48
498 -12
499 -39
500 -38
501 -39
502 -12
503 -39
504 -12
505 -34
506 -33
507 -39
508 -34
509 -34
510 -39
511 -34
512 -12
513 -39
514 -33
515 -38
516 -33
517 -12
518 -34
519 -42
520 -33
521 -33
522 -39
523 -34
524 -39
525 -33
526 -34
527 -33
528 -34
529 -39
530 -57
531 -33
532 -38
533 -38
534 -13
535 -34
536 -33
537 -39
538 -26
539 -34
540 -38
541 -39
542 -33
543 -42
544 -33
545 -33
546 -39
547 -34
548 -38
549 -38
550 -38
551 -33
552 -39
553 -38
554 -33
555 -39
556 -33
557 -33
558 -39
559 -38
560 -39
561 -33
562 -38
563 -34
564 -39
565 -38
566 -33
567 -38
568 -39
569 -39
570 -38
571 -38
572 -39
573 -12
574 -34
575 -34
576 -38
577 -34
578 -12
579 -38
580 -33
581 -33
582 -30
583 -33
584 -33
585 -43
586 -38
587 -39
588 -38
589 -38
590 -38
591 -38
592 -34
593 -39
594 -38
595 -34
596 -33
597 -39
598 -38
599 -38
600 -34
601 -34
602 -34
603 -12
604 -33
605 -12
606 -33
607 -29
608 -38
609 -38
610 -33
611 -33
612 -38
613 -12
614 -33
615 -38
616 -29
617 -12
618 -39
619 -33
620 -39
621 -12
622 -38
623 -39
624 -50
625 -38
626 -38
627 -12
628 -34
629 -39
630 -39
631 -38
632 -33
633 -12
634 -38
635 -12
636 -33
637 -34
638 -12
639 -39
640 -38
641 -34
642 -12
643 -33
644 -39
645 -39
646 -33
647 -39
648 -38
649 -39
650 -12
651 -33
652 -34
653 -12
654 -34
655 -12
656 -33
657 -38
658 -39
659 -12
660 -33
661 -41
662 -39
663 -12
664 -33
665 -33
666 -39
667 -12
668 -39
669 -12
670 -39
671 -38
672 -12
673 -39
674 -34
675 -33
676 -12
677 -12
678 -38
679 -12
680 -39
681 -38
682 -39
683 -38
684 -34
685 -34
686 -112
687 -39
688 -40
689 -34
690 -34
691 -34
692 -12
693 -12
694 -12
695 -33
696 -39
697 -34
698 -39
699 -39
700 -34
701 -39
702 -12
703 -12
704 -38
705 -33
706 -12
707 -34
708 -12
709 -34
710 -39
711 -33
712 -12
713 -12
714 -39
715 -38
716 -39
717 -34
718 -39
719 -12
720 -38
721 -33
722 -38
723 -12
724 -38
725 -33
726 -12
727 -33
728 -12
729 -33
730 -38
731 -38
732 -33
733 -34
734 -34
735 -34
736 -34
737 -33
738 -34
739 -39
740 -34
741 -39
742 -38
743 -12
744 -38
745 -34
746 -34
747 -34
748 -33
749 -33
750 -39
751 -38
752 -34
753 -26
754 -26
755 -12
756 -33
757 -34
758 -12
759 -34
760 -33
761 -39
762 -43
763 -33
764 -12
765 -38
766 -12
767 -39
768 -38
769 -39
770 -39
771 -33
772 -39
773 -34
774 -33
775 -34
776 -34
777 -12
778 -33
779 -12
780 -33
781 -39
782 -39
783 -34
784 -39
785 -33
786 -34
787 -33
788 -34
789 -38
790 -33
791 -38
792 -34
793 -38
794 -33
795 -34
796 -39
797 -34
798 -50
799 -34
800 -12
801 -34
802 -38
803 -12
804 -39
805 -34
806 -39
807 -33
808 -34
809 -39
810 -33
811 -38
812 -39
813 -39
814 -12
815 -12
816 -34
817 -33
818 -38
819 -13
820 -33
821 -34
822 -12
823 -12
824 -33
825 -34
826 -34
827 -12
828 -30
829 -39
830 -39
831 -38
832 -12
833 -33
834 -38
835 -39
836 -33
837 -12
838 -34
839 -43
840 -39
841 -39
842 -39
843 -41
844 -55
845 -12
846 -33
847 -38
848 -12
849 -39
850 -38
851 -34
852 -39
853 -34
854 -34
855 -38
856 -12
857 -38
858 -33
859 -39
860 -38
861 -34
862 -33
863 -33
864 -44
865 -12
866 -33
867 -38
868 -39
869 -33
870 -12
871 -33
872 -34
873 -12
874 -33
875 -38
876 -12
877 -34
878 -33
879 -12
880 -33
881 -34
882 -12
883 -39
884 -33
885 -12
886 -38
887 -34
888 -45
889 -39
890 -39
891 -33
892 -12
893 -12
894 -34
895 -12
896 -39
897 -34
898 -38
899 -33
900 -33
901 -39
902 -12
903 -33
904 -34
905 -33
906 -12
907 -38
908 -190
909 -38
910 -12
911 -453
912 -12
913 -38
914 -38
915 -33
916 -34
917 -12
918 -12
919 -12
920 -38
921 -34
922 -38
923 -12
924 -12
925 -39
926 -38
927 -33
928 -38
929 -35
930 -34
931 -33
932 -34
933 -33
934 -34
935 -38
936 -34
937 -12
938 -12
939 -39
940 -33
941 -49
942 -33
943 -34
944 -39
945 -43
946 -34
947 -39
948 -38
949 -39
950 -34
951 -43
952 -34
953 -34
954 -38
955 -14
956 -39
957 -33
958 -38
959 -33
960 -38
961 -33
962 -38
963 -38
964 -39
965 -39
966 -35
967 -34
968 -40
969 -39
970 -38
971 -12
972 -39
973 -12
974 -33
975 -39
976 -33
977 -34
978 -34
979 -39
980 -34
981 -34
982 -12
983 -39
984 -12
985 -33
986 -34
987 -38
988 -33
989 -69
990 -34
991 -34
992 -33
993 -38
994 -30
995 -38
996 -12
997 -38
998 -34
999 -39
