0 -39
1 -12
2 -38
3 -35
4 -38
5 -34
6 -33
7 -34
8 -34
9 -38
10 -39
11 -33
12 -34
13 -12
14 -34
15 -38
16 -39
17 -39
18 -12
19 -33
20 -34
21 -42
22 -21
23 -52
24 -34
25 -12
26 -12
27 -33
28 -38
29 -34
30 -34
31 -39
32 -33
33 -39
34 -38
35 -39
36 -74
37 -39
38 -38
39 -39
40 -33
41 -38
42 -12
43 -25
44 -38
45 -39
46 -12
47 -39
48 -12
49 -34
50 -38
51 -12
52 -34
53 -39
54 -33
55 -38
56 -34
57 -33
58 -39
59 -34
60 -12
61 -25
62 -38
63 -34
64 -38
65 -34
66 -34
67 -34
68 -12
69 -34
70 -33
71 -39
72 -14
73 -51
74 -33
75 -34
76 -33
77 -12
78 -39
79 -34
80 -49
81 -33
82 -33
83 -12
84 -12
85 -33
86 -33
87 -38
88 -38
89 -38
90 -33
91 -33
92 -39
93 -34
94 -34
95 -39
96 -12
97 -34
98 -12
99 -33
100 -38
101 -38
102 -12
103 -33
104 -12
105 -39
106 -12
107 -38
108 -39
109 -38
110 -65
111 -34
112 -53
113 -146
114 -33
115 -12
116 -12
117 -34
118 -39
119 -33
120 -38
121 -34
122 -34
123 -33
124 -38
125 -38
126 -34
127 -39
128 -87
129 -53
130 -39
131 -40
132 -34
133 -39
134 -33
135 -40
136 -39
137 -39
138 -33
139 -38
140 -39
141 -33
142 -12
143 -39
144 -33
145 -33
146 -39
147 -12
148 -35
149 -39
150 -33
151 -33
152 -33
153 -38
154 -34
155 -39
156 -12
157 -33
158 -39
159 -38
160 -12
161 -34
162 -33
163 -34
164 -65
165 -33
166 -39
167 -13
168 -38
169 -38
170 -39
171 -1982
172 -33
173 -39
174 -34
175 -34
176 -33
177 -38
178 -34
179 -38
180 -38
181 -34
182 -33
183 -34
184 -38
185 -34
186 -38
187 -33
188 -12
189 -65
190 -12
191 -39
192 -12
193 -39
194 -12
195 -33
196 -33
197 -38
198 -169
199 -34
200 -39
201 -33
202 -39
203 -21
204 -33
205 -34
206 -12
207 -69
208 -38
209 -34
210 -38
211 -33
212 -12
213 -39
214 -39
215 -33
216 -33
217 -33
218 -33
219 -33
220 -12
221 -38
222 -34
223 -39
224 -38
225 -39
226 -33
227 -12
228 -12
229 -38
230 -38
231 -34
232 -33
233 -12
234 -39
235 -12
236 -38
237 -38
238 -39
239 -38
240 -39
241 -38
242 -33
243 -33
244 -33
245 -34
246 -38
247 -39
248 -33
249 -34
250 -34
251 -39
252 -41
253 -38
254 -38
255 -33
256 -34
257 -33
258 -38
259 -57
260 -34
261 -39
262 -34
263 -33
264 -34
265 -12
266 -12
267 -34
268 -34
269 -38
270 -38
271 -39
272 -34
273 -33
274 -39
275 -33
276 -34
277 -34
278 -34
279 -39
280 -34
281 -12
282 -39
283 -38
284 -38
285 -39
286 -38
287 -12
288 -39
289 -33
290 -39
291 -12
292 -12
293 -34
294 -12
295 -34
296 -38
297 -33
298 -38
299 -33
300 -12
301 -34
302 -34
303 -39
304 -12
305 -34
306 -29
307 -39
308 -34
309 -38
310 -34
311 -38
312 -34
313 -34
314 -12
315 -38
316 -33
317 -33
318 -38
319 -34
320 -39
321 -34
322 -12
323 -34
324 -34
325 -39
326 -33
327 -38
328 -33
329 -38
330 -12
331 -34
332 -12
333 -39
334 -34
335 -34
336 -33
337 -33
338 -34
339 -12
340 -12
341 -38
342 -34
343 -38
344 -12
345 -39
346 -38
347 -28
348 -12
349 -12
350 -12
351 -34
352 -12
353 -33
354 -33
355 -34
356 -33
357 -34
358 -34
359 -12
360 -34
361 -12
362 -39
363 -33
364 -34
365 -38
366 -12
367 -33
368 -34
369 -39
370 -41
371 -12
372 -39
373 -12
374 -67
375 -34
376 -34
377 -12
378 -34
379 -39
380 -39
381 -39
382 -39
383 -12
384 -39
385 -34
386 -34
387 -34
388 -38
389 -12
390 -38
391 -12
392 -33
393 -42
394 -33
395 -38
396 -39
397 -34
398 -12
399 -39
400 -39
401 -38
402 -38
403 -34
404 -38
405 -38
406 -34
407 -33
408 -33
409 -21
410 -38
411 -34
412 -22
413 -33
414 -12
415 -12
416 -12
417 -12
418 -12
419 -38
420 -12
421 -38
422 -34
423 -37
424 -49
425 -38
426 -38
427 -39
428 -57
429 -308
430 -12
431 -12
432 -33
433 -38
434 -35
435 -39
436 -34
437 -33
438 -39
439 -39
440 -34
441 -33
442 -39
443 -34
444 -33
445 -34
446 -34
447 -38
448 -21
449 -40
450 -38
451 -38
452 -33
453 -25
454 -34
455 -39
456 -34
457 -12
458 -34
459 -39
460 -38
461 -33
462 -33
463 -34
464 -34
465 -34
466 -39
467 -39
468 -39
469 -34
470 -12
471 -33
472 -12
473 -39
474 -38
475 -34
476 -38
477 -38
478 -38
479 -33
480 -12
481 -41
482 -33
483 -39
484 -34
485 -12
486 -12
487 -33
488 -33
489 -33
490 -33
491 -34
492 -34
493 -33
494 -33
495 -38
496 -39
497 -39
498 -33
499 -34
500 -39
501 -34
502 -34
503 -33
504 -33
505 -39
506 -38
507 -39
508 -34
509 -39
510 -12
511 -33
512 -38
513 -44
514 -38
515 -33
516 -34
517 -12
518 -33
519 -38
520 -33
521 -811
522 -33
523 -24
524 -34
525 -12
526 -34
527 -38
528 -33
529 -39
530 -12
531 -12
532 -34
533 -38
534 -38
535 -39
536 -29
537 -39
538 -39
539 -42
540 -12
541 -39
542 -34
543 -12
544 -38
545 -38
546 -12
547 -34
548 -34
549 -38
550 -33
551 -34
552 -39
553 -35
554 -38
555 -33
556 -28
557 -38
558 -28
559 -38
560 -39
561 -33
562 -12
563 -38
564 -12
565 -39
566 -12
567 -39
568 -33
569 -33
570 -34
571 -34
572 -12
573 -33
574 -38
575 -12
576 -39
577 -34
578 -12
579 -39
580 -12
581 -12
582 -34
583 -33
584 -38
585 -12
586 -39
587 -28
588 -12
589 -39
590 -12
591 -33
592 -24
593 -43
594 -39
595 -34
596 -12
597 -44
598 -39
599 -38
600 -33
601 -33
602 -38
603 -12
604 -39
605 -33
606 -12
607 -38
608 -34
609 -33
610 -33
611 -39
612 -33
613 -39
614 -12
615 -12
616 -12
617 -34
618 -39
619 -38
620 -12
621 -33
622 -34
623 -38
624 -38
625 -12
626 -33
627 -38
628 -34
629 -33
630 -12
631 -38
632 -39
633 -34
634 -38
635 -39
636 -41
637 -34
638 -34
639 -38
640 -34
641 -44
642 -34
643 -33
644 -33
645 -33
646 -12
647 -38
648 -39
649 -33
650 -12
651 -35
652 -38
653 -39
654 -34
655 -38
656 -44
657 -34
658 -39
659 -38
660 -33
661 -12
662 -34
663 -34
664 -12
665 -12
666 -12
667 -39
668 -34
669 -33
670 -38
671 -38
672 -34
673 -33
674 -38
675 -12
676 -34
677 -33
678 -39
679 -34
680 -38
681 -34
682 -39
683 -34
684 -21
685 -39
686 -12
687 -12
688 -33
689 -39
690 -39
691 -38
692 -39
693 -29
694 -33
695 -38
696 -12
697 -38
698 -12
699 -29
700 -34
701 -33
702 -33
703 -33
704 -38
705 -33
706 -31
707 -39
708 -33
709 -39
710 -39
711 -33
712 -33
713 -39
714 -33
715 -33
716 -33
717 -33
718 -12
719 -34
720 -39
721 -12
722 -33
723 -39
724 -33
725 -45
726 -33
727 -33
728 -34
729 -12
730 -61
731 -12
732 -12
733 -39
734 -38
735 -12
736 -34
737 -12
738 -33
739 -12
740 -38
741 -38
742 -12
743 -39
744 -12
745 -38
746 -33
747 -39
748 -12
749 -38
750 -12
751 -33
752 -39
753 -50
754 -38
755 -33
756 -38
757 -39
758 -38
759 -12
760 -38
761 -33
762 -39
763 -38
764 -34
765 -38
766 -39
767 -181
768 -39
769 -33
770 -34
771 -34
772 -38
773 -34
774 -39
775 -39
776 -33
777 -38
778 -34
779 -39
780 -39
781 -33
782 -39
783 -38
784 -34
785 -39
786 -38
787 -34
788 -34
789 -38
790 -33
791 -39
792 -33
793 -12
794 -12
795 -33
796 -12
797 -12
798 -12
799 -33
800 -39
801 -33
802 -38
803 -39
804 -35
805 -33
806 -12
807 -12
808 -34
809 -33
810 -34
811 -38
812 -33
813 -33
814 -12
815 -34
816 -39
817 -12
818 -12
819 -39
820 -38
821 -38
822 -34
823 -33
824 -34
825 -34
826 -38
827 -33
828 -38
829 -38
830 -12
831 -34
832 -12
833 -38
834 -149
835 -34
836 -12
837 -12
838 -43
839 -39
840 -33
841 -12
842 -34
843 -38
844 -33
845 -12
846 -39
847 -39
848 -34
849 -34
850 -34
851 -38
852 -39
853 -34
854 -33
855 -34
856 -12
857 -38
858 -34
859 -33
860 -39
861 -12
862 -70
863 -39
864 -33
865 -61
866 -33
867 -36
868 -34
869 -12
870 -39
871 -37
872 -34
873 -34
874 -34
875 -34
876 -33
877 -38
878 -39
879 -38
880 -12
881 -33
882 -12
883 -34
884 -39
885 -3686
886 -12
887 -33
888 -39
889 -33
890 -34
891 -38
892 -38
893 -39
894 -12
895 -38
896 -38
897 -38
898 -34
899 -34
900 -12
901 -39
902 -39
903 -34
904 -39
905 -38
906 -39
907 -12
908 -39
909 -33
910 -12
911 -33
912 -38
913 -39
914 -39
915 -39
916 -34
917 -33
918 -38
919 -57
920 -12
921 -39
922 -39
923 -12
924 -35
925 -33
926 -12
927 -12
928 -12
929 -12
930 -38
931 -12
932 -39
933 -38
934 -33
935 -34
936 -33
937 -34
938 -34
939 -12
940 -39
941 -39
942 -38
943 -34
944 -38
945 -33
946 -39
947 -50
948 -34
949 -39
950 -49
951 -149
952 -33
953 -33
954 -38
955 -33
956 -12
957 -38
958 -39
959 -39
960 -34
961 -34
962 -38
963 -39
964 -12
965 -33
966 -33
967 -39
968 -39
969 -33
970 -33
971 -39
972 -38
973 -33
974 -33
975 -37
976 -39
977 -38
978 -39
979 -33
980 -12
981 -34
982 -33
983 -34
984 -34
985 -34
986 -33
987 -33
988 -38
989 -33
990 -33
991 -38
992 -195
993 -33
994 -33
995 -12
996 -38
997 -34
998 -39
999 -12
