0 -39
1 -38
2 -39
3 -12
4 -39
5 -33
6 -12
7 -39
8 -42
9 -38
10 -34
11 -34
12 -21
13 -39
14 -38
15 -34
16 -33
17 -12
18 -38
19 -12
20 -34
21 -12
22 -12
23 -34
24 -39
25 -34
26 -34
27 -33
28 -39
29 -12
30 -34
31 -33
32 -34
33 -12
34 -33
35 -33
36 -39
37 -39
38 -39
39 -39
40 -39
41 -12
42 -38
43 -38
44 -33
45 -33
46 -33
47 -562
48 -12
49 -39
50 -38
51 -38
52 -39
53 -12
54 -38
55 -34
56 -34
57 -12
58 -33
59 -38
60 -39
61 -33
62 -12
63 -34
64 -38
65 -33
66 -39
67 -38
68 -38
69 -33
70 -39
71 -12
72 -34
73 -39
74 -47
75 -34
76 -12
77 -38
78 -39
79 -34
80 -12
81 -45
82 -38
83 -39
84 -34
85 -34
86 -12
87 -12
88 -33
89 -12
90 -39
91 -33
92 -33
93 -38
94 -12
95 -34
96 -38
97 -33
98 -39
99 -39
100 -12
101 -33
102 -38
103 -34
104 -44
105 -39
106 -39
107 -33
108 -33
109 -34
110 -33
111 -12
112 -39
113 -33
114 -39
115 -39
116 -33
117 -12
118 -39
119 -39
120 -34
121 -37
122 -12
123 -34
124 -12
125 -34
126 -12
127 -38
128 -33
129 -266
130 -12
131 -38
132 -33
133 -33
134 -12
135 -12
136 -39
137 -38
138 -39
139 -39
140 -12
141 -33
142 -12
143 -39
144 -39
145 -29
146 -38
147 -12
148 -33
149 -41
150 -38
151 -33
152 -39
153 -39
154 -33
155 -34
156 -34
157 -12
158 -34
159 -39
160 -34
161 -33
162 -38
163 -12
164 -33
165 -39
166 -38
167 -39
168 -39
169 -38
170 -34
171 -38
172 -39
173 -35
174 -39
175 -34
176 -34
177 -33
178 -12
179 -38
180 -33
181 -34
182 -34
183 -29
184 -33
185 -33
186 -34
187 -38
188 -40
189 -33
190 -39
191 -38
192 -38
193 -12
194 -39
195 -34
196 -33
197 -38
198 -34
199 -33
200 -38
201 -33
202 -33
203 -33
204 -14
205 -33
206 -38
207 -38
208 -38
209 -34
210 -33
211 -34
212 -12
213 -12
214 -12
215 -33
216 -39
217 -34
218 -38
219 -12
220 -38
221 -12
222 -12
223 -12
224 -34
225 -39
226 -34
227 -38
228 -34
229 -39
230 -38
231 -33
232 -34
233 -34
234 -38
235 -12
236 -39
237 -38
238 -38
239 -12
240 -34
241 -34
242 -34
243 -33
244 -12
245 -437
246 -33
247 -44
248 -5910
249 -33
250 -12
251 -38
252 -33
253 -39
254 -39
255 -39
256 -34
257 -34
258 -12
259 -38
260 -39
261 -12
262 -34
263 -39
264 -33
265 -34
266 -36
267 -38
268 -40
269 -12
270 -12
271 -12
272 -38
273 -35
274 -33
275 -38
276 -38
277 -33
278 -33
279 -34
280 -33
281 -34
282 -39
283 -33
284 -33
285 -12
286 -12
287 -34
288 -39
289 -12
290 -33
291 -12
292 -39
293 -33
294 -33
295 -29
296 -12
297 -34
298 -39
299 -34
300 -34
301 -12
302 -38
303 -34
304 -39
305 -34
306 -38
307 -12
308 -34
309 -12
310 -38
311 -33
312 -12
313 -12
314 -12
315 -33
316 -12
317 -12
318 -34
319 -34
320 -38
321 -33
322 -12
323 -12
324 -38
325 -33
326 -25
327 -39
328 -47
329 -34
330 -12
331 -34
332 -12
333 -38
334 -12
335 -39
336 -33
337 -38
338 -34
339 -12
340 -38
341 -38
342 -33
343 -38
344 -39
345 -34
346 -12
347 -12
348 -33
349 -12
350 -38
351 -33
352 -38
353 -39
354 -33
355 -39
356 -39
357 -38
358 -44
359 -38
360 -33
361 -40
362 -33
363 -34
364 -39
365 -33
366 -34
367 -12
368 -39
369 -38
370 -39
371 -12
372 -38
373 -33
374 -41
375 -38
376 -33
377 -38
378 -38
379 -34
380 -12
381 -33
382 -12
383 -12
384 -34
385 -38
386 -39
387 -43
388 -34
389 -12
390 -38
391 -38
392 -39
393 -38
394 -12
395 -12
396 -39
397 -39
398 -38
399 -39
400 -39
401 -33
402 -39
403 -33
404 -163
405 -12
406 -48
407 -12
408 -34
409 -41
410 -33
411 -34
412 -42
413 -12
414 -44
415 -12
416 -33
417 -12
418 -385
419 -39
420 -12
421 -33
422 -34
423 -38
424 -33
425 -39
426 -34
427 -33
428 -12
429 -39
430 -39
431 -39
432 -38
433 -38
434 -39
435 -33
436 -39
437 -12
438 -33
439 -33
440 -34
441 -33
442 -12
443 -33
444 -38
445 -33
446 -33
447 -39
448 -34
449 -34
450 -34
451 -38
452 -12
453 -38
454 -12
455 -39
456 -12
457 -12
458 -12
459 -39
460 -34
461 -34
462 -33
463 -34
464 -12
465 -12
466 -34
467 -33
468 -34
469 -37
470 -34
471 -34
472 -12
473 -39
474 -33
475 -38
476 -33
477 -34
478 -33
479 -39
480 -39
481 -39
482 -21
483 -22
484 -33
485 -33
486 -38
487 -39
488 -12
489 -38
490 -33
491 -33
492 -33
493 -39
494 -38
495 -49
496 -38
497 -33
498 -39
499 -34
500 -38
501 -38
502 -39
503 -34
504 -34
505 -39
506 -12
507 -39
508 -34
509 -38
510 -38
511 -39
512 -25
513 -39
514 -34
515 -12
516 -12
517 -38
518 -38
519 -39
520 -12
521 -40
522 -12
523 -34
524 -35
525 -39
526 -34
527 -12
528 -38
529 -33
530 -39
531 -12
532 -34
533 -33
534 -33
535 -33
536 -39
537 -38
538 -39
539 -12
540 -33
541 -33
542 -33
543 -33
544 -35
545 -33
546 -34
547 -33
548 -12
549 -34
550 -38
551 -34
552 -38
553 -34
554 -34
555 -39
556 -603
557 -33
558 -34
559 -33
560 -38
561 -39
562 -12
563 -33
564 -33
565 -39
566 -40
567 -34
568 -33
569 -12
570 -40
571 -12
572 -35
573 -38
574 -34
575 -33
576 -34
577 -39
578 -39
579 -33
580 -39
581 -12
582 -13
583 -33
584 -39
585 -33
586 -33
587 -34
588 -12
589 -38
590 -39
591 -38
592 -39
593 -38
594 -39
595 -33
596 -33
597 -33
598 -12
599 -34
600 -12
601 -43
602 -38
603 -38
604 -13
605 -33
606 -39
607 -34
608 -27
609 -16
610 -12
611 -39
612 -33
613 -33
614 -38
615 -12
616 -41
617 -12
618 -39
619 -38
620 -34
621 -38
622 -39
623 -71
624 -33
625 -122
626 -12
627 -12
628 -12
629 -39
630 -38
631 -33
632 -34
633 -34
634 -39
635 -13
636 -12
637 -33
638 -34
639 -34
640 -38
641 -34
642 -12
643 -12
644 -34
645 -12
646 -34
647 -33
648 -39
649 -33
650 -34
651 -12
652 -39
653 -34
654 -38
655 -38
656 -12
657 -12
658 -39
659 -12
660 -38
661 -38
662 -48
663 -33
664 -34
665 -33
666 -39
667 -34
668 -39
669 -34
670 -34
671 -33
672 -33
673 -3315
674 -39
675 -12
676 -33
677 -34
678 -33
679 -33
680 -33
681 -33
682 -33
683 -12
684 -39
685 -34
686 -12
687 -33
688 -39
689 -33
690 -34
691 -34
692 -34
693 -33
694 -33
695 -38
696 -34
697 -33
698 -38
699 -12
700 -34
701 -40
702 -34
703 -12
704 -12
705 -12
706 -38
707 -34
708 -33
709 -39
710 -38
711 -39
712 -39
713 -38
714 -33
715 -12
716 -34
717 -34
718 -12
719 -39
720 -39
721 -34
722 -70
723 -38
724 -33
725 -39
726 -38
727 -33
728 -12
729 -34
730 -12
731 -33
732 -38
733 -39
734 -12
735 -12
736 -12
737 -39
738 -39
739 -33
740 -12
741 -39
742 -40
743 -39
744 -12
745 -33
746 -39
747 -12
748 -39
749 -39
750 -33
751 -39
752 -39
753 -39
754 -12
755 -38
756 -38
757 -33
758 -12
759 -34
760 -35
761 -34
762 -33
763 -33
764 -12
765 -34
766 -33
767 -38
768 -34
769 -57
770 -39
771 -39
772 -39
773 -34
774 -39
775 -38
776 -12
777 -38
778 -39
779 -39
780 -12
781 -33
782 -38
783 -34
784 -33
785 -39
786 -34
787 -39
788 -33
789 -38
790 -39
791 -34
792 -12
793 -38
794 -34
795 -49
796 -38
797 -34
798 -33
799 -39
800 -12
801 -34
802 -38
803 -38
804 -33
805 -54
806 -34
807 -38
808 -34
809 -33
810 -12
811 -38
812 -36
813 -45
814 -39
815 -39
816 -39
817 -12
818 -12
819 -168
820 -38
821 -38
822 -33
823 -33
824 -12
825 -33
826 -33
827 -33
828 -39
829 -34
830 -34
831 -12
832 -34
833 -39
834 -38
835 -38
836 -33
837 -34
838 -12
839 -33
840 -34
841 -33
842 -39
843 -12
844 -12
845 -39
846 -34
847 -12
848 -33
849 -34
850 -38
851 -33
852 -38
853 -34
854 -39
855 -39
856 -39
857 -34
858 -33
859 -44
860 -33
861 -33
862 -21
863 -33
864 -33
865 -38
866 -12
867 -33
868 -38
869 -34
870 -12
871 -38
872 -12
873 -34
874 -34
875 -33
876 -33
877 -34
878 -33
879 -39
880 -39
881 -33
882 -34
883 -12
884 -39
885 -12
886 -12
887 -12
888 -12
889 -34
890 -12
891 -39
892 -38
893 -71
894 -38
895 -12
896 -38
897 -12
898 -38
899 -39
900 -38
901 -12
902 -12
903 -12
904 -34
905 -34
906 -33
907 -30
908 -12
909 -12
910 -47
911 -12
912 -29
913 -34
914 -34
915 -33
916 -49
917 -33
918 -39
919 -38
920 -12
921 -39
922 -37
923 -33
924 -33
925 -38
926 -939
927 -33
928 -33
929 -39
930 -2864
931 -26
932 -12
933 -33
934 -38
935 -54
936 -34
937 -39
938 -39
939 -38
940 -34
941 -33
942 -39
943 -12
944 -33
945 -33
946 -40
947 -38
948 -33
949 -12
950 -38
951 -33
952 -39
953 -39
954 -33
955 -39
956 -38
957 -34
958 -39
959 -12
960 -40
961 -33
962 -12
963 -34
964 -34
965 -33
966 -34
967 -50
968 -38
969 -38
970 -38
971 -34
972 -33
973 -34
974 -39
975 -33
976 -34
977 -34
978 -39
979 -33
980 -28
981 -38
982 -38
983 -33
984 -12
985 -657
986 -34
987 -12
988 -12
989 -33
990 -34
991 -42
992 -12
993 -39
994 -39
995 -33
996 -34
997 -38
998 -39
999 -42
