0 -31
1 -88
2 -52
3 -31
4 -30
5 -31
6 -52
7 -540
8 -30
9 -305
10 -52
11 -66
12 -30
13 -52
14 -39
15 -2460
16 -141
17 -30
18 -616
19 -52
20 -52
21 -771
22 -671
23 -30
24 -31
25 -30
26 -517
27 -31
28 -30
29 -30
30 -52
31 -31
32 -110
33 -30
34 -31
35 -236
36 -31
37 -30
38 -34
39 -556
40 -52
41 -246
42 -30
43 -37
44 -53
45 -569
46 -53
47 -30
48 -204
49 -52
50 -104
51 -31
52 -203
53 -30
54 -30
55 -31
56 -52
57 -1282
58 -30
59 -30
60 -597
61 -139
62 -30
63 -50
64 -52
65 -31
66 -43
67 -31
68 -119
69 -205
70 -117
71 -209
72 -52
73 -52
74 -52
75 -52
76 -30
77 -1574
78 -243
79 -30
80 -42
81 -84
82 -52
83 -479
84 -30
85 -366
86 -491
87 -52
88 -30
89 -30
90 -30
91 -52
92 -52
93 -224
94 -127
95 -30
96 -30
97 -328
98 -52
99 -45
100 -31
101 -171
102 -52
103 -31
104 -52
105 -1601
106 -52
107 -30
108 -30
109 -52
110 -52
111 -30
112 -325
113 -138
114 -52
115 -31
116 -30
117 -52
118 -427
119 -30
120 -26
121 -52
122 -1207
123 -31
124 -269
125 -48
126 -31
127 -30
128 -810
129 -256
130 -169
131 -16
132 -31
133 -383
134 -306
135 -52
136 -468
137 -52
138 -195
139 -52
140 -52
141 -1328
142 -52
143 -423
144 -996
145 -283
146 -276
147 -57
148 -31
149 -31
150 -52
151 -30
152 -280
153 -52
154 -393
155 -26
156 -370
157 -52
158 -217
159 -586
160 -923
161 -204
162 -371
163 -30
164 -30
165 -52
166 -30
167 -415
168 -128
169 -31
170 -60
171 -52
172 -52
173 -30
174 -52
175 -31
176 -31
177 -102
178 -965
179 -134
180 -47
181 -31
182 -1005
183 -114
184 -30
185 -30
186 -31
187 -287
188 -58
189 -599
190 -52
191 -30
192 -30
193 -41
194 -3592
195 -31
196 -30
197 -510
198 -31
199 -495
200 -31
201 -31
202 -30
203 -30
204 -52
205 -403
206 -768
207 -31
208 -52
209 -31
210 -4341
211 -52
212 -52
213 -31
214 -30
215 -30
216 -1069
217 -31
218 -52
219 -31
220 -31
221 -151
222 -566
223 -31
224 -521
225 -52
226 -271
227 -385
228 -31
229 -52
230 -30
231 -30
232 -673
233 -31
234 -745
235 -31
236 -798
237 -189
238 -167
239 -263
240 -31
241 -31
242 -52
243 -577
244 -52
245 -52
246 -30
247 -30
248 -127
249 -52
250 -494
251 -30
252 -31
253 -52
254 -52
255 -34
256 -36
257 -52
258 -31
259 -30
260 -218
261 -52
262 -31
263 -824
264 -39
265 -31
266 -52
267 -52
268 -52
269 -31
270 -31
271 -30
272 -528
273 -71
274 -105
275 -52
276 -78
277 -52
278 -31
279 -52
280 -30
281 -52
282 -52
283 -30
284 -30
285 -484
286 -52
287 -52
288 -52
289 -30
290 -52
291 -30
292 -52
293 -241
294 -1196
295 -30
296 -280
297 -30
298 -52
299 -31
300 -915
301 -30
302 -30
303 -31
304 -52
305 -627
306 -52
307 -31
308 -88
309 -30
310 -142
311 -138
312 -794
313 -52
314 -31
315 -37
316 -30
317 -93
318 -25
319 -31
320 -84
321 -42
322 -782
323 -31
324 -30
325 -52
326 -52
327 -30
328 -31
329 -31
330 -677
331 -52
332 -31
333 -52
334 -31
335 -52
336 -37
337 -25
338 -549
339 -29
340 -30
341 -835
342 -140
343 -45
344 -286
345 -30
346 -484
347 -164
348 -31
349 -31
350 -31
351 -52
352 -627
353 -104
354 -52
355 -31
356 -31
357 -219
358 -52
359 -39
360 -87
361 -31
362 -31
363 -555
364 -52
365 -1157
366 -52
367 -30
368 -31
369 -52
370 -31
371 -31
372 -52
373 -228
374 -466
375 -52
376 -31
377 -22
378 -52
379 -31
380 -30
381 -665
382 -52
383 -31
384 -205
385 -31
386 -30
387 -31
388 -31
389 -307
390 -210
391 -31
392 -30
393 -270
394 -570
395 -52
396 -68
397 -871
398 -4273
399 -30
400 -30
401 -30
402 -30
403 -52
404 -31
405 -76
406 -511
407 -30
408 -1056
409 -30
410 -412
411 -31
412 -52
413 -31
414 -52
415 -827
416 -52
417 -30
418 -52
419 -57
420 -31
421 -52
422 -109
423 -52
424 -31
425 -30
426 -289
427 -61
428 -52
429 -314
430 -31
431 -119
432 -52
433 -405
434 -30
435 -85
436 -47
437 -4354
438 -31
439 -243
440 -30
441 -52
442 -30
443 -30
444 -31
445 -669
446 -31
447 -31
448 -31
449 -52
450 -52
451 -56
452 -305
453 -779
454 -59
455 -183
456 -30
457 -30
458 -31
459 -154
460 -841
461 -167
462 -162
463 -31
464 -69
465 -102
466 -314
467 -480
468 -174
469 -267
470 -31
471 -145
472 -30
473 -52
474 -52
475 -30
476 -224
477 -30
478 -52
479 -52
480 -243
481 -30
482 -52
483 -540
484 -72
485 -30
486 -30
487 -30
488 -38
489 -529
490 -30
491 -31
492 -30
493 -399
494 -52
495 -37
496 -52
497 -52
498 -30
499 -139
500 -52
501 -52
502 -30
503 -31
504 -30
505 -562
506 -52
507 -59
508 -31
509 -70
510 -52
511 -30
512 -52
513 -285
514 -210
515 -31
516 -31
517 -318
518 -114
519 -72
520 -468
521 -201
522 -53
523 -651
524 -52
525 -30
526 -568
527 -30
528 -83
529 -52
530 -31
531 -30
532 -30
533 -70
534 -30
535 -101
536 -30
537 -30
538 -155
539 -52
540 -35
541 -52
542 -300
543 -31
544 -309
545 -741
546 -31
547 -972
548 -52
549 -31
550 -380
551 -404
552 -52
553 -161
554 -52
555 -315
556 -30
557 -30
558 -31
559 -169
560 -742
561 -30
562 -569
563 -202
564 -48
565 -56
566 -31
567 -30
568 -30
569 -88
570 -410
571 -30
572 -30
573 -670
574 -52
575 -52
576 -31
577 -31
578 -30
579 -298
580 -52
581 -183
582 -285
583 -30
584 -1850
585 -31
586 -1935
587 -30
588 -496
589 -31
590 -31
591 -30
592 -52
593 -52
594 -262
595 -356
596 -52
597 -70
598 -31
599 -31
600 -31
601 -52
602 -31
603 -30
604 -30
605 -69
606 -31
607 -52
608 -30
609 -31
610 -279
611 -377
612 -574
613 -53
614 -30
615 -41
616 -31
617 -251
618 -130
619 -86
620 -31
621 -30
622 -149
623 -31
624 -44
625 -935
626 -31
627 -31
628 -31
629 -30
630 -84
631 -253
632 -52
633 -30
634 -301
635 -52
636 -144
637 -31
638 -492
639 -30
640 -276
641 -30
642 -280
643 -95
644 -31
645 -52
646 -52
647 -842
648 -30
649 -52
650 -188
651 -78
652 -37
653 -229
654 -30
655 -411
656 -991
657 -52
658 -30
659 -195
660 -29
661 -49
662 -31
663 -164
664 -31
665 -113
666 -31
667 -31
668 -52
669 -52
670 -428
671 -30
672 -48
673 -30
674 -52
675 -31
676 -31
677 -209
678 -76
679 -52
680 -31
681 -31
682 -30
683 -408
684 -135
685 -334
686 -92
687 -31
688 -30
689 -31
690 -31
691 -147
692 -30
693 -52
694 -30
695 -30
696 -34
697 -52
698 -139
699 -30
700 -31
701 -50
702 -52
703 -131
704 -31
705 -31
706 -30
707 -31
708 -52
709 -30
710 -119
711 -52
712 -46
713 -31
714 -30
715 -449
716 -52
717 -1371
718 -31
719 -52
720 -30
721 -547
722 -30
723 -207
724 -61
725 -329
726 -232
727 -31
728 -62
729 -31
730 -31
731 -30
732 -52
733 -30
734 -52
735 -68
736 -52
737 -52
738 -166
739 -52
740 -52
741 -30
742 -132
743 -31
744 -30
745 -978
746 -30
747 -31
748 -30
749 -30
750 -30
751 -382
752 -31
753 -30
754 -31
755 -31
756 -218
757 -442
758 -30
759 -59
760 -52
761 -31
762 -332
763 -30
764 -44
765 -52
766 -52
767 -276
768 -541
769 -29
770 -31
771 -30
772 -78
773 -342
774 -30
775 -52
776 -30
777 -329
778 -306
779 -391
780 -31
781 -148
782 -261
783 -134
784 -30
785 -156
786 -31
787 -356
788 -31
789 -30
790 -52
791 -52
792 -95
793 -74
794 -52
795 -129
796 -52
797 -30
798 -203
799 -1152
800 -52
801 -52
802 -31
803 -30
804 -493
805 -30
806 -387
807 -207
808 -30
809 -52
810 -31
811 -47
812 -30
813 -30
814 -31
815 -174
816 -30
817 -444
818 -30
819 -30
820 -30
821 -185
822 -30
823 -31
824 -31
825 -903
826 -30
827 -52
828 -52
829 -634
830 -31
831 -203
832 -681
833 -30
834 -31
835 -52
836 -52
837 -30
838 -232
839 -31
840 -31
841 -31
842 -59
843 -30
844 -31
845 -52
846 -31
847 -211
848 -52
849 -725
850 -540
851 -31
852 -31
853 -34
854 -103
855 -52
856 -31
857 -223
858 -34
859 -30
860 -52
861 -420
862 -30
863 -52
864 -31
865 -30
866 -30
867 -31
868 -300
869 -52
870 -30
871 -52
872 -1056
873 -31
874 -441
875 -34
876 -1258
877 -606
878 -290
879 -353
880 -465
881 -31
882 -31
883 -821
884 -52
885 -294
886 -2602
887 -52
888 -30
889 -52
890 -651
891 -480
892 -31
893 -217
894 -52
895 -30
896 -30
897 -344
898 -1064
899 -30
900 -30
901 -30
902 -630
903 -31
904 -489
905 -188
906 -451
907 -544
908 -31
909 -776
910 -53
911 -83
912 -30
913 -52
914 -52
915 -205
916 -74
917 -364
918 -30
919 -287
920 -155
921 -35
922 -30
923 -30
924 -91
925 -157
926 -744
927 -31
928 -23
929 -26
930 -31
931 -31
932 -250
933 -180
934 -312
935 -52
936 -52
937 -30
938 -31
939 -30
940 -188
941 -31
942 -52
943 -324
944 -30
945 -52
946 -52
947 -249
948 -27
949 -130
950 -1178
951 -358
952 -31
953 -52
954 -31
955 -30
956 -52
957 -30
958 -315
959 -30
960 -52
961 -31
962 -192
963 -341
964 -777
965 -123
966 -146
967 -217
968 -262
969 -795
970 -172
971 -31
972 -30
973 -189
974 -649
975 -30
976 -357
977 -205
978 -30
979 -239
980 -30
981 -52
982 -76
983 -52
984 -52
985 -907
986 -272
987 -30
988 -31
989 -111
990 -31
991 -340
992 -35
993 -52
994 -596
995 -52
996 -102
997 -591
998 -31
999 -31
