0 -12
1 -12
2 -33
3 -34
4 -33
5 -38
6 -38
7 -34
8 -34
9 -39
10 -39
11 -39
12 -33
13 -39
14 -49
15 -38
16 -12
17 -12
18 -12
19 -38
20 -39
21 -38
22 -34
23 -12
24 -12
25 -39
26 -39
27 -33
28 -12
29 -34
30 -33
31 -33
32 -39
33 -34
34 -39
35 -38
36 -34
37 -33
38 -33
39 -12
40 -39
41 -12
42 -42
43 -12
44 -12
45 -38
46 -33
47 -33
48 -39
49 -39
50 -33
51 -33
52 -34
53 -12
54 -34
55 -34
56 -12
57 -38
58 -12
59 -12
60 -34
61 -39
62 -34
63 -34
64 -54
65 -38
66 -34
67 -39
68 -38
69 -38
70 -38
71 -33
72 -33
73 -33
74 -39
75 -38
76 -12
77 -34
78 -38
79 -12
80 -43
81 -34
82 -39
83 -38
84 -34
85 -39
86 -38
87 -34
88 -38
89 -38
90 -33
91 -34
92 -38
93 -39
94 -39
95 -33
96 -34
97 -39
98 -12
99 -39
100 -38
101 -12
102 -33
103 -34
104 -41
105 -39
106 -34
107 -29
108 -12
109 -39
110 -12
111 -33
112 -38
113 -33
114 -33
115 -39
116 -12
117 -38
118 -34
119 -34
120 -39
121 -33
122 -34
123 -33
124 -33
125 -39
126 -33
127 -12
128 -12
129 -38
130 -46
131 -33
132 -34
133 -38
134 -34
135 -34
136 -12
137 -28
138 -33
139 -34
140 -38
141 -39
142 -62
143 -38
144 -33
145 -39
146 -39
147 -38
148 -34
149 -29
150 -12
151 -3406
152 -34
153 -43
154 -38
155 -33
156 -39
157 -33
158 -12
159 -34
160 -33
161 -12
162 -12
163 -39
164 -38
165 -12
166 -39
167 -38
168 -34
169 -33
170 -38
171 -34
172 -12
173 -12
174 -39
175 -39
176 -38
177 -12
178 -12
179 -38
180 -34
181 -39
182 -39
183 -39
184 -12
185 -33
186 -12
187 -34
188 -39
189 -12
190 -33
191 -33
192 -12
193 -33
194 -33
195 -33
196 -34
197 -12
198 -12
199 -39
200 -34
201 -33
202 -38
203 -33
204 -33
205 -38
206 -38
207 -12
208 -38
209 -33
210 -39
211 -34
212 -33
213 -50
214 -33
215 -37
216 -12
217 -12
218 -34
219 -12
220 -12
221 -12
222 -12
223 -12
224 -12
225 -12
226 -38
227 -34
228 -39
229 -38
230 -39
231 -34
232 -38
233 -38
234 -12
235 -38
236 -39
237 -38
238 -66
239 -12
240 -33
241 -53
242 -39
243 -34
244 -47
245 -12
246 -38
247 -39
248 -39
249 -38
250 -33
251 -38
252 -38
253 -50
254 -39
255 -389
256 -12
257 -39
258 -39
259 -34
260 -33
261 -12
262 -33
263 -12
264 -39
265 -39
266 -12
267 -39
268 -38
269 -12
270 -39
271 -12
272 -39
273 -33
274 -39
275 -12
276 -33
277 -34
278 -12
279 -33
280 -12
281 -12
282 -34
283 -12
284 -39
285 -34
286 -12
287 -38
288 -33
289 -34
290 -38
291 -33
292 -39
293 -33
294 -12
295 -38
296 -38
297 -39
298 -34
299 -34
300 -33
301 -34
302 -12
303 -33
304 -34
305 -12
306 -12
307 -38
308 -34
309 -39
310 -38
311 -38
312 -38
313 -61
314 -34
315 -33
316 -12
317 -33
318 -33
319 -29
320 -12
321 -34
322 -39
323 -39
324 -12
325 -42
326 -39
327 -33
328 -34
329 -38
330 -38
331 -38
332 -38
333 -12
334 -34
335 -39
336 -34
337 -33
338 -39
339 -34
340 -12
341 -39
342 -12
343 -39
344 -33
345 -38
346 -12
347 -38
348 -39
349 -12
350 -34
351 -39
352 -34
353 -41
354 -39
355 -34
356 -38
357 -38
358 -21
359 -39
360 -34
361 -34
362 -38
363 -31
364 -34
365 -33
366 -39
367 -39
368 -12
369 -34
370 -33
371 -39
372 -33
373 -33
374 -42
375 -33
376 -33
377 -39
378 -38
379 -21
380 -34
381 -12
382 -34
383 -39
384 -34
385 -34
386 -40
387 -39
388 -69
389 -39
390 -12
391 -39
392 -12
393 -12
394 -38
395 -34
396 -33
397 -34
398 -12
399 -39
400 -12
401 -39
402 -38
403 -39
404 -43
405 -34
406 -33
407 -39
408 -39
409 -34
410 -33
411 -34
412 -38
413 -33
414 -12
415 -38
416 -39
417 -39
418 -12
419 -33
420 -39
421 -38
422 -39
423 -43
424 -39
425 -35
426 -34
427 -38
428 -12
429 -12
430 -38
431 -39
432 -38
433 -33
434 -39
435 -33
436 -61
437 -43
438 -33
439 -38
440 -39
441 -39
442 -2736
443 -38
444 -34
445 -39
446 -38
447 -38
448 -34
449 -39
450 -38
451 -65
452 -34
453 -38
454 -38
455 -12
456 -12
457 -38
458 -34
459 -38
460 -38
461 -12
462 -12
463 -38
464 -12
465 -39
466 -12
467 -38
468 -41
469 -39
470 -38
471 -34
472 -39
473 -38
474 -12
475 -12
476 -33
477 -12
478 -33
479 -38
480 -12
481 -33
482 -38
483 -44
484 -30
485 -33
486 -38
487 -39
488 -12
489 -34
490 -39
491 -39
492 -34
493 -26
494 -38
495 -34
496 -38
497 -38
498 -38
499 -39
500 -42
501 -38
502 -34
503 -38
504 -39
505 -33
506 -34
507 -39
508 -12
509 -12
510 -34
511 -33
512 -39
513 -34
514 -38
515 -12
516 -38
517 -38
518 -39
519 -12
520 -39
521 -33
522 -159
523 -12
524 -44
525 -12
526 -12
527 -33
528 -39
529 -42
530 -33
531 -33
532 -34
533 -12
534 -12
535 -38
536 -33
537 -34
538 -38
539 -38
540 -12
541 -38
542 -33
543 -38
544 -12
545 -34
546 -12
547 -34
548 -38
549 -33
550 -33
551 -12
552 -34
553 -34
554 -33
555 -34
556 -12
557 -33
558 -39
559 -56
560 -39
561 -25
562 -39
563 -33
564 -12
565 -33
566 -12
567 -33
568 -34
569 -29
570 -34
571 -38
572 -33
573 -39
574 -33
575 -33
576 -34
577 -39
578 -34
579 -12
580 -39
581 -38
582 -12
583 -38
584 -34
585 -12
586 -38
587 -39
588 -38
589 -39
590 -38
591 -33
592 -39
593 -39
594 -12
595 -39
596 -39
597 -34
598 -38
599 -12
600 -34
601 -33
602 -33
603 -12
604 -39
605 -34
606 -34
607 -39
608 -33
609 -34
610 -12
611 -34
612 -12
613 -34
614 -34
615 -12
616 -38
617 -39
618 -39
619 -34
620 -38
621 -33
622 -12
623 -38
624 -34
625 -33
626 -12
627 -33
628 -34
629 -33
630 -12
631 -38
632 -34
633 -34
634 -12
635 -12
636 -39
637 -38
638 -38
639 -38
640 -39
641 -39
642 -33
643 -12
644 -34
645 -34
646 -26
647 -38
648 -39
649 -39
650 -33
651 -33
652 -38
653 -34
654 -34
655 -39
656 -34
657 -33
658 -12
659 -39
660 -34
661 -30
662 -39
663 -12
664 -34
665 -38
666 -1038
667 -34
668 -34
669 -39
670 -34
671 -33
672 -38
673 -33
674 -39
675 -34
676 -38
677 -12
678 -38
679 -38
680 -33
681 -38
682 -12
683 -34
684 -38
685 -12
686 -33
687 -39
688 -33
689 -12
690 -12
691 -34
692 -34
693 -39
694 -34
695 -38
696 -38
697 -34
698 -12
699 -33
700 -33
701 -25
702 -12
703 -38
704 -39
705 -29
706 -12
707 -38
708 -12
709 -39
710 -34
711 -34
712 -34
713 -12
714 -12
715 -33
716 -34
717 -47
718 -34
719 -39
720 -12
721 -39
722 -38
723 -38
724 -49
725 -33
726 -13
727 -12
728 -12
729 -33
730 -38
731 -29
732 -42
733 -33
734 -33
735 -34
736 -39
737 -39
738 -38
739 -12
740 -38
741 -39
742 -25
743 -38
744 -33
745 -34
746 -33
747 -38
748 -33
749 -37
750 -29
751 -12
752 -33
753 -33
754 -33
755 -12
756 -58
757 -12
758 -38
759 -38
760 -34
761 -38
762 -38
763 -34
764 -39
765 -39
766 -39
767 -12
768 -39
769 -34
770 -39
771 -38
772 -39
773 -38
774 -34
775 -12
776 -34
777 -33
778 -33
779 -38
780 -38
781 -12
782 -39
783 -12
784 -33
785 -38
786 -33
787 -38
788 -39
789 -12
790 -38
791 -39
792 -34
793 -34
794 -38
795 -38
796 -38
797 -39
798 -12
799 -38
800 -39
801 -34
802 -12
803 -34
804 -58
805 -34
806 -12
807 -34
808 -38
809 -33
810 -39
811 -12
812 -38
813 -33
814 -39
815 -39
816 -333
817 -33
818 -12
819 -33
820 -33
821 -39
822 -39
823 -41
824 -12
825 -12
826 -12
827 -12
828 -33
829 -34
830 -38
831 -33
832 -34
833 -34
834 -12
835 -39
836 -38
837 -33
838 -39
839 -12
840 -12
841 -38
842 -33
843 -12
844 -12
845 -34
846 -39
847 -12
848 -12
849 -33
850 -12
851 -38
852 -39
853 -34
854 -12
855 -34
856 -38
857 -38
858 -30
859 -12
860 -38
861 -34
862 -39
863 -39
864 -34
865 -33
866 -34
867 -33
868 -38
869 -33
870 -34
871 -33
872 -38
873 -38
874 -38
875 -39
876 -39
877 -38
878 -33
879 -12
880 -33
881 -12
882 -12
883 -12
884 -39
885 -12
886 -22
887 -39
888 -33
889 -33
890 -12
891 -39
892 -39
893 -34
894 -33
895 -12
896 -30
897 -49
898 -39
899 -39
900 -12
901 -41
902 -33
903 -33
904 -39
905 -34
906 -33
907 -12
908 -38
909 -12
910 -29
911 -34
912 -12
913 -39
914 -12
915 -12
916 -34
917 -12
918 -38
919 -34
920 -34
921 -39
922 -38
923 -39
924 -39
925 -49
926 -34
927 -39
928 -35
929 -33
930 -39
931 -38
932 -34
933 -33
934 -12
935 -39
936 -38
937 -38
938 -38
939 -12
940 -38
941 -34
942 -12
943 -39
944 -12
945 -38
946 -38
947 -39
948 -12
949 -34
950 -38
951 -33
952 -38
953 -39
954 -55
955 -39
956 -33
957 -12
958 -39
959 -33
960 -33
961 -12
962 -33
963 -38
964 -12
965 -34
966 -33
967 -12
968 -49
969 -33
970 -33
971 -34
972 -34
973 -38
974 -12
975 -38
976 -33
977 -34
978 -34
979 -12
980 -39
981 -38
982 -12
983 -38
984 -12
985 -12
986 -34
987 -38
988 -38
989 -38
990 -33
991 -33
992 -39
993 -34
994 -33
995 -12
996 -33
997 -37
998 -33
999 -33
