0 -33
1 -12
2 -33
3 -39
4 -38
5 -12
6 -48
7 -33
8 -12
9 -38
10 -12
11 -34
12 -12
13 -34
14 -34
15 -12
16 -38
17 -34
18 -34
19 -12
20 -34
21 -33
22 -34
23 -30
24 -34
25 -12
26 -33
27 -39
28 -12
29 -12
30 -38
31 -38
32 -12
33 -39
34 -41
35 -34
36 -12
37 -34
38 -33
39 -41
40 -38
41 -39
42 -38
43 -12
44 -26
45 -34
46 -38
47 -34
48 -12
49 -39
50 -33
51 -33
52 -12
53 -39
54 -39
55 -33
56 -39
57 -129
58 -12
59 -39
60 -43
61 -34
62 -38
63 -33
64 -33
65 -33
66 -39
67 -33
68 -39
69 -39
70 -39
71 -12
72 -49
73 -39
74 -38
75 -39
76 -12
77 -39
78 -1325
79 -35
80 -33
81 -33
82 -34
83 -38
84 -39
85 -33
86 -38
87 -37
88 -12
89 -12
90 -39
91 -34
92 -39
93 -34
94 -38
95 -33
96 -34
97 -38
98 -39
99 -38
100 -12
101 -38
102 -33
103 -38
104 -38
105 -34
106 -34
107 -12
108 -34
109 -34
110 -33
111 -38
112 -33
113 -33
114 -34
115 -12
116 -34
117 -12
118 -33
119 -33
120 -34
121 -38
122 -34
123 -33
124 -33
125 -39
126 -34
127 -39
128 -12
129 -12
130 -34
131 -12
132 -39
133 -12
134 -38
135 -12
136 -26
137 -38
138 -33
139 -45
140 -33
141 -12
142 -12
143 -49
144 -38
145 -34
146 -38
147 -39
148 -12
149 -33
150 -39
151 -35
152 -12
153 -33
154 -34
155 -34
156 -33
157 -39
158 -38
159 -12
160 -38
161 -34
162 -12
163 -39
164 -39
165 -39
166 -12
167 -33
168 -38
169 -33
170 -39
171 -39
172 -38
173 -34
174 -12
175 -34
176 -39
177 -39
178 -39
179 -34
180 -34
181 -12
182 -38
183 -38
184 -34
185 -34
186 -39
187 -33
188 -33
189 -37
190 -38
191 -38
192 -12
193 -39
194 -38
195 -38
196 -38
197 -38
198 -34
199 -39
200 -12
201 -12
202 -38
203 -39
204 -33
205 -33
206 -12
207 -38
208 -34
209 -33
210 -33
211 -49
212 -33
213 -38
214 -39
215 -38
216 -12
217 -39
218 -31
219 -34
220 -33
221 -39
222 -33
223 -34
224 -33
225 -34
226 -39
227 -34
228 -33
229 -38
230 -39
231 -33
232 -12
233 -12
234 -33
235 -38
236 -74
237 -12
238 -39
239 -33
240 -33
241 -12
242 -12
243 -39
244 -39
245 -47
246 -12
247 -38
248 -34
249 -39
250 -38
251 -39
252 -33
253 -33
254 -34
255 -38
256 -39
257 -38
258 -34
259 -38
260 -34
261 -34
262 -12
263 -38
264 -33
265 -33
266 -39
267 -38
268 -34
269 -39
270 -12
271 -33
272 -34
273 -38
274 -16
275 -34
276 -39
277 -39
278 -38
279 -34
280 -33
281 -39
282 -33
283 -33
284 -34
285 -12
286 -12
287 -38
288 -39
289 -39
290 -39
291 -12
292 -38
293 -12
294 -33
295 -34
296 -34
297 -38
298 -33
299 -39
300 -38
301 -12
302 -38
303 -33
304 -38
305 -34
306 -39
307 -39
308 -38
309 -12
310 -39
311 -38
312 -39
313 -39
314 -38
315 -33
316 -33
317 -39
318 -39
319 -33
320 -34
321 -38
322 -39
323 -38
324 -38
325 -33
326 -34
327 -12
328 -38
329 -33
330 -33
331 -12
332 -29
333 -12
334 -38
335 -12
336 -33
337 -33
338 -12
339 -38
340 -12
341 -38
342 -12
343 -39
344 -34
345 -34
346 -33
347 -27
348 -39
349 -40
350 -38
351 -12
352 -12
353 -38
354 -39
355 -44
356 -33
357 -33
358 -12
359 -12
360 -39
361 -34
362 -39
363 -34
364 -33
365 -33
366 -12
367 -12
368 -12
369 -33
370 -33
371 -33
372 -33
373 -39
374 -12
375 -34
376 -34
377 -39
378 -34
379 -38
380 -34
381 -43
382 -39
383 -38
384 -12
385 -33
386 -30
387 -33
388 -12
389 -12
390 -33
391 -38
392 -33
393 -34
394 -34
395 -12
396 -34
397 -33
398 -39
399 -33
400 -38
401 -33
402 -33
403 -12
404 -39
405 -34
406 -12
407 -299
408 -12
409 -38
410 -12
411 -12
412 -33
413 -34
414 -35
415 -38
416 -34
417 -39
418 -34
419 -55
420 -34
421 -38
422 -30
423 -34
424 -12
425 -34
426 -33
427 -12
428 -39
429 -33
430 -39
431 -34
432 -70
433 -39
434 -33
435 -38
436 -39
437 -33
438 -34
439 -12
440 -33
441 -39
442 -38
443 -12
444 -39
445 -39
446 -39
447 -33
448 -34
449 -38
450 -39
451 -39
452 -39
453 -39
454 -33
455 -38
456 -34
457 -33
458 -34
459 -12
460 -34
461 -42
462 -38
463 -12
464 -39
465 -12
466 -39
467 -38
468 -38
469 -29
470 -57
471 -34
472 -33
473 -33
474 -37
475 -39
476 -36
477 -39
478 -12
479 -39
480 -33
481 -34
482 -12
483 -39
484 -33
485 -43
486 -12
487 -34
488 -34
489 -38
490 -38
491 -33
492 -39
493 -39
494 -39
495 -12
496 -38
497 -33
498 -28
499 -38
500 -34
501 -33
502 -34
503 -12
504 -12
505 -33
506 -33
507 -38
508 -33
509 -25
510 -38
511 -33
512 -33
513 -12
514 -34
515 -33
516 -12
517 -12
518 -38
519 -38
520 -33
521 -12
522 -35
523 -34
524 -39
525 -61
526 -33
527 -35
528 -12
529 -54
530 -39
531 -33
532 -33
533 -39
534 -12
535 -39
536 -38
537 -12
538 -34
539 -34
540 -39
541 -39
542 -13
543 -39
544 -33
545 -34
546 -43
547 -12
548 -38
549 -39
550 -39
551 -33
552 -34
553 -33
554 -34
555 -12
556 -33
557 -34
558 -33
559 -12
560 -39
561 -12
562 -33
563 -39
564 -12
565 -39
566 -39
567 -38
568 -39
569 -39
570 -39
571 -38
572 -38
573 -33
574 -39
575 -39
576 -39
577 -12
578 -12
579 -12
580 -38
581 -39
582 -33
583 -39
584 -33
585 -39
586 -33
587 -38
588 -34
589 -33
590 -12
591 -39
592 -21
593 -33
594 -50
595 -38
596 -38
597 -12
598 -33
599 -39
600 -51
601 -12
602 -33
603 -39
604 -39
605 -34
606 -33
607 -34
608 -38
609 -34
610 -33
611 -36
612 -34
613 -33
614 -38
615 -38
616 -34
617 -38
618 -38
619 -33
620 -12
621 -33
622 -12
623 -12
624 -12
625 -38
626 -48
627 -34
628 -39
629 -39
630 -33
631 -34
632 -38
633 -39
634 -39
635 -38
636 -39
637 -38
638 -39
639 -38
640 -33
641 -33
642 -39
643 -38
644 -33
645 -12
646 -12
647 -39
648 -34
649 -33
650 -33
651 -33
652 -34
653 -39
654 -33
655 -38
656 -38
657 -34
658 -33
659 -12
660 -38
661 -34
662 -34
663 -12
664 -33
665 -39
666 -34
667 -54
668 -38
669 -34
670 -12
671 -88
672 -33
673 -34
674 -30
675 -39
676 -33
677 -33
678 -33
679 -33
680 -39
681 -39
682 -38
683 -39
684 -49
685 -12
686 -38
687 -34
688 -38
689 -754
690 -12
691 -33
692 -33
693 -39
694 -33
695 -39
696 -45
697 -33
698 -38
699 -34
700 -39
701 -33
702 -39
703 -39
704 -38
705 -12
706 -38
707 -33
708 -39
709 -33
710 -34
711 -33
712 -39
713 -39
714 -39
715 -38
716 -12
717 -33
718 -39
719 -38
720 -34
721 -38
722 -33
723 -38
724 -12
725 -39
726 -38
727 -39
728 -33
729 -12
730 -39
731 -12
732 -34
733 -39
734 -33
735 -12
736 -38
737 -34
738 -34
739 -33
740 -34
741 -34
742 -12
743 -12
744 -34
745 -39
746 -38
747 -34
748 -12
749 -33
750 -55
751 -38
752 -38
753 -39
754 -33
755 -12
756 -12
757 -38
758 -12
759 -12
760 -39
761 -12
762 -39
763 -39
764 -38
765 -12
766 -33
767 -12
768 -12
769 -39
770 -39
771 -34
772 -12
773 -12
774 -12
775 -38
776 -39
777 -12
778 -33
779 -39
780 -34
781 -60
782 -33
783 -39
784 -39
785 -12
786 -12
787 -34
788 -12
789 -33
790 -12
791 -12
792 -33
793 -12
794 -12
795 -38
796 -33
797 -33
798 -39
799 -33
800 -33
801 -34
802 -12
803 -34
804 -12
805 -12
806 -12
807 -12
808 -39
809 -38
810 -38
811 -39
812 -33
813 -39
814 -3992
815 -38
816 -39
817 -34
818 -34
819 -39
820 -39
821 -39
822 -39
823 -16
824 -33
825 -33
826 -34
827 -33
828 -38
829 -38
830 -39
831 -50
832 -34
833 -12
834 -12
835 -39
836 -38
837 -34
838 -39
839 -38
840 -39
841 -41
842 -39
843 -33
844 -39
845 -43
846 -38
847 -12
848 -39
849 -34
850 -12
851 -39
852 -38
853 -33
854 -12
855 -39
856 -39
857 -33
858 -39
859 -39
860 -33
861 -39
862 -38
863 -38
864 -33
865 -34
866 -31
867 -40
868 -39
869 -34
870 -29
871 -38
872 -39
873 -12
874 -33
875 -12
876 -39
877 -34
878 -39
879 -12
880 -38
881 -38
882 -12
883 -38
884 -34
885 -12
886 -39
887 -39
888 -33
889 -38
890 -12
891 -12
892 -54
893 -12
894 -34
895 -33
896 -38
897 -38
898 -34
899 -33
900 -34
901 -34
902 -39
903 -33
904 -39
905 -34
906 -33
907 -40
908 -34
909 -38
910 -38
911 -34
912 -38
913 -39
914 -1155
915 -34
916 -39
917 -39
918 -39
919 -48
920 -12
921 -39
922 -38
923 -38
924 -34
925 -39
926 -12
927 -39
928 -33
929 -33
930 -12
931 -33
932 -39
933 -33
934 -34
935 -33
936 -33
937 -37
938 -34
939 -33
940 -33
941 -33
942 -38
943 -33
944 -39
945 -12
946 -33
947 -39
948 -33
949 -39
950 -39
951 -39
952 -33
953 -34
954 -34
955 -33
956 -38
957 -38
958 -38
959 -12
960 -34
961 -33
962 -12
963 -38
964 -39
965 -39
966 -38
967 -39
968 -34
969 -38
970 -38
971 -39
972 -12
973 -38
974 -38
975 -12
976 -39
977 -34
978 -39
979 -38
980 -33
981 -38
982 -33
983 -39
984 -12
985 -33
986 -34
987 -12
988 -34
989 -39
990 -34
991 -39
992 -37
993 -12
994 -34
995 -39
996 -38
997 -33
998 -12
999 -66
