0 -52
1 -30
2 -30
3 -30
4 -30
5 -211
6 -31
7 -442
8 -25
9 -37
10 -350
11 -608
12 -60
13 -40
14 -76
15 -52
16 -544
17 -31
18 -60
19 -64
20 -52
21 -341
22 -52
23 -237
24 -30
25 -39
26 -40
27 -30
28 -52
29 -52
30 -45
31 -52
32 -30
33 -30
34 -30
35 -223
36 -52
37 -52
38 -29
39 -52
40 -109
41 -48
42 -30
43 -52
44 -30
45 -31
46 -802
47 -30
48 -52
49 -31
50 -31
51 -31
52 -30
53 -31
54 -30
55 -30
56 -962
57 -30
58 -542
59 -144
60 -211
61 -661
62 -288
63 -29
64 -26
65 -52
66 -448
67 -31
68 -52
69 -30
70 -30
71 -108
72 -52
73 -52
74 -31
75 -134
76 -52
77 -35
78 -30
79 -52
80 -30
81 -31
82 -31
83 -30
84 -34
85 -30
86 -52
87 -52
88 -31
89 -450
90 -47
91 -620
92 -31
93 -52
94 -52
95 -31
96 -31
97 -392
98 -123
99 -52
100 -52
101 -314
102 -52
103 -397
104 -31
105 -100
106 -30
107 -52
108 -39
109 -31
110 -30
111 -30
112 -109
113 -30
114 -31
115 -302
116 -30
117 -44
118 -42
119 -52
120 -52
121 -326
122 -206
123 -52
124 -181
125 -52
126 -221
127 -30
128 -31
129 -30
130 -417
131 -52
132 -107
133 -332
134 -31
135 -82
136 -459
137 -31
138 -504
139 -886
140 -45
141 -30
142 -30
143 -31
144 -52
145 -36
146 -52
147 -30
148 -31
149 -31
150 -1137
151 -30
152 -52
153 -345
154 -31
155 -30
156 -31
157 -30
158 -26
159 -52
160 -52
161 -209
162 -31
163 -30
164 -52
165 -31
166 -52
167 -231
168 -53
169 -52
170 -55
171 -31
172 -52
173 -30
174 -30
175 -209
176 -30
177 -30
178 -274
179 -368
180 -30
181 -52
182 -52
183 -30
184 -31
185 -30
186 -52
187 -52
188 -52
189 -170
190 -30
191 -645
192 -52
193 -52
194 -52
195 -217
196 -139
197 -30
198 -52
199 -52
200 -31
201 -58
202 -31
203 -52
204 -254
205 -198
206 -52
207 -31
208 -37
209 -31
210 -31
211 -44
212 -557
213 -52
214 -307
215 -52
216 -30
217 -142
218 -52
219 -142
220 -170
221 -30
222 -184
223 -31
224 -25
225 -52
226 -52
227 -52
228 -52
229 -31
230 -52
231 -30
232 -472
233 -30
234 -57
235 -460
236 -30
237 -30
238 -112
239 -30
240 -31
241 -31
242 -52
243 -252
244 -177
245 -31
246 -503
247 -30
248 -1032
249 -30
250 -52
251 -52
252 -30
253 -31
254 -477
255 -52
256 -30
257 -30
258 -64
259 -30
260 -52
261 -59
262 -30
263 -30
264 -52
265 -160
266 -30
267 -31
268 -22
269 -31
270 -3110
271 -52
272 -85
273 -164
274 -132
275 -361
276 -563
277 -31
278 -224
279 -858
280 -97
281 -30
282 -75
283 -165
284 -52
285 -60
286 -52
287 -30
288 -187
289 -52
290 -30
291 -31
292 -210
293 -156
294 -31
295 -30
296 -26
297 -30
298 -52
299 -183
300 -30
301 -31
302 -33
303 -52
304 -42
305 -30
306 -30
307 -247
308 -52
309 -30
310 -63
311 -30
312 -52
313 -52
314 -42
315 -286
316 -45
317 -132
318 -52
319 -31
320 -30
321 -161
322 -30
323 -31
324 -52
325 -753
326 -380
327 -31
328 -46
329 -31
330 -175
331 -373
332 -541
333 -31
334 -32
335 -30
336 -35
337 -37
338 -194
339 -187
340 -30
341 -332
342 -124
343 -57
344 -52
345 -52
346 -479
347 -108
348 -243
349 -187
350 -31
351 -31
352 -151
353 -298
354 -120
355 -30
356 -731
357 -31
358 -249
359 -269
360 -582
361 -271
362 -30
363 -55
364 -30
365 -52
366 -131
367 -52
368 -30
369 -87
370 -398
371 -52
372 -31
373 -68
374 -87
375 -52
376 -169
377 -70
378 -31
379 -2380
380 -31
381 -77
382 -30
383 -31
384 -30
385 -564
386 -278
387 -30
388 -52
389 -285
390 -31
391 -385
392 -31
393 -33
394 -167
395 -31
396 -185
397 -2687
398 -290
399 -22
400 -52
401 -3324
402 -52
403 -30
404 -759
405 -215
406 -82
407 -37
408 -360
409 -30
410 -31
411 -52
412 -52
413 -160
414 -30
415 -30
416 -30
417 -334
418 -34
419 -380
420 -230
421 -31
422 -30
423 -357
424 -52
425 -52
426 -359
427 -50
428 -30
429 -52
430 -1241
431 -34
432 -72
433 -130
434 -52
435 -52
436 -52
437 -31
438 -52
439 -30
440 -52
441 -152
442 -293
443 -52
444 -52
445 -92
446 -794
447 -617
448 -28
449 -31
450 -331
451 -30
452 -265
453 -52
454 -52
455 -681
456 -52
457 -30
458 -54
459 -393
460 -126
461 -376
462 -733
463 -44
464 -30
465 -419
466 -52
467 -246
468 -30
469 -863
470 -31
471 -31
472 -34
473 -52
474 -31
475 -368
476 -732
477 -30
478 -34
479 -52
480 -30
481 -146
482 -30
483 -129
484 -31
485 -326
486 -184
487 -31
488 -163
489 -52
490 -30
491 -278
492 -52
493 -31
494 -203
495 -52
496 -696
497 -990
498 -759
499 -52
500 -679
501 -30
502 -52
503 -31
504 -348
505 -230
506 -804
507 -31
508 -170
509 -30
510 -52
511 -169
512 -231
513 -99
514 -31
515 -31
516 -131
517 -18
518 -318
519 -1057
520 -30
521 -31
522 -41
523 -71
524 -49
525 -30
526 -115
527 -30
528 -400
529 -267
530 -65
531 -38
532 -465
533 -52
534 -52
535 -52
536 -52
537 -46
538 -140
539 -52
540 -108
541 -110
542 -31
543 -31
544 -52
545 -110
546 -52
547 -52
548 -52
549 -52
550 -52
551 -52
552 -52
553 -30
554 -31
555 -31
556 -306
557 -179
558 -384
559 -83
560 -30
561 -77
562 -414
563 -30
564 -150
565 -31
566 -31
567 -52
568 -52
569 -587
570 -31
571 -1143
572 -30
573 -30
574 -30
575 -156
576 -30
577 -52
578 -731
579 -31
580 -123
581 -30
582 -558
583 -116
584 -627
585 -52
586 -676
587 -579
588 -31
589 -78
590 -637
591 -31
592 -52
593 -52
594 -239
595 -389
596 -30
597 -31
598 -31
599 -226
600 -52
601 -115
602 -52
603 -142
604 -30
605 -201
606 -306
607 -52
608 -52
609 -52
610 -30
611 -568
612 -106
613 -52
614 -31
615 -31
616 -30
617 -31
618 -31
619 -290
620 -41
621 -52
622 -30
623 -31
624 -243
625 -52
626 -31
627 -73
628 -641
629 -30
630 -30
631 -689
632 -30
633 -359
634 -40
635 -31
636 -31
637 -31
638 -99
639 -30
640 -52
641 -30
642 -255
643 -24
644 -53
645 -562
646 -31
647 -148
648 -31
649 -70
650 -52
651 -31
652 -30
653 -232
654 -30
655 -725
656 -136
657 -204
658 -30
659 -30
660 -52
661 -30
662 -52
663 -31
664 -31
665 -211
666 -37
667 -31
668 -145
669 -251
670 -52
671 -52
672 -193
673 -30
674 -367
675 -164
676 -384
677 -188
678 -224
679 -874
680 -30
681 -88
682 -90
683 -31
684 -52
685 -31
686 -51
687 -31
688 -30
689 -494
690 -30
691 -30
692 -52
693 -121
694 -31
695 -31
696 -31
697 -211
698 -30
699 -121
700 -31
701 -52
702 -52
703 -30
704 -31
705 -52
706 -535
707 -52
708 -30
709 -379
710 -33
711 -30
712 -471
713 -78
714 -414
715 -828
716 -30
717 -313
718 -389
719 -52
720 -30
721 -31
722 -52
723 -31
724 -35
725 -36
726 -30
727 -52
728 -52
729 -52
730 -42
731 -74
732 -52
733 -1032
734 -52
735 -89
736 -384
737 -30
738 -57
739 -77
740 -260
741 -213
742 -508
743 -52
744 -1267
745 -52
746 -30
747 -30
748 -52
749 -4504
750 -190
751 -30
752 -52
753 -52
754 -30
755 -30
756 -31
757 -825
758 -1239
759 -199
760 -376
761 -31
762 -52
763 -31
764 -31
765 -31
766 -1087
767 -31
768 -58
769 -52
770 -684
771 -31
772 -31
773 -227
774 -52
775 -31
776 -581
777 -31
778 -30
779 -30
780 -286
781 -195
782 -30
783 -53
784 -682
785 -52
786 -30
787 -52
788 -52
789 -151
790 -87
791 -459
792 -60
793 -748
794 -94
795 -1133
796 -360
797 -514
798 -31
799 -30
800 -510
801 -52
802 -274
803 -78
804 -123
805 -31
806 -271
807 -31
808 -105
809 -149
810 -52
811 -37
812 -30
813 -764
814 -47
815 -30
816 -306
817 -52
818 -52
819 -52
820 -454
821 -590
822 -34
823 -68
824 -63
825 -31
826 -30
827 -491
828 -564
829 -31
830 -100
831 -31
832 -979
833 -151
834 -456
835 -30
836 -31
837 -585
838 -30
839 -52
840 -31
841 -52
842 -30
843 -462
844 -30
845 -31
846 -31
847 -85
848 -30
849 -52
850 -265
851 -31
852 -165
853 -30
854 -30
855 -52
856 -302
857 -30
858 -352
859 -372
860 -26
861 -31
862 -31
863 -648
864 -241
865 -47
866 -30
867 -30
868 -52
869 -89
870 -52
871 -57
872 -30
873 -96
874 -91
875 -180
876 -343
877 -52
878 -31
879 -535
880 -761
881 -440
882 -100
883 -57
884 -56
885 -30
886 -169
887 -31
888 -65
889 -31
890 -31
891 -420
892 -52
893 -193
894 -863
895 -32
896 -87
897 -64
898 -31
899 -31
900 -31
901 -30
902 -81
903 -126
904 -52
905 -52
906 -52
907 -804
908 -464
909 -610
910 -30
911 -36
912 -571
913 -1591
914 -31
915 -107
916 -494
917 -31
918 -30
919 -30
920 -1016
921 -30
922 -30
923 -30
924 -42
925 -52
926 -30
927 -52
928 -701
929 -31
930 -57
931 -40
932 -30
933 -52
934 -31
935 -52
936 -31
937 -264
938 -245
939 -31
940 -438
941 -30
942 -52
943 -52
944 -52
945 -31
946 -294
947 -30
948 -81
949 -619
950 -230
951 -839
952 -443
953 -52
954 -52
955 -26
956 -31
957 -52
958 -661
959 -25
960 -391
961 -348
962 -31
963 -52
964 -39
965 -1191
966 -781
967 -838
968 -30
969 -183
970 -52
971 -949
972 -30
973 -52
974 -30
975 -240
976 -33
977 -31
978 -52
979 -181
980 -198
981 -30
982 -52
983 -52
984 -55
985 -26
986 -31
987 -52
988 -52
989 -30
990 -52
991 -750
992 -1026
993 -612
994 -1138
995 -52
996 -42
997 -537
998 -30
999 -235
