0 -34
1 -33
2 -33
3 -34
4 -33
5 -39
6 -38
7 -39
8 -34
9 -33
10 -38
11 -12
12 -38
13 -33
14 -62
15 -12
16 -39
17 -38
18 -12
19 -38
20 -12
21 -33
22 -34
23 -38
24 -33
25 -12
26 -33
27 -39
28 -12
29 -38
30 -34
31 -39
32 -33
33 -39
34 -38
35 -39
36 -44
37 -12
38 -38
39 -38
40 -12
41 -33
42 -40
43 -34
44 -34
45 -33
46 -12
47 -33
48 -34
49 -33
50 -34
51 -33
52 -38
53 -33
54 -38
55 -12
56 -34
57 -33
58 -33
59 -34
60 -39
61 -34
62 -39
63 -12
64 -12
65 -12
66 -236
67 -34
68 -44
69 -38
70 -39
71 -39
72 -12
73 -38
74 -34
75 -39
76 -38
77 -12
78 -12
79 -34
80 -39
81 -33
82 -33
83 -38
84 -39
85 -33
86 -33
87 -12
88 -34
89 -34
90 -34
91 -39
92 -38
93 -12
94 -34
95 -12
96 -12
97 -38
98 -38
99 -39
100 -49
101 -39
102 -39
103 -34
104 -468
105 -38
106 -12
107 -39
108 -33
109 -34
110 -39
111 -39
112 -47
113 -38
114 -12
115 -12
116 -12
117 -34
118 -12
119 -38
120 -39
121 -34
122 -34
123 -38
124 -39
125 -33
126 -34
127 -12
128 -38
129 -34
130 -33
131 -38
132 -39
133 -12
134 -33
135 -34
136 -39
137 -38
138 -12
139 -38
140 -33
141 -12
142 -34
143 -33
144 -38
145 -33
146 -34
147 -33
148 -33
149 -38
150 -38
151 -12
152 -12
153 -30
154 -38
155 -12
156 -34
157 -12
158 -39
159 -25
160 -39
161 -33
162 -38
163 -13
164 -33
165 -12
166 -39
167 -38
168 -38
169 -26
170 -38
171 -12
172 -39
173 -38
174 -39
175 -12
176 -38
177 -33
178 -39
179 -12
180 -33
181 -34
182 -38
183 -34
184 -12
185 -33
186 -38
187 -34
188 -12
189 -33
190 -39
191 -38
192 -38
193 -33
194 -42
195 -12
196 -34
197 -33
198 -43
199 -33
200 -39
201 -12
202 -33
203 -38
204 -38
205 -49
206 -34
207 -33
208 -39
209 -12
210 -34
211 -12
212 -39
213 -38
214 -12
215 -38
216 -34
217 -38
218 -38
219 -33
220 -33
221 -34
222 -38
223 -38
224 -249
225 -12
226 -34
227 -30
228 -34
229 -12
230 -38
231 -12
232 -12
233 -33
234 -12
235 -71
236 -39
237 -12
238 -38
239 -39
240 -38
241 -33
242 -38
243 -34
244 -34
245 -44
246 -34
247 -12
248 -33
249 -12
250 -38
251 -34
252 -33
253 -33
254 -39
255 -34
256 -12
257 -33
258 -38
259 -33
260 -54
261 -33
262 -39
263 -12
264 -38
265 -33
266 -33
267 -33
268 -12
269 -34
270 -33
271 -38
272 -50
273 -12
274 -12
275 -38
276 -33
277 -12
278 -34
279 -12
280 -43
281 -34
282 -33
283 -12
284 -33
285 -38
286 -12
287 -33
288 -53
289 -12
290 -38
291 -38
292 -34
293 -33
294 -12
295 -38
296 -33
297 -39
298 -39
299 -66
300 -12
301 -38
302 -12
303 -12
304 -34
305 -12
306 -39
307 -32
308 -34
309 -33
310 -12
311 -38
312 -34
313 -12
314 -12
315 -12
316 -38
317 -39
318 -12
319 -38
320 -22
321 -33
322 -34
323 -33
324 -38
325 -33
326 -39
327 -39
328 -34
329 -39
330 -12
331 -12
332 -34
333 -38
334 -38
335 -38
336 -32
337 -38
338 -34
339 -39
340 -33
341 -33
342 -33
343 -34
344 -12
345 -33
346 -38
347 -34
348 -47
349 -4261
350 -34
351 -33
352 -48
353 -38
354 -8311
355 -34
356 -33
357 -38
358 -12
359 -33
360 -39
361 -33
362 -34
363 -39
364 -38
365 -34
366 -12
367 -12
368 -29
369 -34
370 -39
371 -33
372 -39
373 -12
374 -38
375 -12
376 -34
377 -33
378 -12
379 -12
380 -38
381 -33
382 -33
383 -12
384 -39
385 -33
386 -38
387 -38
388 -33
389 -39
390 -33
391 -33
392 -38
393 -33
394 -12
395 -34
396 -12
397 -12
398 -12
399 -12
400 -33
401 -38
402 -33
403 -33
404 -12
405 -39
406 -12
407 -35
408 -45
409 -38
410 -12
411 -33
412 -39
413 -39
414 -34
415 -33
416 -12
417 -39
418 -12
419 -12
420 -38
421 -33
422 -12
423 -12
424 -38
425 -38
426 -38
427 -39
428 -12
429 -34
430 -38
431 -38
432 -33
433 -12
434 -34
435 -34
436 -39
437 -38
438 -38
439 -38
440 -33
441 -38
442 -34
443 -12
444 -66
445 -39
446 -38
447 -38
448 -34
449 -39
450 -33
451 -33
452 -12
453 -34
454 -12
455 -39
456 -12
457 -12
458 -39
459 -38
460 -42
461 -39
462 -12
463 -38
464 -39
465 -33
466 -34
467 -39
468 -61
469 -33
470 -33
471 -38
472 -38
473 -34
474 -33
475 -33
476 -37
477 -38
478 -38
479 -12
480 -12
481 -33
482 -33
483 -12
484 -12
485 -33
486 -39
487 -12
488 -12
489 -33
490 -33
491 -38
492 -38
493 -34
494 -12
495 -39
496 -12
497 -12
498 -34
499 -38
500 -12
501 -33
502 -34
503 -42
504 -38
505 -38
506 -39
507 -38
508 -38
509 -12
510 -39
511 -38
512 -34
513 -33
514 -33
515 -39
516 -30
517 -38
518 -33
519 -12
520 -12
521 -39
522 -12
523 -34
524 -33
525 -38
526 -54
527 -39
528 -34
529 -33
530 -39
531 -33
532 -35
533 -39
534 -26
535 -39
536 -12
537 -33
538 -33
539 -33
540 -12
541 -39
542 -38
543 -33
544 -473
545 -12
546 -33
547 -43
548 -38
549 -12
550 -12
551 -33
552 -34
553 -34
554 -39
555 -33
556 -33
557 -34
558 -34
559 -33
560 -33
561 -38
562 -38
563 -34
564 -39
565 -12
566 -38
567 -39
568 -38
569 -34
570 -12
571 -34
572 -33
573 -38
574 -39
575 -12
576 -39
577 -39
578 -39
579 -34
580 -2515
581 -12
582 -39
583 -34
584 -34
585 -39
586 -12
587 -34
588 -39
589 -39
590 -21
591 -39
592 -12
593 -37
594 -39
595 -33
596 -33
597 -33
598 -36
599 -39
600 -12
601 -33
602 -34
603 -33
604 -33
605 -39
606 -38
607 -39
608 -39
609 -38
610 -38
611 -34
612 -46
613 -39
614 -33
615 -38
616 -39
617 -12
618 -34
619 -49
620 -39
621 -33
622 -38
623 -33
624 -12
625 -30
626 -12
627 -34
628 -42
629 -38
630 -38
631 -38
632 -38
633 -39
634 -34
635 -39
636 -34
637 -33
638 -34
639 -43
640 -34
641 -33
642 -38
643 -39
644 -12
645 -39
646 -34
647 -38
648 -34
649 -12
650 -39
651 -33
652 -38
653 -39
654 -47
655 -38
656 -12
657 -39
658 -34
659 -12
660 -33
661 -39
662 -34
663 -12
664 -34
665 -33
666 -12
667 -34
668 -12
669 -33
670 -34
671 -25
672 -38
673 -43
674 -39
675 -34
676 -38
677 -33
678 -39
679 -34
680 -12
681 -38
682 -12
683 -38
684 -34
685 -39
686 -24
687 -33
688 -205
689 -38
690 -12
691 -39
692 -12
693 -12
694 -33
695 -34
696 -33
697 -12
698 -39
699 -34
700 -38
701 -39
702 -38
703 -33
704 -34
705 -33
706 -33
707 -34
708 -39
709 -34
710 -39
711 -12
712 -42
713 -34
714 -12
715 -34
716 -34
717 -34
718 -12
719 -70
720 -34
721 -34
722 -34
723 -39
724 -33
725 -39
726 -12
727 -38
728 -33
729 -39
730 -34
731 -12
732 -33
733 -12
734 -39
735 -12
736 -12
737 -33
738 -33
739 -33
740 -38
741 -12
742 -34
743 -12
744 -12
745 -12
746 -12
747 -12
748 -26
749 -34
750 -12
751 -47
752 -33
753 -33
754 -12
755 -33
756 -38
757 -34
758 -33
759 -39
760 -12
761 -39
762 -33
763 -34
764 -38
765 -38
766 -38
767 -12
768 -34
769 -34
770 -38
771 -39
772 -12
773 -39
774 -12
775 -39
776 -33
777 -33
778 -38
779 -33
780 -33
781 -34
782 -39
783 -34
784 -39
785 -33
786 -39
787 -34
788 -12
789 -33
790 -12
791 -34
792 -12
793 -42
794 -39
795 -38
796 -12
797 -38
798 -39
799 -12
800 -12
801 -38
802 -34
803 -2389
804 -33
805 -33
806 -39
807 -39
808 -38
809 -42
810 -12
811 -34
812 -12
813 -33
814 -29
815 -12
816 -34
817 -39
818 -34
819 -12
820 -34
821 -34
822 -33
823 -38
824 -12
825 -38
826 -34
827 -12
828 -33
829 -12
830 -12
831 -34
832 -38
833 -33
834 -30
835 -38
836 -12
837 -39
838 -12
839 -38
840 -12
841 -33
842 -12
843 -33
844 -33
845 -39
846 -33
847 -12
848 -34
849 -39
850 -12
851 -34
852 -39
853 -12
854 -27
855 -33
856 -33
857 -33
858 -12
859 -38
860 -39
861 -12
862 -12
863 -33
864 -12
865 -33
866 -33
867 -33
868 -33
869 -33
870 -34
871 -34
872 -38
873 -38
874 -33
875 -33
876 -39
877 -38
878 -39
879 -33
880 -34
881 -34
882 -12
883 -38
884 -12
885 -38
886 -12
887 -12
888 -71
889 -33
890 -39
891 -38
892 -12
893 -39
894 -12
895 -12
896 -12
897 -12
898 -12
899 -39
900 -33
901 -38
902 -39
903 -33
904 -38
905 -39
906 -34
907 -36
908 -39
909 -34
910 -39
911 -33
912 -38
913 -33
914 -12
915 -38
916 -38
917 -12
918 -34
919 -38
920 -12
921 -38
922 -33
923 -12
924 -34
925 -38
926 -38
927 -34
928 -34
929 -39
930 -38
931 -33
932 -38
933 -38
934 -12
935 -38
936 -39
937 -38
938 -33
939 -48
940 -33
941 -39
942 -39
943 -490
944 -34
945 -33
946 -39
947 -38
948 -39
949 -33
950 -12
951 -25
952 -38
953 -34
954 -12
955 -12
956 -38
957 -39
958 -33
959 -39
960 -38
961 -34
962 -34
963 -38
964 -12
965 -12
966 -33
967 -60
968 -33
969 -33
970 -34
971 -39
972 -38
973 -34
974 -38
975 -75
976 -34
977 -38
978 -39
979 -12
980 -38
981 -38
982 -33
983 -38
984 -34
985 -12
986 -12
987 -12
988 -12
989 -38
990 -12
991 -38
992 -33
993 -42
994 -33
995 -39
996 -39
997 -38
998 -39
999 -34
