0 -12
1 -38
2 -12
3 -530
4 -39
5 -40
6 -39
7 -34
8 -34
9 -38
10 -34
11 -39
12 -43
13 -38
14 -39
15 -38
16 -34
17 -38
18 -34
19 -34
20 -39
21 -34
22 -38
23 -33
24 -93
25 -12
26 -33
27 -12
28 -39
29 -12
30 -12
31 -33
32 -12
33 -12
34 -35
35 -33
36 -34
37 -12
38 -39
39 -12
40 -38
41 -38
42 -39
43 -38
44 -39
45 -12
46 -38
47 -33
48 -12
49 -12
50 -34
51 -38
52 -38
53 -12
54 -12
55 -34
56 -12
57 -34
58 -12
59 -39
60 -39
61 -34
62 -29
63 -38
64 -12
65 -34
66 -38
67 -38
68 -38
69 -40
70 -24
71 -34
72 -33
73 -33
74 -38
75 -34
76 -39
77 -12
78 -33
79 -39
80 -39
81 -12
82 -12
83 -38
84 -12
85 -33
86 -33
87 -12
88 -33
89 -34
90 -12
91 -33
92 -26
93 -12
94 -39
95 -33
96 -39
97 -12
98 -38
99 -39
100 -34
101 -38
102 -38
103 -42
104 -33
105 -34
106 -39
107 -12
108 -38
109 -12
110 -38
111 -12
112 -34
113 -39
114 -12
115 -39
116 -33
117 -38
118 -33
119 -12
120 -33
121 -33
122 -39
123 -38
124 -12
125 -34
126 -34
127 -12
128 -12
129 -39
130 -33
131 -12
132 -38
133 -38
134 -12
135 -12
136 -39
137 -33
138 -34
139 -39
140 -12
141 -12
142 -12
143 -34
144 -34
145 -12
146 -39
147 -34
148 -33
149 -34
150 -12
151 -39
152 -39
153 -39
154 -34
155 -12
156 -33
157 -33
158 -38
159 -33
160 -34
161 -12
162 -12
163 -34
164 -34
165 -35
166 -49
167 -39
168 -39
169 -12
170 -33
171 -12
172 -13
173 -38
174 -34
175 -34
176 -33
177 -12
178 -12
179 -39
180 -12
181 -34
182 -33
183 -38
184 -34
185 -38
186 -12
187 -33
188 -39
189 -44
190 -33
191 -38
192 -38
193 -39
194 -34
195 -33
196 -39
197 -61
198 -34
199 -33
200 -33
201 -33
202 -66
203 -38
204 -34
205 -33
206 -39
207 -38
208 -33
209 -33
210 -33
211 -38
212 -39
213 -38
214 -33
215 -39
216 -38
217 -39
218 -34
219 -33
220 -39
221 -34
222 -33
223 -33
224 -39
225 -34
226 -34
227 -33
228 -34
229 -34
230 -38
231 -12
232 -34
233 -38
234 -39
235 -33
236 -33
237 -39
238 -38
239 -33
240 -34
241 -34
242 -33
243 -39
244 -38
245 -34
246 -12
247 -38
248 -33
249 -33
250 -28
251 -38
252 -33
253 -33
254 -12
255 -38
256 -12
257 -12
258 -38
259 -34
260 -38
261 -33
262 -39
263 -33
264 -33
265 -34
266 -39
267 -34
268 -34
269 -34
270 -12
271 -39
272 -21
273 -34
274 -34
275 -12
276 -12
277 -38
278 -33
279 -38
280 -33
281 -38
282 -34
283 -12
284 -33
285 -39
286 -39
287 -12
288 -42
289 -34
290 -41
291 -38
292 -12
293 -12
294 -38
295 -39
296 -12
297 -38
298 -38
299 -12
300 -39
301 -34
302 -34
303 -12
304 -33
305 -65
306 -39
307 -39
308 -33
309 -38
310 -40
311 -39
312 -30
313 -39
314 -34
315 -12
316 -34
317 -38
318 -39
319 -12
320 -33
321 -38
322 -12
323 -39
324 -12
325 -39
326 -33
327 -12
328 -34
329 -39
330 -12
331 -34
332 -34
333 -12
334 -12
335 -39
336 -38
337 -40
338 -12
339 -33
340 -33
341 -12
342 -12
343 -39
344 -38
345 -34
346 -38
347 -35
348 -12
349 -38
350 -39
351 -34
352 -45
353 -34
354 -38
355 -12
356 -38
357 -33
358 -38
359 -12
360 -34
361 -39
362 -34
363 -34
364 -33
365 -33
366 -33
367 -12
368 -33
369 -38
370 -12
371 -33
372 -40
373 -12
374 -38
375 -34
376 -34
377 -38
378 -12
379 -33
380 -38
381 -33
382 -39
383 -39
384 -33
385 -33
386 -38
387 -33
388 -33
389 -33
390 -39
391 -38
392 -12
393 -34
394 -12
395 -12
396 -12
397 -33
398 -34
399 -33
400 -39
401 -33
402 -38
403 -34
404 -33
405 -38
406 -34
407 -34
408 -33
409 -12
410 -12
411 -34
412 -30
413 -38
414 -33
415 -38
416 -34
417 -46
418 -39
419 -39
420 -33
421 -56
422 -38
423 -33
424 -34
425 -38
426 -30
427 -38
428 -33
429 -38
430 -48
431 -33
432 -49
433 -39
434 -35
435 -39
436 -39
437 -39
438 -33
439 -38
440 -38
441 -12
442 -48
443 -38
444 -33
445 -38
446 -39
447 -12
448 -33
449 -38
450 -39
451 -33
452 -12
453 -38
454 -38
455 -12
456 -33
457 -34
458 -12
459 -38
460 -34
461 -12
462 -12
463 -38
464 -38
465 -38
466 -12
467 -39
468 -33
469 -38
470 -38
471 -34
472 -33
473 -38
474 -12
475 -35
476 -34
477 -34
478 -39
479 -12
480 -57
481 -33
482 -33
483 -12
484 -34
485 -33
486 -39
487 -33
488 -39
489 -33
490 -44
491 -33
492 -31
493 -33
494 -39
495 -33
496 -12
497 -39
498 -34
499 -34
500 -33
501 -34
502 -34
503 -33
504 -34
505 -12
506 -12
507 -38
508 -12
509 -12
510 -55
511 -38
512 -34
513 -39
514 -41
515 -38
516 -32
517 -39
518 -34
519 -33
520 -38
521 -34
522 -38
523 -39
524 -34
525 -33
526 -34
527 -34
528 -34
529 -38
530 -38
531 -33
532 -12
533 -12
534 -33
535 -34
536 -38
537 -47
538 -34
539 -38
540 -33
541 -12
542 -34
543 -34
544 -34
545 -38
546 -33
547 -17
548 -39
549 -12
550 -12
551 -39
552 -38
553 -33
554 -34
555 -33
556 -12
557 -12
558 -12
559 -33
560 -38
561 -12
562 -12
563 -34
564 -38
565 -34
566 -38
567 -34
568 -39
569 -39
570 -38
571 -39
572 -33
573 -38
574 -12
575 -39
576 -39
577 -12
578 -12
579 -33
580 -39
581 -12
582 -39
583 -38
584 -38
585 -38
586 -34
587 -39
588 -39
589 -39
590 -39
591 -12
592 -42
593 -33
594 -39
595 -38
596 -39
597 -34
598 -34
599 -12
600 -34
601 -12
602 -34
603 -38
604 -38
605 -34
606 -39
607 -34
608 -38
609 -38
610 -34
611 -39
612 -34
613 -34
614 -38
615 -33
616 -33
617 -38
618 -12
619 -33
620 -38
621 -38
622 -39
623 -39
624 -39
625 -12
626 -33
627 -33
628 -12
629 -39
630 -39
631 -39
632 -39
633 -33
634 -34
635 -25
636 -33
637 -39
638 -33
639 -12
640 -38
641 -33
642 -34
643 -38
644 -39
645 -12
646 -38
647 -12
648 -33
649 -12
650 -39
651 -33
652 -12
653 -12
654 -33
655 -34
656 -39
657 -39
658 -39
659 -34
660 -34
661 -33
662 -38
663 -12
664 -38
665 -34
666 -33
667 -34
668 -34
669 -39
670 -12
671 -39
672 -33
673 -34
674 -34
675 -33
676 -39
677 -38
678 -39
679 -34
680 -33
681 -12
682 -34
683 -12
684 -38
685 -39
686 -33
687 -12
688 -33
689 -34
690 -38
691 -38
692 -34
693 -39
694 -38
695 -39
696 -39
697 -33
698 -33
699 -26
700 -38
701 -12
702 -38
703 -12
704 -34
705 -12
706 -39
707 -38
708 -12
709 -33
710 -33
711 -33
712 -33
713 -12
714 -38
715 -38
716 -38
717 -33
718 -38
719 -38
720 -39
721 -12
722 -34
723 -34
724 -34
725 -34
726 -38
727 -12
728 -34
729 -33
730 -34
731 -12
732 -12
733 -34
734 -33
735 -12
736 -34
737 -38
738 -13
739 -12
740 -38
741 -38
742 -33
743 -38
744 -12
745 -34
746 -12
747 -38
748 -34
749 -39
750 -39
751 -33
752 -38
753 -33
754 -38
755 -39
756 -12
757 -12
758 -12
759 -38
760 -39
761 -39
762 -33
763 -39
764 -44
765 -39
766 -34
767 -38
768 -44
769 -33
770 -12
771 -33
772 -33
773 -38
774 -34
775 -38
776 -12
777 -48
778 -39
779 -39
780 -39
781 -34
782 -12
783 -34
784 -38
785 -38
786 -38
787 -39
788 -33
789 -12
790 -38
791 -39
792 -56
793 -39
794 -38
795 -38
796 -33
797 -39
798 -34
799 -38
800 -34
801 -33
802 -33
803 -12
804 -34
805 -39
806 -34
807 -34
808 -38
809 -34
810 -38
811 -38
812 -12
813 -27
814 -38
815 -39
816 -33
817 -12
818 -39
819 -38
820 -39
821 -33
822 -39
823 -12
824 -39
825 -39
826 -34
827 -33
828 -38
829 -12
830 -39
831 -38
832 -34
833 -12
834 -38
835 -38
836 -34
837 -38
838 -12
839 -39
840 -34
841 -816
842 -39
843 -34
844 -34
845 -12
846 -38
847 -33
848 -33
849 -39
850 -39
851 -38
852 -39
853 -12
854 -34
855 -38
856 -33
857 -39
858 -34
859 -38
860 -12
861 -39
862 -34
863 -38
864 -33
865 -12
866 -38
867 -38
868 -34
869 -12
870 -12
871 -34
872 -33
873 -12
874 -1032
875 -34
876 -39
877 -41
878 -39
879 -33
880 -33
881 -12
882 -33
883 -39
884 -33
885 -81
886 -34
887 -38
888 -33
889 -33
890 -39
891 -33
892 -35
893 -428
894 -34
895 -39
896 -39
897 -199
898 -33
899 -12
900 -39
901 -38
902 -33
903 -12
904 -12
905 -38
906 -39
907 -12
908 -38
909 -38
910 -38
911 -34
912 -33
913 -38
914 -38
915 -33
916 -12
917 -34
918 -34
919 -38
920 -34
921 -39
922 -38
923 -33
924 -38
925 -39
926 -38
927 -38
928 -39
929 -61
930 -38
931 -34
932 -38
933 -39
934 -38
935 -38
936 -12
937 -39
938 -12
939 -33
940 -39
941 -37
942 -34
943 -38
944 -38
945 -21
946 -39
947 -33
948 -38
949 -39
950 -33
951 -50
952 -33
953 -38
954 -38
955 -33
956 -33
957 -39
958 -34
959 -34
960 -38
961 -34
962 -33
963 -34
964 -33
965 -39
966 -33
967 -33
968 -39
969 -39
970 -38
971 -12
972 -39
973 -12
974 -33
975 -34
976 -34
977 -38
978 -33
979 -38
980 -39
981 -33
982 -39
983 -12
984 -34
985 -12
986 -38
987 -39
988 -39
989 -34
990 -33
991 -33
992 -34
993 -38
994 -38
995 -12
996 -33
997 -12
998 -33
999 -38
