0 -38
1 -39
2 -38
3 -12
4 -12
5 -38
6 -21
7 -33
8 -33
9 -38
10 -12
11 -33
12 -33
13 -34
14 -39
15 -34
16 -33
17 -38
18 -39
19 -34
20 -12
21 -12
22 -34
23 -33
24 -33
25 -38
26 -33
27 -33
28 -34
29 -12
30 -12
31 -34
32 -34
33 -39
34 -33
35 -33
36 -12
37 -12
38 -12
39 -39
40 -33
41 -39
42 -38
43 -33
44 -33
45 -31
46 -39
47 -33
48 -35
49 -34
50 -33
51 -33
52 -33
53 -38
54 -39
55 -39
56 -12
57 -12
58 -39
59 -38
60 -12
61 -33
62 -39
63 -38
64 -34
65 -33
66 -39
67 -26
68 -34
69 -38
70 -38
71 -39
72 -39
73 -12
74 -33
75 -12
76 -38
77 -12
78 -47
79 -33
80 -12
81 -39
82 -38
83 -34
84 -38
85 -39
86 -33
87 -38
88 -12
89 -34
90 -38
91 -38
92 -34
93 -33
94 -39
95 -34
96 -12
97 -33
98 -39
99 -33
100 -34
101 -33
102 -12
103 -12
104 -39
105 -39
106 -39
107 -38
108 -39
109 -38
110 -33
111 -39
112 -34
113 -33
114 -33
115 -39
116 -39
117 -38
118 -35
119 -33
120 -33
121 -33
122 -12
123 -38
124 -12
125 -39
126 -2100
127 -38
128 -34
129 -38
130 -33
131 -39
132 -12
133 -34
134 -34
135 -27
136 -12
137 -39
138 -34
139 -12
140 -12
141 -12
142 -39
143 -33
144 -12
145 -12
146 -38
147 -34
148 -33
149 -12
150 -34
151 -34
152 -34
153 -33
154 -12
155 -33
156 -39
157 -34
158 -12
159 -33
160 -34
161 -38
162 -33
163 -44
164 -38
165 -12
166 -39
167 -39
168 -39
169 -12
170 -38
171 -12
172 -33
173 -34
174 -33
175 -38
176 -39
177 -12
178 -33
179 -39
180 -40
181 -33
182 -34
183 -33
184 -258
185 -12
186 -12
187 -34
188 -62
189 -12
190 -33
191 -39
192 -38
193 -33
194 -34
195 -38
196 -38
197 -12
198 -39
199 -34
200 -34
201 -39
202 -38
203 -38
204 -33
205 -12
206 -38
207 -33
208 -33
209 -62
210 -34
211 -34
212 -12
213 -34
214 -34
215 -38
216 -34
217 -33
218 -12
219 -33
220 -12
221 -12
222 -39
223 -38
224 -34
225 -33
226 -38
227 -34
228 -12
229 -39
230 -34
231 -38
232 -33
233 -34
234 -38
235 -34
236 -39
237 -33
238 -34
239 -38
240 -12
241 -33
242 -40
243 -34
244 -34
245 -39
246 -39
247 -34
248 -38
249 -39
250 -34
251 -12
252 -38
253 -38
254 -39
255 -34
256 -12
257 -12
258 -39
259 -33
260 -36
261 -36
262 -34
263 -33
264 -34
265 -34
266 -38
267 -38
268 -38
269 -39
270 -39
271 -38
272 -34
273 -38
274 -39
275 -34
276 -38
277 -12
278 -33
279 -39
280 -12
281 -34
282 -34
283 -33
284 -34
285 -12
286 -34
287 -12
288 -39
289 -38
290 -34
291 -12
292 -12
293 -34
294 -33
295 -39
296 -43
297 -38
298 -12
299 -33
300 -34
301 -38
302 -34
303 -34
304 -39
305 -33
306 -39
307 -12
308 -12
309 -38
310 -39
311 -33
312 -25
313 -37
314 -58
315 -39
316 -34
317 -34
318 -38
319 -33
320 -38
321 -34
322 -24
323 -39
324 -34
325 -12
326 -12
327 -12
328 -33
329 -33
330 -33
331 -12
332 -33
333 -33
334 -39
335 -38
336 -34
337 -39
338 -12
339 -33
340 -47
341 -38
342 -33
343 -34
344 -38
345 -34
346 -39
347 -66
348 -38
349 -34
350 -33
351 -12
352 -34
353 -13
354 -34
355 -33
356 -39
357 -12
358 -39
359 -34
360 -39
361 -39
362 -12
363 -38
364 -38
365 -12
366 -12
367 -35
368 -33
369 -38
370 -33
371 -38
372 -33
373 -12
374 -34
375 -39
376 -38
377 -12
378 -33
379 -34
380 -34
381 -30
382 -33
383 -872
384 -34
385 -38
386 -38
387 -33
388 -12
389 -38
390 -70
391 -38
392 -12
393 -12
394 -34
395 -44
396 -38
397 -12
398 -39
399 -12
400 -33
401 -12
402 -38
403 -39
404 -38
405 -34
406 -33
407 -38
408 -39
409 -33
410 -33
411 -12
412 -38
413 -39
414 -38
415 -34
416 -70
417 -33
418 -39
419 -38
420 -33
421 -38
422 -33
423 -33
424 -34
425 -39
426 -34
427 -33
428 -12
429 -12
430 -34
431 -38
432 -12
433 -34
434 -34
435 -33
436 -34
437 -34
438 -12
439 -34
440 -39
441 -38
442 -33
443 -39
444 -39
445 -12
446 -12
447 -38
448 -33
449 -27
450 -39
451 -12
452 -39
453 -38
454 -33
455 -12
456 -34
457 -12
458 -12
459 -35
460 -39
461 -34
462 -38
463 -39
464 -61
465 -33
466 -12
467 -12
468 -39
469 -39
470 -34
471 -39
472 -21
473 -34
474 -33
475 -22
476 -39
477 -39
478 -38
479 -38
480 -38
481 -39
482 -34
483 -12
484 -34
485 -12
486 -33
487 -33
488 -39
489 -12
490 -34
491 -33
492 -12
493 -38
494 -35
495 -33
496 -34
497 -34
498 -33
499 -12
500 -39
501 -39
502 -12
503 -38
504 -38
505 -38
506 -39
507 -38
508 -39
509 -38
510 -38
511 -34
512 -34
513 -33
514 -34
515 -34
516 -12
517 -34
518 -38
519 -12
520 -12
521 -34
522 -38
523 -38
524 -39
525 -34
526 -38
527 -34
528 -39
529 -12
530 -12
531 -12
532 -12
533 -34
534 -12
535 -33
536 -33
537 -12
538 -34
539 -33
540 -12
541 -38
542 -33
543 -33
544 -12
545 -33
546 -34
547 -38
548 -38
549 -38
550 -38
551 -12
552 -12
553 -12
554 -12
555 -38
556 -39
557 -39
558 -34
559 -38
560 -13
561 -38
562 -38
563 -12
564 -34
565 -33
566 -39
567 -12
568 -12
569 -34
570 -43
571 -33
572 -34
573 -12
574 -12
575 -12
576 -168
577 -39
578 -43
579 -12
580 -39
581 -39
582 -39
583 -39
584 -12
585 -34
586 -38
587 -33
588 -43
589 -39
590 -38
591 -12
592 -12
593 -33
594 -22
595 -12
596 -34
597 -34
598 -33
599 -39
600 -38
601 -34
602 -12
603 -34
604 -38
605 -12
606 -38
607 -39
608 -38
609 -33
610 -38
611 -38
612 -12
613 -12
614 -33
615 -38
616 -12
617 -34
618 -12
619 -34
620 -12
621 -33
622 -33
623 -39
624 -34
625 -39
626 -4623
627 -34
628 -38
629 -33
630 -34
631 -12
632 -12
633 -43
634 -38
635 -35
636 -33
637 -39
638 -33
639 -38
640 -12
641 -39
642 -39
643 -39
644 -34
645 -38
646 -34
647 -38
648 -33
649 -33
650 -38
651 -12
652 -12
653 -39
654 -39
655 -38
656 -12
657 -39
658 -38
659 -38
660 -39
661 -12
662 -33
663 -38
664 -12
665 -34
666 -40
667 -33
668 -39
669 -38
670 -12
671 -33
672 -12
673 -33
674 -34
675 -12
676 -39
677 -38
678 -40
679 -39
680 -39
681 -38
682 -39
683 -39
684 -33
685 -12
686 -33
687 -39
688 -38
689 -34
690 -39
691 -12
692 -12
693 -12
694 -12
695 -12
696 -39
697 -12
698 -33
699 -39
700 -39
701 -38
702 -70
703 -33
704 -38
705 -38
706 -33
707 -38
708 -29
709 -33
710 -38
711 -33
712 -33
713 -39
714 -12
715 -12
716 -12
717 -38
718 -34
719 -35
720 -12
721 -39
722 -33
723 -33
724 -12
725 -39
726 -34
727 -39
728 -12
729 -34
730 -38
731 -38
732 -33
733 -43
734 -39
735 -34
736 -34
737 -39
738 -34
739 -38
740 -12
741 -33
742 -38
743 -39
744 -12
745 -34
746 -39
747 -34
748 -39
749 -38
750 -33
751 -38
752 -38
753 -12
754 -34
755 -34
756 -34
757 -12
758 -39
759 -746
760 -34
761 -33
762 -34
763 -39
764 -34
765 -34
766 -38
767 -39
768 -34
769 -12
770 -33
771 -12
772 -38
773 -12
774 -34
775 -39
776 -34
777 -38
778 -38
779 -34
780 -42
781 -38
782 -33
783 -33
784 -43
785 -38
786 -34
787 -16
788 -12
789 -33
790 -34
791 -34
792 -34
793 -39
794 -39
795 -38
796 -38
797 -22
798 -44
799 -33
800 -39
801 -56
802 -38
803 -33
804 -33
805 -33
806 -38
807 -39
808 -34
809 -33
810 -38
811 -33
812 -38
813 -34
814 -12
815 -38
816 -34
817 -39
818 -33
819 -34
820 -12
821 -12
822 -39
823 -22
824 -34
825 -39
826 -38
827 -33
828 -58
829 -38
830 -12
831 -12
832 -34
833 -33
834 -12
835 -39
836 -12
837 -12
838 -39
839 -33
840 -34
841 -38
842 -34
843 -39
844 -38
845 -39
846 -39
847 -12
848 -39
849 -50
850 -38
851 -39
852 -38
853 -47
854 -37
855 -34
856 -38
857 -39
858 -21
859 -33
860 -12
861 -12
862 -30
863 -38
864 -33
865 -34
866 -34
867 -33
868 -34
869 -38
870 -38
871 -39
872 -12
873 -39
874 -33
875 -12
876 -39
877 -12
878 -39
879 -33
880 -33
881 -39
882 -41
883 -12
884 -33
885 -38
886 -34
887 -39
888 -33
889 -38
890 -12
891 -38
892 -33
893 -12
894 -38
895 -39
896 -33
897 -38
898 -34
899 -34
900 -39
901 -44
902 -12
903 -12
904 -16
905 -39
906 -38
907 -12
908 -34
909 -39
910 -39
911 -33
912 -12
913 -33
914 -39
915 -38
916 -34
917 -33
918 -34
919 -12
920 -38
921 -34
922 -34
923 -39
924 -34
925 -61
926 -12
927 -33
928 -34
929 -12
930 -37
931 -34
932 -38
933 -34
934 -38
935 -33
936 -33
937 -37
938 -49
939 -34
940 -39
941 -12
942 -34
943 -38
944 -36
945 -33
946 -34
947 -33
948 -34
949 -33
950 -33
951 -39
952 -34
953 -33
954 -34
955 -34
956 -38
957 -34
958 -12
959 -34
960 -12
961 -33
962 -34
963 -39
964 -38
965 -34
966 -12
967 -12
968 -38
969 -39
970 -39
971 -39
972 -38
973 -12
974 -39
975 -38
976 -33
977 -12
978 -38
979 -33
980 -39
981 -39
982 -39
983 -34
984 -39
985 -38
986 -38
987 -33
988 -39
989 -34
990 -34
991 -38
992 -12
993 -12
994 -12
995 -35
996 -39
997 -38
998 -12
999 -34
