0 -33
1 -33
2 -38
3 -34
4 -34
5 -38
6 -34
7 -33
8 -38
9 -38
10 -39
11 -12
12 -38
13 -39
14 -39
15 -33
16 -38
17 -39
18 -38
19 -12
20 -33
21 -33
22 -38
23 -38
24 -206
25 -30
26 -39
27 -38
28 -38
29 -34
30 -12
31 -33
32 -41
33 -39
34 -39
35 -38
36 -38
37 -38
38 -39
39 -34
40 -38
41 -12
42 -39
43 -33
44 -12
45 -12
46 -12
47 -33
48 -34
49 -38
50 -34
51 -38
52 -38
53 -39
54 -12
55 -38
56 -39
57 -12
58 -38
59 -12
60 -38
61 -38
62 -12
63 -33
64 -33
65 -34
66 -12
67 -34
68 -34
69 -13
70 -39
71 -39
72 -44
73 -34
74 -39
75 -33
76 -33
77 -34
78 -33
79 -12
80 -34
81 -39
82 -12
83 -38
84 -32
85 -39
86 -12
87 -34
88 -34
89 -33
90 -39
91 -38
92 -33
93 -34
94 -33
95 -38
96 -33
97 -39
98 -33
99 -33
100 -39
101 -12
102 -33
103 -33
104 -38
105 -34
106 -39
107 -34
108 -40
109 -33
110 -38
111 -39
112 -33
113 -12
114 -39
115 -33
116 -34
117 -33
118 -38
119 -34
120 -33
121 -12
122 -34
123 -27
124 -12
125 -34
126 -34
127 -12
128 -33
129 -34
130 -38
131 -12
132 -40
133 -34
134 -12
135 -38
136 -33
137 -39
138 -34
139 -34
140 -34
141 -12
142 -30
143 -34
144 -12
145 -39
146 -34
147 -33
148 -33
149 -33
150 -33
151 -39
152 -34
153 -33
154 -34
155 -34
156 -34
157 -34
158 -12
159 -12
160 -12
161 -33
162 -38
163 -12
164 -34
165 -34
166 -38
167 -39
168 -34
169 -12
170 -38
171 -12
172 -45
173 -33
174 -38
175 -12
176 -12
177 -38
178 -33
179 -12
180 -12
181 -24
182 -12
183 -38
184 -38
185 -12
186 -34
187 -39
188 -33
189 -38
190 -38
191 -12
192 -12
193 -12
194 -34
195 -12
196 -39
197 -12
198 -12
199 -12
200 -39
201 -34
202 -39
203 -39
204 -12
205 -34
206 -34
207 -38
208 -34
209 -34
210 -38
211 -33
212 -39
213 -39
214 -33
215 -12
216 -34
217 -12
218 -12
219 -34
220 -34
221 -12
222 -33
223 -39
224 -38
225 -38
226 -32
227 -12
228 -39
229 -33
230 -39
231 -30
232 -39
233 -39
234 -33
235 -12
236 -34
237 -12
238 -33
239 -34
240 -70
241 -12
242 -12
243 -39
244 -12
245 -38
246 -12
247 -33
248 -12
249 -39
250 -38
251 -38
252 -34
253 -39
254 -38
255 -34
256 -34
257 -33
258 -39
259 -38
260 -39
261 -34
262 -33
263 -12
264 -34
265 -12
266 -33
267 -39
268 -33
269 -38
270 -39
271 -39
272 -38
273 -12
274 -12
275 -38
276 -34
277 -12
278 -12
279 -33
280 -34
281 -34
282 -38
283 -34
284 -34
285 -39
286 -34
287 -44
288 -39
289 -12
290 -39
291 -33
292 -38
293 -34
294 -38
295 -38
296 -33
297 -33
298 -33
299 -33
300 -12
301 -12
302 -33
303 -34
304 -39
305 -34
306 -12
307 -12
308 -34
309 -12
310 -45
311 -38
312 -12
313 -39
314 -34
315 -12
316 -33
317 -39
318 -39
319 -39
320 -38
321 -33
322 -33
323 -38
324 -38
325 -33
326 -42
327 -12
328 -39
329 -12
330 -34
331 -34
332 -33
333 -33
334 -39
335 -12
336 -33
337 -12
338 -38
339 -33
340 -26
341 -38
342 -42
343 -39
344 -33
345 -12
346 -39
347 -33
348 -34
349 -34
350 -39
351 -38
352 -12
353 -34
354 -33
355 -38
356 -12
357 -33
358 -12
359 -33
360 -34
361 -33
362 -45
363 -38
364 -39
365 -12
366 -39
367 -61
368 -12
369 -12
370 -33
371 -12
372 -39
373 -33
374 -34
375 -33
376 -38
377 -38
378 -33
379 -12
380 -34
381 -34
382 -38
383 -33
384 -12
385 -39
386 -33
387 -38
388 -33
389 -39
390 -34
391 -43
392 -39
393 -34
394 -33
395 -39
396 -12
397 -34
398 -40
399 -34
400 -33
401 -33
402 -38
403 -33
404 -12
405 -34
406 -12
407 -34
408 -42
409 -39
410 -38
411 -51
412 -33
413 -38
414 -34
415 -33
416 -12
417 -12
418 -12
419 -33
420 -33
421 -39
422 -12
423 -42
424 -39
425 -34
426 -39
427 -39
428 -33
429 -34
430 -12
431 -12
432 -39
433 -33
434 -12
435 -34
436 -38
437 -38
438 -40
439 -39
440 -34
441 -34
442 -12
443 -34
444 -38
445 -12
446 -38
447 -34
448 -13
449 -33
450 -34
451 -38
452 -37
453 -33
454 -38
455 -39
456 -39
457 -13
458 -38
459 -34
460 -38
461 -33
462 -39
463 -38
464 -12
465 -12
466 -12
467 -34
468 -38
469 -33
470 -12
471 -12
472 -34
473 -38
474 -34
475 -12
476 -34
477 -33
478 -627
479 -12
480 -33
481 -34
482 -12
483 -38
484 -12
485 -22
486 -38
487 -33
488 -13
489 -12
490 -38
491 -520
492 -12
493 -39
494 -12
495 -33
496 -38
497 -38
498 -38
499 -38
500 -12
501 -12
502 -12
503 -39
504 -38
505 -38
506 -39
507 -34
508 -38
509 -38
510 -33
511 -34
512 -34
513 -38
514 -38
515 -33
516 -39
517 -34
518 -39
519 -34
520 -33
521 -33
522 -12
523 -38
524 -12
525 -39
526 -39
527 -12
528 -33
529 -33
530 -12
531 -38
532 -33
533 -38
534 -38
535 -33
536 -38
537 -38
538 -12
539 -39
540 -34
541 -38
542 -39
543 -12
544 -39
545 -39
546 -163
547 -34
548 -33
549 -34
550 -38
551 -39
552 -33
553 -39
554 -38
555 -38
556 -34
557 -12
558 -34
559 -34
560 -33
561 -38
562 -12
563 -33
564 -34
565 -39
566 -12
567 -33
568 -39
569 -33
570 -38
571 -38
572 -33
573 -34
574 -12
575 -33
576 -12
577 -33
578 -38
579 -12
580 -38
581 -34
582 -38
583 -33
584 -12
585 -12
586 -28
587 -39
588 -33
589 -12
590 -34
591 -39
592 -12
593 -34
594 -39
595 -34
596 -39
597 -12
598 -12
599 -39
600 -146
601 -38
602 -34
603 -12
604 -33
605 -12
606 -38
607 -34
608 -34
609 -33
610 -38
611 -34
612 -39
613 -33
614 -39
615 -33
616 -39
617 -39
618 -34
619 -39
620 -38
621 -12
622 -12
623 -38
624 -49
625 -38
626 -38
627 -34
628 -38
629 -33
630 -34
631 -39
632 -33
633 -38
634 -55
635 -33
636 -33
637 -39
638 -33
639 -38
640 -34
641 -38
642 -33
643 -12
644 -39
645 -34
646 -39
647 -34
648 -34
649 -34
650 -34
651 -39
652 -34
653 -12
654 -44
655 -39
656 -38
657 -39
658 -34
659 -39
660 -38
661 -12
662 -38
663 -38
664 -12
665 -39
666 -33
667 -38
668 -33
669 -12
670 -38
671 -39
672 -13
673 -33
674 -33
675 -39
676 -33
677 -34
678 -34
679 -34
680 -39
681 -33
682 -34
683 -34
684 -34
685 -33
686 -38
687 -38
688 -33
689 -34
690 -33
691 -33
692 -38
693 -33
694 -12
695 -38
696 -39
697 -12
698 -38
699 -38
700 -12
701 -34
702 -33
703 -38
704 -34
705 -12
706 -38
707 -12
708 -12
709 -12
710 -12
711 -33
712 -39
713 -34
714 -33
715 -34
716 -12
717 -12
718 -33
719 -39
720 -38
721 -34
722 -33
723 -38
724 -12
725 -12
726 -39
727 -34
728 -12
729 -38
730 -39
731 -33
732 -34
733 -38
734 -12
735 -16
736 -34
737 -12
738 -12
739 -39
740 -12
741 -38
742 -12
743 -39
744 -12
745 -39
746 -39
747 -38
748 -33
749 -39
750 -39
751 -34
752 -44
753 -39
754 -34
755 -66
756 -33
757 -39
758 -34
759 -39
760 -12
761 -38
762 -34
763 -39
764 -38
765 -12
766 -38
767 -38
768 -12
769 -38
770 -33
771 -12
772 -38
773 -50
774 -33
775 -39
776 -33
777 -39
778 -38
779 -34
780 -33
781 -38
782 -12
783 -34
784 -38
785 -38
786 -34
787 -34
788 -32
789 -26
790 -33
791 -34
792 -34
793 -12
794 -34
795 -38
796 -33
797 -33
798 -12
799 -12
800 -12
801 -12
802 -34
803 -34
804 -12
805 -12
806 -12
807 -39
808 -39
809 -38
810 -33
811 -38
812 -38
813 -38
814 -12
815 -33
816 -12
817 -39
818 -33
819 -39
820 -38
821 -30
822 -12
823 -12
824 -38
825 -39
826 -38
827 -12
828 -33
829 -38
830 -38
831 -43
832 -33
833 -34
834 -33
835 -12
836 -39
837 -38
838 -39
839 -12
840 -39
841 -33
842 -39
843 -33
844 -39
845 -39
846 -38
847 -39
848 -39
849 -38
850 -33
851 -12
852 -12
853 -33
854 -34
855 -39
856 -39
857 -38
858 -39
859 -33
860 -12
861 -12
862 -12
863 -34
864 -34
865 -12
866 -30
867 -42
868 -38
869 -12
870 -12
871 -12
872 -12
873 -33
874 -39
875 -38
876 -34
877 -34
878 -38
879 -39
880 -39
881 -37
882 -33
883 -39
884 -43
885 -12
886 -12
887 -21
888 -33
889 -12
890 -33
891 -33
892 -39
893 -33
894 -39
895 -34
896 -38
897 -33
898 -39
899 -12
900 -38
901 -38
902 -34
903 -35
904 -34
905 -33
906 -38
907 -35
908 -34
909 -39
910 -33
911 -33
912 -38
913 -34
914 -34
915 -33
916 -38
917 -39
918 -39
919 -38
920 -33
921 -12
922 -39
923 -39
924 -34
925 -34
926 -34
927 -38
928 -33
929 -33
930 -12
931 -34
932 -33
933 -39
934 -33
935 -39
936 -38
937 -12
938 -33
939 -39
940 -451
941 -33
942 -38
943 -38
944 -12
945 -33
946 -489
947 -33
948 -39
949 -39
950 -34
951 -29
952 -26
953 -38
954 -12
955 -12
956 -33
957 -38
958 -34
959 -38
960 -38
961 -33
962 -34
963 -12
964 -12
965 -38
966 -33
967 -34
968 -34
969 -12
970 -12
971 -34
972 -33
973 -34
974 -34
975 -38
976 -39
977 -12
978 -12
979 -12
980 -39
981 -34
982 -39
983 -12
984 -39
985 -38
986 -34
987 -39
988 -38
989 -12
990 -38
991 -34
992 -33
993 -38
994 -34
995 -33
996 -33
997 -34
998 -34
999 -38
