0 -33
1 -35
2 -33
3 -34
4 -39
5 -33
6 -38
7 -33
8 -34
9 -38
10 -39
11 -33
12 -39
13 -38
14 -39
15 -33
16 -38
17 -34
18 -33
19 -39
20 -34
21 -38
22 -13
23 -38
24 -38
25 -38
26 -12
27 -39
28 -35
29 -33
30 -38
31 -30
32 -34
33 -38
34 -40
35 -39
36 -34
37 -34
38 -34
39 -38
40 -35
41 -34
42 -39
43 -33
44 -38
45 -39
46 -34
47 -39
48 -33
49 -34
50 -34
51 -12
52 -38
53 -33
54 -30
55 -34
56 -38
57 -38
58 -12
59 -12
60 -34
61 -33
62 -38
63 -38
64 -33
65 -34
66 -12
67 -34
68 -38
69 -38
70 -29
71 -38
72 -12
73 -39
74 -38
75 -33
76 -33
77 -33
78 -39
79 -34
80 -43
81 -12
82 -38
83 -39
84 -33
85 -33
86 -34
87 -12
88 -34
89 -12
90 -38
91 -27
92 -33
93 -34
94 -39
95 -38
96 -33
97 -33
98 -38
99 -39
100 -12
101 -12
102 -38
103 -33
104 -33
105 -38
106 -38
107 -12
108 -38
109 -33
110 -12
111 -38
112 -38
113 -33
114 -34
115 -33
116 -12
117 -38
118 -33
119 -12
120 -19
121 -38
122 -38
123 -29
124 -34
125 -38
126 -34
127 -34
128 -39
129 -38
130 -34
131 -39
132 -39
133 -38
134 -12
135 -38
136 -38
137 -33
138 -34
139 -66
140 -38
141 -33
142 -39
143 -12
144 -39
145 -34
146 -34
147 -12
148 -34
149 -34
150 -12
151 -39
152 -39
153 -47
154 -330
155 -34
156 -39
157 -39
158 -38
159 -39
160 -33
161 -39
162 -55
163 -31
164 -33
165 -38
166 -12
167 -33
168 -33
169 -34
170 -39
171 -39
172 -12
173 -33
174 -33
175 -38
176 -38
177 -12
178 -38
179 -50
180 -12
181 -38
182 -33
183 -33
184 -39
185 -12
186 -33
187 -34
188 -34
189 -34
190 -38
191 -38
192 -12
193 -12
194 -39
195 -12
196 -34
197 -38
198 -38
199 -38
200 -33
201 -34
202 -12
203 -39
204 -33
205 -33
206 -38
207 -38
208 -33
209 -34
210 -12
211 -12
212 -12
213 -33
214 -33
215 -12
216 -38
217 -38
218 -33
219 -34
220 -38
221 -39
222 -33
223 -39
224 -45
225 -12
226 -34
227 -34
228 -38
229 -12
230 -12
231 -34
232 -43
233 -34
234 -38
235 -12
236 -34
237 -33
238 -38
239 -39
240 -39
241 -34
242 -12
243 -12
244 -34
245 -38
246 -33
247 -12
248 -27
249 -12
250 -12
251 -39
252 -38
253 -34
254 -12
255 -33
256 -54
257 -33
258 -33
259 -33
260 -38
261 -34
262 -34
263 -38
264 -33
265 -34
266 -33
267 -38
268 -33
269 -12
270 -33
271 -39
272 -12
273 -34
274 -38
275 -38
276 -12
277 -34
278 -34
279 -38
280 -39
281 -12
282 -34
283 -38
284 -33
285 -34
286 -49
287 -33
288 -38
289 -39
290 -34
291 -38
292 -34
293 -33
294 -38
295 -34
296 -39
297 -43
298 -34
299 -33
300 -38
301 -34
302 -12
303 -12
304 -33
305 -34
306 -12
307 -34
308 -12
309 -34
310 -39
311 -38
312 -34
313 -38
314 -38
315 -38
316 -49
317 -34
318 -34
319 -12
320 -38
321 -33
322 -12
323 -38
324 -38
325 -38
326 -34
327 -39
328 -38
329 -12
330 -33
331 -34
332 -34
333 -39
334 -38
335 -12
336 -33
337 -33
338 -12
339 -34
340 -39
341 -39
342 -39
343 -38
344 -39
345 -12
346 -33
347 -33
348 -34
349 -38
350 -255
351 -12
352 -33
353 -39
354 -38
355 -34
356 -39
357 -38
358 -38
359 -33
360 -49
361 -39
362 -34
363 -33
364 -38
365 -48
366 -38
367 -39
368 -12
369 -34
370 -33
371 -38
372 -38
373 -34
374 -39
375 -33
376 -12
377 -39
378 -38
379 -34
380 -39
381 -34
382 -12
383 -33
384 -38
385 -33
386 -34
387 -40
388 -56
389 -39
390 -33
391 -39
392 -39
393 -34
394 -12
395 -39
396 -530
397 -34
398 -12
399 -12
400 -33
401 -38
402 -39
403 -33
404 -39
405 -39
406 -34
407 -34
408 -39
409 -39
410 -33
411 -46
412 -38
413 -33
414 -39
415 -38
416 -34
417 -12
418 -39
419 -12
420 -38
421 -38
422 -12
423 -34
424 -34
425 -33
426 -33
427 -39
428 -33
429 -34
430 -12
431 -38
432 -25
433 -34
434 -33
435 -16
436 -33
437 -12
438 -34
439 -12
440 -12
441 -39
442 -35
443 -12
444 -12
445 -39
446 -33
447 -39
448 -12
449 -40
450 -12
451 -33
452 -38
453 -12
454 -33
455 -12
456 -34
457 -39
458 -33
459 -38
460 -12
461 -12
462 -66
463 -39
464 -33
465 -39
466 -35
467 -39
468 -34
469 -33
470 -33
471 -39
472 -38
473 -33
474 -34
475 -39
476 -33
477 -12
478 -34
479 -33
480 -33
481 -33
482 -36
483 -34
484 -12
485 -39
486 -38
487 -38
488 -12
489 -39
490 -39
491 -39
492 -33
493 -3947
494 -33
495 -34
496 -34
497 -39
498 -12
499 -33
500 -33
501 -34
502 -38
503 -39
504 -38
505 -44
506 -38
507 -12
508 -34
509 -38
510 -38
511 -38
512 -38
513 -34
514 -39
515 -43
516 -39
517 -38
518 -38
519 -39
520 -33
521 -12
522 -34
523 -33
524 -33
525 -39
526 -39
527 -39
528 -39
529 -39
530 -34
531 -12
532 -39
533 -38
534 -34
535 -38
536 -34
537 -75
538 -12
539 -12
540 -33
541 -39
542 -12
543 -34
544 -34
545 -33
546 -25
547 -34
548 -34
549 -33
550 -39
551 -33
552 -38
553 -33
554 -39
555 -38
556 -34
557 -39
558 -38
559 -12
560 -33
561 -39
562 -38
563 -12
564 -12
565 -39
566 -12
567 -12
568 -12
569 -12
570 -33
571 -27
572 -38
573 -12
574 -39
575 -33
576 -39
577 -34
578 -38
579 -34
580 -34
581 -36
582 -38
583 -33
584 -38
585 -39
586 -34
587 -34
588 -34
589 -39
590 -33
591 -35
592 -34
593 -38
594 -40
595 -34
596 -34
597 -38
598 -39
599 -34
600 -33
601 -39
602 -33
603 -39
604 -39
605 -33
606 -39
607 -40
608 -39
609 -34
610 -37
611 -39
612 -39
613 -39
614 -12
615 -12
616 -39
617 -65
618 -38
619 -38
620 -33
621 -34
622 -34
623 -12
624 -39
625 -12
626 -39
627 -39
628 -38
629 -38
630 -33
631 -33
632 -33
633 -34
634 -38
635 -38
636 -34
637 -12
638 -12
639 -38
640 -39
641 -12
642 -33
643 -38
644 -33
645 -12
646 -12
647 -12
648 -12
649 -4119
650 -12
651 -12
652 -33
653 -12
654 -12
655 -33
656 -33
657 -39
658 -43
659 -34
660 -38
661 -33
662 -33
663 -39
664 -37
665 -12
666 -34
667 -33
668 -39
669 -38
670 -12
671 -33
672 -34
673 -38
674 -38
675 -39
676 -33
677 -34
678 -34
679 -38
680 -33
681 -33
682 -34
683 -12
684 -39
685 -33
686 -49
687 -39
688 -39
689 -12
690 -33
691 -38
692 -38
693 -33
694 -34
695 -38
696 -38
697 -12
698 -12
699 -34
700 -12
701 -12
702 -33
703 -39
704 -12
705 -39
706 -33
707 -33
708 -34
709 -34
710 -38
711 -33
712 -34
713 -34
714 -42
715 -12
716 -31
717 -39
718 -39
719 -38
720 -38
721 -33
722 -34
723 -39
724 -38
725 -39
726 -33
727 -39
728 -38
729 -39
730 -38
731 -34
732 -34
733 -34
734 -62
735 -12
736 -12
737 -33
738 -39
739 -40
740 -12
741 -12
742 -38
743 -34
744 -34
745 -39
746 -33
747 -38
748 -34
749 -34
750 -34
751 -38
752 -12
753 -39
754 -34
755 -34
756 -12
757 -39
758 -34
759 -26
760 -34
761 -12
762 -12
763 -34
764 -33
765 -39
766 -34
767 -34
768 -39
769 -38
770 -38
771 -33
772 -39
773 -12
774 -33
775 -38
776 -12
777 -45
778 -33
779 -33
780 -39
781 -39
782 -12
783 -34
784 -34
785 -12
786 -39
787 -127
788 -134
789 -38
790 -38
791 -33
792 -38
793 -38
794 -33
795 -39
796 -39
797 -38
798 -38
799 -12
800 -39
801 -822
802 -38
803 -38
804 -34
805 -34
806 -39
807 -38
808 -39
809 -34
810 -34
811 -38
812 -38
813 -12
814 -35
815 -39
816 -38
817 -34
818 -39
819 -38
820 -34
821 -34
822 -39
823 -39
824 -39
825 -12
826 -38
827 -34
828 -39
829 -39
830 -38
831 -33
832 -39
833 -39
834 -33
835 -33
836 -33
837 -39
838 -34
839 -38
840 -34
841 -38
842 -12
843 -38
844 -54
845 -33
846 -38
847 -38
848 -12
849 -34
850 -38
851 -39
852 -38
853 -39
854 -12
855 -12
856 -44
857 -39
858 -38
859 -38
860 -12
861 -34
862 -38
863 -34
864 -33
865 -40
866 -38
867 -34
868 -33
869 -38
870 -38
871 -34
872 -12
873 -34
874 -12
875 -38
876 -34
877 -38
878 -38
879 -12
880 -33
881 -34
882 -34
883 -12
884 -33
885 -33
886 -34
887 -12
888 -34
889 -12
890 -34
891 -38
892 -39
893 -38
894 -34
895 -12
896 -38
897 -12
898 -12
899 -34
900 -39
901 -34
902 -38
903 -38
904 -33
905 -38
906 -33
907 -33
908 -34
909 -38
910 -33
911 -38
912 -12
913 -42
914 -39
915 -39
916 -38
917 -39
918 -38
919 -34
920 -12
921 -39
922 -34
923 -35
924 -34
925 -12
926 -33
927 -34
928 -38
929 -38
930 -12
931 -89
932 -34
933 -33
934 -39
935 -43
936 -33
937 -12
938 -33
939 -12
940 -34
941 -39
942 -39
943 -33
944 -31
945 -42
946 -33
947 -34
948 -39
949 -34
950 -12
951 -38
952 -34
953 -34
954 -34
955 -33
956 -34
957 -33
958 -12
959 -39
960 -34
961 -38
962 -33
963 -38
964 -47
965 -39
966 -26
967 -33
968 -34
969 -38
970 -39
971 -12
972 -12
973 -34
974 -211
975 -38
976 -12
977 -34
978 -34
979 -34
980 -34
981 -33
982 -34
983 -38
984 -39
985 -34
986 -33
987 -34
988 -33
989 -33
990 -34
991 -33
992 -38
993 -38
994 -33
995 -38
996 -33
997 -12
998 -33
999 -34
