0 -33
1 -12
2 -34
3 -33
4 -38
5 -12
6 -34
7 -34
8 -33
9 -33
10 -33
11 -33
12 -12
13 -23
14 -34
15 -39
16 -12
17 -33
18 -38
19 -38
20 -39
21 -33
22 -34
23 -43
24 -33
25 -12
26 -39
27 -39
28 -38
29 -39
30 -34
31 -12
32 -33
33 -34
34 -39
35 -39
36 -39
37 -12
38 -12
39 -38
40 -34
41 -33
42 -39
43 -38
44 -38
45 -33
46 -12
47 -39
48 -34
49 -39
50 -29
51 -39
52 -12
53 -33
54 -12
55 -39
56 -34
57 -39
58 -12
59 -34
60 -38
61 -12
62 -38
63 -35
64 -33
65 -34
66 -39
67 -12
68 -38
69 -33
70 -39
71 -39
72 -38
73 -34
74 -38
75 -34
76 -12
77 -12
78 -39
79 -34
80 -34
81 -39
82 -12
83 -12
84 -12
85 -33
86 -38
87 -33
88 -12
89 -34
90 -35
91 -34
92 -12
93 -34
94 -39
95 -12
96 -38
97 -38
98 -40
99 -12
100 -39
101 -38
102 -33
103 -38
104 -25
105 -39
106 -34
107 -12
108 -33
109 -34
110 -34
111 -24
112 -39
113 -38
114 -33
115 -38
116 -12
117 -39
118 -39
119 -38
120 -38
121 -34
122 -38
123 -39
124 -49
125 -12
126 -33
127 -12
128 -12
129 -39
130 -48
131 -33
132 -34
133 -39
134 -39
135 -12
136 -38
137 -33
138 -33
139 -39
140 -38
141 -12
142 -38
143 -12
144 -34
145 -38
146 -12
147 -38
148 -34
149 -34
150 -34
151 -34
152 -39
153 -39
154 -39
155 -27
156 -34
157 -12
158 -38
159 -38
160 -34
161 -34
162 -39
163 -38
164 -33
165 -39
166 -39
167 -33
168 -38
169 -33
170 -39
171 -39
172 -33
173 -33
174 -34
175 -38
176 -39
177 -38
178 -33
179 -12
180 -12
181 -12
182 -33
183 -33
184 -38
185 -38
186 -38
187 -38
188 -34
189 -34
190 -34
191 -12
192 -39
193 -38
194 -12
195 -39
196 -33
197 -33
198 -33
199 -12
200 -33
201 -39
202 -38
203 -34
204 -33
205 -12
206 -12
207 -43
208 -12
209 -12
210 -34
211 -38
212 -22
213 -34
214 -38
215 -12
216 -39
217 -38
218 -12
219 -33
220 -34
221 -33
222 -41
223 -33
224 -38
225 -39
226 -39
227 -38
228 -34
229 -38
230 -33
231 -38
232 -38
233 -556
234 -39
235 -39
236 -33
237 -34
238 -12
239 -39
240 -33
241 -34
242 -38
243 -39
244 -39
245 -39
246 -38
247 -3009
248 -33
249 -39
250 -33
251 -38
252 -34
253 -33
254 -38
255 -12
256 -48
257 -34
258 -34
259 -12
260 -38
261 -12
262 -38
263 -39
264 -12
265 -38
266 -38
267 -29
268 -33
269 -33
270 -39
271 -39
272 -38
273 -38
274 -38
275 -34
276 -34
277 -38
278 -39
279 -12
280 -33
281 -34
282 -38
283 -12
284 -33
285 -34
286 -39
287 -34
288 -33
289 -33
290 -39
291 -38
292 -33
293 -39
294 -12
295 -12
296 -38
297 -12
298 -46
299 -34
300 -34
301 -39
302 -34
303 -33
304 -33
305 -12
306 -34
307 -38
308 -38
309 -12
310 -38
311 -33
312 -39
313 -33
314 -38
315 -34
316 -12
317 -38
318 -12
319 -31
320 -33
321 -39
322 -34
323 -38
324 -39
325 -12
326 -33
327 -33
328 -39
329 -34
330 -38
331 -34
332 -39
333 -47
334 -38
335 -12
336 -12
337 -38
338 -38
339 -34
340 -39
341 -39
342 -12
343 -44
344 -40
345 -33
346 -12
347 -33
348 -39
349 -39
350 -33
351 -38
352 -38
353 -33
354 -39
355 -33
356 -38
357 -12
358 -38
359 -12
360 -39
361 -33
362 -39
363 -38
364 -33
365 -34
366 -39
367 -38
368 -34
369 -33
370 -39
371 -12
372 -38
373 -45
374 -33
375 -12
376 -39
377 -38
378 -33
379 -39
380 -33
381 -33
382 -33
383 -12
384 -34
385 -39
386 -12
387 -39
388 -29
389 -38
390 -38
391 -34
392 -34
393 -12
394 -43
395 -12
396 -34
397 -39
398 -33
399 -12
400 -12
401 -12
402 -33
403 -38
404 -12
405 -34
406 -42
407 -38
408 -38
409 -38
410 -24
411 -39
412 -39
413 -33
414 -12
415 -33
416 -33
417 -38
418 -39
419 -33
420 -38
421 -34
422 -12
423 -39
424 -34
425 -38
426 -12
427 -38
428 -34
429 -39
430 -34
431 -38
432 -39
433 -12
434 -34
435 -34
436 -12
437 -39
438 -12
439 -39
440 -12
441 -12
442 -12
443 -12
444 -41
445 -34
446 -34
447 -12
448 -33
449 -12
450 -38
451 -39
452 -35
453 -39
454 -39
455 -33
456 -39
457 -33
458 -39
459 -38
460 -33
461 -38
462 -12
463 -12
464 -34
465 -39
466 -39
467 -38
468 -38
469 -12
470 -12
471 -12
472 -33
473 -12
474 -34
475 -33
476 -33
477 -34
478 -39
479 -33
480 -39
481 -33
482 -38
483 -38
484 -38
485 -39
486 -38
487 -34
488 -33
489 -38
490 -38
491 -34
492 -50
493 -39
494 -34
495 -33
496 -38
497 -33
498 -38
499 -12
500 -12
501 -34
502 -12
503 -39
504 -39
505 -34
506 -12
507 -33
508 -38
509 -12
510 -38
511 -34
512 -33
513 -38
514 -34
515 -34
516 -34
517 -33
518 -12
519 -34
520 -33
521 -33
522 -34
523 -34
524 -39
525 -38
526 -34
527 -33
528 -33
529 -38
530 -33
531 -39
532 -38
533 -12
534 -38
535 -33
536 -12
537 -38
538 -12
539 -40
540 -12
541 -39
542 -33
543 -12
544 -33
545 -38
546 -33
547 -33
548 -34
549 -38
550 -39
551 -34
552 -39
553 -33
554 -12
555 -39
556 -34
557 -33
558 -12
559 -34
560 -33
561 -12
562 -39
563 -34
564 -33
565 -38
566 -12
567 -38
568 -39
569 -34
570 -38
571 -38
572 -34
573 -34
574 -38
575 -39
576 -34
577 -38
578 -39
579 -39
580 -39
581 -33
582 -30
583 -28
584 -12
585 -39
586 -34
587 -39
588 -38
589 -49
590 -33
591 -33
592 -12
593 -12
594 -12
595 -33
596 -39
597 -34
598 -12
599 -33
600 -34
601 -12
602 -1786
603 -12
604 -38
605 -38
606 -34
607 -12
608 -39
609 -38
610 -38
611 -12
612 -38
613 -39
614 -39
615 -38
616 -33
617 -33
618 -12
619 -34
620 -34
621 -34
622 -39
623 -33
624 -34
625 -55
626 -38
627 -12
628 -39
629 -12
630 -34
631 -38
632 -12
633 -39
634 -33
635 -38
636 -38
637 -39
638 -38
639 -37
640 -39
641 -12
642 -38
643 -41
644 -39
645 -39
646 -33
647 -34
648 -33
649 -39
650 -39
651 -38
652 -39
653 -38
654 -12
655 -34
656 -34
657 -33
658 -39
659 -33
660 -77
661 -39
662 -33
663 -39
664 -12
665 -39
666 -34
667 -38
668 -39
669 -34
670 -34
671 -33
672 -33
673 -34
674 -39
675 -34
676 -16
677 -39
678 -12
679 -12
680 -34
681 -33
682 -33
683 -34
684 -12
685 -39
686 -33
687 -34
688 -12
689 -39
690 -52
691 -12
692 -12
693 -38
694 -34
695 -34
696 -34
697 -39
698 -38
699 -39
700 -12
701 -33
702 -33
703 -35
704 -38
705 -38
706 -34
707 -38
708 -12
709 -34
710 -38
711 -40
712 -39
713 -38
714 -12
715 -39
716 -12
717 -12
718 -12
719 -39
720 -39
721 -39
722 -22
723 -39
724 -12
725 -40
726 -33
727 -12
728 -38
729 -38
730 -33
731 -38
732 -38
733 -33
734 -33
735 -38
736 -39
737 -34
738 -34
739 -39
740 -39
741 -33
742 -39
743 -33
744 -12
745 -33
746 -34
747 -34
748 -33
749 -39
750 -39
751 -35
752 -34
753 -38
754 -34
755 -12
756 -39
757 -607
758 -33
759 -12
760 -12
761 -38
762 -12
763 -38
764 -54
765 -43
766 -35
767 -39
768 -12
769 -38
770 -38
771 -2177
772 -12
773 -12
774 -34
775 -39
776 -38
777 -43
778 -38
779 -12
780 -39
781 -33
782 -39
783 -38
784 -34
785 -38
786 -33
787 -34
788 -40
789 -39
790 -33
791 -12
792 -34
793 -38
794 -33
795 -39
796 -33
797 -33
798 -33
799 -12
800 -38
801 -38
802 -33
803 -37
804 -38
805 -12
806 -34
807 -34
808 -38
809 -33
810 -33
811 -39
812 -34
813 -55
814 -34
815 -33
816 -12
817 -34
818 -12
819 -33
820 -28
821 -38
822 -39
823 -34
824 -34
825 -43
826 -33
827 -46
828 -12
829 -38
830 -33
831 -34
832 -53
833 -34
834 -38
835 -33
836 -34
837 -12
838 -39
839 -39
840 -34
841 -39
842 -34
843 -38
844 -34
845 -12
846 -38
847 -39
848 -178
849 -12
850 -36
851 -33
852 -39
853 -33
854 -12
855 -38
856 -38
857 -34
858 -12
859 -34
860 -39
861 -33
862 -39
863 -39
864 -34
865 -38
866 -38
867 -33
868 -38
869 -38
870 -34
871 -39
872 -34
873 -38
874 -52
875 -34
876 -33
877 -34
878 -34
879 -39
880 -39
881 -33
882 -39
883 -39
884 -33
885 -38
886 -12
887 -47
888 -12
889 -39
890 -38
891 -34
892 -39
893 -38
894 -39
895 -33
896 -38
897 -13
898 -39
899 -38
900 -38
901 -38
902 -33
903 -33
904 -38
905 -33
906 -39
907 -33
908 -34
909 -33
910 -12
911 -38
912 -38
913 -38
914 -12
915 -34
916 -38
917 -44
918 -39
919 -38
920 -12
921 -38
922 -12
923 -34
924 -38
925 -34
926 -39
927 -39
928 -38
929 -33
930 -39
931 -56
932 -12
933 -33
934 -33
935 -42
936 -39
937 -33
938 -38
939 -34
940 -39
941 -12
942 -39
943 -38
944 -12
945 -12
946 -34
947 -38
948 -38
949 -38
950 -12
951 -39
952 -43
953 -34
954 -38
955 -39
956 -39
957 -39
958 -12
959 -34
960 -33
961 -34
962 -39
963 -37
964 -38
965 -12
966 -38
967 -34
968 -38
969 -38
970 -40
971 -12
972 -12
973 -33
974 -12
975 -12
976 -38
977 -39
978 -12
979 -33
980 -33
981 -34
982 -39
983 -12
984 -34
985 -38
986 -34
987 -39
988 -34
989 -34
990 -38
991 -39
992 -39
993 -34
994 -39
995 -34
996 -33
997 -43
998 -34
999 -38
