0 -34
1 -38
2 -39
3 -43
4 -34
5 -24
6 -24
7 -38
8 -34
9 -33
10 -39
11 -39
12 -38
13 -48
14 -33
15 -24
16 -34
17 -38
18 -34
19 -33
20 -26
21 -38
22 -33
23 -38
24 -39
25 -39
26 -38
27 -34
28 -39
29 -39
30 -34
31 -34
32 -33
33 -38
34 -39
35 -33
36 -34
37 -24
38 -39
39 -24
40 -39
41 -24
42 -33
43 -39
44 -33
45 -38
46 -39
47 -39
48 -27
49 -39
50 -34
51 -38
52 -33
53 -39
54 -39
55 -34
56 -33
57 -33
58 -33
59 -38
60 -33
61 -24
62 -34
63 -39
64 -24
65 -34
66 -1004
67 -24
68 -34
69 -39
70 -39
71 -38
72 -33
73 -39
74 -33
75 -39
76 -24
77 -39
78 -33
79 -38
80 -39
81 -33
82 -38
83 -34
84 -24
85 -24
86 -61
87 -38
88 -839
89 -39
90 -38
91 -33
92 -24
93 -24
94 -38
95 -39
96 -39
97 -34
98 -38
99 -39
100 -38
101 -34
102 -24
103 -38
104 -24
105 -24
106 -39
107 -38
108 -57
109 -1347
110 -33
111 -33
112 -39
113 -33
114 -39
115 -33
116 -24
117 -38
118 -24
119 -39
120 -24
121 -38
122 -39
123 -38
124 -39
125 -34
126 -22
127 -34
128 -34
129 -24
130 -34
131 -33
132 -33
133 -39
134 -33
135 -33
136 -34
137 -24
138 -38
139 -33
140 -24
141 -24
142 -39
143 -34
144 -39
145 -34
146 -33
147 -38
148 -39
149 -24
150 -39
151 -38
152 -56
153 -34
154 -39
155 -57
156 -38
157 -34
158 -33
159 -24
160 -33
161 -225
162 -24
163 -24
164 -38
165 -34
166 -38
167 -62
168 -24
169 -33
170 -39
171 -134
172 -33
173 -38
174 -24
175 -24
176 -34
177 -33
178 -305
179 -39
180 -3006
181 -38
182 -39
183 -39
184 -33
185 -38
186 -38
187 -24
188 -24
189 -34
190 -39
191 -38
192 -39
193 -39
194 -24
195 -38
196 -34
197 -24
198 -38
199 -40
200 -24
201 -33
202 -34
203 -24
204 -34
205 -38
206 -39
207 -24
208 -33
209 -24
210 -39
211 -39
212 -34
213 -24
214 -39
215 -33
216 -35
217 -24
218 -39
219 -24
220 -38
221 -34
222 -39
223 -33
224 -24
225 -24
226 -24
227 -33
228 -39
229 -39
230 -38
231 -34
232 -24
233 -33
234 -33
235 -39
236 -39
237 -39
238 -34
239 -24
240 -39
241 -38
242 -38
243 -24
244 -39
245 -39
246 -38
247 -35
248 -24
249 -38
250 -33
251 -33
252 -34
253 -39
254 -39
255 -38
256 -12506
257 -34
258 -34
259 -34
260 -39
261 -59
262 -39
263 -34
264 -24
265 -33
266 -33
267 -39
268 -38
269 -34
270 -33
271 -33
272 -24
273 -38
274 -25
275 -33
276 -24
277 -38
278 -38
279 -29
280 -34
281 -39
282 -33
283 -24
284 -38
285 -38
286 -38
287 -24
288 -38
289 -39
290 -28
291 -33
292 -38
293 -34
294 -24
295 -39
296 -33
297 -43
298 -38
299 -33
300 -39
301 -24
302 -39
303 -33
304 -33
305 -38
306 -38
307 -33
308 -34
309 -34
310 -39
311 -24
312 -39
313 -24
314 -39
315 -24
316 -33
317 -33
318 -24
319 -24
320 -39
321 -40
322 -24
323 -34
324 -24
325 -22
326 -34
327 -38
328 -24
329 -39
330 -39
331 -34
332 -24
333 -38
334 -24
335 -39
336 -26
337 -24
338 -24
339 -38
340 -34
341 -33
342 -39
343 -34
344 -34
345 -39
346 -34
347 -32
348 -39
349 -38
350 -34
351 -38
352 -34
353 -24
354 -33
355 -39
356 -34
357 -24
358 -24
359 -38
360 -34
361 -38
362 -33
363 -24
364 -34
365 -34
366 -39
367 -24
368 -39
369 -38
370 -33
371 -38
372 -33
373 -38
374 -24
375 -24
376 -34
377 -24
378 -38
379 -24
380 -38
381 -34
382 -43
383 -35
384 -34
385 -34
386 -39
387 -39
388 -38
389 -24
390 -38
391 -38
392 -38
393 -38
394 -3587
395 -39
396 -34
397 -35
398 -34
399 -38
400 -30
401 -24
402 -33
403 -24
404 -34
405 -34
406 -24
407 -38
408 -38
409 -33
410 -39
411 -39
412 -34
413 -33
414 -34
415 -24
416 -34
417 -34
418 -24
419 -40
420 -34
421 -38
422 -39
423 -38
424 -24
425 -39
426 -34
427 -24
428 -33
429 -43
430 -24
431 -28
432 -34
433 -24
434 -43
435 -38
436 -38
437 -44
438 -24
439 -38
440 -39
441 -33
442 -24
443 -34
444 -38
445 -24
446 -39
447 -33
448 -33
449 -38
450 -34
451 -33
452 -39
453 -39
454 -34
455 -33
456 -24
457 -38
458 -39
459 -33
460 -24
461 -34
462 -33
463 -39
464 -24
465 -24
466 -33
467 -39
468 -38
469 -38
470 -34
471 -33
472 -39
473 -34
474 -33
475 -33
476 -24
477 -38
478 -24
479 -34
480 -33
481 -24
482 -24
483 -39
484 -38
485 -38
486 -33
487 -33
488 -39
489 -24
490 -34
491 -39
492 -39
493 -39
494 -24
495 -43
496 -24
497 -24
498 -38
499 -38
500 -24
501 -24
502 -34
503 -39
504 -33
505 -48
506 -39
507 -34
508 -24
509 -33
510 -39
511 -39
512 -24
513 -33
514 -39
515 -39
516 -33
517 -38
518 -38
519 -47
520 -33
521 -33
522 -33
523 -33
524 -40
525 -39
526 -33
527 -24
528 -34
529 -33
530 -34
531 -39
532 -33
533 -34
534 -34
535 -39
536 -33
537 -33
538 -34
539 -33
540 -33
541 -33
542 -24
543 -38
544 -24
545 -34
546 -24
547 -38
548 -38
549 -24
550 -39
551 -24
552 -33
553 -34
554 -33
555 -35
556 -38
557 -34
558 -24
559 -33
560 -39
561 -24
562 -34
563 -33
564 -33
565 -38
566 -38
567 -34
568 -39
569 -39
570 -24
571 -33
572 -38
573 -24
574 -33
575 -33
576 -33
577 -24
578 -1287
579 -33
580 -34
581 -39
582 -33
583 -34
584 -24
585 -34
586 -38
587 -24
588 -33
589 -39
590 -24
591 -38
592 -34
593 -1471
594 -33
595 -33
596 -24
597 -38
598 -39
599 -39
600 -39
601 -39
602 -34
603 -38
604 -38
605 -39
606 -38
607 -42
608 -34
609 -38
610 -34
611 -33
612 -39
613 -33
614 -24
615 -39
616 -39
617 -39
618 -24
619 -33
620 -34
621 -33
622 -33
623 -34
624 -33
625 -24
626 -34
627 -34
628 -34
629 -24
630 -34
631 -34
632 -34
633 -34
634 -33
635 -39
636 -33
637 -34
638 -39
639 -24
640 -39
641 -34
642 -24
643 -39
644 -24
645 -33
646 -34
647 -33
648 -33
649 -39
650 -33
651 -38
652 -39
653 -39
654 -24
655 -33
656 -39
657 -34
658 -38
659 -33
660 -39
661 -39
662 -39
663 -39
664 -33
665 -33
666 -38
667 -38
668 -39
669 -34
670 -39
671 -39
672 -34
673 -39
674 -33
675 -34
676 -39
677 -34
678 -39
679 -39
680 -38
681 -38
682 -24
683 -39
684 -34
685 -24
686 -33
687 -33
688 -24
689 -33
690 -38
691 -38
692 -39
693 -24
694 -34
695 -33
696 -39
697 -39
698 -34
699 -17
700 -39
701 -33
702 -38
703 -38
704 -34
705 -39
706 -34
707 -33
708 -24
709 -34
710 -39
711 -38
712 -34
713 -39
714 -39
715 -24
716 -38
717 -24
718 -38
719 -39
720 -39
721 -34
722 -33
723 -24
724 -24
725 -38
726 -38
727 -39
728 -39
729 -34
730 -39
731 -24
732 -28
733 -33
734 -33
735 -29
736 -33
737 -38
738 -34
739 -1502
740 -33
741 -34
742 -38
743 -34
744 -34
745 -38
746 -33
747 -38
748 -38
749 -39
750 -38
751 -39
752 -39
753 -24
754 -38
755 -24
756 -39
757 -39
758 -38
759 -39
760 -24
761 -38
762 -33
763 -406
764 -24
765 -24
766 -34
767 -24
768 -24
769 -39
770 -24
771 -39
772 -38
773 -33
774 -24
775 -33
776 -34
777 -24
778 -33
779 -24
780 -39
781 -39
782 -24
783 -38
784 -48
785 -24
786 -33
787 -39
788 -55
789 -38
790 -43
791 -39
792 -33
793 -62
794 -24
795 -38
796 -33
797 -33
798 -11
799 -24
800 -58
801 -34
802 -24
803 -33
804 -38
805 -33
806 -34
807 -38
808 -38
809 -34
810 -24
811 -34
812 -38
813 -34
814 -38
815 -33
816 -24
817 -38
818 -38
819 -34
820 -33
821 -33
822 -34
823 -34
824 -38
825 -38
826 -34
827 -39
828 -34
829 -39
830 -38
831 -34
832 -33
833 -38
834 -34
835 -38
836 -24
837 -39
838 -39
839 -38
840 -39
841 -39
842 -34
843 -34
844 -24
845 -14
846 -34
847 -24
848 -24
849 -39
850 -33
851 -53
852 -38
853 -33
854 -24
855 -24
856 -39
857 -33
858 -1376
859 -24
860 -42
861 -33
862 -39
863 -48
864 -34
865 -33
866 -38
867 -24
868 -52
869 -38
870 -38
871 -38
872 -34
873 -33
874 -39
875 -39
876 -39
877 -24
878 -38
879 -38
880 -39
881 -33
882 -34
883 -35
884 -39
885 -38
886 -33
887 -38
888 -24
889 -38
890 -34
891 -24
892 -24
893 -39
894 -39
895 -25
896 -41
897 -26
898 -39
899 -38
900 -24
901 -33
902 -59
903 -33
904 -39
905 -24
906 -33
907 -33
908 -38
909 -38
910 -38
911 -34
912 -33
913 -33
914 -44
915 -34
916 -38
917 -33
918 -24
919 -33
920 -33
921 -33
922 -38
923 -34
924 -24
925 -33
926 -39
927 -24
928 -33
929 -24
930 -24
931 -27
932 -34
933 -39
934 -38
935 -24
936 -39
937 -38
938 -38
939 -33
940 -24
941 -33
942 -33
943 -33
944 -38
945 -24
946 -21
947 -39
948 -30
949 -24
950 -24
951 -39
952 -33
953 -33
954 -34
955 -34
956 -24
957 -24
958 -33
959 -38
960 -39
961 -38
962 -24
963 -39
964 -34
965 -34
966 -33
967 -39
968 -39
969 -39
970 -33
971 -34
972 -38
973 -38
974 -38
975 -24
976 -38
977 -38
978 -39
979 -34
980 -39
981 -39
982 -33
983 -24
984 -33
985 -34
986 -34
987 -24
988 -38
989 -34
990 -38
991 -24
992 -33
993 -38
994 -39
995 -38
996 -39
997 -24
998 -24
999 -38
