0 -39
1 -39
2 -38
3 -38
4 -33
5 -34
6 -38
7 -39
8 -33
9 -12
10 -38
11 -39
12 -33
13 -33
14 -38
15 -33
16 -33
17 -39
18 -12
19 -39
20 -33
21 -12
22 -34
23 -34
24 -38
25 -34
26 -12
27 -34
28 -33
29 -12
30 -38
31 -12
32 -21
33 -33
34 -39
35 -12
36 -12
37 -34
38 -33
39 -38
40 -12
41 -34
42 -38
43 -33
44 -23
45 -38
46 -38
47 -39
48 -34
49 -33
50 -38
51 -34
52 -39
53 -16
54 -12
55 -34
56 -38
57 -39
58 -12
59 -33
60 -12
61 -1733
62 -33
63 -55
64 -38
65 -39
66 -34
67 -33
68 -34
69 -34
70 -12
71 -39
72 -39
73 -34
74 -12
75 -12
76 -33
77 -12
78 -34
79 -33
80 -38
81 -34
82 -38
83 -34
84 -12
85 -34
86 -38
87 -58
88 -38
89 -38
90 -38
91 -12
92 -34
93 -33
94 -39
95 -39
96 -33
97 -38
98 -39
99 -33
100 -12
101 -12
102 -33
103 -34
104 -34
105 -38
106 -12
107 -33
108 -38
109 -34
110 -39
111 -38
112 -34
113 -34
114 -38
115 -34
116 -33
117 -34
118 -12
119 -39
120 -34
121 -38
122 -34
123 -39
124 -33
125 -34
126 -39
127 -39
128 -34
129 -39
130 -33
131 -34
132 -38
133 -34
134 -12
135 -39
136 -39
137 -38
138 -33
139 -38
140 -39
141 -39
142 -38
143 -39
144 -33
145 -33
146 -38
147 -39
148 -39
149 -33
150 -34
151 -12
152 -40
153 -39
154 -38
155 -39
156 -12
157 -38
158 -39
159 -32
160 -12
161 -38
162 -33
163 -39
164 -22
165 -39
166 -34
167 -33
168 -33
169 -33
170 -12
171 -39
172 -33
173 -33
174 -38
175 -12
176 -39
177 -12
178 -38
179 -25
180 -39
181 -39
182 -38
183 -33
184 -38
185 -39
186 -33
187 -12
188 -39
189 -38
190 -39
191 -39
192 -34
193 -34
194 -34
195 -12
196 -34
197 -34
198 -39
199 -12
200 -34
201 -38
202 -12
203 -33
204 -33
205 -12
206 -57
207 -34
208 -39
209 -42
210 -33
211 -34
212 -12
213 -35
214 -12
215 -33
216 -12
217 -39
218 -39
219 -39
220 -33
221 -12
222 -12
223 -30
224 -12
225 -38
226 -33
227 -34
228 -33
229 -38
230 -38
231 -33
232 -43
233 -34
234 -12
235 -39
236 -39
237 -38
238 -33
239 -39
240 -33
241 -39
242 -34
243 -33
244 -12
245 -38
246 -28
247 -39
248 -39
249 -38
250 -34
251 -34
252 -39
253 -12
254 -27
255 -33
256 -12
257 -38
258 -39
259 -39
260 -12
261 -38
262 -38
263 -35
264 -38
265 -39
266 -33
267 -12
268 -12
269 -33
270 -38
271 -33
272 -12
273 -34
274 -34
275 -39
276 -67
277 -34
278 -39
279 -33
280 -34
281 -33
282 -38
283 -33
284 -33
285 -39
286 -34
287 -34
288 -39
289 -33
290 -54
291 -38
292 -33
293 -33
294 -39
295 -12
296 -12
297 -39
298 -33
299 -38
300 -39
301 -33
302 -33
303 -33
304 -33
305 -34
306 -38
307 -39
308 -27
309 -34
310 -33
311 -33
312 -34
313 -12
314 -38
315 -40
316 -34
317 -38
318 -34
319 -38
320 -34
321 -39
322 -33
323 -39
324 -39
325 -12
326 -34
327 -70
328 -39
329 -12
330 -38
331 -39
332 -38
333 -43
334 -33
335 -12
336 -34
337 -43
338 -12
339 -12
340 -12
341 -39
342 -34
343 -34
344 -33
345 -39
346 -42
347 -34
348 -34
349 -39
350 -26
351 -12
352 -33
353 -38
354 -12
355 -12
356 -39
357 -12
358 -33
359 -39
360 -12
361 -34
362 -30
363 -33
364 -12
365 -40
366 -39
367 -30
368 -33
369 -38
370 -34
371 -39
372 -38
373 -34
374 -33
375 -22
376 -12
377 -49
378 -12
379 -34
380 -39
381 -12
382 -39
383 -33
384 -34
385 -12
386 -34
387 -45
388 -39
389 -34
390 -33
391 -34
392 -27
393 -33
394 -34
395 -38
396 -33
397 -39
398 -39
399 -33
400 -34
401 -27
402 -39
403 -22
404 -39
405 -33
406 -39
407 -38
408 -33
409 -33
410 -39
411 -34
412 -39
413 -39
414 -33
415 -34
416 -33
417 -38
418 -34
419 -38
420 -12
421 -39
422 -12
423 -34
424 -12
425 -33
426 -38
427 -34
428 -33
429 -12
430 -34
431 -39
432 -39
433 -33
434 -34
435 -34
436 -39
437 -35
438 -12
439 -1217
440 -34
441 -12
442 -34
443 -12
444 -33
445 -33
446 -12
447 -33
448 -38
449 -12
450 -34
451 -33
452 -12
453 -12
454 -33
455 -34
456 -13
457 -38
458 -39
459 -39
460 -34
461 -34
462 -12
463 -34
464 -39
465 -12
466 -34
467 -34
468 -34
469 -39
470 -12
471 -38
472 -38
473 -39
474 -40
475 -39
476 -12
477 -38
478 -12
479 -38
480 -39
481 -39
482 -33
483 -34
484 -45
485 -33
486 -34
487 -1082
488 -38
489 -39
490 -33
491 -12
492 -34
493 -33
494 -12
495 -38
496 -12
497 -42
498 -38
499 -43
500 -12
501 -12
502 -33
503 -12
504 -38
505 -38
506 -33
507 -39
508 -12
509 -39
510 -12
511 -38
512 -39
513 -33
514 -12
515 -34
516 -34
517 -39
518 -38
519 -12
520 -39
521 -38
522 -38
523 -12
524 -33
525 -39
526 -38
527 -34
528 -38
529 -34
530 -12
531 -12
532 -38
533 -39
534 -40
535 -12
536 -34
537 -38
538 -33
539 -151
540 -34
541 -12
542 -39
543 -12
544 -12
545 -39
546 -39
547 -39
548 -33
549 -33
550 -38
551 -34
552 -39
553 -39
554 -38
555 -33
556 -34
557 -39
558 -38
559 -12
560 -34
561 -39
562 -38
563 -38
564 -34
565 -38
566 -33
567 -38
568 -38
569 -34
570 -38
571 -34
572 -12
573 -39
574 -38
575 -39
576 -12
577 -39
578 -39
579 -33
580 -33
581 -33
582 -39
583 -38
584 -12
585 -12
586 -38
587 -34
588 -38
589 -12
590 -39
591 -33
592 -33
593 -12
594 -37
595 -12
596 -34
597 -39
598 -33
599 -44
600 -39
601 -12
602 -33
603 -33
604 -31
605 -34
606 -38
607 -12
608 -13
609 -38
610 -38
611 -35
612 -34
613 -34
614 -39
615 -39
616 -12
617 -38
618 -45
619 -33
620 -34
621 -34
622 -39
623 -38
624 -33
625 -34
626 -33
627 -34
628 -34
629 -38
630 -33
631 -34
632 -33
633 -12
634 -39
635 -33
636 -33
637 -12
638 -34
639 -62
640 -12
641 -39
642 -39
643 -39
644 -12
645 -33
646 -29
647 -39
648 -38
649 -65
650 -39
651 -22
652 -12
653 -12
654 -100
655 -38
656 -39
657 -34
658 -12
659 -12
660 -12
661 -39
662 -34
663 -33
664 -39
665 -33
666 -38
667 -34
668 -34
669 -34
670 -33
671 -34
672 -39
673 -12
674 -39
675 -34
676 -90
677 -13
678 -27
679 -39
680 -38
681 -39
682 -33
683 -33
684 -26
685 -38
686 -33
687 -38
688 -33
689 -34
690 -39
691 -12
692 -33
693 -38
694 -34
695 -12
696 -12
697 -34
698 -33
699 -12
700 -34
701 -39
702 -12
703 -38
704 -12
705 -40
706 -33
707 -38
708 -33
709 -33
710 -34
711 -39
712 -12
713 -12
714 -34
715 -38
716 -39
717 -33
718 -38
719 -12
720 -38
721 -33
722 -33
723 -12
724 -39
725 -33
726 -39
727 -34
728 -33
729 -38
730 -12
731 -34
732 -12
733 -38
734 -21
735 -33
736 -12
737 -12
738 -39
739 -38
740 -38
741 -33
742 -39
743 -34
744 -33
745 -42
746 -39
747 -38
748 -39
749 -21
750 -34
751 -34
752 -38
753 -34
754 -33
755 -34
756 -34
757 -34
758 -12
759 -38
760 -38
761 -12
762 -12
763 -39
764 -12
765 -34
766 -39
767 -39
768 -34
769 -39
770 -26
771 -12
772 -34
773 -33
774 -39
775 -34
776 -38
777 -34
778 -33
779 -33
780 -33
781 -34
782 -39
783 -12
784 -39
785 -38
786 -33
787 -39
788 -33
789 -12
790 -38
791 -34
792 -12
793 -12
794 -12
795 -12
796 -33
797 -33
798 -35
799 -38
800 -38
801 -38
802 -34
803 -34
804 -33
805 -12
806 -38
807 -38
808 -33
809 -34
810 -12
811 -34
812 -33
813 -33
814 -12
815 -39
816 -54
817 -12
818 -34
819 -39
820 -12
821 -38
822 -34
823 -33
824 -34
825 -33
826 -12
827 -33
828 -35
829 -39
830 -34
831 -38
832 -34
833 -12
834 -12
835 -45
836 -34
837 -12
838 -107
839 -22
840 -39
841 -13
842 -34
843 -12
844 -34
845 -33
846 -34
847 -12
848 -34
849 -33
850 -38
851 -39
852 -34
853 -34
854 -33
855 -34
856 -12
857 -12
858 -34
859 -38
860 -12
861 -33
862 -33
863 -43
864 -38
865 -33
866 -34
867 -38
868 -33
869 -39
870 -33
871 -33
872 -33
873 -34
874 -33
875 -34
876 -39
877 -38
878 -34
879 -34
880 -23
881 -34
882 -39
883 -12
884 -12
885 -33
886 -12
887 -33
888 -38
889 -34
890 -38
891 -38
892 -12
893 -138
894 -34
895 -13
896 -33
897 -33
898 -38
899 -33
900 -39
901 -33
902 -12
903 -34
904 -38
905 -38
906 -39
907 -34
908 -44
909 -34
910 -44
911 -17
912 -38
913 -12
914 -12
915 -39
916 -34
917 -34
918 -34
919 -34
920 -40
921 -38
922 -34
923 -12
924 -12
925 -21
926 -34
927 -34
928 -39
929 -34
930 -38
931 -33
932 -37
933 -33
934 -34
935 -33
936 -39
937 -33
938 -38
939 -38
940 -38
941 -33
942 -12
943 -38
944 -42
945 -12
946 -39
947 -34
948 -33
949 -39
950 -33
951 -34
952 -39
953 -38
954 -33
955 -33
956 -12
957 -34
958 -34
959 -39
960 -38
961 -12
962 -33
963 -34
964 -34
965 -34
966 -39
967 -12
968 -34
969 -34
970 -38
971 -38
972 -38
973 -38
974 -35
975 -34
976 -33
977 -33
978 -39
979 -38
980 -38
981 -12
982 -34
983 -39
984 -34
985 -34
986 -39
987 -39
988 -12
989 -12
990 -33
991 -33
992 -34
993 -38
994 -39
995 -34
996 -38
997 -33
998 -12
999 -12
