0 -12
1 -34
2 -34
3 -34
4 -12
5 -34
6 -39
7 -33
8 -33
9 -33
10 -12
11 -38
12 -34
13 -34
14 -39
15 -34
16 -30
17 -34
18 -40
19 -38
20 -39
21 -38
22 -39
23 -39
24 -55
25 -34
26 -33
27 -34
28 -12
29 -39
30 -12
31 -34
32 -12
33 -39
34 -34
35 -33
36 -39
37 -34
38 -39
39 -33
40 -12
41 -12
42 -12
43 -33
44 -12
45 -38
46 -39
47 -12
48 -25
49 -33
50 -39
51 -33
52 -39
53 -44
54 -39
55 -39
56 -33
57 -12
58 -34
59 -34
60 -12
61 -34
62 -12
63 -34
64 -38
65 -39
66 -39
67 -12
68 -33
69 -12
70 -34
71 -12
72 -12
73 -33
74 -33
75 -34
76 -33
77 -12
78 -12
79 -34
80 -38
81 -33
82 -38
83 -33
84 -34
85 -33
86 -34
87 -42
88 -34
89 -34
90 -39
91 -12
92 -38
93 -38
94 -39
95 -33
96 -12
97 -59
98 -38
99 -33
100 -12
101 -38
102 -34
103 -38
104 -12
105 -12
106 -38
107 -38
108 -12
109 -38
110 -12
111 -12
112 -39
113 -12
114 -33
115 -39
116 -66
117 -38
118 -34
119 -34
120 -12
121 -12
122 -34
123 -39
124 -39
125 -38
126 -38
127 -33
128 -38
129 -12
130 -34
131 -33
132 -12
133 -34
134 -34
135 -33
136 -12
137 -12
138 -12
139 -34
140 -12
141 -33
142 -39
143 -33
144 -37
145 -33
146 -272
147 -12
148 -33
149 -27
150 -33
151 -362
152 -34
153 -38
154 -34
155 -34
156 -34
157 -41
158 -38
159 -34
160 -34
161 -33
162 -12
163 -33
164 -33
165 -39
166 -33
167 -38
168 -38
169 -34
170 -38
171 -39
172 -39
173 -38
174 -38
175 -34
176 -33
177 -13
178 -39
179 -39
180 -88
181 -12
182 -39
183 -39
184 -34
185 -34
186 -34
187 -12
188 -66
189 -12
190 -38
191 -34
192 -34
193 -34
194 -39
195 -39
196 -12
197 -34
198 -39
199 -12
200 -38
201 -38
202 -13
203 -39
204 -38
205 -34
206 -34
207 -39
208 -12
209 -38
210 -12
211 -30
212 -39
213 -39
214 -12
215 -33
216 -38
217 -39
218 -38
219 -27
220 -34
221 -12
222 -74
223 -38
224 -33
225 -34
226 -38
227 -38
228 -39
229 -34
230 -12
231 -33
232 -33
233 -38
234 -39
235 -39
236 -35
237 -38
238 -34
239 -38
240 -35
241 -34
242 -34
243 -33
244 -34
245 -38
246 -29
247 -38
248 -12
249 -34
250 -12
251 -34
252 -33
253 -38
254 -39
255 -12
256 -38
257 -12
258 -39
259 -39
260 -34
261 -39
262 -39
263 -33
264 -33
265 -34
266 -38
267 -33
268 -34
269 -12
270 -39
271 -38
272 -12
273 -29
274 -39
275 -38
276 -34
277 -41
278 -119
279 -34
280 -38
281 -33
282 -38
283 -33
284 -12
285 -33
286 -33
287 -34
288 -12
289 -34
290 -39
291 -34
292 -38
293 -30
294 -33
295 -25
296 -33
297 -34
298 -39
299 -34
300 -38
301 -34
302 -12
303 -33
304 -39
305 -34
306 -34
307 -34
308 -43
309 -34
310 -12
311 -39
312 -12
313 -33
314 -39
315 -39
316 -34
317 -38
318 -39
319 -12
320 -39
321 -34
322 -34
323 -38
324 -34
325 -38
326 -34
327 -38
328 -39
329 -39
330 -39
331 -12
332 -12
333 -39
334 -38
335 -12
336 -12
337 -38
338 -12
339 -38
340 -34
341 -38
342 -34
343 -33
344 -33
345 -43
346 -34
347 -12
348 -29
349 -33
350 -33
351 -33
352 -12
353 -33
354 -12
355 -38
356 -12
357 -34
358 -34
359 -12
360 -12
361 -39
362 -39
363 -167
364 -39
365 -33
366 -12
367 -34
368 -34
369 -12
370 -33
371 -12
372 -12
373 -38
374 -12
375 -39
376 -33
377 -38
378 -12
379 -38
380 -34
381 -12
382 -39
383 -12
384 -12
385 -34
386 -12
387 -34
388 -33
389 -34
390 -12
391 -38
392 -33
393 -38
394 -34
395 -39
396 -33
397 -39
398 -34
399 -39
400 -44
401 -34
402 -38
403 -33
404 -38
405 -33
406 -12
407 -34
408 -12
409 -12
410 -34
411 -33
412 -33
413 -39
414 -34
415 -34
416 -34
417 -33
418 -38
419 -12
420 -34
421 -33
422 -33
423 -12
424 -12
425 -12
426 -39
427 -39
428 -12
429 -26
430 -39
431 -38
432 -39
433 -12
434 -34
435 -34
436 -33
437 -33
438 -39
439 -34
440 -12
441 -39
442 -39
443 -33
444 -39
445 -39
446 -39
447 -39
448 -12
449 -34
450 -34
451 -20
452 -12
453 -39
454 -33
455 -40
456 -214
457 -38
458 -33
459 -33
460 -38
461 -34
462 -38
463 -12
464 -34
465 -39
466 -33
467 -34
468 -39
469 -39
470 -34
471 -34
472 -38
473 -34
474 -34
475 -12
476 -33
477 -33
478 -38
479 -12
480 -38
481 -39
482 -39
483 -39
484 -12
485 -39
486 -49
487 -12
488 -34
489 -39
490 -33
491 -34
492 -33
493 -12
494 -39
495 -38
496 -12
497 -39
498 -38
499 -34
500 -39
501 -38
502 -34
503 -12
504 -39
505 -34
506 -12
507 -38
508 -39
509 -38
510 -34
511 -33
512 -38
513 -33
514 -33
515 -33
516 -33
517 -12
518 -74
519 -34
520 -34
521 -12
522 -12
523 -12
524 -38
525 -12
526 -49
527 -49
528 -34
529 -38
530 -38
531 -39
532 -34
533 -38
534 -12
535 -39
536 -38
537 -34
538 -33
539 -34
540 -38
541 -12
542 -38
543 -33
544 -39
545 -34
546 -12
547 -12
548 -12
549 -38
550 -34
551 -34
552 -34
553 -33
554 -38
555 -12
556 -34
557 -38
558 -12
559 -29
560 -39
561 -39
562 -12
563 -12
564 -33
565 -12
566 -39
567 -13
568 -39
569 -12
570 -34
571 -38
572 -12
573 -38
574 -33
575 -33
576 -38
577 -34
578 -34
579 -12
580 -39
581 -33
582 -34
583 -34
584 -38
585 -43
586 -12
587 -38
588 -12
589 -38
590 -34
591 -39
592 -12
593 -38
594 -33
595 -38
596 -33
597 -33
598 -48
599 -12
600 -38
601 -39
602 -39
603 -38
604 -12
605 -34
606 -33
607 -38
608 -12
609 -39
610 -34
611 -39
612 -39
613 -12
614 -38
615 -38
616 -43
617 -39
618 -39
619 -38
620 -27
621 -12
622 -38
623 -33
624 -38
625 -33
626 -39
627 -33
628 -33
629 -39
630 -34
631 -38
632 -12
633 -38
634 -33
635 -33
636 -39
637 -12
638 -39
639 -34
640 -38
641 -38
642 -39
643 -33
644 -33
645 -34
646 -34
647 -38
648 -39
649 -39
650 -33
651 -39
652 -34
653 -39
654 -38
655 -39
656 -12
657 -33
658 -38
659 -39
660 -12
661 -39
662 -39
663 -33
664 -33
665 -33
666 -39
667 -12
668 -33
669 -39
670 -39
671 -39
672 -39
673 -38
674 -34
675 -39
676 -33
677 -12
678 -39
679 -38
680 -34
681 -34
682 -38
683 -12
684 -33
685 -38
686 -12
687 -34
688 -45
689 -39
690 -33
691 -38
692 -38
693 -33
694 -59
695 -33
696 -33
697 -45
698 -39
699 -39
700 -38
701 -33
702 -34
703 -39
704 -12
705 -38
706 -42
707 -38
708 -33
709 -33
710 -34
711 -34
712 -39
713 -34
714 -34
715 -34
716 -12
717 -39
718 -39
719 -33
720 -12
721 -12
722 -39
723 -38
724 -33
725 -34
726 -33
727 -38
728 -38
729 -33
730 -38
731 -38
732 -12
733 -33
734 -12
735 -38
736 -34
737 -33
738 -33
739 -39
740 -38
741 -34
742 -39
743 -34
744 -33
745 -12
746 -39
747 -34
748 -34
749 -33
750 -12
751 -39
752 -38
753 -39
754 -12
755 -33
756 -34
757 -39
758 -39
759 -39
760 -38
761 -39
762 -34
763 -39
764 -38
765 -33
766 -34
767 -34
768 -12
769 -12
770 -12
771 -12
772 -12
773 -39
774 -12
775 -34
776 -34
777 -38
778 -34
779 -39
780 -38
781 -33
782 -44
783 -12
784 -33
785 -33
786 -34
787 -34
788 -34
789 -29
790 -12
791 -34
792 -12
793 -12
794 -38
795 -34
796 -39
797 -38
798 -39
799 -33
800 -12
801 -17
802 -38
803 -38
804 -38
805 -34
806 -37
807 -12
808 -25
809 -33
810 -33
811 -39
812 -34
813 -12
814 -33
815 -12
816 -12
817 -38
818 -33
819 -45
820 -34
821 -39
822 -38
823 -38
824 -39
825 -34
826 -38
827 -12
828 -39
829 -33
830 -33
831 -38
832 -38
833 -34
834 -33
835 -33
836 -38
837 -39
838 -38
839 -12
840 -34
841 -12
842 -12
843 -12
844 -39
845 -33
846 -34
847 -12
848 -38
849 -34
850 -12
851 -33
852 -33
853 -34
854 -38
855 -39
856 -33
857 -33
858 -33
859 -56
860 -39
861 -34
862 -39
863 -38
864 -42
865 -12
866 -33
867 -34
868 -39
869 -33
870 -33
871 -38
872 -33
873 -12
874 -39
875 -12
876 -33
877 -33
878 -34
879 -12
880 -33
881 -12
882 -38
883 -38
884 -38
885 -38
886 -12
887 -39
888 -38
889 -39
890 -38
891 -12
892 -38
893 -34
894 -38
895 -33
896 -12
897 -38
898 -12
899 -33
900 -33
901 -39
902 -39
903 -12
904 -40
905 -12
906 -34
907 -12
908 -34
909 -38
910 -12
911 -33
912 -12
913 -12
914 -38
915 -38
916 -33
917 -38
918 -34
919 -12
920 -35
921 -39
922 -12
923 -34
924 -39
925 -34
926 -38
927 -38
928 -39
929 -39
930 -12
931 -33
932 -38
933 -12
934 -12
935 -39
936 -34
937 -33
938 -38
939 -33
940 -34
941 -38
942 -12
943 -33
944 -34
945 -33
946 -33
947 -39
948 -38
949 -33
950 -39
951 -12
952 -33
953 -33
954 -39
955 -12
956 -39
957 -12
958 -39
959 -38
960 -38
961 -39
962 -33
963 -33
964 -38
965 -26
966 -12
967 -33
968 -33
969 -38
970 -39
971 -38
972 -38
973 -12
974 -12
975 -34
976 -12
977 -39
978 -38
979 -39
980 -12
981 -12
982 -38
983 -39
984 -12
985 -39
986 -38
987 -38
988 -34
989 -12
990 -39
991 -39
992 -34
993 -40
994 -33
995 -33
996 -38
997 -33
998 -39
999 -39
