0 -39
1 -39
2 -12
3 -33
4 -33
5 -12
6 -39
7 -34
8 -33
9 -38
10 -33
11 -33
12 -38
13 -39
14 -33
15 -12
16 -34
17 -34
18 -39
19 -34
20 -33
21 -12
22 -38
23 -38
24 -39
25 -39
26 -33
27 -33
28 -38
29 -38
30 -12
31 -39
32 -34
33 -33
34 -38
35 -16
36 -33
37 -39
38 -33
39 -39
40 -12
41 -39
42 -34
43 -38
44 -44
45 -34
46 -38
47 -34
48 -38
49 -33
50 -39
51 -38
52 -39
53 -34
54 -33
55 -12
56 -39
57 -34
58 -34
59 -33
60 -38
61 -34
62 -39
63 -12
64 -12
65 -12
66 -34
67 -33
68 -38
69 -34
70 -39
71 -12
72 -38
73 -12
74 -12
75 -34
76 -12
77 -39
78 -34
79 -39
80 -33
81 -5947
82 -38
83 -12
84 -34
85 -33
86 -33
87 -33
88 -37
89 -12
90 -38
91 -12
92 -34
93 -38
94 -38
95 -39
96 -12
97 -33
98 -39
99 -70
100 -39
101 -34
102 -33
103 -38
104 -12
105 -34
106 -38
107 -29
108 -12
109 -12
110 -33
111 -12
112 -34
113 -39
114 -39
115 -39
116 -49
117 -39
118 -12
119 -39
120 -44
121 -39
122 -57
123 -39
124 -56
125 -34
126 -12
127 -12
128 -28
129 -33
130 -38
131 -34
132 -33
133 -38
134 -38
135 -34
136 -39
137 -38
138 -33
139 -12
140 -33
141 -33
142 -33
143 -12
144 -12
145 -33
146 -34
147 -33
148 -38
149 -39
150 -33
151 -39
152 -41
153 -42
154 -34
155 -34
156 -39
157 -12
158 -38
159 -12
160 -38
161 -39
162 -12
163 -33
164 -33
165 -12
166 -38
167 -12
168 -33
169 -12
170 -39
171 -12
172 -38
173 -12
174 -39
175 -12
176 -38
177 -33
178 -39
179 -12
180 -39
181 -33
182 -33
183 -38
184 -12
185 -34
186 -38
187 -12
188 -39
189 -38
190 -38
191 -39
192 -33
193 -12
194 -39
195 -39
196 -39
197 -39
198 -33
199 -39
200 -39
201 -39
202 -39
203 -34
204 -33
205 -12
206 -38
207 -34
208 -33
209 -33
210 -34
211 -39
212 -33
213 -12
214 -39
215 -33
216 -33
217 -38
218 -38
219 -38
220 -34
221 -33
222 -33
223 -34
224 -33
225 -39
226 -12
227 -39
228 -38
229 -38
230 -12
231 -39
232 -39
233 -33
234 -38
235 -33
236 -12
237 -34
238 -33
239 -33
240 -34
241 -12
242 -39
243 -39
244 -33
245 -38
246 -34
247 -33
248 -33
249 -12
250 -34
251 -75
252 -34
253 -12
254 -39
255 -33
256 -12
257 -38
258 -34
259 -62
260 -33
261 -12
262 -33
263 -12
264 -12
265 -34
266 -12
267 -38
268 -33
269 -34
270 -12
271 -12
272 -12
273 -33
274 -12
275 -39
276 -39
277 -34
278 -38
279 -34
280 -33
281 -34
282 -38
283 -38
284 -34
285 -39
286 -34
287 -33
288 -33
289 -38
290 -39
291 -34
292 -39
293 -33
294 -34
295 -38
296 -34
297 -24
298 -39
299 -34
300 -7746
301 -33
302 -12
303 -38
304 -39
305 -40
306 -12
307 -39
308 -38
309 -38
310 -39
311 -38
312 -39
313 -12
314 -34
315 -12
316 -39
317 -34
318 -34
319 -12
320 -60
321 -12
322 -33
323 -12
324 -34
325 -34
326 -33
327 -12
328 -33
329 -34
330 -38
331 -33
332 -38
333 -22
334 -12
335 -34
336 -12
337 -12
338 -33
339 -12
340 -39
341 -33
342 -33
343 -34
344 -38
345 -34
346 -29
347 -12
348 -12
349 -34
350 -12
351 -34
352 -12
353 -33
354 -33
355 -34
356 -39
357 -38
358 -39
359 -34
360 -38
361 -12
362 -34
363 -33
364 -38
365 -39
366 -34
367 -12
368 -49
369 -34
370 -34
371 -33
372 -35
373 -39
374 -39
375 -33
376 -38
377 -34
378 -39
379 -39
380 -36
381 -38
382 -34
383 -33
384 -33
385 -12
386 -33
387 -50
388 -12
389 -38
390 -33
391 -38
392 -33
393 -34
394 -119
395 -39
396 -39
397 -34
398 -39
399 -39
400 -33
401 -34
402 -38
403 -39
404 -254
405 -33
406 -65
407 -12
408 -38
409 -38
410 -38
411 -34
412 -48
413 -38
414 -39
415 -38
416 -34
417 -34
418 -34
419 -38
420 -33
421 -34
422 -34
423 -38
424 -34
425 -38
426 -38
427 -12
428 -34
429 -39
430 -34
431 -38
432 -12
433 -38
434 -33
435 -39
436 -38
437 -39
438 -12
439 -12
440 -39
441 -12
442 -33
443 -33
444 -29
445 -43
446 -39
447 -12
448 -34
449 -12
450 -34
451 -38
452 -34
453 -39
454 -33
455 -39
456 -38
457 -39
458 -12
459 -33
460 -34
461 -34
462 -33
463 -34
464 -34
465 -34
466 -39
467 -38
468 -33
469 -39
470 -34
471 -33
472 -37
473 -33
474 -33
475 -12
476 -34
477 -12
478 -33
479 -39
480 -33
481 -39
482 -12
483 -38
484 -28
485 -12
486 -38
487 -34
488 -39
489 -39
490 -12
491 -38
492 -12
493 -39
494 -34
495 -33
496 -38
497 -34
498 -39
499 -33
500 -34
501 -12
502 -38
503 -12
504 -39
505 -41
506 -33
507 -39
508 -38
509 -33
510 -34
511 -39
512 -38
513 -34
514 -39
515 -38
516 -38
517 -34
518 -38
519 -38
520 -39
521 -12
522 -61
523 -34
524 -33
525 -34
526 -33
527 -12
528 -12
529 -12
530 -33
531 -38
532 -38
533 -38
534 -34
535 -12
536 -39
537 -33
538 -12
539 -12
540 -12
541 -39
542 -49
543 -34
544 -12
545 -34
546 -39
547 -3860
548 -34
549 -39
550 -12
551 -33
552 -12
553 -33
554 -33
555 -12
556 -34
557 -12
558 -33
559 -38
560 -12
561 -12
562 -33
563 -34
564 -34
565 -39
566 -30
567 -39
568 -33
569 -38
570 -34
571 -34
572 -34
573 -33
574 -12
575 -33
576 -33
577 -25
578 -39
579 -34
580 -33
581 -30
582 -12
583 -33
584 -39
585 -12
586 -39
587 -33
588 -38
589 -33
590 -38
591 -34
592 -12
593 -39
594 -38
595 -12
596 -33
597 -34
598 -34
599 -39
600 -39
601 -38
602 -38
603 -38
604 -39
605 -39
606 -39
607 -39
608 -33
609 -39
610 -39
611 -34
612 -12
613 -29
614 -39
615 -33
616 -39
617 -38
618 -12
619 -12
620 -34
621 -34
622 -38
623 -12
624 -12
625 -33
626 -12
627 -12
628 -34
629 -38
630 -39
631 -38
632 -12
633 -33
634 -37
635 -38
636 -34
637 -38
638 -39
639 -44
640 -39
641 -12
642 -39
643 -39
644 -33
645 -33
646 -12
647 -12
648 -33
649 -38
650 -12
651 -38
652 -12
653 -12
654 -33
655 -34
656 -12
657 -38
658 -38
659 -33
660 -12
661 -39
662 -12
663 -12
664 -34
665 -39
666 -38
667 -34
668 -33
669 -12
670 -39
671 -38
672 -33
673 -12
674 -34
675 -12
676 -34
677 -38
678 -39
679 -12
680 -39
681 -39
682 -12
683 -34
684 -33
685 -39
686 -38
687 -34
688 -39
689 -34
690 -39
691 -34
692 -38
693 -34
694 -12
695 -38
696 -34
697 -39
698 -33
699 -34
700 -33
701 -33
702 -39
703 -12
704 -33
705 -34
706 -39
707 -33
708 -38
709 -34
710 -12
711 -12
712 -39
713 -34
714 -34
715 -39
716 -38
717 -34
718 -33
719 -38
720 -38
721 -34
722 -38
723 -33
724 -12
725 -33
726 -39
727 -33
728 -39
729 -38
730 -38
731 -12
732 -21
733 -12
734 -34
735 -34
736 -12
737 -33
738 -39
739 -34
740 -38
741 -33
742 -33
743 -39
744 -38
745 -12
746 -39
747 -39
748 -39
749 -38
750 -38
751 -39
752 -34
753 -16
754 -33
755 -33
756 -39
757 -41
758 -34
759 -49
760 -34
761 -33
762 -33
763 -38
764 -39
765 -39
766 -33
767 -33
768 -33
769 -425
770 -12
771 -33
772 -33
773 -38
774 -34
775 -33
776 -54
777 -39
778 -39
779 -34
780 -12
781 -38
782 -12
783 -33
784 -39
785 -39
786 -12
787 -39
788 -39
789 -40
790 -33
791 -34
792 -38
793 -44
794 -34
795 -39
796 -38
797 -33
798 -33
799 -12
800 -38
801 -38
802 -34
803 -34
804 -38
805 -33
806 -38
807 -12
808 -39
809 -40
810 -39
811 -34
812 -34
813 -12
814 -39
815 -12
816 -38
817 -12
818 -39
819 -38
820 -39
821 -39
822 -38
823 -38
824 -33
825 -38
826 -39
827 -12
828 -34
829 -39
830 -34
831 -12
832 -34
833 -34
834 -33
835 -12
836 -34
837 -38
838 -39
839 -38
840 -34
841 -38
842 -12
843 -12
844 -34
845 -33
846 -39
847 -38
848 -39
849 -39
850 -39
851 -34
852 -43
853 -42
854 -38
855 -34
856 -34
857 -39
858 -34
859 -39
860 -39
861 -38
862 -33
863 -38
864 -38
865 -39
866 -12
867 -33
868 -34
869 -39
870 -39
871 -39
872 -33
873 -12
874 -12
875 -39
876 -34
877 -34
878 -28
879 -33
880 -40
881 -34
882 -39
883 -33
884 -12
885 -33
886 -38
887 -33
888 -12
889 -12
890 -39
891 -39
892 -34
893 -39
894 -38
895 -12
896 -12
897 -39
898 -31
899 -34
900 -33
901 -38
902 -38
903 -34
904 -12
905 -39
906 -38
907 -38
908 -39
909 -33
910 -34
911 -33
912 -12
913 -34
914 -38
915 -38
916 -38
917 -33
918 -33
919 -34
920 -12
921 -38
922 -38
923 -12
924 -384
925 -12
926 -39
927 -39
928 -33
929 -39
930 -38
931 -38
932 -36
933 -38
934 -38
935 -39
936 -33
937 -38
938 -12
939 -38
940 -34
941 -34
942 -33
943 -12
944 -39
945 -39
946 -12
947 -12
948 -38
949 -33
950 -38
951 -12
952 -33
953 -38
954 -34
955 -38
956 -34
957 -39
958 -48
959 -43
960 -38
961 -34
962 -12
963 -33
964 -12
965 -34
966 -33
967 -39
968 -12
969 -34
970 -39
971 -33
972 -34
973 -39
974 -39
975 -38
976 -39
977 -39
978 -34
979 -38
980 -12
981 -12
982 -33
983 -39
984 -12
985 -38
986 -39
987 -33
988 -34
989 -39
990 -39
991 -33
992 -12
993 -38
994 -38
995 -34
996 -33
997 -34
998 -12
999 -34
