0 -39
1 -47
2 -12
3 -34
4 -39
5 -33
6 -39
7 -39
8 -33
9 -34
10 -38
11 -39
12 -34
13 -34
14 -33
15 -33
16 -33
17 -12
18 -34
19 -12
20 -34
21 -34
22 -34
23 -39
24 -34
25 -33
26 -39
27 -33
28 -39
29 -12
30 -12
31 -38
32 -12
33 -39
34 -38
35 -38
36 -30
37 -34
38 -34
39 -12
40 -34
41 -38
42 -33
43 -38
44 -34
45 -34
46 -34
47 -39
48 -34
49 -38
50 -34
51 -39
52 -12
53 -39
54 -33
55 -39
56 -38
57 -34
58 -12
59 -33
60 -35
61 -43
62 -33
63 -13
64 -38
65 -39
66 -39
67 -33
68 -33
69 -38
70 -12
71 -38
72 -38
73 -38
74 -12
75 -12
76 -12
77 -39
78 -39
79 -12
80 -53
81 -33
82 -33
83 -38
84 -12
85 -12
86 -33
87 -33
88 -33
89 -33
90 -33
91 -12
92 -34
93 -33
94 -34
95 -12
96 -33
97 -33
98 -38
99 -38
100 -34
101 -38
102 -33
103 -39
104 -39
105 -43
106 -12
107 -156
108 -33
109 -12
110 -34
111 -38
112 -34
113 -12
114 -38
115 -34
116 -33
117 -39
118 -34
119 -39
120 -33
121 -34
122 -38
123 -33
124 -39
125 -39
126 -39
127 -39
128 -39
129 -12
130 -46
131 -12
132 -12
133 -44
134 -39
135 -33
136 -39
137 -12
138 -34
139 -38
140 -34
141 -38
142 -34
143 -34
144 -38
145 -34
146 -33
147 -12
148 -34
149 -12
150 -180
151 -38
152 -38
153 -39
154 -33
155 -12
156 -12
157 -39
158 -34
159 -39
160 -12
161 -34
162 -38
163 -38
164 -34
165 -33
166 -34
167 -33
168 -12
169 -39
170 -38
171 -38
172 -12
173 -38
174 -38
175 -38
176 -12
177 -39
178 -12
179 -38
180 -295
181 -38
182 -12
183 -12
184 -34
185 -12
186 -33
187 -38
188 -34
189 -39
190 -38
191 -33
192 -33
193 -33
194 -33
195 -39
196 -38
197 -38
198 -38
199 -34
200 -38
201 -12
202 -34
203 -39
204 -33
205 -34
206 -34
207 -34
208 -12
209 -38
210 -12
211 -39
212 -38
213 -33
214 -12
215 -12
216 -12
217 -12
218 -33
219 -13
220 -38
221 -34
222 -12
223 -34
224 -12
225 -34
226 -39
227 -38
228 -38
229 -37
230 -34
231 -38
232 -12
233 -39
234 -33
235 -33
236 -38
237 -38
238 -39
239 -34
240 -38
241 -12
242 -38
243 -12
244 -38
245 -12
246 -33
247 -33
248 -344
249 -34
250 -33
251 -34
252 -34
253 -39
254 -33
255 -47
256 -34
257 -38
258 -34
259 -39
260 -12
261 -34
262 -39
263 -39
264 -49
265 -34
266 -39
267 -33
268 -39
269 -12
270 -34
271 -34
272 -12
273 -48
274 -34
275 -39
276 -38
277 -34
278 -38
279 -38
280 -39
281 -39
282 -12
283 -12
284 -38
285 -34
286 -39
287 -39
288 -34
289 -39
290 -12
291 -39
292 -12
293 -38
294 -39
295 -33
296 -33
297 -12
298 -12
299 -39
300 -39
301 -33
302 -34
303 -33
304 -33
305 -33
306 -12
307 -34
308 -12
309 -38
310 -34
311 -40
312 -38
313 -12
314 -12
315 -39
316 -34
317 -33
318 -33
319 -34
320 -38
321 -39
322 -39
323 -33
324 -34
325 -34
326 -12
327 -34
328 -33
329 -39
330 -39
331 -34
332 -38
333 -12
334 -30
335 -38
336 -38
337 -39
338 -39
339 -33
340 -33
341 -38
342 -38
343 -12
344 -39
345 -12
346 -39
347 -34
348 -12
349 -12
350 -33
351 -12
352 -34
353 -33
354 -38
355 -12
356 -12
357 -34
358 -33
359 -12
360 -33
361 -34
362 -34
363 -38
364 -39
365 -44
366 -34
367 -12
368 -41
369 -38
370 -39
371 -34
372 -26
373 -34
374 -39
375 -38
376 -26
377 -34
378 -39
379 -34
380 -12
381 -38
382 -34
383 -12
384 -38
385 -38
386 -34
387 -33
388 -39
389 -39
390 -34
391 -38
392 -39
393 -12
394 -34
395 -38
396 -12
397 -34
398 -12
399 -33
400 -12
401 -12
402 -39
403 -39
404 -33
405 -12
406 -39
407 -33
408 -33
409 -34
410 -12
411 -34
412 -34
413 -33
414 -12
415 -12
416 -34
417 -38
418 -40
419 -12
420 -38
421 -39
422 -39
423 -33
424 -34
425 -38
426 -33
427 -34
428 -12
429 -33
430 -39
431 -39
432 -38
433 -41
434 -39
435 -34
436 -39
437 -38
438 -12
439 -43
440 -34
441 -39
442 -38
443 -35
444 -21
445 -34
446 -39
447 -12
448 -39
449 -38
450 -39
451 -12
452 -38
453 -38
454 -39
455 -34
456 -12
457 -39
458 -28
459 -12
460 -38
461 -39
462 -38
463 -38
464 -38
465 -12
466 -42
467 -33
468 -12
469 -38
470 -38
471 -34
472 -34
473 -33
474 -39
475 -12
476 -33
477 -34
478 -34
479 -39
480 -12
481 -33
482 -34
483 -33
484 -34
485 -12
486 -39
487 -12
488 -12
489 -33
490 -38
491 -38
492 -38
493 -12
494 -40
495 -34
496 -38
497 -34
498 -33
499 -360
500 -38
501 -38
502 -33
503 -34
504 -13
505 -38
506 -12
507 -12
508 -38
509 -39
510 -38
511 -38
512 -34
513 -39
514 -12
515 -39
516 -39
517 -33
518 -33
519 -38
520 -33
521 -33
522 -39
523 -38
524 -33
525 -38
526 -33
527 -38
528 -39
529 -38
530 -33
531 -39
532 -38
533 -39
534 -12
535 -38
536 -39
537 -12
538 -33
539 -34
540 -390
541 -12
542 -34
543 -38
544 -12
545 -12
546 -33
547 -33
548 -12
549 -39
550 -33
551 -12
552 -39
553 -12
554 -12
555 -12
556 -12
557 -34
558 -39
559 -12
560 -12
561 -38
562 -39
563 -34
564 -12
565 -38
566 -33
567 -34
568 -12
569 -33
570 -39
571 -39
572 -12
573 -38
574 -39
575 -12
576 -271
577 -12
578 -38
579 -34
580 -12
581 -38
582 -34
583 -34
584 -38
585 -38
586 -34
587 -33
588 -38
589 -38
590 -34
591 -13
592 -33
593 -12
594 -12
595 -33
596 -33
597 -38
598 -34
599 -33
600 -39
601 -34
602 -12
603 -38
604 -12
605 -48
606 -12
607 -33
608 -34
609 -38
610 -33
611 -38
612 -38
613 -13
614 -38
615 -33
616 -12
617 -39
618 -33
619 -26
620 -33
621 -38
622 -39
623 -22
624 -12
625 -33
626 -12
627 -33
628 -33
629 -33
630 -33
631 -39
632 -34
633 -34
634 -34
635 -34
636 -38
637 -12
638 -12
639 -39
640 -34
641 -12
642 -39
643 -39
644 -34
645 -34
646 -34
647 -33
648 -27
649 -12
650 -33
651 -38
652 -34
653 -12
654 -33
655 -12
656 -33
657 -33
658 -39
659 -34
660 -39
661 -33
662 -12
663 -39
664 -39
665 -39
666 -34
667 -12
668 -34
669 -33
670 -12
671 -12
672 -39
673 -33
674 -39
675 -12
676 -33
677 -28
678 -34
679 -39
680 -39
681 -33
682 -34
683 -38
684 -12
685 -12
686 -33
687 -39
688 -33
689 -33
690 -39
691 -12
692 -38
693 -34
694 -39
695 -38
696 -34
697 -39
698 -39
699 -39
700 -38
701 -12
702 -34
703 -33
704 -12
705 -12
706 -38
707 -38
708 -39
709 -12
710 -39
711 -33
712 -42
713 -38
714 -39
715 -34
716 -38
717 -38
718 -33
719 -34
720 -34
721 -34
722 -38
723 -38
724 -39
725 -38
726 -39
727 -38
728 -48
729 -12
730 -39
731 -12
732 -39
733 -38
734 -38
735 -38
736 -34
737 -12
738 -12
739 -38
740 -39
741 -34
742 -26
743 -38
744 -33
745 -12
746 -39
747 -39
748 -38
749 -46
750 -38
751 -39
752 -38
753 -33
754 -34
755 -33
756 -33
757 -34
758 -38
759 -12
760 -33
761 -12
762 -12
763 -54
764 -39
765 -33
766 -13
767 -33
768 -39
769 -37
770 -39
771 -39
772 -39
773 -34
774 -223
775 -12
776 -34
777 -34
778 -39
779 -34
780 -12
781 -12
782 -33
783 -34
784 -38
785 -57
786 -39
787 -38
788 -39
789 -39
790 -12
791 -38
792 -12
793 -34
794 -39
795 -34
796 -12
797 -39
798 -34
799 -12
800 -12
801 -33
802 -12
803 -39
804 -12
805 -36
806 -39
807 -39
808 -33
809 -34
810 -39
811 -12
812 -12
813 -38
814 -12
815 -39
816 -12
817 -12
818 -33
819 -39
820 -34
821 -12
822 -38
823 -33
824 -39
825 -33
826 -12
827 -39
828 -34
829 -12
830 -12
831 -12
832 -34
833 -12
834 -39
835 -12
836 -33
837 -39
838 -12
839 -39
840 -38
841 -12
842 -34
843 -12
844 -12
845 -38
846 -34
847 -42
848 -33
849 -39
850 -33
851 -33
852 -33
853 -34
854 -34
855 -12
856 -39
857 -38
858 -38
859 -34
860 -39
861 -34
862 -39
863 -33
864 -40
865 -12
866 -43
867 -38
868 -32
869 -39
870 -38
871 -34
872 -55
873 -39
874 -33
875 -12
876 -12
877 -33
878 -12
879 -39
880 -39
881 -39
882 -38
883 -38
884 -39
885 -38
886 -38
887 -34
888 -38
889 -33
890 -39
891 -12
892 -12
893 -39
894 -33
895 -38
896 -12
897 -33
898 -39
899 -39
900 -33
901 -38
902 -39
903 -33
904 -38
905 -38
906 -39
907 -12
908 -12
909 -39
910 -39
911 -12
912 -34
913 -33
914 -39
915 -33
916 -38
917 -12
918 -39
919 -34
920 -33
921 -39
922 -12
923 -33
924 -34
925 -34
926 -33
927 -38
928 -34
929 -12
930 -33
931 -38
932 -33
933 -53
934 -33
935 -33
936 -33
937 -33
938 -39
939 -33
940 -34
941 -39
942 -39
943 -38
944 -39
945 -38
946 -33
947 -12
948 -12
949 -13
950 -12
951 -33
952 -39
953 -39
954 -34
955 -38
956 -38
957 -33
958 -12
959 -12
960 -38
961 -39
962 -38
963 -38
964 -176
965 -39
966 -12
967 -43
968 -34
969 -39
970 -33
971 -26
972 -34
973 -39
974 -33
975 -50
976 -33
977 -39
978 -39
979 -34
980 -12
981 -39
982 -33
983 -12
984 -38
985 -38
986 -34
987 -33
988 -34
989 -33
990 -12
991 -38
992 -38
993 -39
994 -38
995 -12
996 -39
997 -12
998 -39
999 -33
