0 -12
1 -34
2 -38
3 -39
4 -12
5 -38
6 -34
7 -38
8 -34
9 -33
10 -38
11 -38
12 -33
13 -39
14 -39
15 -37
16 -38
17 -12
18 -33
19 -39
20 -12
21 -12
22 -39
23 -44
24 -12
25 -38
26 -38
27 -39
28 -33
29 -33
30 -39
31 -12
32 -12
33 -39
34 -12
35 -39
36 -39
37 -39
38 -39
39 -38
40 -33
41 -12
42 -34
43 -33
44 -34
45 -28
46 -33
47 -38
48 -33
49 -38
50 -34
51 -34
52 -12
53 -33
54 -33
55 -34
56 -39
57 -33
58 -38
59 -34
60 -33
61 -33
62 -39
63 -34
64 -34
65 -12
66 -33
67 -34
68 -33
69 -39
70 -33
71 -38
72 -34
73 -39
74 -33
75 -34
76 -39
77 -39
78 -34
79 -12
80 -38
81 -12
82 -38
83 -34
84 -33
85 -12
86 -39
87 -38
88 -12
89 -34
90 -38
91 -33
92 -39
93 -39
94 -12
95 -30
96 -12
97 -39
98 -12
99 -34
100 -39
101 -33
102 -34
103 -30
104 -12
105 -33
106 -34
107 -12
108 -34
109 -39
110 -38
111 -38
112 -33
113 -38
114 -34
115 -12
116 -33
117 -33
118 -34
119 -34
120 -39
121 -34
122 -39
123 -12
124 -34
125 -34
126 -39
127 -12
128 -38
129 -34
130 -34
131 -33
132 -34
133 -33
134 -30
135 -39
136 -39
137 -12
138 -12
139 -33
140 -34
141 -38
142 -12
143 -39
144 -39
145 -33
146 -38
147 -12
148 -48
149 -12
150 -38
151 -38
152 -34
153 -38
154 -33
155 -33
156 -38
157 -12
158 -54
159 -39
160 -34
161 -33
162 -12
163 -12
164 -34
165 -29
166 -12
167 -38
168 -33
169 -38
170 -39
171 -38
172 -34
173 -39
174 -39
175 -34
176 -34
177 -39
178 -34
179 -12
180 -38
181 -12
182 -12
183 -38
184 -42
185 -33
186 -43
187 -12
188 -33
189 -33
190 -39
191 -34
192 -12
193 -33
194 -33
195 -38
196 -33
197 -34
198 -12
199 -38
200 -38
201 -35
202 -33
203 -477
204 -12
205 -12
206 -38
207 -54
208 -12
209 -39
210 -38
211 -34
212 -34
213 -39
214 -12
215 -39
216 -34
217 -36
218 -39
219 -33
220 -40
221 -27
222 -39
223 -34
224 -12
225 -34
226 -36
227 -39
228 -39
229 -12
230 -38
231 -38
232 -39
233 -12
234 -39
235 -39
236 -33
237 -38
238 -39
239 -39
240 -34
241 -39
242 -34
243 -38
244 -39
245 -39
246 -33
247 -12
248 -12
249 -34
250 -34
251 -34
252 -33
253 -33
254 -12
255 -34
256 -39
257 -33
258 -12
259 -38
260 -38
261 -38
262 -33
263 -12
264 -39
265 -12
266 -38
267 -12
268 -12
269 -34
270 -12
271 -39
272 -43
273 -34
274 -38
275 -38
276 -38
277 -34
278 -33
279 -34
280 -39
281 -38
282 -39
283 -12
284 -39
285 -39
286 -34
287 -34
288 -38
289 -39
290 -39
291 -33
292 -38
293 -34
294 -38
295 -34
296 -38
297 -34
298 -34
299 -33
300 -12
301 -39
302 -39
303 -38
304 -31
305 -39
306 -33
307 -39
308 -44
309 -34
310 -39
311 -34
312 -34
313 -33
314 -244
315 -12
316 -38
317 -39
318 -34
319 -38
320 -34
321 -12
322 -34
323 -38
324 -33
325 -34
326 -33
327 -38
328 -12
329 -34
330 -34
331 -39
332 -39
333 -34
334 -39
335 -39
336 -39
337 -12
338 -34
339 -34
340 -34
341 -34
342 -39
343 -12
344 -38
345 -34
346 -12
347 -38
348 -39
349 -12
350 -1221
351 -33
352 -34
353 -12
354 -34
355 -38
356 -33
357 -38
358 -38
359 -38
360 -34
361 -33
362 -38
363 -33
364 -42
365 -39
366 -12
367 -12
368 -38
369 -39
370 -12
371 -38
372 -33
373 -12
374 -34
375 -38
376 -34
377 -12
378 -39
379 -39
380 -33
381 -38
382 -22
383 -34
384 -12
385 -12
386 -33
387 -39
388 -39
389 -34
390 -38
391 -12
392 -33
393 -39
394 -33
395 -39
396 -34
397 -33
398 -33
399 -39
400 -34
401 -12
402 -34
403 -12
404 -39
405 -38
406 -12
407 -34
408 -38
409 -34
410 -12
411 -34
412 -33
413 -39
414 -12
415 -12
416 -38
417 -12
418 -33
419 -38
420 -39
421 -12
422 -34
423 -34
424 -38
425 -34
426 -38
427 -33
428 -33
429 -34
430 -34
431 -33
432 -12
433 -12
434 -12
435 -39
436 -12
437 -33
438 -34
439 -12
440 -39
441 -34
442 -12
443 -12
444 -38
445 -38
446 -39
447 -33
448 -34
449 -39
450 -30
451 -33
452 -34
453 -38
454 -33
455 -34
456 -33
457 -33
458 -38
459 -12
460 -33
461 -33
462 -39
463 -33
464 -38
465 -39
466 -34
467 -33
468 -12
469 -38
470 -47
471 -33
472 -33
473 -34
474 -38
475 -38
476 -34
477 -12
478 -39
479 -12
480 -38
481 -34
482 -33
483 -43
484 -39
485 -39
486 -34
487 -38
488 -39
489 -38
490 -38
491 -34
492 -34
493 -39
494 -38
495 -39
496 -34
497 -34
498 -38
499 -12
500 -33
501 -12
502 -12
503 -12
504 -33
505 -34
506 -39
507 -12
508 -12
509 -34
510 -33
511 -38
512 -38
513 -34
514 -39
515 -34
516 -12
517 -39
518 -39
519 -33
520 -39
521 -34
522 -33
523 -12
524 -12
525 -33
526 -33
527 -34
528 -12
529 -12
530 -33
531 -39
532 -12
533 -39
534 -34
535 -33
536 -39
537 -39
538 -34
539 -33
540 -33
541 -39
542 -12
543 -39
544 -61
545 -39
546 -33
547 -12
548 -34
549 -34
550 -33
551 -33
552 -34
553 -46
554 -58
555 -33
556 -792
557 -12
558 -39
559 -39
560 -39
561 -47
562 -39
563 -12
564 -34
565 -36
566 -38
567 -12
568 -39
569 -39
570 -38
571 -33
572 -33
573 -39
574 -12
575 -38
576 -12
577 -39
578 -39
579 -33
580 -70
581 -33
582 -39
583 -39
584 -12
585 -38
586 -38
587 -33
588 -12
589 -33
590 -39
591 -33
592 -39
593 -34
594 -34
595 -33
596 -38
597 -33
598 -33
599 -39
600 -39
601 -38
602 -33
603 -12
604 -39
605 -12
606 -34
607 -38
608 -33
609 -34
610 -33
611 -40
612 -39
613 -39
614 -38
615 -34
616 -34
617 -46
618 -39
619 -33
620 -33
621 -33
622 -34
623 -34
624 -12
625 -39
626 -12
627 -39
628 -38
629 -34
630 -33
631 -33
632 -38
633 -33
634 -12
635 -34
636 -34
637 -35
638 -34
639 -12
640 -39
641 -39
642 -30
643 -39
644 -34
645 -55
646 -12
647 -38
648 -12
649 -34
650 -34
651 -38
652 -39
653 -38
654 -38
655 -38
656 -33
657 -34
658 -38
659 -38
660 -39
661 -21
662 -12
663 -34
664 -39
665 -12
666 -34
667 -34
668 -12
669 -39
670 -12
671 -38
672 -12
673 -12
674 -38
675 -39
676 -33
677 -34
678 -33
679 -34
680 -38
681 -39
682 -38
683 -34
684 -34
685 -34
686 -12
687 -12
688 -33
689 -38
690 -12
691 -34
692 -38
693 -39
694 -38
695 -38
696 -12
697 -38
698 -34
699 -34
700 -38
701 -12
702 -33
703 -33
704 -33
705 -39
706 -39
707 -39
708 -12
709 -38
710 -34
711 -39
712 -12
713 -39
714 -38
715 -33
716 -33
717 -38
718 -39
719 -38
720 -34
721 -12
722 -38
723 -34
724 -34
725 -38
726 -38
727 -12
728 -39
729 -34
730 -33
731 -38
732 -34
733 -38
734 -38
735 -38
736 -38
737 -39
738 -35
739 -12
740 -34
741 -33
742 -48
743 -39
744 -38
745 -33
746 -39
747 -39
748 -38
749 -39
750 -12
751 -38
752 -39
753 -13
754 -38
755 -12
756 -12
757 -33
758 -38
759 -39
760 -33
761 -33
762 -38
763 -39
764 -12
765 -12
766 -38
767 -34
768 -38
769 -34
770 -38
771 -38
772 -39
773 -39
774 -33
775 -38
776 -33
777 -39
778 -39
779 -34
780 -12
781 -33
782 -39
783 -39
784 -12
785 -42
786 -34
787 -34
788 -39
789 -143
790 -43
791 -37
792 -12
793 -34
794 -33
795 -33
796 -39
797 -12
798 -39
799 -34
800 -12
801 -33
802 -33
803 -34
804 -513
805 -33
806 -12
807 -12
808 -34
809 -12
810 -39
811 -33
812 -12
813 -33
814 -38
815 -12
816 -12
817 -33
818 -34
819 -43
820 -39
821 -38
822 -33
823 -34
824 -33
825 -39
826 -33
827 -12
828 -34
829 -33
830 -54
831 -38
832 -12
833 -38
834 -12
835 -38
836 -38
837 -34
838 -30
839 -34
840 -34
841 -38
842 -39
843 -34
844 -43
845 -33
846 -12
847 -34
848 -38
849 -39
850 -12
851 -38
852 -38
853 -33
854 -39
855 -12
856 -34
857 -39
858 -34
859 -12
860 -34
861 -38
862 -34
863 -39
864 -12
865 -33
866 -33
867 -34
868 -38
869 -39
870 -33
871 -34
872 -12
873 -34
874 -38
875 -39
876 -39
877 -39
878 -38
879 -38
880 -33
881 -33
882 -34
883 -12
884 -12
885 -34
886 -12
887 -39
888 -39
889 -12
890 -38
891 -34
892 -34
893 -38
894 -12
895 -28
896 -12
897 -39
898 -12
899 -33
900 -34
901 -12
902 -12
903 -34
904 -54
905 -34
906 -39
907 -33
908 -30
909 -38
910 -34
911 -34
912 -63
913 -33
914 -43
915 -48
916 -33
917 -38
918 -34
919 -34
920 -38
921 -39
922 -34
923 -38
924 -34
925 -38
926 -12
927 -44
928 -33
929 -34
930 -33
931 -34
932 -12
933 -38
934 -12
935 -40
936 -39
937 -12
938 -12
939 -39
940 -39
941 -39
942 -13
943 -34
944 -34
945 -38
946 -33
947 -34
948 -37
949 -29
950 -33
951 -39
952 -39
953 -30
954 -39
955 -38
956 -38
957 -38
958 -38
959 -12
960 -34
961 -39
962 -38
963 -33
964 -38
965 -12
966 -33
967 -38
968 -34
969 -33
970 -33
971 -38
972 -39
973 -39
974 -13
975 -39
976 -38
977 -38
978 -33
979 -35
980 -39
981 -33
982 -33
983 -38
984 -39
985 -33
986 -12
987 -34
988 -33
989 -33
990 -12
991 -38
992 -33
993 -34
994 -34
995 -38
996 -33
997 -34
998 -34
999 -12
