0 -12
1 -12
2 -46
3 -38
4 -34
5 -38
6 -12
7 -39
8 -12
9 -34
10 -33
11 -40
12 -34
13 -39
14 -33
15 -38
16 -38
17 -12
18 -12
19 -34
20 -34
21 -33
22 -22
23 -34
24 -39
25 -12
26 -36
27 -38
28 -38
29 -39
30 -33
31 -34
32 -38
33 -12
34 -38
35 -38
36 -43
37 -33
38 -34
39 -12
40 -38
41 -38
42 -39
43 -38
44 -38
45 -33
46 -34
47 -34
48 -12
49 -12
50 -33
51 -12
52 -39
53 -33
54 -33
55 -12
56 -43
57 -39
58 -38
59 -39
60 -38
61 -34
62 -12
63 -33
64 -34
65 -33
66 -34
67 -12
68 -33
69 -33
70 -38
71 -39
72 -33
73 -33
74 -39
75 -38
76 -34
77 -38
78 -39
79 -39
80 -33
81 -38
82 -12
83 -34
84 -39
85 -38
86 -12
87 -29
88 -38
89 -38
90 -38
91 -34
92 -39
93 -34
94 -30
95 -39
96 -34
97 -12
98 -12
99 -33
100 -33
101 -39
102 -12
103 -50
104 -38
105 -33
106 -39
107 -39
108 -33
109 -555
110 -39
111 -34
112 -12
113 -38
114 -12
115 -34
116 -12
117 -39
118 -33
119 -34
120 -39
121 -45
122 -39
123 -38
124 -12
125 -12
126 -12
127 -12
128 -39
129 -50
130 -12
131 -12
132 -12
133 -34
134 -34
135 -39
136 -39
137 -12
138 -38
139 -39
140 -39
141 -12
142 -39
143 -12
144 -34
145 -34
146 -34
147 -33
148 -38
149 -39
150 -50
151 -38
152 -12
153 -12
154 -39
155 -34
156 -38
157 -33
158 -33
159 -33
160 -33
161 -38
162 -34
163 -33
164 -12
165 -33
166 -34
167 -12
168 -33
169 -34
170 -12
171 -38
172 -34
173 -33
174 -12
175 -39
176 -12
177 -34
178 -33
179 -12
180 -39
181 -38
182 -33
183 -38
184 -33
185 -33
186 -39
187 -39
188 -33
189 -33
190 -38
191 -12
192 -44
193 -38
194 -39
195 -33
196 -39
197 -39
198 -12
199 -12
200 -33
201 -38
202 -39
203 -12
204 -33
205 -33
206 -34
207 -39
208 -39
209 -12
210 -38
211 -39
212 -38
213 -12
214 -38
215 -39
216 -38
217 -39
218 -38
219 -12
220 -34
221 -33
222 -38
223 -39
224 -33
225 -38
226 -12
227 -34
228 -38
229 -38
230 -34
231 -24
232 -34
233 -33
234 -33
235 -34
236 -38
237 -12
238 -54
239 -37
240 -33
241 -38
242 -34
243 -33
244 -34
245 -12
246 -12
247 -53
248 -38
249 -38
250 -34
251 -39
252 -38
253 -38
254 -12
255 -39
256 -34
257 -43
258 -39
259 -34
260 -29
261 -33
262 -39
263 -39
264 -34
265 -39
266 -12
267 -12
268 -39
269 -27
270 -39
271 -34
272 -39
273 -38
274 -38
275 -12
276 -39
277 -12
278 -12
279 -12
280 -39
281 -12
282 -33
283 -33
284 -34
285 -33
286 -12
287 -12
288 -38
289 -38
290 -34
291 -12
292 -34
293 -39
294 -33
295 -12
296 -12
297 -39
298 -12
299 -38
300 -12
301 -12
302 -39
303 -39
304 -12
305 -39
306 -34
307 -33
308 -33
309 -12
310 -33
311 -12
312 -12
313 -12
314 -38
315 -12
316 -12
317 -39
318 -34
319 -34
320 -38
321 -27
322 -12
323 -12
324 -38
325 -53
326 -39
327 -36
328 -34
329 -33
330 -33
331 -12
332 -34
333 -39
334 -33
335 -38
336 -34
337 -38
338 -12
339 -38
340 -40
341 -12
342 -33
343 -12
344 -38
345 -38
346 -34
347 -33
348 -38
349 -39
350 -38
351 -34
352 -38
353 -33
354 -34
355 -33
356 -34
357 -38
358 -33
359 -38
360 -12
361 -33
362 -38
363 -34
364 -34
365 -12
366 -34
367 -33
368 -12
369 -33
370 -38
371 -33
372 -34
373 -38
374 -38
375 -38
376 -38
377 -35
378 -34
379 -38
380 -38
381 -39
382 -12
383 -39
384 -33
385 -39
386 -38
387 -39
388 -38
389 -38
390 -34
391 -47
392 -12
393 -38
394 -38
395 -34
396 -38
397 -34
398 -38
399 -38
400 -33
401 -33
402 -33
403 -12
404 -12
405 -38
406 -39
407 -38
408 -38
409 -33
410 -39
411 -39
412 -34
413 -38
414 -34
415 -12
416 -33
417 -12
418 -12
419 -12
420 -33
421 -33
422 -12
423 -33
424 -39
425 -38
426 -34
427 -33
428 -12
429 -38
430 -12
431 -34
432 -12
433 -33
434 -12
435 -34
436 -12
437 -39
438 -39
439 -39
440 -12
441 -12
442 -50
443 -38
444 -34
445 -33
446 -33
447 -33
448 -38
449 -12
450 -33
451 -21
452 -38
453 -40
454 -12
455 -12
456 -33
457 -12
458 -39
459 -12
460 -12
461 -39
462 -12
463 -34
464 -33
465 -34
466 -33
467 -39
468 -12
469 -39
470 -34
471 -34
472 -34
473 -21
474 -33
475 -38
476 -12
477 -34
478 -34
479 -12
480 -33
481 -30
482 -34
483 -34
484 -34
485 -12
486 -33
487 -33
488 -34
489 -34
490 -39
491 -33
492 -33
493 -34
494 -38
495 -38
496 -38
497 -34
498 -38
499 -34
500 -39
501 -12
502 -39
503 -33
504 -33
505 -33
506 -38
507 -12
508 -38
509 -38
510 -38
511 -34
512 -39
513 -38
514 -39
515 -33
516 -39
517 -33
518 -39
519 -39
520 -327
521 -34
522 -12
523 -12
524 -12
525 -39
526 -39
527 -12
528 -12
529 -39
530 -33
531 -33
532 -34
533 -34
534 -34
535 -38
536 -38
537 -39
538 -38
539 -38
540 -39
541 -54
542 -34
543 -39
544 -39
545 -39
546 -34
547 -39
548 -12
549 -34
550 -38
551 -39
552 -34
553 -39
554 -38
555 -33
556 -39
557 -12
558 -38
559 -34
560 -33
561 -38
562 -33
563 -39
564 -38
565 -34
566 -34
567 -49
568 -34
569 -33
570 -39
571 -38
572 -38
573 -38
574 -34
575 -33
576 -34
577 -38
578 -34
579 -38
580 -33
581 -34
582 -38
583 -12
584 -12
585 -38
586 -39
587 -12
588 -38
589 -33
590 -33
591 -33
592 -38
593 -38
594 -12
595 -39
596 -33
597 -12
598 -33
599 -34
600 -34
601 -39
602 -38
603 -12
604 -38
605 -34
606 -34
607 -38
608 -38
609 -34
610 -12
611 -12
612 -12
613 -33
614 -34
615 -12
616 -39
617 -34
618 -12
619 -34
620 -12
621 -33
622 -38
623 -39
624 -39
625 -12
626 -13
627 -33
628 -34
629 -12
630 -12
631 -38
632 -34
633 -39
634 -33
635 -33
636 -12
637 -38
638 -38
639 -39
640 -33
641 -34
642 -38
643 -34
644 -33
645 -33
646 -34
647 -34
648 -12
649 -34
650 -34
651 -38
652 -40
653 -12
654 -34
655 -39
656 -12
657 -21
658 -38
659 -34
660 -474
661 -12
662 -38
663 -39
664 -43
665 -39
666 -12
667 -38
668 -12
669 -34
670 -33
671 -34
672 -34
673 -12
674 -12
675 -12
676 -33
677 -34
678 -39
679 -39
680 -38
681 -39
682 -12
683 -33
684 -12
685 -34
686 -12
687 -39
688 -58
689 -43
690 -38
691 -34
692 -12
693 -34
694 -33
695 -33
696 -12
697 -34
698 -12
699 -33
700 -34
701 -39
702 -33
703 -12
704 -34
705 -39
706 -39
707 -34
708 -35
709 -38
710 -34
711 -39
712 -34
713 -33
714 -38
715 -39
716 -33
717 -34
718 -38
719 -33
720 -12
721 -12
722 -34
723 -34
724 -34
725 -34
726 -38
727 -12
728 -34
729 -12
730 -39
731 -34
732 -39
733 -33
734 -39
735 -34
736 -33
737 -39
738 -12
739 -34
740 -35
741 -33
742 -12
743 -12
744 -12
745 -12
746 -39
747 -38
748 -34
749 -34
750 -33
751 -34
752 -34
753 -39
754 -12
755 -39
756 -12
757 -33
758 -39
759 -33
760 -12
761 -34
762 -39
763 -12
764 -12
765 -39
766 -34
767 -34
768 -39
769 -38
770 -12
771 -34
772 -12
773 -34
774 -34
775 -33
776 -33
777 -33
778 -38
779 -39
780 -39
781 -40
782 -39
783 -38
784 -38
785 -34
786 -38
787 -34
788 -12
789 -12
790 -34
791 -38
792 -34
793 -39
794 -39
795 -33
796 -33
797 -33
798 -39
799 -34
800 -39
801 -12
802 -34
803 -33
804 -33
805 -34
806 -39
807 -38
808 -39
809 -38
810 -12
811 -33
812 -33
813 -12
814 -33
815 -34
816 -12
817 -38
818 -38
819 -34
820 -39
821 -39
822 -38
823 -33
824 -12
825 -12
826 -12
827 -34
828 -38
829 -39
830 -33
831 -34
832 -34
833 -38
834 -33
835 -12
836 -12
837 -12
838 -38
839 -12
840 -12
841 -34
842 -39
843 -34
844 -12
845 -58
846 -12
847 -34
848 -33
849 -12
850 -12
851 -34
852 -33
853 -34
854 -38
855 -33
856 -33
857 -34
858 -33
859 -33
860 -39
861 -35
862 -39
863 -38
864 -34
865 -30
866 -34
867 -34
868 -33
869 -39
870 -38
871 -34
872 -33
873 -33
874 -33
875 -42
876 -34
877 -12
878 -33
879 -12
880 -12
881 -34
882 -34
883 -33
884 -12
885 -39
886 -38
887 -38
888 -12
889 -38
890 -38
891 -38
892 -33
893 -12
894 -12
895 -38
896 -33
897 -39
898 -38
899 -38
900 -39
901 -34
902 -39
903 -38
904 -12
905 -34
906 -34
907 -260
908 -12
909 -39
910 -12
911 -38
912 -50
913 -39
914 -12
915 -42
916 -38
917 -38
918 -38
919 -34
920 -34
921 -39
922 -12
923 -34
924 -33
925 -38
926 -39
927 -38
928 -39
929 -39
930 -12
931 -39
932 -33
933 -34
934 -39
935 -33
936 -38
937 -3068
938 -34
939 -39
940 -33
941 -39
942 -33
943 -38
944 -34
945 -39
946 -34
947 -33
948 -38
949 -12
950 -12
951 -33
952 -34
953 -38
954 -39
955 -38
956 -53
957 -38
958 -12
959 -33
960 -39
961 -39
962 -39
963 -39
964 -38
965 -34
966 -38
967 -34
968 -33
969 -34
970 -34
971 -38
972 -12
973 -26
974 -39
975 -33
976 -34
977 -145
978 -33
979 -38
980 -53
981 -33
982 -33
983 -33
984 -12
985 -38
986 -33
987 -38
988 -38
989 -39
990 -12
991 -38
992 -33
993 -12
994 -26
995 -33
996 -33
997 -34
998 -12
999 -33
