0 -504
1 -3772
2 -407
3 -55
4 -4871
5 -50
6 -114
7 -62
8 -82
9 -73
10 -114
11 -82
12 -175
13 -25
14 -49
15 -47
16 -1741
17 -432
18 -5556
19 -1476
20 -54
21 -20
22 -71
23 -503
24 -636
25 -346
26 -31
27 -36
28 -1526
29 -3513
30 -3531
31 -24
32 -987
33 -186
34 -49
35 -72
36 -63
37 -49
38 -239
39 -1276
40 -85
41 -67
42 -88
43 -71
44 -97
45 -1517
46 -94
47 -63
48 -149
49 -59
50 -1527
51 -44
52 -959
53 -3411
54 -4766
55 -477
56 -21
57 -38
58 -4761
59 -53
60 -3856
61 -62
62 -1388
63 -547
64 -38
65 -32
66 -43
67 -1247
68 -41
69 -157
70 -618
71 -2535
72 -2750
73 -1672
74 -262
75 -2559
76 -1296
77 -5061
78 -2061
79 -127
80 -114
81 -248
82 -71
83 -67
84 -72
85 -587
86 -1392
87 -40
88 -722
89 -1037
90 -3599
91 -100
92 -3417
93 -2992
94 -68
95 -2312
96 -57
97 -127
98 -1996
99 -42
100 -103
101 -55
102 -972
103 -81
104 -43
105 -1227
106 -44
107 -2991
108 -2504
109 -39
110 -994
111 -68
112 -77
113 -316
114 -1541
115 -1466
116 -70
117 -87
118 -232
119 -182
120 -60
121 -71
122 -1365
123 -147
124 -721
125 -88
126 -44
127 -64
128 -86
129 -48
130 -5447
131 -1056
132 -765
133 -432
134 -92
135 -54
136 -170
137 -677
138 -675
139 -44
140 -9301
141 -47
142 -36
143 -118
144 -61
145 -3442
146 -24
147 -836
148 -124
149 -607
150 -76
151 -813
152 -543
153 -25
154 -98
155 -50
156 -121
157 -49
158 -1606
159 -64
160 -1932
161 -59
162 -114
163 -151
164 -107
165 -281
166 -2454
167 -15
168 -47
169 -807
170 -2054
171 -4122
172 -359
173 -546
174 -34
175 -3646
176 -272
177 -112
178 -363
179 -33
180 -25
181 -1252
182 -2596
183 -182
184 -39
185 -60
186 -37
187 -792
188 -110
189 -1242
190 -1968
191 -2548
192 -1126
193 -97
194 -2792
195 -433
196 -27
197 -46
198 -3222
199 -68
200 -606
201 -27
202 -1874
203 -41
204 -300
205 -54
206 -2122
207 -45
208 -45
209 -347
210 -2357
211 -12
212 -82
213 -80
214 -716
215 -85
216 -130
217 -335
218 -2891
219 -607
220 -92
221 -262
222 -379
223 -102
224 -53
225 -4461
226 -851
227 -588
228 -1081
229 -466
230 -183
231 -2641
232 -34
233 -40
234 -3226
235 -773
236 -120
237 -153
238 -199
239 -173
240 -38
241 -512
242 -41
243 -22
244 -30
245 -45
246 -75
247 -2273
248 -1802
249 -4590
250 -51
251 -60
252 -40
253 -56
254 -59
255 -61
256 -5962
257 -49
258 -11927
259 -90
260 -242
261 -136
262 -60
263 -37
264 -159
265 -74
266 -37
267 -3161
268 -152
269 -320
270 -1806
271 -100
272 -761
273 -195
274 -49
275 -31
276 -2061
277 -4459
278 -1256
279 -36
280 -1839
281 -1381
282 -71
283 -135
284 -58
285 -796
286 -34
287 -2156
288 -60
289 -88
290 -55
291 -151
292 -1557
293 -67
294 -49
295 -41
296 -47
297 -459
298 -87
299 -127
300 -2653
301 -525
302 -367
303 -1758
304 -26
305 -32
306 -41
307 -69
308 -653
309 -3334
310 -238
311 -507
312 -63
313 -438
314 -77
315 -100
316 -41
317 -115
318 -52
319 -1860
320 -347
321 -70
322 -585
323 -1848
324 -497
325 -69
326 -76
327 -82
328 -575
329 -2487
330 -28
331 -2747
332 -45
333 -3639
334 -42
335 -73
336 -64
337 -29
338 -2202
339 -2452
340 -54
341 -2309
342 -77
343 -40
344 -143
345 -87
346 -3381
347 -2761
348 -889
349 -283
350 -1127
351 -70
352 -47
353 -20
354 -767
355 -683
356 -582
357 -25
358 -49
359 -50
360 -19
361 -201
362 -1551
363 -661
364 -87
365 -3854
366 -8282
367 -157
368 -52
369 -52
370 -72
371 -56
372 -58
373 -1766
374 -947
375 -65
376 -78
377 -13
378 -33
379 -212
380 -38
381 -56
382 -70
383 -1041
384 -4537
385 -1561
386 -988
387 -55
388 -2150
389 -17
390 -53
391 -66
392 -29
393 -54
394 -493
395 -38
396 -79
397 -77
398 -903
399 -54
400 -45
401 -1221
402 -40
403 -40
404 -23
405 -24
406 -82
407 -107
408 -1229
409 -42
410 -2035
411 -590
412 -57
413 -3301
414 -2471
415 -65
416 -167
417 -321
418 -1979
419 -250
420 -32
421 -64
422 -50
423 -77
424 -799
425 -131
426 -62
427 -79
428 -48
429 -173
430 -1971
431 -73
432 -58
433 -32
434 -38
435 -6744
436 -60
437 -2332
438 -127
439 -401
440 -27
441 -37
442 -82
443 -541
444 -61
445 -1173
446 -4517
447 -29
448 -66
449 -29
450 -2120
451 -52
452 -358
453 -173
454 -80
455 -416
456 -50
457 -25
458 -2641
459 -697
460 -37
461 -960
462 -36
463 -92
464 -74
465 -70
466 -89
467 -1232
468 -5377
469 -1007
470 -3821
471 -367
472 -1262
473 -190
474 -49
475 -32
476 -3258
477 -28
478 -361
479 -32
480 -1316
481 -59
482 -1303
483 -40
484 -637
485 -57
486 -48
487 -167
488 -45
489 -602
490 -447
491 -611
492 -163
493 -59
494 -735
495 -72
496 -32
497 -43
498 -2862
499 -173
500 -226
501 -90
502 -382
503 -53
504 -143
505 -49
506 -680
507 -1581
508 -357
509 -44
510 -93
511 -45
512 -3871
513 -4917
514 -35
515 -16
516 -1057
517 -27
518 -490
519 -52
520 -83
521 -5077
522 -70
523 -1349
524 -10338
525 -57
526 -134
527 -45
528 -62
529 -35
530 -52
531 -54
532 -1591
533 -106
534 -73
535 -56
536 -221
537 -34
538 -231
539 -1588
540 -62
541 -1237
542 -112
543 -1024
544 -147
545 -65
546 -742
547 -65
548 -52
549 -225
550 -46
551 -1356
552 -76
553 -67
554 -1070
555 -1097
556 -4281
557 -55
558 -302
559 -59
560 -77
561 -155
562 -1057
563 -437
564 -437
565 -35
566 -2477
567 -1596
568 -85
569 -2432
570 -44
571 -281
572 -61
573 -50
574 -1306
575 -123
576 -41
577 -717
578 -1312
579 -220
580 -91
581 -15
582 -2398
583 -376
584 -25
585 -222
586 -21
587 -156
588 -65
589 -1180
590 -361
591 -48
592 -54
593 -852
594 -1462
595 -6031
596 -14
597 -1702
598 -46
599 -219
600 -55
601 -370
602 -488
603 -1489
604 -2046
605 -1812
606 -970
607 -144
608 -43
609 -344
610 -1294
611 -420
612 -741
613 -1439
614 -394
615 -644
616 -1237
617 -523
618 -2556
619 -39
620 -65
621 -89
622 -392
623 -296
624 -56
625 -1307
626 -58
627 -839
628 -3066
629 -2301
630 -67
631 -36
632 -2962
633 -62
634 -354
635 -58
636 -398
637 -94
638 -1943
639 -29
640 -45
641 -126
642 -1523
643 -4996
644 -1510
645 -25
646 -48
647 -4580
648 -56
649 -707
650 -411
651 -49
652 -18
653 -55
654 -62
655 -25
656 -41
657 -571
658 -45
659 -1264
660 -228
661 -60
662 -50
663 -478
664 -69
665 -58
666 -171
667 -46
668 -27
669 -66
670 -29
671 -2015
672 -35
673 -40
674 -79
675 -79
676 -259
677 -928
678 -45
679 -2535
680 -129
681 -72
682 -601
683 -753
684 -616
685 -6087
686 -68
687 -32
688 -1331
689 -63
690 -80
691 -575
692 -1482
693 -103
694 -59
695 -71
696 -41
697 -48
698 -16
699 -28
700 -1336
701 -1921
702 -1331
703 -1558
704 -163
705 -44
706 -59
707 -38
708 -1899
709 -66
710 -1589
711 -15
712 -14
713 -48
714 -53
715 -31
716 -1272
717 -792
718 -34
719 -82
720 -101
721 -5317
722 -1067
723 -1112
724 -212
725 -262
726 -45
727 -1276
728 -464
729 -60
730 -3235
731 -62
732 -32
733 -3944
734 -101
735 -57
736 -394
737 -4058
738 -707
739 -2492
740 -280
741 -131
742 -107
743 -218
744 -642
745 -2916
746 -46
747 -351
748 -75
749 -35
750 -49
751 -55
752 -35
753 -44
754 -83
755 -2211
756 -2314
757 -595
758 -27
759 -11
760 -72
761 -70
762 -2300
763 -228
764 -58
765 -33
766 -2672
767 -38
768 -1504
769 -3741
770 -176
771 -390
772 -93
773 -63
774 -34
775 -24
776 -84
777 -87
778 -20
779 -1828
780 -521
781 -53
782 -201
783 -563
784 -72
785 -118
786 -57
787 -44
788 -2207
789 -866
790 -27
791 -96
792 -5051
793 -1991
794 -1158
795 -25
796 -810
797 -53
798 -26
799 -1834
800 -39
801 -85
802 -13
803 -764
804 -85
805 -91
806 -52
807 -49
808 -2582
809 -45
810 -87
811 -39
812 -132
813 -72
814 -30
815 -1066
816 -48
817 -45
818 -181
819 -19
820 -20
821 -67
822 -2033
823 -37
824 -57
825 -54
826 -162
827 -407
828 -89
829 -47
830 -84
831 -221
832 -12
833 -729
834 -81
835 -190
836 -103
837 -49
838 -42
839 -115
840 -54
841 -61
842 -131
843 -279
844 -2202
845 -166
846 -334
847 -72
848 -54
849 -5230
850 -22
851 -58
852 -133
853 -308
854 -233
855 -136
856 -2349
857 -36
858 -45
859 -31
860 -29
861 -2931
862 -61
863 -59
864 -23
865 -1018
866 -53
867 -85
868 -401
869 -212
870 -36
871 -3062
872 -67
873 -1471
874 -475
875 -778
876 -99
877 -5927
878 -286
879 -54
880 -94
881 -44
882 -92
883 -41
884 -275
885 -2227
886 -1396
887 -3714
888 -754
889 -181
890 -1951
891 -2398
892 -53
893 -1174
894 -210
895 -3225
896 -56
897 -2803
898 -316
899 -97
900 -471
901 -534
902 -2133
903 -164
904 -2176
905 -156
906 -78
907 -2052
908 -342
909 -89
910 -76
911 -702
912 -5227
913 -299
914 -148
915 -447
916 -950
917 -95
918 -31
919 -97
920 -1076
921 -309
922 -179
923 -113
924 -561
925 -80
926 -31
927 -836
928 -62
929 -52
930 -149
931 -51
932 -4302
933 -8331
934 -3268
935 -194
936 -45
937 -82
938 -115
939 -104
940 -109
941 -131
942 -1406
943 -62
944 -490
945 -1511
946 -627
947 -48
948 -1120
949 -38
950 -109
951 -27
952 -107
953 -37
954 -42
955 -60
956 -41
957 -187
958 -178
959 -49
960 -862
961 -96
962 -3666
963 -63
964 -802
965 -2137
966 -74
967 -1507
968 -60
969 -357
970 -108
971 -91
972 -59
973 -197
974 -4821
975 -55
976 -52
977 -35
978 -198
979 -10212
980 -2687
981 -2647
982 -1150
983 -38
984 -46
985 -2058
986 -2480
987 -412
988 -70
989 -112
990 -45
991 -1421
992 -1586
993 -55
994 -52
995 -45
996 -61
997 -4366
998 -616
999 -13
