0 -34
1 -33
2 -39
3 -39
4 -38
5 -38
6 -33
7 -34
8 -34
9 -38
10 -33
11 -39
12 -38
13 -38
14 -21
15 -39
16 -12
17 -38
18 -38
19 -34
20 -12
21 -38
22 -12
23 -38
24 -34
25 -12
26 -38
27 -12
28 -34
29 -39
30 -38
31 -34
32 -12
33 -33
34 -12
35 -33
36 -39
37 -61
38 -38
39 -12
40 -33
41 -38
42 -39
43 -12
44 -34
45 -39
46 -39
47 -34
48 -34
49 -39
50 -42
51 -12
52 -38
53 -39
54 -34
55 -38
56 -33
57 -39
58 -12
59 -38
60 -34
61 -34
62 -39
63 -571
64 -33
65 -38
66 -12
67 -38
68 -12
69 -12
70 -38
71 -34
72 -34
73 -33
74 -38
75 -12
76 -38
77 -12
78 -34
79 -16
80 -38
81 -38
82 -38
83 -33
84 -39
85 -12
86 -33
87 -12
88 -12
89 -38
90 -12
91 -39
92 -38
93 -39
94 -39
95 -34
96 -34
97 -12
98 -12
99 -12
100 -38
101 -33
102 -34
103 -12
104 -39
105 -12
106 -39
107 -34
108 -39
109 -39
110 -12
111 -33
112 -12
113 -39
114 -33
115 -39
116 -39
117 -39
118 -12
119 -12
120 -39
121 -39
122 -49
123 -12
124 -34
125 -12
126 -39
127 -38
128 -39
129 -12
130 -33
131 -34
132 -487
133 -12
134 -38
135 -38
136 -34
137 -39
138 -39
139 -39
140 -34
141 -38
142 -38
143 -34
144 -12
145 -33
146 -33
147 -38
148 -33
149 -34
150 -12
151 -34
152 -12
153 -34
154 -12
155 -39
156 -53
157 -33
158 -38
159 -12
160 -39
161 -39
162 -12
163 -34
164 -39
165 -12
166 -12
167 -38
168 -33
169 -34
170 -12
171 -38
172 -12
173 -34
174 -34
175 -44
176 -33
177 -39
178 -12
179 -33
180 -39
181 -38
182 -39
183 -39
184 -34
185 -34
186 -38
187 -49
188 -33
189 -33
190 -34
191 -33
192 -38
193 -12
194 -12
195 -39
196 -33
197 -12
198 -39
199 -12
200 -38
201 -39
202 -33
203 -33
204 -33
205 -33
206 -43
207 -40
208 -12
209 -39
210 -38
211 -12
212 -38
213 -38
214 -12
215 -37
216 -38
217 -26
218 -12
219 -38
220 -34
221 -39
222 -12
223 -522
224 -12
225 -34
226 -34
227 -12
228 -39
229 -39
230 -34
231 -44
232 -38
233 -38
234 -34
235 -12
236 -39
237 -34
238 -33
239 -39
240 -33
241 -33
242 -38
243 -38
244 -34
245 -12
246 -38
247 -34
248 -38
249 -12
250 -34
251 -38
252 -38
253 -33
254 -38
255 -33
256 -39
257 -34
258 -38
259 -39
260 -12
261 -33
262 -12
263 -33
264 -33
265 -34
266 -38
267 -34
268 -34
269 -34
270 -33
271 -12
272 -33
273 -33
274 -38
275 -34
276 -12
277 -38
278 -12
279 -34
280 -43
281 -34
282 -34
283 -12
284 -34
285 -45
286 -39
287 -12
288 -38
289 -39
290 -35
291 -39
292 -39
293 -34
294 -38
295 -39
296 -34
297 -33
298 -38
299 -34
300 -38
301 -12
302 -34
303 -12
304 -34
305 -33
306 -38
307 -66
308 -34
309 -33
310 -38
311 -33
312 -39
313 -33
314 -38
315 -33
316 -38
317 -38
318 -34
319 -38
320 -12
321 -38
322 -12
323 -33
324 -38
325 -34
326 -34
327 -34
328 -33
329 -34
330 -33
331 -12
332 -33
333 -39
334 -34
335 -33
336 -12
337 -34
338 -33
339 -12
340 -39
341 -38
342 -38
343 -33
344 -38
345 -38
346 -12
347 -39
348 -12
349 -39
350 -39
351 -39
352 -34
353 -38
354 -34
355 -48
356 -12
357 -12
358 -39
359 -33
360 -34
361 -33
362 -34
363 -39
364 -38
365 -38
366 -33
367 -12
368 -33
369 -12
370 -38
371 -34
372 -33
373 -66
374 -34
375 -34
376 -33
377 -333
378 -33
379 -33
380 -33
381 -27
382 -12
383 -39
384 -38
385 -33
386 -38
387 -33
388 -39
389 -48
390 -45
391 -34
392 -38
393 -39
394 -39
395 -33
396 -33
397 -38
398 -34
399 -12
400 -12
401 -33
402 -38
403 -12
404 -39
405 -33
406 -12
407 -39
408 -34
409 -12
410 -33
411 -12
412 -12
413 -12
414 -38
415 -38
416 -33
417 -39
418 -38
419 -38
420 -33
421 -33
422 -29
423 -12
424 -33
425 -12
426 -34
427 -34
428 -34
429 -39
430 -38
431 -38
432 -39
433 -38
434 -33
435 -12
436 -33
437 -290
438 -21
439 -38
440 -12
441 -34
442 -34
443 -39
444 -39
445 -33
446 -12
447 -33
448 -33
449 -34
450 -38
451 -12
452 -33
453 -39
454 -34
455 -38
456 -33
457 -44
458 -34
459 -38
460 -12
461 -34
462 -38
463 -12
464 -33
465 -34
466 -34
467 -38
468 -34
469 -38
470 -38
471 -33
472 -33
473 -66
474 -39
475 -39
476 -12
477 -34
478 -38
479 -33
480 -39
481 -38
482 -34
483 -34
484 -34
485 -12
486 -39
487 -34
488 -45
489 -12
490 -12
491 -33
492 -39
493 -12
494 -34
495 -12
496 -39
497 -39
498 -38
499 -33
500 -38
501 -12
502 -38
503 -34
504 -38
505 -38
506 -33
507 -33
508 -38
509 -38
510 -34
511 -34
512 -34
513 -12
514 -39
515 -39
516 -12
517 -12
518 -42
519 -38
520 -12
521 -38
522 -34
523 -34
524 -39
525 -38
526 -12
527 -39
528 -34
529 -12
530 -34
531 -38
532 -39
533 -38
534 -34
535 -12
536 -34
537 -38
538 -34
539 -40
540 -39
541 -38
542 -38
543 -33
544 -33
545 -33
546 -39
547 -33
548 -12
549 -12
550 -34
551 -12
552 -34
553 -39
554 -33
555 -33
556 -13
557 -34
558 -37
559 -38
560 -33
561 -38
562 -34
563 -39
564 -12
565 -12
566 -34
567 -624
568 -33
569 -33
570 -12
571 -38
572 -39
573 -33
574 -33
575 -38
576 -34
577 -33
578 -38
579 -38
580 -34
581 -33
582 -12
583 -39
584 -39
585 -33
586 -37
587 -12
588 -38
589 -38
590 -38
591 -12
592 -12
593 -34
594 -33
595 -34
596 -34
597 -33
598 -34
599 -33
600 -38
601 -38
602 -39
603 -12
604 -39
605 -34
606 -39
607 -33
608 -33
609 -39
610 -34
611 -34
612 -34
613 -39
614 -39
615 -33
616 -33
617 -33
618 -34
619 -38
620 -38
621 -33
622 -33
623 -33
624 -12
625 -39
626 -34
627 -12
628 -12
629 -34
630 -33
631 -12
632 -33
633 -12
634 -34
635 -34
636 -38
637 -42
638 -34
639 -33
640 -34
641 -38
642 -12
643 -38
644 -38
645 -12
646 -38
647 -39
648 -39
649 -38
650 -33
651 -33
652 -38
653 -38
654 -38
655 -39
656 -33
657 -34
658 -34
659 -69
660 -33
661 -12
662 -38
663 -12
664 -29
665 -12
666 -39
667 -39
668 -38
669 -34
670 -34
671 -33
672 -34
673 -33
674 -33
675 -12
676 -39
677 -39
678 -38
679 -12
680 -33
681 -39
682 -12
683 -42
684 -33
685 -33
686 -12
687 -34
688 -38
689 -39
690 -12
691 -34
692 -34
693 -50
694 -34
695 -39
696 -12
697 -26
698 -30
699 -33
700 -39
701 -34
702 -34
703 -33
704 -34
705 -34
706 -39
707 -38
708 -39
709 -33
710 -34
711 -39
712 -39
713 -38
714 -12
715 -39
716 -34
717 -33
718 -38
719 -12
720 -39
721 -62
722 -39
723 -33
724 -34
725 -34
726 -39
727 -12
728 -33
729 -39
730 -12
731 -33
732 -33
733 -34
734 -38
735 -34
736 -38
737 -34
738 -38
739 -38
740 -39
741 -39
742 -33
743 -33
744 -12
745 -34
746 -39
747 -34
748 -34
749 -34
750 -25
751 -38
752 -38
753 -38
754 -39
755 -39
756 -39
757 -33
758 -39
759 -34
760 -12
761 -38
762 -56
763 -33
764 -39
765 -39
766 -38
767 -33
768 -39
769 -34
770 -12
771 -12
772 -38
773 -38
774 -34
775 -33
776 -33
777 -33
778 -33
779 -39
780 -12
781 -38
782 -38
783 -34
784 -17
785 -33
786 -39
787 -39
788 -12
789 -39
790 -43
791 -39
792 -34
793 -12
794 -34
795 -39
796 -33
797 -33
798 -33
799 -33
800 -39
801 -38
802 -34
803 -38
804 -12
805 -12
806 -50
807 -13
808 -12
809 -33
810 -12
811 -43
812 -39
813 -33
814 -39
815 -12
816 -12
817 -38
818 -34
819 -40
820 -12
821 -33
822 -39
823 -34
824 -39
825 -386
826 -34
827 -39
828 -38
829 -33
830 -12
831 -39
832 -12
833 -38
834 -33
835 -34
836 -39
837 -12
838 -38
839 -38
840 -12
841 -33
842 -38
843 -34
844 -34
845 -34
846 -12
847 -12
848 -38
849 -39
850 -34
851 -39
852 -33
853 -33
854 -12
855 -33
856 -34
857 -39
858 -39
859 -39
860 -38
861 -38
862 -38
863 -38
864 -33
865 -34
866 -38
867 -39
868 -38
869 -39
870 -34
871 -12
872 -12
873 -38
874 -33
875 -34
876 -38
877 -12
878 -33
879 -38
880 -38
881 -102
882 -34
883 -34
884 -12
885 -39
886 -12
887 -34
888 -39
889 -33
890 -38
891 -12
892 -39
893 -39
894 -39
895 -38
896 -34
897 -39
898 -12
899 -48
900 -34
901 -34
902 -39
903 -34
904 -34
905 -39
906 -27
907 -34
908 -38
909 -38
910 -38
911 -38
912 -38
913 -33
914 -33
915 -39
916 -33
917 -33
918 -34
919 -12
920 -12
921 -34
922 -33
923 -33
924 -33
925 -12
926 -33
927 -33
928 -38
929 -34
930 -33
931 -38
932 -38
933 -38
934 -33
935 -43
936 -34
937 -34
938 -12
939 -38
940 -38
941 -38
942 -39
943 -38
944 -38
945 -33
946 -39
947 -34
948 -29
949 -39
950 -38
951 -38
952 -12
953 -34
954 -39
955 -38
956 -39
957 -34
958 -38
959 -39
960 -34
961 -34
962 -38
963 -12
964 -33
965 -33
966 -39
967 -34
968 -33
969 -12
970 -12
971 -12
972 -35
973 -38
974 -38
975 -33
976 -33
977 -33
978 -12
979 -39
980 -12
981 -35
982 -364
983 -34
984 -33
985 -39
986 -12
987 -38
988 -12
989 -38
990 -38
991 -39
992 -34
993 -34
994 -39
995 -12
996 -33
997 -42
998 -39
999 -38
