0 -39
1 -39
2 -38
3 -39
4 -33
5 -38
6 -12
7 -33
8 -33
9 -34
10 -12
11 -34
12 -12
13 -34
14 -39
15 -33
16 -39
17 -24
18 -33
19 -33
20 -34
21 -34
22 -38
23 -39
24 -39
25 -33
26 -38
27 -33
28 -38
29 -34
30 -12
31 -34
32 -39
33 -39
34 -34
35 -12
36 -12
37 -33
38 -12
39 -34
40 -39
41 -39
42 -39
43 -12
44 -12
45 -38
46 -38
47 -12
48 -38
49 -33
50 -34
51 -34
52 -33
53 -33
54 -12
55 -34
56 -33
57 -38
58 -12
59 -12
60 -12
61 -12
62 -39
63 -33
64 -39
65 -37
66 -12
67 -38
68 -38
69 -33
70 -38
71 -38
72 -38
73 -39
74 -38
75 -39
76 -39
77 -33
78 -34
79 -33
80 -12
81 -39
82 -39
83 -33
84 -39
85 -34
86 -34
87 -39
88 -39
89 -12
90 -34
91 -39
92 -39
93 -33
94 -33
95 -38
96 -39
97 -39
98 -33
99 -38
100 -33
101 -33
102 -39
103 -12
104 -34
105 -33
106 -34
107 -34
108 -12
109 -33
110 -39
111 -39
112 -33
113 -22
114 -34
115 -38
116 -12
117 -38
118 -12
119 -12
120 -12
121 -34
122 -34
123 -34
124 -12
125 -12
126 -39
127 -12
128 -38
129 -33
130 -39
131 -38
132 -38
133 -12
134 -12
135 -12
136 -33
137 -33
138 -34
139 -33
140 -33
141 -12
142 -33
143 -12
144 -33
145 -34
146 -33
147 -34
148 -12
149 -38
150 -33
151 -33
152 -38
153 -34
154 -39
155 -39
156 -34
157 -33
158 -12
159 -16
160 -39
161 -33
162 -34
163 -38
164 -38
165 -34
166 -33
167 -33
168 -34
169 -30
170 -39
171 -12
172 -38
173 -33
174 -12
175 -38
176 -33
177 -39
178 -34
179 -33
180 -34
181 -38
182 -38
183 -12
184 -39
185 -38
186 -33
187 -12
188 -38
189 -12
190 -12
191 -33
192 -39
193 -12
194 -34
195 -38
196 -39
197 -38
198 -38
199 -12
200 -38
201 -38
202 -39
203 -835
204 -38
205 -33
206 -33
207 -39
208 -33
209 -34
210 -39
211 -34
212 -39
213 -34
214 -33
215 -74
216 -39
217 -38
218 -34
219 -42
220 -34
221 -38
222 -12
223 -33
224 -38
225 -4470
226 -34
227 -39
228 -38
229 -33
230 -66
231 -34
232 -38
233 -33
234 -39
235 -38
236 -39
237 -39
238 -12
239 -42
240 -38
241 -33
242 -39
243 -34
244 -33
245 -34
246 -38
247 -38
248 -38
249 -37
250 -39
251 -12
252 -12
253 -34
254 -38
255 -34
256 -12
257 -29
258 -39
259 -34
260 -41
261 -39
262 -38
263 -40
264 -12
265 -12
266 -34
267 -39
268 -38
269 -38
270 -33
271 -12
272 -12
273 -34
274 -12
275 -34
276 -44
277 -33
278 -13
279 -12
280 -34
281 -33
282 -34
283 -34
284 -34
285 -39
286 -39
287 -38
288 -34
289 -39
290 -12
291 -12
292 -12
293 -12
294 -38
295 -12
296 -33
297 -33
298 -33
299 -39
300 -38
301 -33
302 -38
303 -39
304 -39
305 -39
306 -34
307 -39
308 -38
309 -12
310 -12
311 -45
312 -38
313 -33
314 -38
315 -39
316 -34
317 -39
318 -52
319 -38
320 -38
321 -34
322 -12
323 -12
324 -34
325 -38
326 -34
327 -39
328 -33
329 -34
330 -12
331 -34
332 -39
333 -34
334 -39
335 -39
336 -39
337 -38
338 -66
339 -12
340 -34
341 -12
342 -39
343 -33
344 -39
345 -12
346 -12
347 -34
348 -34
349 -34
350 -22
351 -39
352 -33
353 -34
354 -33
355 -39
356 -38
357 -38
358 -12
359 -38
360 -39
361 -38
362 -34
363 -34
364 -39
365 -34
366 -34
367 -33
368 -39
369 -12
370 -12
371 -39
372 -38
373 -38
374 -43
375 -39
376 -34
377 -34
378 -38
379 -34
380 -38
381 -38
382 -39
383 -12
384 -34
385 -34
386 -12
387 -34
388 -12
389 -38
390 -33
391 -34
392 -34
393 -39
394 -34
395 -65
396 -34
397 -33
398 -34
399 -12
400 -39
401 -38
402 -12
403 -33
404 -39
405 -39
406 -12
407 -39
408 -39
409 -38
410 -34
411 -12
412 -33
413 -33
414 -12
415 -33
416 -39
417 -33
418 -12
419 -38
420 -12
421 -12
422 -38
423 -39
424 -39
425 -33
426 -38
427 -38
428 -12
429 -53
430 -38
431 -38
432 -13
433 -33
434 -33
435 -38
436 -12
437 -38
438 -12
439 -34
440 -41
441 -39
442 -34
443 -39
444 -38
445 -38
446 -39
447 -34
448 -38
449 -39
450 -33
451 -34
452 -33
453 -13
454 -12
455 -38
456 -38
457 -34
458 -38
459 -34
460 -38
461 -33
462 -12
463 -34
464 -12
465 -33
466 -39
467 -12
468 -33
469 -70
470 -34
471 -12
472 -38
473 -38
474 -33
475 -39
476 -33
477 -34
478 -34
479 -12
480 -38
481 -33
482 -33
483 -34
484 -38
485 -12
486 -34
487 -33
488 -33
489 -39
490 -38
491 -38
492 -39
493 -12
494 -33
495 -38
496 -12
497 -12
498 -33
499 -33
500 -38
501 -12
502 -12
503 -34
504 -12
505 -33
506 -38
507 -38
508 -34
509 -38
510 -34
511 -33
512 -12
513 -12
514 -34
515 -34
516 -38
517 -34
518 -12
519 -31
520 -33
521 -12
522 -38
523 -39
524 -34
525 -38
526 -12
527 -33
528 -12
529 -12
530 -12
531 -39
532 -40
533 -12
534 -33
535 -34
536 -34
537 -33
538 -49
539 -33
540 -35
541 -40
542 -34
543 -39
544 -12
545 -12
546 -38
547 -38
548 -39
549 -39
550 -12
551 -34
552 -12
553 -38
554 -39
555 -38
556 -33
557 -34
558 -34
559 -38
560 -34
561 -38
562 -34
563 -34
564 -38
565 -12
566 -33
567 -34
568 -38
569 -38
570 -54
571 -12
572 -35
573 -12
574 -33
575 -34
576 -40
577 -38
578 -38
579 -34
580 -33
581 -54
582 -33
583 -33
584 -34
585 -12
586 -33
587 -39
588 -12
589 -34
590 -38
591 -37
592 -39
593 -38
594 -38
595 -38
596 -49
597 -12
598 -39
599 -33
600 -33
601 -33
602 -34
603 -34
604 -12
605 -33
606 -33
607 -44
608 -34
609 -12
610 -39
611 -34
612 -34
613 -34
614 -34
615 -34
616 -12
617 -12
618 -12
619 -38
620 -38
621 -34
622 -34
623 -33
624 -39
625 -21
626 -39
627 -39
628 -12
629 -39
630 -619
631 -33
632 -38
633 -33
634 -39
635 -38
636 -35
637 -33
638 -12
639 -12
640 -38
641 -38
642 -33
643 -39
644 -12
645 -38
646 -39
647 -34
648 -33
649 -14
650 -34
651 -34
652 -34
653 -12
654 -12
655 -39
656 -38
657 -38
658 -38
659 -39
660 -38
661 -39
662 -38
663 -43
664 -38
665 -65
666 -38
667 -33
668 -12
669 -34
670 -33
671 -39
672 -12
673 -33
674 -39
675 -34
676 -33
677 -38
678 -39
679 -33
680 -12
681 -38
682 -34
683 -34
684 -34
685 -39
686 -42
687 -39
688 -34
689 -38
690 -33
691 -38
692 -39
693 -38
694 -33
695 -34
696 -38
697 -37
698 -33
699 -12
700 -38
701 -39
702 -38
703 -37
704 -34
705 -12
706 -34
707 -39
708 -39
709 -34
710 -33
711 -1314
712 -33
713 -38
714 -34
715 -43
716 -38
717 -33
718 -34
719 -38
720 -38
721 -43
722 -39
723 -12
724 -38
725 -33
726 -12
727 -39
728 -38
729 -38
730 -39
731 -33
732 -33
733 -12
734 -12
735 -34
736 -12
737 -39
738 -12
739 -34
740 -33
741 -39
742 -44
743 -34
744 -34
745 -39
746 -33
747 -39
748 -33
749 -38
750 -39
751 -39
752 -33
753 -12
754 -49
755 -38
756 -38
757 -33
758 -12
759 -34
760 -34
761 -38
762 -33
763 -33
764 -34
765 -33
766 -34
767 -38
768 -35
769 -39
770 -29
771 -39
772 -12
773 -38
774 -44
775 -38
776 -39
777 -38
778 -39
779 -34
780 -39
781 -228
782 -38
783 -39
784 -39
785 -39
786 -38
787 -12
788 -39
789 -39
790 -12
791 -12
792 -34
793 -12
794 -33
795 -34
796 -12
797 -12
798 -12
799 -34
800 -34
801 -34
802 -38
803 -38
804 -38
805 -40
806 -38
807 -39
808 -12
809 -33
810 -33
811 -34
812 -43
813 -29
814 -38
815 -34
816 -38
817 -38
818 -12
819 -38
820 -12
821 -38
822 -33
823 -38
824 -38
825 -12
826 -57
827 -30
828 -39
829 -12
830 -42
831 -38
832 -33
833 -12
834 -12
835 -12
836 -38
837 -33
838 -12
839 -38
840 -38
841 -38
842 -12
843 -12
844 -34
845 -38
846 -34
847 -12
848 -12
849 -39
850 -33
851 -12
852 -12
853 -34
854 -33
855 -12
856 -34
857 -34
858 -12
859 -39
860 -38
861 -39
862 -34
863 -33
864 -34
865 -34
866 -12
867 -38
868 -12
869 -33
870 -38
871 -38
872 -38
873 -38
874 -38
875 -39
876 -40
877 -38
878 -38
879 -34
880 -39
881 -33
882 -39
883 -34
884 -34
885 -38
886 -33
887 -33
888 -39
889 -25
890 -34
891 -33
892 -33
893 -39
894 -12
895 -38
896 -34
897 -251
898 -33
899 -34
900 -38
901 -12
902 -34
903 -12
904 -38
905 -12
906 -39
907 -38
908 -38
909 -12
910 -12
911 -12
912 -39
913 -33
914 -58
915 -39
916 -33
917 -33
918 -12
919 -39
920 -34
921 -39
922 -47
923 -38
924 -38
925 -38
926 -39
927 -12
928 -38
929 -34
930 -33
931 -12
932 -21
933 -38
934 -38
935 -38
936 -12
937 -38
938 -39
939 -12
940 -39
941 -38
942 -33
943 -12
944 -38
945 -39
946 -12
947 -12
948 -33
949 -34
950 -39
951 -33
952 -39
953 -12
954 -38
955 -38
956 -39
957 -39
958 -34
959 -39
960 -39
961 -33
962 -38
963 -12
964 -39
965 -33
966 -65
967 -12
968 -38
969 -33
970 -34
971 -39
972 -34
973 -34
974 -33
975 -33
976 -39
977 -33
978 -39
979 -33
980 -12
981 -39
982 -39
983 -12
984 -38
985 -38
986 -12
987 -12
988 -42
989 -33
990 -38
991 -39
992 -39
993 -34
994 -12
995 -33
996 -38
997 -12
998 -39
999 -38
