0 -39
1 -12
2 -33
3 -38
4 -34
5 -12
6 -12
7 -33
8 -39
9 -39
10 -38
11 -36
12 -39
13 -39
14 -53
15 -12
16 -39
17 -39
18 -12
19 -54
20 -33
21 -38
22 -12
23 -38
24 -43
25 -38
26 -39
27 -37
28 -34
29 -39
30 -39
31 -38
32 -39
33 -39
34 -39
35 -12
36 -33
37 -12
38 -59
39 -34
40 -38
41 -33
42 -238
43 -34
44 -38
45 -38
46 -34
47 -33
48 -38
49 -49
50 -34
51 -33
52 -12
53 -34
54 -34
55 -38
56 -12
57 -34
58 -12
59 -12
60 -33
61 -502
62 -42
63 -34
64 -39
65 -39
66 -43
67 -34
68 -38
69 -34
70 -39
71 -12
72 -34
73 -12
74 -34
75 -38
76 -33
77 -33
78 -39
79 -38
80 -38
81 -34
82 -38
83 -39
84 -12
85 -39
86 -39
87 -38
88 -28
89 -12
90 -33
91 -38
92 -34
93 -12
94 -39
95 -39
96 -33
97 -33
98 -38
99 -39
100 -38
101 -39
102 -39
103 -38
104 -34
105 -39
106 -12
107 -21
108 -38
109 -12
110 -33
111 -34
112 -33
113 -12
114 -39
115 -33
116 -34
117 -34
118 -34
119 -38
120 -12
121 -39
122 -12
123 -33
124 -33
125 -34
126 -34
127 -34
128 -34
129 -39
130 -12
131 -34
132 -34
133 -33
134 -38
135 -38
136 -12
137 -38
138 -38
139 -34
140 -38
141 -62
142 -12
143 -33
144 -38
145 -33
146 -34
147 -39
148 -33
149 -39
150 -33
151 -38
152 -38
153 -39
154 -43
155 -39
156 -12
157 -42
158 -39
159 -34
160 -38
161 -12
162 -12
163 -34
164 -34
165 -12
166 -39
167 -39
168 -34
169 -12
170 -12
171 -39
172 -38
173 -39
174 -39
175 -34
176 -33
177 -12
178 -39
179 -39
180 -39
181 -33
182 -12
183 -12
184 -39
185 -34
186 -12
187 -38
188 -38
189 -39
190 -38
191 -33
192 -38
193 -34
194 -39
195 -34
196 -39
197 -38
198 -12
199 -33
200 -38
201 -39
202 -12
203 -39
204 -33
205 -38
206 -34
207 -33
208 -38
209 -39
210 -12
211 -34
212 -38
213 -39
214 -53
215 -38
216 -38
217 -12
218 -38
219 -33
220 -34
221 -49
222 -34
223 -33
224 -12
225 -33
226 -39
227 -34
228 -31
229 -12
230 -39
231 -12
232 -39
233 -33
234 -38
235 -34
236 -12
237 -12
238 -34
239 -39
240 -38
241 -38
242 -39
243 -39
244 -38
245 -33
246 -33
247 -34
248 -38
249 -39
250 -39
251 -33
252 -33
253 -39
254 -39
255 -34
256 -39
257 -38
258 -12
259 -39
260 -34
261 -12
262 -39
263 -12
264 -38
265 -12
266 -38
267 -38
268 -34
269 -39
270 -39
271 -12
272 -39
273 -38
274 -34
275 -35
276 -39
277 -38
278 -12
279 -39
280 -586
281 -39
282 -33
283 -33
284 -12
285 -34
286 -39
287 -12
288 -38
289 -12
290 -38
291 -34
292 -34
293 -33
294 -38
295 -57
296 -34
297 -12
298 -39
299 -33
300 -38
301 -40
302 -38
303 -12
304 -12
305 -34
306 -33
307 -33
308 -38
309 -38
310 -12
311 -43
312 -33
313 -33
314 -38
315 -34
316 -34
317 -39
318 -33
319 -34
320 -39
321 -33
322 -34
323 -12
324 -39
325 -12
326 -35
327 -33
328 -39
329 -33
330 -26
331 -39
332 -38
333 -12
334 -43
335 -34
336 -34
337 -33
338 -38
339 -34
340 -39
341 -39
342 -34
343 -39
344 -12
345 -38
346 -39
347 -34
348 -34
349 -39
350 -33
351 -33
352 -39
353 -34
354 -12
355 -12
356 -12
357 -38
358 -34
359 -33
360 -39
361 -34
362 -12
363 -12
364 -39
365 -12
366 -12
367 -34
368 -33
369 -12
370 -38
371 -12
372 -34
373 -38
374 -34
375 -12
376 -38
377 -34
378 -38
379 -33
380 -35
381 -38
382 -12
383 -34
384 -12
385 -39
386 -33
387 -39
388 -34
389 -39
390 -39
391 -38
392 -38
393 -12
394 -34
395 -34
396 -38
397 -39
398 -33
399 -33
400 -12
401 -12
402 -39
403 -38
404 -33
405 -12
406 -33
407 -12
408 -12
409 -12
410 -38
411 -33
412 -39
413 -33
414 -34
415 -33
416 -34
417 -33
418 -38
419 -34
420 -38
421 -39
422 -38
423 -31
424 -39
425 -39
426 -38
427 -33
428 -38
429 -38
430 -38
431 -12
432 -38
433 -34
434 -39
435 -34
436 -39
437 -33
438 -33
439 -33
440 -34
441 -39
442 -33
443 -33
444 -12
445 -34
446 -34
447 -12
448 -38
449 -39
450 -38
451 -39
452 -39
453 -12
454 -33
455 -34
456 -34
457 -12
458 -38
459 -34
460 -39
461 -34
462 -39
463 -33
464 -50
465 -38
466 -38
467 -12
468 -34
469 -38
470 -34
471 -12
472 -34
473 -12
474 -34
475 -38
476 -39
477 -38
478 -39
479 -39
480 -39
481 -34
482 -34
483 -34
484 -39
485 -39
486 -12
487 -33
488 -12
489 -38
490 -33
491 -38
492 -33
493 -43
494 -38
495 -34
496 -33
497 -34
498 -12
499 -38
500 -39
501 -12
502 -33
503 -34
504 -2186
505 -38
506 -34
507 -52
508 -33
509 -31
510 -33
511 -34
512 -12
513 -38
514 -33
515 -39
516 -39
517 -39
518 -23
519 -34
520 -12
521 -39
522 -38
523 -33
524 -12
525 -12
526 -38
527 -38
528 -38
529 -33
530 -34
531 -12
532 -33
533 -12
534 -33
535 -38
536 -39
537 -33
538 -34
539 -12
540 -38
541 -12
542 -38
543 -12
544 -39
545 -39
546 -38
547 -12
548 -33
549 -39
550 -38
551 -34
552 -39
553 -34
554 -34
555 -33
556 -34
557 -12
558 -34
559 -39
560 -39
561 -12
562 -34
563 -33
564 -34
565 -33
566 -39
567 -33
568 -33
569 -39
570 -38
571 -33
572 -38
573 -38
574 -12
575 -3452
576 -43
577 -12
578 -39
579 -12
580 -12
581 -24
582 -34
583 -39
584 -26
585 -38
586 -39
587 -38
588 -39
589 -39
590 -33
591 -38
592 -39
593 -34
594 -12
595 -53
596 -39
597 -33
598 -34
599 -38
600 -33
601 -38
602 -12
603 -12
604 -33
605 -34
606 -34
607 -37
608 -38
609 -34
610 -33
611 -39
612 -12
613 -39
614 -33
615 -38
616 -33
617 -12
618 -12
619 -33
620 -38
621 -34
622 -39
623 -39
624 -34
625 -38
626 -12
627 -34
628 -12
629 -33
630 -12
631 -47
632 -39
633 -34
634 -38
635 -12
636 -38
637 -33
638 -33
639 -12
640 -39
641 -38
642 -30
643 -22
644 -39
645 -38
646 -38
647 -38
648 -48
649 -33
650 -33
651 -33
652 -38
653 -34
654 -12
655 -34
656 -39
657 -33
658 -39
659 -34
660 -12
661 -17
662 -38
663 -35
664 -39
665 -33
666 -33
667 -34
668 -33
669 -34
670 -55
671 -33
672 -33
673 -33
674 -28
675 -38
676 -33
677 -33
678 -38
679 -34
680 -34
681 -33
682 -34
683 -38
684 -34
685 -12
686 -33
687 -38
688 -12
689 -34
690 -33
691 -33
692 -12
693 -12
694 -33
695 -33
696 -39
697 -34
698 -12
699 -33
700 -34
701 -33
702 -12
703 -24
704 -38
705 -33
706 -34
707 -33
708 -33
709 -38
710 -38
711 -45
712 -39
713 -39
714 -39
715 -12
716 -38
717 -39
718 -38
719 -33
720 -34
721 -12
722 -38
723 -12
724 -38
725 -12
726 -39
727 -1678
728 -39
729 -38
730 -38
731 -39
732 -33
733 -12
734 -28
735 -39
736 -34
737 -34
738 -38
739 -39
740 -39
741 -33
742 -12
743 -38
744 -12
745 -34
746 -33
747 -33
748 -38
749 -34
750 -38
751 -38
752 -12
753 -12
754 -21
755 -37
756 -12
757 -12
758 -70
759 -34
760 -12
761 -12
762 -38
763 -39
764 -33
765 -12
766 -38
767 -38
768 -38
769 -33
770 -34
771 -39
772 -38
773 -39
774 -27
775 -33
776 -34
777 -33
778 -34
779 -38
780 -33
781 -33
782 -39
783 -38
784 -34
785 -38
786 -34
787 -34
788 -35
789 -38
790 -38
791 -34
792 -12
793 -34
794 -33
795 -38
796 -12
797 -39
798 -39
799 -39
800 -33
801 -39
802 -12
803 -33
804 -38
805 -34
806 -38
807 -38
808 -38
809 -38
810 -38
811 -38
812 -38
813 -33
814 -38
815 -12
816 -38
817 -33
818 -33
819 -34
820 -48
821 -12
822 -39
823 -12
824 -34
825 -39
826 -34
827 -33
828 -33
829 -12
830 -12
831 -34
832 -12
833 -49
834 -34
835 -39
836 -34
837 -12
838 -38
839 -34
840 -33
841 -33
842 -34
843 -34
844 -33
845 -34
846 -39
847 -34
848 -12
849 -39
850 -33
851 -12
852 -38
853 -33
854 -38
855 -12
856 -12
857 -34
858 -39
859 -12
860 -12
861 -43
862 -39
863 -38
864 -33
865 -39
866 -12
867 -39
868 -39
869 -33
870 -12
871 -33
872 -34
873 -40
874 -39
875 -33
876 -12
877 -12
878 -34
879 -12
880 -33
881 -66
882 -35
883 -39
884 -12
885 -38
886 -33
887 -39
888 -33
889 -12
890 -39
891 -33
892 -12
893 -38
894 -38
895 -33
896 -39
897 -12
898 -38
899 -12
900 -34
901 -12
902 -12
903 -33
904 -12
905 -39
906 -33
907 -38
908 -33
909 -33
910 -44
911 -12
912 -39
913 -39
914 -38
915 -38
916 -34
917 -38
918 -12
919 -33
920 -34
921 -38
922 -39
923 -38
924 -39
925 -34
926 -33
927 -38
928 -39
929 -12
930 -12
931 -12
932 -39
933 -34
934 -38
935 -39
936 -38
937 -38
938 -33
939 -38
940 -33
941 -34
942 -12
943 -33
944 -34
945 -12
946 -12
947 -12
948 -34
949 -38
950 -34
951 -12
952 -57
953 -54
954 -33
955 -12
956 -39
957 -12
958 -38
959 -70
960 -38
961 -12
962 -33
963 -39
964 -39
965 -38
966 -39
967 -38
968 -34
969 -35
970 -34
971 -34
972 -34
973 -38
974 -39
975 -33
976 -12
977 -33
978 -39
979 -35
980 -12
981 -34
982 -34
983 -34
984 -38
985 -34
986 -38
987 -39
988 -12
989 -34
990 -12
991 -34
992 -12
993 -39
994 -33
995 -12
996 -33
997 -38
998 -22
999 -39
