0 -38
1 -34
2 -39
3 -34
4 -39
5 -38
6 -40
7 -33
8 -33
9 -39
10 -34
11 -33
12 -34
13 -29
14 -33
15 -33
16 -38
17 -38
18 -38
19 -12
20 -39
21 -49
22 -38
23 -34
24 -34
25 -12
26 -34
27 -39
28 -38
29 -33
30 -38
31 -39
32 -33
33 -39
34 -12
35 -34
36 -92
37 -34
38 -30
39 -38
40 -34
41 -38
42 -39
43 -38
44 -39
45 -34
46 -38
47 -33
48 -12
49 -34
50 -38
51 -12
52 -38
53 -12
54 -12
55 -33
56 -34
57 -38
58 -587
59 -12
60 -38
61 -34
62 -38
63 -34
64 -33
65 -38
66 -38
67 -34
68 -33
69 -33
70 -34
71 -38
72 -39
73 -33
74 -39
75 -33
76 -34
77 -38
78 -34
79 -34
80 -38
81 -34
82 -39
83 -33
84 -33
85 -12
86 -39
87 -38
88 -33
89 -38
90 -44
91 -48
92 -34
93 -33
94 -38
95 -33
96 -33
97 -12
98 -39
99 -12
100 -34
101 -38
102 -33
103 -35
104 -39
105 -39
106 -39
107 -38
108 -34
109 -33
110 -39
111 -34
112 -39
113 -33
114 -38
115 -38
116 -33
117 -39
118 -12
119 -34
120 -41
121 -34
122 -38
123 -33
124 -38
125 -39
126 -34
127 -12
128 -42
129 -34
130 -38
131 -33
132 -33
133 -12
134 -34
135 -38
136 -33
137 -33
138 -38
139 -42
140 -34
141 -12
142 -12
143 -33
144 -34
145 -34
146 -38
147 -12
148 -38
149 -33
150 -34
151 -33
152 -34
153 -38
154 -33
155 -33
156 -12
157 -39
158 -33
159 -34
160 -12
161 -39
162 -38
163 -39
164 -33
165 -34
166 -38
167 -33
168 -38
169 -38
170 -12
171 -38
172 -39
173 -12
174 -34
175 -39
176 -34
177 -34
178 -28
179 -34
180 -12
181 -38
182 -39
183 -38
184 -33
185 -34
186 -12
187 -34
188 -12
189 -34
190 -34
191 -38
192 -33
193 -39
194 -34
195 -34
196 -12
197 -33
198 -34
199 -38
200 -39
201 -34
202 -38
203 -33
204 -12
205 -38
206 -34
207 -12
208 -33
209 -38
210 -39
211 -12
212 -12
213 -39
214 -39
215 -39
216 -12
217 -34
218 -12
219 -12
220 -38
221 -34
222 -34
223 -39
224 -33
225 -34
226 -33
227 -39
228 -38
229 -33
230 -31
231 -38
232 -39
233 -12
234 -39
235 -33
236 -34
237 -39
238 -38
239 -33
240 -39
241 -12
242 -12
243 -43
244 -34
245 -34
246 -39
247 -33
248 -38
249 -38
250 -38
251 -39
252 -33
253 -38
254 -39
255 -38
256 -38
257 -34
258 -33
259 -39
260 -39
261 -33
262 -43
263 -39
264 -34
265 -38
266 -34
267 -33
268 -38
269 -39
270 -12
271 -38
272 -33
273 -39
274 -12
275 -39
276 -34
277 -12
278 -12
279 -34
280 -33
281 -59
282 -39
283 -33
284 -34
285 -12
286 -39
287 -33
288 -39
289 -51
290 -34
291 -34
292 -12
293 -33
294 -34
295 -38
296 -34
297 -34
298 -12
299 -39
300 -35
301 -39
302 -34
303 -33
304 -12
305 -39
306 -34
307 -12
308 -12
309 -38
310 -12
311 -12
312 -12
313 -34
314 -12
315 -34
316 -34
317 -12
318 -33
319 -33
320 -57
321 -39
322 -39
323 -34
324 -39
325 -39
326 -40
327 -12
328 -33
329 -12
330 -12
331 -49
332 -39
333 -34
334 -12
335 -12
336 -39
337 -12
338 -39
339 -38
340 -38
341 -38
342 -34
343 -34
344 -12
345 -34
346 -38
347 -39
348 -39
349 -34
350 -33
351 -38
352 -34
353 -39
354 -33
355 -80
356 -38
357 -12
358 -38
359 -38
360 -39
361 -33
362 -39
363 -43
364 -39
365 -34
366 -33
367 -33
368 -178
369 -12
370 -12
371 -38
372 -34
373 -12
374 -39
375 -34
376 -34
377 -33
378 -33
379 -12
380 -33
381 -33
382 -34
383 -34
384 -33
385 -38
386 -33
387 -33
388 -12
389 -34
390 -12
391 -33
392 -34
393 -34
394 -39
395 -12
396 -39
397 -39
398 -38
399 -39
400 -38
401 -33
402 -38
403 -12
404 -12
405 -33
406 -12
407 -12
408 -12
409 -34
410 -33
411 -34
412 -12
413 -39
414 -12
415 -34
416 -12
417 -34
418 -41
419 -34
420 -33
421 -33
422 -38
423 -38
424 -42
425 -33
426 -38
427 -38
428 -12
429 -33
430 -38
431 -33
432 -38
433 -39
434 -33
435 -33
436 -39
437 -38
438 -12
439 -38
440 -38
441 -33
442 -39
443 -38
444 -33
445 -33
446 -39
447 -38
448 -33
449 -33
450 -38
451 -34
452 -39
453 -38
454 -12
455 -12
456 -34
457 -34
458 -38
459 -33
460 -33
461 -38
462 -38
463 -34
464 -39
465 -12
466 -33
467 -12
468 -34
469 -34
470 -34
471 -33
472 -39
473 -38
474 -12
475 -38
476 -34
477 -35
478 -39
479 -39
480 -38
481 -12
482 -34
483 -39
484 -33
485 -43
486 -29
487 -33
488 -38
489 -33
490 -38
491 -12
492 -33
493 -12
494 -741
495 -39
496 -33
497 -38
498 -34
499 -12
500 -39
501 -12
502 -39
503 -38
504 -33
505 -12
506 -38
507 -12
508 -34
509 -38
510 -38
511 -38
512 -39
513 -38
514 -12
515 -12
516 -39
517 -39
518 -12
519 -38
520 -39
521 -38
522 -33
523 -12
524 -12
525 -30
526 -12
527 -12
528 -38
529 -34
530 -33
531 -34
532 -38
533 -34
534 -39
535 -12
536 -39
537 -39
538 -38
539 -38
540 -12
541 -34
542 -12
543 -34
544 -12
545 -39
546 -33
547 -33
548 -29
549 -12
550 -33
551 -38
552 -34
553 -39
554 -33
555 -36
556 -38
557 -38
558 -12
559 -12
560 -12
561 -38
562 -12
563 -33
564 -38
565 -12
566 -12
567 -47
568 -38
569 -33
570 -2862
571 -44
572 -34
573 -39
574 -39
575 -39
576 -29
577 -34
578 -33
579 -34
580 -38
581 -33
582 -12
583 -33
584 -39
585 -12
586 -34
587 -33
588 -34
589 -12
590 -12
591 -39
592 -33
593 -27
594 -39
595 -39
596 -33
597 -38
598 -38
599 -39
600 -12
601 -41
602 -39
603 -12
604 -39
605 -39
606 -12
607 -39
608 -38
609 -12
610 -44
611 -33
612 -39
613 -33
614 -33
615 -33
616 -34
617 -34
618 -34
619 -34
620 -38
621 -39
622 -5125
623 -39
624 -33
625 -39
626 -39
627 -34
628 -39
629 -33
630 -33
631 -34
632 -34
633 -33
634 -34
635 -39
636 -38
637 -12
638 -12
639 -39
640 -12
641 -38
642 -34
643 -38
644 -38
645 -38
646 -33
647 -39
648 -12
649 -34
650 -12
651 -33
652 -39
653 -34
654 -12
655 -48
656 -33
657 -38
658 -38
659 -39
660 -34
661 -39
662 -38
663 -34
664 -39
665 -24
666 -34
667 -39
668 -39
669 -39
670 -34
671 -34
672 -33
673 -38
674 -12
675 -38
676 -12
677 -33
678 -38
679 -38
680 -33
681 -34
682 -39
683 -33
684 -34
685 -12
686 -12
687 -34
688 -34
689 -33
690 -34
691 -39
692 -12
693 -39
694 -12
695 -33
696 -38
697 -34
698 -66
699 -40
700 -39
701 -38
702 -39
703 -39
704 -33
705 -39
706 -34
707 -33
708 -35
709 -12
710 -34
711 -38
712 -33
713 -38
714 -38
715 -33
716 -38
717 -33
718 -12
719 -39
720 -12
721 -39
722 -39
723 -38
724 -38
725 -12
726 -38
727 -33
728 -39
729 -33
730 -34
731 -12
732 -33
733 -38
734 -33
735 -39
736 -34
737 -12
738 -39
739 -34
740 -38
741 -39
742 -12
743 -29
744 -39
745 -39
746 -38
747 -33
748 -33
749 -12
750 -34
751 -33
752 -38
753 -50
754 -39
755 -34
756 -34
757 -34
758 -33
759 -38
760 -12
761 -34
762 -12
763 -38
764 -39
765 -33
766 -38
767 -34
768 -33
769 -12
770 -6736
771 -33
772 -33
773 -33
774 -33
775 -33
776 -33
777 -39
778 -34
779 -33
780 -34
781 -39
782 -12
783 -42
784 -34
785 -38
786 -12
787 -34
788 -33
789 -34
790 -38
791 -34
792 -12
793 -33
794 -38
795 -39
796 -39
797 -12
798 -38
799 -34
800 -33
801 -38
802 -33
803 -34
804 -38
805 -39
806 -33
807 -39
808 -12
809 -33
810 -34
811 -38
812 -39
813 -39
814 -39
815 -12
816 -33
817 -39
818 -34
819 -33
820 -39
821 -33
822 -34
823 -34
824 -39
825 -33
826 -39
827 -33
828 -39
829 -39
830 -14
831 -34
832 -34
833 -39
834 -34
835 -39
836 -34
837 -12
838 -38
839 -12
840 -39
841 -564
842 -39
843 -38
844 -38
845 -39
846 -33
847 -12
848 -66
849 -12
850 -12
851 -41
852 -38
853 -12
854 -38
855 -34
856 -34
857 -33
858 -33
859 -34
860 -34
861 -12
862 -34
863 -12
864 -12
865 -38
866 -38
867 -33
868 -39
869 -12
870 -12
871 -39
872 -34
873 -34
874 -34
875 -33
876 -34
877 -38
878 -38
879 -34
880 -33
881 -38
882 -12
883 -34
884 -39
885 -33
886 -39
887 -38
888 -34
889 -12
890 -12
891 -33
892 -39
893 -39
894 -33
895 -34
896 -34
897 -33
898 -34
899 -39
900 -12
901 -12
902 -34
903 -38
904 -12
905 -12
906 -12
907 -38
908 -39
909 -12
910 -33
911 -38
912 -33
913 -38
914 -39
915 -12
916 -12
917 -33
918 -12
919 -12
920 -12
921 -38
922 -34
923 -33
924 -12
925 -35
926 -44
927 -38
928 -12
929 -34
930 -39
931 -34
932 -25
933 -34
934 -33
935 -12
936 -38
937 -33
938 -39
939 -12
940 -39
941 -41
942 -34
943 -12
944 -12
945 -34
946 -12
947 -34
948 -34
949 -34
950 -33
951 -34
952 -34
953 -27
954 -26
955 -12
956 -12
957 -12
958 -34
959 -33
960 -33
961 -12
962 -34
963 -12
964 -12
965 -33
966 -22
967 -33
968 -12
969 -38
970 -39
971 -39
972 -12
973 -12
974 -34
975 -34
976 -33
977 -49
978 -33
979 -12
980 -39
981 -39
982 -39
983 -38
984 -12
985 -38
986 -39
987 -38
988 -34
989 -39
990 -33
991 -38
992 -12
993 -39
994 -26
995 -34
996 -39
997 -12
998 -33
999 -33
