0 -33
1 -38
2 -39
3 -33
4 -23
5 -12
6 -34
7 -33
8 -34
9 -35
10 -38
11 -39
12 -38
13 -38
14 -39
15 -33
16 -12
17 -38
18 -39
19 -34
20 -39
21 -34
22 -38
23 -12
24 -34
25 -33
26 -38
27 -12
28 -38
29 -12
30 -38
31 -38
32 -33
33 -34
34 -12
35 -38
36 -30
37 -39
38 -29
39 -39
40 -39
41 -33
42 -12
43 -41
44 -34
45 -34
46 -34
47 -34
48 -38
49 -38
50 -12
51 -34
52 -39
53 -38
54 -38
55 -12
56 -40
57 -34
58 -39
59 -34
60 -484
61 -12
62 -38
63 -12
64 -34
65 -38
66 -33
67 -12
68 -12
69 -22
70 -38
71 -33
72 -12
73 -39
74 -34
75 -12
76 -38
77 -38
78 -41
79 -12
80 -34
81 -34
82 -13
83 -39
84 -34
85 -39
86 -39
87 -34
88 -39
89 -12
90 -70
91 -38
92 -39
93 -12
94 -38
95 -34
96 -12
97 -34
98 -12
99 -34
100 -33
101 -37
102 -38
103 -34
104 -39
105 -39
106 -33
107 -33
108 -27
109 -33
110 -33
111 -38
112 -34
113 -39
114 -33
115 -39
116 -33
117 -33
118 -34
119 -33
120 -12
121 -33
122 -39
123 -34
124 -39
125 -39
126 -12
127 -38
128 -12
129 -34
130 -38
131 -38
132 -12
133 -33
134 -39
135 -38
136 -35
137 -12
138 -12
139 -12
140 -12
141 -33
142 -39
143 -34
144 -33
145 -33
146 -39
147 -39
148 -39
149 -12
150 -24
151 -12
152 -12
153 -12
154 -33
155 -12
156 -39
157 -38
158 -33
159 -38
160 -12
161 -33
162 -28
163 -12
164 -12
165 -17
166 -38
167 -12
168 -34
169 -38
170 -39
171 -12
172 -39
173 -34
174 -33
175 -34
176 -38
177 -39
178 -33
179 -33
180 -34
181 -12
182 -34
183 -38
184 -39
185 -40
186 -39
187 -34
188 -34
189 -12
190 -12
191 -39
192 -38
193 -38
194 -39
195 -12
196 -33
197 -34
198 -38
199 -12
200 -34
201 -34
202 -34
203 -34
204 -33
205 -34
206 -12
207 -39
208 -12
209 -33
210 -33
211 -39
212 -34
213 -34
214 -12
215 -33
216 -38
217 -33
218 -38
219 -34
220 -12
221 -34
222 -12
223 -34
224 -42
225 -38
226 -34
227 -38
228 -39
229 -39
230 -39
231 -38
232 -33
233 -34
234 -42
235 -12
236 -39
237 -33
238 -38
239 -39
240 -33
241 -39
242 -33
243 -34
244 -39
245 -39
246 -38
247 -33
248 -33
249 -38
250 -34
251 -33
252 -53
253 -38
254 -33
255 -33
256 -66
257 -343
258 -13
259 -39
260 -39
261 -34
262 -33
263 -42
264 -12
265 -34
266 -39
267 -30
268 -39
269 -30
270 -12
271 -12
272 -12
273 -38
274 -39
275 -34
276 -38
277 -38
278 -34
279 -12
280 -39
281 -42
282 -34
283 -39
284 -33
285 -12
286 -12
287 -38
288 -34
289 -34
290 -33
291 -39
292 -38
293 -39
294 -38
295 -34
296 -12
297 -539
298 -28
299 -17
300 -38
301 -39
302 -39
303 -40
304 -34
305 -33
306 -34
307 -28
308 -34
309 -33
310 -38
311 -12
312 -39
313 -33
314 -33
315 -12
316 -12
317 -34
318 -34
319 -34
320 -33
321 -33
322 -38
323 -39
324 -41
325 -38
326 -34
327 -34
328 -38
329 -12
330 -39
331 -39
332 -12
333 -33
334 -12
335 -34
336 -38
337 -38
338 -12
339 -38
340 -33
341 -12
342 -39
343 -38
344 -39
345 -38
346 -12
347 -38
348 -33
349 -38
350 -29
351 -33
352 -39
353 -33
354 -33
355 -38
356 -12
357 -12
358 -39
359 -35
360 -38
361 -39
362 -34
363 -33
364 -33
365 -39
366 -33
367 -34
368 -39
369 -39
370 -38
371 -39
372 -43
373 -12
374 -12
375 -38
376 -39
377 -34
378 -12
379 -34
380 -33
381 -39
382 -39
383 -12
384 -39
385 -39
386 -38
387 -38
388 -39
389 -37
390 -38
391 -39
392 -39
393 -33
394 -39
395 -36
396 -33
397 -38
398 -38
399 -34
400 -38
401 -38
402 -39
403 -12
404 -33
405 -39
406 -12
407 -34
408 -39
409 -34
410 -27
411 -34
412 -12
413 -39
414 -33
415 -33
416 -34
417 -38
418 -40
419 -12
420 -29
421 -34
422 -38
423 -38
424 -34
425 -34
426 -39
427 -39
428 -34
429 -34
430 -38
431 -33
432 -34
433 -34
434 -34
435 -38
436 -38
437 -34
438 -33
439 -12
440 -38
441 -38
442 -39
443 -34
444 -38
445 -38
446 -38
447 -38
448 -12
449 -12
450 -38
451 -33
452 -33
453 -39
454 -12
455 -33
456 -34
457 -34
458 -12
459 -33
460 -40
461 -12
462 -34
463 -23
464 -39
465 -38
466 -39
467 -33
468 -38
469 -33
470 -34
471 -12
472 -39
473 -56
474 -33
475 -33
476 -38
477 -38
478 -33
479 -33
480 -44
481 -27
482 -34
483 -34
484 -12
485 -39
486 -26
487 -12
488 -39
489 -12
490 -38
491 -33
492 -38
493 -33
494 -39
495 -33
496 -39
497 -38
498 -39
499 -39
500 -34
501 -39
502 -34
503 -33
504 -29
505 -33
506 -34
507 -34
508 -39
509 -34
510 -40
511 -33
512 -33
513 -38
514 -39
515 -12
516 -38
517 -12
518 -12
519 -39
520 -33
521 -38
522 -33
523 -39
524 -33
525 -12
526 -38
527 -38
528 -12
529 -39
530 -12
531 -38
532 -12
533 -34
534 -12
535 -12
536 -38
537 -33
538 -310
539 -39
540 -38
541 -34
542 -12
543 -12
544 -35
545 -39
546 -12
547 -33
548 -33
549 -12
550 -38
551 -39
552 -39
553 -39
554 -66
555 -38
556 -38
557 -44
558 -33
559 -39
560 -33
561 -12
562 -38
563 -38
564 -12
565 -38
566 -33
567 -42
568 -39
569 -38
570 -12
571 -34
572 -38
573 -38
574 -33
575 -38
576 -39
577 -33
578 -62
579 -38
580 -39
581 -36
582 -38
583 -38
584 -12
585 -43
586 -34
587 -39
588 -33
589 -34
590 -13
591 -38
592 -12
593 -48
594 -39
595 -34
596 -12
597 -34
598 -39
599 -39
600 -34
601 -38
602 -33
603 -38
604 -34
605 -38
606 -38
607 -12
608 -39
609 -33
610 -33
611 -39
612 -34
613 -33
614 -34
615 -34
616 -34
617 -39
618 -39
619 -34
620 -33
621 -34
622 -39
623 -38
624 -35
625 -33
626 -30
627 -34
628 -34
629 -39
630 -12
631 -12
632 -39
633 -12
634 -33
635 -34
636 -33
637 -39
638 -38
639 -39
640 -34
641 -33
642 -33
643 -38
644 -33
645 -39
646 -12
647 -39
648 -34
649 -12
650 -34
651 -38
652 -34
653 -33
654 -39
655 -38
656 -38
657 -39
658 -12
659 -12
660 -39
661 -39
662 -33
663 -12
664 -34
665 -34
666 -33
667 -22
668 -34
669 -42
670 -34
671 -33
672 -39
673 -39
674 -39
675 -34
676 -39
677 -34
678 -39
679 -12
680 -33
681 -34
682 -39
683 -33
684 -39
685 -38
686 -34
687 -12
688 -39
689 -38
690 -34
691 -44
692 -12
693 -38
694 -12
695 -34
696 -34
697 -39
698 -38
699 -38
700 -12
701 -12
702 -34
703 -39
704 -12
705 -38
706 -39
707 -39
708 -34
709 -33
710 -38
711 -33
712 -12
713 -12
714 -34
715 -38
716 -12
717 -34
718 -39
719 -45
720 -34
721 -12
722 -26
723 -12
724 -33
725 -34
726 -33
727 -38
728 -34
729 -33
730 -33
731 -38
732 -39
733 -38
734 -34
735 -39
736 -33
737 -33
738 -38
739 -33
740 -34
741 -41
742 -34
743 -39
744 -38
745 -523
746 -39
747 -39
748 -33
749 -33
750 -38
751 -39
752 -38
753 -34
754 -39
755 -34
756 -34
757 -33
758 -34
759 -34
760 -38
761 -33
762 -34
763 -39
764 -34
765 -33
766 -38
767 -33
768 -39
769 -33
770 -12
771 -34
772 -12
773 -34
774 -12
775 -34
776 -29
777 -12
778 -12
779 -12
780 -33
781 -12
782 -12
783 -12
784 -39
785 -34
786 -34
787 -47
788 -33
789 -39
790 -39
791 -39
792 -39
793 -38
794 -38
795 -12
796 -39
797 -34
798 -34
799 -34
800 -12
801 -34
802 -33
803 -34
804 -34
805 -39
806 -78
807 -29
808 -39
809 -12
810 -46
811 -34
812 -34
813 -38
814 -34
815 -38
816 -33
817 -33
818 -38
819 -34
820 -26
821 -38
822 -38
823 -34
824 -38
825 -39
826 -33
827 -38
828 -33
829 -38
830 -12
831 -34
832 -35
833 -39
834 -40
835 -38
836 -38
837 -39
838 -34
839 -33
840 -33
841 -39
842 -34
843 -39
844 -40
845 -34
846 -39
847 -12
848 -33
849 -38
850 -12
851 -33
852 -38
853 -39
854 -33
855 -39
856 -33
857 -33
858 -38
859 -38
860 -33
861 -12
862 -40
863 -31
864 -34
865 -12
866 -41
867 -33
868 -39
869 -12
870 -34
871 -33
872 -38
873 -39
874 -33
875 -33
876 -34
877 -30
878 -33
879 -33
880 -38
881 -38
882 -38
883 -12
884 -38
885 -34
886 -39
887 -12
888 -38
889 -38
890 -27
891 -38
892 -38
893 -37
894 -12
895 -38
896 -34
897 -12
898 -33
899 -12
900 -38
901 -38
902 -12
903 -42
904 -12
905 -39
906 -12
907 -34
908 -33
909 -38
910 -33
911 -38
912 -39
913 -33
914 -12
915 -33
916 -43
917 -12
918 -12
919 -37
920 -38
921 -33
922 -39
923 -12
924 -38
925 -35
926 -38
927 -12
928 -12
929 -38
930 -33
931 -34
932 -33
933 -39
934 -33
935 -34
936 -34
937 -43
938 -34
939 -39
940 -39
941 -39
942 -12
943 -39
944 -12
945 -38
946 -40
947 -12
948 -39
949 -39
950 -34
951 -39
952 -33
953 -38
954 -34
955 -39
956 -33
957 -39
958 -38
959 -12
960 -12
961 -34
962 -39
963 -34
964 -12
965 -12
966 -38
967 -39
968 -33
969 -34
970 -39
971 -12
972 -38
973 -12
974 -33
975 -33
976 -33
977 -39
978 -33
979 -33
980 -34
981 -38
982 -38
983 -33
984 -34
985 -34
986 -38
987 -12
988 -39
989 -38
990 -12
991 -12
992 -38
993 -40
994 -39
995 -41
996 -38
997 -39
998 -34
999 -39
