0 -39
1 -38
2 -34
3 -39
4 -12
5 -33
6 -12
7 -39
8 -39
9 -38
10 -12
11 -13
12 -34
13 -39
14 -34
15 -38
16 -34
17 -39
18 -12
19 -39
20 -38
21 -39
22 -12
23 -65
24 -39
25 -33
26 -33
27 -12
28 -12
29 -39
30 -33
31 -38
32 -34
33 -38
34 -38
35 -39
36 -33
37 -33
38 -39
39 -2739
40 -38
41 -33
42 -34
43 -38
44 -34
45 -34
46 -39
47 -34
48 -65
49 -34
50 -39
51 -57
52 -34
53 -39
54 -33
55 -34
56 -38
57 -38
58 -34
59 -34
60 -34
61 -12
62 -34
63 -39
64 -39
65 -12
66 -33
67 -39
68 -12
69 -12
70 -33
71 -34
72 -33
73 -38
74 -33
75 -33
76 -33
77 -39
78 -12
79 -37
80 -34
81 -911
82 -38
83 -39
84 -39
85 -33
86 -38
87 -38
88 -36
89 -39
90 -39
91 -38
92 -33
93 -29
94 -34
95 -39
96 -12
97 -30
98 -38
99 -38
100 -34
101 -34
102 -34
103 -39
104 -33
105 -34
106 -33
107 -38
108 -41
109 -12
110 -12
111 -33
112 -39
113 -39
114 -33
115 -299
116 -34
117 -39
118 -38
119 -34
120 -34
121 -28
122 -12
123 -12
124 -38
125 -44
126 -12
127 -39
128 -34
129 -33
130 -39
131 -33
132 -1220
133 -12
134 -34
135 -12
136 -34
137 -38
138 -38
139 -39
140 -38
141 -12
142 -12
143 -12
144 -12
145 -12
146 -39
147 -12
148 -33
149 -33
150 -38
151 -12
152 -39
153 -12
154 -39
155 -39
156 -34
157 -33
158 -12
159 -39
160 -39
161 -33
162 -12
163 -39
164 -33
165 -38
166 -12
167 -33
168 -38
169 -38
170 -38
171 -33
172 -38
173 -33
174 -33
175 -33
176 -34
177 -34
178 -39
179 -26
180 -34
181 -39
182 -12
183 -34
184 -34
185 -42
186 -33
187 -39
188 -39
189 -12
190 -30
191 -39
192 -12
193 -12
194 -39
195 -12
196 -27
197 -39
198 -34
199 -38
200 -12
201 -33
202 -39
203 -87
204 -34
205 -39
206 -34
207 -12
208 -43
209 -33
210 -12
211 -12
212 -34
213 -29
214 -38
215 -34
216 -39
217 -12
218 -39
219 -39
220 -39
221 -38
222 -39
223 -33
224 -27
225 -12
226 -39
227 -39
228 -33
229 -12
230 -39
231 -38
232 -38
233 -34
234 -12
235 -12
236 -12
237 -38
238 -34
239 -34
240 -34
241 -34
242 -33
243 -33
244 -12
245 -39
246 -39
247 -34
248 -34
249 -34
250 -21
251 -65
252 -12
253 -38
254 -34
255 -34
256 -39
257 -39
258 -38
259 -38
260 -33
261 -34
262 -34
263 -38
264 -34
265 -34
266 -33
267 -34
268 -39
269 -42
270 -33
271 -33
272 -26
273 -33
274 -41
275 -12
276 -38
277 -38
278 -33
279 -39
280 -34
281 -38
282 -31
283 -34
284 -39
285 -34
286 -33
287 -12
288 -12
289 -38
290 -34
291 -33
292 -33
293 -39
294 -12
295 -33
296 -12
297 -39
298 -12
299 -38
300 -38
301 -33
302 -34
303 -38
304 -34
305 -39
306 -12
307 -39
308 -38
309 -12
310 -12
311 -43
312 -12
313 -39
314 -38
315 -39
316 -39
317 -12
318 -39
319 -38
320 -39
321 -34
322 -12
323 -34
324 -39
325 -39
326 -39
327 -39
328 -33
329 -39
330 -12
331 -33
332 -33
333 -39
334 -39
335 -38
336 -39
337 -38
338 -33
339 -39
340 -12
341 -34
342 -34
343 -12
344 -34
345 -39
346 -12
347 -38
348 -39
349 -34
350 -33
351 -16
352 -38
353 -39
354 -38
355 -12
356 -39
357 -38
358 -34
359 -34
360 -33
361 -39
362 -38
363 -12
364 -33
365 -34
366 -34
367 -39
368 -34
369 -34
370 -39
371 -34
372 -12
373 -12
374 -34
375 -38
376 -38
377 -39
378 -34
379 -42
380 -33
381 -39
382 -34
383 -38
384 -34
385 -12
386 -38
387 -39
388 -39
389 -13
390 -39
391 -12
392 -44
393 -2075
394 -34
395 -39
396 -38
397 -33
398 -12
399 -38
400 -12
401 -38
402 -33
403 -12
404 -33
405 -34
406 -38
407 -39
408 -33
409 -39
410 -33
411 -12
412 -33
413 -34
414 -699
415 -39
416 -39
417 -38
418 -39
419 -39
420 -38
421 -12
422 -38
423 -39
424 -39
425 -12
426 -33
427 -34
428 -12
429 -12
430 -33
431 -33
432 -39
433 -33
434 -12
435 -12
436 -12
437 -34
438 -33
439 -12
440 -38
441 -12
442 -39
443 -33
444 -38
445 -34
446 -39
447 -33
448 -38
449 -33
450 -38
451 -33
452 -34
453 -38
454 -38
455 -38
456 -38
457 -39
458 -33
459 -33
460 -34
461 -38
462 -34
463 -33
464 -34
465 -39
466 -12
467 -39
468 -39
469 -39
470 -12
471 -33
472 -33
473 -39
474 -33
475 -39
476 -38
477 -38
478 -39
479 -39
480 -41
481 -38
482 -39
483 -12
484 -12
485 -38
486 -71
487 -52
488 -33
489 -12
490 -38
491 -56
492 -33
493 -38
494 -12
495 -39
496 -38
497 -33
498 -33
499 -12
500 -39
501 -12
502 -12
503 -34
504 -12
505 -38
506 -33
507 -39
508 -38
509 -38
510 -34
511 -12
512 -33
513 -38
514 -34
515 -12
516 -12
517 -34
518 -39
519 -39
520 -12
521 -38
522 -39
523 -27
524 -38
525 -34
526 -34
527 -39
528 -12
529 -38
530 -35
531 -38
532 -12
533 -34
534 -12
535 -38
536 -33
537 -33
538 -38
539 -12
540 -34
541 -33
542 -38
543 -33
544 -38
545 -39
546 -39
547 -33
548 -34
549 -34
550 -33
551 -38
552 -38
553 -39
554 -34
555 -12
556 -34
557 -12
558 -12
559 -33
560 -33
561 -34
562 -33
563 -12
564 -33
565 -36
566 -33
567 -34
568 -12
569 -12
570 -39
571 -33
572 -39
573 -12
574 -13
575 -33
576 -34
577 -38
578 -33
579 -12
580 -39
581 -39
582 -12
583 -39
584 -34
585 -34
586 -332
587 -39
588 -34
589 -34
590 -39
591 -39
592 -33
593 -39
594 -39
595 -43
596 -12
597 -34
598 -12
599 -38
600 -38
601 -34
602 -33
603 -39
604 -38
605 -39
606 -38
607 -12
608 -34
609 -43
610 -610
611 -39
612 -34
613 -38
614 -33
615 -38
616 -34
617 -39
618 -33
619 -38
620 -33
621 -38
622 -32
623 -39
624 -39
625 -33
626 -34
627 -38
628 -38
629 -39
630 -34
631 -34
632 -39
633 -33
634 -39
635 -33
636 -33
637 -37
638 -12
639 -34
640 -33
641 -40
642 -39
643 -33
644 -39
645 -38
646 -38
647 -497
648 -38
649 -33
650 -39
651 -39
652 -34
653 -33
654 -39
655 -12
656 -34
657 -12
658 -33
659 -38
660 -33
661 -38
662 -39
663 -33
664 -35
665 -34
666 -12
667 -26
668 -38
669 -38
670 -39
671 -34
672 -12
673 -38
674 -12
675 -38
676 -33
677 -21
678 -34
679 -38
680 -38
681 -34
682 -33
683 -33
684 -33
685 -38
686 -41
687 -34
688 -38
689 -12
690 -12
691 -34
692 -39
693 -34
694 -33
695 -39
696 -41
697 -12
698 -38
699 -12
700 -39
701 -33
702 -38
703 -34
704 -38
705 -12
706 -34
707 -33
708 -34
709 -39
710 -39
711 -38
712 -48
713 -39
714 -12
715 -33
716 -39
717 -34
718 -39
719 -298
720 -33
721 -39
722 -39
723 -34
724 -39
725 -35
726 -38
727 -12
728 -33
729 -39
730 -38
731 -12
732 -39
733 -38
734 -39
735 -33
736 -12
737 -12
738 -39
739 -33
740 -33
741 -34
742 -33
743 -30
744 -38
745 -39
746 -39
747 -12
748 -33
749 -12
750 -34
751 -34
752 -12
753 -34
754 -39
755 -34
756 -43
757 -38
758 -34
759 -34
760 -39
761 -39
762 -13
763 -38
764 -38
765 -38
766 -33
767 -33
768 -38
769 -34
770 -38
771 -34
772 -55
773 -34
774 -12
775 -34
776 -12
777 -39
778 -39
779 -39
780 -12
781 -33
782 -39
783 -39
784 -12
785 -39
786 -39
787 -39
788 -38
789 -12
790 -39
791 -38
792 -39
793 -34
794 -33
795 -39
796 -33
797 -33
798 -39
799 -33
800 -39
801 -38
802 -33
803 -39
804 -33
805 -12
806 -38
807 -38
808 -12
809 -38
810 -12
811 -12
812 -34
813 -12
814 -38
815 -33
816 -39
817 -34
818 -39
819 -12
820 -12
821 -34
822 -12
823 -38
824 -34
825 -34
826 -12
827 -50
828 -39
829 -33
830 -12
831 -39
832 -38
833 -34
834 -38
835 -33
836 -34
837 -33
838 -33
839 -38
840 -231
841 -12
842 -33
843 -12
844 -38
845 -38
846 -30
847 -38
848 -39
849 -38
850 -38
851 -12
852 -12
853 -34
854 -12
855 -39
856 -39
857 -34
858 -34
859 -38
860 -38
861 -33
862 -41
863 -33
864 -38
865 -12
866 -38
867 -34
868 -39
869 -38
870 -38
871 -30
872 -38
873 -34
874 -33
875 -34
876 -33
877 -33
878 -34
879 -12
880 -33
881 -12
882 -38
883 -39
884 -39
885 -38
886 -38
887 -12
888 -39
889 -39
890 -33
891 -39
892 -38
893 -33
894 -33
895 -12
896 -34
897 -38
898 -38
899 -34
900 -38
901 -34
902 -33
903 -12
904 -33
905 -34
906 -12
907 -178
908 -38
909 -34
910 -34
911 -38
912 -622
913 -34
914 -12
915 -33
916 -39
917 -34
918 -12
919 -33
920 -39
921 -39
922 -39
923 -38
924 -34
925 -33
926 -12
927 -33
928 -34
929 -12
930 -39
931 -12
932 -38
933 -38
934 -65
935 -12
936 -39
937 -12
938 -39
939 -34
940 -33
941 -29
942 -39
943 -38
944 -12
945 -38
946 -34
947 -38
948 -12
949 -12
950 -34
951 -12
952 -33
953 -38
954 -12
955 -49
956 -33
957 -34
958 -12
959 -33
960 -34
961 -33
962 -38
963 -12
964 -33
965 -38
966 -33
967 -39
968 -33
969 -31
970 -12
971 -12
972 -70
973 -42
974 -39
975 -38
976 -34
977 -33
978 -34
979 -33
980 -39
981 -12
982 -33
983 -39
984 -39
985 -12
986 -33
987 -34
988 -12
989 -12
990 -12
991 -2198
992 -33
993 -34
994 -34
995 -12
996 -38
997 -12
998 -12
999 -34
