0 -38
1 -34
2 -34
3 -39
4 -33
5 -33
6 -33
7 -39
8 -38
9 -38
10 -34
11 -12
12 -34
13 -38
14 -12
15 -34
16 -33
17 -12
18 -12
19 -12
20 -12
21 -34
22 -39
23 -35
24 -39
25 -33
26 -33
27 -39
28 -34
29 -38
30 -38
31 -33
32 -39
33 -12
34 -38
35 -33
36 -39
37 -39
38 -12
39 -34
40 -39
41 -34
42 -33
43 -39
44 -34
45 -39
46 -33
47 -39
48 -12
49 -38
50 -39
51 -38
52 -39
53 -33
54 -33
55 -34
56 -34
57 -42
58 -12
59 -12
60 -38
61 -12
62 -39
63 -38
64 -12
65 -34
66 -34
67 -33
68 -34
69 -35
70 -38
71 -34
72 -12
73 -33
74 -34
75 -34
76 -39
77 -33
78 -38
79 -12
80 -38
81 -34
82 -34
83 -35
84 -12
85 -12
86 -33
87 -12
88 -34
89 -33
90 -39
91 -33
92 -33
93 -34
94 -33
95 -38
96 -12
97 -43
98 -39
99 -12
100 -39
101 -33
102 -39
103 -39
104 -34
105 -34
106 -12
107 -38
108 -33
109 -39
110 -12
111 -34
112 -12
113 -12
114 -12
115 -12
116 -39
117 -33
118 -42
119 -38
120 -39
121 -34
122 -12
123 -39
124 -12
125 -12
126 -33
127 -12
128 -39
129 -12
130 -39
131 -34
132 -12
133 -34
134 -38
135 -38
136 -38
137 -34
138 -33
139 -39
140 -38
141 -13
142 -13
143 -33
144 -34
145 -39
146 -39
147 -12
148 -33
149 -12
150 -38
151 -12
152 -12
153 -33
154 -34
155 -12
156 -12
157 -39
158 -34
159 -34
160 -12
161 -38
162 -39
163 -34
164 -39
165 -12
166 -38
167 -39
168 -38
169 -34
170 -38
171 -38
172 -39
173 -34
174 -38
175 -34
176 -33
177 -39
178 -38
179 -12
180 -34
181 -38
182 -33
183 -12
184 -38
185 -38
186 -12
187 -38
188 -39
189 -12
190 -39
191 -38
192 -12
193 -12
194 -33
195 -34
196 -39
197 -33
198 -38
199 -38
200 -38
201 -12
202 -39
203 -49
204 -39
205 -39
206 -34
207 -33
208 -34
209 -33
210 -34
211 -33
212 -66
213 -38
214 -34
215 -39
216 -39
217 -33
218 -12
219 -50
220 -34
221 -34
222 -34
223 -33
224 -34
225 -33
226 -33
227 -39
228 -12
229 -12
230 -12
231 -38
232 -34
233 -39
234 -39
235 -39
236 -28
237 -38
238 -34
239 -12
240 -12
241 -12
242 -33
243 -38
244 -38
245 -34
246 -45
247 -34
248 -33
249 -34
250 -34
251 -33
252 -12
253 -39
254 -33
255 -33
256 -33
257 -12
258 -33
259 -39
260 -39
261 -33
262 -39
263 -12
264 -39
265 -38
266 -34
267 -34
268 -39
269 -12
270 -53
271 -40
272 -22
273 -34
274 -12
275 -34
276 -39
277 -12
278 -38
279 -24
280 -12
281 -12
282 -12
283 -39
284 -38
285 -39
286 -38
287 -12
288 -39
289 -38
290 -33
291 -38
292 -49
293 -39
294 -38
295 -39
296 -34
297 -33
298 -33
299 -38
300 -34
301 -38
302 -12
303 -38
304 -33
305 -38
306 -38
307 -39
308 -35
309 -38
310 -38
311 -34
312 -33
313 -38
314 -135
315 -38
316 -65
317 -39
318 -34
319 -39
320 -12
321 -33
322 -43
323 -39
324 -39
325 -39
326 -33
327 -39
328 -47
329 -12
330 -39
331 -34
332 -12
333 -40
334 -38
335 -38
336 -39
337 -34
338 -33
339 -39
340 -39
341 -12
342 -38
343 -38
344 -71
345 -34
346 -39
347 -37
348 -34
349 -12
350 -38
351 -33
352 -33
353 -33
354 -34
355 -39
356 -34
357 -39
358 -38
359 -38
360 -12
361 -22
362 -33
363 -38
364 -39
365 -38
366 -38
367 -39
368 -34
369 -34
370 -38
371 -39
372 -34
373 -12
374 -34
375 -39
376 -33
377 -34
378 -39
379 -34
380 -12
381 -38
382 -33
383 -33
384 -42
385 -12
386 -39
387 -33
388 -12
389 -25
390 -39
391 -34
392 -34
393 -39
394 -39
395 -36
396 -39
397 -34
398 -25
399 -38
400 -39
401 -33
402 -33
403 -38
404 -38
405 -33
406 -33
407 -12
408 -38
409 -43
410 -39
411 -12
412 -34
413 -21
414 -48
415 -33
416 -39
417 -39
418 -38
419 -12
420 -38
421 -39
422 -39
423 -43
424 -12
425 -38
426 -34
427 -34
428 -39
429 -38
430 -53
431 -38
432 -34
433 -34
434 -33
435 -33
436 -33
437 -39
438 -38
439 -34
440 -33
441 -22
442 -38
443 -12
444 -33
445 -12
446 -33
447 -12
448 -33
449 -12
450 -12
451 -34
452 -38
453 -39
454 -33
455 -12
456 -33
457 -34
458 -12
459 -34
460 -34
461 -43
462 -34
463 -33
464 -12
465 -12
466 -12
467 -34
468 -12
469 -12
470 -38
471 -33
472 -33
473 -12
474 -22
475 -38
476 -33
477 -12
478 -70
479 -39
480 -39
481 -38
482 -33
483 -39
484 -22
485 -33
486 -34
487 -38
488 -34
489 -39
490 -38
491 -38
492 -39
493 -39
494 -39
495 -34
496 -33
497 -33
498 -39
499 -12
500 -39
501 -39
502 -33
503 -38
504 -38
505 -38
506 -39
507 -12
508 -13
509 -34
510 -33
511 -33
512 -39
513 -41
514 -39
515 -27
516 -12
517 -39
518 -39
519 -34
520 -39
521 -34
522 -12
523 -38
524 -12
525 -34
526 -34
527 -34
528 -33
529 -33
530 -27
531 -33
532 -34
533 -39
534 -12
535 -34
536 -34
537 -12
538 -33
539 -12
540 -34
541 -34
542 -33
543 -34
544 -12
545 -27
546 -12
547 -34
548 -34
549 -40
550 -33
551 -38
552 -33
553 -34
554 -38
555 -12
556 -34
557 -34
558 -12
559 -12
560 -39
561 -12
562 -38
563 -504
564 -33
565 -38
566 -34
567 -34
568 -12
569 -12
570 -38
571 -33
572 -12
573 -38
574 -39
575 -39
576 -48
577 -39
578 -34
579 -39
580 -34
581 -25
582 -34
583 -34
584 -33
585 -12
586 -12
587 -12
588 -12
589 -12
590 -12
591 -38
592 -12
593 -12
594 -34
595 -34
596 -50
597 -34
598 -12
599 -33
600 -56
601 -12
602 -38
603 -33
604 -34
605 -39
606 -34
607 -12
608 -39
609 -38
610 -33
611 -38
612 -35
613 -33
614 -39
615 -34
616 -38
617 -12
618 -12
619 -39
620 -33
621 -12
622 -34
623 -39
624 -38
625 -12
626 -34
627 -12
628 -34
629 -38
630 -12
631 -34
632 -32
633 -33
634 -34
635 -12
636 -39
637 -70
638 -38
639 -33
640 -39
641 -38
642 -12
643 -38
644 -38
645 -33
646 -12
647 -12
648 -33
649 -34
650 -38
651 -38
652 -38
653 -33
654 -39
655 -38
656 -33
657 -33
658 -33
659 -33
660 -38
661 -38
662 -40
663 -12
664 -33
665 -34
666 -34
667 -34
668 -38
669 -12
670 -38
671 -33
672 -34
673 -12
674 -12
675 -12
676 -33
677 -38
678 -38
679 -39
680 -39
681 -39
682 -33
683 -38
684 -33
685 -12
686 -39
687 -39
688 -12
689 -39
690 -39
691 -12
692 -39
693 -34
694 -33
695 -34
696 -34
697 -38
698 -35
699 -34
700 -39
701 -38
702 -12
703 -12
704 -38
705 -12
706 -33
707 -33
708 -12
709 -33
710 -34
711 -34
712 -12
713 -33
714 -53
715 -38
716 -33
717 -34
718 -34
719 -39
720 -33
721 -38
722 -48
723 -34
724 -39
725 -13
726 -39
727 -12
728 -33
729 -34
730 -34
731 -12
732 -38
733 -39
734 -34
735 -34
736 -39
737 -34
738 -39
739 -38
740 -33
741 -34
742 -38
743 -39
744 -33
745 -33
746 -33
747 -34
748 -34
749 -12
750 -39
751 -33
752 -38
753 -39
754 -33
755 -12
756 -39
757 -40
758 -39
759 -34
760 -38
761 -33
762 -30
763 -12
764 -196
765 -39
766 -39
767 -33
768 -33
769 -34
770 -39
771 -38
772 -34
773 -34
774 -12
775 -34
776 -38
777 -38
778 -34
779 -12
780 -49
781 -12
782 -39
783 -38
784 -34
785 -12
786 -33
787 -39
788 -33
789 -12
790 -38
791 -38
792 -33
793 -39
794 -16
795 -34
796 -33
797 -39
798 -39
799 -34
800 -33
801 -33
802 -39
803 -12
804 -33
805 -38
806 -12
807 -12
808 -34
809 -38
810 -34
811 -34
812 -34
813 -39
814 -33
815 -12
816 -33
817 -38
818 -39
819 -33
820 -38
821 -39
822 -12
823 -38
824 -39
825 -38
826 -33
827 -39
828 -34
829 -34
830 -12
831 -38
832 -39
833 -39
834 -33
835 -33
836 -34
837 -33
838 -38
839 -34
840 -33
841 -33
842 -33
843 -38
844 -12
845 -12
846 -12
847 -39
848 -38
849 -12
850 -35
851 -34
852 -34
853 -34
854 -34
855 -33
856 -33
857 -33
858 -34
859 -33
860 -39
861 -38
862 -50
863 -34
864 -33
865 -22
866 -39
867 -43
868 -34
869 -35
870 -34
871 -39
872 -34
873 -38
874 -39
875 -33
876 -34
877 -12
878 -33
879 -29
880 -34
881 -33
882 -34
883 -34
884 -38
885 -50
886 -34
887 -34
888 -39
889 -39
890 -33
891 -12
892 -12
893 -39
894 -12
895 -33
896 -12
897 -39
898 -33
899 -33
900 -38
901 -52
902 -39
903 -33
904 -12
905 -38
906 -39
907 -33
908 -33
909 -39
910 -12
911 -39
912 -39
913 -33
914 -39
915 -12
916 -33
917 -38
918 -39
919 -34
920 -39
921 -34
922 -34
923 -34
924 -34
925 -39
926 -38
927 -34
928 -39
929 -39
930 -34
931 -38
932 -38
933 -34
934 -33
935 -12
936 -39
937 -38
938 -39
939 -12
940 -39
941 -38
942 -39
943 -12
944 -33
945 -33
946 -33
947 -34
948 -38
949 -12
950 -26
951 -39
952 -12
953 -12
954 -34
955 -38
956 -33
957 -35
958 -33
959 -34
960 -34
961 -34
962 -34
963 -12
964 -12
965 -34
966 -33
967 -38
968 -38
969 -38
970 -12
971 -12
972 -34
973 -39
974 -33
975 -33
976 -12
977 -34
978 -12
979 -33
980 -12
981 -39
982 -33
983 -34
984 -12
985 -58
986 -12
987 -39
988 -33
989 -42
990 -30
991 -38
992 -34
993 -39
994 -12
995 -39
996 -33
997 -575
998 -39
999 -33
