0 -31
1 -31
2 -940
3 -52
4 -58
5 -82
6 -30
7 -31
8 -871
9 -30
10 -35
11 -30
12 -47
13 -323
14 -31
15 -31
16 -31
17 -35
18 -469
19 -35
20 -190
21 -30
22 -31
23 -30
24 -104
25 -46
26 -36
27 -35
28 -30
29 -47
30 -47
31 -469
32 -76
33 -31
34 -7052
35 -35
36 -35
37 -31
38 -31
39 -31
40 -41
41 -60
42 -108
43 -31
44 -47
45 -30
46 -19
47 -39
48 -19
49 -242
50 -58
51 -30
52 -30
53 -447
54 -31
55 -30
56 -47
57 -132
58 -31
59 -52
60 -37
61 -30
62 -31
63 -30
64 -30
65 -154
66 -30
67 -58
68 -30
69 -350
70 -1130
71 -1318
72 -287
73 -31
74 -30
75 -78
76 -30
77 -35
78 -31
79 -31
80 -31
81 -30
82 -31
83 -278
84 -30
85 -47
86 -66
87 -88
88 -30
89 -31
90 -31
91 -44
92 -30
93 -31
94 -123
95 -377
96 -47
97 -30
98 -240
99 -30
100 -74
101 -35
102 -31
103 -324
104 -31
105 -298
106 -31
107 -30
108 -30
109 -31
110 -47
111 -35
112 -30
113 -31
114 -58
115 -63
116 -35
117 -44
118 -31
119 -265
120 -31
121 -31
122 -647
123 -170
124 -30
125 -165
126 -272
127 -31
128 -369
129 -744
130 -58
131 -58
132 -279
133 -30
134 -31
135 -480
136 -263
137 -31
138 -390
139 -157
140 -55
141 -31
142 -30
143 -263
144 -47
145 -31
146 -31
147 -40
148 -31
149 -31
150 -30
151 -30
152 -39
153 -31
154 -31
155 -31
156 -30
157 -45
158 -393
159 -31
160 -47
161 -100
162 -721
163 -241
164 -31
165 -31
166 -188
167 -31
168 -30
169 -427
170 -31
171 -211
172 -88
173 -31
174 -105
175 -31
176 -31
177 -31
178 -31
179 -1327
180 -112
181 -309
182 -31
183 -610
184 -71
185 -166
186 -30
187 -30
188 -30
189 -4044
190 -63
191 -30
192 -31
193 -31
194 -99
195 -639
196 -323
197 -94
198 -100
199 -133
200 -226
201 -31
202 -150
203 -583
204 -31
205 -71
206 -116
207 -35
208 -30
209 -47
210 -672
211 -105
212 -1064
213 -31
214 -30
215 -35
216 -98
217 -681
218 -31
219 -85
220 -30
221 -25
222 -30
223 -31
224 -31
225 -561
226 -30
227 -427
228 -31
229 -31
230 -31
231 -47
232 -30
233 -151
234 -47
235 -31
236 -284
237 -382
238 -35
239 -188
240 -246
241 -455
242 -31
243 -30
244 -30
245 -38
246 -124
247 -1222
248 -42
249 -214
250 -47
251 -84
252 -72
253 -30
254 -58
255 -250
256 -35
257 -58
258 -31
259 -34
260 -117
261 -31
262 -31
263 -31
264 -413
265 -317
266 -64
267 -200
268 -31
269 -39
270 -35
271 -443
272 -30
273 -534
274 -413
275 -31
276 -273
277 -449
278 -30
279 -30
280 -351
281 -39
282 -118
283 -30
284 -31
285 -341
286 -30
287 -350
288 -31
289 -30
290 -30
291 -622
292 -30
293 -30
294 -58
295 -31
296 -1123
297 -31
298 -31
299 -35
300 -751
301 -88
302 -207
303 -30
304 -31
305 -31
306 -39
307 -51
308 -31
309 -35
310 -30
311 -74
312 -93
313 -114
314 -693
315 -30
316 -610
317 -33
318 -564
319 -30
320 -101
321 -136
322 -463
323 -217
324 -58
325 -30
326 -30
327 -30
328 -26
329 -245
330 -398
331 -47
332 -30
333 -35
334 -31
335 -805
336 -31
337 -71
338 -40
339 -620
340 -26
341 -47
342 -31
343 -576
344 -35
345 -31
346 -31
347 -30
348 -31
349 -47
350 -31
351 -56
352 -31
353 -58
354 -47
355 -30
356 -31
357 -108
358 -428
359 -47
360 -850
361 -31
362 -221
363 -31
364 -379
365 -30
366 -30
367 -81
368 -30
369 -522
370 -141
371 -31
372 -31
373 -35
374 -30
375 -348
376 -290
377 -31
378 -151
379 -405
380 -217
381 -47
382 -30
383 -471
384 -158
385 -87
386 -322
387 -17
388 -31
389 -30
390 -31
391 -30
392 -31
393 -58
394 -276
395 -31
396 -130
397 -803
398 -30
399 -35
400 -535
401 -30
402 -58
403 -574
404 -47
405 -191
406 -137
407 -633
408 -159
409 -648
410 -31
411 -47
412 -251
413 -73
414 -126
415 -525
416 -30
417 -30
418 -113
419 -31
420 -1070
421 -219
422 -46
423 -31
424 -1023
425 -30
426 -31
427 -69
428 -243
429 -47
430 -625
431 -31
432 -294
433 -60
434 -31
435 -30
436 -331
437 -31
438 -469
439 -498
440 -30
441 -598
442 -66
443 -30
444 -513
445 -56
446 -31
447 -30
448 -31
449 -30
450 -31
451 -30
452 -58
453 -47
454 -30
455 -34
456 -30
457 -528
458 -34
459 -47
460 -31
461 -35
462 -126
463 -30
464 -35
465 -42
466 -781
467 -31
468 -31
469 -35
470 -31
471 -58
472 -340
473 -72
474 -64
475 -154
476 -31
477 -599
478 -31
479 -31
480 -200
481 -34
482 -1717
483 -75
484 -1351
485 -31
486 -317
487 -291
488 -47
489 -340
490 -471
491 -31
492 -291
493 -47
494 -30
495 -302
496 -172
497 -31
498 -130
499 -35
500 -58
501 -22
502 -30
503 -30
504 -70
505 -30
506 -30
507 -31
508 -467
509 -30
510 -322
511 -440
512 -31
513 -44
514 -88
515 -30
516 -285
517 -88
518 -47
519 -35
520 -157
521 -31
522 -98
523 -106
524 -634
525 -692
526 -31
527 -645
528 -141
529 -43
530 -417
531 -412
532 -31
533 -194
534 -762
535 -54
536 -31
537 -225
538 -516
539 -40
540 -31
541 -35
542 -31
543 -31
544 -47
545 -266
546 -31
547 -781
548 -499
549 -57
550 -1279
551 -31
552 -228
553 -31
554 -47
555 -51
556 -31
557 -303
558 -31
559 -361
560 -31
561 -160
562 -30
563 -30
564 -99
565 -31
566 -31
567 -45
568 -542
569 -47
570 -31
571 -31
572 -30
573 -57
574 -31
575 -142
576 -31
577 -261
578 -30
579 -350
580 -31
581 -132
582 -663
583 -156
584 -47
585 -31
586 -30
587 -291
588 -281
589 -30
590 -88
591 -31
592 -49
593 -30
594 -103
595 -30
596 -307
597 -624
598 -262
599 -31
600 -58
601 -392
602 -31
603 -203
604 -228
605 -30
606 -58
607 -502
608 -31
609 -30
610 -30
611 -36
612 -344
613 -1763
614 -31
615 -81
616 -30
617 -31
618 -31
619 -31
620 -31
621 -533
622 -47
623 -519
624 -30
625 -30
626 -47
627 -58
628 -1106
629 -31
630 -336
631 -58
632 -31
633 -450
634 -58
635 -30
636 -74
637 -31
638 -31
639 -532
640 -31
641 -30
642 -40
643 -496
644 -784
645 -30
646 -31
647 -754
648 -194
649 -31
650 -30
651 -35
652 -473
653 -30
654 -31
655 -30
656 -472
657 -87
658 -28
659 -47
660 -439
661 -31
662 -169
663 -31
664 -1497
665 -31
666 -31
667 -30
668 -643
669 -460
670 -58
671 -1131
672 -35
673 -1039
674 -865
675 -30
676 -70
677 -31
678 -58
679 -30
680 -31
681 -207
682 -437
683 -58
684 -443
685 -30
686 -30
687 -75
688 -158
689 -293
690 -31
691 -31
692 -35
693 -69
694 -356
695 -47
696 -89
697 -47
698 -58
699 -277
700 -30
701 -276
702 -31
703 -31
704 -1402
705 -179
706 -58
707 -30
708 -35
709 -30
710 -30
711 -30
712 -38
713 -83
714 -58
715 -71
716 -295
717 -584
718 -31
719 -31
720 -30
721 -31
722 -58
723 -23
724 -133
725 -168
726 -31
727 -74
728 -443
729 -435
730 -35
731 -31
732 -30
733 -31
734 -246
735 -35
736 -31
737 -103
738 -22
739 -107
740 -47
741 -113
742 -58
743 -192
744 -31
745 -58
746 -138
747 -30
748 -531
749 -29
750 -31
751 -30
752 -174
753 -622
754 -236
755 -31
756 -182
757 -31
758 -31
759 -31
760 -116
761 -30
762 -123
763 -30
764 -31
765 -1335
766 -58
767 -307
768 -31
769 -285
770 -1361
771 -134
772 -58
773 -30
774 -446
775 -31
776 -30
777 -202
778 -58
779 -315
780 -531
781 -30
782 -30
783 -31
784 -35
785 -31
786 -100
787 -58
788 -31
789 -30
790 -94
791 -36
792 -456
793 -139
794 -30
795 -418
796 -31
797 -53
798 -30
799 -31
800 -719
801 -30
802 -342
803 -34
804 -47
805 -58
806 -30
807 -31
808 -113
809 -380
810 -69
811 -296
812 -30
813 -31
814 -30
815 -30
816 -35
817 -35
818 -282
819 -30
820 -47
821 -47
822 -31
823 -31
824 -77
825 -31
826 -31
827 -31
828 -47
829 -30
830 -256
831 -61
832 -58
833 -58
834 -31
835 -229
836 -34
837 -839
838 -23
839 -31
840 -30
841 -30
842 -47
843 -30
844 -181
845 -31
846 -30
847 -30
848 -30
849 -650
850 -56
851 -30
852 -30
853 -30
854 -35
855 -45
856 -31
857 -210
858 -31
859 -30
860 -30
861 -30
862 -147
863 -58
864 -566
865 -31
866 -31
867 -614
868 -58
869 -39
870 -254
871 -1782
872 -30
873 -763
874 -225
875 -41
876 -35
877 -30
878 -230
879 -30
880 -283
881 -31
882 -192
883 -31
884 -31
885 -431
886 -30
887 -31
888 -453
889 -331
890 -113
891 -496
892 -60
893 -494
894 -93
895 -30
896 -35
897 -64
898 -31
899 -150
900 -218
901 -30
902 -745
903 -30
904 -58
905 -30
906 -31
907 -30
908 -719
909 -31
910 -30
911 -35
912 -30
913 -30
914 -369
915 -45
916 -30
917 -30
918 -31
919 -300
920 -207
921 -358
922 -58
923 -83
924 -601
925 -42
926 -30
927 -306
928 -811
929 -224
930 -216
931 -455
932 -30
933 -31
934 -58
935 -332
936 -58
937 -30
938 -281
939 -31
940 -30
941 -31
942 -31
943 -35
944 -183
945 -166
946 -240
947 -31
948 -500
949 -31
950 -31
951 -107
952 -31
953 -31
954 -122
955 -567
956 -1051
957 -75
958 -422
959 -376
960 -463
961 -30
962 -58
963 -291
964 -30
965 -39
966 -125
967 -30
968 -30
969 -90
970 -31
971 -47
972 -31
973 -253
974 -68
975 -31
976 -35
977 -338
978 -58
979 -30
980 -698
981 -30
982 -30
983 -31
984 -30
985 -134
986 -321
987 -35
988 -237
989 -553
990 -461
991 -58
992 -42
993 -161
994 -30
995 -64
996 -594
997 -30
998 -58
999 -31
