0 -38
1 -12
2 -33
3 -34
4 -38
5 -12
6 -12
7 -38
8 -39
9 -12
10 -33
11 -34
12 -48
13 -39
14 -12
15 -38
16 -25
17 -12
18 -33
19 -33
20 -33
21 -34
22 -39
23 -39
24 -33
25 -38
26 -39
27 -12
28 -39
29 -66
30 -39
31 -39
32 -34
33 -44
34 -39
35 -35
36 -34
37 -42
38 -12
39 -12
40 -38
41 -33
42 -52
43 -38
44 -39
45 -33
46 -33
47 -12
48 -38
49 -34
50 -12
51 -39
52 -12
53 -34
54 -33
55 -39
56 -12
57 -38
58 -34
59 -39
60 -39
61 -34
62 -39
63 -34
64 -39
65 -12
66 -39
67 -38
68 -12
69 -12
70 -39
71 -33
72 -12
73 -38
74 -12
75 -70
76 -33
77 -39
78 -12
79 -12
80 -12
81 -38
82 -39
83 -38
84 -12
85 -39
86 -39
87 -38
88 -33
89 -33
90 -12
91 -34
92 -39
93 -12
94 -34
95 -39
96 -39
97 -39
98 -38
99 -12
100 -34
101 -38
102 -12
103 -38
104 -34
105 -39
106 -39
107 -38
108 -33
109 -34
110 -38
111 -39
112 -34
113 -39
114 -12
115 -39
116 -12
117 -38
118 -12
119 -34
120 -33
121 -12
122 -48
123 -12
124 -12
125 -39
126 -38
127 -30
128 -12
129 -39
130 -34
131 -39
132 -38
133 -12
134 -33
135 -46
136 -30
137 -38
138 -12
139 -34
140 -30
141 -33
142 -39
143 -39
144 -21
145 -38
146 -34
147 -33
148 -39
149 -12
150 -33
151 -34
152 -39
153 -39
154 -34
155 -34
156 -39
157 -33
158 -39
159 -38
160 -12
161 -12
162 -33
163 -38
164 -34
165 -33
166 -38
167 -33
168 -34
169 -12
170 -33
171 -12
172 -38
173 -33
174 -12
175 -38
176 -39
177 -39
178 -12
179 -12
180 -12
181 -34
182 -33
183 -38
184 -38
185 -39
186 -34
187 -12
188 -12
189 -48
190 -33
191 -34
192 -33
193 -34
194 -12
195 -34
196 -12
197 -12
198 -12
199 -39
200 -33
201 -38
202 -38
203 -38
204 -12
205 -12
206 -38
207 -12
208 -33
209 -34
210 -38
211 -12
212 -39
213 -38
214 -34
215 -12
216 -12
217 -38
218 -34
219 -12
220 -33
221 -39
222 -43
223 -12
224 -34
225 -12
226 -39
227 -33
228 -39
229 -33
230 -12
231 -12
232 -48
233 -39
234 -12
235 -39
236 -33
237 -39
238 -38
239 -33
240 -33
241 -12
242 -38
243 -39
244 -34
245 -12
246 -34
247 -39
248 -39
249 -33
250 -39
251 -34
252 -39
253 -33
254 -39
255 -12
256 -39
257 -39
258 -12
259 -12
260 -34
261 -33
262 -34
263 -33
264 -33
265 -12
266 -12
267 -12
268 -38
269 -34
270 -39
271 -33
272 -39
273 -38
274 -38
275 -12
276 -34
277 -39
278 -38
279 -34
280 -34
281 -54
282 -39
283 -34
284 -33
285 -33
286 -33
287 -12
288 -39
289 -33
290 -34
291 -38
292 -33
293 -39
294 -39
295 -38
296 -33
297 -34
298 -12
299 -39
300 -39
301 -38
302 -12
303 -33
304 -33
305 -27
306 -12
307 -33
308 -38
309 -12
310 -33
311 -34
312 -38
313 -39
314 -33
315 -39
316 -38
317 -33
318 -38
319 -34
320 -25
321 -33
322 -12
323 -34
324 -33
325 -38
326 -33
327 -38
328 -33
329 -33
330 -38
331 -12
332 -34
333 -12
334 -39
335 -38
336 -12
337 -33
338 -33
339 -28
340 -38
341 -54
342 -39
343 -33
344 -33
345 -33
346 -33
347 -12
348 -33
349 -34
350 -38
351 -39
352 -34
353 -33
354 -33
355 -38
356 -12
357 -37
358 -39
359 -33
360 -33
361 -12
362 -39
363 -39
364 -38
365 -12
366 -33
367 -33
368 -12
369 -34
370 -33
371 -33
372 -42
373 -38
374 -39
375 -38
376 -12
377 -38
378 -33
379 -39
380 -33
381 -48
382 -12
383 -36
384 -34
385 -12
386 -12
387 -34
388 -34
389 -34
390 -21
391 -34
392 -12
393 -34
394 -12
395 -34
396 -37
397 -38
398 -38
399 -39
400 -38
401 -33
402 -12
403 -12
404 -39
405 -39
406 -33
407 -33
408 -38
409 -33
410 -12
411 -38
412 -12
413 -12
414 -33
415 -43
416 -38
417 -38
418 -12
419 -12
420 -39
421 -12
422 -39
423 -34
424 -33
425 -39
426 -39
427 -12
428 -39
429 -38
430 -35
431 -12
432 -34
433 -33
434 -12
435 -34
436 -34
437 -34
438 -34
439 -39
440 -12
441 -12
442 -39
443 -33
444 -12
445 -34
446 -38
447 -12
448 -33
449 -39
450 -33
451 -34
452 -39
453 -35
454 -39
455 -38
456 -38
457 -39
458 -34
459 -38
460 -33
461 -34
462 -33
463 -12
464 -34
465 -38
466 -33
467 -34
468 -33
469 -33
470 -12
471 -34
472 -34
473 -38
474 -38
475 -39
476 -39
477 -38
478 -38
479 -38
480 -39
481 -12
482 -34
483 -12
484 -38
485 -38
486 -39
487 -35
488 -38
489 -33
490 -38
491 -33
492 -33
493 -38
494 -34
495 -12
496 -34
497 -34
498 -12
499 -34
500 -44
501 -34
502 -39
503 -34
504 -34
505 -33
506 -33
507 -39
508 -34
509 -39
510 -39
511 -39
512 -43
513 -38
514 -36
515 -39
516 -39
517 -39
518 -34
519 -38
520 -33
521 -34
522 -39
523 -38
524 -34
525 -38
526 -44
527 -33
528 -38
529 -39
530 -39
531 -42
532 -34
533 -38
534 -33
535 -12
536 -38
537 -38
538 -33
539 -38
540 -34
541 -39
542 -38
543 -33
544 -12
545 -39
546 -34
547 -34
548 -39
549 -34
550 -34
551 -38
552 -43
553 -33
554 -34
555 -12
556 -34
557 -12
558 -12
559 -33
560 -33
561 -12
562 -39
563 -39
564 -38
565 -38
566 -13
567 -38
568 -34
569 -39
570 -33
571 -38
572 -38
573 -34
574 -12
575 -38
576 -34
577 -34
578 -40
579 -33
580 -12
581 -39
582 -34
583 -39
584 -39
585 -39
586 -39
587 -33
588 -39
589 -39
590 -34
591 -34
592 -42
593 -39
594 -38
595 -33
596 -39
597 -12
598 -39
599 -33
600 -39
601 -12
602 -12
603 -38
604 -33
605 -38
606 -38
607 -33
608 -33
609 -33
610 -12
611 -34
612 -12
613 -38
614 -33
615 -38
616 -44
617 -39
618 -38
619 -34
620 -12
621 -12
622 -12
623 -12
624 -33
625 -34
626 -407
627 -34
628 -38
629 -12
630 -39
631 -33
632 -34
633 -38
634 -61
635 -33
636 -38
637 -39
638 -41
639 -12
640 -34
641 -38
642 -34
643 -33
644 -12
645 -31
646 -38
647 -12
648 -53
649 -34
650 -39
651 -38
652 -33
653 -12
654 -33
655 -34
656 -34
657 -38
658 -34
659 -39
660 -33
661 -34
662 -12
663 -34
664 -61
665 -34
666 -49
667 -12
668 -33
669 -34
670 -39
671 -12
672 -39
673 -33
674 -12
675 -34
676 -12
677 -38
678 -34
679 -39
680 -34
681 -34
682 -34
683 -33
684 -33
685 -34
686 -12
687 -33
688 -12
689 -34
690 -38
691 -34
692 -39
693 -38
694 -12
695 -33
696 -38
697 -34
698 -12
699 -34
700 -12
701 -50
702 -38
703 -39
704 -38
705 -12
706 -34
707 -39
708 -39
709 -34
710 -33
711 -34
712 -38
713 -12
714 -39
715 -38
716 -12
717 -34
718 -33
719 -33
720 -33
721 -34
722 -39
723 -12
724 -12
725 -38
726 -38
727 -20
728 -34
729 -34
730 -33
731 -33
732 -33
733 -39
734 -34
735 -34
736 -38
737 -38
738 -12
739 -33
740 -12
741 -49
742 -38
743 -39
744 -12
745 -34
746 -34
747 -39
748 -34
749 -38
750 -38
751 -38
752 -33
753 -50
754 -38
755 -12
756 -33
757 -33
758 -38
759 -38
760 -33
761 -48
762 -33
763 -38
764 -39
765 -34
766 -33
767 -12
768 -39
769 -38
770 -34
771 -12
772 -38
773 -38
774 -33
775 -39
776 -39
777 -34
778 -34
779 -12
780 -39
781 -39
782 -34
783 -33
784 -33
785 -33
786 -39
787 -34
788 -38
789 -38
790 -38
791 -34
792 -39
793 -34
794 -12
795 -12
796 -38
797 -39
798 -12
799 -34
800 -12
801 -39
802 -33
803 -33
804 -12
805 -39
806 -39
807 -12
808 -39
809 -33
810 -39
811 -39
812 -12
813 -12
814 -33
815 -33
816 -39
817 -12
818 -34
819 -38
820 -12
821 -34
822 -38
823 -38
824 -38
825 -39
826 -29
827 -38
828 -39
829 -34
830 -38
831 -33
832 -33
833 -39
834 -39
835 -12
836 -33
837 -12
838 -33
839 -12
840 -12
841 -38
842 -34
843 -40
844 -33
845 -34
846 -39
847 -34
848 -39
849 -33
850 -34
851 -34
852 -38
853 -33
854 -39
855 -39
856 -39
857 -33
858 -34
859 -34
860 -38
861 -34
862 -34
863 -34
864 -12
865 -38
866 -38
867 -12
868 -37
869 -12
870 -39
871 -38
872 -38
873 -34
874 -12
875 -34
876 -34
877 -12
878 -34
879 -61
880 -34
881 -38
882 -33
883 -39
884 -38
885 -34
886 -12
887 -38
888 -33
889 -39
890 -39
891 -33
892 -12
893 -33
894 -12
895 -33
896 -33
897 -34
898 -34
899 -33
900 -33
901 -33
902 -33
903 -38
904 -39
905 -39
906 -38
907 -12
908 -39
909 -39
910 -34
911 -34
912 -40
913 -39
914 -34
915 -34
916 -33
917 -34
918 -401
919 -34
920 -48
921 -12
922 -33
923 -34
924 -12
925 -12
926 -12
927 -12
928 -30
929 -34
930 -43
931 -39
932 -34
933 -38
934 -12
935 -39
936 -12
937 -34
938 -12
939 -33
940 -34
941 -38
942 -12
943 -34
944 -39
945 -38
946 -39
947 -34
948 -38
949 -56
950 -38
951 -38
952 -12
953 -39
954 -33
955 -34
956 -13
957 -39
958 -12
959 -12
960 -34
961 -13
962 -34
963 -12
964 -12
965 -34
966 -38
967 -34
968 -38
969 -39
970 -39
971 -34
972 -38
973 -33
974 -33
975 -38
976 -34
977 -33
978 -39
979 -40
980 -39
981 -12
982 -33
983 -38
984 -39
985 -34
986 -12
987 -41
988 -34
989 -12
990 -12
991 -38
992 -35
993 -39
994 -12
995 -12
996 -39
997 -33
998 -39
999 -38
