0 -34
1 -38
2 -12
3 -33
4 -12
5 -38
6 -12
7 -34
8 -34
9 -39
10 -33
11 -39
12 -12
13 -12
14 -34
15 -31
16 -38
17 -34
18 -34
19 -38
20 -39
21 -33
22 -33
23 -12
24 -34
25 -34
26 -34
27 -38
28 -34
29 -38
30 -33
31 -39
32 -33
33 -38
34 -33
35 -33
36 -34
37 -39
38 -12
39 -58
40 -34
41 -33
42 -33
43 -33
44 -33
45 -34
46 -34
47 -39
48 -34
49 -12
50 -39
51 -12
52 -33
53 -34
54 -12
55 -39
56 -39
57 -33
58 -39
59 -12
60 -33
61 -12
62 -38
63 -33
64 -34
65 -43
66 -34
67 -34
68 -41
69 -33
70 -34
71 -33
72 -38
73 -38
74 -39
75 -34
76 -12
77 -39
78 -39
79 -33
80 -38
81 -34
82 -12
83 -34
84 -38
85 -33
86 -33
87 -38
88 -34
89 -34
90 -34
91 -39
92 -33
93 -39
94 -34
95 -12
96 -39
97 -39
98 -34
99 -12
100 -39
101 -33
102 -39
103 -34
104 -40
105 -33
106 -38
107 -38
108 -33
109 -38
110 -43
111 -33
112 -33
113 -39
114 -12
115 -38
116 -33
117 -34
118 -33
119 -38
120 -34
121 -12
122 -34
123 -39
124 -33
125 -39
126 -38
127 -38
128 -39
129 -33
130 -12
131 -34
132 -33
133 -33
134 -33
135 -34
136 -12
137 -34
138 -12
139 -12
140 -34
141 -34
142 -39
143 -39
144 -33
145 -12
146 -33
147 -44
148 -38
149 -44
150 -12
151 -12
152 -24
153 -39
154 -39
155 -39
156 -12
157 -39
158 -34
159 -12
160 -33
161 -34
162 -34
163 -33
164 -38
165 -34
166 -39
167 -12
168 -38
169 -39
170 -33
171 -33
172 -12
173 -38
174 -43
175 -34
176 -34
177 -38
178 -33
179 -39
180 -12
181 -39
182 -32
183 -33
184 -41
185 -38
186 -38
187 -38
188 -38
189 -21
190 -34
191 -33
192 -38
193 -38
194 -38
195 -33
196 -12
197 -34
198 -33
199 -38
200 -33
201 -33
202 -33
203 -12
204 -33
205 -39
206 -12
207 -38
208 -33
209 -12
210 -198
211 -45
212 -12
213 -12
214 -34
215 -12
216 -38
217 -33
218 -39
219 -38
220 -39
221 -39
222 -12
223 -12
224 -33
225 -39
226 -34
227 -38
228 -12
229 -39
230 -355
231 -38
232 -38
233 -39
234 -30
235 -38
236 -417
237 -33
238 -33
239 -38
240 -38
241 -12
242 -12
243 -39
244 -33
245 -33
246 -39
247 -33
248 -12
249 -39
250 -38
251 -34
252 -33
253 -39
254 -39
255 -38
256 -12
257 -46
258 -43
259 -22
260 -38
261 -12
262 -53
263 -38
264 -38
265 -38
266 -39
267 -34
268 -34
269 -33
270 -43
271 -39
272 -39
273 -39
274 -39
275 -12
276 -34
277 -34
278 -34
279 -39
280 -33
281 -38
282 -12
283 -39
284 -34
285 -33
286 -34
287 -38
288 -38
289 -34
290 -36
291 -39
292 -34
293 -39
294 -39
295 -39
296 -39
297 -34
298 -33
299 -34
300 -38
301 -33
302 -39
303 -12
304 -34
305 -38
306 -38
307 -33
308 -34
309 -34
310 -38
311 -34
312 -38
313 -12
314 -39
315 -39
316 -38
317 -39
318 -38
319 -39
320 -39
321 -38
322 -33
323 -12
324 -12
325 -39
326 -12
327 -38
328 -34
329 -33
330 -38
331 -39
332 -39
333 -38
334 -33
335 -39
336 -38
337 -38
338 -39
339 -33
340 -34
341 -38
342 -12
343 -12
344 -39
345 -12
346 -33
347 -34
348 -12
349 -12
350 -30
351 -12
352 -38
353 -12
354 -33
355 -39
356 -40
357 -33
358 -49
359 -12
360 -34
361 -34
362 -34
363 -39
364 -33
365 -34
366 -39
367 -38
368 -33
369 -39
370 -39
371 -39
372 -38
373 -38
374 -12
375 -39
376 -33
377 -33
378 -38
379 -33
380 -38
381 -38
382 -12
383 -34
384 -39
385 -39
386 -53
387 -38
388 -12
389 -34
390 -38
391 -34
392 -35
393 -52
394 -33
395 -33
396 -34
397 -12
398 -34
399 -12
400 -12
401 -41
402 -34
403 -39
404 -33
405 -43
406 -38
407 -34
408 -34
409 -12
410 -34
411 -12
412 -39
413 -38
414 -2961
415 -38
416 -33
417 -12
418 -34
419 -39
420 -12
421 -33
422 -12
423 -38
424 -12
425 -39
426 -38
427 -38
428 -34
429 -33
430 -34
431 -34
432 -34
433 -34
434 -33
435 -12
436 -34
437 -38
438 -39
439 -38
440 -33
441 -39
442 -39
443 -39
444 -34
445 -33
446 -12
447 -38
448 -33
449 -34
450 -34
451 -39
452 -12
453 -34
454 -33
455 -12
456 -25
457 -38
458 -38
459 -12
460 -38
461 -34
462 -33
463 -34
464 -33
465 -12
466 -34
467 -34
468 -39
469 -33
470 -38
471 -38
472 -34
473 -33
474 -33
475 -12
476 -38
477 -33
478 -33
479 -39
480 -33
481 -39
482 -34
483 -12
484 -38
485 -38
486 -53
487 -38
488 -33
489 -39
490 -12
491 -38
492 -34
493 -33
494 -38
495 -37
496 -34
497 -38
498 -39
499 -34
500 -38
501 -39
502 -38
503 -39
504 -38
505 -34
506 -38
507 -12
508 -38
509 -33
510 -33
511 -38
512 -34
513 -33
514 -38
515 -12
516 -34
517 -12
518 -33
519 -12
520 -33
521 -12
522 -39
523 -34
524 -38
525 -12
526 -38
527 -75
528 -38
529 -39
530 -33
531 -33
532 -34
533 -34
534 -12
535 -40
536 -33
537 -34
538 -38
539 -33
540 -38
541 -33
542 -39
543 -39
544 -33
545 -12
546 -39
547 -12
548 -33
549 -12
550 -12
551 -13
552 -39
553 -34
554 -39
555 -38
556 -38
557 -39
558 -33
559 -45
560 -39
561 -123
562 -34
563 -39
564 -33
565 -38
566 -12
567 -33
568 -38
569 -34
570 -34
571 -38
572 -33
573 -33
574 -34
575 -33
576 -39
577 -33
578 -33
579 -12
580 -12
581 -12
582 -12
583 -39
584 -38
585 -34
586 -38
587 -38
588 -12
589 -34
590 -12
591 -33
592 -33
593 -38
594 -33
595 -38
596 -12
597 -33
598 -39
599 -39
600 -34
601 -39
602 -38
603 -38
604 -12
605 -39
606 -39
607 -33
608 -33
609 -38
610 -39
611 -39
612 -33
613 -33
614 -38
615 -33
616 -34
617 -34
618 -38
619 -33
620 -12
621 -31
622 -38
623 -34
624 -39
625 -34
626 -12
627 -39
628 -39
629 -34
630 -38
631 -12
632 -33
633 -12
634 -33
635 -39
636 -12
637 -34
638 -33
639 -33
640 -33
641 -34
642 -38
643 -12
644 -39
645 -12
646 -38
647 -33
648 -12
649 -28
650 -12
651 -38
652 -33
653 -38
654 -38
655 -39
656 -38
657 -35
658 -38
659 -34
660 -33
661 -37
662 -34
663 -33
664 -39
665 -12
666 -34
667 -38
668 -39
669 -33
670 -34
671 -12
672 -33
673 -39
674 -34
675 -39
676 -12
677 -34
678 -33
679 -33
680 -12
681 -38
682 -12
683 -33
684 -33
685 -34
686 -12
687 -38
688 -39
689 -12
690 -34
691 -34
692 -12
693 -33
694 -33
695 -12
696 -35
697 -33
698 -33
699 -12
700 -34
701 -33
702 -39
703 -33
704 -34
705 -33
706 -38
707 -38
708 -33
709 -33
710 -39
711 -39
712 -12
713 -12
714 -33
715 -39
716 -38
717 -12
718 -12
719 -12
720 -12
721 -39
722 -33
723 -12
724 -48
725 -12
726 -12
727 -39
728 -34
729 -39
730 -42
731 -34
732 -12
733 -12
734 -34
735 -39
736 -38
737 -39
738 -12
739 -33
740 -34
741 -12
742 -33
743 -38
744 -12
745 -34
746 -34
747 -38
748 -12
749 -33
750 -33
751 -33
752 -33
753 -35
754 -39
755 -34
756 -38
757 -39
758 -38
759 -33
760 -12
761 -38
762 -38
763 -39
764 -33
765 -12
766 -29
767 -39
768 -33
769 -39
770 -34
771 -12
772 -39
773 -38
774 -33
775 -38
776 -39
777 -39
778 -33
779 -39
780 -12
781 -38
782 -33
783 -33
784 -39
785 -34
786 -12
787 -39
788 -33
789 -12
790 -39
791 -33
792 -38
793 -39
794 -33
795 -39
796 -34
797 -33
798 -34
799 -34
800 -12
801 -12
802 -38
803 -33
804 -34
805 -12
806 -39
807 -34
808 -39
809 -12
810 -38
811 -39
812 -33
813 -59
814 -33
815 -34
816 -12
817 -34
818 -39
819 -33
820 -34
821 -39
822 -39
823 -39
824 -4031
825 -33
826 -38
827 -34
828 -12
829 -38
830 -12
831 -39
832 -33
833 -12
834 -39
835 -12
836 -34
837 -34
838 -34
839 -33
840 -38
841 -39
842 -29
843 -39
844 -39
845 -38
846 -312
847 -33
848 -12
849 -33
850 -39
851 -9257
852 -12
853 -34
854 -38
855 -33
856 -34
857 -34
858 -38
859 -38
860 -12
861 -33
862 -12
863 -33
864 -33
865 -33
866 -12
867 -38
868 -33
869 -12
870 -33
871 -34
872 -40
873 -39
874 -38
875 -39
876 -33
877 -50
878 -39
879 -38
880 -34
881 -39
882 -34
883 -39
884 -12
885 -34
886 -39
887 -12
888 -30
889 -33
890 -39
891 -38
892 -39
893 -38
894 -38
895 -12
896 -34
897 -34
898 -12
899 -38
900 -34
901 -34
902 -38
903 -39
904 -12
905 -33
906 -39
907 -33
908 -33
909 -34
910 -38
911 -38
912 -39
913 -33
914 -40
915 -40
916 -33
917 -12
918 -38
919 -1077
920 -39
921 -38
922 -33
923 -12
924 -12
925 -29
926 -35
927 -39
928 -38
929 -39
930 -38
931 -12
932 -12
933 -881
934 -34
935 -12
936 -33
937 -33
938 -33
939 -24
940 -34
941 -34
942 -12
943 -38
944 -33
945 -34
946 -34
947 -38
948 -34
949 -12
950 -33
951 -38
952 -34
953 -13
954 -38
955 -38
956 -39
957 -33
958 -34
959 -32
960 -34
961 -33
962 -34
963 -39
964 -38
965 -12
966 -12
967 -39
968 -33
969 -38
970 -34
971 -34
972 -12
973 -12
974 -34
975 -34
976 -38
977 -38
978 -34
979 -34
980 -39
981 -39
982 -33
983 -39
984 -38
985 -12
986 -39
987 -33
988 -34
989 -33
990 -39
991 -38
992 -39
993 -39
994 -12
995 -42
996 -33
997 -12
998 -25
999 -39
