0 -33
1 -39
2 -12
3 -33
4 -12
5 -12
6 -38
7 -12
8 -12
9 -12
10 -34
11 -34
12 -12
13 -34
14 -34
15 -34
16 -38
17 -39
18 -12
19 -34
20 -33
21 -34
22 -33
23 -39
24 -34
25 -29
26 -38
27 -38
28 -38
29 -33
30 -34
31 -38
32 -39
33 -34
34 -38
35 -12
36 -33
37 -35
38 -39
39 -39
40 -12
41 -12
42 -33
43 -33
44 -45
45 -12
46 -34
47 -33
48 -38
49 -39
50 -38
51 -38
52 -40
53 -38
54 -12
55 -34
56 -12
57 -34
58 -39
59 -34
60 -33
61 -39
62 -38
63 -33
64 -38
65 -39
66 -12
67 -39
68 -33
69 -61
70 -38
71 -12
72 -39
73 -12
74 -39
75 -33
76 -12
77 -38
78 -34
79 -36
80 -39
81 -39
82 -34
83 -33
84 -34
85 -34
86 -39
87 -33
88 -34
89 -38
90 -45
91 -43
92 -12
93 -34
94 -12
95 -49
96 -12
97 -34
98 -33
99 -38
100 -31
101 -12
102 -33
103 -33
104 -12
105 -34
106 -33
107 -26
108 -34
109 -39
110 -34
111 -34
112 -38
113 -39
114 -12
115 -39
116 -214
117 -34
118 -39
119 -33
120 -39
121 -38
122 -34
123 -39
124 -38
125 -34
126 -34
127 -13
128 -39
129 -39
130 -39
131 -34
132 -12
133 -33
134 -33
135 -38
136 -38
137 -39
138 -39
139 -39
140 -39
141 -33
142 -38
143 -38
144 -43
145 -38
146 -44
147 -12
148 -12
149 -39
150 -38
151 -39
152 -40
153 -38
154 -12
155 -39
156 -38
157 -39
158 -12
159 -33
160 -38
161 -33
162 -33
163 -34
164 -34
165 -33
166 -38
167 -12
168 -34
169 -33
170 -39
171 -39
172 -38
173 -38
174 -12
175 -38
176 -33
177 -38
178 -38
179 -38
180 -38
181 -34
182 -33
183 -39
184 -39
185 -38
186 -39
187 -12
188 -38
189 -34
190 -33
191 -12
192 -22
193 -33
194 -33
195 -34
196 -34
197 -34
198 -38
199 -34
200 -34
201 -38
202 -39
203 -12
204 -40
205 -56
206 -39
207 -12
208 -33
209 -34
210 -34
211 -12
212 -34
213 -34
214 -30
215 -12
216 -39
217 -34
218 -48
219 -34
220 -34
221 -34
222 -34
223 -38
224 -39
225 -34
226 -38
227 -12
228 -38
229 -12
230 -33
231 -39
232 -34
233 -34
234 -33
235 -12
236 -12
237 -38
238 -34
239 -37
240 -34
241 -12
242 -33
243 -12
244 -38
245 -12
246 -33
247 -33
248 -39
249 -39
250 -38
251 -34
252 -12
253 -34
254 -39
255 -12
256 -33
257 -12
258 -33
259 -12
260 -33
261 -38
262 -34
263 -39
264 -38
265 -12
266 -34
267 -12
268 -38
269 -34
270 -39
271 -46
272 -38
273 -33
274 -33
275 -17
276 -222
277 -33
278 -12
279 -39
280 -39
281 -34
282 -39
283 -38
284 -33
285 -38
286 -34
287 -12
288 -34
289 -39
290 -34
291 -38
292 -39
293 -34
294 -33
295 -34
296 -34
297 -39
298 -33
299 -33
300 -38
301 -38
302 -13
303 -39
304 -939
305 -38
306 -12
307 -22
308 -12
309 -33
310 -12
311 -33
312 -34
313 -34
314 -38
315 -38
316 -33
317 -12
318 -12
319 -39
320 -38
321 -33
322 -38
323 -34
324 -34
325 -40
326 -34
327 -39
328 -33
329 -12
330 -12
331 -38
332 -33
333 -39
334 -34
335 -12
336 -33
337 -33
338 -34
339 -34
340 -39
341 -34
342 -33
343 -38
344 -33
345 -12
346 -12
347 -34
348 -34
349 -12
350 -12
351 -34
352 -12
353 -39
354 -34
355 -39
356 -38
357 -34
358 -34
359 -38
360 -12
361 -33
362 -34
363 -34
364 -12
365 -33
366 -34
367 -33
368 -34
369 -12
370 -34
371 -43
372 -39
373 -39
374 -33
375 -39
376 -34
377 -34
378 -38
379 -39
380 -39
381 -34
382 -12
383 -12
384 -34
385 -12
386 -39
387 -33
388 -33
389 -33
390 -38
391 -34
392 -33
393 -39
394 -34
395 -34
396 -40
397 -12
398 -12
399 -12
400 -12
401 -39
402 -34
403 -12
404 -39
405 -33
406 -12
407 -39
408 -12
409 -12
410 -12
411 -39
412 -34
413 -38
414 -12
415 -34
416 -12
417 -33
418 -39
419 -38
420 -34
421 -38
422 -39
423 -38
424 -38
425 -12
426 -12
427 -34
428 -34
429 -38
430 -33
431 -33
432 -38
433 -12
434 -34
435 -38
436 -360
437 -33
438 -33
439 -39
440 -34
441 -34
442 -33
443 -12
444 -33
445 -34
446 -12
447 -34
448 -12
449 -38
450 -33
451 -35
452 -34
453 -1253
454 -39
455 -38
456 -34
457 -39
458 -38
459 -34
460 -1635
461 -12
462 -34
463 -34
464 -34
465 -34
466 -38
467 -34
468 -38
469 -33
470 -34
471 -39
472 -39
473 -4108
474 -34
475 -12
476 -34
477 -34
478 -34
479 -38
480 -38
481 -39
482 -39
483 -33
484 -202
485 -34
486 -12
487 -39
488 -12
489 -34
490 -34
491 -48
492 -34
493 -12
494 -39
495 -38
496 -33
497 -39
498 -12
499 -34
500 -33
501 -33
502 -12
503 -33
504 -33
505 -39
506 -38
507 -34
508 -27
509 -34
510 -12
511 -34
512 -33
513 -30
514 -38
515 -39
516 -34
517 -34
518 -34
519 -38
520 -33
521 -39
522 -38
523 -34
524 -39
525 -33
526 -34
527 -39
528 -39
529 -34
530 -12
531 -38
532 -12
533 -12
534 -12
535 -33
536 -34
537 -38
538 -39
539 -39
540 -39
541 -38
542 -39
543 -12
544 -34
545 -12
546 -33
547 -38
548 -39
549 -33
550 -34
551 -35
552 -29
553 -12
554 -33
555 -12
556 -34
557 -38
558 -34
559 -38
560 -33
561 -48
562 -39
563 -33
564 -38
565 -41
566 -33
567 -12
568 -33
569 -39
570 -33
571 -39
572 -39
573 -33
574 -38
575 -33
576 -34
577 -12
578 -39
579 -34
580 -34
581 -39
582 -12
583 -12
584 -39
585 -39
586 -57
587 -38
588 -34
589 -35
590 -39
591 -33
592 -30
593 -38
594 -39
595 -33
596 -34
597 -12
598 -33
599 -34
600 -33
601 -33
602 -38
603 -39
604 -33
605 -33
606 -39
607 -39
608 -12
609 -34
610 -12
611 -33
612 -34
613 -33
614 -34
615 -38
616 -39
617 -38
618 -33
619 -38
620 -12
621 -39
622 -33
623 -12
624 -12
625 -12
626 -33
627 -39
628 -33
629 -39
630 -34
631 -12
632 -39
633 -39
634 -33
635 -33
636 -39
637 -34
638 -39
639 -33
640 -33
641 -39
642 -34
643 -38
644 -38
645 -39
646 -34
647 -39
648 -34
649 -33
650 -33
651 -33
652 -33
653 -38
654 -38
655 -34
656 -33
657 -38
658 -34
659 -34
660 -38
661 -38
662 -18
663 -12
664 -12
665 -39
666 -33
667 -29
668 -38
669 -38
670 -34
671 -33
672 -54
673 -34
674 -39
675 -40
676 -43
677 -33
678 -34
679 -38
680 -12
681 -39
682 -34
683 -38
684 -34
685 -47
686 -39
687 -33
688 -34
689 -34
690 -39
691 -38
692 -34
693 -38
694 -12
695 -39
696 -33
697 -38
698 -38
699 -33
700 -12
701 -12
702 -38
703 -34
704 -38
705 -12
706 -38
707 -33
708 -39
709 -547
710 -34
711 -38
712 -33
713 -12
714 -22
715 -39
716 -33
717 -33
718 -38
719 -12
720 -34
721 -39
722 -38
723 -33
724 -33
725 -38
726 -33
727 -39
728 -12
729 -12
730 -48
731 -33
732 -35
733 -34
734 -39
735 -38
736 -34
737 -38
738 -38
739 -12
740 -39
741 -34
742 -12
743 -34
744 -39
745 -39
746 -38
747 -38
748 -39
749 -34
750 -33
751 -33
752 -12
753 -38
754 -38
755 -12
756 -39
757 -38
758 -34
759 -38
760 -50
761 -33
762 -39
763 -12
764 -33
765 -34
766 -38
767 -12
768 -12
769 -38
770 -12
771 -38
772 -34
773 -34
774 -12
775 -33
776 -39
777 -39
778 -34
779 -39
780 -12
781 -34
782 -38
783 -34
784 -39
785 -34
786 -33
787 -33
788 -33
789 -48
790 -34
791 -33
792 -38
793 -12
794 -38
795 -39
796 -12
797 -12
798 -39
799 -34
800 -40
801 -12
802 -12
803 -39
804 -34
805 -12
806 -33
807 -12
808 -39
809 -38
810 -38
811 -34
812 -34
813 -33
814 -12
815 -34
816 -34
817 -33
818 -33
819 -33
820 -38
821 -38
822 -34
823 -39
824 -12
825 -33
826 -38
827 -38
828 -34
829 -12
830 -33
831 -38
832 -39
833 -12
834 -66
835 -33
836 -34
837 -12
838 -12
839 -34
840 -12
841 -34
842 -34
843 -12
844 -34
845 -39
846 -33
847 -42
848 -38
849 -34
850 -12
851 -12
852 -38
853 -33
854 -34
855 -38
856 -12
857 -33
858 -33
859 -12
860 -39
861 -34
862 -34
863 -12
864 -12
865 -33
866 -12
867 -38
868 -34
869 -33
870 -39
871 -12
872 -34
873 -39
874 -39
875 -12
876 -34
877 -12
878 -12
879 -33
880 -33
881 -38
882 -12
883 -34
884 -12
885 -33
886 -38
887 -33
888 -34
889 -39
890 -12
891 -12
892 -12
893 -38
894 -12
895 -34
896 -34
897 -33
898 -34
899 -12
900 -33
901 -38
902 -12
903 -38
904 -12
905 -43
906 -33
907 -34
908 -38
909 -38
910 -12
911 -12
912 -42
913 -33
914 -1713
915 -12
916 -39
917 -39
918 -39
919 -39
920 -12
921 -12
922 -38
923 -38
924 -34
925 -39
926 -34
927 -33
928 -33
929 -39
930 -38
931 -38
932 -38
933 -38
934 -34
935 -12
936 -34
937 -38
938 -38
939 -34
940 -38
941 -12
942 -34
943 -33
944 -38
945 -34
946 -34
947 -38
948 -34
949 -12
950 -29
951 -33
952 -12
953 -39
954 -38
955 -34
956 -62
957 -12
958 -34
959 -39
960 -38
961 -39
962 -34
963 -33
964 -34
965 -34
966 -38
967 -38
968 -12
969 -12
970 -38
971 -39
972 -33
973 -12
974 -33
975 -39
976 -12
977 -43
978 -34
979 -12
980 -39
981 -34
982 -70
983 -33
984 -38
985 -39
986 -12
987 -34
988 -39
989 -34
990 -39
991 -39
992 -39
993 -33
994 -34
995 -12
996 -39
997 -38
998 -34
999 -34
