0 -43
1 -34
2 -12
3 -12
4 -33
5 -39
6 -34
7 -39
8 -33
9 -38
10 -34
11 -12
12 -12
13 -12
14 -39
15 -38
16 -12
17 -34
18 -39
19 -34
20 -33
21 -39
22 -33
23 -34
24 -38
25 -12
26 -39
27 -33
28 -33
29 -38
30 -33
31 -34
32 -38
33 -34
34 -39
35 -39
36 -12
37 -12
38 -12
39 -38
40 -39
41 -34
42 -39
43 -34
44 -34
45 -38
46 -12
47 -12
48 -12
49 -34
50 -33
51 -34
52 -12
53 -33
54 -33
55 -12
56 -39
57 -38
58 -12
59 -12
60 -39
61 -39
62 -34
63 -38
64 -33
65 -33
66 -34
67 -38
68 -34
69 -34
70 -12
71 -38
72 -34
73 -12
74 -33
75 -33
76 -38
77 -38
78 -39
79 -34
80 -39
81 -34
82 -38
83 -39
84 -39
85 -34
86 -33
87 -30
88 -12
89 -12
90 -26
91 -33
92 -38
93 -12
94 -39
95 -33
96 -12
97 -22
98 -39
99 -34
100 -38
101 -33
102 -34
103 -42
104 -34
105 -33
106 -33
107 -12
108 -39
109 -34
110 -34
111 -34
112 -12
113 -34
114 -12
115 -40
116 -38
117 -12
118 -12
119 -39
120 -34
121 -38
122 -33
123 -38
124 -38
125 -12
126 -39
127 -39
128 -12
129 -33
130 -33
131 -34
132 -39
133 -38
134 -34
135 -34
136 -33
137 -33
138 -41
139 -38
140 -38
141 -38
142 -34
143 -39
144 -12
145 -34
146 -34
147 -12
148 -38
149 -34
150 -38
151 -12
152 -39
153 -34
154 -39
155 -46
156 -38
157 -33
158 -33
159 -33
160 -12
161 -33
162 -33
163 -39
164 -38
165 -12
166 -39
167 -12
168 -34
169 -39
170 -39
171 -38
172 -38
173 -34
174 -39
175 -34
176 -38
177 -33
178 -39
179 -34
180 -34
181 -38
182 -38
183 -38
184 -34
185 -38
186 -34
187 -39
188 -34
189 -34
190 -33
191 -38
192 -33
193 -39
194 -38
195 -12
196 -38
197 -12
198 -12
199 -34
200 -34
201 -38
202 -34
203 -313
204 -39
205 -39
206 -12
207 -39
208 -39
209 -33
210 -33
211 -39
212 -34
213 -33
214 -38
215 -34
216 -39
217 -33
218 -12
219 -34
220 -38
221 -12
222 -33
223 -33
224 -34
225 -12
226 -34
227 -38
228 -33
229 -33
230 -39
231 -39
232 -12
233 -12
234 -34
235 -12
236 -12
237 -39
238 -39
239 -38
240 -33
241 -34
242 -38
243 -34
244 -38
245 -39
246 -12
247 -39
248 -39
249 -34
250 -12
251 -33
252 -38
253 -43
254 -34
255 -12
256 -33
257 -38
258 -39
259 -12
260 -39
261 -39
262 -33
263 -38
264 -12
265 -38
266 -12
267 -38
268 -33
269 -34
270 -34
271 -12
272 -38
273 -33
274 -39
275 -39
276 -33
277 -40
278 -39
279 -12
280 -38
281 -38
282 -39
283 -12
284 -38
285 -38
286 -33
287 -39
288 -12
289 -34
290 -39
291 -34
292 -12
293 -38
294 -38
295 -34
296 -12
297 -34
298 -39
299 -34
300 -39
301 -12
302 -34
303 -39
304 -34
305 -39
306 -33
307 -38
308 -39
309 -12
310 -33
311 -33
312 -38
313 -33
314 -34
315 -38
316 -33
317 -34
318 -12
319 -38
320 -12
321 -34
322 -38
323 -39
324 -33
325 -38
326 -48
327 -38
328 -12
329 -34
330 -12
331 -12
332 -39
333 -39
334 -12
335 -48
336 -12
337 -38
338 -33
339 -38
340 -34
341 -12
342 -33
343 -12
344 -33
345 -38
346 -38
347 -38
348 -12
349 -33
350 -34
351 -39
352 -34
353 -34
354 -12
355 -33
356 -39
357 -12
358 -34
359 -33
360 -28
361 -38
362 -12
363 -39
364 -33
365 -12
366 -34
367 -34
368 -34
369 -38
370 -38
371 -12
372 -38
373 -12
374 -12
375 -40
376 -33
377 -12
378 -39
379 -33
380 -34
381 -39
382 -34
383 -12
384 -33
385 -33
386 -38
387 -34
388 -39
389 -34
390 -12
391 -12
392 -33
393 -38
394 -34
395 -38
396 -33
397 -12
398 -13
399 -33
400 -39
401 -33
402 -39
403 -33
404 -39
405 -38
406 -39
407 -33
408 -33
409 -12
410 -39
411 -29
412 -38
413 -38
414 -37
415 -38
416 -33
417 -34
418 -38
419 -33
420 -38
421 -33
422 -33
423 -34
424 -34
425 -39
426 -34
427 -38
428 -12
429 -38
430 -34
431 -34
432 -33
433 -12
434 -34
435 -38
436 -12
437 -39
438 -57
439 -39
440 -39
441 -38
442 -34
443 -12
444 -38
445 -12
446 -38
447 -33
448 -34
449 -33
450 -33
451 -38
452 -33
453 -33
454 -12
455 -12
456 -12
457 -33
458 -38
459 -33
460 -33
461 -49
462 -34
463 -39
464 -39
465 -34
466 -33
467 -33
468 -38
469 -34
470 -39
471 -33
472 -12
473 -70
474 -12
475 -38
476 -38
477 -12
478 -38
479 -38
480 -38
481 -39
482 -38
483 -12
484 -34
485 -34
486 -38
487 -12
488 -29
489 -33
490 -34
491 -33
492 -65
493 -16
494 -33
495 -39
496 -33
497 -34
498 -12
499 -33
500 -39
501 -34
502 -33
503 -33
504 -33
505 -34
506 -34
507 -39
508 -33
509 -38
510 -34
511 -33
512 -38
513 -33
514 -55
515 -12
516 -33
517 -33
518 -33
519 -34
520 -39
521 -39
522 -3822
523 -33
524 -39
525 -12
526 -33
527 -38
528 -33
529 -12
530 -38
531 -34
532 -33
533 -39
534 -12
535 -34
536 -43
537 -29
538 -42
539 -33
540 -12
541 -38
542 -54
543 -12
544 -12
545 -34
546 -38
547 -33
548 -38
549 -12
550 -34
551 -39
552 -39
553 -12
554 -33
555 -12
556 -38
557 -33
558 -40
559 -34
560 -12
561 -34
562 -38
563 -12
564 -34
565 -34
566 -34
567 -39
568 -12
569 -39
570 -38
571 -38
572 -39
573 -12
574 -38
575 -39
576 -38
577 -12
578 -12
579 -12
580 -33
581 -33
582 -39
583 -12
584 -38
585 -40
586 -34
587 -34
588 -12
589 -38
590 -38
591 -39
592 -37
593 -38
594 -12
595 -33
596 -12
597 -39
598 -29
599 -34
600 -12
601 -34
602 -34
603 -33
604 -33
605 -33
606 -12
607 -33
608 -34
609 -12
610 -34
611 -33
612 -12
613 -38
614 -39
615 -38
616 -12
617 -38
618 -34
619 -34
620 -34
621 -12
622 -12
623 -33
624 -33
625 -12
626 -38
627 -33
628 -39
629 -33
630 -39
631 -39
632 -39
633 -12
634 -12
635 -34
636 -12
637 -34
638 -12
639 -34
640 -34
641 -12
642 -34
643 -33
644 -38
645 -34
646 -38
647 -12
648 -12
649 -39
650 -39
651 -12
652 -12
653 -38
654 -33
655 -38
656 -12
657 -39
658 -33
659 -38
660 -33
661 -39
662 -38
663 -38
664 -38
665 -37
666 -12
667 -38
668 -12
669 -39
670 -38
671 -40
672 -12
673 -12
674 -38
675 -39
676 -12
677 -39
678 -38
679 -12
680 -34
681 -38
682 -12
683 -39
684 -43
685 -34
686 -34
687 -38
688 -34
689 -38
690 -33
691 -38
692 -33
693 -33
694 -39
695 -34
696 -34
697 -39
698 -12
699 -38
700 -33
701 -12
702 -30
703 -12
704 -12
705 -38
706 -39
707 -33
708 -38
709 -33
710 -33
711 -38
712 -12
713 -38
714 -53
715 -34
716 -38
717 -12
718 -33
719 -12
720 -39
721 -34
722 -39
723 -34
724 -34
725 -12
726 -12
727 -12
728 -38
729 -39
730 -12
731 -38
732 -43
733 -33
734 -34
735 -39
736 -34
737 -39
738 -33
739 -12
740 -39
741 -38
742 -33
743 -39
744 -34
745 -42
746 -38
747 -12
748 -33
749 -12
750 -12
751 -12
752 -12
753 -39
754 -38
755 -37
756 -38
757 -33
758 -33
759 -38
760 -38
761 -38
762 -33
763 -34
764 -34
765 -34
766 -12
767 -33
768 -12
769 -12
770 -37
771 -38
772 -39
773 -39
774 -34
775 -39
776 -33
777 -39
778 -12
779 -44
780 -12
781 -38
782 -34
783 -39
784 -12
785 -34
786 -12
787 -33
788 -38
789 -39
790 -35
791 -34
792 -34
793 -39
794 -42
795 -12
796 -34
797 -34
798 -44
799 -12
800 -34
801 -39
802 -38
803 -12
804 -39
805 -12
806 -39
807 -1577
808 -34
809 -33
810 -34
811 -39
812 -38
813 -34
814 -39
815 -38
816 -33
817 -12
818 -33
819 -12
820 -33
821 -12
822 -39
823 -12
824 -34
825 -38
826 -49
827 -12
828 -33
829 -38
830 -12
831 -12
832 -33
833 -34
834 -39
835 -34
836 -42
837 -39
838 -39
839 -34
840 -38
841 -34
842 -34
843 -12
844 -12
845 -34
846 -38
847 -34
848 -12
849 -33
850 -34
851 -12
852 -33
853 -39
854 -33
855 -34
856 -33
857 -38
858 -33
859 -12
860 -12
861 -13
862 -34
863 -12
864 -39
865 -29
866 -39
867 -33
868 -34
869 -33
870 -39
871 -33
872 -39
873 -12
874 -35
875 -12
876 -50
877 -33
878 -12
879 -39
880 -33
881 -34
882 -33
883 -33
884 -34
885 -33
886 -33
887 -38
888 -39
889 -30
890 -33
891 -33
892 -39
893 -34
894 -39
895 -39
896 -38
897 -39
898 -34
899 -12
900 -34
901 -34
902 -39
903 -39
904 -33
905 -12
906 -33
907 -39
908 -33
909 -38
910 -35
911 -12
912 -39
913 -39
914 -12
915 -12
916 -38
917 -38
918 -49
919 -12
920 -34
921 -12
922 -34
923 -12
924 -34
925 -12
926 -34
927 -34
928 -12
929 -38
930 -38
931 -39
932 -34
933 -39
934 -33
935 -39
936 -39
937 -38
938 -38
939 -38
940 -39
941 -38
942 -34
943 -33
944 -33
945 -38
946 -38
947 -38
948 -38
949 -12
950 -38
951 -38
952 -34
953 -33
954 -38
955 -12
956 -34
957 -38
958 -34
959 -35
960 -38
961 -85
962 -34
963 -33
964 -12
965 -33
966 -38
967 -12
968 -39
969 -29
970 -38
971 -12
972 -34
973 -12
974 -38
975 -38
976 -39
977 -39
978 -34
979 -39
980 -39
981 -33
982 -33
983 -34
984 -39
985 -39
986 -33
987 -33
988 -12
989 -39
990 -34
991 -12
992 -38
993 -34
994 -33
995 -12
996 -34
997 -33
998 -55
999 -38
