0 -13
1 -34
2 -33
3 -33
4 -34
5 -39
6 -34
7 -34
8 -34
9 -34
10 -34
11 -34
12 -39
13 -13
14 -34
15 -23
16 -33
17 -13
18 -33
19 -33
20 -34
21 -33
22 -33
23 -13
24 -33
25 -39
26 -33
27 -34
28 -13
29 -39
30 -39
31 -39
32 -38
33 -34
34 -39
35 -39
36 -33
37 -39
38 -33
39 -13
40 -33
41 -33
42 -44
43 -34
44 -34
45 -38
46 -43
47 -34
48 -33
49 -39
50 -38
51 -13
52 -33
53 -13
54 -34
55 -38
56 -38
57 -39
58 -13
59 -38
60 -34
61 -34
62 -34
63 -43
64 -34
65 -33
66 -38
67 -38
68 -38
69 -33
70 -38
71 -33
72 -39
73 -39
74 -34
75 -38
76 -38
77 -33
78 -13
79 -39
80 -223
81 -38
82 -38
83 -33
84 -17
85 -34
86 -38
87 -39
88 -34
89 -33
90 -13
91 -34
92 -33
93 -33
94 -34
95 -33
96 -39
97 -34
98 -33
99 -34
100 -33
101 -33
102 -39
103 -33
104 -34
105 -38
106 -13
107 -39
108 -34
109 -34
110 -39
111 -39
112 -39
113 -39
114 -12
115 -34
116 -35
117 -50
118 -13
119 -34
120 -39
121 -33
122 -33
123 -13
124 -13
125 -38
126 -34
127 -34
128 -33
129 -53
130 -33
131 -34
132 -38
133 -13
134 -34
135 -38
136 -61
137 -13
138 -33
139 -33
140 -39
141 -38
142 -33
143 -34
144 -13
145 -38
146 -34
147 -38
148 -38
149 -13
150 -33
151 -39
152 -39
153 -33
154 -47
155 -34
156 -33
157 -13
158 -35
159 -39
160 -34
161 -33
162 -699
163 -33
164 -33
165 -33
166 -33
167 -33
168 -13
169 -34
170 -33
171 -34
172 -34
173 -34
174 -33
175 -38
176 -33
177 -34
178 -34
179 -34
180 -39
181 -39
182 -34
183 -34
184 -33
185 -38
186 -39
187 -33
188 -38
189 -33
190 -33
191 -39
192 -195
193 -38
194 -33
195 -13
196 -39
197 -39
198 -39
199 -13
200 -39
201 -34
202 -39
203 -38
204 -34
205 -13
206 -13
207 -34
208 -34
209 -39
210 -13
211 -38
212 -38
213 -38
214 -33
215 -39
216 -33
217 -38
218 -33
219 -39
220 -38
221 -34
222 -38
223 -34
224 -34
225 -40
226 -34
227 -38
228 -39
229 -38
230 -33
231 -33
232 -39
233 -38
234 -39
235 -39
236 -33
237 -13
238 -34
239 -13
240 -39
241 -34
242 -23
243 -34
244 -38
245 -39
246 -40
247 -42
248 -39
249 -33
250 -39
251 -38
252 -34
253 -33
254 -39
255 -33
256 -39
257 -39
258 -13
259 -26
260 -33
261 -38
262 -13
263 -13
264 -34
265 -13
266 -55
267 -33
268 -38
269 -34
270 -16
271 -34
272 -42
273 -34
274 -24
275 -33
276 -33
277 -34
278 -33
279 -13
280 -39
281 -34
282 -38
283 -38
284 -39
285 -13
286 -33
287 -39
288 -34
289 -74
290 -38
291 -34
292 -34
293 -33
294 -13
295 -39
296 -34
297 -33
298 -33
299 -38
300 -13
301 -13
302 -38
303 -39
304 -33
305 -33
306 -36
307 -33
308 -13
309 -32
310 -13
311 -39
312 -26
313 -33
314 -34
315 -34
316 -22
317 -38
318 -33
319 -39
320 -34
321 -13
322 -39
323 -34
324 -34
325 -37
326 -38
327 -38
328 -38
329 -13
330 -34
331 -34
332 -34
333 -34
334 -33
335 -35
336 -34
337 -39
338 -38
339 -27
340 -33
341 -34
342 -34
343 -13
344 -39
345 -39
346 -39
347 -38
348 -38
349 -33
350 -33
351 -34
352 -13
353 -34
354 -39
355 -39
356 -39
357 -33
358 -34
359 -38
360 -39
361 -39
362 -39
363 -28
364 -38
365 -33
366 -13
367 -39
368 -33
369 -39
370 -38
371 -34
372 -33
373 -39
374 -26
375 -70
376 -13
377 -38
378 -31
379 -39
380 -13
381 -13
382 -13
383 -33
384 -39
385 -38
386 -34
387 -13
388 -34
389 -38
390 -13
391 -38
392 -53
393 -13
394 -39
395 -27
396 -38
397 -13
398 -34
399 -33
400 -13
401 -13
402 -38
403 -39
404 -33
405 -33
406 -38
407 -38
408 -34
409 -38
410 -38
411 -41
412 -38
413 -39
414 -39
415 -13
416 -39
417 -33
418 -34
419 -34
420 -34
421 -39
422 -33
423 -33
424 -13
425 -38
426 -34
427 -38
428 -34
429 -33
430 -34
431 -13
432 -38
433 -39
434 -13
435 -13
436 -38
437 -33
438 -39
439 -39
440 -38
441 -33
442 -34
443 -39
444 -13
445 -33
446 -34
447 -33
448 -13
449 -43
450 -39
451 -33
452 -38
453 -33
454 -39
455 -38
456 -13
457 -38
458 -38
459 -34
460 -33
461 -13
462 -39
463 -33
464 -33
465 -37
466 -38
467 -39
468 -13
469 -39
470 -38
471 -38
472 -34
473 -13
474 -39
475 -34
476 -33
477 -34
478 -38
479 -38
480 -34
481 -13
482 -38
483 -47
484 -13
485 -38
486 -39
487 -39
488 -33
489 -39
490 -33
491 -34
492 -39
493 -38
494 -38
495 -33
496 -39
497 -13
498 -38
499 -34
500 -39
501 -34
502 -33
503 -13
504 -34
505 -33
506 -38
507 -34
508 -13
509 -38
510 -39
511 -34
512 -39
513 -39
514 -13
515 -34
516 -38
517 -33
518 -33
519 -13
520 -39
521 -34
522 -33
523 -34
524 -38
525 -13
526 -39
527 -33
528 -13
529 -38
530 -35
531 -33
532 -33
533 -39
534 -38
535 -39
536 -13
537 -39
538 -38
539 -39
540 -39
541 -40
542 -33
543 -13
544 -38
545 -38
546 -38
547 -13
548 -13
549 -39
550 -38
551 -13
552 -34
553 -38
554 -33
555 -33
556 -33
557 -13
558 -34
559 -13
560 -13
561 -39
562 -13
563 -34
564 -21
565 -39
566 -39
567 -14
568 -39
569 -39
570 -13
571 -13
572 -34
573 -33
574 -33
575 -32
576 -33
577 -38
578 -33
579 -38
580 -48
581 -117
582 -33
583 -34
584 -38
585 -13
586 -38
587 -38
588 -34
589 -13
590 -13
591 -33
592 -44
593 -33
594 -13
595 -39
596 -39
597 -13
598 -33
599 -38
600 -39
601 -38
602 -34
603 -34
604 -38
605 -13
606 -34
607 -38
608 -39
609 -34
610 -33
611 -34
612 -39
613 -13
614 -39
615 -33
616 -33
617 -30
618 -13
619 -33
620 -39
621 -187
622 -39
623 -38
624 -39
625 -33
626 -33
627 -13
628 -38
629 -34
630 -33
631 -13
632 -39
633 -38
634 -38
635 -38
636 -33
637 -33
638 -39
639 -39
640 -13
641 -13
642 -13
643 -13
644 -33
645 -34
646 -33
647 -39
648 -39
649 -21
650 -38
651 -13
652 -13
653 -34
654 -13
655 -34
656 -34
657 -13
658 -13
659 -34
660 -40
661 -38
662 -39
663 -38
664 -34
665 -13
666 -13
667 -14
668 -38
669 -13
670 -33
671 -13
672 -39
673 -38
674 -33
675 -13
676 -33
677 -33
678 -13
679 -13
680 -34
681 -423
682 -38
683 -38
684 -39
685 -38
686 -39
687 -38
688 -33
689 -33
690 -39
691 -39
692 -13
693 -38
694 -13
695 -13
696 -38
697 -38
698 -74
699 -13
700 -38
701 -33
702 -13
703 -38
704 -13
705 -13
706 -13
707 -39
708 -33
709 -33
710 -38
711 -39
712 -13
713 -34
714 -38
715 -13
716 -33
717 -34
718 -33
719 -33
720 -38
721 -13
722 -38
723 -34
724 -13
725 -33
726 -38
727 -38
728 -13
729 -13
730 -13
731 -39
732 -39
733 -38
734 -33
735 -38
736 -13
737 -33
738 -38
739 -33
740 -39
741 -39
742 -30
743 -38
744 -38
745 -33
746 -33
747 -33
748 -38
749 -33
750 -38
751 -13
752 -13
753 -33
754 -38
755 -13
756 -13
757 -33
758 -39
759 -34
760 -38
761 -13
762 -33
763 -34
764 -13
765 -13
766 -13
767 -34
768 -39
769 -33
770 -39
771 -38
772 -33
773 -13
774 -34
775 -37
776 -38
777 -13
778 -34
779 -34
780 -34
781 -13
782 -34
783 -33
784 -39
785 -39
786 -38
787 -39
788 -39
789 -39
790 -39
791 -38
792 -33
793 -38
794 -39
795 -29
796 -33
797 -13
798 -13
799 -34
800 -33
801 -33
802 -13
803 -34
804 -13
805 -38
806 -33
807 -13
808 -33
809 -39
810 -34
811 -39
812 -56
813 -13
814 -34
815 -39
816 -34
817 -39
818 -34
819 -34
820 -12
821 -34
822 -13
823 -13
824 -34
825 -34
826 -126
827 -36
828 -48
829 -34
830 -34
831 -38
832 -13
833 -39
834 -38
835 -34
836 -38
837 -34
838 -34
839 -13
840 -34
841 -40
842 -13
843 -34
844 -39
845 -34
846 -13
847 -38
848 -39
849 -38
850 -34
851 -39
852 -13
853 -39
854 -34
855 -37
856 -39
857 -13
858 -34
859 -49
860 -34
861 -33
862 -33
863 -38
864 -33
865 -40
866 -39
867 -38
868 -39
869 -33
870 -34
871 -33
872 -13
873 -41
874 -33
875 -38
876 -33
877 -39
878 -39
879 -34
880 -33
881 -13
882 -39
883 -39
884 -39
885 -34
886 -13
887 -40
888 -33
889 -34
890 -34
891 -33
892 -34
893 -38
894 -13
895 -33
896 -33
897 -38
898 -39
899 -33
900 -38
901 -13
902 -33
903 -38
904 -39
905 -28
906 -33
907 -34
908 -34
909 -13
910 -34
911 -222
912 -33
913 -33
914 -34
915 -38
916 -33
917 -13
918 -38
919 -39
920 -34
921 -34
922 -13
923 -34
924 -34
925 -33
926 -34
927 -13
928 -39
929 -33
930 -39
931 -38
932 -13
933 -39
934 -38
935 -13
936 -38
937 -13
938 -34
939 -38
940 -71
941 -38
942 -39
943 -13
944 -38
945 -33
946 -33
947 -34
948 -34
949 -39
950 -33
951 -35
952 -39
953 -34
954 -39
955 -13
956 -34
957 -38
958 -13
959 -39
960 -49
961 -34
962 -39
963 -39
964 -13
965 -39
966 -34
967 -34
968 -33
969 -34
970 -33
971 -38
972 -34
973 -39
974 -13
975 -33
976 -306
977 -39
978 -34
979 -38
980 -34
981 -14
982 -34
983 -33
984 -36
985 -34
986 -34
987 -33
988 -33
989 -39
990 -34
991 -13
992 -34
993 -13
994 -13
995 -38
996 -33
997 -13
998 -34
999 -33
