0 -12
1 -34
2 -33
3 -35
4 -12
5 -39
6 -12
7 -39
8 -33
9 -33
10 -39
11 -12
12 -39
13 -33
14 -33
15 -34
16 -38
17 -12
18 -34
19 -38
20 -33
21 -39
22 -33
23 -39
24 -33
25 -12
26 -47
27 -37
28 -33
29 -33
30 -12
31 -39
32 -34
33 -12
34 -34
35 -38
36 -12
37 -39
38 -12
39 -34
40 -37
41 -38
42 -33
43 -38
44 -12
45 -33
46 -39
47 -12
48 -34
49 -39
50 -33
51 -34
52 -33
53 -38
54 -12
55 -38
56 -39
57 -38
58 -12
59 -39
60 -39
61 -34
62 -38
63 -39
64 -12
65 -33
66 -34
67 -34
68 -38
69 -38
70 -38
71 -39
72 -39
73 -34
74 -33
75 -26
76 -12
77 -38
78 -38
79 -34
80 -12
81 -35
82 -33
83 -57
84 -33
85 -34
86 -38
87 -34
88 -34
89 -33
90 -34
91 -38
92 -38
93 -38
94 -33
95 -38
96 -39
97 -38
98 -12
99 -43
100 -39
101 -39
102 -39
103 -33
104 -34
105 -34
106 -38
107 -12
108 -41
109 -39
110 -39
111 -38
112 -34
113 -39
114 -12
115 -33
116 -34
117 -12
118 -34
119 -38
120 -39
121 -38
122 -34
123 -38
124 -12
125 -38
126 -12
127 -39
128 -33
129 -34
130 -12
131 -38
132 -34
133 -39
134 -38
135 -12
136 -33
137 -34
138 -39
139 -33
140 -33
141 -38
142 -34
143 -33
144 -38
145 -39
146 -33
147 -34
148 -39
149 -12
150 -34
151 -38
152 -33
153 -33
154 -44
155 -39
156 -38
157 -12
158 -12
159 -39
160 -33
161 -39
162 -39
163 -38
164 -34
165 -34
166 -12
167 -33
168 -12
169 -44
170 -34
171 -34
172 -38
173 -33
174 -33
175 -34
176 -33
177 -38
178 -34
179 -39
180 -34
181 -39
182 -33
183 -33
184 -39
185 -38
186 -38
187 -34
188 -12
189 -33
190 -12
191 -39
192 -34
193 -43
194 -61
195 -12
196 -26
197 -74
198 -34
199 -12
200 -34
201 -33
202 -12
203 -33
204 -12
205 -34
206 -12
207 -12
208 -34
209 -34
210 -39
211 -38
212 -39
213 -38
214 -33
215 -39
216 -39
217 -38
218 -12
219 -39
220 -38
221 -33
222 -34
223 -34
224 -33
225 -379
226 -12
227 -33
228 -34
229 -39
230 -33
231 -34
232 -34
233 -39
234 -12
235 -34
236 -33
237 -39
238 -38
239 -33
240 -34
241 -33
242 -38
243 -33
244 -29
245 -38
246 -12
247 -12
248 -34
249 -39
250 -38
251 -38
252 -39
253 -33
254 -33
255 -38
256 -39
257 -33
258 -38
259 -38
260 -33
261 -33
262 -39
263 -38
264 -39
265 -12
266 -380
267 -12
268 -38
269 -38
270 -39
271 -38
272 -38
273 -12
274 -12
275 -12
276 -34
277 -39
278 -34
279 -38
280 -33
281 -33
282 -39
283 -39
284 -12
285 -39
286 -38
287 -12
288 -12
289 -12
290 -34
291 -34
292 -38
293 -58
294 -39
295 -39
296 -38
297 -12
298 -33
299 -38
300 -34
301 -38
302 -34
303 -38
304 -39
305 -38
306 -33
307 -34
308 -33
309 -38
310 -12
311 -12
312 -33
313 -38
314 -12
315 -39
316 -34
317 -33
318 -33
319 -34
320 -33
321 -27
322 -38
323 -39
324 -12
325 -39
326 -12
327 -39
328 -38
329 -34
330 -38
331 -39
332 -33
333 -38
334 -33
335 -44
336 -39
337 -12
338 -12
339 -12
340 -12
341 -34
342 -39
343 -39
344 -39
345 -12
346 -33
347 -39
348 -38
349 -34
350 -39
351 -34
352 -38
353 -34
354 -38
355 -33
356 -12
357 -39
358 -38
359 -34
360 -39
361 -12
362 -39
363 -33
364 -39
365 -40
366 -12
367 -39
368 -38
369 -12
370 -33
371 -39
372 -33
373 -12
374 -39
375 -39
376 -154
377 -44
378 -38
379 -12
380 -12
381 -39
382 -38
383 -39
384 -39
385 -33
386 -34
387 -34
388 -12
389 -33
390 -12
391 -39
392 -12
393 -39
394 -12
395 -12
396 -34
397 -38
398 -33
399 -33
400 -38
401 -34
402 -39
403 -12
404 -33
405 -34
406 -33
407 -34
408 -39
409 -39
410 -38
411 -409
412 -38
413 -39
414 -12
415 -34
416 -33
417 -39
418 -33
419 -39
420 -38
421 -38
422 -39
423 -34
424 -34
425 -38
426 -33
427 -38
428 -12
429 -38
430 -34
431 -39
432 -47
433 -12
434 -39
435 -39
436 -33
437 -12
438 -34
439 -12
440 -38
441 -33
442 -39
443 -38
444 -34
445 -33
446 -39
447 -33
448 -33
449 -34
450 -39
451 -39
452 -12
453 -39
454 -33
455 -34
456 -12
457 -33
458 -12
459 -39
460 -39
461 -12
462 -38
463 -39
464 -38
465 -33
466 -38
467 -34
468 -39
469 -12
470 -39
471 -33
472 -1010
473 -39
474 -33
475 -34
476 -38
477 -39
478 -33
479 -33
480 -38
481 -39
482 -34
483 -38
484 -33
485 -33
486 -33
487 -38
488 -38
489 -38
490 -33
491 -38
492 -34
493 -38
494 -39
495 -33
496 -38
497 -33
498 -39
499 -12
500 -38
501 -39
502 -34
503 -37
504 -33
505 -34
506 -12
507 -38
508 -34
509 -12
510 -39
511 -12
512 -33
513 -12
514 -33
515 -34
516 -33
517 -16
518 -39
519 -38
520 -12
521 -41
522 -39
523 -33
524 -33
525 -34
526 -12
527 -38
528 -39
529 -34
530 -33
531 -39
532 -34
533 -12
534 -38
535 -12
536 -34
537 -30
538 -38
539 -12
540 -12
541 -38
542 -39
543 -38
544 -39
545 -33
546 -42
547 -30
548 -33
549 -12
550 -38
551 -39
552 -34
553 -33
554 -45
555 -33
556 -38
557 -34
558 -38
559 -39
560 -38
561 -33
562 -33
563 -33
564 -38
565 -34
566 -38
567 -12
568 -33
569 -38
570 -39
571 -39
572 -12
573 -33
574 -33
575 -35
576 -785
577 -12
578 -38
579 -34
580 -44
581 -33
582 -33
583 -39
584 -47
585 -33
586 -34
587 -30
588 -33
589 -34
590 -39
591 -12
592 -38
593 -33
594 -38
595 -39
596 -38
597 -12
598 -34
599 -34
600 -38
601 -29
602 -39
603 -12
604 -33
605 -39
606 -33
607 -12
608 -12
609 -39
610 -38
611 -39
612 -39
613 -38
614 -39
615 -33
616 -39
617 -38
618 -34
619 -39
620 -34
621 -34
622 -33
623 -34
624 -33
625 -39
626 -34
627 -12
628 -33
629 -38
630 -39
631 -39
632 -33
633 -33
634 -68
635 -13
636 -34
637 -34
638 -38
639 -38
640 -34
641 -33
642 -12
643 -38
644 -38
645 -33
646 -38
647 -12
648 -12
649 -39
650 -39
651 -33
652 -44
653 -33
654 -33
655 -39
656 -33
657 -39
658 -39
659 -38
660 -34
661 -34
662 -34
663 -33
664 -38
665 -38
666 -12
667 -33
668 -12
669 -38
670 -12
671 -39
672 -33
673 -12
674 -34
675 -38
676 -38
677 -34
678 -12
679 -39
680 -34
681 -44
682 -34
683 -38
684 -38
685 -38
686 -12
687 -44
688 -33
689 -33
690 -45
691 -33
692 -34
693 -38
694 -12
695 -39
696 -33
697 -34
698 -12
699 -38
700 -34
701 -38
702 -39
703 -50
704 -38
705 -33
706 -38
707 -33
708 -12
709 -34
710 -38
711 -39
712 -33
713 -12
714 -38
715 -34
716 -33
717 -39
718 -33
719 -34
720 -39
721 -33
722 -12
723 -12
724 -33
725 -34
726 -34
727 -39
728 -33
729 -33
730 -12
731 -35
732 -39
733 -12
734 -39
735 -12
736 -38
737 -34
738 -39
739 -39
740 -39
741 -12
742 -12
743 -12
744 -12
745 -12
746 -33
747 -39
748 -12
749 -33
750 -38
751 -39
752 -38
753 -34
754 -33
755 -34
756 -43
757 -12
758 -33
759 -459
760 -33
761 -12
762 -12
763 -43
764 -12
765 -33
766 -38
767 -38
768 -12
769 -12
770 -33
771 -34
772 -40
773 -39
774 -34
775 -38
776 -33
777 -38
778 -12
779 -12
780 -34
781 -33
782 -33
783 -39
784 -12
785 -12
786 -39
787 -39
788 -33
789 -12
790 -33
791 -12
792 -12
793 -33
794 -38
795 -38
796 -39
797 -33
798 -39
799 -38
800 -34
801 -13
802 -39
803 -12
804 -33
805 -34
806 -39
807 -38
808 -39
809 -38
810 -39
811 -12
812 -34
813 -34
814 -12
815 -39
816 -12
817 -34
818 -34
819 -39
820 -34
821 -33
822 -38
823 -34
824 -38
825 -38
826 -33
827 -34
828 -38
829 -12
830 -39
831 -34
832 -25
833 -34
834 -34
835 -39
836 -33
837 -39
838 -12
839 -12
840 -12
841 -34
842 -39
843 -38
844 -33
845 -38
846 -34
847 -33
848 -33
849 -34
850 -34
851 -43
852 -34
853 -33
854 -39
855 -12
856 -33
857 -33
858 -33
859 -38
860 -12
861 -38
862 -28
863 -34
864 -38
865 -26
866 -34
867 -39
868 -34
869 -33
870 -39
871 -21
872 -12
873 -39
874 -34
875 -38
876 -12
877 -34
878 -39
879 -39
880 -38
881 -12
882 -38
883 -38
884 -39
885 -39
886 -12
887 -38
888 -12
889 -34
890 -33
891 -35
892 -34
893 -34
894 -39
895 -33
896 -12
897 -38
898 -39
899 -38
900 -38
901 -33
902 -39
903 -38
904 -38
905 -38
906 -38
907 -33
908 -12
909 -38
910 -12
911 -33
912 -38
913 -34
914 -34
915 -43
916 -34
917 -39
918 -12
919 -34
920 -34
921 -12
922 -38
923 -12
924 -38
925 -12
926 -39
927 -33
928 -39
929 -33
930 -12
931 -39
932 -39
933 -39
934 -33
935 -34
936 -38
937 -12
938 -12
939 -33
940 -38
941 -39
942 -38
943 -34
944 -34
945 -12
946 -38
947 -34
948 -12
949 -12
950 -33
951 -39
952 -34
953 -34
954 -33
955 -34
956 -38
957 -34
958 -12
959 -33
960 -38
961 -12
962 -33
963 -39
964 -12
965 -33
966 -38
967 -12
968 -12
969 -39
970 -34
971 -33
972 -34
973 -33
974 -12
975 -38
976 -34
977 -33
978 -12
979 -33
980 -38
981 -39
982 -38
983 -34
984 -12
985 -33
986 -33
987 -39
988 -33
989 -33
990 -39
991 -38
992 -13
993 -33
994 -38
995 -33
996 -42
997 -12
998 -39
999 -12
