0 -12
1 -12
2 -33
3 -34
4 -39
5 -38
6 -39
7 -34
8 -33
9 -38
10 -12
11 -38
12 -39
13 -39
14 -38
15 -33
16 -39
17 -25
18 -37
19 -39
20 -34
21 -33
22 -34
23 -33
24 -12
25 -12
26 -12
27 -48
28 -33
29 -39
30 -12
31 -34
32 -33
33 -12
34 -33
35 -12
36 -33
37 -39
38 -33
39 -12
40 -33
41 -12
42 -408
43 -38
44 -34
45 -39
46 -12
47 -39
48 -33
49 -33
50 -38
51 -39
52 -38
53 -33
54 -39
55 -34
56 -12
57 -39
58 -12
59 -29
60 -12
61 -33
62 -38
63 -39
64 -38
65 -33
66 -38
67 -39
68 -12
69 -34
70 -12
71 -33
72 -33
73 -43
74 -154
75 -38
76 -12
77 -12
78 -33
79 -39
80 -48
81 -12
82 -39
83 -34
84 -38
85 -34
86 -34
87 -39
88 -40
89 -34
90 -38
91 -33
92 -12
93 -39
94 -38
95 -34
96 -34
97 -34
98 -34
99 -34
100 -33
101 -38
102 -12
103 -38
104 -38
105 -22
106 -12
107 -38
108 -39
109 -39
110 -12
111 -12
112 -34
113 -39
114 -39
115 -34
116 -12
117 -12
118 -34
119 -39
120 -34
121 -38
122 -33
123 -34
124 -39
125 -39
126 -34
127 -33
128 -38
129 -12
130 -38
131 -38
132 -34
133 -38
134 -39
135 -34
136 -12
137 -33
138 -12
139 -38
140 -33
141 -34
142 -34
143 -12
144 -13
145 -39
146 -34
147 -34
148 -39
149 -12
150 -33
151 -39
152 -33
153 -12
154 -34
155 -12
156 -12
157 -33
158 -38
159 -39
160 -38
161 -33
162 -34
163 -33
164 -38
165 -33
166 -33
167 -33
168 -38
169 -34
170 -34
171 -34
172 -39
173 -12
174 -12
175 -12
176 -38
177 -34
178 -38
179 -34
180 -38
181 -12
182 -33
183 -33
184 -39
185 -38
186 -38
187 -39
188 -39
189 -12
190 -38
191 -12
192 -34
193 -34
194 -32
195 -34
196 -39
197 -38
198 -39
199 -12
200 -33
201 -39
202 -38
203 -38
204 -29
205 -38
206 -39
207 -12
208 -33
209 -34
210 -38
211 -34
212 -38
213 -38
214 -38
215 -12
216 -34
217 -144
218 -39
219 -39
220 -12
221 -38
222 -34
223 -34
224 -34
225 -12
226 -38
227 -38
228 -39
229 -39
230 -39
231 -38
232 -12
233 -38
234 -38
235 -38
236 -39
237 -34
238 -39
239 -39
240 -34
241 -34
242 -12
243 -33
244 -12
245 -39
246 -33
247 -12
248 -34
249 -12
250 -34
251 -34
252 -34
253 -38
254 -33
255 -38
256 -26
257 -34
258 -34
259 -34
260 -38
261 -33
262 -12
263 -33
264 -12
265 -38
266 -34
267 -33
268 -12
269 -12
270 -12
271 -33
272 -33
273 -38
274 -33
275 -12
276 -38
277 -33
278 -12
279 -38
280 -38
281 -12
282 -38
283 -38
284 -39
285 -38
286 -38
287 -12
288 -33
289 -12
290 -12
291 -38
292 -12
293 -38
294 -38
295 -39
296 -33
297 -34
298 -34
299 -33
300 -34
301 -33
302 -12
303 -12
304 -34
305 -33
306 -12
307 -38
308 -39
309 -38
310 -12
311 -34
312 -12
313 -39
314 -39
315 -34
316 -33
317 -44
318 -39
319 -39
320 -12
321 -39
322 -39
323 -35
324 -12
325 -34
326 -34
327 -33
328 -12
329 -38
330 -38
331 -39
332 -12
333 -13
334 -38
335 -12
336 -30
337 -38
338 -38
339 -34
340 -38
341 -34
342 -23
343 -38
344 -39
345 -33
346 -39
347 -34
348 -38
349 -39
350 -34
351 -38
352 -12
353 -12
354 -31
355 -39
356 -33
357 -46
358 -38
359 -39
360 -42
361 -33
362 -34
363 -12
364 -38
365 -49
366 -38
367 -38
368 -39
369 -38
370 -39
371 -38
372 -39
373 -33
374 -5957
375 -38
376 -34
377 -38
378 -39
379 -39
380 -38
381 -38
382 -38
383 -33
384 -34
385 -12
386 -38
387 -70
388 -12
389 -27
390 -33
391 -12
392 -33
393 -34
394 -38
395 -33
396 -38
397 -346
398 -39
399 -38
400 -39
401 -34
402 -38
403 -39
404 -34
405 -12
406 -33
407 -12
408 -12
409 -34
410 -33
411 -12
412 -39
413 -34
414 -34
415 -12
416 -33
417 -39
418 -12
419 -12
420 -34
421 -38
422 -34
423 -33
424 -342
425 -33
426 -39
427 -38
428 -12
429 -38
430 -34
431 -34
432 -33
433 -12
434 -33
435 -12
436 -12
437 -38
438 -29
439 -33
440 -39
441 -39
442 -33
443 -33
444 -39
445 -34
446 -34
447 -38
448 -33
449 -33
450 -12
451 -34
452 -39
453 -34
454 -39
455 -12
456 -34
457 -12
458 -39
459 -12
460 -12
461 -34
462 -12
463 -34
464 -38
465 -39
466 -39
467 -12
468 -12
469 -33
470 -39
471 -38
472 -33
473 -34
474 -33
475 -39
476 -34
477 -38
478 -12
479 -39
480 -38
481 -34
482 -39
483 -26
484 -39
485 -12
486 -12
487 -38
488 -39
489 -34
490 -12
491 -12
492 -30
493 -39
494 -34
495 -38
496 -39
497 -12
498 -39
499 -39
500 -12
501 -39
502 -34
503 -39
504 -12
505 -39
506 -39
507 -38
508 -1466
509 -35
510 -33
511 -40
512 -12
513 -34
514 -12
515 -39
516 -34
517 -38
518 -39
519 -38
520 -38
521 -38
522 -38
523 -33
524 -39
525 -39
526 -34
527 -34
528 -38
529 -12
530 -34
531 -38
532 -34
533 -34
534 -34
535 -12
536 -34
537 -39
538 -12
539 -34
540 -39
541 -39
542 -38
543 -38
544 -12
545 -12
546 -38
547 -33
548 -38
549 -33
550 -38
551 -12
552 -12
553 -38
554 -34
555 -38
556 -12
557 -34
558 -34
559 -38
560 -38
561 -33
562 -38
563 -33
564 -33
565 -33
566 -38
567 -12
568 -58
569 -33
570 -34
571 -33
572 -12
573 -33
574 -34
575 -34
576 -33
577 -39
578 -38
579 -38
580 -39
581 -38
582 -37
583 -12
584 -33
585 -39
586 -38
587 -38
588 -33
589 -34
590 -13
591 -12
592 -1976
593 -39
594 -39
595 -39
596 -38
597 -38
598 -12
599 -38
600 -12
601 -37
602 -39
603 -40
604 -39
605 -39
606 -38
607 -33
608 -12
609 -12
610 -34
611 -12
612 -33
613 -34
614 -71
615 -34
616 -33
617 -34
618 -33
619 -38
620 -12
621 -38
622 -35
623 -39
624 -39
625 -34
626 -33
627 -12
628 -34
629 -34
630 -38
631 -33
632 -34
633 -39
634 -34
635 -34
636 -39
637 -38
638 -39
639 -38
640 -38
641 -34
642 -29
643 -38
644 -39
645 -33
646 -33
647 -53
648 -33
649 -33
650 -37
651 -39
652 -34
653 -12
654 -34
655 -34
656 -39
657 -33
658 -15
659 -39
660 -39
661 -12
662 -12
663 -33
664 -38
665 -34
666 -39
667 -34
668 -33
669 -34
670 -34
671 -39
672 -12
673 -34
674 -38
675 -38
676 -39
677 -16
678 -40
679 -38
680 -38
681 -12
682 -34
683 -12
684 -38
685 -34
686 -39
687 -12
688 -34
689 -39
690 -38
691 -12
692 -33
693 -34
694 -38
695 -56
696 -33
697 -12
698 -39
699 -34
700 -38
701 -34
702 -38
703 -38
704 -39
705 -33
706 -33
707 -34
708 -12
709 -38
710 -12
711 -12
712 -34
713 -33
714 -34
715 -39
716 -34
717 -38
718 -33
719 -56
720 -38
721 -34
722 -34
723 -52
724 -39
725 -12
726 -34
727 -39
728 -12
729 -38
730 -38
731 -38
732 -39
733 -12
734 -38
735 -38
736 -169
737 -42
738 -33
739 -38
740 -33
741 -38
742 -39
743 -34
744 -39
745 -12
746 -28
747 -39
748 -34
749 -38
750 -12
751 -39
752 -12
753 -39
754 -39
755 -12
756 -12
757 -12
758 -33
759 -12
760 -33
761 -42
762 -33
763 -39
764 -12
765 -34
766 -39
767 -39
768 -34
769 -33
770 -39
771 -33
772 -12
773 -33
774 -38
775 -33
776 -39
777 -39
778 -34
779 -39
780 -38
781 -39
782 -26
783 -12
784 -30
785 -34
786 -12
787 -33
788 -33
789 -13
790 -33
791 -34
792 -33
793 -12
794 -38
795 -38
796 -12
797 -33
798 -39
799 -38
800 -34
801 -34
802 -38
803 -12
804 -33
805 -12
806 -34
807 -33
808 -34
809 -33
810 -34
811 -34
812 -12
813 -12
814 -128
815 -38
816 -39
817 -38
818 -12
819 -38
820 -38
821 -30
822 -12
823 -38
824 -39
825 -34
826 -39
827 -12
828 -33
829 -87
830 -38
831 -33
832 -34
833 -33
834 -34
835 -39
836 -38
837 -21
838 -12
839 -39
840 -39
841 -33
842 -39
843 -34
844 -12
845 -39
846 -33
847 -34
848 -39
849 -33
850 -12
851 -12
852 -12
853 -38
854 -33
855 -39
856 -38
857 -12
858 -12
859 -33
860 -33
861 -39
862 -33
863 -38
864 -33
865 -34
866 -34
867 -38
868 -12
869 -34
870 -34
871 -33
872 -39
873 -33
874 -33
875 -33
876 -33
877 -12
878 -34
879 -38
880 -39
881 -33
882 -35
883 -38
884 -38
885 -39
886 -39
887 -39
888 -33
889 -33
890 -12
891 -39
892 -39
893 -39
894 -48
895 -21
896 -12
897 -33
898 -39
899 -33
900 -34
901 -34
902 -44
903 -33
904 -12
905 -39
906 -12
907 -38
908 -34
909 -12
910 -33
911 -33
912 -56
913 -34
914 -39
915 -12
916 -38
917 -38
918 -34
919 -34
920 -22
921 -33
922 -33
923 -38
924 -38
925 -33
926 -39
927 -34
928 -12
929 -34
930 -39
931 -12
932 -34
933 -12
934 -12
935 -39
936 -12
937 -12
938 -34
939 -1224
940 -39
941 -34
942 -27
943 -39
944 -34
945 -34
946 -12
947 -34
948 -12
949 -34
950 -34
951 -38
952 -33
953 -107
954 -12
955 -38
956 -12
957 -33
958 -39
959 -39
960 -39
961 -34
962 -71
963 -49
964 -39
965 -34
966 -33
967 -33
968 -34
969 -12
970 -39
971 -33
972 -38
973 -34
974 -47
975 -39
976 -39
977 -12
978 -39
979 -34
980 -38
981 -39
982 -38
983 -33
984 -38
985 -38
986 -34
987 -38
988 -33
989 -12
990 -34
991 -33
992 -38
993 -34
994 -33
995 -12
996 -38
997 -34
998 -31
999 -12
