0 -33
1 -33
2 -39
3 -39
4 -33
5 -38
6 -34
7 -34
8 -43
9 -13
10 -41
11 -13
12 -38
13 -38
14 -13
15 -33
16 -13
17 -33
18 -13
19 -39
20 -38
21 -39
22 -39
23 -38
24 -39
25 -27
26 -33
27 -39
28 -33
29 -13
30 -33
31 -38
32 -57
33 -33
34 -33
35 -43
36 -39
37 -33
38 -34
39 -34
40 -39
41 -39
42 -38
43 -39
44 -33
45 -33
46 -33
47 -38
48 -12
49 -34
50 -33
51 -38
52 -39
53 -13
54 -39
55 -26
56 -38
57 -39
58 -34
59 -13
60 -33
61 -34
62 -26
63 -13
64 -13
65 -39
66 -34
67 -34
68 -34
69 -33
70 -34
71 -34
72 -13
73 -38
74 -38
75 -38
76 -34
77 -33
78 -38
79 -39
80 -13
81 -13
82 -33
83 -58
84 -33
85 -250
86 -33
87 -41
88 -33
89 -34
90 -34
91 -13
92 -13
93 -39
94 -38
95 -13
96 -38
97 -13
98 -39
99 -33
100 -13
101 -34
102 -34
103 -34
104 -42
105 -39
106 -13
107 -13
108 -39
109 -34
110 -38
111 -13
112 -34
113 -33
114 -13
115 -34
116 -13
117 -38
118 -33
119 -39
120 -34
121 -38
122 -34
123 -33
124 -33
125 -33
126 -39
127 -33
128 -13
129 -13
130 -34
131 -13
132 -38
133 -38
134 -13
135 -33
136 -39
137 -13
138 -42
139 -55
140 -34
141 -38
142 -13
143 -13
144 -12
145 -2248
146 -33
147 -39
148 -38
149 -39
150 -34
151 -39
152 -13
153 -13
154 -34
155 -506
156 -33
157 -38
158 -39
159 -39
160 -38
161 -38
162 -13
163 -39
164 -39
165 -39
166 -34
167 -34
168 -38
169 -33
170 -39
171 -26
172 -38
173 -34
174 -33
175 -13
176 -34
177 -38
178 -39
179 -39
180 -34
181 -44
182 -38
183 -33
184 -39
185 -39
186 -32
187 -44
188 -34
189 -13
190 -34
191 -13
192 -87
193 -39
194 -13
195 -33
196 -34
197 -38
198 -13
199 -33
200 -13
201 -26
202 -33
203 -39
204 -38
205 -39
206 -13
207 -13
208 -13
209 -33
210 -33
211 -38
212 -39
213 -39
214 -39
215 -34
216 -31
217 -39
218 -34
219 -39
220 -38
221 -13
222 -34
223 -33
224 -34
225 -33
226 -39
227 -13
228 -13
229 -39
230 -34
231 -38
232 -34
233 -33
234 -13
235 -38
236 -34
237 -14
238 -38
239 -33
240 -13
241 -13
242 -38
243 -33
244 -13
245 -37
246 -28
247 -38
248 -34
249 -33
250 -38
251 -33
252 -33
253 -38
254 -38
255 -33
256 -38
257 -34
258 -38
259 -39
260 -13
261 -13
262 -13
263 -34
264 -34
265 -33
266 -38
267 -34
268 -13
269 -31
270 -36
271 -38
272 -39
273 -33
274 -33
275 -38
276 -35
277 -13
278 -34
279 -33
280 -39
281 -38
282 -34
283 -38
284 -13
285 -34
286 -34
287 -38
288 -39
289 -39
290 -13
291 -33
292 -34
293 -34
294 -13
295 -38
296 -13
297 -33
298 -13
299 -38
300 -34
301 -34
302 -39
303 -38
304 -34
305 -33
306 -38
307 -33
308 -34
309 -38
310 -33
311 -39
312 -38
313 -33
314 -38
315 -33
316 -39
317 -13
318 -38
319 -38
320 -39
321 -34
322 -33
323 -33
324 -13
325 -38
326 -33
327 -38
328 -39
329 -38
330 -39
331 -38
332 -38
333 -49
334 -34
335 -34
336 -34
337 -56
338 -13
339 -38
340 -33
341 -33
342 -39
343 -39
344 -33
345 -39
346 -38
347 -39
348 -13
349 -33
350 -38
351 -13
352 -33
353 -13
354 -38
355 -34
356 -38
357 -33
358 -39
359 -36
360 -34
361 -39
362 -38
363 -33
364 -13
365 -29
366 -13
367 -34
368 -34
369 -38
370 -33
371 -39
372 -34
373 -33
374 -38
375 -39
376 -39
377 -34
378 -33
379 -13
380 -13
381 -21
382 -33
383 -13
384 -12
385 -39
386 -13
387 -38
388 -38
389 -13
390 -13
391 -33
392 -38
393 -33
394 -13
395 -33
396 -39
397 -39
398 -38
399 -12
400 -34
401 -38
402 -34
403 -33
404 -13
405 -13
406 -39
407 -13
408 -34
409 -39
410 -38
411 -47
412 -13
413 -39
414 -38
415 -13
416 -13
417 -33
418 -33
419 -13
420 -13
421 -38
422 -13
423 -38
424 -39
425 -13
426 -49
427 -12
428 -33
429 -33
430 -33
431 -33
432 -22
433 -39
434 -13
435 -38
436 -34
437 -34
438 -22
439 -33
440 -33
441 -39
442 -38
443 -34
444 -34
445 -34
446 -13
447 -33
448 -13
449 -39
450 -29
451 -39
452 -13
453 -39
454 -34
455 -13
456 -34
457 -34
458 -33
459 -39
460 -31
461 -40
462 -38
463 -34
464 -34
465 -34
466 -13
467 -34
468 -33
469 -13
470 -13
471 -38
472 -38
473 -38
474 -38
475 -34
476 -38
477 -104
478 -39
479 -33
480 -34
481 -34
482 -34
483 -38
484 -47
485 -13
486 -13
487 -39
488 -38
489 -39
490 -34
491 -34
492 -34
493 -37
494 -13
495 -13
496 -39
497 -34
498 -39
499 -34
500 -33
501 -39
502 -34
503 -34
504 -33
505 -33
506 -33
507 -39
508 -33
509 -39
510 -13
511 -13
512 -39
513 -39
514 -39
515 -13
516 -34
517 -13
518 -38
519 -38
520 -34
521 -13
522 -39
523 -34
524 -39
525 -34
526 -33
527 -13
528 -39
529 -33
530 -70
531 -34
532 -33
533 -13
534 -33
535 -38
536 -13
537 -33
538 -39
539 -39
540 -38
541 -29
542 -43
543 -13
544 -39
545 -34
546 -34
547 -38
548 -13
549 -34
550 -38
551 -13
552 -38
553 -38
554 -33
555 -34
556 -38
557 -39
558 -34
559 -34
560 -33
561 -34
562 -38
563 -34
564 -34
565 -13
566 -40
567 -13
568 -34
569 -26
570 -32
571 -39
572 -13
573 -38
574 -33
575 -39
576 -33
577 -49
578 -34
579 -38
580 -38
581 -33
582 -33
583 -33
584 -33
585 -33
586 -332
587 -33
588 -38
589 -37
590 -34
591 -34
592 -13
593 -33
594 -34
595 -38
596 -33
597 -38
598 -549
599 -13
600 -39
601 -39
602 -13
603 -33
604 -34
605 -33
606 -33
607 -13
608 -34
609 -33
610 -34
611 -13
612 -26
613 -38
614 -33
615 -33
616 -33
617 -39
618 -38
619 -39
620 -38
621 -39
622 -39
623 -33
624 -33
625 -34
626 -33
627 -43
628 -33
629 -13
630 -39
631 -13
632 -34
633 -39
634 -34
635 -38
636 -33
637 -39
638 -34
639 -13
640 -33
641 -38
642 -33
643 -39
644 -13
645 -34
646 -33
647 -39
648 -33
649 -34
650 -39
651 -43
652 -13
653 -39
654 -34
655 -33
656 -34
657 -39
658 -39
659 -38
660 -34
661 -38
662 -34
663 -13
664 -33
665 -33
666 -34
667 -34
668 -13
669 -38
670 -13
671 -38
672 -13
673 -13
674 -33
675 -39
676 -39
677 -38
678 -33
679 -13
680 -13
681 -34
682 -13
683 -38
684 -39
685 -33
686 -30
687 -38
688 -33
689 -38
690 -38
691 -38
692 -38
693 -38
694 -33
695 -13
696 -39
697 -33
698 -39
699 -38
700 -34
701 -26
702 -39
703 -61
704 -39
705 -39
706 -33
707 -13
708 -39
709 -39
710 -13
711 -39
712 -43
713 -13
714 -38
715 -39
716 -27
717 -39
718 -13
719 -1182
720 -38
721 -38
722 -34
723 -33
724 -33
725 -34
726 -39
727 -39
728 -39
729 -33
730 -39
731 -34
732 -33
733 -34
734 -34
735 -70
736 -13
737 -33
738 -13
739 -34
740 -33
741 -13
742 -33
743 -38
744 -13
745 -13
746 -33
747 -38
748 -34
749 -39
750 -39
751 -64
752 -39
753 -26
754 -38
755 -34
756 -13
757 -39
758 -34
759 -39
760 -13
761 -38
762 -13
763 -13
764 -33
765 -13
766 -13
767 -66
768 -30
769 -33
770 -43
771 -34
772 -33
773 -13
774 -39
775 -39
776 -38
777 -33
778 -38
779 -33
780 -39
781 -13
782 -38
783 -34
784 -33
785 -33
786 -13
787 -34
788 -38
789 -38
790 -33
791 -33
792 -39
793 -37
794 -33
795 -13
796 -33
797 -38
798 -34
799 -39
800 -33
801 -13
802 -34
803 -13
804 -39
805 -39
806 -13
807 -34
808 -38
809 -39
810 -38
811 -38
812 -34
813 -38
814 -33
815 -34
816 -38
817 -33
818 -39
819 -38
820 -34
821 -34
822 -34
823 -39
824 -13
825 -38
826 -33
827 -33
828 -33
829 -38
830 -38
831 -35
832 -34
833 -38
834 -13
835 -17
836 -34
837 -34
838 -38
839 -33
840 -57
841 -38
842 -39
843 -33
844 -13
845 -39
846 -33
847 -33
848 -33
849 -33
850 -38
851 -33
852 -13
853 -39
854 -34
855 -39
856 -39
857 -13
858 -39
859 -13
860 -33
861 -239
862 -34
863 -38
864 -33
865 -13
866 -34
867 -33
868 -39
869 -33
870 -29
871 -39
872 -12
873 -13
874 -13
875 -34
876 -34
877 -39
878 -48
879 -38
880 -39
881 -39
882 -13
883 -38
884 -33
885 -39
886 -38
887 -34
888 -33
889 -33
890 -13
891 -34
892 -33
893 -39
894 -39
895 -39
896 -33
897 -38
898 -38
899 -39
900 -38
901 -13
902 -39
903 -34
904 -33
905 -13
906 -39
907 -13
908 -39
909 -39
910 -37
911 -33
912 -13
913 -38
914 -13
915 -38
916 -39
917 -38
918 -13
919 -13
920 -38
921 -33
922 -13
923 -33
924 -34
925 -39
926 -34
927 -39
928 -34
929 -33
930 -33
931 -38
932 -31
933 -13
934 -34
935 -33
936 -30
937 -33
938 -44
939 -38
940 -13
941 -33
942 -13
943 -38
944 -39
945 -38
946 -14
947 -13
948 -38
949 -34
950 -33
951 -34
952 -38
953 -39
954 -38
955 -39
956 -13
957 -13
958 -33
959 -13
960 -38
961 -39
962 -33
963 -38
964 -33
965 -39
966 -33
967 -39
968 -33
969 -13
970 -13
971 -13
972 -38
973 -38
974 -38
975 -38
976 -13
977 -13
978 -26
979 -23
980 -34
981 -13
982 -34
983 -39
984 -13
985 -33
986 -38
987 -34
988 -33
989 -38
990 -33
991 -43
992 -38
993 -34
994 -38
995 -38
996 -38
997 -33
998 -39
999 -65
