0 -33
1 -39
2 -38
3 -12
4 -40
5 -33
6 -38
7 -13
8 -39
9 -39
10 -33
11 -12
12 -39
13 -33
14 -38
15 -12
16 -39
17 -12
18 -33
19 -33
20 -38
21 -38
22 -12
23 -12
24 -34
25 -12
26 -12
27 -33
28 -39
29 -34
30 -33
31 -12
32 -38
33 -12
34 -34
35 -33
36 -33
37 -39
38 -38
39 -13
40 -39
41 -38
42 -33
43 -30
44 -33
45 -40
46 -33
47 -33
48 -38
49 -34
50 -38
51 -38
52 -38
53 -12
54 -38
55 -38
56 -12
57 -12
58 -34
59 -34
60 -33
61 -34
62 -38
63 -33
64 -38
65 -12
66 -33
67 -38
68 -38
69 -34
70 -34
71 -471
72 -34
73 -38
74 -39
75 -34
76 -39
77 -34
78 -39
79 -34
80 -38
81 -39
82 -38
83 -38
84 -44
85 -59
86 -39
87 -38
88 -34
89 -34
90 -34
91 -38
92 -38
93 -34
94 -33
95 -33
96 -34
97 -34
98 -13
99 -12
100 -33
101 -12
102 -12
103 -38
104 -33
105 -39
106 -33
107 -35
108 -33
109 -34
110 -38
111 -39
112 -38
113 -34
114 -39
115 -38
116 -39
117 -38
118 -34
119 -38
120 -12
121 -33
122 -12
123 -33
124 -34
125 -33
126 -12
127 -39
128 -33
129 -12
130 -38
131 -33
132 -38
133 -39
134 -34
135 -12
136 -39
137 -38
138 -38
139 -33
140 -38
141 -33
142 -34
143 -34
144 -38
145 -34
146 -33
147 -38
148 -34
149 -39
150 -34
151 -34
152 -38
153 -38
154 -38
155 -39
156 -39
157 -38
158 -34
159 -38
160 -39
161 -39
162 -39
163 -39
164 -39
165 -39
166 -34
167 -38
168 -38
169 -34
170 -34
171 -35
172 -12
173 -33
174 -38
175 -12
176 -33
177 -38
178 -33
179 -33
180 -12
181 -39
182 -33
183 -12
184 -34
185 -33
186 -12
187 -39
188 -33
189 -12
190 -12
191 -39
192 -38
193 -38
194 -38
195 -12
196 -44
197 -33
198 -34
199 -33
200 -12
201 -34
202 -39
203 -12
204 -39
205 -62
206 -12
207 -33
208 -38
209 -38
210 -38
211 -38
212 -34
213 -38
214 -38
215 -12
216 -39
217 -33
218 -38
219 -38
220 -34
221 -12
222 -39
223 -39
224 -39
225 -34
226 -33
227 -34
228 -38
229 -34
230 -34
231 -12
232 -39
233 -38
234 -12
235 -38
236 -38
237 -39
238 -12
239 -38
240 -12
241 -40
242 -12
243 -38
244 -39
245 -34
246 -37
247 -38
248 -34
249 -39
250 -12
251 -34
252 -33
253 -39
254 -38
255 -22
256 -12
257 -38
258 -12
259 -34
260 -12
261 -33
262 -33
263 -332
264 -54
265 -38
266 -34
267 -39
268 -34
269 -34
270 -38
271 -38
272 -12
273 -34
274 -33
275 -39
276 -49
277 -33
278 -44
279 -39
280 -39
281 -38
282 -34
283 -34
284 -39
285 -33
286 -39
287 -39
288 -39
289 -34
290 -34
291 -38
292 -34
293 -12
294 -38
295 -12
296 -12
297 -39
298 -39
299 -39
300 -33
301 -38
302 -39
303 -34
304 -34
305 -33
306 -38
307 -39
308 -34
309 -40
310 -33
311 -34
312 -34
313 -90
314 -39
315 -12
316 -12
317 -34
318 -34
319 -48
320 -34
321 -22
322 -53
323 -33
324 -13
325 -39
326 -12
327 -39
328 -33
329 -39
330 -29
331 -12
332 -39
333 -39
334 -39
335 -33
336 -12
337 -33
338 -38
339 -33
340 -58
341 -39
342 -12
343 -39
344 -38
345 -39
346 -12
347 -39
348 -39
349 -34
350 -39
351 -33
352 -38
353 -12
354 -39
355 -33
356 -39
357 -33
358 -12
359 -39
360 -34
361 -12
362 -39
363 -34
364 -34
365 -34
366 -39
367 -12
368 -38
369 -34
370 -12
371 -34
372 -12
373 -38
374 -33
375 -34
376 -38
377 -34
378 -33
379 -33
380 -34
381 -33
382 -38
383 -39
384 -39
385 -39
386 -34
387 -39
388 -43
389 -33
390 -38
391 -38
392 -39
393 -39
394 -39
395 -12
396 -34
397 -38
398 -39
399 -34
400 -34
401 -33
402 -34
403 -36
404 -38
405 -34
406 -37
407 -34
408 -12
409 -39
410 -38
411 -39
412 -38
413 -33
414 -12
415 -38
416 -33
417 -34
418 -34
419 -43
420 -38
421 -38
422 -33
423 -38
424 -34
425 -39
426 -2017
427 -33
428 -33
429 -39
430 -38
431 -33
432 -39
433 -34
434 -38
435 -33
436 -34
437 -38
438 -26
439 -33
440 -33
441 -34
442 -33
443 -38
444 -39
445 -38
446 -39
447 -34
448 -12
449 -38
450 -34
451 -39
452 -38
453 -34
454 -34
455 -33
456 -34
457 -33
458 -33
459 -34
460 -12
461 -30
462 -12
463 -33
464 -12
465 -33
466 -33
467 -34
468 -33
469 -39
470 -33
471 -34
472 -49
473 -38
474 -34
475 -34
476 -33
477 -12
478 -51
479 -12
480 -34
481 -43
482 -12
483 -12
484 -33
485 -33
486 -39
487 -39
488 -39
489 -34
490 -34
491 -33
492 -34
493 -39
494 -12
495 -44
496 -33
497 -38
498 -39
499 -39
500 -38
501 -38
502 -12
503 -33
504 -34
505 -12
506 -38
507 -38
508 -44
509 -33
510 -12
511 -33
512 -34
513 -38
514 -12
515 -39
516 -39
517 -38
518 -39
519 -12
520 -33
521 -12
522 -39
523 -33
524 -12
525 -12
526 -38
527 -39
528 -33
529 -33
530 -33
531 -34
532 -39
533 -34
534 -47
535 -34
536 -33
537 -39
538 -39
539 -39
540 -39
541 -12
542 -38
543 -35
544 -38
545 -12
546 -38
547 -38
548 -33
549 -39
550 -12
551 -13
552 -29
553 -38
554 -38
555 -12
556 -12
557 -38
558 -61
559 -38
560 -33
561 -12
562 -33
563 -12
564 -33
565 -34
566 -34
567 -12
568 -12
569 -34
570 -33
571 -12
572 -39
573 -33
574 -34
575 -34
576 -12
577 -34
578 -12
579 -34
580 -33
581 -34
582 -39
583 -34
584 -38
585 -12
586 -12
587 -12
588 -33
589 -33
590 -38
591 -50
592 -36
593 -12
594 -34
595 -12
596 -28
597 -33
598 -33
599 -38
600 -39
601 -39
602 -33
603 -33
604 -38
605 -39
606 -12
607 -38
608 -62
609 -480
610 -34
611 -39
612 -33
613 -12
614 -39
615 -34
616 -26
617 -38
618 -39
619 -39
620 -12
621 -34
622 -12
623 -38
624 -34
625 -33
626 -12
627 -38
628 -33
629 -33
630 -33
631 -34
632 -34
633 -12
634 -38
635 -33
636 -34
637 -25
638 -33
639 -38
640 -33
641 -41
642 -33
643 -38
644 -12
645 -31
646 -39
647 -12
648 -33
649 -12
650 -39
651 -38
652 -12
653 -39
654 -33
655 -39
656 -38
657 -39
658 -33
659 -39
660 -33
661 -12
662 -34
663 -39
664 -38
665 -34
666 -33
667 -42
668 -39
669 -34
670 -12
671 -33
672 -33
673 -34
674 -33
675 -38
676 -12
677 -33
678 -35
679 -12
680 -39
681 -39
682 -12
683 -38
684 -38
685 -39
686 -34
687 -12
688 -39
689 -34
690 -12
691 -33
692 -33
693 -34
694 -38
695 -12
696 -34
697 -38
698 -33
699 -39
700 -33
701 -39
702 -38
703 -38
704 -33
705 -39
706 -12
707 -33
708 -33
709 -34
710 -38
711 -33
712 -39
713 -38
714 -33
715 -33
716 -34
717 -33
718 -34
719 -33
720 -364
721 -34
722 -12
723 -12
724 -12
725 -38
726 -12
727 -39
728 -12
729 -39
730 -34
731 -39
732 -30
733 -33
734 -34
735 -39
736 -39
737 -38
738 -33
739 -12
740 -33
741 -33
742 -12
743 -38
744 -39
745 -33
746 -12
747 -38
748 -39
749 -34
750 -39
751 -33
752 -12
753 -34
754 -34
755 -34
756 -38
757 -33
758 -33
759 -12
760 -38
761 -38
762 -34
763 -172
764 -39
765 -38
766 -38
767 -12
768 -12
769 -39
770 -39
771 -34
772 -33
773 -12
774 -34
775 -38
776 -34
777 -33
778 -34
779 -35
780 -33
781 -33
782 -33
783 -39
784 -33
785 -12
786 -12
787 -39
788 -12
789 -33
790 -33
791 -12
792 -34
793 -38
794 -39
795 -12
796 -34
797 -33
798 -38
799 -38
800 -33
801 -33
802 -33
803 -29
804 -39
805 -12
806 -34
807 -39
808 -39
809 -33
810 -38
811 -38
812 -33
813 -39
814 -34
815 -33
816 -39
817 -34
818 -12
819 -38
820 -33
821 -33
822 -12
823 -37
824 -38
825 -33
826 -38
827 -12
828 -38
829 -39
830 -38
831 -38
832 -45
833 -34
834 -33
835 -33
836 -38
837 -39
838 -12
839 -33
840 -34
841 -34
842 -39
843 -39
844 -34
845 -12
846 -39
847 -12
848 -38
849 -33
850 -33
851 -39
852 -34
853 -33
854 -34
855 -114
856 -12
857 -33
858 -12
859 -33
860 -38
861 -38
862 -39
863 -33
864 -12
865 -38
866 -38
867 -39
868 -29
869 -33
870 -12
871 -12
872 -34
873 -34
874 -38
875 -33
876 -12
877 -33
878 -12
879 -39
880 -38
881 -38
882 -12
883 -38
884 -33
885 -38
886 -50
887 -38
888 -43
889 -38
890 -12
891 -43
892 -28
893 -12
894 -39
895 -12
896 -39
897 -12
898 -12
899 -38
900 -33
901 -39
902 -12
903 -39
904 -33
905 -12
906 -38
907 -39
908 -38
909 -33
910 -12
911 -38
912 -34
913 -33
914 -39
915 -34
916 -34
917 -38
918 -34
919 -39
920 -39
921 -38
922 -38
923 -39
924 -33
925 -33
926 -33
927 -38
928 -31
929 -38
930 -34
931 -34
932 -33
933 -38
934 -12
935 -38
936 -12
937 -39
938 -33
939 -12
940 -38
941 -12
942 -34
943 -34
944 -33
945 -38
946 -38
947 -33
948 -12
949 -38
950 -12
951 -38
952 -33
953 -39
954 -80
955 -39
956 -39
957 -33
958 -38
959 -39
960 -39
961 -33
962 -12
963 -12
964 -38
965 -33
966 -33
967 -39
968 -34
969 -34
970 -34
971 -12
972 -38
973 -34
974 -12
975 -34
976 -49
977 -35
978 -38
979 -39
980 -38
981 -33
982 -39
983 -39
984 -34
985 -12
986 -34
987 -38
988 -39
989 -33
990 -33
991 -34
992 -39
993 -38
994 -33
995 -34
996 -34
997 -38
998 -33
999 -38
