0 -39
1 -33
2 -39
3 -33
4 -39
5 -38
6 -39
7 -38
8 -38
9 -12
10 -33
11 -12
12 -34
13 -34
14 -38
15 -33
16 -12
17 -33
18 -38
19 -38
20 -21
21 -44
22 -33
23 -12
24 -38
25 -34
26 -38
27 -39
28 -34
29 -34
30 -34
31 -39
32 -34
33 -12
34 -12
35 -39
36 -40
37 -39
38 -12
39 -38
40 -33
41 -48
42 -34
43 -34
44 -39
45 -34
46 -12
47 -12
48 -34
49 -38
50 -12
51 -34
52 -34
53 -12
54 -34
55 -31
56 -12
57 -34
58 -33
59 -38
60 -12
61 -38
62 -12
63 -33
64 -39
65 -33
66 -38
67 -33
68 -38
69 -12
70 -34
71 -38
72 -39
73 -40
74 -30
75 -12
76 -12
77 -34
78 -12
79 -38
80 -34
81 -38
82 -12
83 -34
84 -39
85 -34
86 -39
87 -38
88 -38
89 -12
90 -33
91 -12
92 -12
93 -38
94 -39
95 -12
96 -30
97 -12
98 -12
99 -33
100 -12
101 -34
102 -12
103 -39
104 -33
105 -39
106 -39
107 -12
108 -33
109 -34
110 -38
111 -69
112 -12
113 -34
114 -39
115 -39
116 -38
117 -34
118 -33
119 -38
120 -33
121 -33
122 -34
123 -12
124 -39
125 -12
126 -33
127 -12
128 -38
129 -39
130 -39
131 -34
132 -38
133 -38
134 -38
135 -12
136 -39
137 -38
138 -33
139 -39
140 -39
141 -32
142 -33
143 -39
144 -39
145 -38
146 -35
147 -34
148 -12
149 -38
150 -33
151 -38
152 -33
153 -12
154 -34
155 -12
156 -12
157 -12
158 -33
159 -38
160 -38
161 -39
162 -34
163 -38
164 -71
165 -39
166 -34
167 -33
168 -33
169 -38
170 -12
171 -34
172 -38
173 -39
174 -12
175 -12
176 -12
177 -65
178 -33
179 -3758
180 -38
181 -39
182 -33
183 -33
184 -34
185 -38
186 -12
187 -33
188 -39
189 -34
190 -33
191 -33
192 -38
193 -33
194 -39
195 -39
196 -34
197 -34
198 -33
199 -34
200 -39
201 -39
202 -39
203 -12
204 -34
205 -39
206 -30
207 -12
208 -12
209 -40
210 -38
211 -34
212 -33
213 -38
214 -12
215 -12
216 -33
217 -50
218 -34
219 -38
220 -34
221 -38
222 -39
223 -33
224 -12
225 -38
226 -39
227 -38
228 -39
229 -38
230 -38
231 -34
232 -12
233 -33
234 -38
235 -12
236 -12
237 -39
238 -34
239 -33
240 -34
241 -33
242 -33
243 -34
244 -39
245 -39
246 -33
247 -39
248 -38
249 -34
250 -34
251 -34
252 -34
253 -38
254 -12
255 -12
256 -34
257 -39
258 -38
259 -12
260 -34
261 -38
262 -34
263 -12
264 -12
265 -30
266 -38
267 -34
268 -38
269 -39
270 -38
271 -12
272 -38
273 -12
274 -33
275 -39
276 -39
277 -39
278 -12
279 -38
280 -33
281 -38
282 -12
283 -33
284 -54
285 -34
286 -33
287 -44
288 -12
289 -12
290 -38
291 -38
292 -39
293 -12
294 -33
295 -38
296 -33
297 -34
298 -39
299 -38
300 -34
301 -33
302 -12
303 -33
304 -34
305 -12
306 -39
307 -34
308 -38
309 -39
310 -38
311 -12
312 -38
313 -12
314 -33
315 -39
316 -38
317 -39
318 -38
319 -39
320 -38
321 -39
322 -35
323 -33
324 -33
325 -34
326 -12
327 -38
328 -38
329 -34
330 -45
331 -39
332 -38
333 -38
334 -12
335 -394
336 -39
337 -34
338 -12
339 -34
340 -39
341 -38
342 -34
343 -34
344 -33
345 -12
346 -12
347 -34
348 -12
349 -38
350 -12
351 -12
352 -33
353 -12
354 -38
355 -38
356 -34
357 -38
358 -33
359 -39
360 -34
361 -34
362 -34
363 -33
364 -12
365 -38
366 -33
367 -33
368 -34
369 -33
370 -33
371 -33
372 -20
373 -33
374 -35
375 -12
376 -38
377 -39
378 -12
379 -43
380 -33
381 -33
382 -38
383 -12
384 -39
385 -38
386 -34
387 -34
388 -12
389 -34
390 -12
391 -33
392 -39
393 -12
394 -33
395 -33
396 -38
397 -12
398 -38
399 -39
400 -38
401 -21
402 -39
403 -12
404 -39
405 -12
406 -33
407 -38
408 -56
409 -12
410 -12
411 -39
412 -38
413 -39
414 -40
415 -33
416 -39
417 -33
418 -12
419 -34
420 -411
421 -34
422 -34
423 -38
424 -493
425 -38
426 -39
427 -12
428 -39
429 -35
430 -34
431 -12
432 -34
433 -39
434 -38
435 -12
436 -12
437 -33
438 -33
439 -12
440 -70
441 -34
442 -39
443 -39
444 -38
445 -12
446 -38
447 -12
448 -12
449 -12
450 -12
451 -39
452 -33
453 -38
454 -38
455 -33
456 -39
457 -12
458 -26
459 -38
460 -38
461 -12
462 -34
463 -39
464 -12
465 -33
466 -33
467 -39
468 -33
469 -33
470 -34
471 -38
472 -38
473 -34
474 -39
475 -38
476 -33
477 -39
478 -38
479 -34
480 -34
481 -29
482 -12
483 -33
484 -38
485 -33
486 -39
487 -39
488 -12
489 -38
490 -34
491 -39
492 -12
493 -34
494 -34
495 -39
496 -39
497 -12
498 -33
499 -12
500 -34
501 -33
502 -33
503 -38
504 -34
505 -38
506 -34
507 -34
508 -33
509 -12
510 -12
511 -34
512 -33
513 -39
514 -34
515 -38
516 -38
517 -33
518 -38
519 -39
520 -34
521 -34
522 -34
523 -34
524 -33
525 -35
526 -54
527 -12
528 -33
529 -33
530 -12
531 -34
532 -12
533 -39
534 -38
535 -33
536 -34
537 -33
538 -33
539 -34
540 -39
541 -12
542 -12
543 -12
544 -38
545 -39
546 -38
547 -39
548 -39
549 -33
550 -33
551 -33
552 -37
553 -38
554 -33
555 -12
556 -38
557 -12
558 -21
559 -39
560 -33
561 -33
562 -39
563 -33
564 -39
565 -39
566 -33
567 -33
568 -12
569 -33
570 -12
571 -38
572 -33
573 -39
574 -39
575 -34
576 -33
577 -39
578 -39
579 -26
580 -12
581 -39
582 -39
583 -38
584 -34
585 -34
586 -39
587 -34
588 -39
589 -38
590 -33
591 -48
592 -33
593 -39
594 -39
595 -34
596 -33
597 -34
598 -38
599 -33
600 -12
601 -12
602 -39
603 -34
604 -39
605 -38
606 -39
607 -33
608 -33
609 -39
610 -12
611 -12
612 -12
613 -39
614 -38
615 -38
616 -34
617 -34
618 -34
619 -34
620 -34
621 -39
622 -12
623 -34
624 -34
625 -38
626 -33
627 -34
628 -38
629 -12
630 -34
631 -37
632 -38
633 -12
634 -39
635 -12
636 -33
637 -38
638 -33
639 -38
640 -34
641 -33
642 -34
643 -12
644 -34
645 -39
646 -38
647 -34
648 -33
649 -12
650 -12
651 -39
652 -38
653 -33
654 -427
655 -33
656 -38
657 -65
658 -33
659 -12
660 -34
661 -34
662 -38
663 -34
664 -1897
665 -33
666 -39
667 -12
668 -39
669 -34
670 -33
671 -38
672 -39
673 -38
674 -39
675 -34
676 -38
677 -39
678 -38
679 -33
680 -12
681 -33
682 -27
683 -34
684 -12
685 -38
686 -38
687 -38
688 -12
689 -33
690 -12
691 -33
692 -33
693 -34
694 -34
695 -12
696 -38
697 -38
698 -39
699 -12
700 -34
701 -34
702 -38
703 -33
704 -34
705 -38
706 -12
707 -12
708 -34
709 -33
710 -33
711 -34
712 -34
713 -30
714 -39
715 -12
716 -34
717 -34
718 -34
719 -43
720 -39
721 -12
722 -33
723 -54
724 -34
725 -29
726 -12
727 -38
728 -38
729 -39
730 -33
731 -34
732 -12
733 -39
734 -39
735 -39
736 -38
737 -33
738 -33
739 -39
740 -34
741 -38
742 -12
743 -12
744 -12
745 -12
746 -34
747 -42
748 -12
749 -36
750 -34
751 -33
752 -39
753 -12
754 -39
755 -12
756 -34
757 -92
758 -33
759 -12
760 -12
761 -33
762 -38
763 -33
764 -38
765 -33
766 -39
767 -33
768 -33
769 -33
770 -12
771 -33
772 -39
773 -39
774 -39
775 -33
776 -39
777 -12
778 -39
779 -33
780 -38
781 -38
782 -33
783 -39
784 -38
785 -33
786 -34
787 -33
788 -12
789 -38
790 -38
791 -34
792 -34
793 -38
794 -34
795 -34
796 -38
797 -33
798 -38
799 -38
800 -39
801 -38
802 -34
803 -21
804 -12
805 -33
806 -33
807 -39
808 -38
809 -34
810 -34
811 -12
812 -38
813 -12
814 -34
815 -38
816 -34
817 -12
818 -12
819 -33
820 -38
821 -12
822 -33
823 -12
824 -34
825 -33
826 -33
827 -34
828 -39
829 -33
830 -34
831 -12
832 -34
833 -33
834 -12
835 -38
836 -34
837 -33
838 -38
839 -39
840 -12
841 -38
842 -33
843 -38
844 -12
845 -34
846 -12
847 -33
848 -34
849 -39
850 -34
851 -12
852 -38
853 -39
854 -35
855 -39
856 -34
857 -12
858 -38
859 -12
860 -34
861 -33
862 -12
863 -34
864 -38
865 -38
866 -38
867 -38
868 -62
869 -39
870 -519
871 -39
872 -33
873 -33
874 -48
875 -34
876 -33
877 -416
878 -33
879 -33
880 -34
881 -34
882 -34
883 -33
884 -34
885 -61
886 -38
887 -33
888 -38
889 -38
890 -39
891 -44
892 -39
893 -33
894 -38
895 -34
896 -39
897 -33
898 -33
899 -34
900 -38
901 -57
902 -38
903 -34
904 -33
905 -38
906 -38
907 -34
908 -33
909 -38
910 -34
911 -34
912 -38
913 -33
914 -38
915 -12
916 -4199
917 -33
918 -12
919 -39
920 -12
921 -12
922 -39
923 -34
924 -38
925 -39
926 -12
927 -39
928 -12
929 -35
930 -12
931 -12
932 -12
933 -12
934 -12
935 -38
936 -38
937 -34
938 -38
939 -12
940 -39
941 -38
942 -39
943 -34
944 -33
945 -39
946 -38
947 -39
948 -43
949 -39
950 -38
951 -39
952 -34
953 -38
954 -30
955 -12
956 -12
957 -12
958 -12
959 -39
960 -33
961 -34
962 -29
963 -39
964 -38
965 -39
966 -34
967 -38
968 -34
969 -12
970 -38
971 -34
972 -12
973 -38
974 -41
975 -34
976 -39
977 -12
978 -39
979 -40
980 -34
981 -39
982 -12
983 -39
984 -12
985 -39
986 -39
987 -38
988 -34
989 -12
990 -38
991 -38
992 -38
993 -39
994 -39
995 -39
996 -33
997 -39
998 -33
999 -39
