0 -12
1 -38
2 -12
3 -34
4 -34
5 -39
6 -34
7 -988
8 -38
9 -33
10 -12
11 -38
12 -114
13 -39
14 -33
15 -12
16 -39
17 -39
18 -39
19 -12
20 -38
21 -34
22 -34
23 -33
24 -34
25 -39
26 -34
27 -12
28 -34
29 -34
30 -33
31 -34
32 -39
33 -38
34 -39
35 -33
36 -39
37 -38
38 -38
39 -12
40 -37
41 -39
42 -12
43 -38
44 -34
45 -33
46 -38
47 -12
48 -12
49 -12
50 -38
51 -38
52 -33
53 -38
54 -12
55 -61
56 -34
57 -38
58 -33
59 -33
60 -38
61 -12
62 -12
63 -33
64 -12
65 -39
66 -33
67 -38
68 -33
69 -38
70 -61
71 -38
72 -33
73 -12
74 -39
75 -12
76 -39
77 -33
78 -38
79 -44
80 -34
81 -12
82 -33
83 -38
84 -39
85 -12
86 -39
87 -33
88 -34
89 -33
90 -33
91 -33
92 -38
93 -39
94 -70
95 -12
96 -34
97 -39
98 -33
99 -12
100 -39
101 -34
102 -39
103 -12
104 -34
105 -34
106 -34
107 -39
108 -33
109 -34
110 -33
111 -34
112 -12
113 -34
114 -34
115 -12
116 -39
117 -38
118 -12
119 -38
120 -33
121 -38
122 -38
123 -39
124 -38
125 -38
126 -33
127 -33
128 -38
129 -34
130 -12
131 -33
132 -38
133 -39
134 -69
135 -48
136 -35
137 -12
138 -38
139 -34
140 -38
141 -33
142 -12
143 -39
144 -12
145 -33
146 -34
147 -34
148 -33
149 -38
150 -33
151 -33
152 -38
153 -12
154 -33
155 -12
156 -12
157 -38
158 -33
159 -38
160 -34
161 -38
162 -12
163 -12
164 -34
165 -39
166 -12
167 -12
168 -12
169 -39
170 -39
171 -38
172 -38
173 -38
174 -38
175 -12
176 -12
177 -39
178 -35
179 -33
180 -33
181 -33
182 -38
183 -33
184 -34
185 -33
186 -34
187 -33
188 -34
189 -33
190 -38
191 -39
192 -34
193 -34
194 -194
195 -61
196 -39
197 -39
198 -38
199 -12
200 -34
201 -12
202 -34
203 -33
204 -33
205 -12
206 -39
207 -39
208 -38
209 -12
210 -33
211 -39
212 -34
213 -38
214 -34
215 -34
216 -33
217 -12
218 -33
219 -38
220 -38
221 -39
222 -12
223 -38
224 -12
225 -38
226 -34
227 -34
228 -38
229 -34
230 -38
231 -46
232 -12
233 -38
234 -34
235 -39
236 -39
237 -38
238 -225
239 -38
240 -34
241 -38
242 -38
243 -34
244 -12
245 -33
246 -33
247 -12
248 -39
249 -38
250 -12
251 -38
252 -34
253 -12
254 -34
255 -39
256 -34
257 -39
258 -33
259 -12
260 -39
261 -38
262 -38
263 -38
264 -12
265 -33
266 -39
267 -39
268 -33
269 -39
270 -33
271 -34
272 -12
273 -39
274 -33
275 -34
276 -39
277 -41
278 -12
279 -12
280 -34
281 -12
282 -34
283 -12
284 -12
285 -12
286 -39
287 -38
288 -34
289 -39
290 -34
291 -38
292 -38
293 -37
294 -62
295 -39
296 -34
297 -34
298 -38
299 -39
300 -33
301 -39
302 -38
303 -33
304 -44
305 -12
306 -12
307 -38
308 -34
309 -39
310 -33
311 -39
312 -34
313 -39
314 -12
315 -39
316 -12
317 -38
318 -33
319 -39
320 -39
321 -33
322 -12
323 -33
324 -33
325 -34
326 -12
327 -34
328 -12
329 -33
330 -38
331 -39
332 -38
333 -34
334 -34
335 -33
336 -33
337 -38
338 -33
339 -48
340 -33
341 -33
342 -34
343 -39
344 -34
345 -39
346 -33
347 -12
348 -33
349 -38
350 -12
351 -38
352 -12
353 -38
354 -26
355 -39
356 -27
357 -34
358 -38
359 -34
360 -33
361 -12
362 -12
363 -39
364 -33
365 -39
366 -38
367 -34
368 -37
369 -39
370 -38
371 -33
372 -39
373 -33
374 -39
375 -39
376 -12
377 -38
378 -33
379 -38
380 -39
381 -33
382 -23
383 -12
384 -39
385 -39
386 -33
387 -12
388 -26
389 -39
390 -38
391 -12
392 -39
393 -38
394 -12
395 -33
396 -39
397 -39
398 -12
399 -12
400 -12
401 -38
402 -39
403 -12
404 -33
405 -33
406 -39
407 -34
408 -39
409 -34
410 -12
411 -34
412 -33
413 -38
414 -34
415 -38
416 -12
417 -45
418 -12
419 -33
420 -12
421 -38
422 -39
423 -38
424 -12
425 -34
426 -38
427 -33
428 -33
429 -12
430 -39
431 -38
432 -21
433 -38
434 -33
435 -39
436 -39
437 -34
438 -33
439 -34
440 -34
441 -12
442 -38
443 -12
444 -39
445 -44
446 -38
447 -38
448 -12
449 -12
450 -38
451 -33
452 -13
453 -29
454 -33
455 -33
456 -39
457 -33
458 -39
459 -38
460 -12
461 -34
462 -34
463 -29
464 -40
465 -38
466 -38
467 -38
468 -39
469 -33
470 -38
471 -12
472 -39
473 -33
474 -34
475 -34
476 -39
477 -33
478 -39
479 -12
480 -34
481 -43
482 -34
483 -34
484 -34
485 -34
486 -33
487 -33
488 -33
489 -33
490 -39
491 -12
492 -33
493 -12
494 -33
495 -38
496 -39
497 -33
498 -30
499 -12
500 -33
501 -39
502 -12
503 -38
504 -33
505 -34
506 -34
507 -36
508 -39
509 -39
510 -34
511 -42
512 -39
513 -33
514 -38
515 -38
516 -12
517 -12
518 -34
519 -39
520 -39
521 -38
522 -38
523 -443
524 -39
525 -12
526 -38
527 -33
528 -12
529 -33
530 -33
531 -34
532 -34
533 -34
534 -39
535 -38
536 -12
537 -33
538 -12
539 -12
540 -38
541 -38
542 -12
543 -33
544 -34
545 -46
546 -12
547 -47
548 -12
549 -33
550 -49
551 -12
552 -38
553 -33
554 -34
555 -12
556 -33
557 -34
558 -39
559 -3440
560 -39
561 -12
562 -39
563 -33
564 -38
565 -34
566 -34
567 -39
568 -38
569 -12
570 -39
571 -39
572 -34
573 -39
574 -39
575 -33
576 -39
577 -39
578 -33
579 -38
580 -38
581 -38
582 -33
583 -39
584 -34
585 -39
586 -12
587 -34
588 -39
589 -34
590 -38
591 -39
592 -34
593 -34
594 -39
595 -39
596 -34
597 -39
598 -34
599 -38
600 -12
601 -26
602 -13
603 -26
604 -34
605 -34
606 -33
607 -38
608 -12
609 -33
610 -39
611 -34
612 -34
613 -34
614 -38
615 -33
616 -39
617 -34
618 -34
619 -12
620 -38
621 -12
622 -24
623 -55
624 -39
625 -38
626 -39
627 -39
628 -34
629 -34
630 -12
631 -39
632 -38
633 -34
634 -12
635 -38
636 -39
637 -39
638 -12
639 -34
640 -34
641 -12
642 -33
643 -69
644 -61
645 -38
646 -12
647 -33
648 -33
649 -38
650 -12
651 -39
652 -12
653 -12
654 -34
655 -33
656 -12
657 -39
658 -33
659 -33
660 -33
661 -12
662 -34
663 -12
664 -39
665 -12
666 -38
667 -34
668 -94
669 -39
670 -12
671 -47
672 -34
673 -12
674 -39
675 -33
676 -34
677 -12
678 -38
679 -39
680 -38
681 -12
682 -39
683 -33
684 -33
685 -33
686 -33
687 -39
688 -38
689 -12
690 -38
691 -44
692 -39
693 -33
694 -38
695 -34
696 -34
697 -38
698 -39
699 -33
700 -34
701 -38
702 -12
703 -37
704 -12
705 -36
706 -39
707 -34
708 -33
709 -34
710 -12
711 -50
712 -39
713 -38
714 -39
715 -39
716 -12
717 -12
718 -34
719 -34
720 -39
721 -12
722 -33
723 -12
724 -12
725 -39
726 -34
727 -33
728 -39
729 -39
730 -33
731 -12
732 -56
733 -12
734 -34
735 -34
736 -39
737 -38
738 -39
739 -38
740 -39
741 -34
742 -12
743 -34
744 -38
745 -34
746 -39
747 -34
748 -34
749 -34
750 -33
751 -33
752 -39
753 -39
754 -12
755 -12
756 -12
757 -38
758 -33
759 -33
760 -38
761 -12
762 -34
763 -33
764 -34
765 -33
766 -13
767 -33
768 -33
769 -33
770 -34
771 -33
772 -33
773 -39
774 -12
775 -91
776 -38
777 -33
778 -33
779 -33
780 -33
781 -38
782 -51
783 -39
784 -12
785 -34
786 -12
787 -12
788 -38
789 -12
790 -39
791 -33
792 -59
793 -33
794 -33
795 -33
796 -39
797 -33
798 -39
799 -33
800 -39
801 -12
802 -39
803 -34
804 -33
805 -38
806 -38
807 -34
808 -13
809 -12
810 -12
811 -38
812 -34
813 -34
814 -33
815 -39
816 -39
817 -34
818 -39
819 -12
820 -13
821 -33
822 -39
823 -39
824 -33
825 -33
826 -38
827 -34
828 -33
829 -38
830 -12
831 -39
832 -34
833 -36
834 -12
835 -40
836 -34
837 -38
838 -12
839 -33
840 -12
841 -70
842 -38
843 -13
844 -34
845 -39
846 -39
847 -39
848 -33
849 -38
850 -12
851 -12
852 -39
853 -34
854 -12
855 -38
856 -33
857 -33
858 -33
859 -12
860 -12
861 -12
862 -38
863 -43
864 -23
865 -39
866 -34
867 -33
868 -34
869 -12
870 -38
871 -33
872 -34
873 -12
874 -34
875 -39
876 -12
877 -12
878 -34
879 -34
880 -34
881 -34
882 -45
883 -106
884 -33
885 -12
886 -12
887 -39
888 -39
889 -34
890 -12
891 -33
892 -39
893 -26
894 -33
895 -33
896 -39
897 -38
898 -12
899 -13
900 -38
901 -34
902 -12
903 -34
904 -38
905 -39
906 -34
907 -34
908 -38
909 -34
910 -42
911 -38
912 -34
913 -39
914 -39
915 -38
916 -34
917 -74
918 -38
919 -38
920 -33
921 -12
922 -39
923 -30
924 -34
925 -38
926 -29
927 -33
928 -39
929 -33
930 -33
931 -12
932 -34
933 -34
934 -12
935 -39
936 -38
937 -12
938 -34
939 -624
940 -38
941 -39
942 -38
943 -33
944 -39
945 -39
946 -33
947 -38
948 -39
949 -38
950 -34
951 -33
952 -39
953 -39
954 -33
955 -38
956 -38
957 -33
958 -38
959 -12
960 -38
961 -38
962 -12
963 -39
964 -12
965 -33
966 -12
967 -12
968 -33
969 -38
970 -12
971 -34
972 -38
973 -34
974 -38
975 -38
976 -34
977 -34
978 -33
979 -38
980 -33
981 -39
982 -12
983 -12
984 -34
985 -61
986 -39
987 -12
988 -33
989 -39
990 -61
991 -39
992 -39
993 -33
994 -38
995 -34
996 -61
997 -39
998 -12
999 -38
