0 -12
1 -38
2 -34
3 -12
4 -39
5 -38
6 -34
7 -12
8 -34
9 -34
10 -41
11 -38
12 -33
13 -39
14 -33
15 -39
16 -33
17 -34
18 -12
19 -12
20 -12
21 -33
22 -38
23 -33
24 -34
25 -34
26 -38
27 -12
28 -34
29 -33
30 -34
31 -12
32 -33
33 -38
34 -33
35 -12
36 -33
37 -33
38 -12
39 -38
40 -34
41 -39
42 -39
43 -39
44 -39
45 -39
46 -12
47 -39
48 -38
49 -38
50 -39
51 -38
52 -39
53 -39
54 -33
55 -34
56 -34
57 -12
58 -34
59 -38
60 -33
61 -33
62 -34
63 -39
64 -33
65 -34
66 -34
67 -12
68 -27
69 -34
70 -38
71 -38
72 -12
73 -33
74 -38
75 -12
76 -33
77 -38
78 -34
79 -33
80 -38
81 -12
82 -33
83 -34
84 -33
85 -44
86 -38
87 -38
88 -33
89 -33
90 -39
91 -33
92 -12
93 -34
94 -38
95 -33
96 -57
97 -33
98 -38
99 -33
100 -44
101 -34
102 -38
103 -38
104 -12
105 -39
106 -38
107 -12
108 -39
109 -38
110 -33
111 -39
112 -38
113 -12
114 -34
115 -39
116 -12
117 -39
118 -34
119 -38
120 -33
121 -33
122 -39
123 -41
124 -34
125 -34
126 -38
127 -12
128 -39
129 -34
130 -34
131 -39
132 -38
133 -39
134 -38
135 -34
136 -39
137 -33
138 -33
139 -33
140 -34
141 -33
142 -39
143 -33
144 -34
145 -38
146 -12
147 -12
148 -38
149 -33
150 -33
151 -34
152 -34
153 -33
154 -33
155 -31
156 -39
157 -38
158 -62
159 -38
160 -38
161 -12
162 -54
163 -38
164 -37
165 -33
166 -38
167 -47
168 -12
169 -33
170 -33
171 -39
172 -39
173 -38
174 -39
175 -28
176 -34
177 -39
178 -38
179 -34
180 -38
181 -38
182 -12
183 -33
184 -38
185 -34
186 -38
187 -38
188 -38
189 -12
190 -12
191 -38
192 -33
193 -38
194 -33
195 -534
196 -39
197 -38
198 -39
199 -34
200 -38
201 -33
202 -12
203 -33
204 -33
205 -38
206 -12
207 -39
208 -34
209 -29
210 -39
211 -34
212 -33
213 -34
214 -12
215 -34
216 -12
217 -38
218 -38
219 -39
220 -24
221 -33
222 -38
223 -39
224 -271
225 -34
226 -34
227 -33
228 -39
229 -33
230 -34
231 -2751
232 -33
233 -12
234 -33
235 -34
236 -34
237 -34
238 -38
239 -39
240 -34
241 -34
242 -12
243 -39
244 -33
245 -39
246 -33
247 -34
248 -39
249 -12
250 -39
251 -34
252 -12
253 -33
254 -12
255 -33
256 -38
257 -38
258 -39
259 -12
260 -38
261 -33
262 -38
263 -34
264 -33
265 -39
266 -38
267 -39
268 -39
269 -39
270 -39
271 -39
272 -39
273 -33
274 -33
275 -38
276 -33
277 -33
278 -34
279 -34
280 -12
281 -39
282 -204
283 -38
284 -34
285 -33
286 -34
287 -39
288 -39
289 -38
290 -38
291 -38
292 -12
293 -34
294 -39
295 -12
296 -38
297 -33
298 -34
299 -38
300 -12
301 -34
302 -39
303 -38
304 -12
305 -39
306 -39
307 -39
308 -12
309 -34
310 -33
311 -33
312 -12
313 -38
314 -34
315 -12
316 -12
317 -12
318 -12
319 -38
320 -33
321 -34
322 -34
323 -33
324 -33
325 -34
326 -12
327 -43
328 -38
329 -34
330 -39
331 -34
332 -34
333 -38
334 -12
335 -38
336 -33
337 -38
338 -38
339 -38
340 -33
341 -12
342 -12
343 -39
344 -39
345 -34
346 -12
347 -46
348 -38
349 -12
350 -39
351 -34
352 -38
353 -34
354 -34
355 -34
356 -34
357 -33
358 -12
359 -33
360 -157
361 -33
362 -34
363 -39
364 -34
365 -34
366 -12
367 -34
368 -34
369 -38
370 -12
371 -39
372 -34
373 -38
374 -34
375 -38
376 -34
377 -33
378 -39
379 -34
380 -38
381 -39
382 -39
383 -38
384 -39
385 -37
386 -38
387 -12
388 -39
389 -34
390 -34
391 -33
392 -33
393 -33
394 -38
395 -34
396 -35
397 -34
398 -39
399 -12
400 -39
401 -34
402 -12
403 -12
404 -12
405 -34
406 -33
407 -38
408 -12
409 -12
410 -38
411 -38
412 -34
413 -39
414 -39
415 -39
416 -34
417 -33
418 -38
419 -33
420 -12
421 -12
422 -38
423 -39
424 -39
425 -12
426 -38
427 -12
428 -33
429 -12
430 -34
431 -39
432 -34
433 -40
434 -33
435 -33
436 -39
437 -38
438 -33
439 -34
440 -38
441 -12
442 -34
443 -38
444 -38
445 -33
446 -34
447 -34
448 -12
449 -38
450 -34
451 -38
452 -38
453 -33
454 -39
455 -34
456 -34
457 -38
458 -12
459 -34
460 -33
461 -12
462 -12
463 -39
464 -39
465 -12
466 -39
467 -38
468 -33
469 -33
470 -33
471 -34
472 -34
473 -12
474 -28
475 -34
476 -12
477 -38
478 -34
479 -34
480 -34
481 -12
482 -33
483 -12
484 -38
485 -12
486 -38
487 -33
488 -38
489 -12
490 -34
491 -39
492 -33
493 -34
494 -12
495 -38
496 -34
497 -34
498 -39
499 -33
500 -34
501 -12
502 -34
503 -39
504 -12
505 -38
506 -12
507 -39
508 -12
509 -12
510 -33
511 -39
512 -33
513 -12
514 -12
515 -12
516 -39
517 -33
518 -12
519 -39
520 -33
521 -38
522 -38
523 -39
524 -33
525 -34
526 -34
527 -34
528 -2965
529 -38
530 -38
531 -34
532 -38
533 -38
534 -12
535 -34
536 -34
537 -12
538 -12
539 -34
540 -38
541 -33
542 -39
543 -38
544 -38
545 -39
546 -34
547 -33
548 -34
549 -38
550 -38
551 -26
552 -33
553 -33
554 -12
555 -12
556 -38
557 -38
558 -38
559 -38
560 -39
561 -38
562 -12
563 -12
564 -38
565 -37
566 -12
567 -34
568 -38
569 -12
570 -54
571 -33
572 -34
573 -39
574 -33
575 -34
576 -39
577 -39
578 -39
579 -33
580 -34
581 -12
582 -12
583 -38
584 -34
585 -38
586 -39
587 -38
588 -38
589 -34
590 -39
591 -48
592 -12
593 -12
594 -38
595 -39
596 -33
597 -21
598 -39
599 -34
600 -39
601 -2047
602 -12
603 -39
604 -34
605 -22
606 -33
607 -30
608 -39
609 -39
610 -12
611 -39
612 -12
613 -33
614 -33
615 -38
616 -33
617 -33
618 -34
619 -34
620 -33
621 -33
622 -12
623 -39
624 -39
625 -12
626 -44
627 -34
628 -38
629 -34
630 -34
631 -34
632 -38
633 -39
634 -38
635 -38
636 -33
637 -39
638 -34
639 -39
640 -33
641 -34
642 -33
643 -34
644 -1500
645 -12
646 -38
647 -12
648 -39
649 -34
650 -33
651 -12
652 -12
653 -34
654 -12
655 -34
656 -34
657 -12
658 -12
659 -33
660 -12
661 -39
662 -39
663 -38
664 -12
665 -34
666 -33
667 -38
668 -38
669 -38
670 -34
671 -12
672 -33
673 -12
674 -33
675 -39
676 -12
677 -38
678 -38
679 -160
680 -33
681 -38
682 -34
683 -38
684 -33
685 -38
686 -34
687 -31
688 -34
689 -12
690 -12
691 -38
692 -33
693 -38
694 -39
695 -39
696 -34
697 -34
698 -12
699 -34
700 -12
701 -12
702 -33
703 -42
704 -12
705 -33
706 -39
707 -12
708 -33
709 -33
710 -39
711 -38
712 -39
713 -33
714 -34
715 -38
716 -33
717 -38
718 -12
719 -34
720 -39
721 -12
722 -34
723 -38
724 -34
725 -33
726 -38
727 -33
728 -33
729 -39
730 -38
731 -38
732 -39
733 -39
734 -12
735 -12
736 -12
737 -33
738 -12
739 -12
740 -34
741 -34
742 -141
743 -34
744 -34
745 -12
746 -38
747 -12
748 -69
749 -33
750 -38
751 -30
752 -38
753 -34
754 -41
755 -12
756 -38
757 -34
758 -12
759 -34
760 -39
761 -39
762 -39
763 -33
764 -34
765 -33
766 -34
767 -34
768 -33
769 -33
770 -39
771 -33
772 -40
773 -34
774 -33
775 -34
776 -12
777 -33
778 -39
779 -39
780 -38
781 -38
782 -38
783 -33
784 -24
785 -12
786 -39
787 -39
788 -38
789 -38
790 -38
791 -38
792 -34
793 -39
794 -39
795 -34
796 -12
797 -39
798 -38
799 -33
800 -33
801 -12
802 -12
803 -38
804 -33
805 -12
806 -39
807 -34
808 -33
809 -39
810 -33
811 -39
812 -39
813 -38
814 -39
815 -33
816 -38
817 -12
818 -34
819 -34
820 -33
821 -39
822 -34
823 -38
824 -39
825 -34
826 -12
827 -33
828 -39
829 -39
830 -38
831 -33
832 -33
833 -34
834 -56
835 -34
836 -35
837 -33
838 -33
839 -33
840 -34
841 -34
842 -34
843 -33
844 -39
845 -33
846 -34
847 -43
848 -38
849 -38
850 -38
851 -33
852 -12
853 -12
854 -12
855 -39
856 -49
857 -37
858 -38
859 -39
860 -34
861 -200
862 -34
863 -12
864 -34
865 -38
866 -33
867 -38
868 -34
869 -33
870 -12
871 -38
872 -12
873 -38
874 -38
875 -34
876 -33
877 -34
878 -34
879 -12
880 -34
881 -38
882 -38
883 -12
884 -34
885 -33
886 -12
887 -33
888 -34
889 -28
890 -34
891 -44
892 -38
893 -12
894 -12
895 -34
896 -33
897 -12
898 -34
899 -38
900 -16
901 -12
902 -34
903 -39
904 -38
905 -34
906 -12
907 -38
908 -34
909 -34
910 -38
911 -39
912 -12
913 -39
914 -12
915 -53
916 -38
917 -33
918 -34
919 -33
920 -38
921 -38
922 -33
923 -34
924 -33
925 -70
926 -38
927 -39
928 -12
929 -34
930 -337
931 -12
932 -34
933 -11
934 -12
935 -34
936 -33
937 -38
938 -39
939 -12
940 -34
941 -33
942 -39
943 -34
944 -39
945 -12
946 -12
947 -38
948 -34
949 -38
950 -33
951 -38
952 -33
953 -39
954 -39
955 -34
956 -33
957 -40
958 -34
959 -33
960 -39
961 -33
962 -38
963 -39
964 -39
965 -34
966 -34
967 -33
968 -39
969 -33
970 -33
971 -34
972 -33
973 -33
974 -33
975 -39
976 -33
977 -39
978 -34
979 -38
980 -39
981 -34
982 -39
983 -39
984 -39
985 -61
986 -33
987 -38
988 -12
989 -12
990 -38
991 -34
992 -34
993 -39
994 -38
995 -50
996 -33
997 -54
998 -33
999 -39
