0 -30
1 -37
2 -93
3 -833
4 -142
5 -30
6 -260
7 -30
8 -30
9 -579
10 -31
11 -25
12 -299
13 -136
14 -754
15 -31
16 -31
17 -31
18 -161
19 -271
20 -31
21 -30
22 -29
23 -31
24 -39
25 -44
26 -31
27 -30
28 -31
29 -104
30 -512
31 -30
32 -168
33 -787
34 -424
35 -121
36 -382
37 -322
38 -74
39 -30
40 -116
41 -53
42 -44
43 -436
44 -149
45 -31
46 -36
47 -1146
48 -31
49 -246
50 -76
51 -513
52 -30
53 -3302
54 -30
55 -31
56 -394
57 -249
58 -30
59 -39
60 -39
61 -804
62 -25
63 -31
64 -142
65 -22
66 -30
67 -43
68 -30
69 -31
70 -16
71 -102
72 -30
73 -40
74 -278
75 -215
76 -13
77 -39
78 -227
79 -82
80 -567
81 -123
82 -31
83 -132
84 -30
85 -2909
86 -380
87 -778
88 -256
89 -26
90 -114
91 -26
92 -18
93 -34
94 -25
95 -30
96 -433
97 -47
98 -756
99 -320
100 -1210
101 -254
102 -30
103 -413
104 -2024
105 -228
106 -31
107 -30
108 -10644
109 -388
110 -31
111 -30
112 -30
113 -713
114 -30
115 -54
116 -26
117 -30
118 -25
119 -26
120 -30
121 -1006
122 -31
123 -781
124 -30
125 -801
126 -304
127 -34
128 -618
129 -39
130 -442
131 -435
132 -30
133 -140
134 -29
135 -312
136 -12
137 -30
138 -29
139 -29
140 -30
141 -31
142 -41
143 -65
144 -106
145 -30
146 -589
147 -29
148 -29
149 -31
150 -31
151 -32
152 -485
153 -28
154 -31
155 -101
156 -304
157 -30
158 -30
159 -29
160 -31
161 -56
162 -169
163 -30
164 -210
165 -228
166 -644
167 -121
168 -133
169 -165
170 -50
171 -31
172 -34
173 -36
174 -40
175 -31
176 -31
177 -30
178 -3479
179 -54
180 -42
181 -26
182 -215
183 -183
184 -744
185 -31
186 -107
187 -30
188 -83
189 -643
190 -213
191 -30
192 -488
193 -31
194 -26
195 -30
196 -30
197 -159
198 -31
199 -592
200 -508
201 -31
202 -30
203 -40
204 -18
205 -297
206 -327
207 -30
208 -15
209 -31
210 -70
211 -156
212 -30
213 -31
214 -30
215 -102
216 -197
217 -30
218 -30
219 -31
220 -30
221 -439
222 -258
223 -298
224 -30
225 -645
226 -104
227 -31
228 -30
229 -128
230 -1097
231 -30
232 -170
233 -30
234 -597
235 -14
236 -30
237 -26
238 -344
239 -434
240 -275
241 -266
242 -31
243 -31
244 -405
245 -198
246 -233
247 -730
248 -30
249 -559
250 -183
251 -49
252 -79
253 -419
254 -632
255 -132
256 -30
257 -31
258 -109
259 -74
260 -69
261 -31
262 -31
263 -30
264 -31
265 -30
266 -871
267 -31
268 -30
269 -1227
270 -55
271 -31
272 -697
273 -44
274 -39
275 -1780
276 -126
277 -35
278 -218
279 -31
280 -44
281 -180
282 -30
283 -35
284 -345
285 -97
286 -30
287 -30
288 -839
289 -16
290 -25
291 -30
292 -3810
293 -30
294 -34
295 -327
296 -229
297 -31
298 -38
299 -31
300 -30
301 -30
302 -31
303 -30
304 -306
305 -30
306 -19
307 -5490
308 -31
309 -30
310 -30
311 -37
312 -68
313 -39
314 -183
315 -158
316 -267
317 -14
318 -30
319 -9507
320 -30
321 -634
322 -25
323 -14
324 -227
325 -39
326 -65
327 -386
328 -829
329 -30
330 -49
331 -30
332 -65
333 -31
334 -30
335 -30
336 -40
337 -367
338 -739
339 -41
340 -25
341 -30
342 -41
343 -485
344 -137
345 -39
346 -30
347 -31
348 -37
349 -286
350 -464
351 -94
352 -30
353 -25
354 -31
355 -13
356 -30
357 -35
358 -112
359 -32
360 -24
361 -650
362 -30
363 -840
364 -30
365 -206
366 -31
367 -23
368 -55
369 -172
370 -557
371 -323
372 -13
373 -31
374 -395
375 -31
376 -31
377 -215
378 -31
379 -14
380 -39
381 -31
382 -30
383 -30
384 -31
385 -102
386 -26
387 -15
388 -30
389 -188
390 -30
391 -29
392 -53
393 -52
394 -109
395 -44
396 -30
397 -31
398 -206
399 -30
400 -326
401 -30
402 -30
403 -222
404 -641
405 -30
406 -29
407 -31
408 -31
409 -27
410 -360
411 -3345
412 -31
413 -143
414 -30
415 -4356
416 -25
417 -25
418 -31
419 -32
420 -31
421 -223
422 -2016
423 -28
424 -464
425 -30
426 -14
427 -550
428 -571
429 -146
430 -31
431 -1333
432 -13
433 -609
434 -30
435 -31
436 -31
437 -54
438 -29
439 -26
440 -610
441 -46
442 -30
443 -755
444 -641
445 -202
446 -69
447 -31
448 -25
449 -31
450 -3251
451 -31
452 -168
453 -61
454 -32
455 -294
456 -250
457 -30
458 -32
459 -165
460 -31
461 -70
462 -253
463 -31
464 -141
465 -66
466 -185
467 -30
468 -31
469 -1451
470 -218
471 -319
472 -1016
473 -394
474 -25
475 -30
476 -899
477 -104
478 -283
479 -30
480 -15
481 -198
482 -1956
483 -425
484 -31
485 -30
486 -1258
487 -116
488 -48
489 -30
490 -142
491 -29
492 -1171
493 -167
494 -412
495 -23
496 -51
497 -14
498 -30
499 -30
500 -30
501 -30
502 -31
503 -665
504 -89
505 -155
506 -342
507 -30
508 -30
509 -250
510 -161
511 -217
512 -26
513 -44
514 -199
515 -31
516 -26
517 -905
518 -454
519 -548
520 -31
521 -30
522 -25
523 -46
524 -34
525 -31
526 -31
527 -30
528 -169
529 -31
530 -114
531 -30
532 -186
533 -30
534 -40
535 -30
536 -38
537 -212
538 -30
539 -490
540 -31
541 -21
542 -177
543 -39
544 -30
545 -31
546 -30
547 -44
548 -8618
549 -206
550 -2164
551 -42
552 -662
553 -30
554 -39
555 -30
556 -30
557 -15
558 -354
559 -1102
560 -241
561 -30
562 -2589
563 -740
564 -31
565 -980
566 -576
567 -434
568 -176
569 -173
570 -18
571 -235
572 -49
573 -30
574 -31
575 -72
576 -822
577 -25
578 -31
579 -652
580 -30
581 -31
582 -6608
583 -30
584 -45
585 -240
586 -31
587 -31
588 -30
589 -39
590 -253
591 -677
592 -1404
593 -27
594 -69
595 -44
596 -31
597 -78
598 -31
599 -410
600 -31
601 -31
602 -31
603 -68
604 -31
605 -297
606 -31
607 -96
608 -30
609 -30
610 -45
611 -605
612 -260
613 -4185
614 -30
615 -30
616 -30
617 -23
618 -22
619 -93
620 -6610
621 -30
622 -31
623 -31
624 -30
625 -395
626 -31
627 -31
628 -411
629 -31
630 -31
631 -31
632 -30
633 -41
634 -30
635 -45
636 -1085
637 -48
638 -541
639 -31
640 -30
641 -26
642 -26
643 -353
644 -4286
645 -32
646 -28
647 -101
648 -253
649 -22
650 -117
651 -45
652 -546
653 -31
654 -31
655 -534
656 -253
657 -31
658 -3713
659 -535
660 -134
661 -29
662 -40
663 -32
664 -513
665 -31
666 -31
667 -1908
668 -95
669 -30
670 -31
671 -26
672 -306
673 -327
674 -30
675 -29
676 -482
677 -31
678 -31
679 -898
680 -30
681 -31
682 -1114
683 -30
684 -95
685 -119
686 -30
687 -872
688 -617
689 -30
690 -30
691 -30
692 -31
693 -84
694 -40
695 -30
696 -67
697 -30
698 -123
699 -48
700 -263
701 -30
702 -27
703 -40
704 -31
705 -40
706 -241
707 -39
708 -25
709 -1338
710 -30
711 -46
712 -589
713 -31
714 -568
715 -267
716 -129
717 -361
718 -173
719 -32
720 -16
721 -88
722 -149
723 -30
724 -29
725 -30
726 -4024
727 -30
728 -4669
729 -30
730 -34
731 -30
732 -451
733 -30
734 -26
735 -1126
736 -117
737 -39
738 -30
739 -29
740 -20
741 -900
742 -30
743 -2048
744 -31
745 -21
746 -31
747 -2712
748 -158
749 -123
750 -43
751 -419
752 -31
753 -30
754 -31
755 -42
756 -389
757 -132
758 -30
759 -30
760 -170
761 -455
762 -47
763 -25
764 -31
765 -180
766 -80
767 -81
768 -31
769 -30
770 -30
771 -1079
772 -34
773 -30
774 -71
775 -41
776 -30
777 -34
778 -740
779 -31
780 -498
781 -21
782 -89
783 -338
784 -472
785 -556
786 -91
787 -34
788 -31
789 -77
790 -30
791 -738
792 -31
793 -46
794 -41
795 -30
796 -30
797 -579
798 -15
799 -31
800 -80
801 -50
802 -30
803 -31
804 -30
805 -1195
806 -171
807 -31
808 -30
809 -686
810 -31
811 -307
812 -30
813 -1991
814 -40
815 -30
816 -842
817 -180
818 -61
819 -31
820 -993
821 -31
822 -29
823 -246
824 -31
825 -31
826 -31
827 -818
828 -866
829 -31
830 -31
831 -96
832 -58
833 -793
834 -30
835 -216
836 -51
837 -4711
838 -30
839 -25
840 -152
841 -31
842 -31
843 -31
844 -883
845 -203
846 -44
847 -854
848 -30
849 -31
850 -31
851 -31
852 -30
853 -30
854 -31
855 -24
856 -31
857 -44
858 -24
859 -31
860 -99
861 -30
862 -31
863 -57
864 -39
865 -73
866 -30
867 -80
868 -40
869 -4188
870 -26
871 -2458
872 -44
873 -30
874 -30
875 -20
876 -114
877 -7127
878 -13
879 -38
880 -44
881 -52
882 -3299
883 -54
884 -30
885 -31
886 -558
887 -47
888 -521
889 -30
890 -1085
891 -39
892 -31
893 -31
894 -31
895 -130
896 -39
897 -169
898 -43
899 -29
900 -30
901 -564
902 -30
903 -354
904 -30
905 -896
906 -31
907 -51
908 -30
909 -31
910 -31
911 -96
912 -42
913 -772
914 -31
915 -30
916 -30
917 -31
918 -30
919 -204
920 -130
921 -31
922 -468
923 -168
924 -473
925 -30
926 -233
927 -30
928 -30
929 -40
930 -29
931 -14
932 -37
933 -697
934 -43
935 -44
936 -36
937 -537
938 -29
939 -31
940 -31
941 -30
942 -30
943 -30
944 -120
945 -918
946 -42
947 -40
948 -31
949 -25
950 -227
951 -13
952 -46
953 -30
954 -67
955 -112
956 -30
957 -30
958 -3429
959 -45
960 -212
961 -127
962 -25
963 -185
964 -74
965 -6693
966 -40
967 -42
968 -73
969 -30
970 -620
971 -33
972 -74
973 -31
974 -260
975 -23
976 -23
977 -3616
978 -31
979 -30
980 -1200
981 -1533
982 -29
983 -30
984 -3833
985 -112
986 -31
987 -40
988 -34
989 -241
990 -30
991 -31
992 -30
993 -957
994 -31
995 -26
996 -1443
997 -738
998 -30
999 -115
