0 -36
1 -38
2 -12
3 -34
4 -33
5 -12
6 -33
7 -33
8 -33
9 -33
10 -33
11 -12
12 -33
13 -39
14 -12
15 -39
16 -34
17 -12
18 -39
19 -12
20 -13
21 -33
22 -34
23 -34
24 -38
25 -12
26 -34
27 -33
28 -33
29 -39
30 -38
31 -40
32 -33
33 -39
34 -12
35 -37
36 -39
37 -39
38 -34
39 -39
40 -39
41 -39
42 -39
43 -34
44 -34
45 -38
46 -33
47 -12
48 -38
49 -33
50 -38
51 -33
52 -39
53 -39
54 -38
55 -33
56 -12
57 -38
58 -39
59 -39
60 -38
61 -71
62 -38
63 -34
64 -12
65 -38
66 -33
67 -39
68 -12
69 -39
70 -12
71 -38
72 -12
73 -857
74 -33
75 -34
76 -33
77 -45
78 -12
79 -12
80 -39
81 -38
82 -33
83 -39
84 -39
85 -34
86 -12
87 -33
88 -12
89 -12
90 -29
91 -33
92 -12
93 -38
94 -57
95 -12
96 -33
97 -12
98 -39
99 -12
100 -12
101 -38
102 -34
103 -12
104 -39
105 -44
106 -38
107 -12
108 -39
109 -33
110 -34
111 -39
112 -39
113 -26
114 -39
115 -12
116 -34
117 -12
118 -12
119 -33
120 -12
121 -39
122 -12
123 -38
124 -38
125 -39
126 -34
127 -12
128 -34
129 -34
130 -33
131 -12
132 -33
133 -12
134 -38
135 -12
136 -38
137 -39
138 -38
139 -38
140 -33
141 -12
142 -33
143 -34
144 -33
145 -12
146 -39
147 -34
148 -12
149 -33
150 -48
151 -38
152 -38
153 -33
154 -34
155 -34
156 -39
157 -34
158 -34
159 -34
160 -12
161 -34
162 -12
163 -33
164 -34
165 -12
166 -38
167 -38
168 -33
169 -39
170 -12
171 -39
172 -12
173 -38
174 -38
175 -38
176 -39
177 -33
178 -38
179 -16
180 -39
181 -12
182 -34
183 -34
184 -39
185 -33
186 -34
187 -38
188 -39
189 -12
190 -34
191 -21
192 -34
193 -12
194 -33
195 -12
196 -33
197 -38
198 -33
199 -38
200 -38
201 -38
202 -34
203 -39
204 -33
205 -45
206 -12
207 -38
208 -38
209 -34
210 -33
211 -39
212 -39
213 -12
214 -38
215 -34
216 -34
217 -12
218 -34
219 -34
220 -33
221 -34
222 -39
223 -34
224 -34
225 -38
226 -39
227 -38
228 -33
229 -33
230 -33
231 -33
232 -38
233 -12
234 -33
235 -33
236 -34
237 -39
238 -34
239 -33
240 -12
241 -34
242 -12
243 -33
244 -34
245 -39
246 -12
247 -33
248 -12
249 -33
250 -34
251 -39
252 -39
253 -34
254 -33
255 -12
256 -38
257 -39
258 -34
259 -12
260 -12
261 -34
262 -39
263 -39
264 -33
265 -34
266 -25
267 -33
268 -12
269 -33
270 -39
271 -34
272 -38
273 -34
274 -38
275 -34
276 -12
277 -38
278 -38
279 -12
280 -38
281 -38
282 -12
283 -39
284 -34
285 -12
286 -33
287 -12
288 -12
289 -38
290 -33
291 -34
292 -38
293 -34
294 -39
295 -39
296 -38
297 -34
298 -33
299 -12
300 -33
301 -12
302 -12
303 -33
304 -12
305 -33
306 -12
307 -38
308 -12
309 -12
310 -33
311 -33
312 -34
313 -33
314 -12
315 -33
316 -39
317 -33
318 -43
319 -39
320 -70
321 -38
322 -39
323 -34
324 -33
325 -34
326 -39
327 -39
328 -12
329 -34
330 -12
331 -38
332 -34
333 -38
334 -38
335 -33
336 -34
337 -38
338 -12
339 -39
340 -38
341 -33
342 -39
343 -33
344 -38
345 -34
346 -38
347 -38
348 -33
349 -12
350 -39
351 -33
352 -39
353 -12
354 -38
355 -12
356 -38
357 -39
358 -39
359 -34
360 -33
361 -34
362 -6403
363 -34
364 -34
365 -33
366 -33
367 -12
368 -33
369 -12
370 -33
371 -12
372 -38
373 -39
374 -33
375 -38
376 -33
377 -33
378 -12
379 -34
380 -28
381 -33
382 -33
383 -12
384 -12
385 -12
386 -33
387 -39
388 -34
389 -12
390 -34
391 -39
392 -12
393 -39
394 -33
395 -38
396 -12
397 -38
398 -34
399 -38
400 -34
401 -34
402 -38
403 -34
404 -38
405 -12
406 -33
407 -44
408 -34
409 -49
410 -33
411 -49
412 -12
413 -12
414 -42
415 -41
416 -33
417 -12
418 -73
419 -33
420 -38
421 -33
422 -33
423 -38
424 -33
425 -39
426 -38
427 -50
428 -38
429 -33
430 -33
431 -39
432 -39
433 -39
434 -38
435 -33
436 -12
437 -34
438 -34
439 -42
440 -39
441 -38
442 -34
443 -33
444 -38
445 -39
446 -12
447 -39
448 -39
449 -44
450 -39
451 -31
452 -38
453 -12
454 -33
455 -39
456 -34
457 -33
458 -39
459 -33
460 -39
461 -33
462 -35
463 -39
464 -55
465 -38
466 -33
467 -34
468 -38
469 -38
470 -33
471 -12
472 -38
473 -38
474 -38
475 -38
476 -205
477 -33
478 -38
479 -39
480 -34
481 -33
482 -38
483 -34
484 -38
485 -39
486 -12
487 -39
488 -38
489 -33
490 -33
491 -34
492 -38
493 -12
494 -33
495 -38
496 -38
497 -39
498 -42
499 -34
500 -39
501 -38
502 -39
503 -33
504 -39
505 -33
506 -36
507 -12
508 -33
509 -12
510 -29
511 -38
512 -38
513 -34
514 -38
515 -38
516 -38
517 -39
518 -38
519 -34
520 -12
521 -12
522 -12
523 -39
524 -12
525 -39
526 -39
527 -38
528 -12
529 -12
530 -34
531 -38
532 -12
533 -34
534 -41
535 -33
536 -33
537 -38
538 -39
539 -33
540 -39
541 -34
542 -38
543 -39
544 -33
545 -38
546 -39
547 -39
548 -38
549 -33
550 -38
551 -34
552 -38
553 -12
554 -33
555 -33
556 -39
557 -12
558 -226
559 -33
560 -33
561 -34
562 -39
563 -33
564 -38
565 -12
566 -34
567 -39
568 -50
569 -33
570 -48
571 -39
572 -39
573 -39
574 -12
575 -12
576 -38
577 -12
578 -38
579 -39
580 -33
581 -38
582 -34
583 -34
584 -39
585 -12
586 -38
587 -38
588 -34
589 -34
590 -12
591 -39
592 -38
593 -34
594 -34
595 -34
596 -39
597 -34
598 -34
599 -44
600 -12
601 -38
602 -33
603 -12
604 -38
605 -12
606 -34
607 -12
608 -34
609 -33
610 -34
611 -39
612 -38
613 -33
614 -39
615 -12
616 -13
617 -33
618 -39
619 -12
620 -39
621 -38
622 -12
623 -34
624 -39
625 -38
626 -39
627 -34
628 -33
629 -33
630 -39
631 -39
632 -33
633 -12
634 -39
635 -38
636 -38
637 -34
638 -33
639 -38
640 -39
641 -12
642 -38
643 -33
644 -38
645 -34
646 -38
647 -33
648 -12
649 -39
650 -38
651 -34
652 -12
653 -34
654 -12
655 -34
656 -34
657 -34
658 -34
659 -38
660 -12
661 -12
662 -12
663 -38
664 -38
665 -33
666 -33
667 -34
668 -34
669 -39
670 -34
671 -33
672 -12
673 -33
674 -38
675 -12
676 -39
677 -39
678 -25
679 -33
680 -38
681 -12
682 -12
683 -33
684 -39
685 -12
686 -33
687 -39
688 -38
689 -39
690 -34
691 -39
692 -39
693 -34
694 -34
695 -33
696 -39
697 -33
698 -33
699 -35
700 -38
701 -33
702 -12
703 -38
704 -39
705 -12
706 -39
707 -38
708 -34
709 -33
710 -38
711 -12
712 -33
713 -12
714 -33
715 -39
716 -12
717 -33
718 -33
719 -12
720 -33
721 -39
722 -33
723 -38
724 -39
725 -12
726 -33
727 -12
728 -12
729 -34
730 -33
731 -12
732 -35
733 -34
734 -12
735 -39
736 -12
737 -12
738 -33
739 -39
740 -39
741 -33
742 -33
743 -38
744 -33
745 -33
746 -43
747 -34
748 -39
749 -48
750 -34
751 -33
752 -12
753 -38
754 -33
755 -12
756 -12
757 -34
758 -12
759 -34
760 -33
761 -34
762 -12
763 -39
764 -38
765 -34
766 -397
767 -34
768 -39
769 -38
770 -12
771 -49
772 -12
773 -33
774 -39
775 -39
776 -12
777 -38
778 -33
779 -33
780 -39
781 -39
782 -38
783 -39
784 -34
785 -39
786 -38
787 -35
788 -38
789 -12
790 -33
791 -12
792 -12
793 -33
794 -33
795 -39
796 -38
797 -39
798 -12
799 -38
800 -39
801 -48
802 -34
803 -12
804 -38
805 -12
806 -39
807 -38
808 -34
809 -33
810 -34
811 -12
812 -38
813 -34
814 -39
815 -12
816 -38
817 -12
818 -39
819 -39
820 -38
821 -34
822 -12
823 -34
824 -12
825 -12
826 -33
827 -40
828 -39
829 -33
830 -12
831 -33
832 -12
833 -33
834 -38
835 -39
836 -38
837 -39
838 -38
839 -38
840 -34
841 -49
842 -12
843 -33
844 -33
845 -35
846 -34
847 -12
848 -39
849 -12
850 -38
851 -34
852 -33
853 -39
854 -33
855 -39
856 -12
857 -12
858 -12
859 -33
860 -28
861 -38
862 -39
863 -39
864 -42
865 -39
866 -38
867 -12
868 -33
869 -39
870 -34
871 -34
872 -33
873 -38
874 -39
875 -39
876 -38
877 -38
878 -12
879 -39
880 -39
881 -13
882 -33
883 -33
884 -39
885 -39
886 -34
887 -34
888 -33
889 -12
890 -34
891 -33
892 -12
893 -34
894 -34
895 -33
896 -38
897 -33
898 -12
899 -34
900 -12
901 -12
902 -12
903 -38
904 -12
905 -13
906 -34
907 -34
908 -34
909 -34
910 -38
911 -12
912 -38
913 -38
914 -38
915 -38
916 -33
917 -39
918 -39
919 -34
920 -33
921 -41
922 -12
923 -38
924 -38
925 -39
926 -39
927 -12
928 -38
929 -34
930 -33
931 -38
932 -12
933 -38
934 -34
935 -33
936 -38
937 -33
938 -33
939 -12
940 -34
941 -39
942 -12
943 -33
944 -39
945 -12
946 -33
947 -39
948 -38
949 -29
950 -33
951 -33
952 -33
953 -38
954 -42
955 -12
956 -34
957 -12
958 -28
959 -12
960 -33
961 -38
962 -34
963 -38
964 -12
965 -38
966 -39
967 -33
968 -39
969 -38
970 -34
971 -39
972 -38
973 -40
974 -33
975 -34
976 -12
977 -45
978 -30
979 -38
980 -38
981 -34
982 -33
983 -12
984 -33
985 -34
986 -34
987 -39
988 -33
989 -12
990 -33
991 -38
992 -38
993 -35
994 -39
995 -39
996 -39
997 -38
998 -33
999 -12
