0 -33
1 -39
2 -34
3 -12
4 -12
5 -33
6 -33
7 -34
8 -39
9 -33
10 -37
11 -12
12 -12
13 -33
14 -12
15 -39
16 -33
17 -41
18 -12
19 -39
20 -12
21 -33
22 -12
23 -38
24 -38
25 -33
26 -13
27 -38
28 -30
29 -38
30 -38
31 -34
32 -34
33 -33
34 -33
35 -34
36 -34
37 -12
38 -38
39 -34
40 -38
41 -57
42 -34
43 -38
44 -38
45 -39
46 -38
47 -27
48 -38
49 -35
50 -39
51 -39
52 -39
53 -38
54 -38
55 -38
56 -38
57 -39
58 -34
59 -38
60 -34
61 -38
62 -12
63 -43
64 -39
65 -33
66 -33
67 -34
68 -39
69 -12
70 -39
71 -39
72 -33
73 -38
74 -34
75 -12
76 -12
77 -12
78 -39
79 -39
80 -34
81 -34
82 -34
83 -39
84 -34
85 -12
86 -34
87 -39
88 -12
89 -34
90 -33
91 -39
92 -428
93 -33
94 -12
95 -39
96 -33
97 -39
98 -34
99 -33
100 -34
101 -12
102 -33
103 -33
104 -38
105 -38
106 -34
107 -12
108 -38
109 -33
110 -34
111 -39
112 -34
113 -12
114 -33
115 -33
116 -12
117 -38
118 -39
119 -34
120 -34
121 -38
122 -34
123 -34
124 -12
125 -28
126 -38
127 -12
128 -34
129 -33
130 -33
131 -38
132 -34
133 -12
134 -12
135 -38
136 -39
137 -39
138 -33
139 -38
140 -38
141 -27
142 -34
143 -39
144 -12
145 -34
146 -38
147 -38
148 -34
149 -39
150 -12
151 -33
152 -33
153 -39
154 -12
155 -34
156 -33
157 -33
158 -38
159 -33
160 -38
161 -38
162 -33
163 -34
164 -33
165 -38
166 -39
167 -33
168 -34
169 -38
170 -29
171 -34
172 -34
173 -33
174 -12
175 -12
176 -33
177 -39
178 -12
179 -33
180 -39
181 -38
182 -33
183 -39
184 -39
185 -39
186 -33
187 -34
188 -39
189 -47
190 -38
191 -34
192 -34
193 -12
194 -33
195 -34
196 -33
197 -39
198 -38
199 -33
200 -39
201 -33
202 -34
203 -33
204 -33
205 -38
206 -34
207 -39
208 -38
209 -39
210 -34
211 -33
212 -33
213 -34
214 -33
215 -33
216 -12
217 -38
218 -33
219 -33
220 -38
221 -39
222 -12
223 -34
224 -12
225 -39
226 -33
227 -39
228 -38
229 -34
230 -38
231 -12
232 -34
233 -38
234 -38
235 -38
236 -38
237 -31
238 -12
239 -33
240 -33
241 -39
242 -39
243 -12
244 -39
245 -12
246 -12
247 -38
248 -33
249 -34
250 -39
251 -34
252 -33
253 -12
254 -38
255 -34
256 -34
257 -34
258 -38
259 -35
260 -33
261 -12
262 -39
263 -33
264 -63
265 -12
266 -12
267 -39
268 -29
269 -39
270 -39
271 -12
272 -12
273 -34
274 -34
275 -12
276 -34
277 -39
278 -33
279 -34
280 -33
281 -12
282 -38
283 -33
284 -12
285 -38
286 -39
287 -39
288 -34
289 -38
290 -38
291 -70
292 -12
293 -34
294 -12
295 -12
296 -39
297 -34
298 -28
299 -12
300 -34
301 -34
302 -34
303 -38
304 -38
305 -27
306 -38
307 -39
308 -34
309 -38
310 -34
311 -39
312 -34
313 -33
314 -39
315 -38
316 -38
317 -33
318 -34
319 -34
320 -33
321 -12
322 -34
323 -39
324 -35
325 -34
326 -33
327 -12
328 -33
329 -12
330 -39
331 -38
332 -12
333 -33
334 -34
335 -34
336 -12
337 -39
338 -39
339 -27
340 -34
341 -12
342 -34
343 -33
344 -39
345 -33
346 -12
347 -39
348 -33
349 -39
350 -12
351 -39
352 -39
353 -33
354 -34
355 -34
356 -33
357 -12
358 -12
359 -38
360 -39
361 -33
362 -38
363 -38
364 -34
365 -39
366 -38
367 -38
368 -34
369 -33
370 -39
371 -12
372 -693
373 -34
374 -39
375 -33
376 -13
377 -38
378 -34
379 -38
380 -38
381 -33
382 -36
383 -12
384 -33
385 -45
386 -12
387 -39
388 -34
389 -12
390 -12
391 -39
392 -33
393 -38
394 -38
395 -34
396 -33
397 -33
398 -34
399 -12
400 -38
401 -39
402 -49
403 -39
404 -33
405 -39
406 -39
407 -34
408 -39
409 -33
410 -31
411 -34
412 -12
413 -39
414 -34
415 -34
416 -38
417 -33
418 -38
419 -44
420 -12
421 -68
422 -39
423 -34
424 -34
425 -34
426 -12
427 -12
428 -39
429 -34
430 -33
431 -33
432 -38
433 -38
434 -34
435 -43
436 -38
437 -33
438 -33
439 -34
440 -12
441 -33
442 -34
443 -37
444 -33
445 -38
446 -33
447 -33
448 -39
449 -38
450 -34
451 -39
452 -33
453 -33
454 -34
455 -12
456 -34
457 -38
458 -12
459 -12
460 -38
461 -38
462 -54
463 -38
464 -12
465 -33
466 -34
467 -39
468 -37
469 -39
470 -33
471 -39
472 -34
473 -33
474 -38
475 -39
476 -39
477 -12
478 -34
479 -12
480 -59
481 -34
482 -34
483 -39
484 -38
485 -34
486 -13
487 -33
488 -33
489 -33
490 -34
491 -34
492 -38
493 -47
494 -42
495 -38
496 -38
497 -39
498 -33
499 -12
500 -12
501 -33
502 -39
503 -38
504 -39
505 -12
506 -39
507 -14
508 -33
509 -33
510 -34
511 -38
512 -33
513 -34
514 -38
515 -33
516 -38
517 -33
518 -38
519 -39
520 -39
521 -12
522 -38
523 -33
524 -39
525 -3030
526 -12
527 -39
528 -39
529 -33
530 -34
531 -12
532 -12
533 -33
534 -12
535 -38
536 -39
537 -38
538 -33
539 -34
540 -43
541 -47
542 -12
543 -43
544 -38
545 -12
546 -39
547 -12
548 -12
549 -34
550 -12
551 -39
552 -12
553 -38
554 -39
555 -39
556 -39
557 -33
558 -34
559 -34
560 -33
561 -33
562 -38
563 -39
564 -39
565 -39
566 -33
567 -39
568 -33
569 -12
570 -33
571 -33
572 -33
573 -47
574 -38
575 -38
576 -38
577 -39
578 -34
579 -38
580 -33
581 -34
582 -12
583 -33
584 -12
585 -39
586 -39
587 -34
588 -34
589 -39
590 -34
591 -39
592 -33
593 -34
594 -35
595 -43
596 -12
597 -39
598 -12
599 -12
600 -38
601 -39
602 -39
603 -14
604 -33
605 -38
606 -33
607 -50
608 -12
609 -12
610 -39
611 -22
612 -39
613 -38
614 -33
615 -39
616 -12
617 -38
618 -33
619 -2744
620 -39
621 -33
622 -33
623 -39
624 -34
625 -34
626 -30
627 -39
628 -39
629 -12
630 -33
631 -34
632 -28
633 -33
634 -33
635 -39
636 -34
637 -38
638 -34
639 -33
640 -38
641 -34
642 -33
643 -39
644 -33
645 -12
646 -34
647 -39
648 -12
649 -12
650 -12
651 -39
652 -33
653 -34
654 -33
655 -39
656 -29
657 -39
658 -34
659 -33
660 -34
661 -39
662 -12
663 -39
664 -38
665 -33
666 -41
667 -38
668 -39
669 -38
670 -39
671 -12
672 -39
673 -12
674 -33
675 -39
676 -38
677 -33
678 -34
679 -39
680 -39
681 -44
682 -33
683 -38
684 -38
685 -33
686 -33
687 -34
688 -39
689 -38
690 -38
691 -12
692 -12
693 -33
694 -33
695 -12
696 -39
697 -33
698 -39
699 -34
700 -34
701 -34
702 -38
703 -34
704 -34
705 -39
706 -39
707 -12
708 -34
709 -38
710 -39
711 -39
712 -12
713 -22
714 -33
715 -34
716 -39
717 -12
718 -33
719 -38
720 -34
721 -33
722 -33
723 -39
724 -34
725 -33
726 -34
727 -12
728 -39
729 -39
730 -33
731 -34
732 -38
733 -39
734 -12
735 -34
736 -34
737 -38
738 -33
739 -12
740 -38
741 -39
742 -39
743 -36
744 -34
745 -34
746 -38
747 -32
748 -61
749 -33
750 -39
751 -39
752 -44
753 -38
754 -12
755 -410
756 -33
757 -33
758 -34
759 -12
760 -34
761 -38
762 -39
763 -34
764 -34
765 -33
766 -33
767 -38
768 -38
769 -38
770 -33
771 -33
772 -39
773 -34
774 -34
775 -38
776 -33
777 -12
778 -12
779 -33
780 -38
781 -12
782 -38
783 -39
784 -34
785 -39
786 -34
787 -12
788 -39
789 -34
790 -12
791 -34
792 -12
793 -38
794 -12
795 -34
796 -34
797 -33
798 -33
799 -38
800 -12
801 -33
802 -38
803 -39
804 -39
805 -33
806 -38
807 -34
808 -39
809 -34
810 -33
811 -34
812 -13
813 -38
814 -39
815 -38
816 -12
817 -34
818 -38
819 -12
820 -49
821 -12
822 -38
823 -38
824 -12
825 -34
826 -33
827 -34
828 -38
829 -38
830 -12
831 -33
832 -12
833 -34
834 -39
835 -34
836 -34
837 -33
838 -38
839 -39
840 -12
841 -39
842 -12
843 -34
844 -33
845 -35
846 -38
847 -39
848 -34
849 -34
850 -38
851 -34
852 -33
853 -39
854 -39
855 -38
856 -34
857 -38
858 -39
859 -60
860 -33
861 -38
862 -34
863 -12
864 -35
865 -38
866 -33
867 -33
868 -38
869 -39
870 -38
871 -39
872 -33
873 -12
874 -43
875 -38
876 -34
877 -33
878 -34
879 -33
880 -34
881 -12
882 -33
883 -38
884 -34
885 -14
886 -33
887 -34
888 -39
889 -34
890 -39
891 -38
892 -33
893 -38
894 -33
895 -39
896 -12
897 -38
898 -12
899 -38
900 -38
901 -34
902 -34
903 -38
904 -38
905 -12
906 -39
907 -26
908 -34
909 -12
910 -33
911 -38
912 -34
913 -34
914 -34
915 -33
916 -33
917 -12
918 -12
919 -33
920 -12
921 -39
922 -33
923 -12
924 -38
925 -39
926 -38
927 -34
928 -34
929 -33
930 -33
931 -33
932 -12
933 -34
934 -12
935 -12
936 -39
937 -12
938 -39
939 -37
940 -38
941 -39
942 -47
943 -34
944 -33
945 -38
946 -12
947 -26
948 -39
949 -38
950 -39
951 -33
952 -34
953 -39
954 -38
955 -39
956 -38
957 -33
958 -34
959 -33
960 -38
961 -43
962 -33
963 -39
964 -12
965 -34
966 -12
967 -33
968 -39
969 -38
970 -33
971 -12
972 -12
973 -38
974 -12
975 -34
976 -12
977 -34
978 -38
979 -39
980 -38
981 -33
982 -39
983 -34
984 -12
985 -34
986 -42
987 -39
988 -33
989 -38
990 -36
991 -38
992 -33
993 -34
994 -33
995 -12
996 -39
997 -39
998 -38
999 -12
