0 -38
1 -33
2 -38
3 -39
4 -38
5 -39
6 -34
7 -33
8 -12
9 -33
10 -38
11 -39
12 -34
13 -38
14 -12
15 -34
16 -38
17 -34
18 -38
19 -12
20 -38
21 -39
22 -34
23 -39
24 -38
25 -4928
26 -12
27 -34
28 -33
29 -30
30 -34
31 -39
32 -39
33 -34
34 -34
35 -33
36 -38
37 -33
38 -56
39 -39
40 -38
41 -34
42 -39
43 -34
44 -38
45 -38
46 -12
47 -39
48 -38
49 -12
50 -34
51 -39
52 -33
53 -38
54 -39
55 -39
56 -12
57 -12
58 -38
59 -12
60 -35
61 -38
62 -41
63 -12
64 -12
65 -12
66 -38
67 -39
68 -38
69 -12
70 -38
71 -39
72 -33
73 -396
74 -38
75 -12
76 -12
77 -12
78 -38
79 -12
80 -39
81 -33
82 -38
83 -39
84 -33
85 -34
86 -348
87 -12
88 -30
89 -39
90 -38
91 -12
92 -38
93 -33
94 -34
95 -37
96 -12
97 -39
98 -38
99 -28
100 -34
101 -30
102 -39
103 -38
104 -39
105 -34
106 -33
107 -33
108 -34
109 -39
110 -38
111 -34
112 -12
113 -34
114 -12
115 -28
116 -12
117 -38
118 -34
119 -12
120 -38
121 -38
122 -21
123 -49
124 -34
125 -34
126 -33
127 -33
128 -33
129 -34
130 -38
131 -12
132 -38
133 -12
134 -39
135 -38
136 -33
137 -33
138 -34
139 -38
140 -39
141 -43
142 -12
143 -38
144 -34
145 -33
146 -39
147 -12
148 -39
149 -34
150 -41
151 -34
152 -33
153 -34
154 -38
155 -12
156 -33
157 -39
158 -33
159 -12
160 -34
161 -33
162 -39
163 -39
164 -12
165 -38
166 -33
167 -38
168 -34
169 -38
170 -34
171 -12
172 -34
173 -39
174 -12
175 -12
176 -12
177 -12
178 -34
179 -34
180 -39
181 -34
182 -39
183 -39
184 -38
185 -33
186 -39
187 -38
188 -12
189 -34
190 -34
191 -39
192 -39
193 -38
194 -39
195 -33
196 -1104
197 -12
198 -34
199 -39
200 -38
201 -38
202 -12
203 -33
204 -12
205 -34
206 -38
207 -39
208 -12
209 -39
210 -39
211 -34
212 -12
213 -34
214 -33
215 -12
216 -12
217 -12
218 -38
219 -35
220 -33
221 -12
222 -12
223 -39
224 -33
225 -33
226 -12
227 -12
228 -33
229 -12
230 -34
231 -34
232 -34
233 -12
234 -33
235 -43
236 -38
237 -34
238 -38
239 -39
240 -39
241 -38
242 -38
243 -34
244 -33
245 -34
246 -39
247 -38
248 -33
249 -39
250 -38
251 -39
252 -33
253 -39
254 -39
255 -39
256 -12
257 -39
258 -12
259 -12
260 -12
261 -33
262 -33
263 -39
264 -38
265 -33
266 -39
267 -35
268 -33
269 -155
270 -12
271 -12
272 -39
273 -33
274 -12
275 -12
276 -39
277 -38
278 -38
279 -34
280 -33
281 -12
282 -39
283 -34
284 -34
285 -38
286 -12
287 -12
288 -33
289 -33
290 -33
291 -12
292 -12
293 -34
294 -12
295 -38
296 -35
297 -38
298 -32
299 -12
300 -38
301 -12
302 -39
303 -34
304 -33
305 -12
306 -44
307 -38
308 -50
309 -34
310 -38
311 -38
312 -22
313 -12
314 -38
315 -38
316 -34
317 -12
318 -39
319 -39
320 -12
321 -34
322 -33
323 -33
324 -12
325 -38
326 -34
327 -33
328 -39
329 -39
330 -34
331 -38
332 -39
333 -33
334 -34
335 -33
336 -33
337 -34
338 -39
339 -38
340 -33
341 -34
342 -33
343 -12
344 -12
345 -39
346 -38
347 -12
348 -39
349 -39
350 -39
351 -33
352 -12
353 -34
354 -39
355 -38
356 -12
357 -38
358 -39
359 -39
360 -39
361 -39
362 -39
363 -34
364 -33
365 -39
366 -12
367 -33
368 -33
369 -39
370 -33
371 -33
372 -12
373 -12
374 -39
375 -39
376 -33
377 -39
378 -34
379 -38
380 -33
381 -33
382 -12
383 -38
384 -26
385 -1122
386 -12
387 -34
388 -38
389 -12
390 -38
391 -12
392 -39
393 -12
394 -12
395 -39
396 -33
397 -38
398 -38
399 -34
400 -38
401 -12
402 -33
403 -34
404 -12
405 -12
406 -38
407 -33
408 -34
409 -34
410 -38
411 -12
412 -38
413 -33
414 -12
415 -39
416 -24
417 -12
418 -33
419 -34
420 -12
421 -39
422 -39
423 -38
424 -39
425 -12
426 -33
427 -33
428 -34
429 -33
430 -52
431 -39
432 -38
433 -12
434 -38
435 -38
436 -39
437 -39
438 -33
439 -47
440 -33
441 -33
442 -33
443 -34
444 -34
445 -39
446 -12
447 -39
448 -39
449 -12
450 -39
451 -12
452 -34
453 -39
454 -34
455 -30
456 -38
457 -12
458 -34
459 -33
460 -38
461 -38
462 -12
463 -38
464 -12
465 -12
466 -34
467 -39
468 -34
469 -126
470 -39
471 -39
472 -39
473 -34
474 -34
475 -38
476 -39
477 -38
478 -34
479 -38
480 -39
481 -39
482 -39
483 -47
484 -39
485 -123
486 -33
487 -38
488 -39
489 -39
490 -34
491 -12
492 -12
493 -34
494 -38
495 -34
496 -34
497 -31
498 -38
499 -12
500 -38
501 -33
502 -34
503 -33
504 -38
505 -38
506 -12
507 -33
508 -34
509 -12
510 -45
511 -43
512 -12
513 -39
514 -12
515 -12
516 -34
517 -39
518 -39
519 -12
520 -33
521 -39
522 -38
523 -33
524 -34
525 -33
526 -12
527 -33
528 -34
529 -34
530 -34
531 -34
532 -34
533 -34
534 -34
535 -34
536 -12
537 -34
538 -12
539 -38
540 -33
541 -38
542 -34
543 -39
544 -33
545 -12
546 -38
547 -38
548 -34
549 -38
550 -34
551 -39
552 -39
553 -61
554 -33
555 -34
556 -39
557 -38
558 -12
559 -12
560 -48
561 -12
562 -39
563 -38
564 -38
565 -12
566 -38
567 -39
568 -33
569 -37
570 -33
571 -38
572 -34
573 -26
574 -34
575 -33
576 -12
577 -38
578 -38
579 -38
580 -12
581 -49
582 -38
583 -39
584 -33
585 -38
586 -38
587 -34
588 -39
589 -30
590 -12
591 -39
592 -12
593 -22
594 -33
595 -33
596 -12
597 -34
598 -38
599 -12
600 -39
601 -33
602 -34
603 -33
604 -33
605 -33
606 -34
607 -33
608 -38
609 -31
610 -39
611 -12
612 -33
613 -34
614 -12
615 -33
616 -39
617 -34
618 -12
619 -34
620 -34
621 -34
622 -39
623 -33
624 -33
625 -33
626 -44
627 -39
628 -34
629 -39
630 -12
631 -38
632 -38
633 -21
634 -34
635 -12
636 -33
637 -38
638 -46
639 -34
640 -38
641 -39
642 -12
643 -12
644 -33
645 -12
646 -38
647 -33
648 -12
649 -33
650 -39
651 -34
652 -33
653 -12
654 -34
655 -12
656 -12
657 -33
658 -38
659 -25
660 -34
661 -33
662 -12
663 -12
664 -38
665 -33
666 -34
667 -33
668 -12
669 -39
670 -50
671 -34
672 -34
673 -34
674 -33
675 -34
676 -12
677 -34
678 -38
679 -33
680 -33
681 -34
682 -38
683 -39
684 -50
685 -39
686 -33
687 -12
688 -38
689 -38
690 -12
691 -34
692 -33
693 -33
694 -39
695 -34
696 -39
697 -34
698 -34
699 -12
700 -34
701 -34
702 -39
703 -12
704 -12
705 -12
706 -33
707 -39
708 -38
709 -33
710 -33
711 -33
712 -38
713 -12
714 -34
715 -12
716 -33
717 -34
718 -12
719 -38
720 -34
721 -33
722 -39
723 -34
724 -12
725 -12
726 -12
727 -38
728 -33
729 -39
730 -12
731 -12
732 -33
733 -35
734 -38
735 -34
736 -12
737 -33
738 -38
739 -34
740 -34
741 -34
742 -38
743 -12
744 -33
745 -39
746 -39
747 -39
748 -34
749 -38
750 -34
751 -35
752 -38
753 -12
754 -45
755 -33
756 -39
757 -30
758 -38
759 -33
760 -34
761 -38
762 -38
763 -33
764 -12
765 -12
766 -38
767 -12
768 -39
769 -33
770 -34
771 -38
772 -12
773 -34
774 -12
775 -38
776 -34
777 -12
778 -34
779 -39
780 -39
781 -39
782 -34
783 -34
784 -12
785 -33
786 -34
787 -34
788 -34
789 -39
790 -12
791 -12
792 -33
793 -12
794 -34
795 -12
796 -33
797 -38
798 -33
799 -33
800 -26
801 -39
802 -33
803 -34
804 -12
805 -33
806 -34
807 -38
808 -34
809 -39
810 -12
811 -39
812 -39
813 -33
814 -34
815 -38
816 -12
817 -34
818 -27
819 -34
820 -33
821 -38
822 -12
823 -38
824 -34
825 -371
826 -12
827 -33
828 -39
829 -33
830 -33
831 -34
832 -38
833 -39
834 -12
835 -33
836 -39
837 -39
838 -39
839 -39
840 -39
841 -39
842 -33
843 -33
844 -12
845 -12
846 -12
847 -34
848 -39
849 -39
850 -38
851 -39
852 -34
853 -33
854 -34
855 -34
856 -38
857 -33
858 -34
859 -39
860 -38
861 -38
862 -39
863 -12
864 -12
865 -33
866 -39
867 -33
868 -12
869 -38
870 -12
871 -33
872 -34
873 -38
874 -38
875 -33
876 -33
877 -12
878 -12
879 -12
880 -12
881 -33
882 -38
883 -34
884 -12
885 -38
886 -34
887 -38
888 -38
889 -38
890 -34
891 -38
892 -33
893 -34
894 -34
895 -39
896 -38
897 -39
898 -38
899 -38
900 -33
901 -39
902 -39
903 -33
904 -39
905 -38
906 -39
907 -38
908 -38
909 -12
910 -12
911 -38
912 -33
913 -12
914 -38
915 -27
916 -33
917 -33
918 -38
919 -34
920 -33
921 -30
922 -12
923 -33
924 -33
925 -33
926 -12
927 -38
928 -33
929 -39
930 -34
931 -12
932 -34
933 -39
934 -39
935 -52
936 -12
937 -12
938 -12
939 -34
940 -38
941 -33
942 -12
943 -34
944 -33
945 -38
946 -38
947 -38
948 -33
949 -38
950 -12
951 -34
952 -33
953 -34
954 -52
955 -39
956 -38
957 -38
958 -39
959 -29
960 -33
961 -38
962 -34
963 -12
964 -37
965 -34
966 -38
967 -12
968 -12
969 -33
970 -34
971 -39
972 -38
973 -12
974 -39
975 -13
976 -34
977 -12
978 -12
979 -30
980 -38
981 -37
982 -12
983 -34
984 -38
985 -33
986 -12
987 -39
988 -39
989 -33
990 -49
991 -12
992 -32
993 -38
994 -12
995 -39
996 -12
997 -34
998 -38
999 -38
