0 -39
1 -39
2 -12
3 -12
4 -34
5 -39
6 -39
7 -39
8 -40
9 -39
10 -39
11 -38
12 -12
13 -34
14 -39
15 -33
16 -38
17 -12
18 -34
19 -34
20 -38
21 -12
22 -12
23 -22
24 -33
25 -12
26 -12
27 -12
28 -33
29 -38
30 -34
31 -34
32 -39
33 -38
34 -12
35 -12
36 -38
37 -39
38 -38
39 -34
40 -38
41 -39
42 -12
43 -34
44 -38
45 -33
46 -33
47 -27
48 -12
49 -38
50 -38
51 -38
52 -38
53 -39
54 -33
55 -35
56 -39
57 -12
58 -39
59 -34
60 -34
61 -39
62 -12
63 -12
64 -33
65 -33
66 -12
67 -34
68 -33
69 -34
70 -33
71 -12
72 -34
73 -34
74 -33
75 -33
76 -34
77 -12
78 -34
79 -38
80 -39
81 -12
82 -38
83 -39
84 -12
85 -34
86 -39
87 -12
88 -34
89 -34
90 -39
91 -33
92 -38
93 -33
94 -33
95 -33
96 -34
97 -39
98 -39
99 -223
100 -39
101 -33
102 -12
103 -39
104 -39
105 -12
106 -38
107 -39
108 -38
109 -33
110 -12
111 -33
112 -34
113 -12
114 -34
115 -12
116 -38
117 -33
118 -12
119 -33
120 -39
121 -38
122 -39
123 -12
124 -38
125 -34
126 -34
127 -34
128 -33
129 -12
130 -33
131 -12
132 -33
133 -34
134 -12
135 -33
136 -38
137 -12
138 -38
139 -36
140 -33
141 -39
142 -12
143 -33
144 -34
145 -38
146 -33
147 -42
148 -33
149 -38
150 -39
151 -33
152 -38
153 -34
154 -34
155 -37
156 -12
157 -12
158 -33
159 -39
160 -33
161 -40
162 -38
163 -33
164 -12
165 -12
166 -49
167 -33
168 -34
169 -39
170 -38
171 -38
172 -39
173 -39
174 -43
175 -39
176 -33
177 -33
178 -39
179 -33
180 -39
181 -34
182 -38
183 -39
184 -39
185 -33
186 -39
187 -34
188 -39
189 -39
190 -39
191 -33
192 -33
193 -12
194 -39
195 -39
196 -35
197 -39
198 -33
199 -34
200 -34
201 -34
202 -34
203 -39
204 -34
205 -12
206 -39
207 -33
208 -34
209 -12
210 -12
211 -34
212 -39
213 -12
214 -12
215 -33
216 -38
217 -38
218 -38
219 -34
220 -38
221 -38
222 -33
223 -34
224 -39
225 -38
226 -39
227 -33
228 -249
229 -34
230 -33
231 -40
232 -39
233 -38
234 -33
235 -34
236 -39
237 -39
238 -12
239 -38
240 -33
241 -39
242 -39
243 -38
244 -34
245 -34
246 -39
247 -33
248 -38
249 -38
250 -33
251 -12
252 -12
253 -33
254 -39
255 -12
256 -39
257 -38
258 -39
259 -39
260 -12
261 -33
262 -38
263 -34
264 -39
265 -39
266 -38
267 -39
268 -34
269 -33
270 -38
271 -34
272 -33
273 -33
274 -34
275 -39
276 -33
277 -38
278 -33
279 -33
280 -38
281 -33
282 -39
283 -38
284 -12
285 -38
286 -12
287 -39
288 -12
289 -34
290 -12
291 -34
292 -33
293 -38
294 -34
295 -12
296 -34
297 -38
298 -12
299 -12
300 -39
301 -38
302 -38
303 -33
304 -33
305 -39
306 -38
307 -34
308 -12
309 -38
310 -33
311 -38
312 -33
313 -34
314 -38
315 -34
316 -39
317 -39
318 -34
319 -12
320 -38
321 -34
322 -36
323 -33
324 -33
325 -34
326 -38
327 -12
328 -38
329 -337
330 -38
331 -34
332 -34
333 -33
334 -12
335 -38
336 -38
337 -38
338 -33
339 -33
340 -33
341 -39
342 -33
343 -12
344 -38
345 -34
346 -12
347 -33
348 -25
349 -34
350 -38
351 -38
352 -34
353 -34
354 -33
355 -12
356 -33
357 -39
358 -61
359 -34
360 -33
361 -39
362 -39
363 -39
364 -12
365 -12
366 -39
367 -12
368 -38
369 -38
370 -39
371 -39
372 -12
373 -39
374 -39
375 -34
376 -39
377 -12
378 -38
379 -38
380 -158
381 -38
382 -33
383 -43
384 -38
385 -34
386 -39
387 -12
388 -39
389 -34
390 -12
391 -34
392 -33
393 -39
394 -33
395 -38
396 -34
397 -39
398 -39
399 -33
400 -34
401 -34
402 -39
403 -34
404 -33
405 -38
406 -12
407 -33
408 -34
409 -38
410 -12
411 -44
412 -35
413 -39
414 -38
415 -34
416 -39
417 -29
418 -12
419 -12
420 -39
421 -34
422 -61
423 -34
424 -38
425 -12
426 -34
427 -39
428 -433
429 -39
430 -51
431 -34
432 -33
433 -33
434 -39
435 -33
436 -34
437 -39
438 -39
439 -12
440 -33
441 -12
442 -39
443 -38
444 -34
445 -34
446 -34
447 -38
448 -39
449 -34
450 -34
451 -38
452 -38
453 -33
454 -12
455 -12
456 -34
457 -33
458 -12
459 -34
460 -38
461 -33
462 -12
463 -34
464 -39
465 -12
466 -38
467 -33
468 -12
469 -39
470 -33
471 -38
472 -38
473 -34
474 -39
475 -34
476 -38
477 -34
478 -33
479 -38
480 -34
481 -36
482 -12
483 -33
484 -34
485 -38
486 -39
487 -38
488 -34
489 -39
490 -38
491 -38
492 -39
493 -34
494 -20
495 -30
496 -34
497 -12
498 -34
499 -34
500 -33
501 -12
502 -34
503 -12
504 -12
505 -39
506 -38
507 -39
508 -12
509 -38
510 -12
511 -12
512 -29
513 -39
514 -34
515 -38
516 -34
517 -38
518 -38
519 -38
520 -13
521 -39
522 -12
523 -39
524 -38
525 -39
526 -12
527 -39
528 -39
529 -12
530 -12
531 -38
532 -34
533 -33
534 -38
535 -12
536 -34
537 -34
538 -30
539 -34
540 -33
541 -34
542 -12
543 -34
544 -39
545 -33
546 -39
547 -38
548 -39
549 -39
550 -12
551 -12
552 -39
553 -12
554 -38
555 -39
556 -34
557 -39
558 -34
559 -22
560 -34
561 -38
562 -33
563 -12
564 -39
565 -33
566 -33
567 -33
568 -12
569 -12
570 -33
571 -38
572 -12
573 -12
574 -39
575 -33
576 -38
577 -38
578 -12
579 -33
580 -38
581 -39
582 -39
583 -12
584 -39
585 -33
586 -39
587 -12
588 -38
589 -39
590 -34
591 -38
592 -38
593 -12
594 -27
595 -38
596 -34
597 -38
598 -12
599 -44
600 -34
601 -12
602 -34
603 -38
604 -34
605 -12
606 -33
607 -12
608 -33
609 -33
610 -12
611 -39
612 -33
613 -38
614 -33
615 -38
616 -38
617 -12
618 -39
619 -39
620 -38
621 -38
622 -34
623 -34
624 -33
625 -33
626 -34
627 -38
628 -12
629 -34
630 -12
631 -12
632 -38
633 -12
634 -12
635 -33
636 -34
637 -34
638 -34
639 -12
640 -51
641 -38
642 -33
643 -38
644 -39
645 -34
646 -38
647 -33
648 -33
649 -38
650 -12
651 -38
652 -12
653 -441
654 -38
655 -39
656 -48
657 -38
658 -12
659 -33
660 -38
661 -34
662 -65
663 -33
664 -38
665 -34
666 -39
667 -38
668 -66
669 -34
670 -39
671 -33
672 -34
673 -33
674 -39
675 -36
676 -45
677 -12
678 -38
679 -34
680 -38
681 -38
682 -33
683 -34
684 -12
685 -33
686 -12
687 -12
688 -33
689 -39
690 -34
691 -38
692 -33
693 -38
694 -34
695 -12
696 -40
697 -34
698 -33
699 -39
700 -43
701 -38
702 -39
703 -34
704 -13
705 -38
706 -34
707 -33
708 -39
709 -12
710 -34
711 -34
712 -39
713 -39
714 -34
715 -34
716 -39
717 -38
718 -12
719 -12
720 -38
721 -38
722 -12
723 -33
724 -34
725 -39
726 -34
727 -34
728 -12
729 -39
730 -12
731 -38
732 -39
733 -38
734 -39
735 -12
736 -12
737 -33
738 -39
739 -34
740 -33
741 -12
742 -12
743 -34
744 -34
745 -33
746 -12
747 -12
748 -12
749 -33
750 -38
751 -34
752 -33
753 -38
754 -12
755 -33
756 -39
757 -38
758 -33
759 -39
760 -33
761 -33
762 -13
763 -12
764 -33
765 -39
766 -39
767 -39
768 -33
769 -38
770 -39
771 -12
772 -39
773 -41
774 -12
775 -33
776 -33
777 -39
778 -33
779 -39
780 -38
781 -39
782 -54
783 -61
784 -39
785 -12
786 -33
787 -33
788 -12
789 -38
790 -34
791 -38
792 -39
793 -12
794 -12
795 -34
796 -39
797 -38
798 -12
799 -34
800 -38
801 -39
802 -38
803 -38
804 -39
805 -39
806 -44
807 -12
808 -33
809 -38
810 -38
811 -38
812 -12
813 -34
814 -39
815 -34
816 -34
817 -34
818 -34
819 -38
820 -33
821 -14
822 -34
823 -38
824 -39
825 -34
826 -12
827 -12
828 -12
829 -33
830 -38
831 -39
832 -39
833 -12
834 -34
835 -39
836 -38
837 -33
838 -33
839 -33
840 -33
841 -39
842 -33
843 -33
844 -39
845 -12
846 -12
847 -34
848 -39
849 -12
850 -12
851 -33
852 -12
853 -38
854 -33
855 -34
856 -38
857 -33
858 -34
859 -39
860 -33
861 -38
862 -70
863 -38
864 -39
865 -39
866 -42
867 -39
868 -49
869 -34
870 -12
871 -33
872 -38
873 -33
874 -34
875 -38
876 -34
877 -12
878 -62
879 -12
880 -12
881 -39
882 -12
883 -12
884 -38
885 -39
886 -12
887 -33
888 -34
889 -34
890 -39
891 -39
892 -12
893 -39
894 -33
895 -39
896 -33
897 -34
898 -33
899 -45
900 -33
901 -34
902 -34
903 -58
904 -39
905 -35
906 -12
907 -34
908 -12
909 -33
910 -34
911 -34
912 -38
913 -34
914 -34
915 -39
916 -38
917 -12
918 -38
919 -33
920 -12
921 -38
922 -33
923 -39
924 -38
925 -34
926 -12
927 -33
928 -33
929 -34
930 -33
931 -43
932 -39
933 -38
934 -34
935 -38
936 -12
937 -38
938 -12
939 -34
940 -33
941 -33
942 -34
943 -34
944 -38
945 -39
946 -12
947 -33
948 -38
949 -34
950 -21
951 -33
952 -12
953 -39
954 -12
955 -39
956 -33
957 -43
958 -38
959 -38
960 -38
961 -33
962 -12
963 -38
964 -12
965 -12
966 -34
967 -38
968 -33
969 -38
970 -39
971 -38
972 -38
973 -38
974 -33
975 -33
976 -39
977 -12
978 -34
979 -33
980 -39
981 -39
982 -39
983 -12
984 -38
985 -33
986 -38
987 -38
988 -34
989 -33
990 -33
991 -38
992 -38
993 -12
994 -44
995 -38
996 -38
997 -38
998 -12
999 -33
