0 -268
1 -384
2 -31
3 -246
4 -134
5 -31
6 -25
7 -26
8 -31
9 -669
10 -31
11 -721
12 -428
13 -331
14 -31
15 -521
16 -31
17 -66
18 -115
19 -268
20 -81
21 -25
22 -25
23 -396
24 -30
25 -31
26 -31
27 -25
28 -25
29 -246
30 -30
31 -177
32 -359
33 -102
34 -265
35 -187
36 -284
37 -725
38 -333
39 -1113
40 -100
41 -146
42 -488
43 -31
44 -31
45 -718
46 -31
47 -25
48 -30
49 -144
50 -220
51 -31
52 -200
53 -115
54 -25
55 -960
56 -31
57 -98
58 -534
59 -220
60 -31
61 -30
62 -30
63 -1277
64 -609
65 -700
66 -165
67 -25
68 -1329
69 -25
70 -25
71 -25
72 -597
73 -26
74 -2202
75 -630
76 -202
77 -25
78 -59
79 -25
80 -283
81 -708
82 -25
83 -159
84 -82
85 -31
86 -801
87 -31
88 -52
89 -142
90 -1034
91 -345
92 -30
93 -25
94 -252
95 -194
96 -31
97 -30
98 -482
99 -30
100 -79
101 -272
102 -455
103 -343
104 -48
105 -764
106 -25
107 -195
108 -20
109 -794
110 -271
111 -30
112 -127
113 -179
114 -30
115 -123
116 -31
117 -31
118 -30
119 -25
120 -31
121 -31
122 -57
123 -811
124 -31
125 -25
126 -30
127 -41
128 -25
129 -171
130 -31
131 -31
132 -30
133 -30
134 -31
135 -30
136 -402
137 -81
138 -25
139 -36
140 -30
141 -58
142 -30
143 -66
144 -25
145 -31
146 -31
147 -31
148 -30
149 -451
150 -30
151 -25
152 -64
153 -30
154 -588
155 -31
156 -25
157 -30
158 -388
159 -31
160 -31
161 -174
162 -852
163 -339
164 -31
165 -31
166 -119
167 -516
168 -25
169 -31
170 -30
171 -303
172 -822
173 -31
174 -31
175 -68
176 -158
177 -25
178 -329
179 -31
180 -25
181 -25
182 -31
183 -25
184 -30
185 -25
186 -31
187 -30
188 -25
189 -80
190 -25
191 -25
192 -120
193 -31
194 -30
195 -30
196 -477
197 -31
198 -30
199 -325
200 -31
201 -25
202 -25
203 -30
204 -31
205 -34
206 -30
207 -850
208 -25
209 -217
210 -30
211 -186
212 -244
213 -131
214 -25
215 -793
216 -31
217 -30
218 -31
219 -403
220 -95
221 -30
222 -30
223 -25
224 -227
225 -31
226 -25
227 -85
228 -30
229 -393
230 -137
231 -31
232 -31
233 -212
234 -64
235 -56
236 -31
237 -18
238 -30
239 -31
240 -369
241 -465
242 -287
243 -31
244 -25
245 -25
246 -25
247 -30
248 -31
249 -46
250 -30
251 -30
252 -384
253 -848
254 -31
255 -31
256 -44
257 -31
258 -30
259 -30
260 -31
261 -30
262 -31
263 -31
264 -31
265 -279
266 -31
267 -31
268 -3564
269 -112
270 -841
271 -31
272 -25
273 -186
274 -25
275 -329
276 -30
277 -24
278 -60
279 -25
280 -320
281 -30
282 -423
283 -413
284 -343
285 -31
286 -664
287 -738
288 -30
289 -423
290 -25
291 -25
292 -157
293 -79
294 -87
295 -30
296 -255
297 -25
298 -556
299 -25
300 -25
301 -274
302 -31
303 -570
304 -260
305 -611
306 -345
307 -30
308 -25
309 -30
310 -25
311 -96
312 -25
313 -31
314 -231
315 -619
316 -31
317 -30
318 -31
319 -31
320 -820
321 -25
322 -192
323 -25
324 -30
325 -31
326 -25
327 -31
328 -30
329 -60
330 -38
331 -30
332 -31
333 -223
334 -31
335 -31
336 -47
337 -467
338 -483
339 -25
340 -30
341 -347
342 -131
343 -225
344 -25
345 -268
346 -30
347 -31
348 -31
349 -1145
350 -651
351 -31
352 -255
353 -328
354 -374
355 -31
356 -31
357 -25
358 -27
359 -314
360 -30
361 -193
362 -86
363 -30
364 -123
365 -593
366 -25
367 -131
368 -30
369 -317
370 -161
371 -31
372 -30
373 -2270
374 -25
375 -25
376 -31
377 -275
378 -38
379 -125
380 -1021
381 -703
382 -25
383 -138
384 -70
385 -58
386 -25
387 -30
388 -25
389 -26
390 -30
391 -159
392 -25
393 -160
394 -628
395 -25
396 -25
397 -446
398 -25
399 -2572
400 -1266
401 -198
402 -31
403 -88
404 -105
405 -31
406 -99
407 -25
408 -1640
409 -30
410 -28
411 -25
412 -136
413 -31
414 -30
415 -31
416 -1271
417 -397
418 -202
419 -154
420 -25
421 -25
422 -25
423 -19
424 -1376
425 -638
426 -30
427 -313
428 -31
429 -44
430 -31
431 -64
432 -36
433 -25
434 -25
435 -25
436 -31
437 -534
438 -30
439 -295
440 -147
441 -25
442 -31
443 -31
444 -25
445 -31
446 -339
447 -25
448 -139
449 -30
450 -193
451 -30
452 -25
453 -158
454 -30
455 -371
456 -31
457 -30
458 -30
459 -25
460 -41
461 -31
462 -25
463 -31
464 -145
465 -31
466 -25
467 -31
468 -25
469 -31
470 -31
471 -44
472 -592
473 -31
474 -362
475 -491
476 -30
477 -636
478 -30
479 -62
480 -30
481 -60
482 -1277
483 -31
484 -30
485 -41
486 -70
487 -289
488 -25
489 -173
490 -32
491 -143
492 -30
493 -40
494 -31
495 -30
496 -197
497 -25
498 -489
499 -223
500 -155
501 -31
502 -360
503 -31
504 -31
505 -56
506 -31
507 -1082
508 -995
509 -31
510 -25
511 -25
512 -80
513 -25
514 -37
515 -199
516 -35
517 -234
518 -31
519 -916
520 -25
521 -25
522 -482
523 -91
524 -63
525 -31
526 -965
527 -31
528 -96
529 -30
530 -31
531 -42
532 -29
533 -154
534 -30
535 -631
536 -86
537 -30
538 -25
539 -1194
540 -30
541 -740
542 -687
543 -30
544 -150
545 -581
546 -542
547 -183
548 -30
549 -30
550 -30
551 -36
552 -31
553 -30
554 -390
555 -344
556 -30
557 -25
558 -574
559 -26
560 -186
561 -30
562 -158
563 -45
564 -376
565 -30
566 -25
567 -103
568 -25
569 -71
570 -31
571 -90
572 -394
573 -31
574 -2757
575 -129
576 -790
577 -30
578 -25
579 -34
580 -25
581 -1113
582 -25
583 -135
584 -25
585 -87
586 -284
587 -31
588 -30
589 -551
590 -110
591 -25
592 -420
593 -107
594 -756
595 -67
596 -352
597 -34
598 -463
599 -25
600 -128
601 -130
602 -30
603 -25
604 -165
605 -716
606 -25
607 -25
608 -30
609 -30
610 -84
611 -25
612 -31
613 -31
614 -298
615 -81
616 -30
617 -104
618 -30
619 -31
620 -30
621 -25
622 -60
623 -46
624 -30
625 -333
626 -25
627 -49
628 -25
629 -462
630 -241
631 -559
632 -30
633 -25
634 -31
635 -25
636 -712
637 -25
638 -388
639 -25
640 -741
641 -31
642 -30
643 -250
644 -31
645 -30
646 -37
647 -30
648 -124
649 -531
650 -35
651 -30
652 -30
653 -30
654 -25
655 -31
656 -61
657 -25
658 -31
659 -120
660 -781
661 -31
662 -25
663 -333
664 -597
665 -706
666 -31
667 -30
668 -282
669 -31
670 -30
671 -25
672 -31
673 -33
674 -25
675 -32
676 -31
677 -322
678 -336
679 -690
680 -25
681 -198
682 -25
683 -30
684 -60
685 -30
686 -427
687 -30
688 -34
689 -30
690 -25
691 -306
692 -30
693 -31
694 -917
695 -208
696 -30
697 -25
698 -30
699 -25
700 -423
701 -30
702 -25
703 -46
704 -683
705 -701
706 -25
707 -214
708 -31
709 -43
710 -108
711 -31
712 -31
713 -31
714 -2227
715 -30
716 -31
717 -135
718 -51
719 -65
720 -363
721 -78
722 -31
723 -25
724 -575
725 -223
726 -31
727 -264
728 -112
729 -138
730 -160
731 -25
732 -35
733 -31
734 -30
735 -25
736 -30
737 -30
738 -564
739 -31
740 -31
741 -218
742 -82
743 -25
744 -60
745 -30
746 -30
747 -31
748 -31
749 -25
750 -31
751 -152
752 -31
753 -25
754 -934
755 -982
756 -820
757 -286
758 -31
759 -30
760 -31
761 -25
762 -354
763 -334
764 -30
765 -30
766 -31
767 -461
768 -31
769 -103
770 -25
771 -54
772 -211
773 -111
774 -173
775 -205
776 -31
777 -25
778 -507
779 -473
780 -273
781 -98
782 -31
783 -32
784 -824
785 -253
786 -323
787 -25
788 -100
789 -62
790 -347
791 -276
792 -24
793 -25
794 -127
795 -38
796 -30
797 -1018
798 -30
799 -25
800 -438
801 -41
802 -30
803 -140
804 -30
805 -64
806 -501
807 -30
808 -30
809 -348
810 -189
811 -25
812 -25
813 -135
814 -25
815 -179
816 -48
817 -30
818 -878
819 -31
820 -225
821 -25
822 -25
823 -1115
824 -31
825 -634
826 -25
827 -30
828 -30
829 -25
830 -103
831 -69
832 -71
833 -166
834 -376
835 -31
836 -465
837 -25
838 -31
839 -31
840 -25
841 -624
842 -31
843 -120
844 -30
845 -671
846 -25
847 -31
848 -30
849 -25
850 -25
851 -31
852 -31
853 -25
854 -25
855 -25
856 -31
857 -30
858 -414
859 -68
860 -30
861 -30
862 -31
863 -31
864 -25
865 -30
866 -30
867 -30
868 -414
869 -30
870 -25
871 -31
872 -36
873 -60
874 -114
875 -30
876 -201
877 -31
878 -73
879 -30
880 -174
881 -25
882 -25
883 -31
884 -31
885 -371
886 -31
887 -213
888 -664
889 -141
890 -30
891 -31
892 -25
893 -31
894 -31
895 -621
896 -31
897 -243
898 -30
899 -143
900 -241
901 -30
902 -218
903 -31
904 -338
905 -7942
906 -31
907 -766
908 -31
909 -88
910 -61
911 -792
912 -31
913 -30
914 -31
915 -31
916 -606
917 -97
918 -31
919 -458
920 -25
921 -31
922 -31
923 -138
924 -167
925 -440
926 -30
927 -25
928 -430
929 -31
930 -31
931 -31
932 -259
933 -25
934 -25
935 -25
936 -30
937 -31
938 -275
939 -77
940 -31
941 -31
942 -31
943 -363
944 -241
945 -25
946 -65
947 -144
948 -127
949 -128
950 -30
951 -25
952 -403
953 -30
954 -302
955 -13
956 -30
957 -25
958 -30
959 -35
960 -30
961 -31
962 -25
963 -335
964 -25
965 -31
966 -41
967 -30
968 -30
969 -25
970 -38
971 -373
972 -107
973 -82
974 -37
975 -660
976 -31
977 -378
978 -31
979 -31
980 -18
981 -134
982 -35
983 -30
984 -25
985 -693
986 -31
987 -25
988 -25
989 -30
990 -31
991 -145
992 -30
993 -31
994 -31
995 -595
996 -58
997 -30
998 -32
999 -31
