0 -33
1 -33
2 -39
3 -33
4 -34
5 -65
6 -38
7 -33
8 -34
9 -39
10 -34
11 -38
12 -38
13 -39
14 -39
15 -34
16 -33
17 -38
18 -38
19 -33
20 -12
21 -33
22 -33
23 -12
24 -38
25 -34
26 -12
27 -39
28 -34
29 -39
30 -39
31 -38
32 -34
33 -33
34 -38
35 -12
36 -34
37 -12
38 -38
39 -39
40 -39
41 -33
42 -39
43 -34
44 -33
45 -39
46 -36
47 -39
48 -33
49 -39
50 -12
51 -33
52 -31
53 -39
54 -13
55 -33
56 -38
57 -34
58 -39
59 -12
60 -33
61 -38
62 -34
63 -38
64 -33
65 -39
66 -33
67 -33
68 -33
69 -39
70 -38
71 -39
72 -33
73 -33
74 -39
75 -38
76 -39
77 -21
78 -39
79 -39
80 -38
81 -34
82 -39
83 -38
84 -34
85 -12
86 -38
87 -33
88 -39
89 -12
90 -12
91 -12
92 -33
93 -34
94 -12
95 -33
96 -38
97 -12
98 -39
99 -38
100 -33
101 -54
102 -33
103 -34
104 -12
105 -39
106 -38
107 -39
108 -39
109 -34
110 -12
111 -34
112 -38
113 -34
114 -33
115 -33
116 -34
117 -38
118 -50
119 -34
120 -33
121 -12
122 -33
123 -33
124 -38
125 -33
126 -34
127 -12
128 -34
129 -33
130 -33
131 -34
132 -39
133 -34
134 -34
135 -33
136 -41
137 -39
138 -38
139 -33
140 -34
141 -12
142 -12
143 -38
144 -39
145 -38
146 -38
147 -38
148 -44
149 -33
150 -33
151 -38
152 -12
153 -33
154 -33
155 -33
156 -12
157 -34
158 -12
159 -28
160 -39
161 -34
162 -33
163 -38
164 -33
165 -39
166 -38
167 -39
168 -33
169 -38
170 -34
171 -34
172 -39
173 -34
174 -34
175 -38
176 -33
177 -39
178 -34
179 -12
180 -34
181 -39
182 -39
183 -39
184 -42
185 -39
186 -38
187 -38
188 -33
189 -12
190 -39
191 -34
192 -34
193 -39
194 -38
195 -34
196 -39
197 -33
198 -12
199 -39
200 -37
201 -38
202 -12
203 -38
204 -38
205 -39
206 -33
207 -33
208 -38
209 -39
210 -34
211 -39
212 -39
213 -34
214 -38
215 -38
216 -34
217 -34
218 -39
219 -12
220 -39
221 -34
222 -12
223 -38
224 -13
225 -38
226 -34
227 -39
228 -38
229 -43
230 -38
231 -39
232 -34
233 -12
234 -39
235 -34
236 -39
237 -34
238 -29
239 -33
240 -12
241 -33
242 -39
243 -39
244 -13
245 -34
246 -12
247 -33
248 -38
249 -38
250 -34
251 -38
252 -12
253 -39
254 -34
255 -34
256 -12
257 -12
258 -34
259 -39
260 -49
261 -33
262 -38
263 -38
264 -38
265 -12
266 -43
267 -38
268 -39
269 -12
270 -38
271 -33
272 -12
273 -34
274 -38
275 -12
276 -34
277 -33
278 -12
279 -39
280 -24
281 -34
282 -33
283 -38
284 -34
285 -39
286 -38
287 -33
288 -12
289 -39
290 -38
291 -34
292 -38
293 -33
294 -34
295 -39
296 -38
297 -37
298 -38
299 -33
300 -38
301 -39
302 -34
303 -34
304 -33
305 -34
306 -34
307 -38
308 -38
309 -39
310 -33
311 -39
312 -38
313 -12
314 -39
315 -36
316 -34
317 -1884
318 -38
319 -41
320 -33
321 -38
322 -34
323 -33
324 -12
325 -12
326 -39
327 -22
328 -33
329 -34
330 -38
331 -42
332 -12
333 -33
334 -38
335 -49
336 -38
337 -34
338 -38
339 -38
340 -33
341 -38
342 -12
343 -39
344 -39
345 -39
346 -39
347 -12
348 -39
349 -38
350 -33
351 -39
352 -168
353 -38
354 -39
355 -39
356 -34
357 -38
358 -38
359 -34
360 -39
361 -30
362 -33
363 -38
364 -33
365 -38
366 -33
367 -33
368 -33
369 -12
370 -33
371 -34
372 -34
373 -34
374 -33
375 -34
376 -34
377 -34
378 -33
379 -34
380 -12
381 -43
382 -34
383 -38
384 -34
385 -39
386 -38
387 -12
388 -39
389 -39
390 -33
391 -33
392 -48
393 -12
394 -47
395 -34
396 -12
397 -39
398 -34
399 -42
400 -38
401 -34
402 -33
403 -34
404 -39
405 -33
406 -33
407 -43
408 -33
409 -12
410 -12
411 -12
412 -34
413 -12
414 -38
415 -38
416 -39
417 -12
418 -39
419 -33
420 -33
421 -34
422 -39
423 -33
424 -34
425 -39
426 -34
427 -34
428 -39
429 -39
430 -39
431 -39
432 -12
433 -33
434 -38
435 -48
436 -12
437 -38
438 -38
439 -34
440 -34
441 -38
442 -34
443 -39
444 -33
445 -38
446 -33
447 -33
448 -12
449 -38
450 -33
451 -34
452 -38
453 -12
454 -38
455 -38
456 -33
457 -40
458 -38
459 -54
460 -39
461 -39
462 -33
463 -12
464 -34
465 -39
466 -39
467 -33
468 -39
469 -39
470 -12
471 -34
472 -12
473 -34
474 -38
475 -12
476 -977
477 -38
478 -12
479 -12
480 -38
481 -34
482 -12
483 -34
484 -34
485 -34
486 -39
487 -33
488 -34
489 -12
490 -38
491 -39
492 -40
493 -12
494 -33
495 -38
496 -33
497 -34
498 -38
499 -39
500 -12
501 -34
502 -43
503 -60
504 -33
505 -38
506 -38
507 -12
508 -34
509 -38
510 -38
511 -33
512 -38
513 -33
514 -38
515 -38
516 -12
517 -12
518 -33
519 -12
520 -33
521 -39
522 -12
523 -39
524 -39
525 -12
526 -39
527 -12
528 -39
529 -12
530 -38
531 -12
532 -34
533 -33
534 -33
535 -38
536 -38
537 -39
538 -39
539 -33
540 -39
541 -838
542 -38
543 -38
544 -38
545 -38
546 -12
547 -34
548 -33
549 -12
550 -12
551 -38
552 -34
553 -39
554 -12
555 -33
556 -39
557 -38
558 -33
559 -38
560 -38
561 -38
562 -42
563 -34
564 -39
565 -39
566 -34
567 -33
568 -38
569 -38
570 -33
571 -12
572 -33
573 -33
574 -65
575 -33
576 -34
577 -39
578 -34
579 -25
580 -38
581 -12
582 -12
583 -12
584 -43
585 -39
586 -12
587 -50
588 -12
589 -316
590 -35
591 -38
592 -39
593 -30
594 -12
595 -33
596 -33
597 -34
598 -33
599 -34
600 -38
601 -39
602 -38
603 -40
604 -33
605 -38
606 -38
607 -38
608 -12
609 -33
610 -38
611 -30
612 -33
613 -38
614 -33
615 -12
616 -39
617 -38
618 -38
619 -33
620 -43
621 -39
622 -39
623 -33
624 -39
625 -12
626 -38
627 -38
628 -33
629 -34
630 -34
631 -38
632 -33
633 -38
634 -39
635 -34
636 -34
637 -39
638 -12
639 -38
640 -30
641 -34
642 -33
643 -38
644 -33
645 -38
646 -34
647 -33
648 -12
649 -39
650 -39
651 -39
652 -12
653 -39
654 -34
655 -33
656 -12
657 -12
658 -12
659 -39
660 -34
661 -12
662 -43
663 -33
664 -39
665 -12
666 -38
667 -38
668 -34
669 -34
670 -12
671 -34
672 -12
673 -34
674 -12
675 -33
676 -33
677 -39
678 -33
679 -12
680 -34
681 -12
682 -34
683 -12
684 -44
685 -39
686 -39
687 -33
688 -34
689 -34
690 -38
691 -34
692 -33
693 -38
694 -12
695 -12
696 -34
697 -39
698 -38
699 -33
700 -12
701 -12
702 -34
703 -12
704 -12
705 -34
706 -12
707 -12
708 -12
709 -34
710 -34
711 -12
712 -39
713 -12
714 -12
715 -39
716 -33
717 -34
718 -34
719 -69
720 -34
721 -39
722 -34
723 -39
724 -33
725 -12
726 -12
727 -38
728 -33
729 -39
730 -39
731 -38
732 -12
733 -38
734 -12
735 -33
736 -34
737 -38
738 -34
739 -34
740 -34
741 -12
742 -34
743 -12
744 -33
745 -34
746 -39
747 -33
748 -38
749 -34
750 -38
751 -34
752 -39
753 -34
754 -49
755 -33
756 -33
757 -38
758 -33
759 -39
760 -12
761 -38
762 -12
763 -34
764 -70
765 -39
766 -34
767 -34
768 -33
769 -39
770 -12
771 -33
772 -33
773 -38
774 -38
775 -34
776 -48
777 -39
778 -33
779 -39
780 -34
781 -38
782 -34
783 -12
784 -38
785 -38
786 -34
787 -12
788 -12
789 -34
790 -12
791 -39
792 -33
793 -34
794 -12
795 -12
796 -43
797 -12
798 -34
799 -38
800 -38
801 -34
802 -34
803 -12
804 -34
805 -34
806 -33
807 -39
808 -39
809 -33
810 -38
811 -12
812 -38
813 -33
814 -12
815 -34
816 -38
817 -39
818 -39
819 -33
820 -38
821 -39
822 -39
823 -34
824 -33
825 -34
826 -34
827 -33
828 -12
829 -39
830 -33
831 -39
832 -26
833 -38
834 -34
835 -39
836 -34
837 -12
838 -38
839 -39
840 -34
841 -34
842 -39
843 -33
844 -39
845 -34
846 -12
847 -39
848 -12
849 -39
850 -34
851 -39
852 -33
853 -12
854 -33
855 -39
856 -39
857 -33
858 -12
859 -33
860 -12
861 -39
862 -12
863 -34
864 -34
865 -12
866 -39
867 -39
868 -38
869 -12
870 -38
871 -38
872 -12
873 -34
874 -34
875 -43
876 -38
877 -38
878 -34
879 -34
880 -38
881 -12
882 -33
883 -33
884 -33
885 -38
886 -34
887 -39
888 -34
889 -38
890 -38
891 -33
892 -34
893 -12
894 -34
895 -39
896 -12
897 -33
898 -12
899 -16
900 -34
901 -33
902 -12
903 -12
904 -38
905 -33
906 -34
907 -33
908 -39
909 -34
910 -39
911 -39
912 -39
913 -38
914 -38
915 -33
916 -39
917 -39
918 -39
919 -38
920 -39
921 -12
922 -44
923 -33
924 -34
925 -34
926 -34
927 -12
928 -38
929 -34
930 -34
931 -12
932 -34
933 -34
934 -33
935 -34
936 -33
937 -12
938 -34
939 -33
940 -38
941 -39
942 -34
943 -12
944 -33
945 -38
946 -34
947 -4297
948 -45
949 -33
950 -12
951 -38
952 -39
953 -26
954 -38
955 -12
956 -34
957 -39
958 -12
959 -39
960 -39
961 -39
962 -38
963 -12
964 -33
965 -34
966 -33
967 -33
968 -33
969 -33
970 -12
971 -39
972 -33
973 -38
974 -39
975 -33
976 -33
977 -12
978 -40
979 -33
980 -33
981 -12
982 -34
983 -38
984 -33
985 -39
986 -12
987 -38
988 -38
989 -39
990 -34
991 -34
992 -12
993 -38
994 -38
995 -33
996 -34
997 -12
998 -33
999 -34
