0 -13
1 -143
2 -170
3 -13
4 -31
5 -18
6 -267
7 -102
8 -31
9 -227
10 -35
11 -31
12 -97
13 -18
14 -12
15 -117
16 -53
17 -31
18 -68
19 -16
20 -31
21 -31
22 -418
23 -30
24 -16
25 -82
26 -31
27 -110
28 -48
29 -626
30 -19
31 -13
32 -68
33 -762
34 -12
35 -30
36 -354
37 -325
38 -100
39 -107
40 -784
41 -30
42 -30
43 -415
44 -161
45 -31
46 -31
47 -12
48 -356
49 -30
50 -21
51 -30
52 -31
53 -31
54 -138
55 -410
56 -63
57 -31
58 -31
59 -115
60 -61
61 -55
62 -31
63 -31
64 -31
65 -20
66 -43
67 -105
68 -12
69 -12
70 -30
71 -161
72 -189
73 -13
74 -263
75 -30
76 -30
77 -31
78 -480
79 -139
80 -31
81 -20
82 -166
83 -114
84 -30
85 -84
86 -599
87 -31
88 -170
89 -13
90 -12
91 -13
92 -17
93 -46
94 -521
95 -31
96 -12
97 -30
98 -612
99 -31
100 -213
101 -66
102 -30
103 -365
104 -18
105 -27
106 -30
107 -30
108 -35
109 -30
110 -198
111 -31
112 -113
113 -69
114 -30
115 -13
116 -16
117 -22
118 -16
119 -397
120 -356
121 -55
122 -123
123 -12
124 -715
125 -31
126 -31
127 -30
128 -31
129 -13
130 -31
131 -25
132 -675
133 -30
134 -12
135 -415
136 -89
137 -31
138 -95
139 -30
140 -30
141 -31
142 -31
143 -97
144 -336
145 -12
146 -190
147 -12
148 -513
149 -12
150 -319
151 -31
152 -31
153 -31
154 -30
155 -31
156 -30
157 -31
158 -31
159 -12
160 -31
161 -31
162 -30
163 -31
164 -57
165 -421
166 -30
167 -30
168 -728
169 -30
170 -21
171 -217
172 -432
173 -16
174 -16
175 -30
176 -13
177 -31
178 -13
179 -14
180 -31
181 -12
182 -12
183 -30
184 -30
185 -257
186 -30
187 -30
188 -147
189 -795
190 -237
191 -31
192 -12
193 -762
194 -334
195 -259
196 -213
197 -23
198 -12
199 -185
200 -75
201 -335
202 -920
203 -217
204 -95
205 -17
206 -30
207 -12
208 -30
209 -31
210 -31
211 -30
212 -520
213 -201
214 -373
215 -30
216 -30
217 -26
218 -97
219 -16
220 -30
221 -31
222 -274
223 -206
224 -30
225 -31
226 -302
227 -30
228 -1374
229 -30
230 -30
231 -31
232 -61
233 -31
234 -31
235 -181
236 -30
237 -12
238 -62
239 -27
240 -30
241 -30
242 -30
243 -279
244 -30
245 -115
246 -2522
247 -220
248 -16
249 -30
250 -159
251 -767
252 -30
253 -644
254 -545
255 -91
256 -1017
257 -156
258 -30
259 -130
260 -30
261 -315
262 -379
263 -14
264 -30
265 -30
266 -239
267 -435
268 -30
269 -16
270 -1803
271 -25
272 -110
273 -12
274 -30
275 -12
276 -31
277 -388
278 -31
279 -30
280 -346
281 -16
282 -13
283 -30
284 -370
285 -30
286 -637
287 -887
288 -30
289 -317
290 -30
291 -890
292 -30
293 -12
294 -31
295 -109
296 -30
297 -214
298 -1037
299 -248
300 -31
301 -55
302 -89
303 -31
304 -30
305 -30
306 -62
307 -13
308 -31
309 -271
310 -31
311 -168
312 -30
313 -31
314 -31
315 -112
316 -16
317 -408
318 -765
319 -88
320 -82
321 -30
322 -696
323 -14
324 -30
325 -368
326 -44
327 -12
328 -30
329 -369
330 -30
331 -30
332 -34
333 -341
334 -533
335 -16
336 -30
337 -12
338 -12
339 -30
340 -30
341 -12
342 -12
343 -260
344 -31
345 -20
346 -13
347 -431
348 -824
349 -20
350 -407
351 -12
352 -30
353 -97
354 -30
355 -35
356 -12
357 -51
358 -449
359 -30
360 -53
361 -317
362 -679
363 -1106
364 -30
365 -557
366 -393
367 -13
368 -283
369 -179
370 -31
371 -484
372 -30
373 -95
374 -1265
375 -20
376 -353
377 -56
378 -433
379 -740
380 -669
381 -12
382 -31
383 -632
384 -5736
385 -839
386 -31
387 -30
388 -31
389 -30
390 -30
391 -12
392 -20
393 -1184
394 -317
395 -31
396 -16
397 -858
398 -31
399 -565
400 -31
401 -508
402 -30
403 -31
404 -366
405 -189
406 -273
407 -31
408 -30
409 -13
410 -12
411 -20
412 -12
413 -31
414 -167
415 -266
416 -30
417 -12
418 -12
419 -31
420 -67
421 -30
422 -31
423 -31
424 -31
425 -32
426 -31
427 -31
428 -31
429 -108
430 -4428
431 -30
432 -606
433 -44
434 -145
435 -31
436 -12
437 -54
438 -119
439 -31
440 -20
441 -31
442 -1129
443 -178
444 -31
445 -12
446 -16
447 -31
448 -1258
449 -372
450 -597
451 -475
452 -30
453 -30
454 -31
455 -20
456 -31
457 -97
458 -31
459 -706
460 -69
461 -30
462 -12
463 -220
464 -30
465 -31
466 -97
467 -216
468 -30
469 -31
470 -30
471 -304
472 -53
473 -31
474 -12
475 -12
476 -67
477 -129
478 -941
479 -18
480 -31
481 -12
482 -236
483 -31
484 -73
485 -712
486 -210
487 -12
488 -12
489 -31
490 -189
491 -30
492 -13
493 -31
494 -203
495 -12
496 -12
497 -12
498 -31
499 -31
500 -396
501 -125
502 -255
503 -31
504 -30
505 -97
506 -304
507 -30
508 -31
509 -383
510 -15
511 -30
512 -20
513 -414
514 -30
515 -12
516 -30
517 -31
518 -376
519 -231
520 -31
521 -63
522 -173
523 -31
524 -30
525 -30
526 -31
527 -31
528 -297
529 -14
530 -23
531 -30
532 -30
533 -31
534 -30
535 -50
536 -43
537 -30
538 -20
539 -31
540 -12
541 -30
542 -31
543 -26
544 -30
545 -12
546 -16
547 -432
548 -31
549 -237
550 -30
551 -41
552 -155
553 -31
554 -2623
555 -135
556 -157
557 -417
558 -30
559 -13
560 -242
561 -372
562 -31
563 -81
564 -157
565 -31
566 -24
567 -12
568 -615
569 -176
570 -70
571 -31
572 -14
573 -592
574 -215
575 -30
576 -31
577 -12
578 -346
579 -118
580 -20
581 -473
582 -320
583 -31
584 -13
585 -31
586 -31
587 -16
588 -287
589 -31
590 -112
591 -12
592 -30
593 -30
594 -295
595 -30
596 -31
597 -31
598 -31
599 -13
600 -30
601 -36
602 -30
603 -31
604 -12
605 -283
606 -83
607 -360
608 -31
609 -266
610 -561
611 -252
612 -31
613 -30
614 -31
615 -20
616 -644
617 -146
618 -84
619 -12
620 -504
621 -20
622 -184
623 -150
624 -31
625 -16
626 -30
627 -31
628 -30
629 -380
630 -31
631 -20
632 -31
633 -85
634 -27
635 -31
636 -31
637 -16
638 -31
639 -20
640 -31
641 -31
642 -357
643 -30
644 -31
645 -30
646 -190
647 -31
648 -330
649 -1170
650 -30
651 -31
652 -112
653 -12
654 -402
655 -31
656 -16
657 -18
658 -12
659 -25
660 -30
661 -31
662 -30
663 -12
664 -31
665 -12
666 -31
667 -31
668 -57
669 -91
670 -30
671 -275
672 -31
673 -12
674 -31
675 -402
676 -31
677 -30
678 -373
679 -162
680 -13
681 -120
682 -31
683 -182
684 -30
685 -16
686 -14
687 -38
688 -146
689 -30
690 -122
691 -31
692 -59
693 -513
694 -68
695 -30
696 -691
697 -30
698 -152
699 -261
700 -20
701 -91
702 -30
703 -31
704 -12
705 -227
706 -1590
707 -208
708 -30
709 -973
710 -170
711 -63
712 -12
713 -20
714 -77
715 -702
716 -12
717 -70
718 -30
719 -12
720 -12
721 -863
722 -12
723 -37
724 -31
725 -31
726 -31
727 -35
728 -31
729 -333
730 -20
731 -320
732 -104
733 -12
734 -30
735 -12
736 -54
737 -36
738 -112
739 -13
740 -64
741 -30
742 -13
743 -251
744 -30
745 -69
746 -12
747 -455
748 -13
749 -545
750 -558
751 -12
752 -31
753 -31
754 -611
755 -18
756 -30
757 -451
758 -12
759 -31
760 -224
761 -20
762 -318
763 -31
764 -1220
765 -58
766 -12
767 -13
768 -33
769 -401
770 -31
771 -26
772 -31
773 -16
774 -832
775 -210
776 -31
777 -342
778 -134
779 -30
780 -243
781 -30
782 -30
783 -31
784 -31
785 -52
786 -30
787 -532
788 -73
789 -31
790 -30
791 -30
792 -385
793 -30
794 -312
795 -265
796 -31
797 -12
798 -31
799 -31
800 -30
801 -949
802 -517
803 -413
804 -31
805 -30
806 -143
807 -82
808 -83
809 -31
810 -31
811 -31
812 -30
813 -202
814 -88
815 -533
816 -31
817 -213
818 -31
819 -16
820 -16
821 -201
822 -145
823 -31
824 -30
825 -453
826 -280
827 -31
828 -1634
829 -30
830 -16
831 -12
832 -20
833 -31
834 -621
835 -31
836 -30
837 -16
838 -30
839 -12
840 -12
841 -12
842 -13
843 -30
844 -28
845 -67
846 -41
847 -30
848 -12
849 -343
850 -31
851 -68
852 -152
853 -30
854 -838
855 -21
856 -30
857 -253
858 -31
859 -503
860 -20
861 -434
862 -30
863 -31
864 -342
865 -30
866 -30
867 -14
868 -542
869 -221
870 -13
871 -20
872 -684
873 -12
874 -873
875 -31
876 -195
877 -314
878 -16
879 -306
880 -79
881 -123
882 -51
883 -31
884 -324
885 -306
886 -156
887 -31
888 -31
889 -31
890 -31
891 -500
892 -1275
893 -276
894 -30
895 -30
896 -204
897 -148
898 -30
899 -30
900 -731
901 -30
902 -1380
903 -132
904 -12
905 -31
906 -30
907 -30
908 -13
909 -522
910 -13
911 -308
912 -668
913 -136
914 -20
915 -20
916 -230
917 -20
918 -12
919 -582
920 -1085
921 -227
922 -161
923 -182
924 -30
925 -20
926 -559
927 -31
928 -12
929 -873
930 -12
931 -12
932 -267
933 -30
934 -37
935 -31
936 -173
937 -404
938 -128
939 -326
940 -132
941 -15
942 -30
943 -31
944 -22
945 -31
946 -242
947 -538
948 -30
949 -30
950 -31
951 -20
952 -31
953 -30
954 -16
955 -326
956 -31
957 -1151
958 -31
959 -739
960 -31
961 -166
962 -30
963 -31
964 -80
965 -30
966 -346
967 -407
968 -12
969 -986
970 -257
971 -16
972 -190
973 -13
974 -64
975 -69
976 -124
977 -117
978 -12
979 -283
980 -283
981 -734
982 -13
983 -34
984 -12
985 -870
986 -506
987 -30
988 -30
989 -41
990 -12
991 -31
992 -30
993 -31
994 -12
995 -12
996 -20
997 -504
998 -30
999 -902
