0 -12
1 -34
2 -39
3 -12
4 -38
5 -34
6 -39
7 -38
8 -12
9 -39
10 -38
11 -12
12 -38
13 -12
14 -39
15 -33
16 -34
17 -33
18 -39
19 -38
20 -39
21 -33
22 -38
23 -12
24 -12
25 -12
26 -12
27 -39
28 -38
29 -39
30 -34
31 -40
32 -12
33 -12
34 -34
35 -34
36 -38
37 -34
38 -34
39 -38
40 -12
41 -39
42 -34
43 -39
44 -38
45 -12
46 -12
47 -39
48 -38
49 -44
50 -38
51 -39
52 -33
53 -33
54 -34
55 -12
56 -12
57 -38
58 -34
59 -12
60 -667
61 -34
62 -12
63 -12
64 -38
65 -34
66 -38
67 -39
68 -39
69 -39
70 -30
71 -38
72 -12
73 -39
74 -38
75 -12
76 -34
77 -33
78 -12
79 -34
80 -33
81 -38
82 -38
83 -34
84 -39
85 -12
86 -33
87 -33
88 -34
89 -12
90 -39
91 -33
92 -38
93 -12
94 -38
95 -33
96 -34
97 -39
98 -33
99 -34
100 -38
101 -12
102 -39
103 -34
104 -38
105 -33
106 -38
107 -33
108 -39
109 -12
110 -31
111 -12
112 -34
113 -33
114 -12
115 -39
116 -33
117 -54
118 -38
119 -38
120 -33
121 -39
122 -39
123 -39
124 -39
125 -33
126 -38
127 -38
128 -34
129 -34
130 -39
131 -34
132 -34
133 -34
134 -38
135 -38
136 -33
137 -33
138 -39
139 -13
140 -39
141 -34
142 -34
143 -38
144 -42
145 -34
146 -38
147 -38
148 -39
149 -32
150 -34
151 -39
152 -40
153 -12
154 -66
155 -34
156 -34
157 -38
158 -34
159 -38
160 -39
161 -38
162 -33
163 -12
164 -34
165 -34
166 -39
167 -12
168 -38
169 -33
170 -33
171 -39
172 -34
173 -33
174 -34
175 -38
176 -34
177 -12
178 -33
179 -33
180 -34
181 -39
182 -39
183 -39
184 -38
185 -12
186 -38
187 -34
188 -38
189 -33
190 -34
191 -38
192 -33
193 -12
194 -44
195 -39
196 -39
197 -39
198 -39
199 -12
200 -38
201 -38
202 -38
203 -12
204 -12
205 -38
206 -34
207 -12
208 -34
209 -33
210 -33
211 -132
212 -38
213 -34
214 -39
215 -38
216 -34
217 -12
218 -34
219 -38
220 -34
221 -34
222 -38
223 -34
224 -467
225 -38
226 -39
227 -38
228 -33
229 -38
230 -12
231 -12
232 -34
233 -39
234 -39
235 -12
236 -12
237 -33
238 -38
239 -12
240 -38
241 -33
242 -39
243 -34
244 -38
245 -12
246 -38
247 -33
248 -38
249 -12
250 -38
251 -12
252 -38
253 -39
254 -38
255 -12
256 -38
257 -12
258 -38
259 -33
260 -12
261 -12
262 -39
263 -12
264 -39
265 -33
266 -12
267 -12
268 -39
269 -12
270 -34
271 -12
272 -33
273 -38
274 -39
275 -33
276 -34
277 -30
278 -33
279 -39
280 -33
281 -39
282 -39
283 -33
284 -39
285 -39
286 -39
287 -34
288 -34
289 -35
290 -12
291 -12
292 -12
293 -33
294 -38
295 -33
296 -38
297 -38
298 -12
299 -33
300 -34
301 -34
302 -38
303 -39
304 -38
305 -12
306 -34
307 -33
308 -34
309 -39
310 -39
311 -12
312 -38
313 -34
314 -12
315 -34
316 -34
317 -33
318 -44
319 -39
320 -39
321 -34
322 -49
323 -12
324 -42
325 -12
326 -38
327 -34
328 -38
329 -39
330 -38
331 -38
332 -38
333 -34
334 -38
335 -33
336 -38
337 -34
338 -38
339 -38
340 -33
341 -35
342 -39
343 -39
344 -39
345 -12
346 -34
347 -33
348 -12
349 -34
350 -12
351 -38
352 -38
353 -34
354 -12
355 -34
356 -34
357 -38
358 -33
359 -33
360 -12
361 -34
362 -39
363 -33
364 -39
365 -39
366 -59
367 -38
368 -38
369 -38
370 -12
371 -37
372 -38
373 -38
374 -39
375 -38
376 -38
377 -39
378 -39
379 -38
380 -34
381 -38
382 -46
383 -71
384 -33
385 -34
386 -39
387 -12
388 -39
389 -12
390 -38
391 -38
392 -33
393 -34
394 -12
395 -34
396 -34
397 -73
398 -33
399 -39
400 -34
401 -39
402 -39
403 -38
404 -33
405 -38
406 -34
407 -12
408 -33
409 -12
410 -12
411 -38
412 -33
413 -28
414 -12
415 -34
416 -38
417 -34
418 -39
419 -38
420 -38
421 -39
422 -12
423 -34
424 -39
425 -12
426 -12
427 -12
428 -12
429 -33
430 -33
431 -39
432 -33
433 -39
434 -38
435 -38
436 -38
437 -34
438 -38
439 -38
440 -33
441 -76
442 -34
443 -55
444 -34
445 -33
446 -44
447 -12
448 -12
449 -33
450 -33
451 -34
452 -39
453 -38
454 -33
455 -12
456 -34
457 -38
458 -34
459 -37
460 -25
461 -12
462 -39
463 -34
464 -33
465 -38
466 -12
467 -39
468 -38
469 -39
470 -33
471 -43
472 -33
473 -39
474 -12
475 -39
476 -12
477 -38
478 -33
479 -12
480 -34
481 -12
482 -38
483 -38
484 -33
485 -33
486 -12
487 -33
488 -33
489 -34
490 -34
491 -12
492 -12
493 -39
494 -39
495 -39
496 -39
497 -38
498 -33
499 -33
500 -34
501 -33
502 -536
503 -33
504 -34
505 -38
506 -33
507 -33
508 -38
509 -34
510 -33
511 -12
512 -33
513 -39
514 -34
515 -12
516 -33
517 -38
518 -39
519 -34
520 -34
521 -39
522 -33
523 -38
524 -34
525 -34
526 -38
527 -34
528 -39
529 -33
530 -33
531 -39
532 -12
533 -12
534 -33
535 -39
536 -34
537 -38
538 -33
539 -34
540 -33
541 -38
542 -45
543 -12
544 -12
545 -39
546 -34
547 -39
548 -34
549 -33
550 -38
551 -39
552 -34
553 -33
554 -34
555 -39
556 -39
557 -12
558 -33
559 -34
560 -33
561 -34
562 -12
563 -40
564 -38
565 -33
566 -38
567 -38
568 -12
569 -29
570 -41
571 -44
572 -39
573 -38
574 -38
575 -39
576 -35
577 -33
578 -38
579 -1627
580 -29
581 -39
582 -12
583 -12
584 -33
585 -39
586 -34
587 -39
588 -12
589 -34
590 -40
591 -33
592 -34
593 -33
594 -34
595 -33
596 -38
597 -38
598 -33
599 -38
600 -12
601 -34
602 -34
603 -12
604 -33
605 -12
606 -12
607 -38
608 -12
609 -34
610 -43
611 -30
612 -39
613 -38
614 -33
615 -34
616 -38
617 -39
618 -38
619 -12
620 -34
621 -34
622 -39
623 -33
624 -57
625 -38
626 -38
627 -12
628 -12
629 -39
630 -34
631 -34
632 -38
633 -38
634 -38
635 -34
636 -39
637 -39
638 -33
639 -34
640 -33
641 -50
642 -39
643 -34
644 -33
645 -38
646 -39
647 -34
648 -39
649 -38
650 -34
651 -39
652 -12
653 -39
654 -38
655 -38
656 -12
657 -12
658 -39
659 -33
660 -38
661 -33
662 -39
663 -12
664 -39
665 -34
666 -34
667 -34
668 -39
669 -12
670 -34
671 -33
672 -38
673 -42
674 -39
675 -39
676 -29
677 -33
678 -39
679 -38
680 -34
681 -33
682 -39
683 -12
684 -39
685 -34
686 -33
687 -12
688 -33
689 -39
690 -38
691 -38
692 -12
693 -34
694 -38
695 -34
696 -12
697 -12
698 -32
699 -34
700 -34
701 -34
702 -34
703 -57
704 -39
705 -39
706 -12
707 -12
708 -39
709 -38
710 -38
711 -38
712 -34
713 -39
714 -33
715 -38
716 -34
717 -35
718 -35
719 -12
720 -33
721 -12
722 -12
723 -38
724 -34
725 -39
726 -39
727 -12
728 -34
729 -12
730 -12
731 -39
732 -38
733 -34
734 -12
735 -38
736 -12
737 -12
738 -12
739 -42
740 -12
741 -12
742 -39
743 -38
744 -39
745 -39
746 -39
747 -39
748 -12
749 -38
750 -12
751 -12
752 -33
753 -43
754 -61
755 -34
756 -34
757 -38
758 -40
759 -12
760 -39
761 -39
762 -34
763 -33
764 -33
765 -38
766 -39
767 -38
768 -38
769 -34
770 -38
771 -38
772 -38
773 -12
774 -12
775 -33
776 -38
777 -33
778 -35
779 -33
780 -49
781 -38
782 -39
783 -34
784 -37
785 -39
786 -39
787 -34
788 -34
789 -12
790 -34
791 -39
792 -38
793 -38
794 -34
795 -39
796 -12
797 -12
798 -33
799 -39
800 -38
801 -38
802 -33
803 -33
804 -39
805 -39
806 -12
807 -33
808 -34
809 -33
810 -34
811 -12
812 -33
813 -26
814 -34
815 -39
816 -33
817 -38
818 -33
819 -12
820 -34
821 -33
822 -39
823 -34
824 -38
825 -34
826 -38
827 -18
828 -34
829 -12
830 -38
831 -38
832 -12
833 -33
834 -34
835 -33
836 -12
837 -39
838 -30
839 -34
840 -38
841 -38
842 -38
843 -12
844 -39
845 -12
846 -12
847 -12
848 -34
849 -34
850 -39
851 -12
852 -34
853 -34
854 -12
855 -38
856 -39
857 -34
858 -33
859 -38
860 -12
861 -33
862 -38
863 -33
864 -26
865 -33
866 -39
867 -39
868 -34
869 -34
870 -34
871 -38
872 -39
873 -33
874 -34
875 -34
876 -39
877 -38
878 -30
879 -12
880 -38
881 -39
882 -38
883 -34
884 -33
885 -38
886 -38
887 -34
888 -12
889 -34
890 -12
891 -39
892 -34
893 -33
894 -34
895 -12
896 -38
897 -12
898 -38
899 -38
900 -33
901 -12
902 -34
903 -33
904 -12
905 -38
906 -33
907 -38
908 -39
909 -38
910 -39
911 -12
912 -34
913 -12
914 -39
915 -33
916 -33
917 -38
918 -44
919 -38
920 -34
921 -12
922 -38
923 -34
924 -39
925 -39
926 -33
927 -42
928 -38
929 -33
930 -61
931 -39
932 -39
933 -38
934 -34
935 -33
936 -33
937 -38
938 -39
939 -12
940 -34
941 -39
942 -38
943 -33
944 -34
945 -38
946 -33
947 -33
948 -38
949 -38
950 -34
951 -34
952 -34
953 -12
954 -38
955 -12
956 -38
957 -40
958 -12
959 -34
960 -34
961 -34
962 -38
963 -33
964 -33
965 -38
966 -39
967 -39
968 -38
969 -33
970 -39
971 -47
972 -33
973 -39
974 -39
975 -39
976 -33
977 -34
978 -33
979 -33
980 -34
981 -33
982 -39
983 -34
984 -34
985 -40
986 -34
987 -34
988 -33
989 -38
990 -12
991 -34
992 -66
993 -39
994 -39
995 -38
996 -34
997 -39
998 -33
999 -33
