0 -34
1 -38
2 -33
3 -34
4 -12
5 -33
6 -34
7 -12
8 -12
9 -43
10 -33
11 -33
12 -39
13 -12
14 -12
15 -33
16 -12
17 -38
18 -34
19 -34
20 -38
21 -39
22 -1477
23 -12
24 -12
25 -33
26 -39
27 -34
28 -12
29 -34
30 -39
31 -12
32 -34
33 -39
34 -34
35 -39
36 -33
37 -39
38 -39
39 -12
40 -13
41 -38
42 -39
43 -33
44 -38
45 -38
46 -38
47 -12
48 -39
49 -33
50 -33
51 -38
52 -12
53 -12
54 -62
55 -39
56 -39
57 -12
58 -34
59 -34
60 -34
61 -33
62 -12
63 -12
64 -34
65 -39
66 -33
67 -12
68 -39
69 -12
70 -33
71 -39
72 -33
73 -33
74 -33
75 -39
76 -12
77 -38
78 -33
79 -176
80 -34
81 -39
82 -39
83 -39
84 -33
85 -33
86 -24
87 -30
88 -33
89 -38
90 -38
91 -34
92 -33
93 -38
94 -33
95 -34
96 -34
97 -33
98 -12
99 -12
100 -33
101 -34
102 -33
103 -12
104 -34
105 -38
106 -34
107 -34
108 -38
109 -34
110 -12
111 -12
112 -34
113 -38
114 -12
115 -38
116 -38
117 -33
118 -12
119 -39
120 -12
121 -34
122 -22
123 -12
124 -12
125 -43
126 -12
127 -38
128 -33
129 -12
130 -33
131 -33
132 -39
133 -12
134 -34
135 -39
136 -12
137 -39
138 -12
139 -33
140 -12
141 -33
142 -33
143 -33
144 -34
145 -34
146 -34
147 -12
148 -12
149 -12
150 -39
151 -39
152 -38
153 -39
154 -33
155 -34
156 -12
157 -34
158 -12
159 -12
160 -39
161 -12
162 -39
163 -12
164 -12
165 -34
166 -38
167 -33
168 -29
169 -34
170 -34
171 -39
172 -39
173 -12
174 -34
175 -34
176 -38
177 -33
178 -38
179 -33
180 -12
181 -39
182 -196
183 -39
184 -49
185 -12
186 -33
187 -12
188 -38
189 -39
190 -39
191 -38
192 -33
193 -38
194 -12
195 -34
196 -12
197 -33
198 -12
199 -38
200 -12
201 -33
202 -34
203 -34
204 -38
205 -33
206 -34
207 -12
208 -38
209 -33
210 -39
211 -34
212 -39
213 -12
214 -34
215 -34
216 -39
217 -39
218 -12
219 -33
220 -38
221 -33
222 -12
223 -34
224 -39
225 -38
226 -39
227 -38
228 -12
229 -12
230 -47
231 -36
232 -38
233 -34
234 -33
235 -39
236 -39
237 -39
238 -39
239 -42
240 -34
241 -34
242 -34
243 -39
244 -34
245 -39
246 -39
247 -34
248 -16
249 -33
250 -12
251 -12
252 -38
253 -12
254 -33
255 -12
256 -39
257 -38
258 -12
259 -38
260 -33
261 -33
262 -12
263 -38
264 -38
265 -12
266 -38
267 -33
268 -33
269 -39
270 -38
271 -33
272 -30
273 -34
274 -34
275 -34
276 -38
277 -38
278 -39
279 -12
280 -33
281 -33
282 -34
283 -33
284 -33
285 -38
286 -39
287 -39
288 -33
289 -44
290 -33
291 -33
292 -33
293 -12
294 -12
295 -39
296 -34
297 -12
298 -49
299 -12
300 -39
301 -12
302 -39
303 -38
304 -34
305 -43
306 -39
307 -34
308 -38
309 -12
310 -34
311 -30
312 -39
313 -34
314 -12
315 -33
316 -38
317 -33
318 -33
319 -34
320 -33
321 -12
322 -33
323 -12
324 -38
325 -12
326 -39
327 -34
328 -39
329 -39
330 -34
331 -34
332 -38
333 -34
334 -44
335 -33
336 -39
337 -34
338 -70
339 -38
340 -33
341 -34
342 -38
343 -38
344 -34
345 -38
346 -12
347 -34
348 -39
349 -33
350 -38
351 -33
352 -33
353 -33
354 -12
355 -65
356 -38
357 -34
358 -38
359 -12
360 -12
361 -39
362 -12
363 -33
364 -39
365 -33
366 -33
367 -33
368 -12
369 -34
370 -33
371 -33
372 -12
373 -34
374 -38
375 -34
376 -38
377 -38
378 -33
379 -12
380 -34
381 -12
382 -34
383 -33
384 -34
385 -34
386 -34
387 -38
388 -33
389 -39
390 -34
391 -12
392 -38
393 -34
394 -34
395 -34
396 -39
397 -38
398 -33
399 -33
400 -12
401 -33
402 -33
403 -33
404 -33
405 -33
406 -33
407 -39
408 -34
409 -12
410 -34
411 -12
412 -33
413 -33
414 -53
415 -33
416 -38
417 -34
418 -34
419 -12
420 -38
421 -38
422 -33
423 -34
424 -33
425 -12
426 -39
427 -33
428 -33
429 -39
430 -39
431 -12
432 -12
433 -12
434 -33
435 -62
436 -38
437 -39
438 -34
439 -34
440 -34
441 -39
442 -39
443 -34
444 -34
445 -12
446 -40
447 -39
448 -39
449 -38
450 -12
451 -39
452 -38
453 -33
454 -39
455 -39
456 -12
457 -34
458 -37
459 -38
460 -39
461 -34
462 -34
463 -39
464 -12
465 -38
466 -34
467 -12
468 -38
469 -34
470 -33
471 -39
472 -39
473 -33
474 -33
475 -28
476 -39
477 -39
478 -39
479 -39
480 -34
481 -34
482 -33
483 -34
484 -39
485 -38
486 -12
487 -12
488 -33
489 -39
490 -12
491 -12
492 -33
493 -34
494 -39
495 -12
496 -33
497 -33
498 -39
499 -34
500 -12
501 -39
502 -33
503 -34
504 -38
505 -33
506 -33
507 -41
508 -34
509 -39
510 -12
511 -34
512 -39
513 -38
514 -33
515 -33
516 -12
517 -12
518 -33
519 -38
520 -38
521 -39
522 -12
523 -38
524 -30
525 -33
526 -33
527 -33
528 -34
529 -12
530 -39
531 -12
532 -34
533 -34
534 -12
535 -39
536 -34
537 -38
538 -33
539 -33
540 -33
541 -38
542 -34
543 -38
544 -34
545 -33
546 -38
547 -34
548 -38
549 -34
550 -38
551 -33
552 -39
553 -34
554 -33
555 -39
556 -33
557 -12
558 -33
559 -33
560 -34
561 -39
562 -38
563 -33
564 -33
565 -38
566 -39
567 -240
568 -34
569 -33
570 -33
571 -38
572 -34
573 -12
574 -62
575 -38
576 -33
577 -12
578 -12
579 -38
580 -33
581 -34
582 -38
583 -39
584 -12
585 -38
586 -33
587 -38
588 -39
589 -33
590 -38
591 -12
592 -71
593 -48
594 -38
595 -12
596 -12
597 -34
598 -12
599 -12
600 -41
601 -12
602 -12
603 -39
604 -43
605 -34
606 -43
607 -39
608 -38
609 -39
610 -33
611 -39
612 -39
613 -33
614 -31
615 -12
616 -34
617 -34
618 -58
619 -33
620 -34
621 -52
622 -34
623 -43
624 -39
625 -33
626 -39
627 -39
628 -33
629 -12
630 -38
631 -12
632 -12
633 -39
634 -34
635 -12
636 -38
637 -12
638 -38
639 -38
640 -12
641 -33
642 -44
643 -34
644 -35
645 -12
646 -33
647 -33
648 -12
649 -33
650 -12
651 -38
652 -12
653 -39
654 -34
655 -12
656 -34
657 -39
658 -33
659 -39
660 -39
661 -34
662 -39
663 -42
664 -12
665 -33
666 -34
667 -34
668 -39
669 -33
670 -38
671 -38
672 -12
673 -33
674 -12
675 -38
676 -34
677 -34
678 -12
679 -12
680 -39
681 -33
682 -39
683 -12
684 -33
685 -38
686 -39
687 -12
688 -38
689 -33
690 -12
691 -24
692 -12
693 -12
694 -33
695 -33
696 -33
697 -38
698 -33
699 -33
700 -12
701 -33
702 -12
703 -33
704 -38
705 -39
706 -38
707 -38
708 -34
709 -38
710 -33
711 -33
712 -33
713 -34
714 -12
715 -38
716 -12
717 -38
718 -39
719 -33
720 -34
721 -12
722 -38
723 -33
724 -34
725 -33
726 -12
727 -33
728 -38
729 -33
730 -12
731 -12
732 -12
733 -33
734 -13
735 -33
736 -38
737 -33
738 -34
739 -39
740 -39
741 -34
742 -34
743 -38
744 -39
745 -38
746 -39
747 -12
748 -38
749 -33
750 -33
751 -34
752 -34
753 -38
754 -34
755 -34
756 -33
757 -39
758 -39
759 -39
760 -12
761 -27
762 -34
763 -34
764 -33
765 -38
766 -38
767 -34
768 -39
769 -33
770 -39
771 -38
772 -33
773 -12
774 -12
775 -39
776 -33
777 -37
778 -33
779 -38
780 -34
781 -33
782 -34
783 -39
784 -33
785 -39
786 -33
787 -38
788 -12
789 -33
790 -33
791 -34
792 -38
793 -39
794 -39
795 -12
796 -800
797 -152
798 -38
799 -12
800 -33
801 -39
802 -39
803 -39
804 -34
805 -34
806 -12
807 -39
808 -33
809 -12
810 -33
811 -12
812 -39
813 -33
814 -38
815 -12
816 -39
817 -38
818 -33
819 -12
820 -38
821 -39
822 -12
823 -39
824 -12
825 -38
826 -34
827 -12
828 -39
829 -27
830 -51
831 -34
832 -33
833 -39
834 -33
835 -12
836 -12
837 -12
838 -34
839 -12
840 -12
841 -34
842 -44
843 -34
844 -38
845 -34
846 -34
847 -34
848 -34
849 -39
850 -34
851 -34
852 -34
853 -33
854 -12
855 -38
856 -30
857 -38
858 -36
859 -33
860 -38
861 -33
862 -38
863 -34
864 -12
865 -39
866 -39
867 -38
868 -39
869 -33
870 -39
871 -38
872 -40
873 -38
874 -34
875 -39
876 -33
877 -33
878 -12
879 -12
880 -39
881 -12
882 -12
883 -12
884 -44
885 -12
886 -39
887 -12
888 -33
889 -34
890 -34
891 -29
892 -12
893 -12
894 -12
895 -34
896 -39
897 -38
898 -34
899 -34
900 -12
901 -39
902 -34
903 -39
904 -38
905 -38
906 -33
907 -39
908 -33
909 -34
910 -34
911 -33
912 -12
913 -39
914 -33
915 -38
916 -39
917 -39
918 -21
919 -33
920 -34
921 -39
922 -33
923 -33
924 -38
925 -12
926 -12
927 -38
928 -33
929 -33
930 -12
931 -34
932 -39
933 -39
934 -12
935 -12
936 -33
937 -34
938 -34
939 -38
940 -38
941 -12
942 -33
943 -12
944 -33
945 -34
946 -38
947 -33
948 -12
949 -12
950 -33
951 -38
952 -12
953 -12
954 -12
955 -38
956 -33
957 -33
958 -34
959 -38
960 -39
961 -38
962 -38
963 -12
964 -34
965 -38
966 -12
967 -34
968 -12
969 -33
970 -38
971 -34
972 -34
973 -39
974 -34
975 -33
976 -33
977 -38
978 -33
979 -34
980 -39
981 -38
982 -33
983 -38
984 -33
985 -48
986 -39
987 -34
988 -33
989 -12
990 -38
991 -40
992 -34
993 -34
994 -39
995 -38
996 -12
997 -38
998 -34
999 -12
