0 -38
1 -33
2 -34
3 -34
4 -38
5 -35
6 -39
7 -33
8 -38
9 -34
10 -34
11 -39
12 -12
13 -39
14 -33
15 -38
16 -12
17 -34
18 -21
19 -48
20 -34
21 -38
22 -33
23 -34
24 -39
25 -39
26 -38
27 -61
28 -34
29 -38
30 -34
31 -12
32 -38
33 -12
34 -34
35 -39
36 -34
37 -34
38 -33
39 -34
40 -12
41 -39
42 -34
43 -33
44 -34
45 -33
46 -33
47 -12
48 -12
49 -12
50 -34
51 -38
52 -39
53 -12
54 -12
55 -38
56 -12
57 -26
58 -38
59 -39
60 -39
61 -12
62 -38
63 -39
64 -12
65 -38
66 -12
67 -42
68 -33
69 -34
70 -34
71 -34
72 -39
73 -38
74 -38
75 -38
76 -34
77 -39
78 -33
79 -38
80 -39
81 -39
82 -12
83 -33
84 -12
85 -39
86 -38
87 -38
88 -39
89 -39
90 -38
91 -38
92 -12
93 -34
94 -39
95 -39
96 -33
97 -33
98 -34
99 -38
100 -567
101 -39
102 -33
103 -39
104 -12
105 -38
106 -34
107 -12
108 -186
109 -38
110 -33
111 -38
112 -33
113 -34
114 -33
115 -34
116 -34
117 -39
118 -33
119 -38
120 -34
121 -12
122 -34
123 -39
124 -39
125 -337
126 -33
127 -38
128 -40
129 -34
130 -38
131 -12
132 -12
133 -42
134 -39
135 -12
136 -39
137 -12
138 -38
139 -12
140 -33
141 -38
142 -44
143 -34
144 -43
145 -39
146 -33
147 -38
148 -38
149 -59
150 -12
151 -12
152 -33
153 -38
154 -33
155 -12
156 -38
157 -34
158 -34
159 -33
160 -39
161 -562
162 -38
163 -33
164 -34
165 -30
166 -12
167 -38
168 -39
169 -33
170 -39
171 -38
172 -34
173 -39
174 -39
175 -34
176 -38
177 -39
178 -70
179 -39
180 -12
181 -12
182 -38
183 -34
184 -33
185 -33
186 -33
187 -38
188 -12
189 -44
190 -39
191 -12
192 -34
193 -39
194 -39
195 -12
196 -34
197 -12
198 -38
199 -39
200 -34
201 -12
202 -38
203 -34
204 -12
205 -34
206 -33
207 -39
208 -39
209 -38
210 -33
211 -12
212 -12
213 -49
214 -34
215 -38
216 -39
217 -34
218 -33
219 -38
220 -34
221 -37
222 -33
223 -39
224 -33
225 -33
226 -39
227 -12
228 -26
229 -12
230 -39
231 -33
232 -39
233 -38
234 -47
235 -30
236 -33
237 -12
238 -33
239 -34
240 -39
241 -34
242 -33
243 -34
244 -38
245 -39
246 -12
247 -34
248 -33
249 -34
250 -38
251 -38
252 -38
253 -38
254 -43
255 -34
256 -38
257 -34
258 -39
259 -12
260 -39
261 -34
262 -34
263 -43
264 -449
265 -57
266 -34
267 -12
268 -12
269 -33
270 -34
271 -49
272 -33
273 -38
274 -34
275 -34
276 -33
277 -34
278 -12
279 -34
280 -34
281 -39
282 -33
283 -34
284 -39
285 -38
286 -39
287 -38
288 -38
289 -33
290 -12
291 -39
292 -38
293 -33
294 -34
295 -33
296 -34
297 -38
298 -33
299 -34
300 -34
301 -39
302 -12
303 -12
304 -39
305 -34
306 -33
307 -38
308 -39
309 -34
310 -38
311 -34
312 -38
313 -12
314 -33
315 -39
316 -38
317 -33
318 -1036
319 -39
320 -12
321 -39
322 -38
323 -34
324 -38
325 -12
326 -39
327 -34
328 -34
329 -34
330 -12
331 -38
332 -12
333 -54
334 -49
335 -38
336 -38
337 -38
338 -39
339 -12
340 -34
341 -38
342 -38
343 -34
344 -38
345 -38
346 -34
347 -12
348 -12
349 -38
350 -12
351 -39
352 -12
353 -39
354 -12
355 -33
356 -12
357 -12
358 -34
359 -39
360 -39
361 -33
362 -33
363 -34
364 -34
365 -33
366 -38
367 -39
368 -38
369 -12
370 -33
371 -38
372 -33
373 -39
374 -33
375 -12
376 -54
377 -44
378 -34
379 -38
380 -34
381 -12
382 -38
383 -34
384 -38
385 -38
386 -12
387 -38
388 -38
389 -33
390 -38
391 -34
392 -39
393 -33
394 -38
395 -38
396 -39
397 -12
398 -33
399 -39
400 -34
401 -34
402 -39
403 -33
404 -33
405 -34
406 -38
407 -33
408 -34
409 -33
410 -38
411 -33
412 -38
413 -38
414 -38
415 -33
416 -34
417 -39
418 -35
419 -33
420 -12
421 -38
422 -38
423 -12
424 -33
425 -38
426 -12
427 -38
428 -39
429 -33
430 -34
431 -39
432 -34
433 -34
434 -33
435 -34
436 -34
437 -34
438 -34
439 -23
440 -34
441 -34
442 -34
443 -34
444 -34
445 -30
446 -12
447 -38
448 -12
449 -33
450 -34
451 -33
452 -38
453 -38
454 -34
455 -33
456 -33
457 -33
458 -12
459 -38
460 -38
461 -34
462 -39
463 -12
464 -38
465 -39
466 -39
467 -12
468 -39
469 -39
470 -39
471 -39
472 -12
473 -39
474 -33
475 -33
476 -38
477 -12
478 -38
479 -38
480 -38
481 -39
482 -38
483 -39
484 -39
485 -34
486 -39
487 -39
488 -39
489 -39
490 -39
491 -34
492 -38
493 -38
494 -39
495 -33
496 -33
497 -38
498 -39
499 -39
500 -12
501 -34
502 -33
503 -34
504 -33
505 -12
506 -34
507 -39
508 -49
509 -38
510 -39
511 -39
512 -38
513 -33
514 -34
515 -39
516 -39
517 -34
518 -34
519 -33
520 -50
521 -38
522 -33
523 -34
524 -33
525 -38
526 -39
527 -34
528 -33
529 -38
530 -39
531 -38
532 -39
533 -33
534 -39
535 -34
536 -12
537 -12
538 -12
539 -12
540 -12
541 -33
542 -39
543 -39
544 -12
545 -43
546 -39
547 -38
548 -34
549 -66
550 -38
551 -12
552 -35
553 -39
554 -34
555 -34
556 -12
557 -38
558 -33
559 -34
560 -12
561 -38
562 -39
563 -38
564 -38
565 -33
566 -28
567 -38
568 -12
569 -34
570 -34
571 -38
572 -12
573 -38
574 -38
575 -39
576 -39
577 -38
578 -34
579 -34
580 -34
581 -203
582 -33
583 -34
584 -39
585 -29
586 -39
587 -33
588 -29
589 -34
590 -39
591 -38
592 -39
593 -538
594 -39
595 -39
596 -39
597 -39
598 -12
599 -12
600 -38
601 -33
602 -12
603 -34
604 -34
605 -38
606 -34
607 -39
608 -35
609 -34
610 -12
611 -34
612 -34
613 -38
614 -12
615 -39
616 -38
617 -33
618 -39
619 -12
620 -12
621 -38
622 -12
623 -33
624 -34
625 -34
626 -42
627 -1747
628 -39
629 -34
630 -33
631 -12
632 -12
633 -38
634 -42
635 -38
636 -40
637 -34
638 -39
639 -34
640 -12
641 -38
642 -33
643 -39
644 -12
645 -12
646 -39
647 -12
648 -39
649 -34
650 -38
651 -38
652 -33
653 -39
654 -38
655 -38
656 -12
657 -39
658 -33
659 -39
660 -34
661 -34
662 -39
663 -12
664 -39
665 -38
666 -38
667 -34
668 -39
669 -12
670 -33
671 -38
672 -34
673 -39
674 -39
675 -34
676 -33
677 -33
678 -34
679 -12
680 -33
681 -12
682 -34
683 -12
684 -12
685 -12
686 -38
687 -38
688 -34
689 -34
690 -12
691 -34
692 -39
693 -12
694 -34
695 -33
696 -12
697 -34
698 -12
699 -34
700 -39
701 -33
702 -38
703 -39
704 -33
705 -34
706 -34
707 -33
708 -38
709 -12
710 -33
711 -34
712 -38
713 -34
714 -34
715 -38
716 -39
717 -12
718 -33
719 -33
720 -12
721 -39
722 -12
723 -38
724 -33
725 -12
726 -39
727 -39
728 -38
729 -49
730 -39
731 -38
732 -34
733 -33
734 -33
735 -34
736 -39
737 -12
738 -12
739 -12
740 -34
741 -12
742 -34
743 -35
744 -38
745 -12
746 -39
747 -34
748 -34
749 -33
750 -39
751 -12
752 -12
753 -33
754 -39
755 -38
756 -34
757 -38
758 -39
759 -41
760 -30
761 -39
762 -33
763 -33
764 -12
765 -38
766 -38
767 -38
768 -39
769 -12
770 -38
771 -12
772 -34
773 -12
774 -33
775 -33
776 -33
777 -39
778 -34
779 -39
780 -33
781 -38
782 -12
783 -39
784 -33
785 -33
786 -38
787 -33
788 -34
789 -39
790 -34
791 -38
792 -34
793 -39
794 -39
795 -38
796 -34
797 -39
798 -12
799 -12
800 -34
801 -33
802 -34
803 -38
804 -33
805 -38
806 -39
807 -39
808 -39
809 -34
810 -12
811 -33
812 -34
813 -9246
814 -34
815 -34
816 -33
817 -26
818 -38
819 -38
820 -39
821 -12
822 -38
823 -33
824 -38
825 -34
826 -44
827 -39
828 -39
829 -12
830 -99
831 -39
832 -38
833 -12
834 -33
835 -12
836 -12
837 -34
838 -33
839 -29
840 -39
841 -38
842 -12
843 -12
844 -33
845 -12
846 -34
847 -12
848 -33
849 -33
850 -39
851 -39
852 -12
853 -33
854 -38
855 -37
856 -39
857 -39
858 -12
859 -12
860 -55
861 -33
862 -33
863 -24
864 -33
865 -12
866 -39
867 -34
868 -38
869 -39
870 -33
871 -12
872 -39
873 -38
874 -38
875 -34
876 -34
877 -12
878 -38
879 -38
880 -38
881 -34
882 -39
883 -49
884 -34
885 -12
886 -12
887 -33
888 -12
889 -33
890 -34
891 -38
892 -40
893 -34
894 -33
895 -38
896 -34
897 -48
898 -12
899 -39
900 -34
901 -35
902 -33
903 -49
904 -34
905 -33
906 -38
907 -38
908 -33
909 -33
910 -33
911 -38
912 -39
913 -34
914 -38
915 -34
916 -536
917 -38
918 -38
919 -38
920 -33
921 -39
922 -38
923 -12
924 -34
925 -39
926 -12
927 -33
928 -12
929 -38
930 -34
931 -39
932 -34
933 -38
934 -34
935 -33
936 -34
937 -12
938 -12
939 -57
940 -38
941 -39
942 -38
943 -34
944 -39
945 -38
946 -33
947 -38
948 -35
949 -39
950 -34
951 -39
952 -38
953 -38
954 -12
955 -38
956 -12
957 -12
958 -34
959 -33
960 -38
961 -29
962 -39
963 -38
964 -12
965 -39
966 -12
967 -34
968 -39
969 -38
970 -34
971 -33
972 -33
973 -38
974 -33
975 -39
976 -39
977 -12
978 -33
979 -12
980 -39
981 -34
982 -38
983 -33
984 -34
985 -34
986 -33
987 -39
988 -34
989 -33
990 -39
991 -34
992 -33
993 -12
994 -39
995 -12
996 -38
997 -34
998 -12
999 -34
