0 -12
1 -38
2 -38
3 -34
4 -39
5 -33
6 -38
7 -39
8 -33
9 -33
10 -34
11 -33
12 -38
13 -33
14 -39
15 -34
16 -33
17 -34
18 -33
19 -38
20 -33
21 -12
22 -39
23 -34
24 -38
25 -38
26 -39
27 -34
28 -12
29 -12
30 -12
31 -39
32 -12
33 -38
34 -39
35 -39
36 -12
37 -38
38 -38
39 -39
40 -33
41 -39
42 -39
43 -34
44 -39
45 -39
46 -34
47 -38
48 -38
49 -34
50 -33
51 -34
52 -39
53 -34
54 -34
55 -38
56 -12
57 -34
58 -39
59 -38
60 -34
61 -12
62 -52
63 -12
64 -38
65 -12
66 -33
67 -33
68 -12
69 -34
70 -38
71 -38
72 -12
73 -39
74 -39
75 -34
76 -34
77 -38
78 -38
79 -39
80 -33
81 -33
82 -39
83 -33
84 -12
85 -12
86 -12
87 -33
88 -32
89 -33
90 -12
91 -34
92 -39
93 -39
94 -39
95 -39
96 -31
97 -12
98 -12
99 -33
100 -12
101 -12
102 -34
103 -34
104 -33
105 -12
106 -12
107 -34
108 -39
109 -39
110 -38
111 -39
112 -38
113 -38
114 -38
115 -34
116 -34
117 -33
118 -33
119 -34
120 -12
121 -38
122 -43
123 -38
124 -33
125 -33
126 -38
127 -12
128 -34
129 -38
130 -34
131 -12
132 -12
133 -34
134 -39
135 -39
136 -33
137 -39
138 -12
139 -39
140 -38
141 -34
142 -12
143 -12
144 -39
145 -33
146 -33
147 -34
148 -34
149 -39
150 -12
151 -12
152 -38
153 -38
154 -12
155 -12
156 -39
157 -39
158 -12
159 -39
160 -38
161 -33
162 -39
163 -39
164 -39
165 -34
166 -34
167 -33
168 -38
169 -34
170 -38
171 -1055
172 -39
173 -33
174 -12
175 -38
176 -12
177 -34
178 -12
179 -34
180 -33
181 -38
182 -38
183 -38
184 -38
185 -38
186 -29
187 -12
188 -39
189 -514
190 -12
191 -34
192 -39
193 -33
194 -39
195 -33
196 -33
197 -34
198 -33
199 -38
200 -33
201 -1070
202 -33
203 -38
204 -34
205 -33
206 -33
207 -33
208 -38
209 -12
210 -12
211 -12
212 -12
213 -34
214 -38
215 -39
216 -38
217 -12
218 -34
219 -12
220 -12
221 -12
222 -28
223 -33
224 -39
225 -887
226 -12
227 -39
228 -38
229 -12
230 -12
231 -12
232 -34
233 -39
234 -38
235 -33
236 -12
237 -38
238 -34
239 -33
240 -293
241 -39
242 -12
243 -39
244 -12
245 -38
246 -34
247 -34
248 -34
249 -33
250 -39
251 -12
252 -38
253 -34
254 -39
255 -12
256 -12
257 -34
258 -39
259 -33
260 -38
261 -38
262 -34
263 -33
264 -38
265 -34
266 -39
267 -33
268 -38
269 -33
270 -38
271 -12
272 -12
273 -38
274 -38
275 -38
276 -34
277 -39
278 -33
279 -12
280 -33
281 -38
282 -12
283 -39
284 -33
285 -38
286 -12
287 -34
288 -12
289 -34
290 -12
291 -33
292 -34
293 -12
294 -33
295 -12
296 -38
297 -38
298 -39
299 -33
300 -12
301 -39
302 -39
303 -34
304 -66
305 -34
306 -39
307 -33
308 -33
309 -20
310 -33
311 -12
312 -39
313 -39
314 -34
315 -38
316 -33
317 -33
318 -34
319 -34
320 -34
321 -39
322 -34
323 -38
324 -33
325 -38
326 -38
327 -39
328 -39
329 -12
330 -39
331 -39
332 -12
333 -33
334 -39
335 -39
336 -34
337 -39
338 -39
339 -34
340 -12
341 -34
342 -33
343 -39
344 -33
345 -33
346 -34
347 -39
348 -38
349 -12
350 -38
351 -38
352 -38
353 -38
354 -12
355 -34
356 -12
357 -34
358 -12
359 -39
360 -38
361 -34
362 -38
363 -33
364 -34
365 -33
366 -34
367 -33
368 -12
369 -34
370 -34
371 -39
372 -38
373 -33
374 -34
375 -38
376 -12
377 -48
378 -47
379 -38
380 -39
381 -38
382 -33
383 -33
384 -39
385 -39
386 -43
387 -34
388 -12
389 -38
390 -33
391 -39
392 -39
393 -39
394 -34
395 -267
396 -39
397 -37
398 -34
399 -12
400 -12
401 -39
402 -34
403 -38
404 -34
405 -38
406 -34
407 -39
408 -38
409 -12
410 -33
411 -39
412 -38
413 -34
414 -39
415 -33
416 -33
417 -38
418 -34
419 -33
420 -39
421 -38
422 -38
423 -33
424 -39
425 -38
426 -33
427 -12
428 -38
429 -38
430 -39
431 -33
432 -31
433 -12
434 -39
435 -12
436 -38
437 -39
438 -34
439 -24
440 -34
441 -38
442 -39
443 -33
444 -38
445 -33
446 -33
447 -38
448 -39
449 -12
450 -38
451 -39
452 -12
453 -38
454 -39
455 -12
456 -39
457 -39
458 -39
459 -33
460 -39
461 -28
462 -12
463 -39
464 -39
465 -34
466 -12
467 -34
468 -12
469 -39
470 -31
471 -38
472 -33
473 -34
474 -33
475 -38
476 -33
477 -39
478 -39
479 -38
480 -34
481 -34
482 -12
483 -38
484 -33
485 -39
486 -12
487 -12
488 -39
489 -33
490 -38
491 -12
492 -38
493 -33
494 -34
495 -12
496 -34
497 -39
498 -34
499 -33
500 -33
501 -12
502 -38
503 -39
504 -39
505 -35
506 -39
507 -12
508 -33
509 -33
510 -12
511 -39
512 -33
513 -33
514 -39
515 -34
516 -34
517 -38
518 -34
519 -33
520 -41
521 -39
522 -38
523 -34
524 -34
525 -39
526 -38
527 -33
528 -12
529 -38
530 -39
531 -39
532 -38
533 -38
534 -351
535 -34
536 -12
537 -34
538 -33
539 -39
540 -39
541 -33
542 -38
543 -33
544 -39
545 -34
546 -39
547 -34
548 -34
549 -39
550 -39
551 -12
552 -30
553 -38
554 -33
555 -12
556 -34
557 -34
558 -33
559 -12
560 -34
561 -12
562 -39
563 -34
564 -34
565 -12
566 -39
567 -39
568 -33
569 -39
570 -12
571 -33
572 -34
573 -12
574 -34
575 -34
576 -39
577 -38
578 -12
579 -33
580 -39
581 -12
582 -503
583 -12
584 -66
585 -34
586 -38
587 -39
588 -39
589 -34
590 -12
591 -33
592 -12
593 -12
594 -34
595 -34
596 -33
597 -39
598 -34
599 -38
600 -12
601 -34
602 -39
603 -57
604 -12
605 -33
606 -39
607 -12
608 -38
609 -33
610 -34
611 -34
612 -12
613 -168
614 -21
615 -33
616 -33
617 -39
618 -33
619 -39
620 -12
621 -12
622 -33
623 -38
624 -33
625 -39
626 -38
627 -39
628 -34
629 -33
630 -33
631 -34
632 -38
633 -38
634 -12
635 -39
636 -12
637 -12
638 -38
639 -38
640 -33
641 -150
642 -34
643 -33
644 -34
645 -33
646 -12
647 -33
648 -37
649 -12
650 -12
651 -38
652 -12
653 -12
654 -34
655 -39
656 -33
657 -12
658 -28
659 -33
660 -12
661 -39
662 -34
663 -34
664 -39
665 -39
666 -12
667 -12
668 -34
669 -26
670 -38
671 -34
672 -33
673 -12
674 -34
675 -33
676 -29
677 -38
678 -38
679 -30
680 -34
681 -34
682 -38
683 -33
684 -34
685 -33
686 -34
687 -38
688 -39
689 -12
690 -34
691 -39
692 -12
693 -33
694 -33
695 -34
696 -39
697 -39
698 -38
699 -39
700 -33
701 -12
702 -12
703 -34
704 -12
705 -38
706 -38
707 -39
708 -38
709 -12
710 -12
711 -39
712 -34
713 -34
714 -38
715 -33
716 -38
717 -34
718 -22
719 -39
720 -39
721 -38
722 -33
723 -39
724 -33
725 -33
726 -12
727 -12
728 -38
729 -12
730 -12
731 -39
732 -33
733 -33
734 -39
735 -39
736 -39
737 -34
738 -38
739 -39
740 -21
741 -39
742 -12
743 -33
744 -12
745 -33
746 -12
747 -39
748 -39
749 -34
750 -33
751 -39
752 -12
753 -39
754 -33
755 -33
756 -33
757 -12
758 -12
759 -39
760 -12
761 -34
762 -34
763 -33
764 -12
765 -38
766 -34
767 -38
768 -34
769 -33
770 -34
771 -33
772 -39
773 -34
774 -38
775 -33
776 -33
777 -12
778 -12
779 -12
780 -34
781 -39
782 -34
783 -33
784 -39
785 -39
786 -48
787 -34
788 -34
789 -38
790 -53
791 -12
792 -34
793 -39
794 -39
795 -38
796 -39
797 -34
798 -39
799 -33
800 -34
801 -12
802 -39
803 -38
804 -12
805 -12
806 -12
807 -39
808 -38
809 -36
810 -12
811 -39
812 -38
813 -34
814 -12
815 -39
816 -12
817 -39
818 -33
819 -12
820 -34
821 -39
822 -12
823 -12
824 -39
825 -33
826 -33
827 -33
828 -39
829 -38
830 -34
831 -39
832 -34
833 -39
834 -33
835 -12
836 -12
837 -12
838 -12
839 -38
840 -38
841 -39
842 -12
843 -33
844 -34
845 -34
846 -34
847 -29
848 -39
849 -33
850 -38
851 -12
852 -39
853 -39
854 -38
855 -39
856 -34
857 -39
858 -12
859 -38
860 -38
861 -38
862 -34
863 -39
864 -33
865 -33
866 -55
867 -12
868 -40
869 -34
870 -39
871 -33
872 -39
873 -12
874 -33
875 -12
876 -39
877 -38
878 -34
879 -12
880 -34
881 -39
882 -39
883 -39
884 -34
885 -39
886 -13
887 -34
888 -39
889 -38
890 -306
891 -33
892 -39
893 -42
894 -33
895 -43
896 -38
897 -12
898 -33
899 -12
900 -38
901 -38
902 -34
903 -33
904 -34
905 -12
906 -34
907 -4494
908 -34
909 -31
910 -33
911 -38
912 -33
913 -38
914 -34
915 -44
916 -740
917 -35
918 -33
919 -39
920 -39
921 -33
922 -12
923 -39
924 -12
925 -39
926 -12
927 -39
928 -33
929 -33
930 -39
931 -54
932 -34
933 -34
934 -38
935 -34
936 -12
937 -49
938 -33
939 -33
940 -12
941 -48
942 -12
943 -34
944 -39
945 -39
946 -1063
947 -12
948 -33
949 -12
950 -33
951 -12
952 -33
953 -34
954 -38
955 -39
956 -34
957 -33
958 -33
959 -37
960 -33
961 -39
962 -34
963 -39
964 -33
965 -33
966 -38
967 -35
968 -33
969 -33
970 -39
971 -43
972 -33
973 -38
974 -38
975 -12
976 -12
977 -39
978 -33
979 -39
980 -34
981 -34
982 -12
983 -39
984 -12
985 -34
986 -33
987 -12
988 -12
989 -34
990 -34
991 -33
992 -33
993 -33
994 -39
995 -26
996 -38
997 -35
998 -38
999 -12
