0 -12
1 -34
2 -33
3 -12
4 -41
5 -33
6 -38
7 -33
8 -34
9 -34
10 -33
11 -38
12 -34
13 -34
14 -12
15 -33
16 -38
17 -12
18 -33
19 -34
20 -38
21 -12
22 -12
23 -39
24 -33
25 -34
26 -12
27 -16
28 -34
29 -38
30 -34
31 -34
32 -34
33 -38
34 -38
35 -34
36 -38
37 -33
38 -33
39 -34
40 -12
41 -34
42 -34
43 -38
44 -34
45 -12
46 -12
47 -39
48 -12
49 -33
50 -34
51 -33
52 -34
53 -39
54 -34
55 -38
56 -34
57 -39
58 -39
59 -39
60 -12
61 -43
62 -12
63 -33
64 -34
65 -12
66 -33
67 -39
68 -34
69 -39
70 -39
71 -34
72 -40
73 -12
74 -39
75 -38
76 -33
77 -38
78 -33
79 -33
80 -12
81 -12
82 -38
83 -12
84 -38
85 -38
86 -39
87 -34
88 -39
89 -12
90 -33
91 -33
92 -12
93 -33
94 -39
95 -33
96 -34
97 -12
98 -34
99 -38
100 -33
101 -34
102 -12
103 -12
104 -38
105 -33
106 -39
107 -12
108 -34
109 -39
110 -12
111 -39
112 -33
113 -39
114 -34
115 -33
116 -39
117 -34
118 -35
119 -34
120 -34
121 -39
122 -12
123 -38
124 -38
125 -38
126 -33
127 -38
128 -1361
129 -12
130 -12
131 -33
132 -34
133 -33
134 -38
135 -34
136 -34
137 -38
138 -400
139 -39
140 -38
141 -12
142 -33
143 -33
144 -12
145 -38
146 -39
147 -39
148 -39
149 -38
150 -12
151 -38
152 -39
153 -33
154 -39
155 -12
156 -53
157 -34
158 -33
159 -34
160 -39
161 -33
162 -34
163 -33
164 -38
165 -12
166 -33
167 -38
168 -33
169 -29
170 -33
171 -47
172 -33
173 -33
174 -39
175 -34
176 -33
177 -38
178 -33
179 -34
180 -12
181 -34
182 -39
183 -34
184 -38
185 -69
186 -33
187 -39
188 -54
189 -12
190 -33
191 -12
192 -12
193 -34
194 -34
195 -39
196 -13
197 -33
198 -38
199 -12
200 -33
201 -39
202 -12
203 -33
204 -33
205 -12
206 -512
207 -34
208 -12
209 -1760
210 -38
211 -33
212 -33
213 -33
214 -34
215 -38
216 -39
217 -12
218 -23
219 -12
220 -39
221 -34
222 -34
223 -12
224 -34
225 -33
226 -39
227 -34
228 -33
229 -38
230 -34
231 -34
232 -39
233 -39
234 -43
235 -39
236 -38
237 -12
238 -34
239 -39
240 -12
241 -38
242 -34
243 -12
244 -38
245 -39
246 -34
247 -39
248 -34
249 -38
250 -33
251 -33
252 -34
253 -34
254 -22
255 -33
256 -41
257 -39
258 -34
259 -39
260 -12
261 -38
262 -30
263 -39
264 -12
265 -38
266 -34
267 -39
268 -38
269 -33
270 -40
271 -33
272 -33
273 -48
274 -34
275 -12
276 -39
277 -34
278 -12
279 -33
280 -34
281 -34
282 -38
283 -34
284 -12
285 -33
286 -34
287 -12
288 -34
289 -36
290 -33
291 -33
292 -38
293 -34
294 -39
295 -12
296 -39
297 -38
298 -33
299 -38
300 -33
301 -12
302 -33
303 -33
304 -39
305 -34
306 -34
307 -12
308 -12
309 -12
310 -33
311 -35
312 -38
313 -12
314 -33
315 -33
316 -34
317 -39
318 -39
319 -39
320 -38
321 -40
322 -39
323 -33
324 -12
325 -34
326 -33
327 -33
328 -41
329 -34
330 -39
331 -33
332 -39
333 -34
334 -33
335 -34
336 -34
337 -33
338 -34
339 -38
340 -537
341 -38
342 -39
343 -38
344 -34
345 -34
346 -33
347 -39
348 -39
349 -34
350 -33
351 -39
352 -39
353 -39
354 -38
355 -38
356 -34
357 -12
358 -33
359 -34
360 -38
361 -33
362 -39
363 -39
364 -12
365 -38
366 -12
367 -38
368 -39
369 -33
370 -38
371 -33
372 -12
373 -736
374 -39
375 -34
376 -38
377 -12
378 -34
379 -44
380 -39
381 -41
382 -38
383 -38
384 -38
385 -39
386 -33
387 -33
388 -38
389 -33
390 -33
391 -12
392 -12
393 -12
394 -34
395 -12
396 -39
397 -38
398 -39
399 -33
400 -38
401 -34
402 -12
403 -39
404 -33
405 -39
406 -39
407 -34
408 -38
409 -34
410 -34
411 -39
412 -34
413 -33
414 -12
415 -12
416 -38
417 -38
418 -38
419 -39
420 -12
421 -38
422 -62
423 -49
424 -33
425 -27
426 -38
427 -12
428 -12
429 -12
430 -12
431 -33
432 -38
433 -34
434 -12
435 -38
436 -12
437 -30
438 -34
439 -33
440 -34
441 -33
442 -33
443 -12
444 -12
445 -12
446 -44
447 -33
448 -39
449 -39
450 -12
451 -38
452 -12
453 -39
454 -38
455 -33
456 -12
457 -12
458 -38
459 -34
460 -39
461 -39
462 -39
463 -33
464 -34
465 -12
466 -38
467 -33
468 -34
469 -34
470 -38
471 -12
472 -12
473 -34
474 -33
475 -12
476 -33
477 -34
478 -39
479 -12
480 -33
481 -39
482 -34
483 -34
484 -12
485 -38
486 -12
487 -12
488 -38
489 -40
490 -30
491 -34
492 -33
493 -12
494 -34
495 -39
496 -38
497 -39
498 -38
499 -39
500 -38
501 -33
502 -33
503 -39
504 -12
505 -38
506 -12
507 -34
508 -34
509 -43
510 -38
511 -12
512 -12
513 -26
514 -39
515 -39
516 -12
517 -33
518 -39
519 -39
520 -39
521 -12
522 -34
523 -39
524 -12
525 -33
526 -33
527 -12
528 -38
529 -35
530 -38
531 -12
532 -12
533 -12
534 -38
535 -34
536 -33
537 -33
538 -39
539 -12
540 -17
541 -39
542 -51
543 -38
544 -71
545 -39
546 -33
547 -33
548 -33
549 -30
550 -39
551 -39
552 -12
553 -39
554 -38
555 -12
556 -33
557 -12
558 -40
559 -33
560 -33
561 -33
562 -12
563 -39
564 -33
565 -33
566 -39
567 -39
568 -39
569 -12
570 -34
571 -36
572 -34
573 -12
574 -33
575 -39
576 -38
577 -33
578 -39
579 -33
580 -38
581 -39
582 -34
583 -39
584 -38
585 -33
586 -33
587 -1497
588 -34
589 -43
590 -34
591 -34
592 -38
593 -39
594 -12
595 -38
596 -38
597 -12
598 -12
599 -38
600 -43
601 -39
602 -38
603 -39
604 -33
605 -12
606 -38
607 -34
608 -34
609 -34
610 -12
611 -12
612 -34
613 -38
614 -12
615 -33
616 -33
617 -39
618 -38
619 -38
620 -33
621 -38
622 -33
623 -39
624 -12
625 -39
626 -12
627 -39
628 -12
629 -33
630 -38
631 -33
632 -41
633 -34
634 -12
635 -38
636 -38
637 -33
638 -38
639 -38
640 -38
641 -44
642 -12
643 -38
644 -39
645 -12
646 -34
647 -39
648 -12
649 -33
650 -33
651 -13
652 -12
653 -33
654 -29
655 -12
656 -12
657 -12
658 -65
659 -34
660 -39
661 -38
662 -39
663 -34
664 -38
665 -40
666 -38
667 -33
668 -12
669 -33
670 -38
671 -38
672 -33
673 -38
674 -34
675 -40
676 -33
677 -34
678 -34
679 -12
680 -39
681 -34
682 -12
683 -38
684 -39
685 -38
686 -34
687 -39
688 -38
689 -39
690 -12
691 -12
692 -37
693 -39
694 -39
695 -34
696 -12
697 -33
698 -38
699 -12
700 -39
701 -39
702 -38
703 -38
704 -34
705 -34
706 -38
707 -12
708 -34
709 -12
710 -33
711 -12
712 -14
713 -38
714 -38
715 -38
716 -12
717 -34
718 -38
719 -39
720 -12
721 -34
722 -39
723 -33
724 -38
725 -12
726 -39
727 -12
728 -34
729 -39
730 -38
731 -58
732 -12
733 -34
734 -2959
735 -12
736 -34
737 -33
738 -12
739 -34
740 -38
741 -12
742 -27
743 -34
744 -39
745 -34
746 -38
747 -38
748 -34
749 -39
750 -38
751 -38
752 -34
753 -39
754 -34
755 -33
756 -12
757 -34
758 -12
759 -12
760 -34
761 -12
762 -34
763 -34
764 -33
765 -12
766 -39
767 -38
768 -33
769 -34
770 -38
771 -34
772 -43
773 -12
774 -34
775 -33
776 -39
777 -39
778 -39
779 -34
780 -42
781 -34
782 -38
783 -38
784 -33
785 -33
786 -38
787 -38
788 -33
789 -34
790 -39
791 -34
792 -45
793 -33
794 -33
795 -38
796 -33
797 -38
798 -34
799 -38
800 -33
801 -34
802 -12
803 -38
804 -1603
805 -34
806 -12
807 -34
808 -34
809 -34
810 -39
811 -38
812 -34
813 -39
814 -33
815 -39
816 -42
817 -38
818 -38
819 -38
820 -34
821 -38
822 -12
823 -34
824 -33
825 -34
826 -39
827 -39
828 -12
829 -34
830 -33
831 -33
832 -38
833 -39
834 -38
835 -38
836 -33
837 -33
838 -39
839 -38
840 -39
841 -38
842 -39
843 -12
844 -41
845 -33
846 -22
847 -34
848 -38
849 -39
850 -33
851 -33
852 -39
853 -12
854 -38
855 -34
856 -33
857 -12
858 -33
859 -33
860 -12
861 -38
862 -38
863 -39
864 -12
865 -38
866 -12
867 -12
868 -38
869 -39
870 -38
871 -34
872 -34
873 -12
874 -12
875 -39
876 -38
877 -34
878 -34
879 -33
880 -33
881 -12
882 -39
883 -12
884 -12
885 -39
886 -29
887 -54
888 -34
889 -38
890 -33
891 -38
892 -33
893 -39
894 -38
895 -39
896 -38
897 -38
898 -34
899 -33
900 -38
901 -12
902 -34
903 -39
904 -34
905 -39
906 -34
907 -13
908 -39
909 -33
910 -34
911 -12
912 -12
913 -34
914 -34
915 -38
916 -33
917 -38
918 -43
919 -38
920 -33
921 -38
922 -43
923 -12
924 -38
925 -33
926 -12
927 -39
928 -38
929 -12
930 -33
931 -34
932 -33
933 -39
934 -33
935 -12
936 -12
937 -39
938 -33
939 -39
940 -39
941 -38
942 -13
943 -39
944 -34
945 -34
946 -34
947 -12
948 -12
949 -39
950 -33
951 -33
952 -38
953 -39
954 -34
955 -33
956 -33
957 -39
958 -12
959 -33
960 -39
961 -12
962 -34
963 -34
964 -39
965 -38
966 -34
967 -12
968 -38
969 -39
970 -33
971 -39
972 -33
973 -38
974 -39
975 -33
976 -38
977 -34
978 -38
979 -33
980 -33
981 -39
982 -45
983 -39
984 -34
985 -33
986 -14
987 -33
988 -39
989 -38
990 -39
991 -12
992 -33
993 -12
994 -12
995 -12
996 -39
997 -33
998 -33
999 -39
