0 -39
1 -12
2 -34
3 -34
4 -12
5 -39
6 -39
7 -33
8 -33
9 -38
10 -39
11 -38
12 -12
13 -34
14 -34
15 -34
16 -33
17 -12
18 -12
19 -34
20 -33
21 -12
22 -34
23 -39
24 -34
25 -34
26 -34
27 -39
28 -38
29 -33
30 -66
31 -12
32 -38
33 -34
34 -39
35 -33
36 -34
37 -34
38 -38
39 -28
40 -34
41 -34
42 -33
43 -34
44 -38
45 -34
46 -38
47 -39
48 -33
49 -34
50 -33
51 -12
52 -12
53 -33
54 -34
55 -30
56 -39
57 -34
58 -39
59 -34
60 -34
61 -12
62 -34
63 -33
64 -12
65 -38
66 -33
67 -38
68 -38
69 -33
70 -12
71 -38
72 -7557
73 -38
74 -34
75 -38
76 -33
77 -33
78 -38
79 -34
80 -38
81 -33
82 -39
83 -38
84 -33
85 -34
86 -40
87 -38
88 -34
89 -12
90 -38
91 -38
92 -33
93 -53
94 -33
95 -38
96 -34
97 -39
98 -42
99 -34
100 -33
101 -39
102 -39
103 -33
104 -34
105 -33
106 -33
107 -33
108 -38
109 -34
110 -38
111 -12
112 -39
113 -38
114 -38
115 -34
116 -39
117 -33
118 -38
119 -38
120 -38
121 -39
122 -33
123 -37
124 -39
125 -38
126 -12
127 -12
128 -12
129 -33
130 -38
131 -33
132 -48
133 -12
134 -39
135 -39
136 -12
137 -39
138 -34
139 -39
140 -33
141 -48
142 -26
143 -34
144 -12
145 -38
146 -12
147 -24
148 -34
149 -12
150 -34
151 -34
152 -12
153 -38
154 -39
155 -48
156 -12
157 -12
158 -12
159 -38
160 -33
161 -34
162 -39
163 -39
164 -39
165 -33
166 -34
167 -12
168 -47
169 -39
170 -39
171 -38
172 -39
173 -12
174 -12
175 -12
176 -34
177 -33
178 -33
179 -33
180 -39
181 -39
182 -33
183 -34
184 -33
185 -34
186 -33
187 -39
188 -39
189 -34
190 -39
191 -12
192 -39
193 -39
194 -33
195 -39
196 -33
197 -33
198 -38
199 -34
200 -12
201 -39
202 -34
203 -33
204 -38
205 -34
206 -12
207 -33
208 -12
209 -12
210 -33
211 -39
212 -34
213 -33
214 -33
215 -38
216 -12
217 -39
218 -12
219 -36
220 -39
221 -38
222 -38
223 -39
224 -34
225 -12
226 -34
227 -12
228 -33
229 -38
230 -38
231 -38
232 -39
233 -43
234 -33
235 -38
236 -34
237 -12
238 -38
239 -38
240 -33
241 -38
242 -34
243 -33
244 -1452
245 -38
246 -12
247 -12
248 -39
249 -34
250 -39
251 -34
252 -33
253 -38
254 -38
255 -39
256 -33
257 -38
258 -35
259 -34
260 -33
261 -39
262 -33
263 -39
264 -38
265 -33
266 -12
267 -38
268 -33
269 -35
270 -39
271 -38
272 -39
273 -12
274 -33
275 -12
276 -53
277 -39
278 -33
279 -34
280 -39
281 -12
282 -41
283 -12
284 -33
285 -33
286 -39
287 -39
288 -39
289 -39
290 -31
291 -12
292 -33
293 -38
294 -12
295 -34
296 -38
297 -12
298 -33
299 -12
300 -33
301 -38
302 -38
303 -39
304 -39
305 -12
306 -12
307 -22
308 -34
309 -39
310 -12
311 -33
312 -34
313 -12
314 -39
315 -33
316 -38
317 -38
318 -38
319 -34
320 -38
321 -12
322 -39
323 -33
324 -39
325 -34
326 -34
327 -38
328 -41
329 -12
330 -12
331 -38
332 -39
333 -38
334 -38
335 -12
336 -33
337 -12
338 -34
339 -38
340 -33
341 -12
342 -33
343 -33
344 -39
345 -33
346 -12
347 -39
348 -38
349 -38
350 -34
351 -12
352 -39
353 -33
354 -34
355 -34
356 -33
357 -12
358 -12
359 -39
360 -96
361 -38
362 -39
363 -34
364 -12
365 -39
366 -34
367 -38
368 -39
369 -38
370 -33
371 -39
372 -43
373 -38
374 -33
375 -34
376 -12
377 -12
378 -34
379 -38
380 -12
381 -38
382 -39
383 -39
384 -33
385 -12
386 -33
387 -38
388 -12
389 -38
390 -40
391 -34
392 -34
393 -12
394 -149
395 -39
396 -39
397 -34
398 -33
399 -33
400 -39
401 -38
402 -34
403 -12
404 -12
405 -34
406 -33
407 -48
408 -38
409 -12
410 -39
411 -34
412 -34
413 -34
414 -39
415 -33
416 -34
417 -33
418 -34
419 -12
420 -12
421 -33
422 -33
423 -12
424 -39
425 -33
426 -38
427 -33
428 -38
429 -33
430 -38
431 -36
432 -33
433 -39
434 -12
435 -33
436 -38
437 -12
438 -34
439 -12
440 -39
441 -34
442 -39
443 -34
444 -39
445 -39
446 -33
447 -38
448 -38
449 -34
450 -38
451 -33
452 -33
453 -34
454 -12
455 -12
456 -34
457 -22
458 -33
459 -34
460 -39
461 -38
462 -39
463 -34
464 -39
465 -13
466 -34
467 -34
468 -51
469 -33
470 -33
471 -38
472 -39
473 -39
474 -38
475 -39
476 -33
477 -34
478 -33
479 -38
480 -33
481 -34
482 -38
483 -34
484 -45
485 -39
486 -12
487 -30
488 -33
489 -12
490 -33
491 -33
492 -12
493 -38
494 -34
495 -38
496 -39
497 -12
498 -39
499 -38
500 -33
501 -34
502 -29
503 -33
504 -12
505 -38
506 -33
507 -34
508 -38
509 -33
510 -34
511 -39
512 -34
513 -38
514 -38
515 -39
516 -38
517 -33
518 -34
519 -38
520 -33
521 -33
522 -34
523 -49
524 -38
525 -40
526 -33
527 -34
528 -29
529 -12
530 -38
531 -33
532 -12
533 -39
534 -12
535 -38
536 -39
537 -33
538 -39
539 -39
540 -38
541 -39
542 -34
543 -40
544 -33
545 -39
546 -39
547 -12
548 -33
549 -12
550 -33
551 -12
552 -12
553 -33
554 -12
555 -34
556 -39
557 -34
558 -34
559 -12
560 -33
561 -39
562 -65
563 -38
564 -39
565 -12
566 -12
567 -39
568 -33
569 -33
570 -34
571 -33
572 -38
573 -33
574 -1794
575 -39
576 -38
577 -33
578 -33
579 -34
580 -33
581 -38
582 -38
583 -34
584 -38
585 -34
586 -38
587 -33
588 -1787
589 -34
590 -34
591 -34
592 -34
593 -39
594 -38
595 -12
596 -33
597 -39
598 -33
599 -12
600 -12
601 -39
602 -34
603 -34
604 -12
605 -38
606 -34
607 -34
608 -12
609 -12
610 -34
611 -33
612 -34
613 -39
614 -12
615 -38
616 -34
617 -33
618 -35
619 -39
620 -12
621 -34
622 -34
623 -39
624 -34
625 -39
626 -33
627 -12
628 -33
629 -38
630 -38
631 -33
632 -12
633 -40
634 -34
635 -33
636 -38
637 -34
638 -34
639 -39
640 -34
641 -34
642 -38
643 -39
644 -42
645 -12
646 -34
647 -33
648 -38
649 -38
650 -34
651 -39
652 -38
653 -33
654 -39
655 -38
656 -34
657 -39
658 -34
659 -38
660 -39
661 -70
662 -38
663 -39
664 -39
665 -38
666 -34
667 -12
668 -33
669 -123
670 -34
671 -38
672 -34
673 -33
674 -34
675 -34
676 -38
677 -39
678 -12
679 -38
680 -37
681 -12
682 -39
683 -34
684 -12
685 -33
686 -39
687 -39
688 -33
689 -39
690 -39
691 -34
692 -38
693 -33
694 -33
695 -40
696 -12
697 -12
698 -38
699 -33
700 -34
701 -34
702 -39
703 -34
704 -33
705 -34
706 -39
707 -12
708 -39
709 -33
710 -39
711 -12
712 -39
713 -39
714 -1034
715 -38
716 -39
717 -38
718 -39
719 -39
720 -34
721 -38
722 -39
723 -35
724 -39
725 -39
726 -39
727 -43
728 -377
729 -39
730 -34
731 -12
732 -38
733 -12
734 -39
735 -38
736 -38
737 -12
738 -33
739 -39
740 -34
741 -38
742 -38
743 -12
744 -39
745 -38
746 -43
747 -33
748 -34
749 -38
750 -38
751 -38
752 -38
753 -39
754 -6852
755 -38
756 -12
757 -38
758 -30
759 -33
760 -39
761 -12
762 -39
763 -34
764 -12
765 -39
766 -33
767 -34
768 -39
769 -33
770 -39
771 -34
772 -57
773 -38
774 -38
775 -12
776 -40
777 -38
778 -33
779 -12
780 -33
781 -12
782 -12
783 -12
784 -12
785 -34
786 -38
787 -34
788 -39
789 -33
790 -38
791 -33
792 -28
793 -38
794 -34
795 -12
796 -34
797 -38
798 -12
799 -33
800 -39
801 -34
802 -12
803 -32
804 -33
805 -34
806 -33
807 -12
808 -34
809 -33
810 -33
811 -34
812 -34
813 -393
814 -12
815 -33
816 -38
817 -12
818 -38
819 -12
820 -12
821 -38
822 -33
823 -34
824 -38
825 -34
826 -38
827 -33
828 -33
829 -38
830 -38
831 -34
832 -12
833 -12
834 -33
835 -38
836 -34
837 -39
838 -12
839 -34
840 -13
841 -33
842 -39
843 -39
844 -38
845 -34
846 -38
847 -12
848 -39
849 -39
850 -33
851 -34
852 -34
853 -12
854 -33
855 -33
856 -38
857 -33
858 -34
859 -12
860 -33
861 -33
862 -33
863 -12
864 -38
865 -38
866 -34
867 -12
868 -39
869 -12
870 -34
871 -39
872 -34
873 -34
874 -34
875 -38
876 -33
877 -12
878 -12
879 -33
880 -12
881 -39
882 -12
883 -34
884 -34
885 -34
886 -38
887 -38
888 -12
889 -34
890 -39
891 -33
892 -12
893 -33
894 -74
895 -12
896 -38
897 -39
898 -33
899 -62
900 -12
901 -39
902 -42
903 -38
904 -39
905 -38
906 -39
907 -12
908 -38
909 -34
910 -39
911 -39
912 -40
913 -12
914 -39
915 -33
916 -39
917 -34
918 -33
919 -39
920 -34
921 -34
922 -38
923 -34
924 -38
925 -12
926 -38
927 -12
928 -34
929 -45
930 -33
931 -39
932 -12
933 -34
934 -34
935 -39
936 -38
937 -39
938 -33
939 -34
940 -34
941 -30
942 -12
943 -38
944 -12
945 -38
946 -39
947 -34
948 -34
949 -12
950 -34
951 -12
952 -39
953 -39
954 -38
955 -12
956 -38
957 -33
958 -39
959 -34
960 -39
961 -39
962 -34
963 -33
964 -34
965 -33
966 -38
967 -33
968 -34
969 -33
970 -39
971 -39
972 -38
973 -34
974 -34
975 -34
976 -33
977 -34
978 -12
979 -34
980 -38
981 -39
982 -39
983 -34
984 -12
985 -39
986 -34
987 -34
988 -33
989 -38
990 -39
991 -12
992 -12
993 -38
994 -34
995 -34
996 -38
997 -34
998 -33
999 -33
