0 -12
1 -39
2 -12
3 -33
4 -12
5 -12
6 -43
7 -34
8 -12
9 -12
10 -12
11 -39
12 -38
13 -39
14 -33
15 -34
16 -38
17 -38
18 -38
19 -34
20 -12
21 -34
22 -39
23 -38
24 -33
25 -12
26 -38
27 -34
28 -34
29 -34
30 -38
31 -12
32 -34
33 -38
34 -39
35 -35
36 -12
37 -34
38 -38
39 -12
40 -38
41 -33
42 -33
43 -34
44 -12
45 -34
46 -12
47 -39
48 -40
49 -39
50 -39
51 -12
52 -34
53 -12
54 -34
55 -34
56 -33
57 -33
58 -12
59 -34
60 -39
61 -34
62 -38
63 -41
64 -38
65 -33
66 -34
67 -34
68 -53
69 -38
70 -16
71 -33
72 -38
73 -38
74 -38
75 -38
76 -39
77 -74
78 -34
79 -12
80 -12
81 -39
82 -34
83 -12
84 -39
85 -48
86 -34
87 -34
88 -34
89 -49
90 -38
91 -34
92 -39
93 -33
94 -38
95 -39
96 -33
97 -12
98 -38
99 -34
100 -39
101 -39
102 -38
103 -39
104 -12
105 -39
106 -34
107 -34
108 -39
109 -39
110 -40
111 -34
112 -21
113 -12
114 -12
115 -12
116 -12
117 -38
118 -38
119 -33
120 -33
121 -38
122 -39
123 -34
124 -34
125 -38
126 -12
127 -34
128 -33
129 -34
130 -39
131 -34
132 -38
133 -12
134 -39
135 -12
136 -33
137 -34
138 -12
139 -39
140 -38
141 -34
142 -38
143 -33
144 -34
145 -34
146 -34
147 -12
148 -12
149 -38
150 -34
151 -34
152 -28
153 -33
154 -33
155 -34
156 -37
157 -35
158 -33
159 -12
160 -30
161 -12
162 -34
163 -33
164 -39
165 -39
166 -33
167 -12
168 -12
169 -38
170 -39
171 -12
172 -34
173 -40
174 -33
175 -33
176 -12
177 -33
178 -33
179 -39
180 -38
181 -12
182 -39
183 -34
184 -44
185 -12
186 -33
187 -33
188 -38
189 -12
190 -38
191 -39
192 -38
193 -33
194 -34
195 -40
196 -38
197 -33
198 -34
199 -34
200 -12
201 -39
202 -39
203 -34
204 -34
205 -484
206 -33
207 -38
208 -38
209 -34
210 -39
211 -33
212 -12
213 -39
214 -38
215 -34
216 -39
217 -38
218 -34
219 -39
220 -38
221 -33
222 -38
223 -39
224 -12
225 -33
226 -38
227 -38
228 -39
229 -12
230 -34
231 -12
232 -33
233 -38
234 -38
235 -33
236 -34
237 -38
238 -34
239 -34
240 -39
241 -33
242 -34
243 -34
244 -38
245 -60
246 -38
247 -12
248 -34
249 -38
250 -33
251 -12
252 -38
253 -12
254 -12
255 -33
256 -38
257 -33
258 -38
259 -38
260 -34
261 -38
262 -33
263 -38
264 -33
265 -39
266 -33
267 -34
268 -39
269 -12
270 -38
271 -33
272 -33
273 -33
274 -39
275 -33
276 -34
277 -39
278 -324
279 -39
280 -38
281 -39
282 -34
283 -39
284 -34
285 -33
286 -12
287 -38
288 -38
289 -35
290 -34
291 -33
292 -39
293 -39
294 -12
295 -12
296 -12
297 -39
298 -34
299 -38
300 -49
301 -34
302 -527
303 -38
304 -34
305 -34
306 -38
307 -33
308 -2180
309 -39
310 -38
311 -39
312 -44
313 -38
314 -39
315 -53
316 -34
317 -34
318 -34
319 -38
320 -34
321 -34
322 -12
323 -33
324 -12
325 -12
326 -35
327 -33
328 -34
329 -39
330 -12
331 -38
332 -38
333 -34
334 -39
335 -38
336 -34
337 -12
338 -38
339 -34
340 -39
341 -39
342 -26
343 -33
344 -38
345 -38
346 -38
347 -39
348 -39
349 -38
350 -34
351 -34
352 -38
353 -12
354 -34
355 -12
356 -34
357 -39
358 -12
359 -34
360 -38
361 -34
362 -12
363 -12
364 -12
365 -38
366 -39
367 -12
368 -34
369 -12
370 -34
371 -12
372 -38
373 -38
374 -38
375 -34
376 -33
377 -12
378 -12
379 -38
380 -33
381 -38
382 -33
383 -33
384 -33
385 -39
386 -16
387 -38
388 -33
389 -12
390 -34
391 -34
392 -34
393 -33
394 -39
395 -34
396 -34
397 -38
398 -38
399 -39
400 -38
401 -34
402 -34
403 -38
404 -38
405 -33
406 -38
407 -34
408 -38
409 -34
410 -34
411 -12
412 -33
413 -39
414 -34
415 -33
416 -12
417 -12
418 -34
419 -33
420 -43
421 -38
422 -39
423 -33
424 -39
425 -38
426 -34
427 -33
428 -33
429 -34
430 -29
431 -34
432 -34
433 -39
434 -12
435 -12
436 -33
437 -39
438 -12
439 -33
440 -39
441 -39
442 -33
443 -44
444 -33
445 -34
446 -12
447 -38
448 -26
449 -34
450 -33
451 -34
452 -38
453 -33
454 -33
455 -38
456 -34
457 -39
458 -33
459 -34
460 -12
461 -34
462 -38
463 -39
464 -34
465 -34
466 -12
467 -39
468 -12
469 -39
470 -38
471 -38
472 -33
473 -39
474 -34
475 -39
476 -12
477 -34
478 -38
479 -39
480 -34
481 -38
482 -33
483 -39
484 -34
485 -29
486 -12
487 -41
488 -34
489 -39
490 -39
491 -39
492 -34
493 -39
494 -12
495 -33
496 -38
497 -38
498 -33
499 -38
500 -34
501 -12
502 -34
503 -39
504 -39
505 -39
506 -43
507 -33
508 -12
509 -39
510 -12
511 -34
512 -39
513 -38
514 -38
515 -12
516 -38
517 -33
518 -33
519 -38
520 -12
521 -39
522 -39
523 -12
524 -34
525 -39
526 -34
527 -39
528 -34
529 -34
530 -12
531 -34
532 -38
533 -12
534 -12
535 -34
536 -30
537 -47
538 -34
539 -33
540 -34
541 -39
542 -34
543 -39
544 -12
545 -33
546 -34
547 -30
548 -33
549 -39
550 -12
551 -38
552 -38
553 -33
554 -33
555 -34
556 -39
557 -58
558 -38
559 -34
560 -38
561 -34
562 -59
563 -34
564 -34
565 -34
566 -33
567 -39
568 -34
569 -33
570 -12
571 -34
572 -12
573 -34
574 -34
575 -33
576 -34
577 -34
578 -39
579 -34
580 -34
581 -38
582 -38
583 -33
584 -38
585 -12
586 -26
587 -39
588 -39
589 -12
590 -36
591 -39
592 -12
593 -38
594 -12
595 -34
596 -38
597 -34
598 -12
599 -33
600 -34
601 -12
602 -34
603 -33
604 -38
605 -35
606 -39
607 -39
608 -34
609 -33
610 -33
611 -33
612 -33
613 -38
614 -39
615 -38
616 -33
617 -38
618 -34
619 -12
620 -33
621 -26
622 -34
623 -12
624 -41
625 -34
626 -33
627 -209
628 -33
629 -39
630 -38
631 -38
632 -39
633 -34
634 -12
635 -34
636 -38
637 -12
638 -33
639 -12
640 -33
641 -12
642 -12
643 -34
644 -34
645 -34
646 -34
647 -39
648 -40
649 -48
650 -38
651 -34
652 -38
653 -34
654 -12
655 -38
656 -39
657 -38
658 -35
659 -38
660 -34
661 -38
662 -33
663 -12
664 -33
665 -38
666 -39
667 -12
668 -34
669 -34
670 -33
671 -38
672 -38
673 -34
674 -34
675 -34
676 -39
677 -38
678 -38
679 -13
680 -39
681 -12
682 -33
683 -39
684 -38
685 -12
686 -38
687 -38
688 -12
689 -34
690 -33
691 -39
692 -39
693 -33
694 -34
695 -34
696 -12
697 -35
698 -33
699 -12
700 -33
701 -38
702 -38
703 -33
704 -33
705 -12
706 -12
707 -33
708 -12
709 -39
710 -39
711 -12
712 -34
713 -34
714 -38
715 -12
716 -39
717 -12
718 -39
719 -34
720 -12
721 -38
722 -12
723 -34
724 -34
725 -34
726 -33
727 -38
728 -39
729 -38
730 -33
731 -39
732 -34
733 -38
734 -34
735 -33
736 -34
737 -34
738 -33
739 -39
740 -12
741 -33
742 -33
743 -33
744 -12
745 -33
746 -34
747 -33
748 -38
749 -34
750 -33
751 -34
752 -12
753 -38
754 -39
755 -34
756 -34
757 -12
758 -54
759 -38
760 -33
761 -34
762 -35
763 -33
764 -34
765 -39
766 -42
767 -12
768 -34
769 -38
770 -33
771 -33
772 -38
773 -34
774 -33
775 -33
776 -38
777 -12
778 -12
779 -24
780 -39
781 -34
782 -33
783 -38
784 -34
785 -39
786 -38
787 -39
788 -38
789 -12
790 -34
791 -487
792 -34
793 -482
794 -38
795 -38
796 -38
797 -34
798 -12
799 -39
800 -12
801 -34
802 -33
803 -675
804 -38
805 -38
806 -38
807 -12
808 -39
809 -39
810 -65
811 -38
812 -39
813 -34
814 -34
815 -33
816 -39
817 -34
818 -38
819 -12
820 -12
821 -39
822 -34
823 -12
824 -12
825 -38
826 -12
827 -34
828 -34
829 -13
830 -33
831 -34
832 -12
833 -34
834 -12
835 -38
836 -33
837 -12
838 -39
839 -39
840 -33
841 -39
842 -12
843 -12
844 -39
845 -33
846 -39
847 -34
848 -38
849 -33
850 -33
851 -38
852 -39
853 -39
854 -39
855 -12
856 -33
857 -34
858 -34
859 -39
860 -12
861 -34
862 -12
863 -38
864 -34
865 -38
866 -38
867 -38
868 -34
869 -38
870 -38
871 -12
872 -39
873 -38
874 -34
875 -34
876 -33
877 -12
878 -55
879 -39
880 -70
881 -39
882 -38
883 -39
884 -33
885 -38
886 -34
887 -33
888 -39
889 -34
890 -39
891 -34
892 -12
893 -12
894 -12
895 -38
896 -39
897 -34
898 -38
899 -33
900 -39
901 -39
902 -38
903 -12
904 -12
905 -34
906 -38
907 -33
908 -33
909 -39
910 -38
911 -38
912 -12
913 -38
914 -39
915 -38
916 -39
917 -12
918 -34
919 -34
920 -12
921 -34
922 -33
923 -38
924 -34
925 -34
926 -38
927 -12
928 -12
929 -12
930 -38
931 -12
932 -39
933 -39
934 -39
935 -34
936 -39
937 -33
938 -34
939 -38
940 -38
941 -39
942 -39
943 -38
944 -38
945 -12
946 -33
947 -38
948 -38
949 -12
950 -38
951 -33
952 -34
953 -38
954 -38
955 -12
956 -33
957 -34
958 -38
959 -34
960 -38
961 -38
962 -38
963 -34
964 -39
965 -39
966 -12
967 -12
968 -34
969 -34
970 -38
971 -39
972 -38
973 -34
974 -12
975 -34
976 -12
977 -34
978 -39
979 -12
980 -33
981 -12
982 -38
983 -12
984 -34
985 -40
986 -39
987 -38
988 -33
989 -38
990 -12
991 -38
992 -12
993 -38
994 -38
995 -34
996 -39
997 -12
998 -33
999 -33
