0 -33
1 -38
2 -39
3 -39
4 -38
5 -34
6 -13
7 -39
8 -22
9 -38
10 -38
11 -34
12 -34
13 -13
14 -33
15 -39
16 -33
17 -34
18 -39
19 -34
20 -38
21 -38
22 -39
23 -13
24 -39
25 -34
26 -34
27 -13
28 -13
29 -34
30 -13
31 -34
32 -13
33 -39
34 -33
35 -34
36 -38
37 -12
38 -38
39 -34
40 -34
41 -39
42 -39
43 -38
44 -39
45 -39
46 -27
47 -34
48 -13
49 -13
50 -820
51 -38
52 -39
53 -13
54 -34
55 -33
56 -38
57 -39
58 -33
59 -33
60 -38
61 -34
62 -34
63 -33
64 -39
65 -38
66 -34
67 -13
68 -13
69 -13
70 -34
71 -13
72 -34
73 -33
74 -33
75 -34
76 -34
77 -33
78 -13
79 -39
80 -13
81 -33
82 -33
83 -43
84 -41
85 -13
86 -39
87 -38
88 -34
89 -38
90 -39
91 -33
92 -39
93 -33
94 -33
95 -43
96 -13
97 -13
98 -34
99 -39
100 -34
101 -13
102 -13
103 -34
104 -34
105 -34
106 -39
107 -33
108 -34
109 -35
110 -13
111 -33
112 -38
113 -38
114 -13
115 -33
116 -34
117 -42
118 -13
119 -39
120 -34
121 -38
122 -38
123 -39
124 -34
125 -13
126 -34
127 -23
128 -34
129 -13
130 -34
131 -33
132 -33
133 -13
134 -13
135 -34
136 -38
137 -38
138 -13
139 -39
140 -38
141 -38
142 -33
143 -13
144 -39
145 -38
146 -33
147 -38
148 -33
149 -33
150 -13
151 -39
152 -34
153 -33
154 -34
155 -34
156 -34
157 -13
158 -33
159 -13
160 -29
161 -39
162 -38
163 -34
164 -27
165 -39
166 -13
167 -13
168 -45
169 -38
170 -38
171 -34
172 -34
173 -34
174 -33
175 -33
176 -13
177 -13
178 -13
179 -34
180 -13
181 -13
182 -39
183 -34
184 -34
185 -39
186 -39
187 -33
188 -38
189 -38
190 -38
191 -33
192 -13
193 -13
194 -33
195 -13
196 -33
197 -34
198 -38
199 -34
200 -39
201 -38
202 -39
203 -13
204 -39
205 -33
206 -34
207 -38
208 -38
209 -33
210 -13
211 -34
212 -13
213 -39
214 -39
215 -33
216 -33
217 -34
218 -39
219 -38
220 -13
221 -13
222 -34
223 -38
224 -39
225 -13
226 -38
227 -39
228 -37
229 -38
230 -39
231 -33
232 -14
233 -38
234 -14
235 -955
236 -33
237 -38
238 -13
239 -13
240 -13
241 -13
242 -38
243 -38
244 -39
245 -39
246 -38
247 -33
248 -13
249 -34
250 -13
251 -13
252 -38
253 -39
254 -13
255 -34
256 -34
257 -39
258 -34
259 -13
260 -38
261 -39
262 -39
263 -13
264 -38
265 -38
266 -33
267 -13
268 -33
269 -34
270 -34
271 -38
272 -13
273 -42
274 -33
275 -34
276 -34
277 -34
278 -39
279 -33
280 -13
281 -33
282 -39
283 -13
284 -39
285 -33
286 -38
287 -40
288 -33
289 -33
290 -13
291 -38
292 -13
293 -33
294 -39
295 -38
296 -34
297 -33
298 -38
299 -33
300 -39
301 -34
302 -38
303 -55
304 -33
305 -39
306 -13
307 -49
308 -13
309 -39
310 -33
311 -33
312 -13
313 -39
314 -13
315 -28
316 -38
317 -34
318 -39
319 -38
320 -462
321 -39
322 -34
323 -13
324 -33
325 -38
326 -13
327 -13
328 -33
329 -34
330 -38
331 -33
332 -38
333 -38
334 -38
335 -13
336 -33
337 -33
338 -33
339 -33
340 -33
341 -33
342 -39
343 -34
344 -33
345 -34
346 -35
347 -34
348 -34
349 -34
350 -13
351 -38
352 -34
353 -39
354 -34
355 -34
356 -38
357 -39
358 -39
359 -13
360 -39
361 -13
362 -39
363 -21
364 -33
365 -34
366 -33
367 -16
368 -33
369 -13
370 -39
371 -39
372 -33
373 -33
374 -38
375 -33
376 -38
377 -13
378 -39
379 -13
380 -30
381 -34
382 -33
383 -34
384 -13
385 -13
386 -13
387 -34
388 -33
389 -13
390 -33
391 -34
392 -31
393 -34
394 -33
395 -13
396 -13
397 -39
398 -33
399 -33
400 -38
401 -38
402 -38
403 -34
404 -34
405 -34
406 -34
407 -13
408 -39
409 -38
410 -13
411 -38
412 -13
413 -38
414 -39
415 -39
416 -34
417 -33
418 -33
419 -34
420 -39
421 -13
422 -38
423 -13
424 -141
425 -33
426 -33
427 -34
428 -33
429 -38
430 -13
431 -38
432 -44
433 -39
434 -39
435 -38
436 -288
437 -34
438 -14
439 -13
440 -33
441 -34
442 -38
443 -33
444 -34
445 -13
446 -39
447 -34
448 -34
449 -38
450 -13
451 -33
452 -39
453 -38
454 -13
455 -33
456 -38
457 -34
458 -46
459 -39
460 -38
461 -29
462 -13
463 -13
464 -39
465 -34
466 -38
467 -38
468 -33
469 -38
470 -39
471 -419
472 -13
473 -34
474 -33
475 -34
476 -13
477 -34
478 -13
479 -34
480 -13
481 -34
482 -33
483 -38
484 -38
485 -13
486 -23
487 -33
488 -13
489 -45
490 -33
491 -38
492 -34
493 -39
494 -13
495 -39
496 -34
497 -34
498 -33
499 -33
500 -39
501 -34
502 -39
503 -13
504 -45
505 -33
506 -34
507 -38
508 -13
509 -33
510 -39
511 -13
512 -39
513 -39
514 -33
515 -13
516 -39
517 -34
518 -34
519 -39
520 -39
521 -39
522 -39
523 -39
524 -12
525 -38
526 -34
527 -34
528 -34
529 -33
530 -40
531 -33
532 -13
533 -33
534 -33
535 -38
536 -13
537 -13
538 -13
539 -13
540 -39
541 -33
542 -34
543 -39
544 -33
545 -39
546 -34
547 -38
548 -33
549 -38
550 -13
551 -33
552 -13
553 -34
554 -33
555 -39
556 -33
557 -43
558 -38
559 -33
560 -34
561 -33
562 -39
563 -33
564 -13
565 -38
566 -33
567 -33
568 -38
569 -38
570 -33
571 -39
572 -33
573 -34
574 -33
575 -45
576 -39
577 -33
578 -34
579 -33
580 -13
581 -13
582 -38
583 -34
584 -34
585 -43
586 -13
587 -38
588 -13
589 -34
590 -34
591 -33
592 -13
593 -39
594 -33
595 -34
596 -39
597 -39
598 -39
599 -13
600 -13
601 -33
602 -39
603 -38
604 -39
605 -39
606 -38
607 -13
608 -33
609 -13
610 -33
611 -38
612 -34
613 -33
614 -39
615 -33
616 -39
617 -39
618 -13
619 -13
620 -33
621 -38
622 -33
623 -33
624 -38
625 -29
626 -39
627 -37
628 -13
629 -33
630 -33
631 -34
632 -33
633 -33
634 -38
635 -39
636 -38
637 -38
638 -38
639 -13
640 -38
641 -38
642 -13
643 -33
644 -13
645 -33
646 -34
647 -34
648 -33
649 -13
650 -33
651 -39
652 -33
653 -38
654 -38
655 -48
656 -13
657 -34
658 -13
659 -57
660 -34
661 -13
662 -33
663 -13
664 -13
665 -38
666 -13
667 -38
668 -34
669 -39
670 -38
671 -13
672 -13
673 -38
674 -39
675 -39
676 -38
677 -13
678 -39
679 -39
680 -33
681 -44
682 -33
683 -38
684 -39
685 -13
686 -13
687 -38
688 -38
689 -13
690 -13
691 -34
692 -13
693 -13
694 -33
695 -38
696 -39
697 -39
698 -39
699 -39
700 -33
701 -33
702 -39
703 -38
704 -38
705 -49
706 -38
707 -34
708 -38
709 -33
710 -39
711 -38
712 -33
713 -34
714 -33
715 -34
716 -33
717 -39
718 -33
719 -38
720 -33
721 -13
722 -34
723 -13
724 -38
725 -33
726 -38
727 -39
728 -37
729 -39
730 -33
731 -38
732 -34
733 -33
734 -34
735 -38
736 -34
737 -38
738 -34
739 -34
740 -38
741 -39
742 -33
743 -33
744 -162
745 -38
746 -34
747 -43
748 -34
749 -33
750 -43
751 -33
752 -33
753 -13
754 -26
755 -13
756 -13
757 -33
758 -39
759 -53
760 -34
761 -34
762 -34
763 -41
764 -39
765 -33
766 -38
767 -13
768 -34
769 -33
770 -33
771 -34
772 -13
773 -38
774 -33
775 -13
776 -39
777 -38
778 -33
779 -33
780 -34
781 -13
782 -34
783 -39
784 -39
785 -33
786 -35
787 -34
788 -34
789 -34
790 -33
791 -13
792 -34
793 -38
794 -33
795 -34
796 -33
797 -34
798 -33
799 -13
800 -34
801 -34
802 -34
803 -34
804 -65
805 -202
806 -39
807 -34
808 -39
809 -33
810 -34
811 -38
812 -39
813 -13
814 -33
815 -39
816 -34
817 -33
818 -38
819 -33
820 -34
821 -39
822 -34
823 -33
824 -39
825 -33
826 -38
827 -39
828 -13
829 -13
830 -39
831 -34
832 -38
833 -13
834 -33
835 -13
836 -13
837 -38
838 -34
839 -34
840 -33
841 -34
842 -33
843 -12
844 -37
845 -39
846 -34
847 -33
848 -38
849 -34
850 -13
851 -13
852 -38
853 -34
854 -13
855 -13
856 -13
857 -41
858 -13
859 -17
860 -39
861 -13
862 -34
863 -38
864 -13
865 -39
866 -35
867 -34
868 -38
869 -33
870 -39
871 -38
872 -34
873 -1797
874 -39
875 -33
876 -33
877 -38
878 -38
879 -418
880 -39
881 -34
882 -39
883 -34
884 -38
885 -33
886 -49
887 -38
888 -33
889 -34
890 -38
891 -33
892 -33
893 -13
894 -39
895 -13
896 -39
897 -33
898 -39
899 -38
900 -17
901 -33
902 -34
903 -34
904 -43
905 -38
906 -39
907 -34
908 -38
909 -13
910 -13
911 -39
912 -39
913 -38
914 -34
915 -13
916 -39
917 -39
918 -33
919 -39
920 -39
921 -39
922 -38
923 -33
924 -13
925 -34
926 -38
927 -38
928 -27
929 -33
930 -38
931 -34
932 -33
933 -38
934 -13
935 -13
936 -39
937 -38
938 -38
939 -38
940 -39
941 -13
942 -34
943 -13
944 -34
945 -39
946 -39
947 -13
948 -34
949 -33
950 -13
951 -13
952 -13
953 -33
954 -38
955 -12
956 -33
957 -38
958 -39
959 -33
960 -33
961 -39
962 -34
963 -13
964 -13
965 -13
966 -34
967 -13
968 -39
969 -30
970 -408
971 -39
972 -39
973 -38
974 -49
975 -39
976 -34
977 -39
978 -25
979 -39
980 -34
981 -34
982 -39
983 -39
984 -38
985 -33
986 -38
987 -27
988 -13
989 -38
990 -39
991 -13
992 -13
993 -39
994 -33
995 -34
996 -33
997 -34
998 -13
999 -39
