0 -39
1 -38
2 -39
3 -12
4 -12
5 -39
6 -39
7 -33
8 -38
9 -13
10 -33
11 -34
12 -34
13 -39
14 -34
15 -38
16 -34
17 -34
18 -39
19 -33
20 -12
21 -34
22 -34
23 -23
24 -39
25 -33
26 -39
27 -38
28 -38
29 -39
30 -12
31 -34
32 -33
33 -33
34 -34
35 -12
36 -34
37 -38
38 -12
39 -33
40 -34
41 -34
42 -12
43 -45
44 -34
45 -12
46 -38
47 -65
48 -12
49 -38
50 -34
51 -33
52 -38
53 -38
54 -39
55 -33
56 -39
57 -38
58 -12
59 -34
60 -33
61 -33
62 -34
63 -33
64 -34
65 -33
66 -95
67 -34
68 -12
69 -39
70 -34
71 -39
72 -33
73 -33
74 -34
75 -33
76 -39
77 -32
78 -38
79 -34
80 -44
81 -34
82 -34
83 -34
84 -39
85 -33
86 -33
87 -33
88 -38
89 -33
90 -34
91 -39
92 -39
93 -38
94 -39
95 -34
96 -12
97 -39
98 -34
99 -33
100 -38
101 -38
102 -38
103 -12
104 -12
105 -12
106 -38
107 -34
108 -34
109 -33
110 -34
111 -34
112 -39
113 -33
114 -33
115 -33
116 -38
117 -38
118 -34
119 -12
120 -38
121 -12
122 -39
123 -33
124 -12
125 -39
126 -39
127 -38
128 -39
129 -39
130 -39
131 -38
132 -38
133 -12
134 -39
135 -34
136 -12
137 -38
138 -39
139 -33
140 -12
141 -39
142 -39
143 -31
144 -39
145 -34
146 -34
147 -33
148 -38
149 -33
150 -34
151 -34
152 -38
153 -12
154 -39
155 -12
156 -38
157 -34
158 -33
159 -12
160 -39
161 -30
162 -39
163 -38
164 -34
165 -38
166 -42
167 -12
168 -12
169 -39
170 -12
171 -33
172 -34
173 -38
174 -12
175 -37
176 -38
177 -39
178 -38
179 -33
180 -34
181 -38
182 -38
183 -34
184 -34
185 -12
186 -33
187 -38
188 -39
189 -12
190 -12
191 -39
192 -33
193 -33
194 -34
195 -33
196 -38
197 -38
198 -12
199 -12
200 -38
201 -39
202 -34
203 -12
204 -34
205 -39
206 -38
207 -38
208 -12
209 -33
210 -39
211 -38
212 -33
213 -39
214 -33
215 -33
216 -35
217 -38
218 -34
219 -34
220 -33
221 -38
222 -12
223 -33
224 -34
225 -12
226 -39
227 -34
228 -34
229 -48
230 -12
231 -33
232 -38
233 -12
234 -12
235 -38
236 -38
237 -12
238 -12
239 -34
240 -12
241 -12
242 -38
243 -38
244 -34
245 -33
246 -38
247 -39
248 -39
249 -66
250 -34
251 -38
252 -38
253 -34
254 -34
255 -12
256 -38
257 -39
258 -12
259 -33
260 -34
261 -12
262 -38
263 -34
264 -12
265 -12
266 -34
267 -49
268 -34
269 -34
270 -38
271 -34
272 -34
273 -12
274 -39
275 -33
276 -39
277 -38
278 -34
279 -38
280 -34
281 -34
282 -33
283 -33
284 -38
285 -38
286 -38
287 -12
288 -12
289 -34
290 -34
291 -38
292 -44
293 -38
294 -39
295 -12
296 -48
297 -45
298 -39
299 -34
300 -39
301 -39
302 -39
303 -33
304 -34
305 -12
306 -39
307 -12
308 -38
309 -12
310 -38
311 -39
312 -33
313 -12
314 -33
315 -12
316 -33
317 -12
318 -34
319 -12
320 -38
321 -34
322 -33
323 -38
324 -12
325 -34
326 -12
327 -38
328 -39
329 -33
330 -33
331 -33
332 -39
333 -34
334 -12
335 -38
336 -12
337 -12
338 -33
339 -34
340 -33
341 -39
342 -34
343 -33
344 -12
345 -39
346 -33
347 -39
348 -12
349 -12
350 -33
351 -33
352 -39
353 -34
354 -34
355 -39
356 -33
357 -39
358 -33
359 -12
360 -33
361 -34
362 -33
363 -38
364 -34
365 -38
366 -33
367 -39
368 -34
369 -39
370 -33
371 -41
372 -33
373 -34
374 -34
375 -38
376 -39
377 -38
378 -38
379 -12
380 -38
381 -34
382 -38
383 -12
384 -33
385 -34
386 -34
387 -34
388 -12
389 -39
390 -33
391 -33
392 -779
393 -33
394 -39
395 -34
396 -33
397 -33
398 -38
399 -38
400 -39
401 -12
402 -38
403 -34
404 -39
405 -33
406 -38
407 -39
408 -33
409 -33
410 -12
411 -33
412 -39
413 -39
414 -12
415 -12
416 -38
417 -33
418 -33
419 -12
420 -38
421 -12
422 -39
423 -33
424 -34
425 -33
426 -12
427 -33
428 -34
429 -33
430 -39
431 -38
432 -39
433 -33
434 -33
435 -38
436 -38
437 -38
438 -33
439 -33
440 -66
441 -34
442 -33
443 -38
444 -33
445 -34
446 -39
447 -33
448 -33
449 -38
450 -38
451 -38
452 -34
453 -38
454 -12
455 -12
456 -12
457 -17
458 -15
459 -39
460 -38
461 -44
462 -34
463 -39
464 -225
465 -34
466 -38
467 -44
468 -39
469 -12
470 -33
471 -39
472 -12
473 -39
474 -39
475 -38
476 -33
477 -38
478 -33
479 -12
480 -39
481 -12
482 -39
483 -38
484 -34
485 -33
486 -34
487 -34
488 -12
489 -12
490 -12
491 -12
492 -33
493 -33
494 -12
495 -33
496 -12
497 -12
498 -34
499 -38
500 -34
501 -39
502 -38
503 -34
504 -39
505 -33
506 -38
507 -33
508 -39
509 -39
510 -39
511 -38
512 -33
513 -33
514 -12
515 -28
516 -12
517 -38
518 -33
519 -33
520 -34
521 -34
522 -33
523 -33
524 -39
525 -39
526 -38
527 -38
528 -34
529 -12
530 -39
531 -39
532 -54
533 -33
534 -34
535 -33
536 -34
537 -34
538 -12
539 -33
540 -33
541 -39
542 -34
543 -33
544 -33
545 -34
546 -38
547 -12
548 -39
549 -39
550 -34
551 -39
552 -12
553 -38
554 -33
555 -39
556 -34
557 -12
558 -12
559 -39
560 -38
561 -33
562 -12
563 -38
564 -39
565 -39
566 -12
567 -34
568 -39
569 -39
570 -46
571 -33
572 -34
573 -38
574 -38
575 -34
576 -33
577 -39
578 -34
579 -39
580 -39
581 -12
582 -39
583 -38
584 -12
585 -38
586 -12
587 -39
588 -38
589 -34
590 -12
591 -39
592 -12
593 -33
594 -39
595 -12
596 -12
597 -39
598 -38
599 -12
600 -33
601 -12
602 -33
603 -34
604 -39
605 -33
606 -33
607 -39
608 -33
609 -33
610 -34
611 -33
612 -34
613 -12
614 -38
615 -34
616 -39
617 -39
618 -33
619 -34
620 -38
621 -43
622 -12
623 -34
624 -12
625 -38
626 -12
627 -13
628 -39
629 -12
630 -33
631 -38
632 -12
633 -33
634 -36
635 -39
636 -12
637 -33
638 -12
639 -12
640 -34
641 -39
642 -39
643 -33
644 -39
645 -12
646 -12
647 -38
648 -12
649 -34
650 -38
651 -12
652 -39
653 -34
654 -34
655 -33
656 -33
657 -38
658 -33
659 -34
660 -39
661 -38
662 -12
663 -33
664 -33
665 -33
666 -38
667 -12
668 -12
669 -12
670 -12
671 -33
672 -12
673 -39
674 -38
675 -40
676 -34
677 -33
678 -33
679 -38
680 -12
681 -39
682 -12
683 -38
684 -34
685 -38
686 -34
687 -39
688 -34
689 -34
690 -33
691 -39
692 -39
693 -46
694 -38
695 -39
696 -33
697 -39
698 -34
699 -39
700 -34
701 -39
702 -34
703 -12
704 -33
705 -38
706 -12
707 -40
708 -34
709 -39
710 -12
711 -44
712 -12
713 -38
714 -34
715 -38
716 -34
717 -39
718 -39
719 -12
720 -44
721 -12
722 -12
723 -38
724 -34
725 -38
726 -527
727 -12
728 -33
729 -33
730 -38
731 -29
732 -39
733 -34
734 -31
735 -33
736 -38
737 -39
738 -12
739 -12
740 -34
741 -33
742 -12
743 -12
744 -27
745 -12
746 -39
747 -33
748 -33
749 -38
750 -34
751 -34
752 -34
753 -38
754 -38
755 -33
756 -33
757 -33
758 -39
759 -12
760 -12
761 -34
762 -38
763 -33
764 -12
765 -34
766 -38
767 -33
768 -38
769 -60
770 -39
771 -38
772 -33
773 -38
774 -47
775 -38
776 -33
777 -25
778 -520
779 -33
780 -33
781 -38
782 -33
783 -12
784 -39
785 -34
786 -26
787 -34
788 -38
789 -34
790 -33
791 -33
792 -39
793 -34
794 -39
795 -38
796 -39
797 -39
798 -33
799 -33
800 -39
801 -38
802 -12
803 -34
804 -38
805 -33
806 -33
807 -36
808 -12
809 -33
810 -34
811 -46
812 -38
813 -12
814 -38
815 -33
816 -69
817 -33
818 -34
819 -12
820 -12
821 -43
822 -56
823 -33
824 -38
825 -33
826 -39
827 -38
828 -34
829 -33
830 -34
831 -12
832 -39
833 -33
834 -34
835 -38
836 -34
837 -12
838 -39
839 -39
840 -12
841 -38
842 -34
843 -38
844 -39
845 -38
846 -12
847 -34
848 -12
849 -12
850 -22
851 -33
852 -12
853 -33
854 -12
855 -23
856 -12
857 -39
858 -34
859 -12
860 -33
861 -39
862 -12
863 -12
864 -34
865 -38
866 -33
867 -34
868 -38
869 -39
870 -34
871 -34
872 -12
873 -34
874 -1057
875 -12
876 -12
877 -106
878 -12
879 -38
880 -12
881 -33
882 -34
883 -12
884 -39
885 -34
886 -34
887 -34
888 -33
889 -34
890 -30
891 -39
892 -12
893 -43
894 -33
895 -12
896 -39
897 -39
898 -42
899 -12
900 -34
901 -39
902 -34
903 -38
904 -38
905 -12
906 -39
907 -39
908 -34
909 -39
910 -1205
911 -38
912 -38
913 -38
914 -42
915 -33
916 -12
917 -33
918 -39
919 -33
920 -38
921 -34
922 -12
923 -38
924 -33
925 -12
926 -33
927 -42
928 -33
929 -34
930 -12
931 -34
932 -12
933 -33
934 -34
935 -39
936 -33
937 -39
938 -12
939 -38
940 -34
941 -38
942 -12
943 -39
944 -34
945 -12
946 -39
947 -38
948 -38
949 -12
950 -33
951 -33
952 -12
953 -34
954 -39
955 -33
956 -38
957 -39
958 -33
959 -35
960 -26
961 -39
962 -39
963 -39
964 -38
965 -34
966 -42
967 -39
968 -41
969 -12
970 -35
971 -37
972 -12
973 -33
974 -12
975 -30
976 -38
977 -38
978 -12
979 -39
980 -39
981 -34
982 -38
983 -33
984 -38
985 -33
986 -33
987 -34
988 -38
989 -39
990 -34
991 -33
992 -12
993 -12
994 -12
995 -33
996 -12
997 -39
998 -34
999 -38
