0 -34
1 -39
2 -33
3 -12
4 -12
5 -12
6 -33
7 -12
8 -39
9 -12
10 -33
11 -12
12 -33
13 -38
14 -38
15 -12
16 -39
17 -34
18 -12
19 -33
20 -12
21 -12
22 -33
23 -38
24 -12
25 -38
26 -33
27 -34
28 -33
29 -54
30 -33
31 -12
32 -48
33 -33
34 -39
35 -34
36 -12
37 -33
38 -38
39 -12
40 -33
41 -12
42 -12
43 -862
44 -34
45 -35
46 -38
47 -39
48 -12
49 -34
50 -39
51 -38
52 -39
53 -38
54 -39
55 -43
56 -12
57 -12
58 -39
59 -39
60 -34
61 -33
62 -39
63 -12
64 -33
65 -38
66 -39
67 -34
68 -34
69 -12
70 -12
71 -12
72 -38
73 -39
74 -39
75 -38
76 -29
77 -33
78 -33
79 -33
80 -38
81 -34
82 -38
83 -35
84 -34
85 -39
86 -39
87 -34
88 -39
89 -34
90 -39
91 -34
92 -34
93 -39
94 -38
95 -39
96 -39
97 -38
98 -12
99 -34
100 -33
101 -12
102 -33
103 -38
104 -33
105 -34
106 -43
107 -34
108 -33
109 -34
110 -34
111 -38
112 -33
113 -34
114 -13
115 -33
116 -34
117 -38
118 -12
119 -38
120 -34
121 -12
122 -39
123 -38
124 -34
125 -12
126 -33
127 -38
128 -33
129 -33
130 -30
131 -33
132 -12
133 -12
134 -12
135 -34
136 -12
137 -34
138 -33
139 -34
140 -12
141 -33
142 -33
143 -33
144 -39
145 -38
146 -34
147 -34
148 -39
149 -39
150 -12
151 -33
152 -62
153 -12
154 -33
155 -12
156 -12
157 -33
158 -39
159 -34
160 -12
161 -33
162 -39
163 -34
164 -33
165 -12
166 -34
167 -12
168 -38
169 -38
170 -34
171 -34
172 -38
173 -12
174 -39
175 -12
176 -12
177 -33
178 -39
179 -38
180 -49
181 -39
182 -33
183 -39
184 -38
185 -33
186 -39
187 -12
188 -33
189 -33
190 -39
191 -38
192 -26
193 -39
194 -34
195 -33
196 -39
197 -12
198 -38
199 -39
200 -12
201 -34
202 -34
203 -39
204 -34
205 -33
206 -34
207 -38
208 -54
209 -33
210 -38
211 -38
212 -38
213 -39
214 -41
215 -39
216 -33
217 -31
218 -38
219 -35
220 -33
221 -33
222 -33
223 -12
224 -34
225 -34
226 -12
227 -33
228 -38
229 -39
230 -38
231 -39
232 -34
233 -39
234 -33
235 -33
236 -12
237 -33
238 -33
239 -34
240 -39
241 -12
242 -12
243 -39
244 -38
245 -1212
246 -39
247 -38
248 -33
249 -13
250 -33
251 -38
252 -33
253 -33
254 -39
255 -34
256 -38
257 -12
258 -31
259 -39
260 -13
261 -38
262 -1418
263 -38
264 -33
265 -39
266 -34
267 -12
268 -33
269 -33
270 -35
271 -49
272 -38
273 -34
274 -38
275 -34
276 -34
277 -33
278 -12
279 -39
280 -38
281 -40
282 -39
283 -34
284 -34
285 -34
286 -33
287 -39
288 -39
289 -39
290 -34
291 -12
292 -34
293 -34
294 -39
295 -34
296 -12
297 -39
298 -38
299 -34
300 -39
301 -39
302 -65
303 -12
304 -33
305 -34
306 -39
307 -12
308 -38
309 -47
310 -39
311 -38
312 -38
313 -34
314 -33
315 -38
316 -34
317 -33
318 -38
319 -34
320 -38
321 -12
322 -34
323 -39
324 -39
325 -12
326 -39
327 -38
328 -38
329 -34
330 -39
331 -38
332 -34
333 -33
334 -39
335 -38
336 -39
337 -33
338 -38
339 -34
340 -34
341 -38
342 -39
343 -34
344 -39
345 -39
346 -34
347 -34
348 -34
349 -33
350 -39
351 -12
352 -12
353 -38
354 -12
355 -38
356 -12
357 -33
358 -12
359 -35
360 -34
361 -34
362 -39
363 -31
364 -38
365 -38
366 -33
367 -12
368 -39
369 -38
370 -12
371 -38
372 -33
373 -12
374 -12
375 -39
376 -39
377 -39
378 -39
379 -39
380 -759
381 -12
382 -12
383 -34
384 -38
385 -12
386 -33
387 -33
388 -39
389 -39
390 -34
391 -41
392 -34
393 -34
394 -38
395 -39
396 -33
397 -35
398 -12
399 -39
400 -34
401 -38
402 -34
403 -33
404 -33
405 -33
406 -12
407 -39
408 -58
409 -33
410 -12
411 -38
412 -34
413 -39
414 -34
415 -12
416 -12
417 -12
418 -34
419 -38
420 -39
421 -34
422 -39
423 -38
424 -38
425 -34
426 -34
427 -38
428 -39
429 -38
430 -38
431 -34
432 -38
433 -33
434 -39
435 -33
436 -33
437 -33
438 -33
439 -34
440 -38
441 -34
442 -33
443 -38
444 -12
445 -39
446 -34
447 -34
448 -39
449 -34
450 -41
451 -33
452 -33
453 -33
454 -39
455 -12
456 -34
457 -33
458 -12
459 -12
460 -38
461 -39
462 -34
463 -38
464 -34
465 -34
466 -39
467 -39
468 -33
469 -39
470 -12
471 -33
472 -12
473 -34
474 -38
475 -12
476 -12
477 -12
478 -12
479 -12
480 -33
481 -39
482 -12
483 -39
484 -39
485 -39
486 -38
487 -12
488 -33
489 -33
490 -38
491 -33
492 -33
493 -38
494 -39
495 -38
496 -33
497 -34
498 -39
499 -12
500 -39
501 -39
502 -12
503 -34
504 -38
505 -38
506 -38
507 -34
508 -12
509 -12
510 -38
511 -33
512 -33
513 -12
514 -39
515 -12
516 -34
517 -39
518 -34
519 -34
520 -39
521 -38
522 -38
523 -34
524 -12
525 -34
526 -39
527 -34
528 -33
529 -12
530 -39
531 -12
532 -34
533 -33
534 -38
535 -39
536 -33
537 -38
538 -12
539 -33
540 -39
541 -33
542 -39
543 -12
544 -34
545 -40
546 -34
547 -12
548 -34
549 -47
550 -33
551 -38
552 -12
553 -12
554 -38
555 -34
556 -38
557 -33
558 -34
559 -43
560 -33
561 -33
562 -34
563 -12
564 -38
565 -33
566 -34
567 -38
568 -38
569 -38
570 -12
571 -39
572 -33
573 -34
574 -39
575 -12
576 -38
577 -33
578 -12
579 -35
580 -38
581 -12
582 -12
583 -38
584 -38
585 -34
586 -12
587 -39
588 -39
589 -33
590 -38
591 -34
592 -39
593 -39
594 -34
595 -34
596 -39
597 -34
598 -34
599 -33
600 -34
601 -12
602 -12
603 -33
604 -39
605 -39
606 -33
607 -12
608 -12
609 -34
610 -33
611 -39
612 -33
613 -41
614 -12
615 -33
616 -38
617 -12
618 -38
619 -38
620 -38
621 -38
622 -34
623 -3486
624 -40
625 -12
626 -12
627 -39
628 -33
629 -33
630 -12
631 -33
632 -12
633 -34
634 -39
635 -38
636 -33
637 -39
638 -38
639 -39
640 -33
641 -34
642 -34
643 -39
644 -34
645 -34
646 -38
647 -34
648 -33
649 -34
650 -33
651 -12
652 -33
653 -26
654 -34
655 -33
656 -39
657 -38
658 -38
659 -12
660 -5011
661 -33
662 -34
663 -34
664 -34
665 -32
666 -33
667 -39
668 -38
669 -33
670 -12
671 -37
672 -34
673 -12
674 -33
675 -34
676 -34
677 -12
678 -12
679 -33
680 -39
681 -34
682 -33
683 -38
684 -38
685 -33
686 -12
687 -38
688 -34
689 -33
690 -33
691 -34
692 -38
693 -34
694 -33
695 -38
696 -38
697 -38
698 -33
699 -34
700 -65
701 -34
702 -38
703 -34
704 -33
705 -12
706 -39
707 -38
708 -12
709 -39
710 -12
711 -38
712 -28
713 -38
714 -12
715 -33
716 -33
717 -34
718 -12
719 -12
720 -12
721 -39
722 -34
723 -38
724 -33
725 -12
726 -12
727 -38
728 -38
729 -39
730 -25
731 -33
732 -39
733 -33
734 -39
735 -38
736 -34
737 -12
738 -34
739 -33
740 -38
741 -38
742 -39
743 -38
744 -45
745 -39
746 -34
747 -34
748 -39
749 -39
750 -40
751 -38
752 -33
753 -34
754 -39
755 -39
756 -12
757 -39
758 -33
759 -39
760 -12
761 -34
762 -39
763 -12
764 -38
765 -38
766 -38
767 -38
768 -34
769 -33
770 -38
771 -12
772 -12
773 -28
774 -12
775 -38
776 -34
777 -33
778 -12
779 -39
780 -34
781 -12
782 -71
783 -38
784 -39
785 -33
786 -39
787 -34
788 -39
789 -39
790 -33
791 -12
792 -38
793 -34
794 -34
795 -12
796 -34
797 -34
798 -39
799 -33
800 -39
801 -34
802 -34
803 -39
804 -39
805 -39
806 -33
807 -33
808 -34
809 -56
810 -39
811 -39
812 -33
813 -38
814 -33
815 -38
816 -12
817 -33
818 -34
819 -39
820 -39
821 -46
822 -34
823 -34
824 -34
825 -39
826 -34
827 -38
828 -33
829 -39
830 -39
831 -30
832 -34
833 -33
834 -39
835 -40
836 -34
837 -34
838 -33
839 -39
840 -34
841 -38
842 -34
843 -39
844 -12
845 -34
846 -39
847 -39
848 -12
849 -34
850 -12
851 -33
852 -40
853 -12
854 -12
855 -12
856 -12
857 -33
858 -42
859 -38
860 -33
861 -33
862 -33
863 -33
864 -33
865 -33
866 -33
867 -34
868 -12
869 -12
870 -33
871 -38
872 -39
873 -38
874 -39
875 -33
876 -38
877 -12
878 -12
879 -39
880 -38
881 -39
882 -12
883 -33
884 -34
885 -34
886 -39
887 -12
888 -33
889 -38
890 -12
891 -39
892 -38
893 -33
894 -38
895 -33
896 -34
897 -38
898 -38
899 -12
900 -38
901 -12
902 -33
903 -12
904 -39
905 -12
906 -34
907 -33
908 -34
909 -38
910 -33
911 -12
912 -39
913 -13
914 -34
915 -38
916 -39
917 -33
918 -34
919 -21
920 -33
921 -33
922 -34
923 -33
924 -12
925 -39
926 -38
927 -34
928 -39
929 -49
930 -38
931 -34
932 -34
933 -33
934 -12
935 -12
936 -38
937 -38
938 -39
939 -33
940 -39
941 -38
942 -39
943 -12
944 -34
945 -39
946 -34
947 -38
948 -38
949 -39
950 -39
951 -33
952 -34
953 -34
954 -33
955 -12
956 -34
957 -33
958 -34
959 -39
960 -33
961 -12
962 -26
963 -34
964 -12
965 -38
966 -38
967 -39
968 -39
969 -38
970 -12
971 -33
972 -33
973 -34
974 -34
975 -12
976 -38
977 -33
978 -39
979 -33
980 -34
981 -69
982 -39
983 -38
984 -38
985 -39
986 -26
987 -34
988 -34
989 -33
990 -34
991 -38
992 -33
993 -12
994 -33
995 -12
996 -33
997 -39
998 -38
999 -34
