0 -38
1 -12
2 -12
3 -34
4 -38
5 -12
6 -34
7 -60
8 -12
9 -38
10 -34
11 -12
12 -34
13 -12
14 -21
15 -38
16 -39
17 -34
18 -43
19 -22
20 -38
21 -12
22 -33
23 -35
24 -34
25 -33
26 -39
27 -39
28 -33
29 -33
30 -12
31 -33
32 -12
33 -12
34 -34
35 -38
36 -43
37 -39
38 -39
39 -34
40 -39
41 -34
42 -34
43 -12
44 -39
45 -33
46 -33
47 -38
48 -33
49 -39
50 -39
51 -39
52 -39
53 -39
54 -39
55 -38
56 -39
57 -33
58 -38
59 -34
60 -33
61 -34
62 -46
63 -38
64 -33
65 -12
66 -34
67 -33
68 -33
69 -12
70 -12
71 -39
72 -38
73 -34
74 -12
75 -34
76 -33
77 -12
78 -34
79 -39
80 -38
81 -38
82 -39
83 -33
84 -33
85 -39
86 -39
87 -27
88 -39
89 -39
90 -39
91 -38
92 -12
93 -38
94 -34
95 -34
96 -386
97 -54
98 -34
99 -34
100 -33
101 -38
102 -33
103 -38
104 -38
105 -39
106 -41
107 -33
108 -38
109 -39
110 -38
111 -33
112 -33
113 -38
114 -34
115 -38
116 -33
117 -39
118 -34
119 -33
120 -33
121 -12
122 -38
123 -34
124 -34
125 -38
126 -27
127 -34
128 -38
129 -30
130 -33
131 -34
132 -38
133 -39
134 -34
135 -12
136 -34
137 -39
138 -34
139 -33
140 -12
141 -39
142 -12
143 -38
144 -39
145 -33
146 -34
147 -33
148 -38
149 -33
150 -12
151 -12
152 -34
153 -38
154 -33
155 -38
156 -34
157 -39
158 -38
159 -38
160 -38
161 -38
162 -39
163 -12
164 -33
165 -12
166 -12
167 -221
168 -33
169 -34
170 -40
171 -39
172 -38
173 -34
174 -38
175 -38
176 -34
177 -208
178 -39
179 -52
180 -34
181 -33
182 -39
183 -33
184 -38
185 -39
186 -33
187 -39
188 -12
189 -38
190 -38
191 -33
192 -12
193 -39
194 -12
195 -33
196 -35
197 -39
198 -12
199 -33
200 -33
201 -41
202 -33
203 -39
204 -33
205 -33
206 -33
207 -33
208 -33
209 -38
210 -33
211 -34
212 -38
213 -39
214 -12
215 -12
216 -44
217 -33
218 -33
219 -33
220 -45
221 -34
222 -38
223 -38
224 -12
225 -39
226 -42
227 -32
228 -39
229 -12
230 -39
231 -12
232 -55
233 -38
234 -39
235 -34
236 -33
237 -38
238 -38
239 -39
240 -34
241 -22
242 -74
243 -38
244 -21
245 -12
246 -38
247 -28
248 -12
249 -33
250 -12
251 -33
252 -12
253 -12
254 -12
255 -38
256 -33
257 -39
258 -34
259 -12
260 -33
261 -39
262 -39
263 -22
264 -25
265 -34
266 -38
267 -12
268 -38
269 -39
270 -33
271 -12
272 -38
273 -12
274 -12
275 -33
276 -39
277 -12
278 -12
279 -38
280 -38
281 -12
282 -34
283 -33
284 -39
285 -39
286 -39
287 -38
288 -13
289 -38
290 -39
291 -34
292 -33
293 -12
294 -33
295 -38
296 -39
297 -219
298 -39
299 -12
300 -39
301 -34
302 -33
303 -45
304 -39
305 -33
306 -33
307 -34
308 -17
309 -12
310 -34
311 -33
312 -33
313 -39
314 -12
315 -39
316 -12
317 -38
318 -12
319 -33
320 -34
321 -39
322 -12
323 -34
324 -12
325 -12
326 -12
327 -38
328 -33
329 -34
330 -33
331 -34
332 -33
333 -33
334 -38
335 -39
336 -49
337 -39
338 -38
339 -39
340 -12
341 -34
342 -33
343 -26
344 -34
345 -38
346 -34
347 -39
348 -66
349 -33
350 -39
351 -39
352 -34
353 -34
354 -39
355 -38
356 -12
357 -39
358 -38
359 -38
360 -39
361 -39
362 -33
363 -30
364 -34
365 -38
366 -34
367 -38
368 -34
369 -33
370 -33
371 -38
372 -33
373 -33
374 -38
375 -39
376 -38
377 -34
378 -12
379 -34
380 -39
381 -12
382 -34
383 -39
384 -13
385 -39
386 -33
387 -38
388 -33
389 -38
390 -38
391 -13
392 -39
393 -39
394 -38
395 -13
396 -12
397 -34
398 -33
399 -12
400 -33
401 -33
402 -12
403 -38
404 -34
405 -39
406 -38
407 -39
408 -33
409 -39
410 -33
411 -38
412 -34
413 -12
414 -34
415 -38
416 -34
417 -38
418 -38
419 -38
420 -34
421 -38
422 -39
423 -33
424 -12
425 -33
426 -33
427 -34
428 -39
429 -38
430 -12
431 -39
432 -41
433 -34
434 -12
435 -33
436 -33
437 -38
438 -12
439 -38
440 -39
441 -12
442 -38
443 -33
444 -12
445 -33
446 -39
447 -38
448 -38
449 -33
450 -38
451 -33
452 -38
453 -12
454 -38
455 -34
456 -39
457 -38
458 -38
459 -39
460 -39
461 -34
462 -12
463 -38
464 -39
465 -39
466 -16
467 -12
468 -12
469 -12
470 -38
471 -38
472 -33
473 -39
474 -38
475 -33
476 -12
477 -12
478 -34
479 -38
480 -12
481 -12
482 -39
483 -34
484 -12
485 -34
486 -38
487 -640
488 -33
489 -34
490 -39
491 -34
492 -12
493 -38
494 -38
495 -109
496 -12
497 -38
498 -494
499 -39
500 -34
501 -12
502 -38
503 -12
504 -34
505 -12
506 -33
507 -203
508 -33
509 -12
510 -349
511 -34
512 -33
513 -38
514 -39
515 -38
516 -62
517 -34
518 -12
519 -46
520 -33
521 -34
522 -39
523 -39
524 -12
525 -34
526 -38
527 -33
528 -33
529 -39
530 -12
531 -35
532 -12
533 -12
534 -38
535 -12
536 -39
537 -34
538 -39
539 -34
540 -38
541 -34
542 -33
543 -35
544 -39
545 -33
546 -34
547 -39
548 -12
549 -34
550 -38
551 -12
552 -33
553 -33
554 -33
555 -34
556 -34
557 -33
558 -33
559 -12
560 -12
561 -39
562 -33
563 -34
564 -39
565 -12
566 -39
567 -33
568 -38
569 -3337
570 -38
571 -33
572 -33
573 -38
574 -33
575 -39
576 -38
577 -39
578 -39
579 -33
580 -39
581 -34
582 -39
583 -33
584 -39
585 -34
586 -42
587 -34
588 -12
589 -34
590 -38
591 -33
592 -33
593 -33
594 -33
595 -41
596 -39
597 -38
598 -33
599 -12
600 -39
601 -34
602 -34
603 -12
604 -33
605 -38
606 -98
607 -39
608 -38
609 -38
610 -34
611 -39
612 -38
613 -54
614 -33
615 -39
616 -39
617 -39
618 -33
619 -34
620 -33
621 -38
622 -12
623 -33
624 -33
625 -34
626 -39
627 -39
628 -12
629 -33
630 -39
631 -12
632 -41
633 -39
634 -43
635 -34
636 -34
637 -12
638 -34
639 -12
640 -12
641 -39
642 -33
643 -34
644 -33
645 -39
646 -38
647 -38
648 -39
649 -33
650 -38
651 -33
652 -33
653 -34
654 -39
655 -39
656 -38
657 -35
658 -12
659 -34
660 -34
661 -49
662 -22
663 -34
664 -39
665 -34
666 -34
667 -39
668 -33
669 -12
670 -39
671 -33
672 -38
673 -12
674 -33
675 -33
676 -39
677 -38
678 -12
679 -258
680 -43
681 -38
682 -38
683 -39
684 -39
685 -12
686 -33
687 -34
688 -38
689 -12
690 -34
691 -38
692 -33
693 -39
694 -33
695 -39
696 -38
697 -39
698 -12
699 -12
700 -38
701 -38
702 -12
703 -39
704 -38
705 -38
706 -43
707 -12
708 -39
709 -34
710 -33
711 -12
712 -39
713 -39
714 -12
715 -38
716 -39
717 -34
718 -33
719 -38
720 -39
721 -12
722 -39
723 -38
724 -33
725 -33
726 -39
727 -12
728 -38
729 -33
730 -34
731 -34
732 -34
733 -34
734 -33
735 -12
736 -33
737 -33
738 -39
739 -12
740 -33
741 -39
742 -33
743 -33
744 -39
745 -33
746 -39
747 -38
748 -43
749 -12
750 -66
751 -34
752 -33
753 -33
754 -38
755 -12
756 -38
757 -39
758 -34
759 -33
760 -39
761 -33
762 -34
763 -62
764 -39
765 -43
766 -38
767 -34
768 -33
769 -59
770 -38
771 -38
772 -38
773 -39
774 -33
775 -33
776 -12
777 -38
778 -12
779 -38
780 -33
781 -34
782 -39
783 -38
784 -34
785 -33
786 -38
787 -34
788 -39
789 -39
790 -33
791 -34
792 -39
793 -39
794 -33
795 -38
796 -12
797 -34
798 -34
799 -29
800 -33
801 -14
802 -39
803 -34
804 -12
805 -33
806 -33
807 -38
808 -39
809 -39
810 -34
811 -12
812 -68
813 -39
814 -38
815 -12
816 -34
817 -34
818 -34
819 -38
820 -39
821 -34
822 -33
823 -38
824 -38
825 -12
826 -34
827 -38
828 -34
829 -12
830 -12
831 -38
832 -39
833 -33
834 -38
835 -38
836 -38
837 -12
838 -29
839 -33
840 -33
841 -39
842 -34
843 -38
844 -38
845 -44
846 -39
847 -39
848 -39
849 -33
850 -33
851 -39
852 -38
853 -38
854 -39
855 -12
856 -34
857 -33
858 -38
859 -12
860 -39
861 -12
862 -12
863 -12
864 -39
865 -39
866 -33
867 -39
868 -34
869 -29
870 -39
871 -12
872 -39
873 -39
874 -34
875 -30
876 -12
877 -12
878 -38
879 -38
880 -39
881 -33
882 -39
883 -12
884 -39
885 -12
886 -38
887 -34
888 -12
889 -34
890 -34
891 -38
892 -12
893 -33
894 -33
895 -12
896 -12
897 -34
898 -12
899 -34
900 -39
901 -39
902 -38
903 -33
904 -39
905 -38
906 -39
907 -39
908 -33
909 -55
910 -33
911 -38
912 -12
913 -12
914 -39
915 -39
916 -39
917 -39
918 -34
919 -12
920 -39
921 -34
922 -34
923 -12
924 -12
925 -38
926 -38
927 -12
928 -39
929 -39
930 -12
931 -34
932 -38
933 -12
934 -34
935 -55
936 -38
937 -38
938 -33
939 -39
940 -12
941 -33
942 -27
943 -33
944 -50
945 -33
946 -33
947 -38
948 -39
949 -39
950 -33
951 -34
952 -39
953 -12
954 -33
955 -12
956 -38
957 -12
958 -12
959 -33
960 -39
961 -34
962 -33
963 -20
964 -12
965 -34
966 -37
967 -12
968 -38
969 -38
970 -12
971 -39
972 -33
973 -33
974 -50
975 -39
976 -38
977 -38
978 -38
979 -39
980 -12
981 -34
982 -12
983 -12
984 -12
985 -33
986 -33
987 -34
988 -39
989 -40
990 -34
991 -33
992 -33
993 -47
994 -39
995 -33
996 -33
997 -33
998 -34
999 -12
