0 -12
1 -39
2 -12
3 -38
4 -38
5 -39
6 -39
7 -38
8 -12
9 -39
10 -33
11 -12
12 -12
13 -38
14 -34
15 -12
16 -38
17 -34
18 -38
19 -39
20 -34
21 -38
22 -34
23 -33
24 -38
25 -38
26 -34
27 -12
28 -38
29 -12
30 -12
31 -38
32 -38
33 -38
34 -33
35 -33
36 -33
37 -39
38 -38
39 -38
40 -39
41 -12
42 -34
43 -34
44 -33
45 -39
46 -38
47 -39
48 -39
49 -34
50 -43
51 -34
52 -39
53 -39
54 -39
55 -33
56 -33
57 -34
58 -12
59 -34
60 -38
61 -38
62 -12
63 -34
64 -3661
65 -12
66 -38
67 -38
68 -34
69 -12
70 -39
71 -34
72 -38
73 -34
74 -33
75 -38
76 -34
77 -38
78 -34
79 -12
80 -38
81 -12
82 -39
83 -12
84 -38
85 -33
86 -39
87 -34
88 -38
89 -12
90 -34
91 -12
92 -38
93 -33
94 -38
95 -38
96 -39
97 -33
98 -33
99 -33
100 -12
101 -34
102 -39
103 -38
104 -12
105 -39
106 -39
107 -39
108 -41
109 -34
110 -39
111 -39
112 -12
113 -39
114 -39
115 -39
116 -44
117 -39
118 -34
119 -39
120 -34
121 -38
122 -38
123 -39
124 -38
125 -38
126 -38
127 -33
128 -38
129 -34
130 -39
131 -39
132 -34
133 -38
134 -33
135 -34
136 -33
137 -39
138 -12
139 -5609
140 -33
141 -39
142 -39
143 -39
144 -34
145 -39
146 -39
147 -29
148 -33
149 -39
150 -12
151 -33
152 -12
153 -39
154 -34
155 -34
156 -12
157 -33
158 -38
159 -38
160 -38
161 -38
162 -12
163 -39
164 -34
165 -38
166 -40
167 -39
168 -33
169 -38
170 -12
171 -39
172 -33
173 -12
174 -34
175 -12
176 -38
177 -39
178 -33
179 -38
180 -12
181 -39
182 -38
183 -39
184 -38
185 -12
186 -38
187 -39
188 -18
189 -37
190 -34
191 -38
192 -39
193 -12
194 -38
195 -39
196 -38
197 -39
198 -38
199 -39
200 -39
201 -38
202 -12
203 -33
204 -38
205 -39
206 -38
207 -34
208 -33
209 -12
210 -33
211 -39
212 -39
213 -12
214 -38
215 -12
216 -12
217 -12
218 -39
219 -33
220 -39
221 -33
222 -12
223 -33
224 -12
225 -38
226 -12
227 -34
228 -39
229 -38
230 -34
231 -33
232 -39
233 -34
234 -34
235 -38
236 -33
237 -38
238 -12
239 -33
240 -48
241 -12
242 -12
243 -12
244 -38
245 -33
246 -12
247 -12
248 -34
249 -39
250 -38
251 -12
252 -33
253 -12
254 -38
255 -34
256 -33
257 -39
258 -12
259 -33
260 -35
261 -33
262 -12
263 -33
264 -38
265 -38
266 -34
267 -12
268 -39
269 -38
270 -12
271 -34
272 -38
273 -12
274 -12
275 -34
276 -38
277 -39
278 -28
279 -38
280 -12
281 -38
282 -33
283 -34
284 -12
285 -12
286 -12
287 -38
288 -34
289 -34
290 -33
291 -34
292 -33
293 -12
294 -33
295 -39
296 -12
297 -33
298 -34
299 -33
300 -39
301 -38
302 -39
303 -33
304 -33
305 -12
306 -45
307 -39
308 -34
309 -39
310 -33
311 -12
312 -38
313 -37
314 -12
315 -34
316 -39
317 -34
318 -38
319 -34
320 -39
321 -34
322 -33
323 -12
324 -16
325 -38
326 -33
327 -33
328 -39
329 -19
330 -38
331 -33
332 -38
333 -34
334 -12
335 -33
336 -33
337 -12
338 -39
339 -38
340 -39
341 -34
342 -39
343 -12
344 -33
345 -38
346 -38
347 -12
348 -12
349 -33
350 -33
351 -33
352 -39
353 -12
354 -38
355 -38
356 -12
357 -34
358 -38
359 -39
360 -39
361 -34
362 -39
363 -12
364 -39
365 -38
366 -33
367 -2038
368 -34
369 -33
370 -33
371 -34
372 -12
373 -39
374 -12
375 -38
376 -18
377 -38
378 -38
379 -37
380 -12
381 -38
382 -34
383 -33
384 -34
385 -38
386 -38
387 -34
388 -39
389 -34
390 -34
391 -39
392 -38
393 -34
394 -38
395 -38
396 -12
397 -39
398 -12
399 -33
400 -34
401 -33
402 -53
403 -38
404 -39
405 -34
406 -33
407 -12
408 -12
409 -38
410 -12
411 -39
412 -12
413 -38
414 -39
415 -34
416 -38
417 -39
418 -33
419 -7273
420 -38
421 -39
422 -40
423 -38
424 -43
425 -34
426 -34
427 -39
428 -34
429 -34
430 -34
431 -38
432 -33
433 -33
434 -33
435 -12
436 -12
437 -38
438 -12
439 -38
440 -39
441 -38
442 -34
443 -39
444 -12
445 -34
446 -38
447 -39
448 -39
449 -34
450 -39
451 -33
452 -39
453 -39
454 -34
455 -38
456 -12
457 -50
458 -39
459 -40
460 -38
461 -34
462 -33
463 -34
464 -33
465 -38
466 -12
467 -38
468 -33
469 -12
470 -12
471 -39
472 -33
473 -12
474 -39
475 -33
476 -12
477 -39
478 -12
479 -39
480 -34
481 -34
482 -34
483 -33
484 -175
485 -33
486 -38
487 -12
488 -38
489 -38
490 -39
491 -33
492 -38
493 -39
494 -39
495 -39
496 -34
497 -5021
498 -39
499 -12
500 -12
501 -33
502 -12
503 -12
504 -38
505 -38
506 -12
507 -38
508 -12
509 -39
510 -30
511 -41
512 -12
513 -39
514 -38
515 -39
516 -33
517 -12
518 -34
519 -39
520 -12
521 -12
522 -1423
523 -12
524 -33
525 -34
526 -39
527 -34
528 -39
529 -38
530 -38
531 -39
532 -34
533 -34
534 -39
535 -39
536 -34
537 -39
538 -38
539 -34
540 -34
541 -34
542 -12
543 -12
544 -12
545 -38
546 -33
547 -33
548 -12
549 -39
550 -12
551 -39
552 -39
553 -33
554 -38
555 -34
556 -12
557 -33
558 -40
559 -12
560 -34
561 -39
562 -34
563 -39
564 -33
565 -38
566 -39
567 -33
568 -12
569 -33
570 -39
571 -383
572 -26
573 -39
574 -33
575 -34
576 -34
577 -34
578 -38
579 -39
580 -38
581 -12
582 -33
583 -52
584 -12
585 -39
586 -34
587 -39
588 -12
589 -38
590 -12
591 -33
592 -12
593 -12
594 -34
595 -33
596 -38
597 -39
598 -39
599 -34
600 -34
601 -38
602 -34
603 -33
604 -12
605 -39
606 -34
607 -33
608 -38
609 -39
610 -12
611 -12
612 -38
613 -38
614 -12
615 -38
616 -61
617 -939
618 -34
619 -35
620 -39
621 -33
622 -33
623 -39
624 -38
625 -12
626 -12
627 -33
628 -38
629 -33
630 -12
631 -12
632 -33
633 -18
634 -33
635 -12
636 -33
637 -33
638 -12
639 -33
640 -38
641 -39
642 -33
643 -43
644 -34
645 -38
646 -12
647 -34
648 -39
649 -38
650 -39
651 -12
652 -33
653 -34
654 -39
655 -12
656 -39
657 -34
658 -39
659 -34
660 -12
661 -33
662 -12
663 -37
664 -12
665 -39
666 -38
667 -12
668 -39
669 -34
670 -33
671 -33
672 -33
673 -39
674 -12
675 -43
676 -38
677 -34
678 -62
679 -33
680 -38
681 -39
682 -12
683 -39
684 -12
685 -38
686 -43
687 -3370
688 -33
689 -12
690 -12
691 -33
692 -12
693 -38
694 -39
695 -34
696 -34
697 -38
698 -33
699 -38
700 -38
701 -33
702 -39
703 -33
704 -38
705 -34
706 -38
707 -12
708 -33
709 -38
710 -34
711 -34
712 -38
713 -43
714 -33
715 -34
716 -33
717 -38
718 -37
719 -39
720 -39
721 -34
722 -12
723 -38
724 -38
725 -34
726 -38
727 -33
728 -34
729 -38
730 -12
731 -38
732 -38
733 -38
734 -33
735 -34
736 -38
737 -39
738 -38
739 -39
740 -33
741 -34
742 -176
743 -33
744 -34
745 -33
746 -39
747 -33
748 -38
749 -39
750 -33
751 -34
752 -39
753 -39
754 -33
755 -12
756 -39
757 -6154
758 -33
759 -39
760 -34
761 -39
762 -12
763 -33
764 -12
765 -12
766 -41
767 -33
768 -33
769 -62
770 -39
771 -12
772 -39
773 -12
774 -12
775 -38
776 -38
777 -12
778 -39
779 -33
780 -12
781 -35
782 -34
783 -34
784 -33
785 -34
786 -33
787 -12
788 -35
789 -34
790 -33
791 -38
792 -12
793 -38
794 -38
795 -39
796 -39
797 -34
798 -34
799 -12
800 -34
801 -12
802 -39
803 -34
804 -34
805 -34
806 -33
807 -12
808 -1875
809 -33
810 -34
811 -38
812 -39
813 -38
814 -12
815 -38
816 -38
817 -3752
818 -12
819 -39
820 -34
821 -34
822 -33
823 -12
824 -38
825 -34
826 -38
827 -12
828 -39
829 -38
830 -33
831 -34
832 -33
833 -39
834 -12
835 -34
836 -33
837 -12
838 -12
839 -38
840 -39
841 -33
842 -34
843 -39
844 -38
845 -12
846 -34
847 -34
848 -39
849 -33
850 -12
851 -34
852 -33
853 -39
854 -33
855 -12
856 -39
857 -12
858 -38
859 -38
860 -38
861 -38
862 -21
863 -39
864 -12
865 -34
866 -34
867 -12
868 -38
869 -33
870 -38
871 -38
872 -39
873 -12
874 -38
875 -12
876 -38
877 -34
878 -34
879 -33
880 -33
881 -33
882 -12
883 -39
884 -34
885 -28
886 -34
887 -12
888 -38
889 -39
890 -38
891 -33
892 -12
893 -41
894 -33
895 -34
896 -33
897 -38
898 -12
899 -38
900 -39
901 -38
902 -12
903 -12
904 -33
905 -38
906 -39
907 -35
908 -34
909 -45
910 -12
911 -39
912 -33
913 -39
914 -34
915 -34
916 -39
917 -34
918 -33
919 -12
920 -12
921 -12
922 -39
923 -34
924 -39
925 -12
926 -12
927 -21
928 -34
929 -39
930 -39
931 -39
932 -611
933 -39
934 -39
935 -34
936 -33
937 -34
938 -12
939 -38
940 -38
941 -39
942 -12
943 -12
944 -38
945 -34
946 -38
947 -34
948 -12
949 -34
950 -38
951 -12
952 -33
953 -33
954 -12
955 -39
956 -12
957 -12
958 -39
959 -50
960 -33
961 -34
962 -34
963 -12
964 -34
965 -39
966 -34
967 -39
968 -33
969 -33
970 -33
971 -34
972 -34
973 -33
974 -12
975 -39
976 -33
977 -12
978 -33
979 -33
980 -34
981 -38
982 -34
983 -39
984 -38
985 -33
986 -38
987 -12
988 -34
989 -39
990 -38
991 -39
992 -34
993 -39
994 -12
995 -39
996 -12
997 -12
998 -38
999 -38
