0 -36
1 -317
2 -33
3 -351
4 -33
5 -46
6 -34
7 -115
8 -560
9 -40
10 -34
11 -46
12 -34
13 -249
14 -29
15 -33
16 -33
17 -29
18 -118
19 -29
20 -33
21 -303
22 -48
23 -300
24 -34
25 -39
26 -155
27 -353
28 -360
29 -184
30 -29
31 -29
32 -29
33 -280
34 -34
35 -85
36 -34
37 -38
38 -33
39 -34
40 -34
41 -100
42 -33
43 -29
44 -612
45 -33
46 -29
47 -34
48 -34
49 -177
50 -166
51 -33
52 -29
53 -34
54 -29
55 -34
56 -34
57 -29
58 -33
59 -459
60 -348
61 -33
62 -34
63 -29
64 -34
65 -323
66 -326
67 -34
68 -64
69 -33
70 -62
71 -34
72 -34
73 -29
74 -29
75 -29
76 -33
77 -351
78 -191
79 -143
80 -529
81 -37
82 -576
83 -33
84 -29
85 -34
86 -79
87 -34
88 -14
89 -33
90 -442
91 -33
92 -33
93 -29
94 -57
95 -95
96 -182
97 -34
98 -132
99 -1005
100 -52
101 -33
102 -253
103 -29
104 -34
105 -34
106 -419
107 -1307
108 -33
109 -356
110 -229
111 -33
112 -107
113 -33
114 -145
115 -30
116 -29
117 -34
118 -364
119 -1010
120 -34
121 -29
122 -33
123 -600
124 -33
125 -29
126 -62
127 -175
128 -34
129 -34
130 -242
131 -34
132 -858
133 -29
134 -12
135 -33
136 -237
137 -33
138 -301
139 -33
140 -103
141 -34
142 -29
143 -33
144 -34
145 -258
146 -29
147 -29
148 -34
149 -43
150 -668
151 -34
152 -162
153 -34
154 -33
155 -409
156 -33
157 -29
158 -34
159 -249
160 -29
161 -33
162 -716
163 -34
164 -215
165 -314
166 -424
167 -440
168 -405
169 -34
170 -29
171 -34
172 -482
173 -154
174 -168
175 -1172
176 -33
177 -34
178 -33
179 -34
180 -34
181 -405
182 -29
183 -34
184 -33
185 -33
186 -34
187 -33
188 -33
189 -29
190 -248
191 -29
192 -34
193 -411
194 -100
195 -34
196 -55
197 -33
198 -48
199 -34
200 -33
201 -189
202 -107
203 -34
204 -523
205 -34
206 -29
207 -33
208 -101
209 -42
210 -29
211 -33
212 -520
213 -433
214 -123
215 -34
216 -29
217 -33
218 -48
219 -173
220 -29
221 -34
222 -29
223 -33
224 -33
225 -29
226 -409
227 -29
228 -461
229 -295
230 -154
231 -493
232 -29
233 -305
234 -33
235 -33
236 -29
237 -34
238 -34
239 -34
240 -29
241 -525
242 -124
243 -33
244 -35
245 -34
246 -33
247 -34
248 -33
249 -125
250 -29
251 -39
252 -29
253 -29
254 -52
255 -34
256 -29
257 -34
258 -45
259 -33
260 -33
261 -34
262 -140
263 -29
264 -34
265 -67
266 -51
267 -34
268 -773
269 -29
270 -29
271 -33
272 -29
273 -33
274 -143
275 -519
276 -33
277 -33
278 -56
279 -460
280 -57
281 -96
282 -34
283 -34
284 -303
285 -394
286 -322
287 -33
288 -29
289 -124
290 -29
291 -214
292 -33
293 -33
294 -232
295 -33
296 -29
297 -1019
298 -92
299 -34
300 -37
301 -119
302 -34
303 -33
304 -29
305 -33
306 -76
307 -185
308 -1504
309 -466
310 -168
311 -34
312 -29
313 -33
314 -254
315 -350
316 -67
317 -374
318 -260
319 -34
320 -29
321 -29
322 -90
323 -38
324 -29
325 -33
326 -34
327 -222
328 -53
329 -144
330 -90
331 -34
332 -34
333 -188
334 -34
335 -29
336 -495
337 -384
338 -171
339 -33
340 -33
341 -34
342 -114
343 -34
344 -33
345 -29
346 -55
347 -237
348 -962
349 -33
350 -440
351 -29
352 -529
353 -33
354 -34
355 -353
356 -33
357 -155
358 -29
359 -29
360 -29
361 -33
362 -163
363 -37
364 -29
365 -33
366 -33
367 -33
368 -92
369 -34
370 -34
371 -37
372 -66
373 -33
374 -236
375 -158
376 -33
377 -88
378 -33
379 -99
380 -231
381 -34
382 -29
383 -568
384 -29
385 -422
386 -428
387 -34
388 -33
389 -34
390 -34
391 -34
392 -42
393 -29
394 -33
395 -34
396 -33
397 -120
398 -34
399 -165
400 -33
401 -374
402 -29
403 -263
404 -94
405 -34
406 -34
407 -29
408 -427
409 -29
410 -251
411 -29
412 -29
413 -33
414 -34
415 -34
416 -29
417 -34
418 -29
419 -34
420 -33
421 -33
422 -33
423 -31
424 -35
425 -379
426 -29
427 -259
428 -79
429 -29
430 -29
431 -34
432 -33
433 -33
434 -33
435 -80
436 -63
437 -659
438 -33
439 -121
440 -34
441 -33
442 -667
443 -120
444 -33
445 -49
446 -307
447 -46
448 -77
449 -440
450 -33
451 -29
452 -33
453 -429
454 -33
455 -212
456 -61
457 -43
458 -25
459 -52
460 -34
461 -325
462 -34
463 -20
464 -33
465 -29
466 -29
467 -153
468 -33
469 -69
470 -946
471 -29
472 -171
473 -34
474 -33
475 -34
476 -34
477 -53
478 -33
479 -34
480 -242
481 -33
482 -34
483 -34
484 -34
485 -33
486 -29
487 -120
488 -29
489 -33
490 -1091
491 -34
492 -88
493 -352
494 -33
495 -343
496 -34
497 -33
498 -34
499 -105
500 -445
501 -34
502 -29
503 -29
504 -34
505 -33
506 -29
507 -131
508 -29
509 -421
510 -29
511 -184
512 -29
513 -33
514 -67
515 -33
516 -34
517 -395
518 -34
519 -39
520 -34
521 -1103
522 -326
523 -378
524 -29
525 -78
526 -93
527 -34
528 -42
529 -29
530 -29
531 -168
532 -29
533 -29
534 -33
535 -29
536 -256
537 -33
538 -33
539 -92
540 -70
541 -33
542 -29
543 -29
544 -221
545 -34
546 -29
547 -33
548 -56
549 -503
550 -34
551 -242
552 -175
553 -29
554 -34
555 -33
556 -145
557 -307
558 -91
559 -29
560 -29
561 -205
562 -34
563 -29
564 -108
565 -160
566 -29
567 -29
568 -219
569 -34
570 -33
571 -1224
572 -179
573 -33
574 -331
575 -34
576 -391
577 -32
578 -46
579 -79
580 -59
581 -34
582 -431
583 -561
584 -33
585 -285
586 -33
587 -33
588 -33
589 -34
590 -29
591 -33
592 -34
593 -33
594 -34
595 -29
596 -366
597 -667
598 -33
599 -34
600 -34
601 -33
602 -29
603 -29
604 -33
605 -279
606 -29
607 -47
608 -33
609 -33
610 -142
611 -34
612 -29
613 -29
614 -1026
615 -29
616 -225
617 -33
618 -29
619 -33
620 -87
621 -29
622 -34
623 -34
624 -512
625 -34
626 -29
627 -24
628 -288
629 -29
630 -33
631 -95
632 -34
633 -165
634 -33
635 -29
636 -29
637 -33
638 -1185
639 -34
640 -30
641 -371
642 -401
643 -33
644 -34
645 -1167
646 -33
647 -233
648 -814
649 -493
650 -97
651 -47
652 -29
653 -29
654 -57
655 -34
656 -29
657 -324
658 -29
659 -37
660 -33
661 -57
662 -487
663 -263
664 -497
665 -29
666 -33
667 -28
668 -183
669 -29
670 -29
671 -232
672 -636
673 -1283
674 -34
675 -275
676 -33
677 -29
678 -140
679 -132
680 -410
681 -34
682 -34
683 -358
684 -33
685 -29
686 -156
687 -33
688 -336
689 -33
690 -37
691 -42
692 -425
693 -43
694 -29
695 -34
696 -33
697 -255
698 -33
699 -685
700 -33
701 -34
702 -33
703 -34
704 -29
705 -289
706 -34
707 -57
708 -33
709 -33
710 -128
711 -67
712 -29
713 -981
714 -33
715 -312
716 -189
717 -33
718 -29
719 -52
720 -29
721 -474
722 -97
723 -33
724 -750
725 -130
726 -33
727 -33
728 -33
729 -33
730 -29
731 -89
732 -29
733 -34
734 -169
735 -783
736 -29
737 -70
738 -242
739 -1038
740 -34
741 -34
742 -251
743 -42
744 -604
745 -24
746 -29
747 -33
748 -29
749 -308
750 -33
751 -34
752 -205
753 -34
754 -34
755 -33
756 -33
757 -178
758 -59
759 -33
760 -34
761 -23
762 -447
763 -29
764 -33
765 -34
766 -33
767 -825
768 -33
769 -33
770 -33
771 -34
772 -29
773 -67
774 -34
775 -393
776 -519
777 -29
778 -29
779 -29
780 -448
781 -53
782 -832
783 -352
784 -34
785 -29
786 -29
787 -33
788 -258
789 -34
790 -46
791 -645
792 -29
793 -29
794 -34
795 -33
796 -364
797 -33
798 -34
799 -34
800 -34
801 -305
802 -435
803 -63
804 -33
805 -160
806 -683
807 -34
808 -21
809 -29
810 -175
811 -184
812 -34
813 -33
814 -413
815 -33
816 -759
817 -34
818 -33
819 -29
820 -33
821 -122
822 -71
823 -33
824 -33
825 -34
826 -970
827 -271
828 -29
829 -232
830 -33
831 -538
832 -33
833 -29
834 -912
835 -218
836 -33
837 -33
838 -29
839 -29
840 -340
841 -29
842 -754
843 -121
844 -33
845 -29
846 -33
847 -34
848 -34
849 -34
850 -440
851 -29
852 -740
853 -42
854 -41
855 -34
856 -34
857 -799
858 -34
859 -33
860 -33
861 -33
862 -34
863 -419
864 -29
865 -1061
866 -99
867 -759
868 -34
869 -85
870 -294
871 -1479
872 -29
873 -34
874 -172
875 -33
876 -93
877 -29
878 -216
879 -33
880 -33
881 -34
882 -33
883 -771
884 -33
885 -37
886 -242
887 -29
888 -114
889 -33
890 -166
891 -33
892 -29
893 -34
894 -33
895 -58
896 -34
897 -33
898 -360
899 -34
900 -34
901 -34
902 -34
903 -97
904 -43
905 -127
906 -33
907 -34
908 -189
909 -775
910 -66
911 -411
912 -33
913 -1122
914 -166
915 -33
916 -33
917 -34
918 -34
919 -33
920 -33
921 -29
922 -29
923 -33
924 -88
925 -484
926 -29
927 -325
928 -29
929 -29
930 -34
931 -34
932 -33
933 -33
934 -110
935 -34
936 -60
937 -49
938 -33
939 -101
940 -63
941 -34
942 -41
943 -29
944 -29
945 -34
946 -37
947 -57
948 -115
949 -29
950 -457
951 -29
952 -29
953 -29
954 -25
955 -33
956 -826
957 -34
958 -34
959 -363
960 -33
961 -34
962 -242
963 -341
964 -33
965 -317
966 -33
967 -33
968 -34
969 -33
970 -380
971 -100
972 -516
973 -167
974 -34
975 -178
976 -33
977 -33
978 -34
979 -1130
980 -29
981 -29
982 -533
983 -47
984 -297
985 -117
986 -803
987 -34
988 -34
989 -33
990 -224
991 -29
992 -431
993 -29
994 -30
995 -33
996 -33
997 -29
998 -33
999 -568
