0 -33
1 -39
2 -39
3 -39
4 -12
5 -34
6 -38
7 -34
8 -33
9 -12
10 -31
11 -38
12 -33
13 -33
14 -39
15 -59
16 -34
17 -39
18 -34
19 -423
20 -33
21 -38
22 -31
23 -38
24 -38
25 -38
26 -38
27 -34
28 -39
29 -38
30 -39
31 -34
32 -33
33 -34
34 -34
35 -38
36 -38
37 -39
38 -38
39 -39
40 -39
41 -34
42 -33
43 -38
44 -33
45 -38
46 -12
47 -22
48 -39
49 -33
50 -34
51 -33
52 -34
53 -33
54 -33
55 -12
56 -54
57 -38
58 -39
59 -38
60 -33
61 -39
62 -34
63 -33
64 -34
65 -52
66 -34
67 -12
68 -33
69 -24
70 -12
71 -202
72 -12
73 -12
74 -38
75 -12
76 -39
77 -39
78 -38
79 -38
80 -39
81 -12
82 -34
83 -39
84 -33
85 -12
86 -38
87 -38
88 -38
89 -39
90 -38
91 -33
92 -12
93 -39
94 -38
95 -34
96 -33
97 -12
98 -33
99 -39
100 -39
101 -34
102 -39
103 -40
104 -33
105 -39
106 -38
107 -33
108 -33
109 -34
110 -33
111 -35
112 -39
113 -39
114 -38
115 -34
116 -43
117 -34
118 -38
119 -38
120 -34
121 -12
122 -33
123 -12
124 -39
125 -34
126 -39
127 -12
128 -33
129 -34
130 -39
131 -12
132 -33
133 -12
134 -39
135 -33
136 -33
137 -34
138 -34
139 -33
140 -28
141 -12
142 -34
143 -39
144 -34
145 -12
146 -38
147 -38
148 -28
149 -38
150 -38
151 -39
152 -38
153 -38
154 -38
155 -33
156 -39
157 -34
158 -39
159 -38
160 -47
161 -33
162 -38
163 -34
164 -39
165 -12
166 -34
167 -34
168 -33
169 -12
170 -38
171 -39
172 -34
173 -12
174 -34
175 -38
176 -34
177 -38
178 -33
179 -45
180 -39
181 -39
182 -39
183 -55
184 -38
185 -39
186 -39
187 -39
188 -38
189 -12
190 -33
191 -33
192 -12
193 -38
194 -12
195 -27
196 -39
197 -33
198 -33
199 -39
200 -39
201 -12
202 -38
203 -33
204 -38
205 -34
206 -38
207 -34
208 -40
209 -39
210 -33
211 -39
212 -34
213 -33
214 -34
215 -33
216 -39
217 -33
218 -50
219 -38
220 -33
221 -33
222 -38
223 -33
224 -33
225 -34
226 -12
227 -39
228 -12
229 -38
230 -33
231 -39
232 -33
233 -39
234 -34
235 -39
236 -12
237 -12
238 -12
239 -34
240 -12
241 -34
242 -12
243 -38
244 -39
245 -12
246 -39
247 -34
248 -38
249 -33
250 -34
251 -39
252 -38
253 -34
254 -40
255 -38
256 -39
257 -38
258 -12
259 -38
260 -39
261 -12
262 -38
263 -34
264 -12
265 -12
266 -39
267 -12
268 -12
269 -12
270 -34
271 -33
272 -39
273 -12
274 -12
275 -34
276 -39
277 -12
278 -33
279 -12
280 -39
281 -38
282 -12
283 -39
284 -38
285 -33
286 -34
287 -34
288 -39
289 -33
290 -39
291 -33
292 -38
293 -30
294 -34
295 -39
296 -47
297 -12
298 -39
299 -1394
300 -12
301 -12
302 -34
303 -39
304 -12
305 -12
306 -39
307 -39
308 -34
309 -39
310 -39
311 -12
312 -12
313 -12
314 -12
315 -38
316 -39
317 -34
318 -48
319 -34
320 -34
321 -38
322 -12
323 -38
324 -12
325 -34
326 -33
327 -38
328 -12
329 -12
330 -22
331 -38
332 -38
333 -34
334 -33
335 -39
336 -12
337 -34
338 -39
339 -34
340 -12
341 -38
342 -38
343 -12
344 -39
345 -39
346 -38
347 -38
348 -13
349 -39
350 -39
351 -12
352 -33
353 -33
354 -33
355 -33
356 -12
357 -12
358 -12
359 -12
360 -12
361 -39
362 -12
363 -39
364 -39
365 -34
366 -38
367 -39
368 -12
369 -22
370 -34
371 -38
372 -38
373 -34
374 -12
375 -38
376 -12
377 -39
378 -38
379 -38
380 -34
381 -39
382 -38
383 -34
384 -39
385 -33
386 -12
387 -33
388 -34
389 -38
390 -33
391 -39
392 -34
393 -34
394 -12
395 -35
396 -12
397 -304
398 -39
399 -38
400 -33
401 -39
402 -38
403 -38
404 -34
405 -12
406 -12
407 -39
408 -34
409 -12
410 -34
411 -33
412 -26
413 -33
414 -39
415 -34
416 -34
417 -39
418 -12
419 -34
420 -39
421 -39
422 -34
423 -39
424 -12
425 -34
426 -34
427 -12
428 -12
429 -39
430 -33
431 -38
432 -34
433 -33
434 -12
435 -38
436 -38
437 -12
438 -38
439 -33
440 -34
441 -12
442 -38
443 -33
444 -34
445 -33
446 -12
447 -44
448 -54
449 -12
450 -12
451 -38
452 -12
453 -34
454 -33
455 -38
456 -33
457 -38
458 -34
459 -39
460 -38
461 -34
462 -34
463 -33
464 -34
465 -39
466 -38
467 -34
468 -34
469 -34
470 -33
471 -39
472 -34
473 -12
474 -33
475 -39
476 -12
477 -12
478 -39
479 -38
480 -34
481 -39
482 -33
483 -38
484 -39
485 -43
486 -34
487 -39
488 -33
489 -12
490 -39
491 -39
492 -33
493 -12
494 -34
495 -38
496 -34
497 -33
498 -33
499 -12
500 -12
501 -39
502 -12
503 -33
504 -33
505 -33
506 -34
507 -34
508 -38
509 -12
510 -33
511 -12
512 -33
513 -33
514 -34
515 -38
516 -39
517 -39
518 -34
519 -43
520 -12
521 -38
522 -34
523 -33
524 -38
525 -33
526 -33
527 -33
528 -38
529 -39
530 -33
531 -34
532 -39
533 -34
534 -33
535 -38
536 -12
537 -39
538 -12
539 -33
540 -12
541 -74
542 -39
543 -39
544 -34
545 -38
546 -33
547 -34
548 -33
549 -39
550 -38
551 -39
552 -12
553 -33
554 -33
555 -12
556 -50
557 -38
558 -34
559 -39
560 -34
561 -27
562 -39
563 -33
564 -12
565 -38
566 -12
567 -34
568 -34
569 -12
570 -38
571 -30
572 -12
573 -39
574 -41
575 -34
576 -44
577 -33
578 -33
579 -12
580 -38
581 -38
582 -33
583 -38
584 -39
585 -39
586 -39
587 -38
588 -33
589 -12
590 -33
591 -38
592 -12
593 -33
594 -39
595 -48
596 -39
597 -38
598 -38
599 -33
600 -39
601 -37
602 -33
603 -34
604 -33
605 -34
606 -34
607 -39
608 -39
609 -34
610 -39
611 -34
612 -34
613 -39
614 -34
615 -38
616 -39
617 -39
618 -45
619 -33
620 -33
621 -35
622 -12
623 -39
624 -38
625 -12
626 -38
627 -34
628 -12
629 -34
630 -34
631 -34
632 -39
633 -38
634 -12
635 -12
636 -33
637 -38
638 -34
639 -12
640 -33
641 -38
642 -12
643 -33
644 -34
645 -38
646 -33
647 -34
648 -39
649 -39
650 -34
651 -34
652 -43
653 -39
654 -12
655 -12
656 -34
657 -39
658 -33
659 -12
660 -38
661 -38
662 -12
663 -33
664 -40
665 -34
666 -75
667 -34
668 -38
669 -38
670 -34
671 -12
672 -39
673 -41
674 -38
675 -12
676 -39
677 -33
678 -34
679 -38
680 -39
681 -39
682 -34
683 -33
684 -12
685 -34
686 -34
687 -34
688 -33
689 -12
690 -34
691 -38
692 -37
693 -38
694 -38
695 -39
696 -12
697 -39
698 -34
699 -12
700 -39
701 -39
702 -39
703 -38
704 -39
705 -12
706 -39
707 -12
708 -12
709 -34
710 -33
711 -38
712 -39
713 -34
714 -12
715 -12
716 -38
717 -33
718 -33
719 -34
720 -39
721 -39
722 -12
723 -12
724 -12
725 -12
726 -12
727 -34
728 -38
729 -12
730 -29
731 -33
732 -38
733 -34
734 -34
735 -12
736 -34
737 -33
738 -39
739 -38
740 -12
741 -33
742 -39
743 -12
744 -33
745 -33
746 -12
747 -38
748 -34
749 -33
750 -38
751 -38
752 -34
753 -39
754 -33
755 -33
756 -34
757 -33
758 -33
759 -33
760 -12
761 -33
762 -34
763 -39
764 -39
765 -38
766 -12
767 -39
768 -39
769 -38
770 -38
771 -39
772 -33
773 -12
774 -38
775 -33
776 -33
777 -34
778 -33
779 -33
780 -38
781 -33
782 -39
783 -12
784 -39
785 -33
786 -30
787 -33
788 -12
789 -38
790 -28
791 -35
792 -34
793 -39
794 -39
795 -33
796 -12
797 -34
798 -39
799 -39
800 -23
801 -12
802 -34
803 -12
804 -34
805 -34
806 -34
807 -38
808 -39
809 -39
810 -39
811 -12
812 -33
813 -34
814 -12
815 -39
816 -39
817 -39
818 -39
819 -12
820 -12
821 -34
822 -12
823 -34
824 -38
825 -34
826 -12
827 -34
828 -39
829 -39
830 -34
831 -34
832 -33
833 -33
834 -33
835 -34
836 -33
837 -30
838 -38
839 -34
840 -12
841 -38
842 -39
843 -12
844 -34
845 -39
846 -38
847 -12
848 -33
849 -33
850 -39
851 -33
852 -34
853 -12
854 -34
855 -38
856 -34
857 -12
858 -12
859 -12
860 -38
861 -38
862 -34
863 -39
864 -39
865 -34
866 -33
867 -39
868 -42
869 -39
870 -33
871 -34
872 -38
873 -38
874 -34
875 -33
876 -12
877 -34
878 -33
879 -34
880 -12
881 -39
882 -33
883 -39
884 -12
885 -38
886 -34
887 -12
888 -33
889 -12
890 -33
891 -38
892 -34
893 -34
894 -33
895 -33
896 -34
897 -38
898 -34
899 -39
900 -34
901 -33
902 -39
903 -34
904 -38
905 -12
906 -39
907 -34
908 -12
909 -36
910 -12
911 -38
912 -34
913 -38
914 -33
915 -39
916 -33
917 -33
918 -12
919 -49
920 -12
921 -34
922 -39
923 -33
924 -12
925 -38
926 -12
927 -39
928 -34
929 -38
930 -38
931 -38
932 -39
933 -33
934 -39
935 -12
936 -33
937 -33
938 -33
939 -29
940 -58
941 -39
942 -39
943 -110
944 -33
945 -38
946 -38
947 -33
948 -12
949 -38
950 -34
951 -33
952 -38
953 -12
954 -12
955 -38
956 -12
957 -39
958 -38
959 -39
960 -12
961 -12
962 -34
963 -43
964 -38
965 -39
966 -34
967 -39
968 -33
969 -34
970 -39
971 -39
972 -39
973 -33
974 -12
975 -39
976 -38
977 -38
978 -34
979 -12
980 -33
981 -34
982 -38
983 -12
984 -39
985 -397
986 -39
987 -12
988 -39
989 -26
990 -38
991 -34
992 -38
993 -38
994 -33
995 -38
996 -33
997 -12
998 -12
999 -38
