0 -36
1 -34
2 -34
3 -18
4 -93
5 -122
6 -27
7 -471
8 -36
9 -749
10 -32
11 -34
12 -16
13 -36
14 -33
15 -37
16 -34
17 -34
18 -28
19 -34
20 -34
21 -34
22 -198
23 -23
24 -33
25 -33
26 -24
27 -31
28 -127
29 -15
30 -34
31 -34
32 -33
33 -34
34 -83
35 -29
36 -33
37 -34
38 -17
39 -60
40 -297
41 -34
42 -28
43 -44
44 -33
45 -33
46 -33
47 -34
48 -32
49 -34
50 -772
51 -1474
52 -33
53 -19
54 -34
55 -33
56 -27
57 -34
58 -135
59 -34
60 -27
61 -34
62 -41
63 -24
64 -34
65 -168
66 -34
67 -34
68 -124
69 -38
70 -34
71 -23
72 -34
73 -163
74 -33
75 -12
76 -34
77 -33
78 -34
79 -196
80 -43
81 -922
82 -34
83 -34
84 -34
85 -34
86 -27
87 -33
88 -47
89 -47
90 -61
91 -30
92 -34
93 -15
94 -33
95 -96
96 -34
97 -33
98 -103
99 -34
100 -164
101 -34
102 -113
103 -15
104 -15
105 -76
106 -122
107 -49
108 -65
109 -11
110 -33
111 -2032
112 -251
113 -33
114 -72
115 -11
116 -21
117 -33
118 -113
119 -34
120 -5081
121 -1999
122 -33
123 -63
124 -16
125 -3592
126 -34
127 -1576
128 -17
129 -777
130 -34
131 -34
132 -16
133 -33
134 -47
135 -51
136 -33
137 -36
138 -84
139 -33
140 -33
141 -3203
142 -99
143 -23
144 -34
145 -35
146 -74
147 -34
148 -14
149 -34
150 -24
151 -33
152 -29
153 -17
154 -36
155 -980
156 -40
157 -33
158 -34
159 -35
160 -264
161 -38
162 -33
163 -34
164 -34
165 -34
166 -24
167 -33
168 -305
169 -32
170 -33
171 -32
172 -34
173 -34
174 -36
175 -34
176 -30
177 -18
178 -33
179 -34
180 -355
181 -33
182 -17
183 -21
184 -33
185 -421
186 -33
187 -396
188 -17
189 -54
190 -77
191 -24
192 -1307
193 -33
194 -510
195 -364
196 -34
197 -33
198 -33
199 -27
200 -24
201 -168
202 -33
203 -655
204 -3156
205 -1358
206 -28
207 -29
208 -129
209 -30
210 -34
211 -33
212 -45
213 -34
214 -33
215 -34
216 -78
217 -34
218 -40
219 -413
220 -165
221 -17
222 -33
223 -33
224 -33
225 -113
226 -38
227 -187
228 -28
229 -34
230 -46
231 -248
232 -34
233 -33
234 -33
235 -1050
236 -26
237 -27
238 -36
239 -377
240 -418
241 -34
242 -33
243 -10
244 -34
245 -33
246 -32
247 -33
248 -32
249 -245
250 -54
251 -29
252 -44
253 -34
254 -27
255 -34
256 -35
257 -34
258 -34
259 -32
260 -33
261 -37
262 -33
263 -21
264 -34
265 -33
266 -34
267 -33
268 -27
269 -17
270 -30
271 -31
272 -113
273 -11
274 -182
275 -16
276 -34
277 -36
278 -34
279 -33
280 -19
281 -16
282 -33
283 -34
284 -34
285 -209
286 -51
287 -297
288 -44
289 -32
290 -288
291 -34
292 -34
293 -303
294 -299
295 -34
296 -34
297 -5756
298 -20
299 -33
300 -31
301 -33
302 -84
303 -822
304 -89
305 -33
306 -33
307 -52
308 -11
309 -34
310 -132
311 -26
312 -34
313 -301
314 -13
315 -28
316 -33
317 -79
318 -33
319 -126
320 -34
321 -36
322 -37
323 -33
324 -56
325 -141
326 -34
327 -34
328 -33
329 -27
330 -34
331 -34
332 -33
333 -287
334 -35
335 -34
336 -34
337 -34
338 -24
339 -11
340 -34
341 -11
342 -12
343 -34
344 -52
345 -76
346 -12
347 -33
348 -360
349 -293
350 -33
351 -33
352 -162
353 -34
354 -24
355 -55
356 -33
357 -47
358 -1320
359 -198
360 -29
361 -33
362 -112
363 -1518
364 -32
365 -5553
366 -29
367 -101
368 -34
369 -45
370 -34
371 -33
372 -31
373 -431
374 -33
375 -32
376 -34
377 -441
378 -34
379 -43
380 -33
381 -202
382 -311
383 -36
384 -34
385 -37
386 -36
387 -34
388 -23
389 -34
390 -106
391 -344
392 -34
393 -25
394 -34
395 -17
396 -33
397 -5019
398 -32
399 -32
400 -34
401 -16
402 -297
403 -44
404 -33
405 -13
406 -16
407 -34
408 -33
409 -1620
410 -34
411 -27
412 -58
413 -34
414 -546
415 -30
416 -27
417 -30
418 -50
419 -34
420 -34
421 -38
422 -33
423 -33
424 -34
425 -33
426 -33
427 -27
428 -34
429 -970
430 -11
431 -18
432 -17
433 -34
434 -34
435 -101
436 -12
437 -33
438 -38
439 -17
440 -47
441 -34
442 -34
443 -38
444 -17
445 -34
446 -24
447 -33
448 -40
449 -19
450 -42
451 -30
452 -33
453 -28
454 -33
455 -33
456 -25
457 -32
458 -35
459 -33
460 -1013
461 -87
462 -33
463 -15
464 -317
465 -91
466 -16
467 -33
468 -33
469 -33
470 -33
471 -33
472 -33
473 -31
474 -176
475 -23
476 -30
477 -34
478 -33
479 -26
480 -11
481 -61
482 -31
483 -33
484 -27
485 -642
486 -652
487 -13
488 -39
489 -16
490 -5895
491 -23
492 -32
493 -20
494 -3329
495 -3472
496 -125
497 -111
498 -730
499 -2842
500 -11
501 -3216
502 -33
503 -15
504 -33
505 -24
506 -1801
507 -11
508 -675
509 -11
510 -19
511 -33
512 -27
513 -34
514 -33
515 -46
516 -133
517 -34
518 -31
519 -15
520 -34
521 -28
522 -34
523 -16
524 -33
525 -31
526 -19
527 -33
528 -40
529 -1188
530 -90
531 -34
532 -33
533 -34
534 -36
535 -76
536 -39
537 -33
538 -17
539 -30
540 -115
541 -42
542 -33
543 -62
544 -38
545 -33
546 -111
547 -19
548 -33
549 -110
550 -16
551 -15
552 -34
553 -56
554 -106
555 -59
556 -34
557 -41
558 -33
559 -27
560 -34
561 -24
562 -33
563 -33
564 -34
565 -34
566 -31
567 -39
568 -247
569 -33
570 -34
571 -33
572 -34
573 -33
574 -16
575 -34
576 -28
577 -335
578 -30
579 -33
580 -98
581 -324
582 -34
583 -613
584 -33
585 -78
586 -2631
587 -26
588 -33
589 -395
590 -1251
591 -34
592 -27
593 -32
594 -38
595 -641
596 -16
597 -21
598 -120
599 -282
600 -17
601 -34
602 -34
603 -11
604 -390
605 -33
606 -36
607 -34
608 -70
609 -62
610 -139
611 -25
612 -18
613 -12
614 -31
615 -299
616 -27
617 -34
618 -48
619 -11
620 -23
621 -34
622 -37
623 -34
624 -233
625 -17
626 -33
627 -33
628 -33
629 -33
630 -28
631 -31
632 -59
633 -226
634 -1294
635 -1326
636 -33
637 -33
638 -33
639 -34
640 -34
641 -33
642 -34
643 -34
644 -34
645 -168
646 -33
647 -653
648 -33
649 -4421
650 -229
651 -966
652 -33
653 -29
654 -33
655 -35
656 -39
657 -34
658 -33
659 -43
660 -33
661 -34
662 -51
663 -35
664 -34
665 -83
666 -246
667 -34
668 -6165
669 -27
670 -44
671 -33
672 -15
673 -281
674 -74
675 -270
676 -36
677 -33
678 -33
679 -17
680 -34
681 -159
682 -33
683 -400
684 -11
685 -25
686 -17
687 -33
688 -17
689 -34
690 -45
691 -18
692 -29
693 -57
694 -34
695 -18
696 -217
697 -25
698 -27
699 -33
700 -17
701 -38
702 -295
703 -34
704 -152
705 -33
706 -23
707 -120
708 -26
709 -341
710 -38
711 -34
712 -30
713 -604
714 -51
715 -33
716 -370
717 -34
718 -33
719 -50
720 -34
721 -35
722 -34
723 -23
724 -33
725 -32
726 -31
727 -175
728 -34
729 -34
730 -34
731 -29
732 -26
733 -71
734 -17
735 -26
736 -47
737 -15
738 -484
739 -319
740 -11
741 -38
742 -702
743 -24
744 -35
745 -34
746 -183
747 -33
748 -36
749 -27
750 -33
751 -72
752 -138
753 -34
754 -92
755 -33
756 -33
757 -229
758 -710
759 -13
760 -38
761 -59
762 -33
763 -1960
764 -33
765 -33
766 -33
767 -12
768 -33
769 -34
770 -33
771 -48
772 -27
773 -867
774 -1547
775 -28
776 -34
777 -24
778 -33
779 -1368
780 -16
781 -920
782 -15
783 -33
784 -16
785 -30
786 -34
787 -460
788 -355
789 -582
790 -33
791 -143
792 -36
793 -404
794 -115
795 -33
796 -38
797 -28
798 -36
799 -33
800 -70
801 -15
802 -29
803 -28
804 -53
805 -436
806 -7452
807 -54
808 -763
809 -38
810 -37
811 -35
812 -250
813 -26
814 -41
815 -34
816 -19
817 -19
818 -33
819 -26
820 -464
821 -37
822 -28
823 -42
824 -424
825 -25
826 -92
827 -49
828 -404
829 -32
830 -34
831 -236
832 -459
833 -30
834 -88
835 -296
836 -474
837 -1539
838 -40
839 -28
840 -33
841 -33
842 -27
843 -34
844 -23
845 -440
846 -1067
847 -17
848 -3568
849 -33
850 -145
851 -18
852 -59
853 -34
854 -15
855 -33
856 -33
857 -34
858 -25
859 -33
860 -15
861 -3704
862 -34
863 -28
864 -34
865 -39
866 -33
867 -55
868 -34
869 -1237
870 -18
871 -30
872 -34
873 -319
874 -31
875 -209
876 -26
877 -309
878 -33
879 -34
880 -39
881 -6686
882 -34
883 -49
884 -78
885 -15
886 -13
887 -29
888 -33
889 -20
890 -33
891 -656
892 -5907
893 -163
894 -33
895 -11
896 -31
897 -33
898 -1050
899 -34
900 -33
901 -1645
902 -34
903 -23
904 -332
905 -33
906 -32
907 -34
908 -16
909 -120
910 -2223
911 -512
912 -25
913 -53
914 -79
915 -11
916 -34
917 -34
918 -12
919 -25
920 -37
921 -360
922 -38
923 -38
924 -51
925 -33
926 -35
927 -33
928 -15
929 -34
930 -1668
931 -34
932 -34
933 -15
934 -33
935 -29
936 -29
937 -33
938 -6611
939 -17
940 -187
941 -11
942 -171
943 -30
944 -663
945 -817
946 -27
947 -33
948 -34
949 -49
950 -34
951 -512
952 -34
953 -69
954 -140
955 -193
956 -33
957 -151
958 -18
959 -43
960 -33
961 -34
962 -20
963 -30
964 -33
965 -36
966 -551
967 -26
968 -36
969 -12
970 -186
971 -13
972 -33
973 -28
974 -34
975 -51
976 -19
977 -16
978 -33
979 -33
980 -33
981 -34
982 -267
983 -35
984 -34
985 -34
986 -12
987 -33
988 -694
989 -2273
990 -34
991 -33
992 -33
993 -33
994 -2696
995 -12
996 -32
997 -40
998 -31
999 -36
