0 -12
1 -39
2 -12
3 -38
4 -39
5 -12
6 -38
7 -34
8 -124
9 -34
10 -39
11 -39
12 -33
13 -38
14 -39
15 -34
16 -12
17 -34
18 -34
19 -39
20 -43
21 -12
22 -39
23 -38
24 -12
25 -33
26 -39
27 -38
28 -38
29 -33
30 -12
31 -33
32 -39
33 -12
34 -39
35 -38
36 -12
37 -33
38 -33
39 -25
40 -38
41 -33
42 -33
43 -33
44 -30
45 -38
46 -34
47 -12
48 -12
49 -33
50 -12
51 -70
52 -34
53 -38
54 -12
55 -12
56 -39
57 -39
58 -12
59 -34
60 -34
61 -34
62 -33
63 -39
64 -33
65 -34
66 -38
67 -34
68 -38
69 -33
70 -33
71 -66
72 -38
73 -12
74 -12
75 -38
76 -39
77 -12
78 -34
79 -38
80 -33
81 -34
82 -30
83 -39
84 -38
85 -39
86 -12
87 -34
88 -39
89 -39
90 -39
91 -39
92 -38
93 -39
94 -34
95 -38
96 -34
97 -12
98 -34
99 -202
100 -38
101 -39
102 -39
103 -38
104 -33
105 -34
106 -39
107 -33
108 -39
109 -34
110 -33
111 -38
112 -34
113 -38
114 -33
115 -39
116 -39
117 -34
118 -12
119 -33
120 -34
121 -38
122 -38
123 -38
124 -39
125 -12
126 -33
127 -34
128 -12
129 -38
130 -34
131 -34
132 -39
133 -38
134 -12
135 -38
136 -39
137 -12
138 -38
139 -39
140 -39
141 -39
142 -34
143 -12
144 -39
145 -39
146 -38
147 -33
148 -33
149 -33
150 -33
151 -39
152 -39
153 -38
154 -38
155 -12
156 -12
157 -39
158 -38
159 -34
160 -12
161 -35
162 -12
163 -28
164 -38
165 -33
166 -12
167 -564
168 -34
169 -33
170 -38
171 -39
172 -12
173 -38
174 -34
175 -38
176 -12
177 -30
178 -38
179 -38
180 -316
181 -12
182 -38
183 -34
184 -39
185 -29
186 -48
187 -39
188 -34
189 -39
190 -38
191 -34
192 -33
193 -38
194 -34
195 -38
196 -34
197 -33
198 -12
199 -12
200 -34
201 -38
202 -38
203 -38
204 -34
205 -12
206 -12
207 -33
208 -33
209 -38
210 -12
211 -38
212 -39
213 -34
214 -38
215 -38
216 -12
217 -47
218 -12
219 -12
220 -39
221 -35
222 -12
223 -39
224 -39
225 -33
226 -33
227 -12
228 -50
229 -41
230 -12
231 -39
232 -39
233 -12
234 -44
235 -39
236 -34
237 -12
238 -33
239 -38
240 -34
241 -39
242 -39
243 -12
244 -33
245 -38
246 -39
247 -33
248 -34
249 -38
250 -33
251 -39
252 -34
253 -38
254 -39
255 -41
256 -39
257 -33
258 -12
259 -12
260 -39
261 -38
262 -62
263 -33
264 -34
265 -34
266 -33
267 -39
268 -39
269 -34
270 -39
271 -39
272 -39
273 -39
274 -39
275 -38
276 -38
277 -34
278 -39
279 -33
280 -33
281 -34
282 -31
283 -37
284 -33
285 -39
286 -12
287 -12
288 -39
289 -38
290 -34
291 -38
292 -39
293 -34
294 -38
295 -34
296 -12
297 -33
298 -33
299 -38
300 -38
301 -12
302 -34
303 -39
304 -39
305 -34
306 -33
307 -38
308 -34
309 -39
310 -33
311 -33
312 -12
313 -12
314 -39
315 -31
316 -39
317 -12
318 -13
319 -12
320 -34
321 -39
322 -34
323 -33
324 -33
325 -33
326 -34
327 -12
328 -33
329 -33
330 -34
331 -33
332 -38
333 -34
334 -39
335 -38
336 -34
337 -12
338 -34
339 -34
340 -12
341 -12
342 -38
343 -34
344 -29
345 -39
346 -40
347 -33
348 -39
349 -33
350 -39
351 -34
352 -39
353 -12
354 -12
355 -33
356 -34
357 -12
358 -39
359 -38
360 -38
361 -12
362 -33
363 -48
364 -12
365 -12
366 -35
367 -39
368 -38
369 -39
370 -39
371 -33
372 -12
373 -38
374 -38
375 -34
376 -39
377 -34
378 -34
379 -38
380 -39
381 -38
382 -34
383 -33
384 -38
385 -12
386 -34
387 -12
388 -34
389 -39
390 -30
391 -33
392 -12
393 -39
394 -34
395 -39
396 -55
397 -33
398 -39
399 -34
400 -39
401 -34
402 -12
403 -34
404 -33
405 -39
406 -34
407 -12
408 -34
409 -35
410 -12
411 -38
412 -39
413 -43
414 -12
415 -39
416 -12
417 -39
418 -39
419 -12
420 -12
421 -38
422 -38
423 -12
424 -33
425 -38
426 -34
427 -12
428 -39
429 -33
430 -39
431 -12
432 -12
433 -34
434 -39
435 -195
436 -12
437 -61
438 -12
439 -33
440 -38
441 -56
442 -1118
443 -38
444 -38
445 -12
446 -38
447 -39
448 -38
449 -33
450 -52
451 -39
452 -39
453 -34
454 -34
455 -38
456 -38
457 -12
458 -38
459 -39
460 -12
461 -49
462 -38
463 -34
464 -12
465 -33
466 -38
467 -33
468 -34
469 -12
470 -12
471 -39
472 -39
473 -34
474 -38
475 -34
476 -33
477 -12
478 -12
479 -13
480 -12
481 -12
482 -38
483 -39
484 -12
485 -39
486 -38
487 -38
488 -12
489 -38
490 -33
491 -34
492 -34
493 -38
494 -38
495 -34
496 -34
497 -38
498 -34
499 -12
500 -39
501 -12
502 -12
503 -39
504 -12
505 -12
506 -38
507 -12
508 -34
509 -33
510 -12
511 -29
512 -34
513 -33
514 -33
515 -39
516 -25
517 -33
518 -12
519 -38
520 -12
521 -12
522 -52
523 -38
524 -39
525 -33
526 -39
527 -34
528 -33
529 -12
530 -12
531 -39
532 -12
533 -12
534 -33
535 -39
536 -12
537 -39
538 -34
539 -12
540 -33
541 -12
542 -39
543 -33
544 -12
545 -38
546 -12
547 -34
548 -33
549 -12
550 -39
551 -39
552 -38
553 -38
554 -12
555 -12
556 -35
557 -12
558 -22
559 -38
560 -39
561 -55
562 -12
563 -39
564 -38
565 -34
566 -39
567 -38
568 -12
569 -12
570 -39
571 -12
572 -33
573 -34
574 -12
575 -12
576 -33
577 -34
578 -12
579 -34
580 -34
581 -39
582 -12
583 -30
584 -33
585 -34
586 -39
587 -39
588 -38
589 -38
590 -39
591 -34
592 -38
593 -12
594 -38
595 -5776
596 -34
597 -334
598 -34
599 -566
600 -12
601 -34
602 -39
603 -12
604 -34
605 -39
606 -34
607 -38
608 -33
609 -33
610 -33
611 -33
612 -38
613 -13
614 -39
615 -39
616 -12
617 -33
618 -38
619 -12
620 -33
621 -12
622 -33
623 -33
624 -37
625 -38
626 -12
627 -39
628 -34
629 -38
630 -38
631 -38
632 -39
633 -12
634 -39
635 -39
636 -34
637 -57
638 -33
639 -33
640 -38
641 -38
642 -12
643 -34
644 -12
645 -34
646 -12
647 -38
648 -39
649 -33
650 -33
651 -39
652 -37
653 -12
654 -34
655 -39
656 -34
657 -12
658 -34
659 -34
660 -44
661 -34
662 -38
663 -12
664 -34
665 -39
666 -317
667 -34
668 -39
669 -34
670 -39
671 -38
672 -38
673 -38
674 -33
675 -34
676 -34
677 -34
678 -33
679 -38
680 -33
681 -39
682 -34
683 -34
684 -12
685 -38
686 -39
687 -34
688 -33
689 -38
690 -34
691 -12
692 -39
693 -33
694 -12
695 -34
696 -39
697 -33
698 -38
699 -33
700 -39
701 -34
702 -34
703 -33
704 -12
705 -44
706 -38
707 -33
708 -34
709 -12
710 -12
711 -34
712 -39
713 -12
714 -12
715 -12
716 -38
717 -34
718 -33
719 -43
720 -39
721 -33
722 -38
723 -34
724 -12
725 -38
726 -33
727 -33
728 -12
729 -39
730 -38
731 -38
732 -38
733 -12
734 -12
735 -33
736 -40
737 -38
738 -33
739 -34
740 -39
741 -33
742 -79
743 -34
744 -12
745 -39
746 -47
747 -33
748 -39
749 -57
750 -12
751 -34
752 -33
753 -12
754 -12
755 -38
756 -38
757 -33
758 -34
759 -38
760 -12
761 -33
762 -39
763 -49
764 -39
765 -38
766 -38
767 -39
768 -33
769 -33
770 -34
771 -12
772 -34
773 -38
774 -39
775 -33
776 -40
777 -33
778 -33
779 -34
780 -38
781 -34
782 -38
783 -34
784 -12
785 -12
786 -34
787 -38
788 -12
789 -12
790 -39
791 -44
792 -38
793 -12
794 -33
795 -39
796 -39
797 -12
798 -12
799 -39
800 -34
801 -2769
802 -12
803 -39
804 -38
805 -34
806 -12
807 -33
808 -40
809 -458
810 -33
811 -38
812 -34
813 -34
814 -33
815 -44
816 -34
817 -38
818 -34
819 -12
820 -38
821 -38
822 -12
823 -33
824 -33
825 -39
826 -34
827 -34
828 -12
829 -38
830 -12
831 -35
832 -12
833 -38
834 -39
835 -34
836 -39
837 -38
838 -38
839 -12
840 -12
841 -34
842 -12
843 -34
844 -39
845 -54
846 -44
847 -34
848 -12
849 -12
850 -12
851 -38
852 -33
853 -34
854 -38
855 -33
856 -38
857 -38
858 -33
859 -38
860 -33
861 -34
862 -12
863 -12
864 -39
865 -12
866 -39
867 -34
868 -39
869 -34
870 -34
871 -12
872 -33
873 -38
874 -12
875 -39
876 -13
877 -34
878 -38
879 -34
880 -12
881 -38
882 -39
883 -39
884 -70
885 -33
886 -12
887 -34
888 -34
889 -35
890 -39
891 -33
892 -49
893 -34
894 -38
895 -38
896 -38
897 -44
898 -38
899 -33
900 -12
901 -38
902 -39
903 -34
904 -33
905 -39
906 -33
907 -33
908 -34
909 -33
910 -39
911 -33
912 -12
913 -12
914 -33
915 -12
916 -38
917 -38
918 -33
919 -33
920 -33
921 -38
922 -38
923 -12
924 -38
925 -74
926 -33
927 -34
928 -33
929 -12
930 -34
931 -39
932 -33
933 -33
934 -38
935 -39
936 -33
937 -39
938 -33
939 -32
940 -38
941 -33
942 -12
943 -34
944 -37
945 -12
946 -33
947 -34
948 -12
949 -33
950 -33
951 -38
952 -33
953 -12
954 -55
955 -38
956 -12
957 -33
958 -38
959 -12
960 -38
961 -34
962 -12
963 -33
964 -39
965 -34
966 -12
967 -38
968 -33
969 -39
970 -33
971 -34
972 -38
973 -12
974 -39
975 -39
976 -33
977 -34
978 -38
979 -27
980 -33
981 -34
982 -34
983 -12
984 -38
985 -30
986 -33
987 -33
988 -33
989 -39
990 -12
991 -12
992 -12
993 -44
994 -38
995 -39
996 -12
997 -12
998 -38
999 -38
