0 -39
1 -12
2 -39
3 -34
4 -39
5 -34
6 -12
7 -34
8 -34
9 -39
10 -39
11 -38
12 -38
13 -12
14 -39
15 -12
16 -38
17 -34
18 -33
19 -34
20 -51
21 -34
22 -33
23 -33
24 -39
25 -38
26 -39
27 -38
28 -39
29 -34
30 -38
31 -42
32 -34
33 -12
34 -38
35 -12
36 -38
37 -35
38 -39
39 -38
40 -34
41 -33
42 -12
43 -38
44 -12
45 -34
46 -34
47 -34
48 -38
49 -12
50 -38
51 -13
52 -39
53 -34
54 -39
55 -33
56 -34
57 -34
58 -34
59 -12
60 -34
61 -39
62 -12
63 -34
64 -34
65 -39
66 -39
67 -34
68 -34
69 -39
70 -12
71 -44
72 -38
73 -38
74 -34
75 -38
76 -39
77 -39
78 -34
79 -38
80 -38
81 -38
82 -38
83 -39
84 -38
85 -33
86 -12
87 -12
88 -33
89 -38
90 -33
91 -39
92 -34
93 -38
94 -33
95 -38
96 -39
97 -39
98 -38
99 -12
100 -12
101 -34
102 -37
103 -39
104 -12
105 -39
106 -12
107 -33
108 -39
109 -33
110 -27
111 -33
112 -45
113 -33
114 -12
115 -34
116 -12
117 -12
118 -33
119 -38
120 -12
121 -33
122 -48
123 -26
124 -38
125 -12
126 -34
127 -38
128 -33
129 -38
130 -12
131 -38
132 -33
133 -12
134 -39
135 -34
136 -34
137 -33
138 -34
139 -21
140 -39
141 -33
142 -33
143 -39
144 -39
145 -38
146 -33
147 -34
148 -39
149 -38
150 -38
151 -33
152 -12
153 -12
154 -34
155 -39
156 -38
157 -33
158 -39
159 -12
160 -34
161 -39
162 -12
163 -12
164 -39
165 -12
166 -39
167 -39
168 -39
169 -35
170 -38
171 -12
172 -33
173 -43
174 -33
175 -33
176 -34
177 -34
178 -39
179 -39
180 -33
181 -33
182 -12
183 -33
184 -12
185 -37
186 -33
187 -33
188 -34
189 -12
190 -38
191 -34
192 -34
193 -34
194 -12
195 -38
196 -38
197 -34
198 -12
199 -37
200 -12
201 -33
202 -38
203 -12
204 -12
205 -12
206 -33
207 -33
208 -34
209 -38
210 -34
211 -33
212 -38
213 -33
214 -33
215 -34
216 -38
217 -38
218 -12
219 -38
220 -38
221 -39
222 -12
223 -12
224 -39
225 -38
226 -38
227 -38
228 -39
229 -33
230 -56
231 -38
232 -12
233 -34
234 -34
235 -12
236 -38
237 -12
238 -39
239 -12
240 -38
241 -34
242 -38
243 -34
244 -33
245 -26
246 -34
247 -12
248 -39
249 -39
250 -34
251 -26
252 -34
253 -33
254 -12
255 -34
256 -38
257 -33
258 -34
259 -12
260 -39
261 -12
262 -43
263 -34
264 -38
265 -39
266 -34
267 -38
268 -38
269 -38
270 -39
271 -12
272 -38
273 -38
274 -39
275 -33
276 -54
277 -34
278 -39
279 -38
280 -39
281 -33
282 -34
283 -12
284 -34
285 -39
286 -12
287 -38
288 -38
289 -12
290 -34
291 -40
292 -34
293 -38
294 -33
295 -38
296 -34
297 -34
298 -12
299 -34
300 -12
301 -33
302 -39
303 -34
304 -12
305 -38
306 -39
307 -33
308 -12
309 -38
310 -39
311 -12
312 -38
313 -181
314 -34
315 -33
316 -34
317 -38
318 -34
319 -12
320 -34
321 -38
322 -39
323 -39
324 -12
325 -34
326 -41
327 -39
328 -33
329 -12
330 -38
331 -12
332 -34
333 -39
334 -39
335 -34
336 -12
337 -604
338 -33
339 -34
340 -58
341 -34
342 -33
343 -39
344 -34
345 -33
346 -34
347 -34
348 -33
349 -38
350 -12
351 -38
352 -33
353 -38
354 -33
355 -35
356 -34
357 -12
358 -34
359 -34
360 -34
361 -38
362 -38
363 -34
364 -38
365 -39
366 -12
367 -38
368 -34
369 -12
370 -39
371 -33
372 -12
373 -39
374 -34
375 -12
376 -39
377 -38
378 -39
379 -33
380 -39
381 -33
382 -34
383 -26
384 -34
385 -38
386 -38
387 -33
388 -41
389 -39
390 -12
391 -33
392 -41
393 -34
394 -33
395 -33
396 -46
397 -38
398 -39
399 -34
400 -33
401 -12
402 -13
403 -39
404 -33
405 -33
406 -39
407 -33
408 -34
409 -12
410 -39
411 -12
412 -33
413 -39
414 -34
415 -34
416 -12
417 -12
418 -12
419 -38
420 -33
421 -33
422 -39
423 -12
424 -12
425 -33
426 -38
427 -39
428 -39
429 -34
430 -12
431 -39
432 -33
433 -34
434 -34
435 -34
436 -39
437 -12
438 -38
439 -34
440 -12
441 -966
442 -12
443 -33
444 -38
445 -12
446 -33
447 -39
448 -12
449 -12
450 -12
451 -34
452 -33
453 -39
454 -38
455 -33
456 -39
457 -34
458 -39
459 -38
460 -33
461 -33
462 -39
463 -38
464 -12
465 -39
466 -33
467 -34
468 -39
469 -12
470 -39
471 -39
472 -33
473 -12
474 -38
475 -38
476 -33
477 -33
478 -39
479 -38
480 -34
481 -38
482 -33
483 -34
484 -33
485 -38
486 -38
487 -33
488 -34
489 -38
490 -33
491 -33
492 -12
493 -39
494 -39
495 -12
496 -33
497 -34
498 -12
499 -34
500 -33
501 -38
502 -34
503 -33
504 -12
505 -34
506 -33
507 -38
508 -34
509 -33
510 -34
511 -12
512 -34
513 -33
514 -38
515 -34
516 -34
517 -33
518 -34
519 -34
520 -39
521 -33
522 -33
523 -39
524 -33
525 -34
526 -38
527 -38
528 -33
529 -38
530 -39
531 -38
532 -33
533 -34
534 -38
535 -12
536 -39
537 -12
538 -34
539 -33
540 -34
541 -12
542 -12
543 -39
544 -12
545 -12
546 -34
547 -65
548 -33
549 -39
550 -39
551 -33
552 -12
553 -33
554 -34
555 -38
556 -34
557 -38
558 -33
559 -33
560 -33
561 -33
562 -39
563 -34
564 -38
565 -38
566 -12
567 -33
568 -39
569 -33
570 -38
571 -153
572 -38
573 -38
574 -12
575 -12
576 -12
577 -12
578 -34
579 -12
580 -38
581 -33
582 -33
583 -38
584 -34
585 -33
586 -33
587 -70
588 -33
589 -39
590 -33
591 -12
592 -33
593 -34
594 -39
595 -38
596 -39
597 -39
598 -39
599 -39
600 -12
601 -39
602 -34
603 -38
604 -34
605 -12
606 -39
607 -38
608 -12
609 -39
610 -38
611 -43
612 -34
613 -34
614 -38
615 -12
616 -33
617 -34
618 -38
619 -38
620 -39
621 -34
622 -33
623 -12
624 -38
625 -12
626 -12
627 -44
628 -12
629 -38
630 -33
631 -38
632 -1359
633 -44
634 -34
635 -12
636 -34
637 -12
638 -39
639 -54
640 -33
641 -34
642 -39
643 -34
644 -38
645 -12
646 -39
647 -33
648 -12
649 -34
650 -33
651 -12
652 -12
653 -12
654 -33
655 -35
656 -33
657 -39
658 -39
659 -33
660 -39
661 -38
662 -39
663 -38
664 -38
665 -34
666 -12
667 -26
668 -33
669 -33
670 -12
671 -39
672 -38
673 -12
674 -34
675 -33
676 -34
677 -34
678 -34
679 -39
680 -34
681 -33
682 -34
683 -34
684 -38
685 -38
686 -34
687 -39
688 -33
689 -12
690 -37
691 -34
692 -12
693 -34
694 -38
695 -38
696 -12
697 -33
698 -34
699 -34
700 -34
701 -39
702 -33
703 -12
704 -28
705 -34
706 -33
707 -38
708 -34
709 -38
710 -38
711 -34
712 -38
713 -34
714 -39
715 -33
716 -38
717 -38
718 -39
719 -38
720 -12
721 -33
722 -12
723 -12
724 -34
725 -34
726 -34
727 -38
728 -19
729 -12
730 -34
731 -28
732 -34
733 -12
734 -33
735 -34
736 -33
737 -39
738 -34
739 -38
740 -12
741 -33
742 -38
743 -12
744 -38
745 -33
746 -12
747 -38
748 -38
749 -49
750 -12
751 -34
752 -33
753 -38
754 -12
755 -12
756 -38
757 -33
758 -38
759 -39
760 -33
761 -38
762 -12
763 -33
764 -39
765 -34
766 -39
767 -33
768 -39
769 -34
770 -34
771 -34
772 -34
773 -12
774 -12
775 -34
776 -34
777 -33
778 -12
779 -34
780 -33
781 -43
782 -34
783 -39
784 -34
785 -33
786 -38
787 -12
788 -38
789 -34
790 -38
791 -435
792 -33
793 -33
794 -38
795 -38
796 -12
797 -38
798 -39
799 -33
800 -12
801 -34
802 -12
803 -39
804 -33
805 -33
806 -34
807 -12
808 -39
809 -34
810 -34
811 -12
812 -38
813 -12
814 -12
815 -12
816 -12
817 -33
818 -34
819 -12
820 -38
821 -33
822 -39
823 -38
824 -38
825 -12
826 -34
827 -12
828 -38
829 -38
830 -34
831 -34
832 -38
833 -39
834 -39
835 -34
836 -34
837 -34
838 -33
839 -34
840 -34
841 -34
842 -33
843 -39
844 -33
845 -34
846 -34
847 -34
848 -38
849 -33
850 -33
851 -34
852 -33
853 -28
854 -12
855 -39
856 -38
857 -34
858 -39
859 -34
860 -38
861 -12
862 -33
863 -12
864 -27
865 -38
866 -38
867 -34
868 -34
869 -38
870 -33
871 -12
872 -38
873 -39
874 -38
875 -38
876 -33
877 -38
878 -38
879 -38
880 -38
881 -12
882 -34
883 -38
884 -22
885 -62
886 -33
887 -34
888 -12
889 -12
890 -38
891 -33
892 -39
893 -33
894 -33
895 -34
896 -219
897 -33
898 -12
899 -34
900 -38
901 -34
902 -43
903 -38
904 -38
905 -33
906 -34
907 -33
908 -33
909 -38
910 -12
911 -13
912 -34
913 -12
914 -38
915 -34
916 -33
917 -39
918 -38
919 -38
920 -33
921 -34
922 -33
923 -34
924 -39
925 -33
926 -41
927 -33
928 -33
929 -34
930 -33
931 -33
932 -12
933 -39
934 -39
935 -12
936 -34
937 -39
938 -12
939 -35
940 -38
941 -38
942 -33
943 -38
944 -33
945 -66
946 -38
947 -33
948 -39
949 -38
950 -34
951 -12
952 -43
953 -37
954 -36
955 -12
956 -34
957 -34
958 -12
959 -12
960 -43
961 -12
962 -34
963 -38
964 -35
965 -39
966 -38
967 -38
968 -39
969 -38
970 -33
971 -38
972 -33
973 -12
974 -33
975 -33
976 -34
977 -33
978 -38
979 -38
980 -12
981 -34
982 -38
983 -33
984 -34
985 -34
986 -21
987 -38
988 -33
989 -39
990 -33
991 -38
992 -39
993 -38
994 -12
995 -33
996 -31
997 -39
998 -39
999 -12
