0 -39
1 -39
2 -38
3 -38
4 -34
5 -38
6 -39
7 -35
8 -39
9 -12
10 -34
11 -34
12 -12
13 -33
14 -16
15 -33
16 -12
17 -12
18 -34
19 -12
20 -33
21 -39
22 -12
23 -34
24 -12
25 -34
26 -12
27 -39
28 -34
29 -12
30 -33
31 -38
32 -12
33 -16
34 -34
35 -12
36 -34
37 -33
38 -39
39 -33
40 -38
41 -38
42 -34
43 -33
44 -36
45 -12
46 -34
47 -39
48 -34
49 -33
50 -39
51 -12
52 -39
53 -34
54 -38
55 -34
56 -35
57 -62
58 -33
59 -39
60 -34
61 -33
62 -34
63 -34
64 -34
65 -49
66 -33
67 -33
68 -39
69 -38
70 -39
71 -33
72 -12
73 -33
74 -39
75 -33
76 -12
77 -38
78 -33
79 -39
80 -39
81 -39
82 -34
83 -33
84 -30
85 -12
86 -40
87 -39
88 -12
89 -38
90 -40
91 -12
92 -12
93 -33
94 -39
95 -33
96 -12
97 -39
98 -12
99 -34
100 -33
101 -38
102 -34
103 -39
104 -33
105 -39
106 -39
107 -38
108 -34
109 -34
110 -39
111 -33
112 -34
113 -33
114 -33
115 -34
116 -12
117 -34
118 -34
119 -33
120 -39
121 -12
122 -33
123 -34
124 -34
125 -34
126 -13
127 -38
128 -38
129 -38
130 -34
131 -38
132 -12
133 -38
134 -38
135 -12
136 -38
137 -39
138 -12
139 -12
140 -38
141 -38
142 -34
143 -39
144 -12
145 -38
146 -34
147 -34
148 -34
149 -33
150 -39
151 -34
152 -13
153 -38
154 -39
155 -39
156 -39
157 -34
158 -34
159 -38
160 -39
161 -38
162 -12
163 -34
164 -34
165 -34
166 -12
167 -12
168 -34
169 -12
170 -38
171 -39
172 -39
173 -39
174 -39
175 -38
176 -34
177 -38
178 -33
179 -12
180 -12
181 -38
182 -12
183 -33
184 -39
185 -33
186 -33
187 -34
188 -39
189 -38
190 -39
191 -28
192 -38
193 -39
194 -33
195 -89
196 -39
197 -33
198 -39
199 -12
200 -39
201 -39
202 -38
203 -12
204 -12
205 -39
206 -39
207 -3703
208 -47
209 -12
210 -12
211 -33
212 -33
213 -34
214 -12
215 -33
216 -34
217 -42
218 -39
219 -12
220 -12
221 -34
222 -12
223 -85
224 -34
225 -34
226 -33
227 -38
228 -12
229 -34
230 -48
231 -12
232 -33
233 -12
234 -34
235 -12
236 -34
237 -29
238 -34
239 -38
240 -12
241 -34
242 -34
243 -39
244 -38
245 -33
246 -12
247 -12
248 -39
249 -12
250 -12
251 -12
252 -39
253 -33
254 -33
255 -39
256 -39
257 -34
258 -26
259 -33
260 -33
261 -33
262 -39
263 -39
264 -48
265 -39
266 -39
267 -39
268 -39
269 -12
270 -34
271 -38
272 -33
273 -39
274 -39
275 -12
276 -34
277 -34
278 -40
279 -38
280 -12
281 -12
282 -12
283 -34
284 -39
285 -33
286 -12
287 -38
288 -39
289 -38
290 -34
291 -34
292 -34
293 -39
294 -12
295 -38
296 -38
297 -39
298 -38
299 -34
300 -34
301 -12
302 -33
303 -12
304 -34
305 -12
306 -34
307 -34
308 -38
309 -42
310 -34
311 -34
312 -33
313 -34
314 -39
315 -12
316 -39
317 -39
318 -38
319 -34
320 -12
321 -34
322 -34
323 -12
324 -33
325 -12
326 -33
327 -34
328 -34
329 -39
330 -39
331 -12
332 -38
333 -34
334 -33
335 -39
336 -38
337 -12
338 -33
339 -12
340 -38
341 -38
342 -38
343 -34
344 -34
345 -28
346 -38
347 -39
348 -38
349 -39
350 -34
351 -12
352 -12
353 -39
354 -38
355 -34
356 -39
357 -34
358 -12
359 -38
360 -33
361 -33
362 -33
363 -33
364 -34
365 -12
366 -12
367 -34
368 -38
369 -12
370 -33
371 -12
372 -38
373 -38
374 -38
375 -33
376 -12
377 -34
378 -34
379 -34
380 -34
381 -38
382 -33
383 -34
384 -39
385 -34
386 -12
387 -34
388 -38
389 -33
390 -12
391 -34
392 -34
393 -34
394 -33
395 -12
396 -39
397 -38
398 -38
399 -34
400 -25
401 -33
402 -38
403 -39
404 -38
405 -33
406 -33
407 -39
408 -38
409 -33
410 -12
411 -38
412 -12
413 -33
414 -33
415 -33
416 -33
417 -38
418 -33
419 -38
420 -38
421 -12
422 -34
423 -39
424 -12
425 -33
426 -44
427 -12
428 -38
429 -34
430 -34
431 -34
432 -39
433 -38
434 -34
435 -12
436 -34
437 -33
438 -38
439 -33
440 -39
441 -34
442 -44
443 -12
444 -39
445 -12
446 -33
447 -38
448 -39
449 -38
450 -33
451 -33
452 -33
453 -39
454 -38
455 -12
456 -34
457 -39
458 -38
459 -34
460 -38
461 -38
462 -38
463 -39
464 -33
465 -39
466 -38
467 -38
468 -33
469 -33
470 -12
471 -38
472 -38
473 -12
474 -29
475 -39
476 -38
477 -38
478 -12
479 -12
480 -407
481 -38
482 -12
483 -12
484 -33
485 -34
486 -38
487 -39
488 -39
489 -39
490 -65
491 -33
492 -38
493 -38
494 -39
495 -31
496 -62
497 -34
498 -38
499 -34
500 -33
501 -33
502 -39
503 -39
504 -33
505 -34
506 -38
507 -12
508 -39
509 -34
510 -33
511 -39
512 -38
513 -38
514 -39
515 -39
516 -33
517 -33
518 -33
519 -34
520 -38
521 -33
522 -12
523 -38
524 -12
525 -35
526 -38
527 -39
528 -34
529 -38
530 -33
531 -34
532 -33
533 -34
534 -34
535 -39
536 -34
537 -12
538 -33
539 -39
540 -12
541 -12
542 -35
543 -33
544 -12
545 -30
546 -38
547 -12
548 -12
549 -33
550 -39
551 -12
552 -34
553 -43
554 -12
555 -12
556 -34
557 -39
558 -34
559 -39
560 -12
561 -34
562 -33
563 -33
564 -33
565 -39
566 -33
567 -34
568 -65
569 -34
570 -38
571 -12
572 -33
573 -12
574 -34
575 -38
576 -12
577 -39
578 -33
579 -38
580 -38
581 -12
582 -38
583 -38
584 -39
585 -39
586 -38
587 -38
588 -39
589 -39
590 -34
591 -12
592 -38
593 -39
594 -33
595 -33
596 -39
597 -38
598 -33
599 -34
600 -12
601 -33
602 -39
603 -12
604 -39
605 -39
606 -33
607 -38
608 -33
609 -38
610 -33
611 -35
612 -34
613 -39
614 -33
615 -39
616 -34
617 -33
618 -38
619 -33
620 -38
621 -34
622 -38
623 -38
624 -34
625 -38
626 -34
627 -33
628 -39
629 -38
630 -34
631 -39
632 -34
633 -12
634 -34
635 -12
636 -34
637 -12
638 -39
639 -33
640 -38
641 -38
642 -12
643 -12
644 -13
645 -38
646 -33
647 -34
648 -38
649 -33
650 -34
651 -39
652 -13
653 -28
654 -12
655 -33
656 -34
657 -38
658 -12
659 -33
660 -12
661 -33
662 -33
663 -39
664 -38
665 -39
666 -38
667 -38
668 -34
669 -351
670 -12
671 -34
672 -12
673 -33
674 -39
675 -12
676 -38
677 -34
678 -38
679 -34
680 -39
681 -34
682 -12
683 -38
684 -12
685 -33
686 -38
687 -33
688 -39
689 -38
690 -12
691 -38
692 -34
693 -12
694 -43
695 -33
696 -12
697 -34
698 -33
699 -39
700 -38
701 -12
702 -38
703 -39
704 -34
705 -34
706 -34
707 -39
708 -33
709 -38
710 -34
711 -39
712 -26
713 -12
714 -33
715 -12
716 -53
717 -33
718 -33
719 -38
720 -38
721 -49
722 -38
723 -38
724 -39
725 -34
726 -38
727 -34
728 -12
729 -16
730 -12
731 -39
732 -38
733 -33
734 -33
735 -12
736 -38
737 -38
738 -33
739 -39
740 -38
741 -34
742 -39
743 -34
744 -34
745 -39
746 -34
747 -39
748 -34
749 -33
750 -37
751 -39
752 -12
753 -12
754 -12
755 -12
756 -38
757 -39
758 -35
759 -33
760 -38
761 -33
762 -39
763 -38
764 -33
765 -84
766 -33
767 -34
768 -38
769 -33
770 -34
771 -41
772 -12
773 -39
774 -12
775 -34
776 -12
777 -12
778 -34
779 -33
780 -12
781 -39
782 -33
783 -38
784 -33
785 -34
786 -33
787 -39
788 -38
789 -12
790 -39
791 -39
792 -39
793 -38
794 -38
795 -12
796 -38
797 -12
798 -33
799 -12
800 -39
801 -39
802 -38
803 -39
804 -33
805 -39
806 -38
807 -33
808 -38
809 -12
810 -34
811 -38
812 -33
813 -17
814 -34
815 -39
816 -34
817 -39
818 -34
819 -38
820 -12
821 -38
822 -34
823 -33
824 -38
825 -34
826 -39
827 -38
828 -34
829 -33
830 -12
831 -33
832 -34
833 -33
834 -34
835 -38
836 -38
837 -34
838 -38
839 -53
840 -12
841 -12
842 -39
843 -34
844 -12
845 -38
846 -33
847 -33
848 -33
849 -39
850 -39
851 -39
852 -33
853 -12
854 -28
855 -34
856 -12
857 -38
858 -34
859 -38
860 -39
861 -49
862 -39
863 -34
864 -34
865 -34
866 -38
867 -12
868 -33
869 -39
870 -39
871 -33
872 -12
873 -33
874 -34
875 -39
876 -39
877 -12
878 -12
879 -39
880 -34
881 -38
882 -12
883 -33
884 -39
885 -34
886 -34
887 -12
888 -39
889 -38
890 -39
891 -33
892 -33
893 -12
894 -34
895 -33
896 -33
897 -39
898 -33
899 -34
900 -38
901 -34
902 -34
903 -12
904 -33
905 -33
906 -34
907 -33
908 -38
909 -12
910 -38
911 -38
912 -33
913 -37
914 -12
915 -33
916 -33
917 -33
918 -12
919 -12
920 -39
921 -33
922 -39
923 -39
924 -38
925 -12
926 -38
927 -39
928 -12
929 -12
930 -39
931 -38
932 -34
933 -33
934 -38
935 -39
936 -37
937 -33
938 -38
939 -33
940 -34
941 -33
942 -38
943 -12
944 -39
945 -38
946 -39
947 -38
948 -38
949 -33
950 -33
951 -38
952 -38
953 -39
954 -39
955 -34
956 -39
957 -34
958 -38
959 -12
960 -12
961 -39
962 -33
963 -34
964 -12
965 -39
966 -12
967 -39
968 -38
969 -39
970 -39
971 -33
972 -39
973 -12
974 -12
975 -12
976 -12
977 -38
978 -39
979 -38
980 -39
981 -34
982 -34
983 -33
984 -34
985 -33
986 -12
987 -12
988 -39
989 -34
990 -39
991 -34
992 -39
993 -33
994 -45
995 -26
996 -43
997 -39
998 -39
999 -34
