0 -12
1 -38
2 -37
3 -12
4 -39
5 -33
6 -12
7 -39
8 -34
9 -38
10 -34
11 -12
12 -33
13 -12
14 -34
15 -39
16 -39
17 -38
18 -38
19 -33
20 -33
21 -33
22 -34
23 -34
24 -12
25 -39
26 -12
27 -12
28 -38
29 -38
30 -38
31 -12
32 -38
33 -33
34 -33
35 -33
36 -33
37 -39
38 -33
39 -39
40 -12
41 -12
42 -34
43 -38
44 -33
45 -33
46 -38
47 -38
48 -33
49 -34
50 -12
51 -12
52 -38
53 -33
54 -12
55 -12
56 -12
57 -38
58 -34
59 -38
60 -34
61 -38
62 -33
63 -38
64 -12
65 -34
66 -38
67 -33
68 -34
69 -12
70 -33
71 -39
72 -38
73 -35
74 -33
75 -34
76 -38
77 -39
78 -38
79 -38
80 -39
81 -38
82 -33
83 -12
84 -12
85 -34
86 -34
87 -34
88 -34
89 -34
90 -12
91 -39
92 -38
93 -38
94 -12
95 -33
96 -29
97 -33
98 -39
99 -39
100 -38
101 -12
102 -34
103 -34
104 -38
105 -38
106 -44
107 -34
108 -34
109 -34
110 -12
111 -12
112 -12
113 -38
114 -12
115 -12
116 -33
117 -34
118 -38
119 -34
120 -12
121 -21
122 -34
123 -38
124 -38
125 -38
126 -12
127 -34
128 -337
129 -38
130 -12
131 -35
132 -34
133 -12
134 -25
135 -12
136 -39
137 -39
138 -38
139 -42
140 -12
141 -34
142 -39
143 -84
144 -33
145 -34
146 -34
147 -39
148 -38
149 -33
150 -39
151 -33
152 -38
153 -33
154 -39
155 -33
156 -34
157 -33
158 -12
159 -12
160 -33
161 -34
162 -38
163 -39
164 -34
165 -41
166 -34
167 -38
168 -33
169 -33
170 -34
171 -34
172 -12
173 -49
174 -33
175 -12
176 -12
177 -54
178 -12
179 -34
180 -39
181 -34
182 -38
183 -34
184 -39
185 -12
186 -38
187 -33
188 -33
189 -39
190 -38
191 -34
192 -34
193 -38
194 -33
195 -34
196 -34
197 -39
198 -38
199 -34
200 -39
201 -39
202 -39
203 -33
204 -29
205 -12
206 -33
207 -47
208 -33
209 -34
210 -38
211 -12
212 -34
213 -34
214 -39
215 -34
216 -39
217 -12
218 -12
219 -33
220 -33
221 -34
222 -38
223 -39
224 -38
225 -39
226 -34
227 -33
228 -38
229 -12
230 -39
231 -12
232 -34
233 -40
234 -38
235 -33
236 -34
237 -38
238 -33
239 -39
240 -12
241 -34
242 -12
243 -38
244 -38
245 -39
246 -12
247 -38
248 -38
249 -12
250 -39
251 -34
252 -38
253 -39
254 -39
255 -33
256 -12
257 -34
258 -12
259 -12
260 -38
261 -34
262 -39
263 -12
264 -12
265 -12
266 -12
267 -39
268 -38
269 -34
270 -34
271 -12
272 -39
273 -12
274 -34
275 -39
276 -34
277 -33
278 -12
279 -39
280 -39
281 -39
282 -12
283 -33
284 -39
285 -12
286 -34
287 -49
288 -38
289 -33
290 -34
291 -34
292 -34
293 -39
294 -12
295 -38
296 -34
297 -34
298 -38
299 -12
300 -38
301 -45
302 -38
303 -39
304 -34
305 -38
306 -38
307 -34
308 -33
309 -33
310 -38
311 -39
312 -12
313 -12
314 -39
315 -39
316 -34
317 -39
318 -12
319 -12
320 -38
321 -39
322 -34
323 -33
324 -40
325 -39
326 -34
327 -33
328 -38
329 -12
330 -33
331 -39
332 -33
333 -34
334 -34
335 -38
336 -34
337 -12
338 -34
339 -12
340 -38
341 -34
342 -12
343 -38
344 -12
345 -34
346 -39
347 -39
348 -33
349 -34
350 -38
351 -33
352 -39
353 -34
354 -12
355 -38
356 -39
357 -39
358 -33
359 -12
360 -12
361 -33
362 -33
363 -12
364 -12
365 -34
366 -38
367 -39
368 -12
369 -12
370 -38
371 -106
372 -38
373 -33
374 -12
375 -12
376 -33
377 -33
378 -33
379 -33
380 -12
381 -12
382 -38
383 -12
384 -38
385 -39
386 -39
387 -34
388 -12
389 -12
390 -12
391 -38
392 -33
393 -39
394 -33
395 -38
396 -34
397 -49
398 -12
399 -61
400 -34
401 -34
402 -53
403 -38
404 -39
405 -34
406 -39
407 -12
408 -38
409 -33
410 -53
411 -34
412 -34
413 -33
414 -34
415 -33
416 -38
417 -38
418 -12
419 -34
420 -33
421 -38
422 -33
423 -38
424 -39
425 -34
426 -38
427 -44
428 -33
429 -34
430 -12
431 -34
432 -33
433 -38
434 -38
435 -12
436 -70
437 -12
438 -38
439 -38
440 -34
441 -39
442 -38
443 -12
444 -38
445 -33
446 -12
447 -34
448 -34
449 -12
450 -39
451 -39
452 -34
453 -34
454 -34
455 -33
456 -34
457 -39
458 -39
459 -34
460 -34
461 -12
462 -33
463 -39
464 -39
465 -55
466 -391
467 -34
468 -33
469 -39
470 -12
471 -38
472 -564
473 -38
474 -34
475 -33
476 -39
477 -33
478 -34
479 -33
480 -34
481 -39
482 -39
483 -53
484 -38
485 -34
486 -12
487 -34
488 -34
489 -33
490 -12
491 -34
492 -38
493 -33
494 -33
495 -34
496 -38
497 -38
498 -34
499 -39
500 -36
501 -33
502 -12
503 -12
504 -33
505 -38
506 -12
507 -12
508 -34
509 -12
510 -39
511 -39
512 -34
513 -38
514 -39
515 -38
516 -39
517 -49
518 -39
519 -34
520 -34
521 -12
522 -12
523 -39
524 -12
525 -33
526 -12
527 -39
528 -12
529 -34
530 -12
531 -38
532 -49
533 -38
534 -12
535 -49
536 -38
537 -34
538 -33
539 -34
540 -12
541 -33
542 -12
543 -39
544 -34
545 -12
546 -38
547 -12
548 -38
549 -39
550 -12
551 -38
552 -39
553 -12
554 -12
555 -12
556 -33
557 -34
558 -39
559 -33
560 -34
561 -33
562 -12
563 -33
564 -38
565 -33
566 -33
567 -34
568 -12
569 -34
570 -39
571 -12
572 -29
573 -30
574 -12
575 -34
576 -34
577 -38
578 -39
579 -12
580 -38
581 -38
582 -33
583 -33
584 -38
585 -38
586 -33
587 -39
588 -12
589 -12
590 -38
591 -38
592 -34
593 -33
594 -12
595 -34
596 -34
597 -34
598 -39
599 -39
600 -12
601 -34
602 -39
603 -33
604 -39
605 -39
606 -34
607 -12
608 -39
609 -38
610 -33
611 -12
612 -12
613 -38
614 -39
615 -39
616 -12
617 -33
618 -38
619 -34
620 -39
621 -39
622 -39
623 -34
624 -12
625 -39
626 -39
627 -12
628 -12
629 -38
630 -34
631 -33
632 -34
633 -33
634 -38
635 -12
636 -34
637 -34
638 -34
639 -38
640 -33
641 -33
642 -38
643 -38
644 -38
645 -39
646 -12
647 -33
648 -12
649 -33
650 -34
651 -34
652 -12
653 -38
654 -39
655 -34
656 -34
657 -33
658 -57
659 -12
660 -33
661 -33
662 -39
663 -33
664 -12
665 -39
666 -12
667 -33
668 -39
669 -12
670 -39
671 -39
672 -34
673 -34
674 -1383
675 -39
676 -38
677 -38
678 -39
679 -39
680 -33
681 -12
682 -34
683 -12
684 -39
685 -38
686 -38
687 -33
688 -38
689 -38
690 -12
691 -39
692 -34
693 -39
694 -39
695 -44
696 -34
697 -12
698 -12
699 -39
700 -33
701 -33
702 -39
703 -39
704 -34
705 -39
706 -12
707 -12
708 -39
709 -33
710 -39
711 -33
712 -43
713 -39
714 -39
715 -34
716 -38
717 -34
718 -12
719 -39
720 -38
721 -39
722 -12
723 -34
724 -38
725 -33
726 -34
727 -3056
728 -12
729 -1109
730 -34
731 -39
732 -33
733 -34
734 -12
735 -38
736 -12
737 -38
738 -38
739 -34
740 -38
741 -12
742 -33
743 -12
744 -12
745 -12
746 -38
747 -12
748 -39
749 -12
750 -38
751 -33
752 -38
753 -33
754 -41
755 -12
756 -12
757 -34
758 -41
759 -38
760 -38
761 -38
762 -21
763 -33
764 -33
765 -12
766 -38
767 -39
768 -33
769 -38
770 -50
771 -12
772 -39
773 -12
774 -33
775 -38
776 -39
777 -12
778 -25
779 -38
780 -40
781 -33
782 -878
783 -39
784 -33
785 -34
786 -33
787 -31
788 -33
789 -12
790 -33
791 -38
792 -33
793 -39
794 -38
795 -33
796 -38
797 -12
798 -769
799 -38
800 -34
801 -12
802 -33
803 -38
804 -34
805 -12
806 -12
807 -34
808 -39
809 -34
810 -39
811 -12
812 -38
813 -33
814 -33
815 -34
816 -33
817 -38
818 -12
819 -34
820 -33
821 -12
822 -38
823 -39
824 -39
825 -12
826 -173
827 -39
828 -34
829 -34
830 -34
831 -38
832 -39
833 -38
834 -33
835 -39
836 -38
837 -33
838 -33
839 -12
840 -12
841 -12
842 -34
843 -38
844 -33
845 -12
846 -34
847 -38
848 -38
849 -33
850 -12
851 -38
852 -42
853 -39
854 -33
855 -12
856 -39
857 -71
858 -39
859 -12
860 -34
861 -39
862 -38
863 -38
864 -38
865 -34
866 -48
867 -38
868 -38
869 -39
870 -34
871 -33
872 -34
873 -39
874 -39
875 -39
876 -39
877 -39
878 -39
879 -12
880 -33
881 -33
882 -43
883 -33
884 -13
885 -33
886 -39
887 -33
888 -34
889 -12
890 -39
891 -39
892 -34
893 -33
894 -12
895 -39
896 -39
897 -12
898 -34
899 -34
900 -38
901 -34
902 -12
903 -38
904 -33
905 -34
906 -12
907 -37
908 -12
909 -34
910 -33
911 -34
912 -12
913 -39
914 -38
915 -12
916 -34
917 -34
918 -38
919 -38
920 -34
921 -33
922 -34
923 -28
924 -39
925 -38
926 -39
927 -53
928 -39
929 -34
930 -12
931 -34
932 -38
933 -34
934 -39
935 -45
936 -12
937 -39
938 -12
939 -33
940 -12
941 -34
942 -34
943 -39
944 -43
945 -313
946 -35
947 -39
948 -12
949 -33
950 -12
951 -38
952 -38
953 -38
954 -34
955 -33
956 -33
957 -33
958 -38
959 -38
960 -12
961 -38
962 -12
963 -36
964 -38
965 -38
966 -39
967 -12
968 -12
969 -38
970 -38
971 -38
972 -12
973 -39
974 -38
975 -39
976 -12
977 -34
978 -33
979 -38
980 -38
981 -12
982 -39
983 -39
984 -34
985 -12
986 -48
987 -12
988 -33
989 -34
990 -39
991 -34
992 -34
993 -38
994 -43
995 -38
996 -38
997 -38
998 -34
999 -12
