0 -43
1 -38
2 -38
3 -42
4 -34
5 -34
6 -39
7 -34
8 -39
9 -39
10 -12
11 -39
12 -33
13 -38
14 -38
15 -33
16 -38
17 -33
18 -33
19 -39
20 -49
21 -33
22 -38
23 -34
24 -33
25 -34
26 -38
27 -33
28 -12
29 -33
30 -33
31 -30
32 -34
33 -38
34 -12
35 -12
36 -39
37 -38
38 -33
39 -33
40 -34
41 -39
42 -12
43 -33
44 -5641
45 -39
46 -39
47 -33
48 -39
49 -13
50 -33
51 -33
52 -38
53 -12
54 -12
55 -12
56 -12
57 -12
58 -38
59 -34
60 -12
61 -12
62 -33
63 -38
64 -34
65 -33
66 -34
67 -57
68 -33
69 -34
70 -39
71 -34
72 -38
73 -12
74 -39
75 -12
76 -34
77 -39
78 -33
79 -39
80 -33
81 -38
82 -38
83 -12
84 -34
85 -34
86 -12
87 -33
88 -30
89 -29
90 -33
91 -34
92 -12
93 -39
94 -34
95 -12
96 -34
97 -33
98 -12
99 -38
100 -12
101 -1242
102 -34
103 -38
104 -34
105 -12
106 -39
107 -33
108 -33
109 -12
110 -38
111 -39
112 -44
113 -12
114 -12
115 -12
116 -33
117 -12
118 -38
119 -34
120 -39
121 -34
122 -38
123 -39
124 -33
125 -34
126 -33
127 -38
128 -33
129 -38
130 -33
131 -35
132 -44
133 -12
134 -38
135 -39
136 -34
137 -33
138 -39
139 -34
140 -12
141 -34
142 -38
143 -39
144 -33
145 -34
146 -39
147 -12
148 -34
149 -34
150 -33
151 -38
152 -34
153 -12
154 -34
155 -39
156 -34
157 -34
158 -38
159 -39
160 -38
161 -12
162 -33
163 -39
164 -12
165 -12
166 -39
167 -12
168 -38
169 -33
170 -39
171 -38
172 -38
173 -70
174 -38
175 -33
176 -43
177 -39
178 -39
179 -12
180 -12
181 -34
182 -39
183 -34
184 -33
185 -39
186 -12
187 -42
188 -33
189 -34
190 -12
191 -39
192 -12
193 -34
194 -12
195 -39
196 -39
197 -33
198 -34
199 -34
200 -33
201 -53
202 -12
203 -12
204 -34
205 -12
206 -38
207 -33
208 -38
209 -6562
210 -39
211 -33
212 -39
213 -38
214 -12
215 -38
216 -39
217 -38
218 -12
219 -39
220 -12
221 -38
222 -34
223 -38
224 -33
225 -34
226 -38
227 -34
228 -33
229 -12
230 -34
231 -34
232 -34
233 -38
234 -34
235 -38
236 -34
237 -44
238 -38
239 -38
240 -12
241 -39
242 -34
243 -33
244 -12
245 -33
246 -33
247 -34
248 -34
249 -39
250 -33
251 -39
252 -34
253 -39
254 -33
255 -39
256 -34
257 -39
258 -33
259 -34
260 -38
261 -39
262 -34
263 -33
264 -38
265 -39
266 -34
267 -38
268 -34
269 -38
270 -38
271 -38
272 -38
273 -12
274 -34
275 -12
276 -33
277 -33
278 -34
279 -30
280 -39
281 -38
282 -38
283 -39
284 -38
285 -39
286 -39
287 -12
288 -49
289 -39
290 -34
291 -12
292 -33
293 -34
294 -39
295 -38
296 -39
297 -33
298 -38
299 -12
300 -39
301 -38
302 -34
303 -34
304 -12
305 -33
306 -38
307 -12
308 -34
309 -12
310 -33
311 -12
312 -12
313 -38
314 -38
315 -12
316 -34
317 -34
318 -38
319 -33
320 -12
321 -38
322 -33
323 -34
324 -39
325 -12
326 -12
327 -33
328 -39
329 -12
330 -34
331 -41
332 -12
333 -12
334 -39
335 -34
336 -34
337 -39
338 -34
339 -38
340 -34
341 -39
342 -33
343 -38
344 -38
345 -12
346 -39
347 -34
348 -39
349 -39
350 -12
351 -38
352 -33
353 -38
354 -39
355 -12
356 -12
357 -12
358 -12
359 -34
360 -33
361 -12
362 -12
363 -33
364 -12
365 -39
366 -33
367 -38
368 -38
369 -38
370 -34
371 -34
372 -38
373 -34
374 -39
375 -52
376 -43
377 -33
378 -43
379 -33
380 -42
381 -39
382 -33
383 -39
384 -33
385 -12
386 -38
387 -39
388 -12
389 -39
390 -38
391 -34
392 -38
393 -34
394 -12
395 -12
396 -34
397 -33
398 -33
399 -34
400 -33
401 -38
402 -39
403 -12
404 -38
405 -12
406 -38
407 -39
408 -34
409 -38
410 -39
411 -33
412 -39
413 -33
414 -39
415 -38
416 -38
417 -39
418 -12
419 -38
420 -39
421 -39
422 -33
423 -34
424 -34
425 -34
426 -38
427 -34
428 -34
429 -34
430 -34
431 -39
432 -38
433 -39
434 -12
435 -12
436 -34
437 -34
438 -39
439 -33
440 -12
441 -34
442 -37
443 -12
444 -12
445 -38
446 -37
447 -39
448 -40
449 -34
450 -38
451 -39
452 -12
453 -38
454 -33
455 -12
456 -12
457 -38
458 -38
459 -33
460 -34
461 -33
462 -34
463 -34
464 -33
465 -12
466 -38
467 -39
468 -34
469 -33
470 -33
471 -33
472 -33
473 -12
474 -35
475 -38
476 -39
477 -33
478 -33
479 -12
480 -38
481 -12
482 -33
483 -33
484 -33
485 -38
486 -33
487 -34
488 -34
489 -39
490 -39
491 -12
492 -34
493 -380
494 -38
495 -39
496 -39
497 -38
498 -34
499 -12
500 -34
501 -38
502 -38
503 -34
504 -39
505 -33
506 -12
507 -29
508 -12
509 -34
510 -12
511 -39
512 -12
513 -12
514 -12
515 -33
516 -33
517 -12
518 -38
519 -33
520 -34
521 -34
522 -38
523 -39
524 -30
525 -38
526 -38
527 -33
528 -33
529 -38
530 -39
531 -12
532 -34
533 -66
534 -12
535 -33
536 -12
537 -39
538 -34
539 -12
540 -38
541 -34
542 -33
543 -29
544 -34
545 -34
546 -34
547 -38
548 -33
549 -39
550 -12
551 -33
552 -33
553 -49
554 -12
555 -34
556 -12
557 -38
558 -33
559 -12
560 -39
561 -38
562 -34
563 -39
564 -16
565 -38
566 -12
567 -12
568 -33
569 -38
570 -12
571 -34
572 -38
573 -38
574 -503
575 -34
576 -38
577 -34
578 -38
579 -33
580 -38
581 -34
582 -39
583 -25
584 -12
585 -12
586 -33
587 -33
588 -12
589 -34
590 -39
591 -12
592 -38
593 -39
594 -33
595 -38
596 -38
597 -34
598 -12
599 -39
600 -39
601 -38
602 -12
603 -34
604 -39
605 -12
606 -38
607 -38
608 -34
609 -12
610 -38
611 -34
612 -38
613 -33
614 -34
615 -34
616 -33
617 -39
618 -33
619 -12
620 -39
621 -38
622 -12
623 -33
624 -38
625 -34
626 -12
627 -39
628 -39
629 -34
630 -12
631 -33
632 -39
633 -42
634 -12
635 -34
636 -38
637 -34
638 -38
639 -56
640 -34
641 -38
642 -39
643 -34
644 -33
645 -38
646 -39
647 -33
648 -12
649 -38
650 -34
651 -38
652 -33
653 -38
654 -38
655 -34
656 -39
657 -34
658 -38
659 -49
660 -12
661 -39
662 -34
663 -39
664 -38
665 -39
666 -34
667 -34
668 -34
669 -38
670 -33
671 -30
672 -38
673 -34
674 -12
675 -38
676 -33
677 -12
678 -38
679 -33
680 -38
681 -12
682 -33
683 -34
684 -12
685 -12
686 -39
687 -34
688 -34
689 -34
690 -34
691 -34
692 -39
693 -33
694 -39
695 -39
696 -34
697 -13
698 -38
699 -12
700 -29
701 -12
702 -12
703 -33
704 -33
705 -39
706 -39
707 -39
708 -39
709 -39
710 -12
711 -34
712 -38
713 -38
714 -12
715 -38
716 -39
717 -39
718 -39
719 -34
720 -34
721 -38
722 -34
723 -38
724 -39
725 -34
726 -34
727 -34
728 -33
729 -12
730 -12
731 -33
732 -34
733 -34
734 -34
735 -34
736 -34
737 -38
738 -39
739 -34
740 -38
741 -34
742 -12
743 -33
744 -39
745 -34
746 -34
747 -33
748 -38
749 -44
750 -38
751 -33
752 -12
753 -12
754 -33
755 -34
756 -12
757 -34
758 -38
759 -33
760 -34
761 -12
762 -38
763 -38
764 -39
765 -12
766 -33
767 -34
768 -39
769 -38
770 -12
771 -33
772 -12
773 -39
774 -39
775 -39
776 -12
777 -34
778 -33
779 -12
780 -38
781 -33
782 -38
783 -38
784 -12
785 -39
786 -38
787 -12
788 -38
789 -39
790 -34
791 -38
792 -30
793 -47
794 -33
795 -12
796 -38
797 -34
798 -33
799 -39
800 -38
801 -33
802 -38
803 -34
804 -33
805 -12
806 -35
807 -12
808 -34
809 -38
810 -38
811 -38
812 -39
813 -29
814 -33
815 -34
816 -38
817 -38
818 -34
819 -38
820 -12
821 -38
822 -33
823 -48
824 -57
825 -38
826 -39
827 -39
828 -33
829 -33
830 -38
831 -39
832 -33
833 -12
834 -38
835 -41
836 -33
837 -33
838 -33
839 -33
840 -50
841 -33
842 -33
843 -34
844 -34
845 -34
846 -33
847 -12
848 -39
849 -33
850 -33
851 -39
852 -34
853 -33
854 -38
855 -38
856 -38
857 -39
858 -34
859 -29
860 -12
861 -39
862 -39
863 -39
864 -33
865 -38
866 -33
867 -12
868 -34
869 -39
870 -39
871 -40
872 -34
873 -33
874 -39
875 -33
876 -12
877 -34
878 -12
879 -34
880 -33
881 -12
882 -38
883 -34
884 -34
885 -12
886 -38
887 -12
888 -34
889 -39
890 -38
891 -33
892 -33
893 -34
894 -38
895 -38
896 -34
897 -33
898 -34
899 -34
900 -34
901 -47
902 -38
903 -34
904 -12
905 -39
906 -38
907 -38
908 -38
909 -12
910 -38
911 -33
912 -38
913 -74
914 -39
915 -38
916 -34
917 -37
918 -38
919 -33
920 -38
921 -22
922 -39
923 -33
924 -12
925 -34
926 -39
927 -12
928 -38
929 -12
930 -33
931 -12
932 -12
933 -39
934 -33
935 -38
936 -39
937 -12
938 -41
939 -33
940 -1085
941 -39
942 -33
943 -1723
944 -12
945 -38
946 -38
947 -33
948 -12
949 -34
950 -39
951 -12
952 -39
953 -33
954 -33
955 -39
956 -38
957 -33
958 -38
959 -34
960 -33
961 -33
962 -38
963 -34
964 -33
965 -38
966 -34
967 -38
968 -34
969 -12
970 -38
971 -39
972 -33
973 -34
974 -34
975 -33
976 -38
977 -39
978 -12
979 -38
980 -12
981 -12
982 -38
983 -34
984 -40
985 -33
986 -38
987 -38
988 -39
989 -35
990 -39
991 -12
992 -38
993 -38
994 -12
995 -39
996 -33
997 -12
998 -12
999 -39
