0 -33
1 -34
2 -39
3 -28
4 -12
5 -43
6 -33
7 -34
8 -39
9 -38
10 -12
11 -33
12 -33
13 -34
14 -33
15 -38
16 -33
17 -33
18 -39
19 -38
20 -12
21 -34
22 -39
23 -33
24 -33
25 -37
26 -34
27 -34
28 -34
29 -34
30 -33
31 -12
32 -38
33 -34
34 -33
35 -38
36 -38
37 -33
38 -33
39 -32
40 -38
41 -38
42 -12
43 -12
44 -38
45 -39
46 -61
47 -39
48 -38
49 -33
50 -12
51 -34
52 -12
53 -33
54 -39
55 -34
56 -57
57 -39
58 -12
59 -33
60 -39
61 -33
62 -12
63 -39
64 -38
65 -39
66 -12
67 -39
68 -33
69 -39
70 -34
71 -33
72 -27
73 -39
74 -34
75 -38
76 -34
77 -12
78 -33
79 -34
80 -34
81 -60
82 -33
83 -39
84 -54
85 -38
86 -39
87 -38
88 -39
89 -39
90 -39
91 -12
92 -110
93 -33
94 -33
95 -33
96 -12
97 -12
98 -40
99 -33
100 -39
101 -38
102 -29
103 -33
104 -33
105 -12
106 -33
107 -12
108 -34
109 -34
110 -39
111 -34
112 -12
113 -39
114 -12
115 -50
116 -38
117 -39
118 -33
119 -38
120 -39
121 -12
122 -33
123 -39
124 -34
125 -39
126 -38
127 -12
128 -34
129 -43
130 -33
131 -33
132 -53
133 -33
134 -49
135 -38
136 -34
137 -33
138 -39
139 -12
140 -39
141 -39
142 -38
143 -38
144 -33
145 -33
146 -40
147 -38
148 -33
149 -58
150 -34
151 -33
152 -34
153 -39
154 -34
155 -38
156 -37
157 -34
158 -38
159 -65
160 -12
161 -12
162 -38
163 -38
164 -38
165 -12
166 -12
167 -34
168 -33
169 -35
170 -34
171 -12
172 -38
173 -34
174 -34
175 -228
176 -39
177 -34
178 -43
179 -33
180 -38
181 -12
182 -34
183 -38
184 -38
185 -39
186 -39
187 -34
188 -55
189 -507
190 -34
191 -34
192 -38
193 -12
194 -34
195 -33
196 -38
197 -12
198 -34
199 -38
200 -38
201 -12
202 -38
203 -38
204 -39
205 -34
206 -34
207 -38
208 -38
209 -12
210 -38
211 -38
212 -12
213 -34
214 -38
215 -33
216 -38
217 -34
218 -38
219 -38
220 -12
221 -33
222 -35
223 -12
224 -12
225 -935
226 -34
227 -33
228 -70
229 -33
230 -38
231 -12
232 -12
233 -34
234 -34
235 -12
236 -39
237 -38
238 -34
239 -40
240 -12
241 -38
242 -38
243 -12
244 -33
245 -33
246 -59
247 -12
248 -34
249 -39
250 -33
251 -12
252 -39
253 -33
254 -12
255 -38
256 -33
257 -39
258 -34
259 -34
260 -12
261 -34
262 -34
263 -61
264 -34
265 -34
266 -12
267 -12
268 -39
269 -38
270 -33
271 -38
272 -12
273 -12
274 -39
275 -34
276 -39
277 -33
278 -38
279 -39
280 -42
281 -34
282 -38
283 -42
284 -34
285 -33
286 -34
287 -34
288 -38
289 -34
290 -12
291 -38
292 -39
293 -34
294 -33
295 -12
296 -38
297 -33
298 -34
299 -33
300 -12
301 -33
302 -12
303 -33
304 -38
305 -34
306 -39
307 -39
308 -34
309 -34
310 -38
311 -39
312 -12
313 -12
314 -34
315 -38
316 -34
317 -34
318 -34
319 -38
320 -39
321 -34
322 -39
323 -38
324 -34
325 -12
326 -34
327 -33
328 -12
329 -39
330 -33
331 -39
332 -38
333 -33
334 -12
335 -39
336 -38
337 -39
338 -34
339 -39
340 -38
341 -33
342 -56
343 -39
344 -38
345 -38
346 -38
347 -39
348 -12
349 -34
350 -33
351 -34
352 -34
353 -38
354 -38
355 -39
356 -12
357 -39
358 -34
359 -39
360 -33
361 -39
362 -33
363 -26
364 -12
365 -12
366 -49
367 -33
368 -66
369 -39
370 -34
371 -34
372 -33
373 -38
374 -12
375 -39
376 -34
377 -12
378 -39
379 -12
380 -33
381 -34
382 -33
383 -39
384 -38
385 -39
386 -33
387 -12
388 -12
389 -38
390 -39
391 -38
392 -38
393 -38
394 -34
395 -33
396 -39
397 -33
398 -34
399 -34
400 -12
401 -33
402 -38
403 -34
404 -34
405 -12
406 -39
407 -26
408 -34
409 -34
410 -12
411 -12
412 -66
413 -38
414 -49
415 -34
416 -39
417 -38
418 -80
419 -33
420 -12
421 -12
422 -54
423 -34
424 -38
425 -34
426 -33
427 -39
428 -38
429 -39
430 -39
431 -38
432 -38
433 -38
434 -39
435 -12
436 -33
437 -38
438 -12
439 -34
440 -38
441 -39
442 -33
443 -39
444 -38
445 -39
446 -38
447 -38
448 -33
449 -39
450 -12
451 -39
452 -34
453 -33
454 -39
455 -39
456 -34
457 -12
458 -38
459 -38
460 -12
461 -39
462 -38
463 -33
464 -34
465 -39
466 -117
467 -34
468 -327
469 -38
470 -12
471 -62
472 -34
473 -38
474 -33
475 -38
476 -33
477 -38
478 -12
479 -12
480 -12
481 -34
482 -39
483 -34
484 -12
485 -33
486 -38
487 -39
488 -12
489 -38
490 -38
491 -12
492 -12
493 -34
494 -52
495 -34
496 -38
497 -12
498 -39
499 -34
500 -39
501 -39
502 -12
503 -12
504 -12
505 -12
506 -39
507 -33
508 -34
509 -39
510 -33
511 -33
512 -34
513 -38
514 -38
515 -34
516 -34
517 -34
518 -39
519 -33
520 -38
521 -38
522 -33
523 -39
524 -33
525 -33
526 -39
527 -38
528 -13
529 -12
530 -12
531 -12
532 -33
533 -12
534 -39
535 -34
536 -34
537 -12
538 -39
539 -33
540 -39
541 -39
542 -33
543 -38
544 -55
545 -39
546 -33
547 -39
548 -34
549 -34
550 -38
551 -12
552 -38
553 -34
554 -33
555 -38
556 -12
557 -12
558 -38
559 -50
560 -34
561 -38
562 -12
563 -39
564 -34
565 -47
566 -34
567 -33
568 -38
569 -38
570 -34
571 -34
572 -33
573 -39
574 -39
575 -33
576 -33
577 -34
578 -38
579 -38
580 -39
581 -34
582 -12
583 -33
584 -42
585 -34
586 -34
587 -12
588 -39
589 -39
590 -33
591 -38
592 -34
593 -34
594 -12
595 -34
596 -38
597 -34
598 -34
599 -39
600 -39
601 -12
602 -41
603 -34
604 -33
605 -33
606 -39
607 -12
608 -39
609 -39
610 -12
611 -12
612 -12
613 -34
614 -34
615 -38
616 -12
617 -39
618 -12
619 -34
620 -33
621 -33
622 -39
623 -34
624 -34
625 -70
626 -33
627 -38
628 -38
629 -34
630 -43
631 -12
632 -33
633 -50
634 -33
635 -40
636 -39
637 -38
638 -12
639 -34
640 -217
641 -12
642 -39
643 -33
644 -12
645 -33
646 -38
647 -39
648 -34
649 -33
650 -33
651 -34
652 -38
653 -38
654 -34
655 -12
656 -39
657 -39
658 -38
659 -34
660 -38
661 -34
662 -12
663 -33
664 -33
665 -34
666 -12
667 -38
668 -38
669 -34
670 -12
671 -34
672 -34
673 -39
674 -33
675 -12
676 -33
677 -38
678 -38
679 -38
680 -39
681 -34
682 -39
683 -38
684 -39
685 -39
686 -33
687 -33
688 -39
689 -34
690 -34
691 -12
692 -39
693 -39
694 -33
695 -38
696 -34
697 -12
698 -12
699 -34
700 -39
701 -39
702 -33
703 -34
704 -38
705 -12
706 -34
707 -34
708 -33
709 -34
710 -12
711 -12
712 -12
713 -12
714 -12
715 -12
716 -38
717 -38
718 -38
719 -33
720 -38
721 -38
722 -38
723 -12
724 -33
725 -34
726 -39
727 -33
728 -39
729 -27
730 -34
731 -39
732 -34
733 -33
734 -34
735 -33
736 -12
737 -38
738 -34
739 -34
740 -39
741 -44
742 -33
743 -12
744 -38
745 -34
746 -33
747 -33
748 -39
749 -39
750 -39
751 -34
752 -33
753 -12
754 -33
755 -38
756 -34
757 -33
758 -12
759 -34
760 -38
761 -38
762 -39
763 -33
764 -34
765 -34
766 -34
767 -34
768 -33
769 -12
770 -38
771 -29
772 -34
773 -38
774 -12
775 -38
776 -34
777 -12
778 -12
779 -39
780 -39
781 -34
782 -33
783 -39
784 -34
785 -33
786 -34
787 -12
788 -34
789 -39
790 -34
791 -181
792 -38
793 -33
794 -35
795 -46
796 -12
797 -34
798 -38
799 -39
800 -12
801 -33
802 -38
803 -33
804 -34
805 -12
806 -34
807 -38
808 -33
809 -39
810 -12
811 -12
812 -34
813 -34
814 -34
815 -34
816 -38
817 -39
818 -38
819 -34
820 -34
821 -12
822 -38
823 -39
824 -34
825 -34
826 -38
827 -39
828 -39
829 -33
830 -34
831 -39
832 -39
833 -38
834 -39
835 -34
836 -38
837 -38
838 -38
839 -34
840 -34
841 -34
842 -38
843 -39
844 -12
845 -34
846 -34
847 -34
848 -38
849 -33
850 -12
851 -39
852 -38
853 -12
854 -38
855 -12
856 -34
857 -12
858 -12
859 -39
860 -12
861 -39
862 -19
863 -39
864 -39
865 -33
866 -34
867 -39
868 -34
869 -39
870 -38
871 -38
872 -33
873 -43
874 -34
875 -33
876 -34
877 -33
878 -34
879 -34
880 -39
881 -39
882 -38
883 -33
884 -33
885 -12
886 -33
887 -34
888 -35
889 -39
890 -38
891 -34
892 -33
893 -33
894 -12
895 -34
896 -12
897 -34
898 -33
899 -39
900 -38
901 -38
902 -39
903 -38
904 -33
905 -34
906 -12
907 -34
908 -34
909 -38
910 -33
911 -38
912 -37
913 -12
914 -33
915 -39
916 -34
917 -12
918 -39
919 -33
920 -38
921 -33
922 -39
923 -39
924 -39
925 -39
926 -34
927 -12
928 -33
929 -34
930 -12
931 -12
932 -34
933 -12
934 -33
935 -39
936 -38
937 -38
938 -58
939 -33
940 -34
941 -39
942 -33
943 -12
944 -39
945 -12
946 -39
947 -34
948 -34
949 -38
950 -33
951 -12
952 -39
953 -44
954 -47
955 -38
956 -39
957 -34
958 -34
959 -33
960 -39
961 -66
962 -38
963 -38
964 -12
965 -12
966 -39
967 -33
968 -39
969 -34
970 -34
971 -34
972 -12
973 -12
974 -33
975 -12
976 -34
977 -30
978 -34
979 -34
980 -34
981 -39
982 -33
983 -12
984 -34
985 -34
986 -34
987 -33
988 -12
989 -34
990 -39
991 -39
992 -12
993 -12
994 -12
995 -34
996 -34
997 -12
998 -38
999 -38
