0 -33
1 -33
2 -33
3 -12
4 -39
5 -38
6 -34
7 -34
8 -39
9 -38
10 -34
11 -33
12 -34
13 -34
14 -38
15 -33
16 -12
17 -34
18 -34
19 -12
20 -12
21 -39
22 -33
23 -34
24 -40
25 -12
26 -39
27 -12
28 -39
29 -33
30 -33
31 -33
32 -39
33 -12
34 -34
35 -34
36 -34
37 -34
38 -33
39 -38
40 -39
41 -39
42 -33
43 -38
44 -33
45 -39
46 -33
47 -12
48 -39
49 -40
50 -35
51 -33
52 -33
53 -38
54 -12
55 -39
56 -33
57 -12
58 -33
59 -12
60 -34
61 -38
62 -34
63 -34
64 -12
65 -38
66 -34
67 -58
68 -12
69 -12
70 -33
71 -38
72 -39
73 -39
74 -12
75 -12
76 -33
77 -12
78 -39
79 -43
80 -33
81 -38
82 -38
83 -38
84 -34
85 -39
86 -12
87 -38
88 -12
89 -33
90 -34
91 -12
92 -38
93 -2408
94 -12
95 -34
96 -12
97 -33
98 -38
99 -12
100 -34
101 -40
102 -38
103 -39
104 -33
105 -33
106 -34
107 -34
108 -34
109 -12
110 -12
111 -34
112 -38
113 -33
114 -39
115 -33
116 -33
117 -34
118 -38
119 -39
120 -12
121 -34
122 -12
123 -34
124 -33
125 -12
126 -33
127 -39
128 -38
129 -12
130 -12
131 -12
132 -34
133 -33
134 -39
135 -12
136 -33
137 -12
138 -43
139 -38
140 -33
141 -38
142 -38
143 -12
144 -38
145 -33
146 -38
147 -42
148 -12
149 -39
150 -37
151 -33
152 -33
153 -38
154 -38
155 -34
156 -38
157 -38
158 -12
159 -34
160 -33
161 -39
162 -34
163 -12
164 -39
165 -12
166 -12
167 -34
168 -38
169 -33
170 -34
171 -39
172 -12
173 -38
174 -34
175 -33
176 -33
177 -12
178 -38
179 -33
180 -33
181 -38
182 -40
183 -12
184 -34
185 -39
186 -12
187 -34
188 -12
189 -33
190 -39
191 -12
192 -39
193 -33
194 -34
195 -38
196 -12
197 -34
198 -38
199 -38
200 -34
201 -34
202 -38
203 -34
204 -38
205 -34
206 -38
207 -38
208 -12
209 -39
210 -33
211 -38
212 -39
213 -33
214 -12
215 -28
216 -39
217 -39
218 -39
219 -34
220 -12
221 -12
222 -34
223 -38
224 -12
225 -12
226 -38
227 -12
228 -30
229 -38
230 -12
231 -12
232 -39
233 -35
234 -12
235 -33
236 -39
237 -34
238 -38
239 -33
240 -39
241 -38
242 -12
243 -34
244 -33
245 -34
246 -12
247 -33
248 -33
249 -33
250 -39
251 -50
252 -33
253 -39
254 -21
255 -33
256 -12
257 -33
258 -33
259 -34
260 -32
261 -12
262 -71
263 -39
264 -33
265 -12
266 -43
267 -34
268 -33
269 -12
270 -12
271 -12
272 -38
273 -12
274 -33
275 -39
276 -34
277 -38
278 -34
279 -38
280 -34
281 -33
282 -38
283 -34
284 -34
285 -38
286 -34
287 -29
288 -38
289 -34
290 -38
291 -38
292 -33
293 -39
294 -34
295 -39
296 -42
297 -33
298 -49
299 -38
300 -12
301 -33
302 -38
303 -12
304 -34
305 -12
306 -38
307 -38
308 -34
309 -34
310 -38
311 -12
312 -33
313 -33
314 -33
315 -12
316 -34
317 -38
318 -33
319 -39
320 -12
321 -35
322 -33
323 -39
324 -38
325 -30
326 -34
327 -39
328 -38
329 -39
330 -34
331 -38
332 -12
333 -38
334 -39
335 -33
336 -12
337 -39
338 -34
339 -39
340 -38
341 -12
342 -38
343 -39
344 -34
345 -34
346 -34
347 -12
348 -33
349 -38
350 -33
351 -38
352 -34
353 -21
354 -38
355 -33
356 -39
357 -39
358 -34
359 -12
360 -33
361 -12
362 -33
363 -39
364 -38
365 -33
366 -38
367 -33
368 -38
369 -38
370 -34
371 -39
372 -39
373 -33
374 -12
375 -33
376 -39
377 -12
378 -12
379 -12
380 -12
381 -33
382 -34
383 -38
384 -33
385 -38
386 -35
387 -34
388 -34
389 -12
390 -34
391 -12
392 -38
393 -38
394 -33
395 -43
396 -34
397 -34
398 -39
399 -33
400 -39
401 -38
402 -39
403 -12
404 -12
405 -38
406 -34
407 -33
408 -34
409 -12
410 -12
411 -34
412 -12
413 -34
414 -34
415 -12
416 -12
417 -33
418 -38
419 -12
420 -34
421 -12
422 -38
423 -39
424 -12
425 -39
426 -38
427 -34
428 -39
429 -33
430 -34
431 -12
432 -38
433 -34
434 -12
435 -34
436 -12
437 -33
438 -4237
439 -38
440 -39
441 -57
442 -39
443 -12
444 -39
445 -38
446 -38
447 -38
448 -38
449 -34
450 -39
451 -34
452 -44
453 -39
454 -33
455 -12
456 -39
457 -33
458 -12
459 -39
460 -34
461 -34
462 -39
463 -34
464 -33
465 -34
466 -33
467 -33
468 -38
469 -33
470 -39
471 -38
472 -12
473 -38
474 -12
475 -33
476 -38
477 -38
478 -34
479 -33
480 -38
481 -34
482 -39
483 -12
484 -34
485 -33
486 -38
487 -39
488 -39
489 -34
490 -33
491 -38
492 -38
493 -33
494 -12
495 -38
496 -12
497 -34
498 -39
499 -38
500 -39
501 -39
502 -12
503 -39
504 -39
505 -38
506 -12
507 -12
508 -38
509 -39
510 -38
511 -40
512 -12
513 -29
514 -12
515 -34
516 -34
517 -33
518 -33
519 -38
520 -12
521 -12
522 -12
523 -34
524 -38
525 -33
526 -33
527 -12
528 -33
529 -12
530 -39
531 -38
532 -38
533 -38
534 -39
535 -34
536 -12
537 -12
538 -34
539 -39
540 -38
541 -38
542 -12
543 -34
544 -33
545 -38
546 -33
547 -38
548 -38
549 -12
550 -12
551 -12
552 -33
553 -38
554 -38
555 -49
556 -189
557 -33
558 -39
559 -38
560 -34
561 -38
562 -38
563 -34
564 -38
565 -33
566 -34
567 -12
568 -12
569 -39
570 -38
571 -33
572 -34
573 -34
574 -66
575 -34
576 -38
577 -39
578 -34
579 -38
580 -35
581 -39
582 -33
583 -12
584 -39
585 -39
586 -38
587 -34
588 -34
589 -38
590 -112
591 -33
592 -39
593 -34
594 -34
595 -38
596 -39
597 -38
598 -12
599 -34
600 -38
601 -12
602 -34
603 -33
604 -38
605 -38
606 -38
607 -12
608 -38
609 -38
610 -13
611 -33
612 -12
613 -33
614 -12
615 -38
616 -33
617 -39
618 -33
619 -63
620 -38
621 -39
622 -12
623 -33
624 -12
625 -33
626 -34
627 -33
628 -39
629 -38
630 -33
631 -33
632 -34
633 -12
634 -34
635 -38
636 -39
637 -39
638 -38
639 -39
640 -34
641 -34
642 -12
643 -34
644 -38
645 -38
646 -34
647 -33
648 -34
649 -38
650 -33
651 -34
652 -34
653 -34
654 -39
655 -38
656 -39
657 -12
658 -38
659 -12
660 -34
661 -12
662 -33
663 -39
664 -34
665 -38
666 -12
667 -38
668 -39
669 -33
670 -33
671 -39
672 -39
673 -34
674 -39
675 -33
676 -39
677 -39
678 -33
679 -12
680 -38
681 -34
682 -38
683 -34
684 -38
685 -33
686 -38
687 -33
688 -34
689 -44
690 -12
691 -34
692 -34
693 -12
694 -39
695 -12
696 -35
697 -38
698 -12
699 -33
700 -38
701 -33
702 -39
703 -38
704 -34
705 -12
706 -34
707 -33
708 -33
709 -38
710 -38
711 -33
712 -38
713 -38
714 -12
715 -65
716 -38
717 -12
718 -39
719 -38
720 -12
721 -34
722 -39
723 -39
724 -33
725 -29
726 -33
727 -12
728 -39
729 -12
730 -33
731 -12
732 -39
733 -33
734 -34
735 -33
736 -39
737 -34
738 -22
739 -12
740 -38
741 -12
742 -39
743 -34
744 -33
745 -33
746 -12
747 -12
748 -38
749 -33
750 -12
751 -12
752 -34
753 -38
754 -12
755 -38
756 -33
757 -38
758 -38
759 -12
760 -34
761 -33
762 -39
763 -34
764 -34
765 -34
766 -39
767 -39
768 -34
769 -38
770 -34
771 -33
772 -33
773 -34
774 -33
775 -34
776 -12
777 -39
778 -34
779 -33
780 -39
781 -34
782 -12
783 -12
784 -39
785 -12
786 -12
787 -12
788 -33
789 -12
790 -12
791 -33
792 -33
793 -12
794 -34
795 -30
796 -39
797 -39
798 -59
799 -12
800 -38
801 -38
802 -12
803 -38
804 -34
805 -12
806 -38
807 -12
808 -12
809 -34
810 -12
811 -12
812 -12
813 -34
814 -33
815 -12
816 -12
817 -43
818 -38
819 -12
820 -33
821 -33
822 -34
823 -38
824 -33
825 -38
826 -38
827 -34
828 -12
829 -39
830 -38
831 -48
832 -38
833 -33
834 -34
835 -33
836 -39
837 -38
838 -34
839 -38
840 -34
841 -38
842 -34
843 -38
844 -12
845 -33
846 -34
847 -33
848 -33
849 -33
850 -38
851 -33
852 -39
853 -33
854 -33
855 -12
856 -33
857 -38
858 -38
859 -38
860 -33
861 -38
862 -12
863 -38
864 -34
865 -34
866 -12
867 -39
868 -39
869 -12
870 -34
871 -33
872 -12
873 -34
874 -39
875 -39
876 -38
877 -39
878 -39
879 -39
880 -33
881 -38
882 -34
883 -33
884 -33
885 -38
886 -34
887 -50
888 -39
889 -33
890 -33
891 -33
892 -12
893 -33
894 -38
895 -39
896 -34
897 -12
898 -39
899 -39
900 -38
901 -33
902 -33
903 -12
904 -38
905 -39
906 -34
907 -45
908 -39
909 -96
910 -34
911 -34
912 -38
913 -2721
914 -38
915 -34
916 -39
917 -34
918 -33
919 -33
920 -39
921 -12
922 -38
923 -12
924 -39
925 -12
926 -38
927 -33
928 -34
929 -21
930 -34
931 -38
932 -33
933 -33
934 -33
935 -12
936 -30
937 -38
938 -33
939 -33
940 -34
941 -38
942 -33
943 -33
944 -34
945 -33
946 -34
947 -12
948 -33
949 -38
950 -33
951 -39
952 -38
953 -33
954 -33
955 -39
956 -39
957 -39
958 -12
959 -12
960 -12
961 -34
962 -34
963 -38
964 -12
965 -34
966 -12
967 -33
968 -12
969 -33
970 -38
971 -34
972 -39
973 -39
974 -33
975 -39
976 -34
977 -34
978 -39
979 -34
980 -12
981 -38
982 -39
983 -33
984 -34
985 -33
986 -33
987 -39
988 -38
989 -12
990 -39
991 -43
992 -34
993 -33
994 -12
995 -39
996 -31
997 -38
998 -12
999 -34
