0 -34
1 -34
2 -34
3 -34
4 -12
5 -33
6 -12
7 -38
8 -33
9 -34
10 -33
11 -34
12 -39
13 -33
14 -39
15 -43
16 -46
17 -161
18 -12
19 -39
20 -12
21 -33
22 -39
23 -38
24 -34
25 -33
26 -38
27 -33
28 -12
29 -38
30 -38
31 -34
32 -34
33 -34
34 -12
35 -34
36 -33
37 -33
38 -38
39 -33
40 -33
41 -33
42 -33
43 -39
44 -34
45 -34
46 -38
47 -33
48 -34
49 -39
50 -12
51 -38
52 -34
53 -33
54 -12
55 -38
56 -34
57 -38
58 -34
59 -33
60 -33
61 -12
62 -38
63 -39
64 -39
65 -34
66 -33
67 -12
68 -34
69 -39
70 -34
71 -33
72 -12
73 -34
74 -12
75 -34
76 -34
77 -39
78 -215
79 -38
80 -12
81 -12
82 -12
83 -39
84 -34
85 -34
86 -38
87 -12
88 -33
89 -34
90 -33
91 -33
92 -38
93 -34
94 -53
95 -39
96 -33
97 -12
98 -38
99 -34
100 -34
101 -38
102 -12
103 -49
104 -34
105 -12
106 -34
107 -34
108 -39
109 -33
110 -70
111 -34
112 -39
113 -56
114 -38
115 -33
116 -12
117 -38
118 -33
119 -38
120 -33
121 -12
122 -34
123 -50
124 -33
125 -38
126 -34
127 -38
128 -39
129 -33
130 -34
131 -12
132 -39
133 -39
134 -33
135 -12
136 -28
137 -29
138 -39
139 -12
140 -39
141 -34
142 -33
143 -38
144 -33
145 -12
146 -48
147 -34
148 -39
149 -39
150 -39
151 -39
152 -34
153 -34
154 -34
155 -38
156 -38
157 -38
158 -38
159 -38
160 -33
161 -12
162 -33
163 -33
164 -12
165 -12
166 -65
167 -33
168 -38
169 -33
170 -40
171 -38
172 -33
173 -39
174 -35
175 -31
176 -44
177 -33
178 -34
179 -38
180 -33
181 -34
182 -39
183 -38
184 -33
185 -38
186 -40
187 -34
188 -12
189 -39
190 -39
191 -39
192 -65
193 -12
194 -33
195 -33
196 -12
197 -34
198 -33
199 -38
200 -12
201 -39
202 -12
203 -12
204 -43
205 -39
206 -38
207 -12
208 -12
209 -38
210 -12
211 -34
212 -40
213 -39
214 -38
215 -12
216 -33
217 -34
218 -38
219 -38
220 -12
221 -12
222 -39
223 -33
224 -39
225 -12
226 -39
227 -38
228 -38
229 -38
230 -33
231 -33
232 -34
233 -38
234 -58
235 -39
236 -33
237 -38
238 -39
239 -33
240 -39
241 -33
242 -12
243 -34
244 -38
245 -38
246 -33
247 -39
248 -39
249 -39
250 -39
251 -38
252 -33
253 -39
254 -12
255 -33
256 -57
257 -12
258 -39
259 -38
260 -34
261 -34
262 -32
263 -38
264 -34
265 -34
266 -34
267 -39
268 -33
269 -33
270 -12
271 -34
272 -12
273 -33
274 -39
275 -39
276 -16
277 -33
278 -39
279 -33
280 -12
281 -34
282 -38
283 -33
284 -12
285 -38
286 -38
287 -39
288 -34
289 -33
290 -39
291 -33
292 -38
293 -34
294 -12
295 -34
296 -39
297 -33
298 -38
299 -39
300 -45
301 -12
302 -38
303 -39
304 -38
305 -34
306 -39
307 -38
308 -38
309 -33
310 -39
311 -38
312 -39
313 -40
314 -33
315 -34
316 -33
317 -39
318 -34
319 -33
320 -33
321 -12
322 -38
323 -12
324 -33
325 -39
326 -39
327 -38
328 -34
329 -33
330 -38
331 -34
332 -33
333 -39
334 -34
335 -38
336 -33
337 -38
338 -38
339 -12
340 -39
341 -34
342 -48
343 -33
344 -33
345 -38
346 -39
347 -38
348 -33
349 -39
350 -25
351 -12
352 -39
353 -38
354 -33
355 -12
356 -33
357 -33
358 -38
359 -39
360 -33
361 -39
362 -38
363 -39
364 -38
365 -54
366 -33
367 -40
368 -38
369 -33
370 -33
371 -39
372 -17
373 -33
374 -33
375 -34
376 -12
377 -33
378 -33
379 -38
380 -12
381 -44
382 -47
383 -34
384 -39
385 -38
386 -12
387 -34
388 -34
389 -38
390 -12
391 -38
392 -34
393 -38
394 -39
395 -39
396 -33
397 -33
398 -38
399 -39
400 -38
401 -12
402 -34
403 -33
404 -33
405 -12
406 -33
407 -30
408 -39
409 -12
410 -33
411 -44
412 -33
413 -33
414 -12
415 -39
416 -39
417 -33
418 -38
419 -38
420 -39
421 -12
422 -12
423 -12
424 -43
425 -38
426 -34
427 -33
428 -39
429 -34
430 -38
431 -39
432 -12
433 -39
434 -38
435 -33
436 -34
437 -39
438 -38
439 -38
440 -42
441 -33
442 -34
443 -12
444 -39
445 -39
446 -34
447 -34
448 -12
449 -38
450 -34
451 -33
452 -479
453 -34
454 -33
455 -38
456 -39
457 -27
458 -70
459 -12
460 -33
461 -38
462 -33
463 -34
464 -38
465 -38
466 -33
467 -38
468 -38
469 -34
470 -39
471 -39
472 -38
473 -33
474 -34
475 -39
476 -12
477 -38
478 -33
479 -39
480 -38
481 -33
482 -12
483 -34
484 -39
485 -38
486 -38
487 -39
488 -33
489 -34
490 -1041
491 -38
492 -38
493 -38
494 -39
495 -34
496 -12
497 -38
498 -34
499 -33
500 -34
501 -33
502 -38
503 -39
504 -39
505 -33
506 -39
507 -12
508 -38
509 -33
510 -34
511 -42
512 -44
513 -34
514 -33
515 -38
516 -12
517 -33
518 -34
519 -34
520 -34
521 -39
522 -39
523 -12
524 -12
525 -12
526 -38
527 -34
528 -34
529 -33
530 -33
531 -34
532 -39
533 -33
534 -41
535 -39
536 -34
537 -21
538 -49
539 -38
540 -38
541 -39
542 -39
543 -38
544 -12
545 -33
546 -39
547 -38
548 -21
549 -34
550 -38
551 -57
552 -34
553 -34
554 -34
555 -33
556 -33
557 -38
558 -12
559 -38
560 -34
561 -39
562 -39
563 -34
564 -39
565 -13
566 -38
567 -38
568 -33
569 -12
570 -33
571 -39
572 -33
573 -12
574 -33
575 -38
576 -12
577 -42
578 -33
579 -33
580 -33
581 -38
582 -39
583 -34
584 -38
585 -38
586 -12
587 -12
588 -34
589 -39
590 -39
591 -40
592 -38
593 -39
594 -38
595 -34
596 -34
597 -12
598 -38
599 -33
600 -33
601 -33
602 -38
603 -34
604 -34
605 -40
606 -38
607 -38
608 -12
609 -33
610 -39
611 -38
612 -34
613 -38
614 -33
615 -12
616 -12
617 -38
618 -38
619 -39
620 -71
621 -39
622 -39
623 -12
624 -12
625 -34
626 -38
627 -34
628 -34
629 -33
630 -34
631 -34
632 -38
633 -34
634 -42
635 -12
636 -12
637 -12
638 -33
639 -30
640 -12
641 -39
642 -38
643 -33
644 -33
645 -38
646 -33
647 -12
648 -12
649 -12
650 -34
651 -38
652 -39
653 -34
654 -38
655 -31
656 -38
657 -34
658 -33
659 -12
660 -34
661 -39
662 -12
663 -38
664 -33
665 -38
666 -39
667 -12
668 -12
669 -12
670 -39
671 -12
672 -33
673 -33
674 -12
675 -34
676 -33
677 -39
678 -34
679 -12
680 -34
681 -38
682 -38
683 -39
684 -34
685 -39
686 -38
687 -12
688 -34
689 -33
690 -33
691 -39
692 -38
693 -39
694 -39
695 -38
696 -12
697 -33
698 -39
699 -39
700 -33
701 -39
702 -39
703 -33
704 -42
705 -12
706 -38
707 -38
708 -33
709 -39
710 -74
711 -38
712 -39
713 -38
714 -39
715 -38
716 -44
717 -12
718 -38
719 -34
720 -34
721 -33
722 -33
723 -12
724 -127
725 -39
726 -33
727 -33
728 -38
729 -39
730 -34
731 -34
732 -38
733 -12
734 -38
735 -565
736 -34
737 -38
738 -33
739 -12
740 -39
741 -33
742 -39
743 -34
744 -39
745 -38
746 -38
747 -34
748 -12
749 -39
750 -33
751 -34
752 -12
753 -34
754 -39
755 -34
756 -2603
757 -38
758 -33
759 -39
760 -38
761 -34
762 -12
763 -39
764 -33
765 -39
766 -33
767 -39
768 -39
769 -34
770 -39
771 -39
772 -39
773 -39
774 -39
775 -34
776 -12
777 -56
778 -33
779 -39
780 -39
781 -33
782 -38
783 -39
784 -38
785 -39
786 -12
787 -33
788 -12
789 -33
790 -38
791 -49
792 -34
793 -134
794 -12
795 -55
796 -12
797 -34
798 -39
799 -34
800 -12
801 -38
802 -48
803 -38
804 -38
805 -12
806 -12
807 -38
808 -33
809 -39
810 -39
811 -39
812 -39
813 -38
814 -33
815 -39
816 -39
817 -38
818 -39
819 -33
820 -38
821 -39
822 -12
823 -34
824 -12
825 -38
826 -12
827 -34
828 -12
829 -12
830 -33
831 -34
832 -12
833 -559
834 -33
835 -12
836 -38
837 -12
838 -34
839 -38
840 -39
841 -34
842 -33
843 -33
844 -22
845 -12
846 -12
847 -34
848 -38
849 -38
850 -33
851 -12
852 -33
853 -33
854 -12
855 -34
856 -34
857 -36
858 -39
859 -39
860 -38
861 -34
862 -39
863 -39
864 -34
865 -12
866 -33
867 -38
868 -33
869 -39
870 -12
871 -39
872 -34
873 -33
874 -33
875 -34
876 -38
877 -34
878 -12
879 -39
880 -38
881 -12
882 -39
883 -34
884 -33
885 -38
886 -12
887 -39
888 -42
889 -12
890 -33
891 -38
892 -12
893 -12
894 -40
895 -953
896 -33
897 -33
898 -34
899 -38
900 -39
901 -12
902 -38
903 -12
904 -34
905 -34
906 -34
907 -34
908 -38
909 -12
910 -33
911 -34
912 -39
913 -39
914 -39
915 -34
916 -38
917 -34
918 -38
919 -34
920 -34
921 -33
922 -38
923 -38
924 -44
925 -12
926 -38
927 -38
928 -34
929 -34
930 -33
931 -33
932 -39
933 -38
934 -38
935 -38
936 -40
937 -39
938 -13
939 -33
940 -33
941 -33
942 -12
943 -33
944 -38
945 -39
946 -33
947 -12
948 -39
949 -39
950 -12
951 -39
952 -40
953 -33
954 -39
955 -34
956 -39
957 -33
958 -33
959 -34
960 -34
961 -39
962 -38
963 -33
964 -34
965 -39
966 -34
967 -38
968 -38
969 -33
970 -39
971 -12
972 -38
973 -12
974 -33
975 -34
976 -12
977 -12
978 -12
979 -34
980 -34
981 -12
982 -34
983 -34
984 -34
985 -38
986 -39
987 -34
988 -38
989 -37
990 -12
991 -12
992 -33
993 -33
994 -34
995 -33
996 -34
997 -34
998 -28
999 -12
