0 -41
1 -34
2 -36
3 -25
4 -33
5 -25
6 -29
7 -33
8 -33
9 -37
10 -345
11 -34
12 -204
13 -34
14 -34
15 -153
16 -32
17 -260
18 -33
19 -33
20 -33
21 -34
22 -82
23 -33
24 -137
25 -33
26 -33
27 -19
28 -34
29 -33
30 -33
31 -29
32 -3905
33 -34
34 -34
35 -33
36 -41
37 -33
38 -93
39 -29
40 -30
41 -34
42 -25
43 -33
44 -34
45 -41
46 -34
47 -25
48 -33
49 -37
50 -3069
51 -34
52 -44
53 -29
54 -25
55 -33
56 -37
57 -545
58 -95
59 -34
60 -34
61 -30
62 -30
63 -34
64 -291
65 -289
66 -34
67 -33
68 -29
69 -51
70 -34
71 -30
72 -4784
73 -37
74 -30
75 -41
76 -33
77 -34
78 -35
79 -1421
80 -34
81 -34
82 -34
83 -41
84 -58
85 -325
86 -34
87 -1397
88 -34
89 -72
90 -34
91 -48
92 -30
93 -25
94 -33
95 -29
96 -392
97 -43
98 -33
99 -45
100 -226
101 -34
102 -25
103 -33
104 -33
105 -37
106 -34
107 -34
108 -34
109 -33
110 -33
111 -34
112 -34
113 -30
114 -33
115 -34
116 -34
117 -54
118 -56
119 -28
120 -33
121 -123
122 -41
123 -4557
124 -33
125 -28
126 -34
127 -5642
128 -67
129 -33
130 -146
131 -33
132 -33
133 -34
134 -25
135 -34
136 -30
137 -29
138 -41
139 -344
140 -37
141 -34
142 -25
143 -11508
144 -23
145 -43
146 -167
147 -180
148 -294
149 -86
150 -34
151 -245
152 -34
153 -2817
154 -887
155 -35
156 -3057
157 -33
158 -34
159 -161
160 -34
161 -41
162 -33
163 -33
164 -2870
165 -37
166 -25
167 -1374
168 -33
169 -50
170 -34
171 -41
172 -26
173 -30
174 -49
175 -29
176 -34
177 -45
178 -30
179 -33
180 -33
181 -33
182 -319
183 -34
184 -29
185 -69
186 -34
187 -34
188 -33
189 -4373
190 -34
191 -25
192 -34
193 -34
194 -29
195 -34
196 -33
197 -33
198 -34
199 -35
200 -1754
201 -37
202 -7722
203 -41
204 -34
205 -34
206 -33
207 -34
208 -29
209 -33
210 -16
211 -33
212 -3205
213 -34
214 -41
215 -34
216 -33
217 -34
218 -34
219 -830
220 -33
221 -34
222 -37
223 -34
224 -29
225 -34
226 -41
227 -34
228 -81
229 -33
230 -37
231 -207
232 -25
233 -41
234 -54
235 -34
236 -2950
237 -29
238 -26
239 -26
240 -34
241 -33
242 -34
243 -28
244 -33
245 -25
246 -25
247 -29
248 -41
249 -102
250 -34
251 -103
252 -25
253 -2964
254 -25
255 -169
256 -44
257 -37
258 -25
259 -34
260 -34
261 -35
262 -33
263 -29
264 -34
265 -33
266 -32
267 -37
268 -41
269 -16
270 -106
271 -38
272 -34
273 -34
274 -3316
275 -17
276 -33
277 -1881
278 -41
279 -37
280 -34
281 -233
282 -69
283 -34
284 -29
285 -34
286 -29
287 -34
288 -314
289 -29
290 -147
291 -34
292 -33
293 -34
294 -2214
295 -74
296 -70
297 -41
298 -41
299 -41
300 -34
301 -33
302 -282
303 -29
304 -30
305 -33
306 -153
307 -126
308 -34
309 -29
310 -41
311 -34
312 -41
313 -34
314 -65
315 -34
316 -34
317 -33
318 -122
319 -34
320 -37
321 -29
322 -30
323 -30
324 -41
325 -32
326 -23
327 -25
328 -277
329 -7771
330 -33
331 -25
332 -34
333 -33
334 -25
335 -1188
336 -41
337 -34
338 -87
339 -33
340 -34
341 -33
342 -34
343 -33
344 -122
345 -48
346 -58
347 -30
348 -25
349 -34
350 -33
351 -105
352 -20
353 -1773
354 -30
355 -34
356 -41
357 -34
358 -33
359 -34
360 -141
361 -84
362 -34
363 -33
364 -33
365 -5240
366 -34
367 -34
368 -12717
369 -30
370 -33
371 -41
372 -33
373 -34
374 -44
375 -198
376 -30
377 -34
378 -25
379 -34
380 -20
381 -34
382 -41
383 -129
384 -33
385 -29
386 -330
387 -34
388 -25
389 -16
390 -44
391 -469
392 -99
393 -33
394 -39
395 -16
396 -25
397 -68
398 -34
399 -34
400 -41
401 -33
402 -25
403 -37
404 -419
405 -33
406 -4874
407 -1371
408 -46
409 -25
410 -25
411 -30
412 -198
413 -25
414 -2878
415 -33
416 -34
417 -34
418 -34
419 -34
420 -37
421 -54
422 -33
423 -41
424 -33
425 -33
426 -1892
427 -34
428 -30
429 -59
430 -6232
431 -30
432 -37
433 -33
434 -1532
435 -30
436 -34
437 -33
438 -2069
439 -34
440 -25
441 -37
442 -25
443 -86
444 -1454
445 -50
446 -33
447 -442
448 -34
449 -34
450 -30
451 -58
452 -34
453 -34
454 -67
455 -28
456 -34
457 -41
458 -34
459 -34
460 -34
461 -74
462 -34
463 -32
464 -33
465 -440
466 -34
467 -119
468 -41
469 -34
470 -29
471 -25
472 -6844
473 -30
474 -30
475 -5539
476 -33
477 -137
478 -37
479 -33
480 -86
481 -33
482 -41
483 -34
484 -16
485 -54
486 -84
487 -33
488 -57
489 -34
490 -147
491 -54
492 -33
493 -30
494 -33
495 -594
496 -33
497 -771
498 -33
499 -37
500 -281
501 -634
502 -33
503 -210
504 -34
505 -1778
506 -33
507 -57
508 -37
509 -26
510 -30
511 -34
512 -37
513 -33
514 -61
515 -33
516 -33
517 -34
518 -511
519 -259
520 -41
521 -1370
522 -34
523 -34
524 -34
525 -2057
526 -25
527 -34
528 -33
529 -25
530 -34
531 -37
532 -34
533 -34
534 -33
535 -33
536 -103
537 -54
538 -25
539 -34
540 -34
541 -34
542 -34
543 -29
544 -41
545 -33
546 -34
547 -30
548 -34
549 -34
550 -41
551 -41
552 -160
553 -183
554 -33
555 -34
556 -33
557 -34
558 -33
559 -60
560 -33
561 -34
562 -35
563 -34
564 -37
565 -44
566 -33
567 -41
568 -52
569 -33
570 -30
571 -29
572 -2492
573 -33
574 -33
575 -4389
576 -30
577 -37
578 -1367
579 -42
580 -34
581 -289
582 -1519
583 -34
584 -25
585 -37
586 -33
587 -34
588 -30
589 -1015
590 -30
591 -39
592 -34
593 -34
594 -34
595 -41
596 -4289
597 -627
598 -29
599 -41
600 -34
601 -41
602 -34
603 -237
604 -34
605 -4562
606 -30
607 -41
608 -5877
609 -45
610 -34
611 -34
612 -29
613 -39
614 -30
615 -34
616 -37
617 -31
618 -30
619 -1350
620 -151
621 -33
622 -30
623 -41
624 -89
625 -34
626 -25
627 -29
628 -34
629 -34
630 -34
631 -34
632 -29
633 -30
634 -34
635 -33
636 -30
637 -3301
638 -3895
639 -706
640 -27
641 -34
642 -322
643 -149
644 -33
645 -34
646 -45
647 -34
648 -40
649 -33
650 -34
651 -4550
652 -35
653 -41
654 -34
655 -41
656 -2925
657 -67
658 -93
659 -33
660 -34
661 -25
662 -29
663 -34
664 -236
665 -29
666 -34
667 -41
668 -34
669 -34
670 -162
671 -34
672 -30
673 -35
674 -34
675 -30
676 -25
677 -38
678 -34
679 -37
680 -33
681 -25
682 -20
683 -29
684 -365
685 -34
686 -33
687 -148
688 -29
689 -25
690 -33
691 -104
692 -34
693 -34
694 -39
695 -34
696 -40
697 -34
698 -31
699 -34
700 -107
701 -34
702 -33
703 -30
704 -30
705 -34
706 -30
707 -29
708 -44
709 -49
710 -3967
711 -170
712 -37
713 -29
714 -34
715 -34
716 -41
717 -2153
718 -166
719 -41
720 -29
721 -33
722 -34
723 -34
724 -41
725 -41
726 -33
727 -62
728 -34
729 -532
730 -15
731 -34
732 -1383
733 -30
734 -33
735 -34
736 -33
737 -33
738 -34
739 -41
740 -2318
741 -34
742 -33
743 -137
744 -210
745 -34
746 -34
747 -140
748 -33
749 -33
750 -33
751 -29
752 -34
753 -33
754 -33
755 -33
756 -29
757 -16
758 -29
759 -34
760 -16
761 -30
762 -34
763 -34
764 -34
765 -34
766 -34
767 -30
768 -34
769 -216
770 -33
771 -33
772 -34
773 -34
774 -57
775 -34
776 -229
777 -34
778 -33
779 -3406
780 -39
781 -1198
782 -29
783 -33
784 -34
785 -34
786 -28
787 -34
788 -33
789 -33
790 -33
791 -510
792 -33
793 -33
794 -41
795 -25
796 -73
797 -34
798 -33
799 -39
800 -60
801 -34
802 -34
803 -11001
804 -30
805 -26
806 -61
807 -33
808 -20
809 -29
810 -33
811 -58
812 -54
813 -33
814 -29
815 -34
816 -34
817 -37
818 -34
819 -624
820 -972
821 -33
822 -34
823 -29
824 -29
825 -33
826 -25
827 -562
828 -228
829 -34
830 -37
831 -69
832 -25
833 -34
834 -33
835 -41
836 -30
837 -34
838 -41
839 -30
840 -29
841 -41
842 -34
843 -485
844 -43
845 -33
846 -41
847 -41
848 -34
849 -34
850 -30
851 -29
852 -30
853 -29
854 -37
855 -33
856 -29
857 -34
858 -385
859 -25
860 -34
861 -34
862 -33
863 -25
864 -5312
865 -29
866 -33
867 -34
868 -138
869 -41
870 -53
871 -33
872 -29
873 -33
874 -33
875 -25
876 -173
877 -702
878 -34
879 -15
880 -20
881 -34
882 -33
883 -2354
884 -33
885 -34
886 -41
887 -41
888 -38
889 -33
890 -34
891 -212
892 -34
893 -33
894 -4022
895 -29
896 -34
897 -41
898 -41
899 -37
900 -29
901 -27
902 -34
903 -29
904 -34
905 -41
906 -34
907 -33
908 -41
909 -41
910 -43
911 -34
912 -41
913 -44
914 -34
915 -33
916 -37
917 -33
918 -3616
919 -34
920 -29
921 -33
922 -4000
923 -29
924 -37
925 -601
926 -34
927 -320
928 -34
929 -32
930 -41
931 -64
932 -1169
933 -29
934 -41
935 -45
936 -33
937 -33
938 -2197
939 -25
940 -47
941 -30
942 -25
943 -25
944 -63
945 -2835
946 -33
947 -34
948 -996
949 -307
950 -37
951 -34
952 -2734
953 -33
954 -34
955 -33
956 -27
957 -34
958 -33
959 -33
960 -25
961 -55
962 -29
963 -92
964 -34
965 -33
966 -33
967 -34
968 -30
969 -41
970 -33
971 -34
972 -33
973 -25
974 -29
975 -30
976 -37
977 -34
978 -29
979 -25
980 -34
981 -41
982 -34
983 -34
984 -30
985 -34
986 -70
987 -34
988 -34
989 -34
990 -30
991 -33
992 -29
993 -33
994 -33
995 -39
996 -33
997 -107
998 -6568
999 -34
