0 -31
1 -30
2 -30
3 -31
4 -30
5 -945
6 -170
7 -553
8 -522
9 -90
10 -145
11 -30
12 -28
13 -206
14 -31
15 -30
16 -37
17 -160
18 -28
19 -91
20 -31
21 -37
22 -367
23 -77
24 -1311
25 -30
26 -30
27 -31
28 -48
29 -524
30 -89
31 -345
32 -30
33 -121
34 -32
35 -71
36 -97
37 -288
38 -384
39 -290
40 -144
41 -37
42 -233
43 -72
44 -37
45 -110
46 -30
47 -99
48 -91
49 -30
50 -39
51 -30
52 -124
53 -30
54 -30
55 -31
56 -119
57 -31
58 -2566
59 -25
60 -333
61 -414
62 -31
63 -146
64 -30
65 -25
66 -28
67 -294
68 -30
69 -29
70 -30
71 -430
72 -25
73 -31
74 -202
75 -12
76 -30
77 -28
78 -31
79 -26
80 -30
81 -14
82 -30
83 -86
84 -30
85 -157
86 -46
87 -31
88 -31
89 -30
90 -31
91 -31
92 -31
93 -773
94 -30
95 -113
96 -30
97 -31
98 -1173
99 -23
100 -34
101 -582
102 -12
103 -30
104 -633
105 -195
106 -30
107 -201
108 -31
109 -609
110 -1199
111 -30
112 -707
113 -254
114 -177
115 -30
116 -125
117 -30
118 -31
119 -30
120 -30
121 -201
122 -30
123 -16
124 -31
125 -22
126 -259
127 -30
128 -30
129 -94
130 -30
131 -31
132 -31
133 -12
134 -197
135 -12
136 -31
137 -34
138 -41
139 -30
140 -222
141 -132
142 -263
143 -30
144 -37
145 -30
146 -30
147 -30
148 -681
149 -31
150 -31
151 -196
152 -243
153 -30
154 -45
155 -30
156 -23
157 -30
158 -34
159 -34
160 -30
161 -31
162 -31
163 -31
164 -31
165 -330
166 -31
167 -245
168 -756
169 -31
170 -30
171 -25
172 -25
173 -30
174 -801
175 -32
176 -289
177 -422
178 -30
179 -1378
180 -616
181 -97
182 -26
183 -30
184 -37
185 -284
186 -337
187 -162
188 -73
189 -26
190 -201
191 -31
192 -87
193 -25
194 -30
195 -31
196 -30
197 -678
198 -35
199 -358
200 -31
201 -31
202 -374
203 -35
204 -125
205 -89
206 -37
207 -371
208 -320
209 -19
210 -32
211 -37
212 -42
213 -30
214 -428
215 -40
216 -58
217 -31
218 -31
219 -25
220 -31
221 -31
222 -60
223 -40
224 -88
225 -413
226 -25
227 -12
228 -348
229 -12
230 -31
231 -28
232 -461
233 -30
234 -9879
235 -906
236 -31
237 -31
238 -146
239 -130
240 -31
241 -31
242 -475
243 -25
244 -30
245 -66
246 -37
247 -31
248 -223
249 -30
250 -261
251 -28
252 -78
253 -37
254 -30
255 -25
256 -30
257 -186
258 -35
259 -12
260 -31
261 -271
262 -131
263 -31
264 -25
265 -1429
266 -293
267 -30
268 -71
269 -25
270 -342
271 -31
272 -214
273 -150
274 -18
275 -224
276 -28
277 -206
278 -31
279 -37
280 -31
281 -37
282 -25
283 -26
284 -25
285 -30
286 -30
287 -30
288 -162
289 -173
290 -37
291 -414
292 -30
293 -30
294 -26
295 -31
296 -30
297 -30
298 -31
299 -37
300 -32
301 -172
302 -145
303 -70
304 -99
305 -861
306 -474
307 -30
308 -191
309 -47
310 -31
311 -31
312 -51
313 -178
314 -30
315 -42
316 -64
317 -30
318 -515
319 -56
320 -305
321 -25
322 -30
323 -31
324 -379
325 -313
326 -295
327 -172
328 -264
329 -31
330 -626
331 -134
332 -96
333 -31
334 -1710
335 -31
336 -31
337 -64
338 -30
339 -78
340 -787
341 -30
342 -503
343 -31
344 -30
345 -1251
346 -30
347 -30
348 -135
349 -36
350 -939
351 -31
352 -30
353 -188
354 -100
355 -30
356 -316
357 -270
358 -32
359 -321
360 -31
361 -797
362 -324
363 -31
364 -30
365 -115
366 -1457
367 -58
368 -31
369 -31
370 -30
371 -31
372 -30
373 -31
374 -30
375 -30
376 -31
377 -31
378 -28
379 -31
380 -4169
381 -48
382 -25
383 -167
384 -31
385 -31
386 -1801
387 -30
388 -357
389 -31
390 -86
391 -31
392 -30
393 -45
394 -72
395 -31
396 -31
397 -242
398 -30
399 -12
400 -167
401 -102
402 -31
403 -31
404 -2666
405 -84
406 -30
407 -30
408 -66
409 -31
410 -37
411 -220
412 -528
413 -4719
414 -31
415 -31
416 -100
417 -462
418 -94
419 -1086
420 -88
421 -30
422 -94
423 -377
424 -37
425 -30
426 -128
427 -30
428 -35
429 -30
430 -25
431 -28
432 -25
433 -487
434 -30
435 -830
436 -37
437 -30
438 -152
439 -37
440 -233
441 -12
442 -30
443 -30
444 -31
445 -30
446 -30
447 -193
448 -37
449 -12
450 -30
451 -512
452 -30
453 -42
454 -25
455 -31
456 -30
457 -81
458 -339
459 -31
460 -268
461 -115
462 -30
463 -759
464 -28
465 -31
466 -31
467 -25
468 -30
469 -28
470 -31
471 -175
472 -374
473 -684
474 -30
475 -347
476 -13
477 -12
478 -600
479 -30
480 -31
481 -114
482 -31
483 -30
484 -46
485 -268
486 -63
487 -30
488 -30
489 -31
490 -518
491 -30
492 -31
493 -198
494 -31
495 -31
496 -639
497 -13
498 -275
499 -28
500 -520
501 -28
502 -56
503 -1151
504 -79
505 -30
506 -320
507 -31
508 -31
509 -30
510 -30
511 -25
512 -31
513 -198
514 -28
515 -31
516 -2034
517 -47
518 -31
519 -163
520 -28
521 -25
522 -30
523 -137
524 -77
525 -113
526 -28
527 -30
528 -32
529 -147
530 -25
531 -31
532 -30
533 -30
534 -799
535 -37
536 -30
537 -12
538 -28
539 -35
540 -30
541 -421
542 -31
543 -31
544 -75
545 -37
546 -30
547 -30
548 -28
549 -634
550 -12
551 -30
552 -12
553 -48
554 -45
555 -31
556 -37
557 -30
558 -1599
559 -191
560 -42
561 -12
562 -31
563 -30
564 -454
565 -582
566 -37
567 -31
568 -31
569 -31
570 -25
571 -25
572 -30
573 -31
574 -349
575 -46
576 -241
577 -30
578 -12
579 -30
580 -30
581 -30
582 -459
583 -457
584 -324
585 -25
586 -353
587 -42
588 -30
589 -183
590 -14
591 -25
592 -30
593 -28
594 -25
595 -31
596 -31
597 -31
598 -117
599 -289
600 -31
601 -30
602 -30
603 -30
604 -907
605 -266
606 -28
607 -30
608 -31
609 -30
610 -513
611 -132
612 -171
613 -30
614 -31
615 -70
616 -30
617 -30
618 -204
619 -31
620 -124
621 -31
622 -146
623 -343
624 -3624
625 -17
626 -30
627 -30
628 -321
629 -513
630 -31
631 -148
632 -61
633 -465
634 -16
635 -204
636 -649
637 -295
638 -30
639 -30
640 -460
641 -28
642 -30
643 -25
644 -38
645 -31
646 -671
647 -37
648 -177
649 -31
650 -22
651 -332
652 -689
653 -43
654 -513
655 -30
656 -516
657 -174
658 -201
659 -30
660 -25
661 -31
662 -346
663 -31
664 -425
665 -210
666 -25
667 -31
668 -30
669 -129
670 -238
671 -31
672 -203
673 -1204
674 -31
675 -30
676 -31
677 -861
678 -30
679 -404
680 -1489
681 -42
682 -480
683 -277
684 -256
685 -12
686 -312
687 -42
688 -32
689 -31
690 -41
691 -423
692 -37
693 -30
694 -883
695 -447
696 -113
697 -28
698 -31
699 -141
700 -16
701 -31
702 -31
703 -32
704 -31
705 -32
706 -388
707 -12
708 -932
709 -25
710 -227
711 -30
712 -29
713 -30
714 -30
715 -31
716 -29
717 -31
718 -25
719 -115
720 -3942
721 -164
722 -31
723 -42
724 -25
725 -415
726 -65
727 -25
728 -172
729 -12
730 -25
731 -596
732 -28
733 -1434
734 -145
735 -31
736 -202
737 -25
738 -25
739 -30
740 -31
741 -31
742 -979
743 -1137
744 -724
745 -370
746 -30
747 -39
748 -30
749 -34
750 -30
751 -663
752 -31
753 -30
754 -30
755 -257
756 -38
757 -31
758 -30
759 -317
760 -30
761 -30
762 -31
763 -699
764 -35
765 -12
766 -232
767 -30
768 -31
769 -30
770 -31
771 -879
772 -30
773 -120
774 -12
775 -31
776 -30
777 -32
778 -299
779 -36
780 -30
781 -35
782 -28
783 -30
784 -233
785 -30
786 -30
787 -30
788 -31
789 -30
790 -32
791 -238
792 -25
793 -167
794 -34
795 -31
796 -263
797 -35
798 -749
799 -30
800 -341
801 -31
802 -31
803 -104
804 -31
805 -131
806 -1077
807 -3081
808 -295
809 -25
810 -498
811 -12
812 -726
813 -5666
814 -28
815 -31
816 -238
817 -30
818 -107
819 -469
820 -31
821 -339
822 -30
823 -50
824 -1460
825 -75
826 -407
827 -2806
828 -528
829 -30
830 -150
831 -31
832 -30
833 -30
834 -344
835 -31
836 -30
837 -147
838 -30
839 -32
840 -31
841 -25
842 -32
843 -16
844 -12
845 -92
846 -30
847 -30
848 -31
849 -597
850 -31
851 -130
852 -31
853 -12
854 -190
855 -31
856 -30
857 -31
858 -25
859 -30
860 -25
861 -30
862 -30
863 -1812
864 -237
865 -31
866 -285
867 -337
868 -30
869 -147
870 -668
871 -30
872 -34
873 -31
874 -30
875 -336
876 -30
877 -637
878 -209
879 -444
880 -12
881 -31
882 -42
883 -30
884 -28
885 -1462
886 -30
887 -25
888 -43
889 -37
890 -105
891 -31
892 -76
893 -270
894 -48
895 -38
896 -23
897 -398
898 -2921
899 -281
900 -134
901 -25
902 -328
903 -198
904 -31
905 -32
906 -341
907 -30
908 -30
909 -12
910 -31
911 -62
912 -42
913 -30
914 -386
915 -25
916 -31
917 -468
918 -157
919 -1224
920 -112
921 -30
922 -40
923 -423
924 -471
925 -164
926 -140
927 -295
928 -30
929 -584
930 -25
931 -703
932 -25
933 -450
934 -435
935 -28
936 -1255
937 -30
938 -30
939 -1219
940 -44
941 -30
942 -32
943 -31
944 -31
945 -30
946 -30
947 -46
948 -31
949 -30
950 -87
951 -178
952 -31
953 -62
954 -25
955 -361
956 -188
957 -252
958 -30
959 -25
960 -30
961 -94
962 -275
963 -30
964 -39
965 -31
966 -478
967 -136
968 -30
969 -31
970 -31
971 -175
972 -999
973 -28
974 -13
975 -42
976 -31
977 -251
978 -670
979 -31
980 -25
981 -158
982 -613
983 -250
984 -31
985 -30
986 -48
987 -273
988 -31
989 -16
990 -309
991 -89
992 -30
993 -330
994 -23
995 -674
996 -12
997 -230
998 -25
999 -391
