0 -38
1 -39
2 -34
3 -33
4 -12
5 -39
6 -38
7 -34
8 -38
9 -33
10 -39
11 -12
12 -57
13 -38
14 -27
15 -12
16 -34
17 -21
18 -39
19 -39
20 -12
21 -33
22 -41
23 -39
24 -38
25 -39
26 -38
27 -33
28 -212
29 -38
30 -34
31 -39
32 -12
33 -38
34 -38
35 -34
36 -34
37 -34
38 -34
39 -34
40 -12
41 -38
42 -33
43 -38
44 -34
45 -33
46 -12
47 -34
48 -12
49 -39
50 -39
51 -34
52 -38
53 -33
54 -34
55 -12
56 -34
57 -34
58 -38
59 -33
60 -34
61 -38
62 -34
63 -33
64 -12
65 -34
66 -39
67 -39
68 -12
69 -34
70 -38
71 -12
72 -12
73 -34
74 -39
75 -34
76 -12
77 -12
78 -39
79 -33
80 -12
81 -39
82 -12
83 -34
84 -12
85 -39
86 -12
87 -38
88 -12
89 -33
90 -33
91 -38
92 -12
93 -12
94 -38
95 -38
96 -12
97 -34
98 -38
99 -33
100 -13
101 -12
102 -33
103 -38
104 -33
105 -12
106 -39
107 -12
108 -39
109 -12
110 -38
111 -12
112 -53
113 -12
114 -38
115 -39
116 -40
117 -39
118 -34
119 -33
120 -39
121 -33
122 -65
123 -12
124 -12
125 -44
126 -38
127 -33
128 -33
129 -34
130 -12
131 -12
132 -39
133 -38
134 -12
135 -38
136 -12
137 -34
138 -33
139 -39
140 -38
141 -33
142 -12
143 -34
144 -38
145 -34
146 -38
147 -33
148 -39
149 -33
150 -38
151 -48
152 -12
153 -47
154 -26
155 -39
156 -54
157 -39
158 -12
159 -39
160 -34
161 -38
162 -39
163 -33
164 -12
165 -34
166 -33
167 -12
168 -39
169 -12
170 -12
171 -38
172 -12
173 -12
174 -34
175 -39
176 -12
177 -39
178 -33
179 -39
180 -39
181 -30
182 -12
183 -38
184 -33
185 -33
186 -12
187 -34
188 -12
189 -33
190 -34
191 -38
192 -39
193 -40
194 -12
195 -39
196 -38
197 -12
198 -35
199 -38
200 -12
201 -38
202 -12
203 -34
204 -33
205 -38
206 -34
207 -33
208 -12
209 -38
210 -12
211 -39
212 -39
213 -39
214 -38
215 -38
216 -33
217 -33
218 -39
219 -34
220 -43
221 -38
222 -39
223 -27
224 -33
225 -41
226 -39
227 -34
228 -38
229 -33
230 -38
231 -34
232 -33
233 -38
234 -33
235 -39
236 -33
237 -39
238 -38
239 -34
240 -12
241 -47
242 -38
243 -34
244 -39
245 -12
246 -38
247 -30
248 -38
249 -38
250 -34
251 -33
252 -38
253 -39
254 -39
255 -34
256 -34
257 -34
258 -39
259 -39
260 -39
261 -38
262 -33
263 -12
264 -39
265 -40
266 -12
267 -35
268 -38
269 -34
270 -34
271 -34
272 -38
273 -34
274 -39
275 -39
276 -39
277 -12
278 -39
279 -52
280 -38
281 -39
282 -33
283 -38
284 -39
285 -34
286 -33
287 -39
288 -33
289 -12
290 -12
291 -34
292 -39
293 -12
294 -34
295 -39
296 -39
297 -38
298 -38
299 -30
300 -38
301 -12
302 -38
303 -33
304 -38
305 -38
306 -12
307 -42
308 -39
309 -38
310 -34
311 -12
312 -33
313 -38
314 -38
315 -12
316 -12
317 -38
318 -38
319 -34
320 -34
321 -27
322 -34
323 -33
324 -39
325 -38
326 -38
327 -38
328 -12
329 -39
330 -38
331 -12
332 -34
333 -12
334 -38
335 -33
336 -81
337 -12
338 -12
339 -34
340 -34
341 -39
342 -34
343 -39
344 -34
345 -38
346 -35
347 -34
348 -34
349 -38
350 -33
351 -12
352 -33
353 -39
354 -12
355 -33
356 -33
357 -12
358 -38
359 -34
360 -12
361 -34
362 -34
363 -38
364 -39
365 -33
366 -33
367 -33
368 -39
369 -12
370 -34
371 -38
372 -39
373 -34
374 -26
375 -33
376 -39
377 -38
378 -39
379 -39
380 -39
381 -38
382 -38
383 -12
384 -34
385 -38
386 -38
387 -34
388 -43
389 -33
390 -39
391 -39
392 -34
393 -12
394 -12
395 -34
396 -39
397 -12
398 -39
399 -34
400 -33
401 -33
402 -12
403 -39
404 -33
405 -38
406 -38
407 -39
408 -34
409 -54
410 -34
411 -33
412 -34
413 -39
414 -12
415 -12
416 -34
417 -38
418 -38
419 -39
420 -33
421 -33
422 -12
423 -33
424 -12
425 -12
426 -34
427 -39
428 -34
429 -38
430 -12
431 -34
432 -39
433 -33
434 -34
435 -39
436 -38
437 -41
438 -38
439 -33
440 -50
441 -38
442 -34
443 -39
444 -12
445 -39
446 -12
447 -33
448 -38
449 -39
450 -38
451 -12
452 -38
453 -39
454 -38
455 -33
456 -12
457 -39
458 -34
459 -39
460 -33
461 -38
462 -33
463 -34
464 -33
465 -33
466 -12
467 -39
468 -33
469 -39
470 -33
471 -38
472 -44
473 -33
474 -34
475 -38
476 -12
477 -33
478 -33
479 -38
480 -34
481 -33
482 -34
483 -38
484 -33
485 -12
486 -38
487 -39
488 -43
489 -33
490 -39
491 -38
492 -39
493 -39
494 -33
495 -12
496 -39
497 -33
498 -39
499 -34
500 -34
501 -33
502 -33
503 -38
504 -42
505 -38
506 -33
507 -12
508 -39
509 -12
510 -34
511 -39
512 -12
513 -34
514 -33
515 -34
516 -12
517 -12
518 -33
519 -39
520 -38
521 -33
522 -38
523 -33
524 -12
525 -34
526 -33
527 -39
528 -38
529 -33
530 -38
531 -38
532 -12
533 -34
534 -38
535 -39
536 -39
537 -12
538 -39
539 -33
540 -12
541 -38
542 -33
543 -33
544 -38
545 -33
546 -39
547 -12
548 -39
549 -39
550 -34
551 -38
552 -39
553 -39
554 -12
555 -40
556 -12
557 -39
558 -38
559 -39
560 -33
561 -34
562 -34
563 -33
564 -34
565 -12
566 -38
567 -6816
568 -34
569 -12
570 -39
571 -33
572 -12
573 -12
574 -33
575 -38
576 -12
577 -29
578 -38
579 -33
580 -34
581 -34
582 -34
583 -12
584 -33
585 -34
586 -34
587 -38
588 -39
589 -34
590 -34
591 -39
592 -38
593 -12
594 -33
595 -33
596 -33
597 -39
598 -39
599 -12
600 -39
601 -38
602 -39
603 -38
604 -34
605 -12
606 -34
607 -12
608 -12
609 -39
610 -38
611 -12
612 -12
613 -34
614 -33
615 -12
616 -38
617 -33
618 -38
619 -34
620 -12
621 -12
622 -38
623 -34
624 -12
625 -34
626 -39
627 -12
628 -33
629 -38
630 -12
631 -12
632 -39
633 -12
634 -39
635 -39
636 -38
637 -33
638 -33
639 -33
640 -12
641 -34
642 -33
643 -38
644 -39
645 -39
646 -34
647 -33
648 -39
649 -53
650 -33
651 -12
652 -30
653 -39
654 -39
655 -34
656 -54
657 -38
658 -33
659 -33
660 -38
661 -38
662 -38
663 -33
664 -12
665 -30
666 -34
667 -12
668 -38
669 -33
670 -33
671 -38
672 -12
673 -39
674 -34
675 -39
676 -55
677 -34
678 -33
679 -12
680 -39
681 -33
682 -39
683 -38
684 -12
685 -38
686 -34
687 -33
688 -12
689 -33
690 -54
691 -12
692 -39
693 -34
694 -33
695 -34
696 -33
697 -34
698 -38
699 -33
700 -12
701 -33
702 -34
703 -39
704 -38
705 -38
706 -39
707 -39
708 -704
709 -526
710 -12
711 -12
712 -33
713 -34
714 -34
715 -38
716 -39
717 -39
718 -38
719 -38
720 -12
721 -34
722 -39
723 -39
724 -29
725 -39
726 -39
727 -33
728 -39
729 -38
730 -33
731 -39
732 -39
733 -34
734 -12
735 -12
736 -33
737 -39
738 -39
739 -34
740 -38
741 -38
742 -38
743 -38
744 -34
745 -55
746 -33
747 -33
748 -33
749 -33
750 -34
751 -39
752 -38
753 -44
754 -12
755 -37
756 -12
757 -34
758 -39
759 -39
760 -38
761 -38
762 -33
763 -38
764 -70
765 -39
766 -34
767 -38
768 -34
769 -33
770 -34
771 -39
772 -12
773 -33
774 -34
775 -33
776 -33
777 -12
778 -34
779 -38
780 -34
781 -39
782 -33
783 -12
784 -34
785 -34
786 -44
787 -33
788 -39
789 -33
790 -38
791 -39
792 -33
793 -39
794 -12
795 -33
796 -33
797 -34
798 -33
799 -39
800 -65
801 -38
802 -39
803 -33
804 -39
805 -33
806 -34
807 -38
808 -33
809 -12
810 -34
811 -38
812 -38
813 -12
814 -33
815 -33
816 -34
817 -38
818 -33
819 -38
820 -33
821 -33
822 -39
823 -38
824 -35
825 -12
826 -33
827 -31
828 -39
829 -38
830 -12
831 -34
832 -12
833 -34
834 -33
835 -39
836 -963
837 -33
838 -38
839 -38
840 -34
841 -39
842 -34
843 -34
844 -34
845 -34
846 -55
847 -12
848 -39
849 -33
850 -34
851 -34
852 -38
853 -38
854 -34
855 -39
856 -39
857 -33
858 -52
859 -12
860 -39
861 -34
862 -34
863 -34
864 -38
865 -39
866 -12
867 -39
868 -12
869 -34
870 -12
871 -34
872 -39
873 -34
874 -33
875 -39
876 -12
877 -38
878 -39
879 -38
880 -33
881 -33
882 -12
883 -12
884 -12
885 -34
886 -39
887 -39
888 -33
889 -38
890 -12
891 -38
892 -39
893 -38
894 -38
895 -39
896 -34
897 -34
898 -39
899 -33
900 -12
901 -33
902 -33
903 -38
904 -34
905 -12
906 -12
907 -38
908 -39
909 -39
910 -39
911 -34
912 -38
913 -38
914 -12
915 -33
916 -12
917 -33
918 -39
919 -33
920 -38
921 -33
922 -39
923 -34
924 -12
925 -33
926 -39
927 -12
928 -43
929 -33
930 -34
931 -33
932 -34
933 -38
934 -34
935 -34
936 -39
937 -38
938 -33
939 -39
940 -34
941 -44
942 -38
943 -12
944 -39
945 -33
946 -39
947 -38
948 -34
949 -12
950 -34
951 -12
952 -33
953 -39
954 -38
955 -33
956 -39
957 -42
958 -12
959 -34
960 -34
961 -33
962 -39
963 -39
964 -34
965 -39
966 -39
967 -38
968 -38
969 -12
970 -39
971 -34
972 -34
973 -39
974 -33
975 -34
976 -34
977 -38
978 -39
979 -34
980 -33
981 -34
982 -38
983 -39
984 -33
985 -33
986 -38
987 -34
988 -34
989 -38
990 -38
991 -39
992 -39
993 -101
994 -38
995 -34
996 -54
997 -12
998 -33
999 -33
