0 -34
1 -39
2 -33
3 -39
4 -12
5 -55
6 -33
7 -33
8 -39
9 -34
10 -26
11 -39
12 -39
13 -33
14 -39
15 -12
16 -12
17 -33
18 -12
19 -39
20 -38
21 -38
22 -38
23 -38
24 -39
25 -38
26 -34
27 -38
28 -33
29 -39
30 -12
31 -34
32 -33
33 -34
34 -64
35 -34
36 -38
37 -38
38 -34
39 -13
40 -38
41 -34
42 -39
43 -39
44 -39
45 -34
46 -33
47 -38
48 -12
49 -43
50 -34
51 -38
52 -39
53 -34
54 -33
55 -42
56 -34
57 -39
58 -39
59 -39
60 -39
61 -39
62 -39
63 -33
64 -34
65 -38
66 -12
67 -34
68 -33
69 -34
70 -38
71 -38
72 -39
73 -39
74 -39
75 -33
76 -34
77 -39
78 -33
79 -34
80 -38
81 -34
82 -39
83 -38
84 -33
85 -39
86 -33
87 -39
88 -39
89 -33
90 -38
91 -39
92 -39
93 -12
94 -33
95 -39
96 -38
97 -38
98 -33
99 -33
100 -12
101 -30
102 -39
103 -39
104 -38
105 -34
106 -33
107 -193
108 -39
109 -33
110 -38
111 -12
112 -34
113 -12
114 -33
115 -67
116 -39
117 -39
118 -12
119 -39
120 -38
121 -33
122 -43
123 -39
124 -34
125 -29
126 -34
127 -38
128 -29
129 -38
130 -33
131 -39
132 -21
133 -33
134 -12
135 -12
136 -33
137 -12
138 -12
139 -39
140 -38
141 -33
142 -39
143 -33
144 -38
145 -33
146 -39
147 -34
148 -34
149 -38
150 -33
151 -33
152 -12
153 -38
154 -39
155 -39
156 -33
157 -39
158 -34
159 -38
160 -12
161 -38
162 -34
163 -33
164 -12
165 -42
166 -39
167 -59
168 -12
169 -39
170 -33
171 -39
172 -12
173 -33
174 -34
175 -38
176 -38
177 -12
178 -12
179 -33
180 -33
181 -38
182 -34
183 -34
184 -34
185 -33
186 -12
187 -34
188 -33
189 -34
190 -34
191 -38
192 -38
193 -12
194 -40
195 -34
196 -38
197 -34
198 -33
199 -39
200 -38
201 -38
202 -12
203 -33
204 -39
205 -33
206 -12
207 -33
208 -33
209 -38
210 -39
211 -12
212 -33
213 -38
214 -39
215 -38
216 -39
217 -33
218 -12
219 -39
220 -12
221 -34
222 -38
223 -12
224 -39
225 -38
226 -39
227 -33
228 -38
229 -12
230 -34
231 -34
232 -39
233 -33
234 -33
235 -38
236 -33
237 -34
238 -12
239 -33
240 -39
241 -50
242 -39
243 -39
244 -336
245 -12
246 -12
247 -39
248 -33
249 -35
250 -34
251 -39
252 -34
253 -12
254 -12
255 -34
256 -49
257 -38
258 -38
259 -38
260 -33
261 -39
262 -38
263 -38
264 -39
265 -39
266 -39
267 -33
268 -38
269 -39
270 -12
271 -34
272 -38
273 -39
274 -38
275 -12
276 -34
277 -38
278 -33
279 -34
280 -38
281 -38
282 -38
283 -39
284 -39
285 -39
286 -38
287 -33
288 -39
289 -33
290 -38
291 -39
292 -12
293 -12
294 -33
295 -22
296 -12
297 -38
298 -34
299 -38
300 -39
301 -34
302 -39
303 -33
304 -12
305 -38
306 -34
307 -38
308 -38
309 -12
310 -43
311 -34
312 -39
313 -33
314 -12
315 -12
316 -34
317 -33
318 -39
319 -12
320 -12
321 -12
322 -12
323 -12
324 -39
325 -39
326 -12
327 -33
328 -38
329 -34
330 -12
331 -33
332 -34
333 -39
334 -38
335 -39
336 -33
337 -34
338 -39
339 -33
340 -38
341 -34
342 -12
343 -38
344 -34
345 -34
346 -38
347 -39
348 -33
349 -12
350 -34
351 -34
352 -36
353 -39
354 -13
355 -34
356 -12
357 -33
358 -34
359 -34
360 -39
361 -34
362 -38
363 -39
364 -33
365 -39
366 -38
367 -39
368 -47
369 -34
370 -33
371 -33
372 -34
373 -29
374 -33
375 -38
376 -39
377 -34
378 -33
379 -33
380 -33
381 -39
382 -34
383 -12
384 -33
385 -33
386 -34
387 -38
388 -39
389 -33
390 -34
391 -34
392 -38
393 -33
394 -38
395 -22
396 -34
397 -44
398 -12
399 -38
400 -39
401 -39
402 -38
403 -38
404 -39
405 -38
406 -33
407 -33
408 -39
409 -33
410 -34
411 -33
412 -38
413 -12
414 -34
415 -39
416 -34
417 -34
418 -38
419 -12
420 -12
421 -34
422 -34
423 -106
424 -38
425 -33
426 -33
427 -12
428 -39
429 -34
430 -38
431 -39
432 -12
433 -33
434 -34
435 -12
436 -39
437 -34
438 -12
439 -39
440 -12
441 -34
442 -33
443 -38
444 -38
445 -33
446 -33
447 -34
448 -34
449 -34
450 -34
451 -39
452 -12
453 -12
454 -33
455 -33
456 -39
457 -12
458 -39
459 -34
460 -39
461 -39
462 -34
463 -12
464 -38
465 -38
466 -33
467 -33
468 -49
469 -39
470 -33
471 -33
472 -33
473 -38
474 -28
475 -38
476 -38
477 -39
478 -38
479 -12
480 -34
481 -34
482 -12
483 -12
484 -12
485 -38
486 -12
487 -38
488 -12
489 -12
490 -33
491 -12
492 -12
493 -12
494 -12
495 -34
496 -12
497 -34
498 -39
499 -38
500 -34
501 -43
502 -34
503 -12
504 -12
505 -33
506 -38
507 -33
508 -39
509 -33
510 -70
511 -34
512 -39
513 -33
514 -34
515 -38
516 -12
517 -34
518 -33
519 -38
520 -34
521 -33
522 -12
523 -34
524 -33
525 -39
526 -39
527 -34
528 -33
529 -12
530 -34
531 -34
532 -39
533 -13
534 -38
535 -39
536 -39
537 -34
538 -39
539 -33
540 -38
541 -39
542 -12
543 -34
544 -38
545 -34
546 -39
547 -38
548 -12
549 -33
550 -33
551 -39
552 -33
553 -12
554 -34
555 -12
556 -33
557 -38
558 -12
559 -39
560 -39
561 -12
562 -38
563 -38
564 -33
565 -33
566 -34
567 -38
568 -12
569 -33
570 -34
571 -39
572 -39
573 -38
574 -21
575 -38
576 -39
577 -31
578 -33
579 -39
580 -39
581 -38
582 -39
583 -38
584 -38
585 -33
586 -34
587 -33
588 -33
589 -34
590 -34
591 -38
592 -33
593 -39
594 -39
595 -34
596 -33
597 -38
598 -33
599 -33
600 -12
601 -34
602 -38
603 -33
604 -38
605 -39
606 -34
607 -38
608 -39
609 -39
610 -35
611 -34
612 -47
613 -33
614 -39
615 -34
616 -38
617 -44
618 -34
619 -34
620 -39
621 -12
622 -38
623 -38
624 -38
625 -33
626 -34
627 -39
628 -39
629 -38
630 -39
631 -54
632 -39
633 -38
634 -38
635 -33
636 -12
637 -12
638 -34
639 -33
640 -33
641 -39
642 -33
643 -39
644 -34
645 -12
646 -33
647 -33
648 -40
649 -32
650 -12
651 -12
652 -39
653 -34
654 -39
655 -12
656 -34
657 -59
658 -38
659 -38
660 -38
661 -12
662 -33
663 -12
664 -38
665 -39
666 -38
667 -34
668 -39
669 -39
670 -34
671 -49
672 -33
673 -39
674 -25
675 -33
676 -34
677 -33
678 -39
679 -38
680 -12
681 -33
682 -39
683 -33
684 -34
685 -38
686 -39
687 -34
688 -39
689 -38
690 -33
691 -12
692 -13
693 -38
694 -33
695 -12
696 -38
697 -38
698 -39
699 -34
700 -12
701 -39
702 -38
703 -39
704 -34
705 -40
706 -38
707 -33
708 -33
709 -34
710 -12
711 -12
712 -12
713 -12
714 -39
715 -33
716 -34
717 -12
718 -33
719 -12
720 -12
721 -33
722 -33
723 -12
724 -33
725 -38
726 -39
727 -678
728 -38
729 -39
730 -38
731 -38
732 -38
733 -33
734 -39
735 -39
736 -38
737 -38
738 -38
739 -12
740 -34
741 -38
742 -39
743 -39
744 -33
745 -33
746 -12
747 -38
748 -12
749 -33
750 -38
751 -34
752 -12
753 -33
754 -38
755 -12
756 -33
757 -34
758 -39
759 -39
760 -33
761 -12
762 -33
763 -38
764 -39
765 -39
766 -34
767 -39
768 -38
769 -34
770 -33
771 -34
772 -39
773 -33
774 -34
775 -12
776 -38
777 -34
778 -34
779 -12
780 -12
781 -39
782 -39
783 -33
784 -39
785 -47
786 -39
787 -39
788 -33
789 -34
790 -12
791 -12
792 -34
793 -38
794 -39
795 -34
796 -12
797 -12
798 -39
799 -102
800 -34
801 -12
802 -34
803 -34
804 -12
805 -24
806 -38
807 -34
808 -34
809 -38
810 -34
811 -38
812 -38
813 -38
814 -12
815 -12
816 -34
817 -34
818 -12
819 -12
820 -12
821 -39
822 -39
823 -39
824 -33
825 -34
826 -34
827 -34
828 -12
829 -33
830 -30
831 -12
832 -34
833 -33
834 -38
835 -38
836 -39
837 -39
838 -33
839 -12
840 -34
841 -33
842 -34
843 -12
844 -12
845 -1654
846 -33
847 -12
848 -34
849 -38
850 -12
851 -33
852 -33
853 -37
854 -34
855 -12
856 -38
857 -39
858 -34
859 -38
860 -33
861 -30
862 -34
863 -34
864 -39
865 -12
866 -39
867 -12
868 -38
869 -38
870 -34
871 -34
872 -39
873 -33
874 -39
875 -34
876 -12
877 -33
878 -39
879 -33
880 -12
881 -38
882 -401
883 -33
884 -39
885 -39
886 -39
887 -41
888 -38
889 -39
890 -33
891 -38
892 -12
893 -12
894 -38
895 -128
896 -39
897 -34
898 -38
899 -38
900 -39
901 -12
902 -39
903 -38
904 -38
905 -38
906 -33
907 -26
908 -39
909 -33
910 -34
911 -38
912 -39
913 -38
914 -39
915 -12
916 -38
917 -37
918 -12
919 -34
920 -39
921 -34
922 -39
923 -12
924 -38
925 -38
926 -38
927 -39
928 -12
929 -38
930 -12
931 -12
932 -39
933 -39
934 -33
935 -38
936 -21
937 -38
938 -12
939 -12
940 -12
941 -39
942 -39
943 -33
944 -21
945 -43
946 -34
947 -12
948 -39
949 -38
950 -34
951 -13
952 -39
953 -39
954 -34
955 -33
956 -12
957 -38
958 -34
959 -39
960 -38
961 -12
962 -35
963 -33
964 -38
965 -39
966 -32
967 -39
968 -39
969 -38
970 -39
971 -38
972 -22
973 -12
974 -12
975 -33
976 -39
977 -39
978 -34
979 -38
980 -39
981 -38
982 -34
983 -38
984 -34
985 -33
986 -39
987 -33
988 -33
989 -38
990 -12
991 -38
992 -39
993 -33
994 -12
995 -38
996 -39
997 -39
998 -12
999 -12
