0 -29
1 -29
2 -34
3 -29
4 -34
5 -34
6 -34
7 -29
8 -34
9 -33
10 -29
11 -29
12 -34
13 -34
14 -35
15 -29
16 -39
17 -39
18 -29
19 -33
20 -34
21 -29
22 -34
23 -34
24 -29
25 -34
26 -35
27 -29
28 -29
29 -29
30 -33
31 -34
32 -33
33 -29
34 -34
35 -33
36 -29
37 -29
38 -39
39 -33
40 -33
41 -33
42 -34
43 -33
44 -29
45 -29
46 -1683
47 -30
48 -33
49 -29
50 -29
51 -34
52 -39
53 -33
54 -33
55 -39
56 -29
57 -33
58 -39
59 -29
60 -39
61 -34
62 -29
63 -34
64 -29
65 -33
66 -39
67 -39
68 -34
69 -39
70 -34
71 -39
72 -29
73 -29
74 -39
75 -39
76 -39
77 -39
78 -29
79 -29
80 -45
81 -33
82 -29
83 -33
84 -47
85 -29
86 -29
87 -34
88 -33
89 -29
90 -39
91 -34
92 -41
93 -39
94 -29
95 -33
96 -29
97 -38
98 -29
99 -34
100 -29
101 -29
102 -25
103 -29
104 -39
105 -29
106 -39
107 -34
108 -34
109 -29
110 -33
111 -29
112 -34
113 -34
114 -30
115 -29
116 -39
117 -29
118 -29
119 -33
120 -33
121 -29
122 -34
123 -44
124 -39
125 -29
126 -29
127 -25
128 -39
129 -29
130 -29
131 -33
132 -39
133 -49
134 -29
135 -34
136 -34
137 -33
138 -34
139 -39
140 -29
141 -34
142 -39
143 -34
144 -33
145 -34
146 -39
147 -30
148 -29
149 -39
150 -34
151 -29
152 -33
153 -33
154 -33
155 -34
156 -40
157 -29
158 -33
159 -29
160 -29
161 -29
162 -29
163 -39
164 -39
165 -29
166 -29
167 -33
168 -34
169 -34
170 -29
171 -39
172 -34
173 -33
174 -39
175 -29
176 -29
177 -29
178 -38
179 -33
180 -34
181 -34
182 -29
183 -29
184 -29
185 -34
186 -29
187 -29
188 -25
189 -39
190 -39
191 -29
192 -34
193 -29
194 -39
195 -39
196 -39
197 -29
198 -39
199 -39
200 -39
201 -34
202 -34
203 -29
204 -29
205 -29
206 -39
207 -626
208 -29
209 -34
210 -29
211 -29
212 -29
213 -39
214 -34
215 -39
216 -1543
217 -34
218 -33
219 -34
220 -39
221 -34
222 -29
223 -29
224 -39
225 -39
226 -29
227 -43
228 -33
229 -29
230 -46
231 -33
232 -29
233 -29
234 -29
235 -37
236 -33
237 -29
238 -29
239 -33
240 -29
241 -39
242 -29
243 -39
244 -34
245 -39
246 -29
247 -29
248 -33
249 -34
250 -29
251 -29
252 -34
253 -33
254 -29
255 -29
256 -29
257 -29
258 -39
259 -34
260 -39
261 -29
262 -29
263 -29
264 -39
265 -34
266 -29
267 -29
268 -33
269 -34
270 -33
271 -29
272 -29
273 -39
274 -29
275 -39
276 -29
277 -33
278 -29
279 -34
280 -29
281 -34
282 -39
283 -29
284 -33
285 -29
286 -33
287 -29
288 -38
289 -29
290 -29
291 -39
292 -39
293 -34
294 -52
295 -47
296 -34
297 -39
298 -29
299 -29
300 -39
301 -29
302 -29
303 -39
304 -29
305 -29
306 -33
307 -29
308 -29
309 -29
310 -47
311 -33
312 -39
313 -39
314 -34
315 -33
316 -29
317 -29
318 -33
319 -29
320 -33
321 -34
322 -29
323 -29
324 -39
325 -33
326 -33
327 -39
328 -33
329 -39
330 -29
331 -29
332 -29
333 -29
334 -33
335 -39
336 -34
337 -29
338 -29
339 -33
340 -29
341 -29
342 -40
343 -30
344 -39
345 -39
346 -36
347 -33
348 -34
349 -29
350 -29
351 -29
352 -29
353 -34
354 -39
355 -17
356 -195
357 -47
358 -33
359 -39
360 -34
361 -2045
362 -29
363 -29
364 -29
365 -39
366 -29
367 -29
368 -29
369 -29
370 -33
371 -39
372 -29
373 -33
374 -39
375 -29
376 -43
377 -33
378 -34
379 -39
380 -29
381 -33
382 -39
383 -39
384 -29
385 -39
386 -29
387 -39
388 -39
389 -29
390 -29
391 -31
392 -29
393 -33
394 -29
395 -33
396 -29
397 -67
398 -39
399 -100
400 -37
401 -39
402 -33
403 -39
404 -803
405 -3989
406 -29
407 -33
408 -29
409 -29
410 -29
411 -34
412 -23
413 -39
414 -29
415 -34
416 -29
417 -39
418 -39
419 -29
420 -29
421 -33
422 -33
423 -29
424 -33
425 -39
426 -29
427 -29
428 -29
429 -39
430 -39
431 -48
432 -29
433 -29
434 -39
435 -39
436 -39
437 -39
438 -29
439 -34
440 -39
441 -35
442 -29
443 -39
444 -39
445 -29
446 -33
447 -34
448 -33
449 -29
450 -29
451 -63
452 -34
453 -34
454 -29
455 -33
456 -33
457 -43
458 -39
459 -29
460 -39
461 -29
462 -29
463 -33
464 -39
465 -29
466 -29
467 -29
468 -34
469 -29
470 -39
471 -39
472 -34
473 -33
474 -39
475 -29
476 -29
477 -29
478 -46
479 -39
480 -34
481 -33
482 -29
483 -34
484 -39
485 -34
486 -29
487 -29
488 -29
489 -29
490 -34
491 -39
492 -29
493 -34
494 -33
495 -29
496 -21
497 -29
498 -29
499 -29
500 -29
501 -29
502 -39
503 -39
504 -29
505 -39
506 -39
507 -34
508 -39
509 -34
510 -39
511 -33
512 -34
513 -39
514 -33
515 -29
516 -29
517 -29
518 -34
519 -29
520 -29
521 -29
522 -38
523 -29
524 -33
525 -29
526 -21
527 -29
528 -39
529 -29
530 -34
531 -29
532 -33
533 -29
534 -33
535 -34
536 -29
537 -33
538 -29
539 -33
540 -39
541 -34
542 -33
543 -34
544 -65
545 -29
546 -29
547 -29
548 -29
549 -33
550 -34
551 -34
552 -58
553 -29
554 -34
555 -39
556 -26
557 -33
558 -29
559 -34
560 -29
561 -33
562 -39
563 -29
564 -39
565 -29
566 -33
567 -34
568 -33
569 -39
570 -33
571 -39
572 -29
573 -34
574 -29
575 -29
576 -29
577 -29
578 -33
579 -29
580 -33
581 -34
582 -34
583 -34
584 -29
585 -33
586 -34
587 -29
588 -39
589 -29
590 -29
591 -29
592 -29
593 -29
594 -34
595 -33
596 -39
597 -34
598 -33
599 -33
600 -29
601 -53
602 -29
603 -34
604 -34
605 -34
606 -29
607 -33
608 -29
609 -29
610 -48
611 -34
612 -29
613 -29
614 -29
615 -29
616 -29
617 -34
618 -35
619 -29
620 -39
621 -29
622 -29
623 -39
624 -29
625 -39
626 -33
627 -47
628 -34
629 -34
630 -33
631 -29
632 -29
633 -29
634 -33
635 -39
636 -29
637 -29
638 -29
639 -29
640 -34
641 -66
642 -29
643 -29
644 -33
645 -29
646 -39
647 -39
648 -29
649 -29
650 -39
651 -29
652 -39
653 -34
654 -39
655 -39
656 -29
657 -35
658 -39
659 -33
660 -35
661 -34
662 -39
663 -34
664 -29
665 -29
666 -34
667 -33
668 -39
669 -34
670 -34
671 -29
672 -29
673 -33
674 -39
675 -34
676 -29
677 -33
678 -29
679 -29
680 -29
681 -34
682 -29
683 -29
684 -34
685 -33
686 -34
687 -33
688 -39
689 -34
690 -34
691 -39
692 -34
693 -39
694 -33
695 -34
696 -22
697 -29
698 -34
699 -29
700 -29
701 -34
702 -34
703 -33
704 -38
705 -33
706 -39
707 -33
708 -29
709 -37
710 -29
711 -39
712 -33
713 -29
714 -34
715 -29
716 -29
717 -33
718 -29
719 -33
720 -29
721 -29
722 -29
723 -39
724 -29
725 -33
726 -29
727 -29
728 -33
729 -29
730 -34
731 -39
732 -29
733 -29
734 -34
735 -39
736 -33
737 -29
738 -29
739 -39
740 -29
741 -21
742 -29
743 -29
744 -39
745 -38
746 -33
747 -29
748 -34
749 -39
750 -33
751 -34
752 -29
753 -33
754 -29
755 -33
756 -39
757 -29
758 -34
759 -29
760 -34
761 -34
762 -39
763 -29
764 -29
765 -29
766 -34
767 -29
768 -29
769 -39
770 -39
771 -33
772 -29
773 -39
774 -33
775 -34
776 -34
777 -39
778 -42
779 -29
780 -33
781 -29
782 -29
783 -33
784 -33
785 -29
786 -29
787 -33
788 -39
789 -29
790 -29
791 -29
792 -29
793 -33
794 -20
795 -29
796 -39
797 -29
798 -39
799 -29
800 -29
801 -33
802 -34
803 -29
804 -29
805 -217
806 -29
807 -39
808 -29
809 -29
810 -29
811 -29
812 -29
813 -34
814 -37
815 -33
816 -33
817 -33
818 -29
819 -29
820 -40
821 -29
822 -29
823 -29
824 -29
825 -39
826 -18
827 -29
828 -29
829 -29
830 -33
831 -34
832 -34
833 -39
834 -37
835 -29
836 -33
837 -38
838 -33
839 -34
840 -39
841 -29
842 -39
843 -33
844 -33
845 -34
846 -29
847 -41
848 -29
849 -29
850 -29
851 -33
852 -34
853 -30
854 -29
855 -44
856 -39
857 -39
858 -34
859 -29
860 -29
861 -33
862 -33
863 -29
864 -29
865 -29
866 -33
867 -39
868 -29
869 -39
870 -29
871 -34
872 -34
873 -29
874 -29
875 -34
876 -29
877 -39
878 -39
879 -34
880 -39
881 -33
882 -37
883 -39
884 -34
885 -34
886 -39
887 -44
888 -29
889 -29
890 -29
891 -33
892 -33
893 -39
894 -29
895 -39
896 -34
897 -29
898 -33
899 -34
900 -34
901 -29
902 -34
903 -33
904 -29
905 -39
906 -29
907 -33
908 -34
909 -29
910 -29
911 -29
912 -16
913 -39
914 -39
915 -33
916 -34
917 -34
918 -34
919 -39
920 -29
921 -29
922 -29
923 -33
924 -29
925 -34
926 -33
927 -33
928 -29
929 -29
930 -39
931 -29
932 -34
933 -29
934 -29
935 -29
936 -39
937 -33
938 -39
939 -29
940 -29
941 -29
942 -5525
943 -34
944 -34
945 -33
946 -39
947 -29
948 -29
949 -29
950 -39
951 -29
952 -43
953 -29
954 -29
955 -29
956 -33
957 -36
958 -34
959 -34
960 -33
961 -33
962 -29
963 -29
964 -29
965 -29
966 -39
967 -39
968 -34
969 -39
970 -39
971 -29
972 -29
973 -29
974 -33
975 -34
976 -30
977 -29
978 -39
979 -29
980 -33
981 -29
982 -39
983 -29
984 -34
985 -29
986 -33
987 -33
988 -33
989 -39
990 -39
991 -33
992 -33
993 -29
994 -29
995 -29
996 -34
997 -39
998 -29
999 -34
