0 -34
1 -12
2 -34
3 -38
4 -38
5 -38
6 -33
7 -41
8 -34
9 -33
10 -33
11 -33
12 -34
13 -33
14 -28
15 -39
16 -35
17 -38
18 -12
19 -38
20 -44
21 -41
22 -39
23 -34
24 -38
25 -34
26 -38
27 -39
28 -34
29 -12
30 -33
31 -39
32 -34
33 -38
34 -34
35 -12
36 -12
37 -39
38 -34
39 -12
40 -12
41 -12
42 -33
43 -38
44 -39
45 -33
46 -12
47 -39
48 -39
49 -39
50 -38
51 -33
52 -39
53 -38
54 -34
55 -39
56 -39
57 -38
58 -39
59 -33
60 -38
61 -12
62 -12
63 -39
64 -34
65 -12
66 -38
67 -34
68 -34
69 -33
70 -34
71 -43
72 -39
73 -34
74 -38
75 -39
76 -12
77 -12
78 -39
79 -33
80 -38
81 -33
82 -33
83 -35
84 -33
85 -39
86 -39
87 -12
88 -38
89 -39
90 -39
91 -12
92 -39
93 -38
94 -38
95 -33
96 -34
97 -39
98 -33
99 -39
100 -12
101 -38
102 -33
103 -38
104 -12
105 -33
106 -12
107 -12
108 -39
109 -12
110 -39
111 -38
112 -38
113 -38
114 -12
115 -39
116 -33
117 -12
118 -34
119 -38
120 -38
121 -38
122 -39
123 -24
124 -38
125 -33
126 -12
127 -58
128 -12
129 -12
130 -12
131 -38
132 -29
133 -38
134 -42
135 -33
136 -34
137 -38
138 -33
139 -12
140 -39
141 -12
142 -38
143 -33
144 -33
145 -39
146 -38
147 -34
148 -12
149 -33
150 -33
151 -33
152 -39
153 -34
154 -38
155 -33
156 -34
157 -38
158 -38
159 -38
160 -38
161 -1186
162 -38
163 -34
164 -34
165 -12
166 -39
167 -39
168 -39
169 -34
170 -38
171 -12
172 -38
173 -38
174 -34
175 -33
176 -34
177 -39
178 -39
179 -38
180 -38
181 -33
182 -39
183 -34
184 -33
185 -33
186 -33
187 -38
188 -33
189 -38
190 -12
191 -12
192 -33
193 -34
194 -12
195 -38
196 -38
197 -34
198 -34
199 -39
200 -12
201 -39
202 -38
203 -38
204 -33
205 -12
206 -34
207 -34
208 -39
209 -38
210 -34
211 -39
212 -39
213 -38
214 -48
215 -38
216 -33
217 -34
218 -33
219 -38
220 -38
221 -33
222 -33
223 -33
224 -38
225 -38
226 -39
227 -12
228 -39
229 -42
230 -12
231 -33
232 -34
233 -39
234 -39
235 -42
236 -40
237 -39
238 -39
239 -34
240 -33
241 -70
242 -39
243 -34
244 -34
245 -34
246 -39
247 -33
248 -33
249 -38
250 -33
251 -39
252 -12
253 -12
254 -33
255 -33
256 -34
257 -12
258 -34
259 -39
260 -38
261 -39
262 -12
263 -34
264 -33
265 -34
266 -39
267 -34
268 -34
269 -34
270 -34
271 -38
272 -12
273 -12
274 -34
275 -33
276 -12
277 -39
278 -38
279 -33
280 -34
281 -33
282 -12
283 -33
284 -12
285 -34
286 -12
287 -38
288 -39
289 -12
290 -33
291 -38
292 -12
293 -34
294 -38
295 -38
296 -39
297 -39
298 -39
299 -34
300 -38
301 -34
302 -34
303 -39
304 -12
305 -39
306 -33
307 -33
308 -39
309 -12
310 -38
311 -33
312 -38
313 -33
314 -39
315 -34
316 -33
317 -34
318 -33
319 -12
320 -39
321 -33
322 -38
323 -38
324 -12
325 -33
326 -12
327 -12
328 -38
329 -39
330 -38
331 -12
332 -47
333 -34
334 -34
335 -34
336 -12
337 -34
338 -34
339 -33
340 -33
341 -12
342 -34
343 -12
344 -12
345 -33
346 -41
347 -38
348 -13
349 -38
350 -33
351 -34
352 -34
353 -38
354 -33
355 -12
356 -33
357 -38
358 -33
359 -12
360 -34
361 -38
362 -57
363 -12
364 -33
365 -38
366 -38
367 -34
368 -33
369 -34
370 -38
371 -33
372 -39
373 -38
374 -34
375 -38
376 -39
377 -33
378 -34
379 -38
380 -34
381 -34
382 -34
383 -39
384 -39
385 -66
386 -39
387 -39
388 -34
389 -38
390 -34
391 -34
392 -39
393 -33
394 -12
395 -12
396 -12
397 -34
398 -39
399 -37
400 -34
401 -39
402 -34
403 -33
404 -33
405 -34
406 -39
407 -38
408 -33
409 -33
410 -34
411 -38
412 -12
413 -39
414 -33
415 -39
416 -34
417 -33
418 -12
419 -12
420 -39
421 -34
422 -33
423 -38
424 -38
425 -34
426 -12
427 -38
428 -38
429 -39
430 -33
431 -34
432 -12
433 -34
434 -30
435 -12
436 -38
437 -38
438 -35
439 -39
440 -33
441 -38
442 -38
443 -34
444 -33
445 -12
446 -12
447 -34
448 -38
449 -38
450 -39
451 -34
452 -12
453 -39
454 -12
455 -34
456 -33
457 -38
458 -38
459 -12
460 -12
461 -34
462 -38
463 -42
464 -1364
465 -33
466 -38
467 -33
468 -34
469 -33
470 -33
471 -33
472 -34
473 -34
474 -12
475 -34
476 -39
477 -12
478 -34
479 -34
480 -38
481 -33
482 -39
483 -38
484 -12
485 -12
486 -34
487 -34
488 -81
489 -34
490 -33
491 -33
492 -38
493 -38
494 -12
495 -34
496 -12
497 -34
498 -39
499 -12
500 -12
501 -38
502 -12
503 -34
504 -34
505 -12
506 -33
507 -39
508 -12
509 -34
510 -33
511 -34
512 -39
513 -33
514 -12
515 -38
516 -54
517 -39
518 -39
519 -38
520 -12
521 -33
522 -39
523 -39
524 -34
525 -38
526 -34
527 -34
528 -38
529 -34
530 -44
531 -12
532 -12
533 -12
534 -38
535 -38
536 -39
537 -34
538 -38
539 -39
540 -39
541 -34
542 -33
543 -12
544 -34
545 -12
546 -39
547 -34
548 -12
549 -38
550 -33
551 -38
552 -12
553 -12
554 -33
555 -39
556 -408
557 -39
558 -12
559 -12
560 -33
561 -39
562 -34
563 -39
564 -12
565 -38
566 -38
567 -94
568 -12
569 -12
570 -33
571 -12
572 -33
573 -27
574 -38
575 -39
576 -34
577 -38
578 -39
579 -33
580 -39
581 -12
582 -57
583 -39
584 -33
585 -39
586 -34
587 -38
588 -34
589 -34
590 -33
591 -33
592 -12
593 -33
594 -33
595 -12
596 -33
597 -35
598 -38
599 -34
600 -33
601 -39
602 -34
603 -12
604 -34
605 -12
606 -39
607 -39
608 -38
609 -33
610 -34
611 -38
612 -12
613 -34
614 -12
615 -39
616 -34
617 -39
618 -33
619 -12
620 -40
621 -39
622 -38
623 -38
624 -12
625 -43
626 -34
627 -39
628 -39
629 -39
630 -38
631 -12
632 -33
633 -12
634 -33
635 -38
636 -24
637 -33
638 -33
639 -39
640 -12
641 -39
642 -33
643 -34
644 -33
645 -12
646 -38
647 -33
648 -33
649 -39
650 -12
651 -33
652 -39
653 -38
654 -38
655 -12
656 -34
657 -12
658 -33
659 -12
660 -39
661 -12
662 -38
663 -38
664 -39
665 -39
666 -33
667 -33
668 -39
669 -39
670 -39
671 -39
672 -38
673 -34
674 -38
675 -12
676 -12
677 -38
678 -39
679 -12
680 -34
681 -33
682 -33
683 -33
684 -34
685 -39
686 -12
687 -38
688 -39
689 -12
690 -39
691 -38
692 -12
693 -38
694 -34
695 -33
696 -34
697 -34
698 -33
699 -33
700 -38
701 -34
702 -39
703 -34
704 -39
705 -38
706 -33
707 -33
708 -39
709 -33
710 -33
711 -39
712 -39
713 -12
714 -38
715 -38
716 -33
717 -38
718 -39
719 -33
720 -38
721 -39
722 -34
723 -39
724 -34
725 -39
726 -33
727 -54
728 -38
729 -60
730 -12
731 -39
732 -34
733 -38
734 -48
735 -12
736 -38
737 -39
738 -39
739 -34
740 -34
741 -33
742 -33
743 -39
744 -33
745 -30
746 -33
747 -38
748 -12
749 -34
750 -34
751 -33
752 -38
753 -34
754 -39
755 -39
756 -33
757 -38
758 -12
759 -33
760 -12
761 -38
762 -38
763 -39
764 -33
765 -34
766 -33
767 -34
768 -12
769 -39
770 -34
771 -39
772 -12
773 -12
774 -33
775 -12
776 -38
777 -39
778 -34
779 -39
780 -38
781 -39
782 -33
783 -12
784 -33
785 -38
786 -34
787 -33
788 -12
789 -33
790 -12
791 -39
792 -34
793 -34
794 -34
795 -12
796 -12
797 -33
798 -228
799 -38
800 -12
801 -33
802 -38
803 -12
804 -39
805 -12
806 -12
807 -12
808 -38
809 -12
810 -34
811 -12
812 -12
813 -39
814 -12
815 -34
816 -38
817 -33
818 -34
819 -33
820 -34
821 -39
822 -39
823 -31
824 -39
825 -39
826 -12
827 -39
828 -39
829 -39
830 -12
831 -34
832 -34
833 -33
834 -39
835 -34
836 -33
837 -39
838 -55
839 -12
840 -34
841 -38
842 -38
843 -38
844 -39
845 -34
846 -34
847 -33
848 -26
849 -39
850 -39
851 -39
852 -33
853 -38
854 -33
855 -44
856 -12
857 -34
858 -39
859 -38
860 -33
861 -70
862 -12
863 -12
864 -39
865 -74
866 -34
867 -39
868 -39
869 -39
870 -38
871 -33
872 -38
873 -33
874 -34
875 -39
876 -12
877 -38
878 -39
879 -38
880 -38
881 -38
882 -33
883 -33
884 -34
885 -38
886 -38
887 -33
888 -12
889 -38
890 -39
891 -34
892 -33
893 -34
894 -34
895 -34
896 -38
897 -33
898 -1322
899 -38
900 -38
901 -38
902 -12
903 -12
904 -33
905 -12
906 -33
907 -33
908 -33
909 -12
910 -38
911 -38
912 -33
913 -38
914 -39
915 -38
916 -33
917 -41
918 -34
919 -39
920 -38
921 -12
922 -12
923 -38
924 -12
925 -38
926 -34
927 -33
928 -34
929 -12
930 -33
931 -12
932 -39
933 -39
934 -39
935 -12
936 -33
937 -39
938 -12
939 -50
940 -34
941 -33
942 -38
943 -39
944 -34
945 -33
946 -12
947 -38
948 -12
949 -34
950 -34
951 -12
952 -425
953 -38
954 -34
955 -34
956 -34
957 -33
958 -34
959 -38
960 -12
961 -33
962 -12
963 -12
964 -33
965 -38
966 -12
967 -34
968 -38
969 -39
970 -31
971 -33
972 -12
973 -39
974 -38
975 -39
976 -12
977 -33
978 -33
979 -38
980 -12
981 -39
982 -34
983 -38
984 -38
985 -34
986 -33
987 -33
988 -38
989 -34
990 -39
991 -33
992 -33
993 -34
994 -39
995 -33
996 -12
997 -33
998 -39
999 -39
