0 -13
1 -13
2 -39
3 -39
4 -13
5 -13
6 -38
7 -13
8 -39
9 -12
10 -38
11 -13
12 -39
13 -33
14 -38
15 -39
16 -13
17 -12
18 -39
19 -38
20 -34
21 -34
22 -33
23 -39
24 -38
25 -33
26 -34
27 -33
28 -33
29 -38
30 -34
31 -40
32 -33
33 -38
34 -39
35 -38
36 -34
37 -13
38 -38
39 -38
40 -38
41 -26
42 -38
43 -38
44 -38
45 -13
46 -33
47 -13
48 -13
49 -53
50 -38
51 -34
52 -34
53 -33
54 -38
55 -34
56 -13
57 -34
58 -33
59 -33
60 -38
61 -39
62 -34
63 -38
64 -42
65 -33
66 -13
67 -40
68 -39
69 -33
70 -39
71 -34
72 -39
73 -33
74 -34
75 -33
76 -57
77 -33
78 -13
79 -33
80 -34
81 -38
82 -33
83 -13
84 -33
85 -33
86 -13
87 -41
88 -33
89 -39
90 -39
91 -38
92 -34
93 -44
94 -13
95 -38
96 -38
97 -38
98 -28
99 -43
100 -38
101 -34
102 -33
103 -13
104 -13
105 -39
106 -33
107 -34
108 -38
109 -33
110 -38
111 -34
112 -34
113 -38
114 -39
115 -33
116 -34
117 -13
118 -39
119 -34
120 -33
121 -38
122 -34
123 -38
124 -13
125 -38
126 -13
127 -34
128 -39
129 -38
130 -34
131 -39
132 -34
133 -34
134 -49
135 -33
136 -34
137 -34
138 -34
139 -39
140 -31
141 -43
142 -34
143 -39
144 -34
145 -37
146 -38
147 -33
148 -34
149 -43
150 -38
151 -38
152 -34
153 -34
154 -146
155 -33
156 -33
157 -13
158 -38
159 -38
160 -33
161 -39
162 -34
163 -38
164 -39
165 -26
166 -38
167 -39
168 -13
169 -34
170 -39
171 -34
172 -13
173 -34
174 -13
175 -13
176 -38
177 -33
178 -13
179 -13
180 -39
181 -33
182 -38
183 -33
184 -38
185 -33
186 -39
187 -13
188 -27
189 -13
190 -39
191 -38
192 -38
193 -38
194 -13
195 -38
196 -39
197 -33
198 -12
199 -34
200 -39
201 -39
202 -34
203 -13
204 -34
205 -38
206 -30
207 -34
208 -34
209 -39
210 -39
211 -33
212 -34
213 -39
214 -34
215 -34
216 -38
217 -33
218 -37
219 -33
220 -33
221 -13
222 -33
223 -39
224 -34
225 -34
226 -33
227 -33
228 -38
229 -36
230 -13
231 -13
232 -31
233 -13
234 -39
235 -30
236 -39
237 -39
238 -38
239 -13
240 -38
241 -39
242 -38
243 -13
244 -34
245 -13
246 -38
247 -34
248 -39
249 -38
250 -34
251 -34
252 -33
253 -34
254 -13
255 -33
256 -13
257 -40
258 -39
259 -33
260 -14
261 -34
262 -39
263 -13
264 -34
265 -27
266 -33
267 -33
268 -13
269 -28
270 -39
271 -33
272 -39
273 -33
274 -41
275 -39
276 -33
277 -34
278 -65
279 -38
280 -38
281 -34
282 -39
283 -34
284 -33
285 -33
286 -39
287 -38
288 -33
289 -38
290 -39
291 -33
292 -42
293 -39
294 -33
295 -33
296 -34
297 -13
298 -38
299 -38
300 -34
301 -13
302 -34
303 -34
304 -38
305 -33
306 -33
307 -13
308 -34
309 -35
310 -34
311 -34
312 -34
313 -38
314 -38
315 -33
316 -34
317 -39
318 -35
319 -38
320 -39
321 -33
322 -34
323 -27
324 -38
325 -13
326 -38
327 -34
328 -13
329 -34
330 -38
331 -34
332 -13
333 -34
334 -48
335 -38
336 -39
337 -41
338 -39
339 -33
340 -34
341 -33
342 -34
343 -39
344 -13
345 -38
346 -38
347 -39
348 -38
349 -13
350 -13
351 -38
352 -34
353 -13
354 -13
355 -38
356 -13
357 -13
358 -57
359 -33
360 -51
361 -13
362 -34
363 -39
364 -34
365 -13
366 -34
367 -38
368 -34
369 -13
370 -39
371 -38
372 -38
373 -38
374 -33
375 -39
376 -13
377 -34
378 -33
379 -39
380 -45
381 -38
382 -39
383 -13
384 -38
385 -13
386 -39
387 -34
388 -34
389 -33
390 -39
391 -33
392 -33
393 -39
394 -39
395 -33
396 -39
397 -39
398 -33
399 -38
400 -34
401 -38
402 -41
403 -13
404 -33
405 -39
406 -38
407 -34
408 -39
409 -13
410 -39
411 -38
412 -43
413 -39
414 -38
415 -34
416 -34
417 -33
418 -34
419 -39
420 -34
421 -39
422 -13
423 -38
424 -33
425 -13
426 -38
427 -34
428 -39
429 -33
430 -38
431 -34
432 -31
433 -13
434 -25
435 -34
436 -33
437 -33
438 -37
439 -13
440 -38
441 -33
442 -34
443 -38
444 -34
445 -33
446 -39
447 -39
448 -39
449 -39
450 -34
451 -13
452 -33
453 -38
454 -39
455 -38
456 -13
457 -34
458 -40
459 -33
460 -38
461 -13
462 -34
463 -54
464 -39
465 -33
466 -13
467 -34
468 -13
469 -13
470 -38
471 -33
472 -13
473 -33
474 -33
475 -13
476 -33
477 -13
478 -38
479 -37
480 -42
481 -38
482 -33
483 -39
484 -39
485 -39
486 -39
487 -34
488 -38
489 -33
490 -38
491 -13
492 -33
493 -38
494 -38
495 -38
496 -34
497 -34
498 -34
499 -13
500 -40
501 -39
502 -29
503 -33
504 -38
505 -38
506 -13
507 -26
508 -34
509 -38
510 -33
511 -13
512 -38
513 -34
514 -33
515 -33
516 -13
517 -38
518 -38
519 -39
520 -34
521 -13
522 -34
523 -38
524 -13
525 -38
526 -33
527 -38
528 -33
529 -33
530 -34
531 -13
532 -41
533 -39
534 -33
535 -13
536 -34
537 -34
538 -38
539 -38
540 -34
541 -13
542 -380
543 -34
544 -13
545 -38
546 -30
547 -33
548 -13
549 -39
550 -13
551 -13
552 -40
553 -39
554 -34
555 -39
556 -21
557 -13
558 -38
559 -39
560 -33
561 -38
562 -13
563 -38
564 -33
565 -39
566 -34
567 -38
568 -34
569 -39
570 -39
571 -38
572 -34
573 -38
574 -41
575 -34
576 -33
577 -34
578 -39
579 -38
580 -13
581 -33
582 -39
583 -33
584 -39
585 -34
586 -13
587 -33
588 -33
589 -33
590 -33
591 -33
592 -13
593 -33
594 -38
595 -33
596 -38
597 -38
598 -34
599 -34
600 -38
601 -39
602 -39
603 -39
604 -38
605 -13
606 -39
607 -38
608 -34
609 -33
610 -34
611 -34
612 -39
613 -38
614 -38
615 -38
616 -33
617 -38
618 -39
619 -33
620 -33
621 -13
622 -39
623 -38
624 -33
625 -34
626 -33
627 -34
628 -56
629 -34
630 -13
631 -13
632 -34
633 -1273
634 -34
635 -39
636 -39
637 -33
638 -39
639 -34
640 -33
641 -13
642 -39
643 -34
644 -38
645 -33
646 -34
647 -13
648 -39
649 -13
650 -34
651 -39
652 -33
653 -38
654 -38
655 -39
656 -39
657 -39
658 -39
659 -39
660 -33
661 -33
662 -34
663 -33
664 -38
665 -38
666 -38
667 -33
668 -39
669 -33
670 -34
671 -33
672 -54
673 -33
674 -56
675 -33
676 -39
677 -13
678 -34
679 -56
680 -38
681 -13
682 -38
683 -33
684 -33
685 -34
686 -13
687 -34
688 -58
689 -34
690 -284
691 -38
692 -34
693 -34
694 -34
695 -34
696 -13
697 -38
698 -38
699 -38
700 -29
701 -13
702 -45
703 -34
704 -38
705 -34
706 -39
707 -13
708 -39
709 -34
710 -34
711 -38
712 -48
713 -33
714 -38
715 -33
716 -61
717 -26
718 -27
719 -13
720 -34
721 -33
722 -34
723 -13
724 -38
725 -39
726 -33
727 -13
728 -656
729 -13
730 -38
731 -34
732 -39
733 -39
734 -70
735 -33
736 -33
737 -33
738 -33
739 -13
740 -33
741 -39
742 -13
743 -33
744 -33
745 -39
746 -38
747 -33
748 -39
749 -38
750 -39
751 -13
752 -33
753 -38
754 -39
755 -34
756 -38
757 -13
758 -34
759 -33
760 -33
761 -37
762 -34
763 -34
764 -38
765 -38
766 -40
767 -13
768 -13
769 -33
770 -34
771 -33
772 -38
773 -13
774 -33
775 -13
776 -33
777 -35
778 -13
779 -33
780 -33
781 -39
782 -39
783 -39
784 -33
785 -13
786 -34
787 -59
788 -13
789 -13
790 -33
791 -34
792 -13
793 -38
794 -33
795 -38
796 -34
797 -38
798 -38
799 -38
800 -13
801 -43
802 -38
803 -38
804 -13
805 -38
806 -54
807 -13
808 -34
809 -29
810 -38
811 -38
812 -34
813 -13
814 -13
815 -39
816 -34
817 -13
818 -39
819 -38
820 -38
821 -34
822 -33
823 -13
824 -33
825 -33
826 -13
827 -13
828 -13
829 -34
830 -38
831 -34
832 -13
833 -38
834 -13
835 -33
836 -33
837 -39
838 -34
839 -49
840 -38
841 -39
842 -13
843 -39
844 -39
845 -34
846 -38
847 -34
848 -38
849 -33
850 -34
851 -38
852 -39
853 -34
854 -38
855 -34
856 -34
857 -33
858 -13
859 -33
860 -33
861 -13
862 -13
863 -38
864 -34
865 -39
866 -34
867 -13
868 -12
869 -34
870 -34
871 -38
872 -38
873 -13
874 -44
875 -13
876 -13
877 -39
878 -13
879 -38
880 -33
881 -33
882 -33
883 -38
884 -39
885 -38
886 -38
887 -39
888 -38
889 -39
890 -33
891 -13
892 -39
893 -38
894 -39
895 -44
896 -39
897 -13
898 -33
899 -39
900 -33
901 -17
902 -39
903 -33
904 -38
905 -34
906 -34
907 -38
908 -13
909 -39
910 -39
911 -34
912 -13
913 -34
914 -39
915 -33
916 -39
917 -39
918 -39
919 -39
920 -34
921 -13
922 -38
923 -39
924 -39
925 -33
926 -13
927 -39
928 -39
929 -20
930 -38
931 -39
932 -13
933 -30
934 -34
935 -33
936 -38
937 -39
938 -34
939 -39
940 -13
941 -33
942 -39
943 -13
944 -34
945 -39
946 -34
947 -13
948 -34
949 -38
950 -33
951 -37
952 -13
953 -43
954 -13
955 -29
956 -13
957 -27
958 -38
959 -33
960 -33
961 -13
962 -13
963 -39
964 -34
965 -22
966 -34
967 -13
968 -34
969 -33
970 -34
971 -38
972 -39
973 -13
974 -38
975 -38
976 -39
977 -34
978 -39
979 -13
980 -34
981 -33
982 -33
983 -33
984 -33
985 -70
986 -33
987 -33
988 -44
989 -34
990 -38
991 -33
992 -13
993 -39
994 -13
995 -39
996 -13
997 -33
998 -13
999 -13
