0 -39
1 -38
2 -39
3 -34
4 -12
5 -33
6 -33
7 -33
8 -33
9 -30
10 -38
11 -18
12 -39
13 -38
14 -34
15 -12
16 -12
17 -33
18 -12
19 -33
20 -34
21 -38
22 -12
23 -33
24 -48
25 -33
26 -33
27 -34
28 -34
29 -33
30 -34
31 -38
32 -33
33 -34
34 -38
35 -39
36 -33
37 -34
38 -33
39 -12
40 -34
41 -34
42 -39
43 -38
44 -44
45 -39
46 -38
47 -39
48 -34
49 -33
50 -38
51 -38
52 -39
53 -33
54 -12
55 -12
56 -39
57 -33
58 -34
59 -38
60 -38
61 -13
62 -38
63 -34
64 -34
65 -12
66 -38
67 -12
68 -38
69 -38
70 -12
71 -33
72 -34
73 -29
74 -34
75 -39
76 -33
77 -38
78 -38
79 -12
80 -39
81 -38
82 -33
83 -75
84 -33
85 -12
86 -38
87 -34
88 -38
89 -12
90 -34
91 -12
92 -38
93 -12
94 -33
95 -33
96 -12
97 -38
98 -39
99 -38
100 -12
101 -38
102 -39
103 -34
104 -39
105 -33
106 -12
107 -34
108 -34
109 -34
110 -39
111 -38
112 -38
113 -34
114 -38
115 -12
116 -12
117 -12
118 -33
119 -39
120 -34
121 -38
122 -33
123 -34
124 -33
125 -33
126 -33
127 -33
128 -39
129 -56
130 -35
131 -38
132 -39
133 -39
134 -31
135 -34
136 -39
137 -34
138 -33
139 -12
140 -34
141 -33
142 -34
143 -38
144 -12
145 -33
146 -33
147 -34
148 -12
149 -39
150 -12
151 -38
152 -33
153 -33
154 -34
155 -34
156 -12
157 -38
158 -38
159 -38
160 -39
161 -34
162 -33
163 -33
164 -12
165 -39
166 -39
167 -34
168 -38
169 -34
170 -12
171 -34
172 -12
173 -12
174 -38
175 -38
176 -34
177 -33
178 -33
179 -33
180 -33
181 -33
182 -38
183 -38
184 -34
185 -38
186 -13
187 -39
188 -12
189 -39
190 -39
191 -39
192 -55
193 -33
194 -33
195 -39
196 -12
197 -39
198 -38
199 -38
200 -33
201 -34
202 -38
203 -12
204 -12
205 -39
206 -39
207 -34
208 -39
209 -39
210 -38
211 -33
212 -33
213 -12
214 -34
215 -34
216 -34
217 -38
218 -12
219 -12
220 -39
221 -38
222 -12
223 -38
224 -43
225 -33
226 -39
227 -33
228 -38
229 -39
230 -38
231 -12
232 -33
233 -31
234 -38
235 -38
236 -12
237 -34
238 -39
239 -38
240 -33
241 -38
242 -39
243 -34
244 -39
245 -43
246 -39
247 -12
248 -33
249 -34
250 -38
251 -39
252 -12
253 -33
254 -33
255 -12
256 -33
257 -12
258 -33
259 -43
260 -33
261 -38
262 -38
263 -12
264 -34
265 -34
266 -39
267 -33
268 -34
269 -45
270 -33
271 -38
272 -34
273 -38
274 -33
275 -38
276 -39
277 -38
278 -14
279 -12
280 -34
281 -34
282 -38
283 -12
284 -38
285 -33
286 -39
287 -34
288 -39
289 -34
290 -39
291 -30
292 -33
293 -33
294 -39
295 -34
296 -38
297 -34
298 -39
299 -66
300 -38
301 -33
302 -33
303 -39
304 -33
305 -33
306 -12
307 -39
308 -39
309 -33
310 -34
311 -33
312 -33
313 -33
314 -12
315 -38
316 -34
317 -12
318 -34
319 -34
320 -12
321 -38
322 -39
323 -38
324 -34
325 -38
326 -33
327 -34
328 -33
329 -33
330 -38
331 -33
332 -12
333 -39
334 -12
335 -39
336 -33
337 -70
338 -12
339 -33
340 -33
341 -34
342 -38
343 -33
344 -38
345 -33
346 -34
347 -12
348 -25
349 -41
350 -38
351 -39
352 -38
353 -39
354 -12
355 -33
356 -38
357 -33
358 -39
359 -47
360 -33
361 -38
362 -35
363 -12
364 -38
365 -12
366 -33
367 -39
368 -38
369 -12
370 -38
371 -39
372 -38
373 -39
374 -39
375 -38
376 -33
377 -34
378 -33
379 -39
380 -39
381 -34
382 -12
383 -309
384 -39
385 -33
386 -12
387 -39
388 -34
389 -38
390 -40
391 -39
392 -33
393 -34
394 -38
395 -30
396 -34
397 -12
398 -39
399 -39
400 -38
401 -33
402 -39
403 -39
404 -39
405 -39
406 -25
407 -39
408 -38
409 -12
410 -34
411 -33
412 -12
413 -12
414 -38
415 -33
416 -38
417 -33
418 -39
419 -33
420 -33
421 -39
422 -33
423 -12
424 -33
425 -33
426 -34
427 -38
428 -34
429 -12
430 -71
431 -34
432 -33
433 -34
434 -39
435 -12
436 -213
437 -12
438 -55
439 -33
440 -38
441 -39
442 -34
443 -34
444 -34
445 -62
446 -39
447 -34
448 -30
449 -38
450 -34
451 -34
452 -34
453 -38
454 -38
455 -38
456 -35
457 -39
458 -34
459 -34
460 -39
461 -33
462 -38
463 -12
464 -12
465 -34
466 -33
467 -38
468 -34
469 -39
470 -34
471 -12
472 -12
473 -34
474 -39
475 -12
476 -33
477 -33
478 -62
479 -34
480 -12
481 -34
482 -33
483 -33
484 -39
485 -12
486 -34
487 -34
488 -39
489 -12
490 -39
491 -33
492 -34
493 -12
494 -38
495 -38
496 -33
497 -38
498 -34
499 -34
500 -12
501 -33
502 -44
503 -33
504 -38
505 -33
506 -39
507 -34
508 -33
509 -34
510 -39
511 -38
512 -39
513 -34
514 -33
515 -34
516 -38
517 -34
518 -34
519 -39
520 -33
521 -38
522 -12
523 -33
524 -33
525 -39
526 -34
527 -34
528 -34
529 -34
530 -39
531 -33
532 -34
533 -34
534 -34
535 -34
536 -39
537 -12
538 -38
539 -38
540 -39
541 -39
542 -39
543 -34
544 -38
545 -12
546 -33
547 -33
548 -38
549 -33
550 -34
551 -34
552 -39
553 -39
554 -39
555 -34
556 -38
557 -12
558 -12
559 -38
560 -33
561 -12
562 -33
563 -38
564 -39
565 -12
566 -38
567 -12
568 -38
569 -38
570 -29
571 -39
572 -38
573 -34
574 -12
575 -47
576 -34
577 -39
578 -34
579 -33
580 -39
581 -38
582 -35
583 -33
584 -12
585 -39
586 -34
587 -39
588 -33
589 -38
590 -33
591 -12
592 -38
593 -38
594 -33
595 -39
596 -44
597 -12
598 -12
599 -41
600 -33
601 -33
602 -33
603 -39
604 -33
605 -12
606 -33
607 -22
608 -34
609 -34
610 -34
611 -33
612 -12
613 -41
614 -33
615 -33
616 -34
617 -38
618 -38
619 -39
620 -33
621 -33
622 -12
623 -38
624 -34
625 -38
626 -33
627 -38
628 -39
629 -38
630 -39
631 -34
632 -12
633 -34
634 -33
635 -12
636 -33
637 -38
638 -33
639 -33
640 -12
641 -38
642 -34
643 -34
644 -39
645 -34
646 -12
647 -39
648 -12
649 -39
650 -39
651 -34
652 -33
653 -33
654 -38
655 -33
656 -33
657 -39
658 -12
659 -12
660 -39
661 -12
662 -38
663 -33
664 -26
665 -33
666 -38
667 -39
668 -33
669 -12
670 -38
671 -12
672 -33
673 -33
674 -34
675 -33
676 -34
677 -38
678 -34
679 -12
680 -12
681 -12
682 -34
683 -33
684 -38
685 -12
686 -38
687 -33
688 -38
689 -33
690 -33
691 -39
692 -38
693 -34
694 -39
695 -39
696 -38
697 -38
698 -12
699 -38
700 -33
701 -12
702 -39
703 -12
704 -34
705 -33
706 -34
707 -38
708 -58
709 -33
710 -39
711 -38
712 -33
713 -37
714 -48
715 -34
716 -33
717 -12
718 -33
719 -39
720 -39
721 -38
722 -54
723 -38
724 -39
725 -39
726 -33
727 -39
728 -38
729 -39
730 -39
731 -39
732 -34
733 -38
734 -37
735 -34
736 -12
737 -12
738 -33
739 -39
740 -39
741 -39
742 -33
743 -34
744 -38
745 -34
746 -39
747 -33
748 -12
749 -38
750 -39
751 -44
752 -12
753 -34
754 -12
755 -34
756 -34
757 -39
758 -34
759 -33
760 -38
761 -39
762 -33
763 -39
764 -33
765 -39
766 -39
767 -34
768 -12
769 -33
770 -39
771 -38
772 -34
773 -12
774 -38
775 -38
776 -33
777 -33
778 -33
779 -34
780 -30
781 -39
782 -34
783 -39
784 -33
785 -12
786 -40
787 -39
788 -34
789 -12
790 -37
791 -39
792 -12
793 -33
794 -34
795 -39
796 -38
797 -12
798 -44
799 -12
800 -33
801 -39
802 -12
803 -38
804 -33
805 -12
806 -38
807 -38
808 -33
809 -12
810 -38
811 -34
812 -12
813 -34
814 -60
815 -39
816 -43
817 -33
818 -12
819 -33
820 -12
821 -39
822 -12
823 -12
824 -39
825 -38
826 -38
827 -38
828 -38
829 -44
830 -34
831 -38
832 -53
833 -34
834 -39
835 -39
836 -33
837 -38
838 -12
839 -38
840 -39
841 -38
842 -33
843 -37
844 -33
845 -33
846 -40
847 -38
848 -12
849 -34
850 -33
851 -39
852 -12
853 -33
854 -25
855 -33
856 -33
857 -34
858 -39
859 -34
860 -12
861 -38
862 -39
863 -33
864 -39
865 -33
866 -34
867 -12
868 -12
869 -34
870 -38
871 -12
872 -12
873 -12
874 -38
875 -38
876 -12
877 -12
878 -38
879 -33
880 -38
881 -12
882 -12
883 -12
884 -12
885 -38
886 -34
887 -38
888 -44
889 -38
890 -38
891 -38
892 -12
893 -39
894 -33
895 -39
896 -12
897 -12
898 -34
899 -33
900 -33
901 -33
902 -34
903 -39
904 -38
905 -12
906 -34
907 -12
908 -12
909 -38
910 -33
911 -39
912 -39
913 -33
914 -12
915 -39
916 -38
917 -34
918 -44
919 -33
920 -12
921 -12
922 -38
923 -35
924 -34
925 -34
926 -38
927 -12
928 -34
929 -12
930 -34
931 -33
932 -33
933 -39
934 -12
935 -12
936 -12
937 -38
938 -71
939 -34
940 -12
941 -34
942 -39
943 -39
944 -34
945 -38
946 -34
947 -12
948 -33
949 -38
950 -39
951 -38
952 -38
953 -39
954 -39
955 -34
956 -39
957 -12
958 -38
959 -34
960 -12
961 -12
962 -33
963 -38
964 -34
965 -34
966 -33
967 -12
968 -39
969 -34
970 -39
971 -33
972 -34
973 -34
974 -34
975 -33
976 -22
977 -12
978 -39
979 -39
980 -12
981 -33
982 -33
983 -33
984 -38
985 -34
986 -26
987 -33
988 -33
989 -33
990 -12
991 -12
992 -33
993 -38
994 -39
995 -38
996 -42
997 -34
998 -34
999 -33
