0 -33
1 -54
2 -34
3 -33
4 -33
5 -38
6 -2720
7 -38
8 -39
9 -38
10 -39
11 -33
12 -37
13 -38
14 -13
15 -34
16 -12
17 -38
18 -39
19 -38
20 -39
21 -39
22 -12
23 -38
24 -12
25 -33
26 -13
27 -39
28 -39
29 -39
30 -16
31 -39
32 -38
33 -38
34 -38
35 -39
36 -38
37 -16
38 -38
39 -38
40 -34
41 -34
42 -34
43 -12
44 -33
45 -16
46 -39
47 -33
48 -38
49 -39
50 -16
51 -39
52 -39
53 -12
54 -13
55 -16
56 -28
57 -42
58 -33
59 -33
60 -39
61 -33
62 -38
63 -33
64 -16
65 -38
66 -39
67 -39
68 -33
69 -34
70 -38
71 -33
72 -33
73 -34
74 -39
75 -12
76 -39
77 -39
78 -38
79 -33
80 -39
81 -38
82 -38
83 -38
84 -34
85 -12
86 -34
87 -33
88 -34
89 -34
90 -12
91 -38
92 -37
93 -39
94 -33
95 -33
96 -16
97 -39
98 -33
99 -34
100 -36
101 -39
102 -33
103 -39
104 -38
105 -38
106 -39
107 -39
108 -39
109 -38
110 -33
111 -39
112 -39
113 -38
114 -33
115 -12
116 -34
117 -57
118 -34
119 -12
120 -13
121 -16
122 -12
123 -12
124 -34
125 -39
126 -12
127 -33
128 -12
129 -16
130 -34
131 -34
132 -38
133 -33
134 -34
135 -12
136 -33
137 -34
138 -33
139 -39
140 -34
141 -39
142 -34
143 -16
144 -39
145 -34
146 -33
147 -34
148 -39
149 -39
150 -16
151 -33
152 -33
153 -16
154 -34
155 -39
156 -16
157 -38
158 -39
159 -38
160 -34
161 -33
162 -33
163 -13
164 -33
165 -38
166 -39
167 -33
168 -16
169 -38
170 -34
171 -12
172 -33
173 -39
174 -38
175 -39
176 -34
177 -50
178 -39
179 -38
180 -33
181 -2072
182 -38
183 -13
184 -39
185 -29
186 -35
187 -12
188 -34
189 -13
190 -33
191 -34
192 -34
193 -38
194 -34
195 -13
196 -49
197 -33
198 -34
199 -33
200 -33
201 -39
202 -38
203 -38
204 -34
205 -38
206 -34
207 -44
208 -38
209 -34
210 -12
211 -39
212 -34
213 -34
214 -16
215 -39
216 -34
217 -12
218 -36
219 -39
220 -34
221 -34
222 -33
223 -16
224 -34
225 -13
226 -16
227 -34
228 -16
229 -38
230 -34
231 -16
232 -38
233 -33
234 -38
235 -30
236 -34
237 -16
238 -38
239 -34
240 -39
241 -39
242 -34
243 -34
244 -33
245 -40
246 -39
247 -17
248 -34
249 -39
250 -33
251 -39
252 -38
253 -34
254 -39
255 -34
256 -38
257 -38
258 -39
259 -38
260 -33
261 -39
262 -38
263 -12
264 -38
265 -38
266 -34
267 -16
268 -38
269 -16
270 -16
271 -12
272 -33
273 -33
274 -34
275 -38
276 -25
277 -39
278 -38
279 -34
280 -34
281 -33
282 -33
283 -33
284 -33
285 -39
286 -38
287 -39
288 -34
289 -33
290 -33
291 -33
292 -38
293 -34
294 -38
295 -33
296 -13
297 -13
298 -39
299 -38
300 -38
301 -38
302 -33
303 -38
304 -16
305 -38
306 -34
307 -39
308 -33
309 -57
310 -34
311 -34
312 -39
313 -12
314 -39
315 -33
316 -33
317 -16
318 -13
319 -39
320 -39
321 -39
322 -39
323 -38
324 -38
325 -33
326 -38
327 -38
328 -39
329 -38
330 -12
331 -39
332 -39
333 -39
334 -33
335 -38
336 -38
337 -34
338 -33
339 -33
340 -34
341 -12
342 -12
343 -33
344 -39
345 -39
346 -16
347 -39
348 -38
349 -33
350 -39
351 -39
352 -33
353 -33
354 -12
355 -12
356 -16
357 -38
358 -38
359 -12
360 -38
361 -38
362 -2226
363 -38
364 -16
365 -38
366 -13
367 -33
368 -34
369 -16
370 -26
371 -39
372 -33
373 -13
374 -34
375 -34
376 -34
377 -38
378 -33
379 -12
380 -34
381 -34
382 -34
383 -34
384 -38
385 -38
386 -16
387 -39
388 -13
389 -42
390 -12
391 -46
392 -38
393 -38
394 -37
395 -16
396 -33
397 -39
398 -33
399 -38
400 -33
401 -38
402 -39
403 -38
404 -38
405 -16
406 -38
407 -33
408 -39
409 -39
410 -16
411 -38
412 -33
413 -16
414 -12
415 -33
416 -38
417 -38
418 -33
419 -39
420 -39
421 -16
422 -39
423 -38
424 -33
425 -39
426 -476
427 -12
428 -38
429 -12
430 -16
431 -39
432 -34
433 -38
434 -16
435 -33
436 -33
437 -34
438 -16
439 -33
440 -34
441 -33
442 -39
443 -38
444 -13
445 -211
446 -33
447 -16
448 -42
449 -34
450 -38
451 -33
452 -33
453 -39
454 -38
455 -38
456 -33
457 -39
458 -33
459 -33
460 -12
461 -33
462 -38
463 -12
464 -34
465 -33
466 -34
467 -12
468 -34
469 -64
470 -33
471 -38
472 -38
473 -33
474 -39
475 -38
476 -33
477 -16
478 -34
479 -13
480 -34
481 -16
482 -34
483 -34
484 -57
485 -33
486 -16
487 -34
488 -38
489 -32
490 -34
491 -34
492 -39
493 -34
494 -34
495 -33
496 -16
497 -16
498 -38
499 -33
500 -39
501 -39
502 -45
503 -33
504 -34
505 -33
506 -39
507 -34
508 -33
509 -39
510 -39
511 -289
512 -38
513 -52
514 -16
515 -34
516 -34
517 -33
518 -39
519 -16
520 -38
521 -38
522 -38
523 -47
524 -38
525 -38
526 -33
527 -33
528 -34
529 -12
530 -38
531 -33
532 -33
533 -33
534 -33
535 -33
536 -34
537 -33
538 -39
539 -38
540 -16
541 -34
542 -34
543 -39
544 -38
545 -39
546 -16
547 -34
548 -33
549 -34
550 -39
551 -34
552 -33
553 -16
554 -39
555 -33
556 -38
557 -38
558 -33
559 -39
560 -33
561 -34
562 -33
563 -16
564 -38
565 -38
566 -33
567 -34
568 -33
569 -34
570 -33
571 -16
572 -34
573 -38
574 -33
575 -38
576 -39
577 -3502
578 -34
579 -39
580 -50
581 -33
582 -34
583 -12
584 -16
585 -39
586 -16
587 -38
588 -16
589 -33
590 -33
591 -39
592 -34
593 -16
594 -39
595 -16
596 -38
597 -39
598 -39
599 -34
600 -39
601 -38
602 -34
603 -34
604 -39
605 -38
606 -38
607 -12
608 -38
609 -33
610 -39
611 -39
612 -33
613 -34
614 -38
615 -33
616 -39
617 -39
618 -12
619 -16
620 -34
621 -38
622 -33
623 -34
624 -33
625 -33
626 -16
627 -33
628 -39
629 -12
630 -33
631 -12
632 -34
633 -34
634 -39
635 -38
636 -16
637 -34
638 -39
639 -39
640 -39
641 -39
642 -16
643 -39
644 -38
645 -38
646 -39
647 -33
648 -12
649 -33
650 -34
651 -38
652 -34
653 -34
654 -39
655 -34
656 -33
657 -39
658 -12
659 -38
660 -34
661 -38
662 -39
663 -12
664 -33
665 -16
666 -12
667 -16
668 -38
669 -34
670 -39
671 -33
672 -5216
673 -16
674 -34
675 -33
676 -38
677 -33
678 -38
679 -39
680 -33
681 -33
682 -16
683 -34
684 -13
685 -13
686 -12
687 -33
688 -16
689 -34
690 -38
691 -38
692 -38
693 -33
694 -16
695 -38
696 -39
697 -38
698 -34
699 -38
700 -16
701 -39
702 -34
703 -34
704 -38
705 -34
706 -38
707 -12
708 -39
709 -16
710 -33
711 -33
712 -39
713 -12
714 -33
715 -34
716 -39
717 -38
718 -38
719 -33
720 -38
721 -16
722 -16
723 -16
724 -39
725 -42
726 -39
727 -33
728 -39
729 -33
730 -39
731 -16
732 -34
733 -33
734 -38
735 -38
736 -33
737 -16
738 -39
739 -16
740 -16
741 -38
742 -38
743 -16
744 -38
745 -34
746 -16
747 -39
748 -38
749 -26
750 -53
751 -27
752 -12
753 -39
754 -39
755 -33
756 -39
757 -33
758 -16
759 -33
760 -39
761 -34
762 -34
763 -39
764 -16
765 -33
766 -39
767 -38
768 -16
769 -34
770 -37
771 -33
772 -38
773 -39
774 -12
775 -34
776 -40
777 -12
778 -38
779 -39
780 -38
781 -34
782 -38
783 -33
784 -33
785 -38
786 -33
787 -38
788 -34
789 -39
790 -16
791 -12
792 -34
793 -34
794 -12
795 -38
796 -33
797 -33
798 -16
799 -33
800 -34
801 -33
802 -39
803 -29
804 -16
805 -34
806 -16
807 -16
808 -39
809 -34
810 -56
811 -34
812 -34
813 -16
814 -33
815 -899
816 -39
817 -12
818 -38
819 -38
820 -39
821 -34
822 -38
823 -37
824 -38
825 -34
826 -33
827 -33
828 -34
829 -25
830 -33
831 -33
832 -33
833 -38
834 -34
835 -38
836 -38
837 -16
838 -34
839 -1633
840 -39
841 -38
842 -16
843 -41
844 -33
845 -37
846 -38
847 -33
848 -12
849 -34
850 -38
851 -12
852 -12
853 -12
854 -39
855 -33
856 -39
857 -16
858 -12
859 -39
860 -16
861 -38
862 -16
863 -33
864 -39
865 -12
866 -16
867 -33
868 -33
869 -38
870 -39
871 -38
872 -39
873 -38
874 -34
875 -30
876 -38
877 -39
878 -34
879 -12
880 -33
881 -38
882 -39
883 -39
884 -34
885 -16
886 -39
887 -33
888 -33
889 -33
890 -16
891 -33
892 -33
893 -39
894 -38
895 -20
896 -33
897 -39
898 -33
899 -12
900 -34
901 -39
902 -38
903 -5897
904 -34
905 -33
906 -39
907 -34
908 -34
909 -38
910 -16
911 -34
912 -39
913 -16
914 -38
915 -12
916 -39
917 -39
918 -33
919 -12
920 -38
921 -16
922 -12
923 -39
924 -38
925 -38
926 -39
927 -13
928 -38
929 -39
930 -38
931 -27
932 -34
933 -39
934 -13
935 -39
936 -34
937 -39
938 -16
939 -38
940 -13
941 -12
942 -36
943 -33
944 -16
945 -16
946 -33
947 -38
948 -33
949 -12
950 -34
951 -34
952 -34
953 -39
954 -34
955 -33
956 -12
957 -38
958 -38
959 -39
960 -39
961 -16
962 -38
963 -38
964 -39
965 -39
966 -34
967 -34
968 -16
969 -38
970 -38
971 -33
972 -34
973 -38
974 -33
975 -34
976 -34
977 -38
978 -34
979 -38
980 -38
981 -12
982 -38
983 -16
984 -12
985 -53
986 -16
987 -34
988 -36
989 -13
990 -34
991 -38
992 -40
993 -34
994 -16
995 -39
996 -33
997 -16
998 -38
999 -39
