0 -39
1 -33
2 -38
3 -34
4 -34
5 -38
6 -38
7 -34
8 -39
9 -38
10 -34
11 -38
12 -38
13 -12
14 -39
15 -38
16 -38
17 -33
18 -12
19 -39
20 -39
21 -54
22 -34
23 -12
24 -34
25 -38
26 -38
27 -33
28 -34
29 -12
30 -34
31 -39
32 -39
33 -50
34 -34
35 -12
36 -38
37 -38
38 -39
39 -12
40 -39
41 -39
42 -39
43 -34
44 -33
45 -39
46 -34
47 -12
48 -34
49 -38
50 -33
51 -12
52 -39
53 -39
54 -34
55 -39
56 -33
57 -38
58 -33
59 -33
60 -12
61 -38
62 -33
63 -39
64 -38
65 -38
66 -33
67 -12
68 -39
69 -38
70 -75
71 -39
72 -38
73 -33
74 -33
75 -38
76 -38
77 -33
78 -12
79 -12
80 -34
81 -12
82 -39
83 -39
84 -38
85 -34
86 -45
87 -12
88 -39
89 -12
90 -38
91 -33
92 -12
93 -12
94 -34
95 -34
96 -33
97 -38
98 -38
99 -12
100 -33
101 -33
102 -33
103 -12
104 -33
105 -33
106 -34
107 -33
108 -33
109 -38
110 -39
111 -33
112 -34
113 -39
114 -33
115 -39
116 -34
117 -38
118 -33
119 -44
120 -33
121 -34
122 -39
123 -12
124 -12
125 -33
126 -38
127 -34
128 -39
129 -39
130 -38
131 -12
132 -34
133 -38
134 -34
135 -33
136 -12
137 -12
138 -38
139 -39
140 -34
141 -192
142 -34
143 -33
144 -34
145 -12
146 -34
147 -33
148 -12
149 -34
150 -33
151 -12
152 -12
153 -12
154 -12
155 -12
156 -4069
157 -38
158 -33
159 -34
160 -34
161 -34
162 -39
163 -12
164 -39
165 -38
166 -46
167 -39
168 -34
169 -33
170 -38
171 -12
172 -12
173 -33
174 -38
175 -33
176 -12
177 -12
178 -38
179 -12
180 -39
181 -33
182 -34
183 -2498
184 -12
185 -38
186 -34
187 -34
188 -34
189 -12
190 -39
191 -38
192 -34
193 -33
194 -33
195 -34
196 -33
197 -12
198 -33
199 -33
200 -12
201 -33
202 -34
203 -38
204 -38
205 -34
206 -12
207 -12
208 -35
209 -46
210 -33
211 -39
212 -12
213 -38
214 -34
215 -34
216 -39
217 -39
218 -39
219 -34
220 -12
221 -33
222 -33
223 -12
224 -39
225 -38
226 -12
227 -38
228 -12
229 -12
230 -34
231 -39
232 -39
233 -34
234 -39
235 -34
236 -34
237 -33
238 -38
239 -39
240 -42
241 -33
242 -39
243 -34
244 -34
245 -34
246 -33
247 -39
248 -38
249 -34
250 -34
251 -12
252 -38
253 -38
254 -12
255 -39
256 -43
257 -26
258 -34
259 -33
260 -12
261 -39
262 -38
263 -39
264 -38
265 -12
266 -38
267 -34
268 -53
269 -34
270 -39
271 -33
272 -12
273 -34
274 -12
275 -34
276 -38
277 -37
278 -34
279 -38
280 -38
281 -12
282 -34
283 -12
284 -34
285 -33
286 -34
287 -34
288 -33
289 -34
290 -38
291 -38
292 -33
293 -38
294 -39
295 -30
296 -33
297 -12
298 -38
299 -12
300 -33
301 -33
302 -12
303 -38
304 -33
305 -38
306 -12
307 -12
308 -34
309 -12
310 -12
311 -33
312 -34
313 -34
314 -34
315 -33
316 -39
317 -38
318 -12
319 -39
320 -38
321 -39
322 -43
323 -38
324 -34
325 -71
326 -12
327 -39
328 -34
329 -38
330 -39
331 -66
332 -34
333 -34
334 -34
335 -34
336 -34
337 -33
338 -12
339 -38
340 -39
341 -24
342 -39
343 -30
344 -38
345 -33
346 -12
347 -33
348 -39
349 -33
350 -39
351 -48
352 -39
353 -33
354 -38
355 -34
356 -38
357 -12
358 -12
359 -34
360 -39
361 -34
362 -12
363 -38
364 -33
365 -12
366 -39
367 -38
368 -33
369 -39
370 -44
371 -38
372 -33
373 -38
374 -33
375 -38
376 -12
377 -34
378 -38
379 -38
380 -12
381 -38
382 -12
383 -39
384 -38
385 -39
386 -33
387 -33
388 -39
389 -34
390 -39
391 -33
392 -33
393 -12
394 -34
395 -12
396 -39
397 -38
398 -34
399 -12
400 -33
401 -12
402 -12
403 -39
404 -12
405 -12
406 -38
407 -12
408 -33
409 -34
410 -39
411 -34
412 -38
413 -33
414 -34
415 -39
416 -33
417 -39
418 -33
419 -39
420 -34
421 -34
422 -34
423 -39
424 -33
425 -33
426 -39
427 -38
428 -38
429 -39
430 -38
431 -12
432 -38
433 -38
434 -12
435 -12
436 -33
437 -12
438 -34
439 -34
440 -34
441 -43
442 -39
443 -39
444 -39
445 -38
446 -33
447 -34
448 -38
449 -33
450 -39
451 -12
452 -34
453 -21
454 -12
455 -38
456 -12
457 -33
458 -38
459 -38
460 -34
461 -12
462 -33
463 -38
464 -34
465 -29
466 -38
467 -34
468 -39
469 -12
470 -29
471 -33
472 -12
473 -39
474 -34
475 -38
476 -12
477 -34
478 -34
479 -12
480 -33
481 -38
482 -39
483 -33
484 -33
485 -34
486 -33
487 -38
488 -38
489 -34
490 -34
491 -33
492 -38
493 -33
494 -33
495 -37
496 -33
497 -12
498 -33
499 -34
500 -37
501 -34
502 -117
503 -39
504 -39
505 -38
506 -34
507 -39
508 -38
509 -39
510 -39
511 -39
512 -34
513 -39
514 -34
515 -33
516 -33
517 -38
518 -39
519 -39
520 -316
521 -397
522 -12
523 -34
524 -38
525 -38
526 -33
527 -12
528 -12
529 -38
530 -38
531 -38
532 -38
533 -34
534 -33
535 -34
536 -12
537 -34
538 -34
539 -33
540 -39
541 -34
542 -33
543 -39
544 -56
545 -34
546 -12
547 -33
548 -33
549 -38
550 -39
551 -39
552 -34
553 -38
554 -33
555 -38
556 -34
557 -12
558 -39
559 -34
560 -12
561 -33
562 -39
563 -34
564 -33
565 -34
566 -38
567 -33
568 -12
569 -39
570 -39
571 -12
572 -39
573 -39
574 -39
575 -39
576 -333
577 -39
578 -38
579 -12
580 -38
581 -38
582 -38
583 -39
584 -33
585 -38
586 -34
587 -39
588 -38
589 -39
590 -38
591 -12
592 -39
593 -12
594 -12
595 -12
596 -39
597 -34
598 -33
599 -27
600 -38
601 -71
602 -38
603 -38
604 -34
605 -45
606 -38
607 -34
608 -34
609 -12
610 -12
611 -39
612 -12
613 -34
614 -34
615 -12
616 -39
617 -38
618 -12
619 -33
620 -34
621 -34
622 -38
623 -38
624 -38
625 -34
626 -12
627 -34
628 -38
629 -39
630 -34
631 -33
632 -12
633 -38
634 -34
635 -33
636 -39
637 -38
638 -12
639 -38
640 -12
641 -38
642 -33
643 -12
644 -12
645 -39
646 -38
647 -34
648 -39
649 -33
650 -38
651 -45
652 -33
653 -39
654 -34
655 -12
656 -33
657 -39
658 -12
659 -34
660 -39
661 -34
662 -12
663 -12
664 -12
665 -12
666 -34
667 -12
668 -34
669 -38
670 -12
671 -34
672 -12
673 -34
674 -33
675 -33
676 -38
677 -33
678 -38
679 -12
680 -34
681 -12
682 -12
683 -33
684 -39
685 -34
686 -35
687 -34
688 -38
689 -34
690 -38
691 -34
692 -34
693 -34
694 -39
695 -12
696 -39
697 -38
698 -38
699 -12
700 -38
701 -33
702 -34
703 -12
704 -12
705 -30
706 -39
707 -12
708 -39
709 -39
710 -38
711 -12
712 -39
713 -33
714 -38
715 -21
716 -34
717 -38
718 -39
719 -39
720 -38
721 -1095
722 -12
723 -33
724 -12
725 -12
726 -26
727 -33
728 -33
729 -12
730 -39
731 -34
732 -33
733 -34
734 -38
735 -12
736 -38
737 -13
738 -66
739 -12
740 -34
741 -34
742 -12
743 -33
744 -38
745 -39
746 -33
747 -38
748 -39
749 -34
750 -34
751 -38
752 -38
753 -12
754 -38
755 -39
756 -39
757 -38
758 -39
759 -12
760 -25
761 -37
762 -12
763 -34
764 -33
765 -12
766 -34
767 -12
768 -34
769 -34
770 -40
771 -34
772 -39
773 -38
774 -42
775 -33
776 -34
777 -39
778 -33
779 -34
780 -39
781 -12
782 -38
783 -33
784 -38
785 -38
786 -12
787 -33
788 -39
789 -39
790 -38
791 -39
792 -39
793 -39
794 -38
795 -39
796 -39
797 -38
798 -17
799 -33
800 -39
801 -39
802 -33
803 -38
804 -33
805 -34
806 -34
807 -40
808 -39
809 -40
810 -54
811 -33
812 -33
813 -39
814 -38
815 -34
816 -39
817 -38
818 -34
819 -33
820 -38
821 -34
822 -33
823 -39
824 -12
825 -12
826 -38
827 -22
828 -35
829 -39
830 -12
831 -12
832 -12
833 -34
834 -39
835 -39
836 -12
837 -34
838 -30
839 -38
840 -39
841 -40
842 -12
843 -12
844 -35
845 -34
846 -39
847 -38
848 -33
849 -33
850 -12
851 -12
852 -33
853 -38
854 -50
855 -39
856 -12
857 -38
858 -39
859 -38
860 -39
861 -38
862 -12
863 -34
864 -39
865 -33
866 -36
867 -38
868 -33
869 -12
870 -39
871 -38
872 -34
873 -39
874 -34
875 -12
876 -39
877 -12
878 -33
879 -34
880 -34
881 -34
882 -39
883 -12
884 -33
885 -39
886 -39
887 -34
888 -40
889 -39
890 -33
891 -12
892 -12
893 -33
894 -39
895 -12
896 -34
897 -12
898 -33
899 -33
900 -12
901 -40
902 -38
903 -33
904 -12
905 -34
906 -33
907 -39
908 -34
909 -38
910 -33
911 -38
912 -47
913 -39
914 -33
915 -38
916 -33
917 -33
918 -34
919 -39
920 -38
921 -38
922 -12
923 -33
924 -33
925 -39
926 -38
927 -12
928 -33
929 -39
930 -12
931 -34
932 -34
933 -38
934 -34
935 -34
936 -49
937 -39
938 -39
939 -33
940 -12
941 -34
942 -39
943 -12
944 -39
945 -34
946 -42
947 -38
948 -34
949 -39
950 -12
951 -38
952 -38
953 -34
954 -34
955 -38
956 -35
957 -33
958 -39
959 -34
960 -33
961 -34
962 -33
963 -12
964 -12
965 -33
966 -34
967 -33
968 -34
969 -38
970 -33
971 -12
972 -12
973 -38
974 -39
975 -39
976 -12
977 -33
978 -34
979 -34
980 -34
981 -44
982 -38
983 -39
984 -30
985 -34
986 -12
987 -33
988 -34
989 -34
990 -38
991 -33
992 -39
993 -33
994 -39
995 -39
996 -33
997 -38
998 -44
999 -44
