0 -33
1 -38
2 -33
3 -38
4 -29
5 -33
6 -39
7 -12
8 -12
9 -34
10 -39
11 -38
12 -12
13 -38
14 -39
15 -38
16 -34
17 -12
18 -34
19 -33
20 -12
21 -12
22 -38
23 -33
24 -38
25 -38
26 -33
27 -12
28 -39
29 -34
30 -33
31 -12
32 -60
33 -44
34 -38
35 -38
36 -34
37 -33
38 -34
39 -39
40 -34
41 -12
42 -12
43 -33
44 -49
45 -38
46 -38
47 -38
48 -33
49 -34
50 -33
51 -39
52 -38
53 -38
54 -38
55 -33
56 -38
57 -34
58 -33
59 -12
60 -39
61 -12
62 -12
63 -38
64 -38
65 -33
66 -34
67 -33
68 -49
69 -38
70 -40
71 -12
72 -39
73 -39
74 -33
75 -34
76 -12
77 -33
78 -33
79 -12
80 -33
81 -12
82 -33
83 -43
84 -4821
85 -33
86 -34
87 -259
88 -33
89 -34
90 -39
91 -33
92 -34
93 -71
94 -39
95 -39
96 -39
97 -12
98 -39
99 -39
100 -33
101 -12
102 -38
103 -54
104 -39
105 -39
106 -12
107 -12
108 -38
109 -38
110 -34
111 -34
112 -12
113 -34
114 -33
115 -38
116 -34
117 -12
118 -34
119 -38
120 -33
121 -12
122 -38
123 -33
124 -13
125 -33
126 -39
127 -38
128 -38
129 -12
130 -34
131 -42
132 -12
133 -39
134 -39
135 -34
136 -33
137 -12
138 -33
139 -12
140 -12
141 -34
142 -33
143 -12
144 -39
145 -34
146 -39
147 -12
148 -12
149 -30
150 -12
151 -12
152 -39
153 -34
154 -33
155 -39
156 -38
157 -38
158 -34
159 -39
160 -38
161 -34
162 -48
163 -12
164 -38
165 -39
166 -33
167 -168
168 -34
169 -39
170 -39
171 -38
172 -34
173 -35
174 -39
175 -33
176 -39
177 -33
178 -34
179 -34
180 -33
181 -35
182 -34
183 -33
184 -38
185 -39
186 -33
187 -39
188 -38
189 -39
190 -33
191 -39
192 -34
193 -34
194 -12
195 -38
196 -33
197 -38
198 -12
199 -33
200 -38
201 -34
202 -12
203 -34
204 -39
205 -34
206 -33
207 -33
208 -33
209 -39
210 -39
211 -39
212 -39
213 -39
214 -34
215 -12
216 -38
217 -17
218 -38
219 -34
220 -12
221 -39
222 -33
223 -39
224 -33
225 -121
226 -34
227 -38
228 -34
229 -33
230 -39
231 -33
232 -20
233 -39
234 -34
235 -39
236 -33
237 -38
238 -12
239 -38
240 -38
241 -39
242 -12
243 -34
244 -43
245 -12
246 -39
247 -34
248 -39
249 -12
250 -33
251 -39
252 -39
253 -38
254 -34
255 -38
256 -42
257 -12
258 -62
259 -39
260 -34
261 -38
262 -33
263 -34
264 -33
265 -48
266 -12
267 -39
268 -12
269 -38
270 -38
271 -33
272 -34
273 -33
274 -33
275 -39
276 -39
277 -33
278 -39
279 -34
280 -38
281 -39
282 -34
283 -38
284 -34
285 -34
286 -39
287 -34
288 -12
289 -12
290 -12
291 -39
292 -38
293 -33
294 -33
295 -38
296 -33
297 -38
298 -33
299 -34
300 -38
301 -33
302 -12
303 -39
304 -34
305 -33
306 -38
307 -34
308 -39
309 -38
310 -12
311 -34
312 -33
313 -39
314 -33
315 -39
316 -21
317 -33
318 -48
319 -34
320 -34
321 -12
322 -39
323 -40
324 -33
325 -39
326 -38
327 -34
328 -39
329 -33
330 -39
331 -41
332 -34
333 -33
334 -38
335 -33
336 -33
337 -39
338 -39
339 -33
340 -38
341 -38
342 -33
343 -39
344 -38
345 -33
346 -38
347 -12
348 -39
349 -34
350 -33
351 -39
352 -39
353 -33
354 -34
355 -39
356 -35
357 -12
358 -12
359 -12
360 -33
361 -27
362 -12
363 -39
364 -39
365 -12
366 -33
367 -12
368 -34
369 -34
370 -12
371 -34
372 -33
373 -39
374 -33
375 -38
376 -34
377 -33
378 -12
379 -38
380 -12
381 -39
382 -39
383 -34
384 -33
385 -12
386 -33
387 -34
388 -12
389 -34
390 -12
391 -12
392 -12
393 -39
394 -43
395 -33
396 -38
397 -39
398 -39
399 -38
400 -12
401 -12
402 -33
403 -33
404 -39
405 -33
406 -33
407 -34
408 -12
409 -12
410 -12
411 -39
412 -26
413 -38
414 -12
415 -38
416 -30
417 -54
418 -12
419 -34
420 -39
421 -12
422 -40
423 -1010
424 -12
425 -34
426 -38
427 -39
428 -34
429 -39
430 -38
431 -34
432 -12
433 -38
434 -38
435 -49
436 -38
437 -39
438 -34
439 -12
440 -12
441 -12
442 -30
443 -33
444 -38
445 -39
446 -34
447 -39
448 -33
449 -39
450 -34
451 -38
452 -33
453 -39
454 -12
455 -34
456 -12
457 -33
458 -33
459 -34
460 -38
461 -34
462 -38
463 -12
464 -34
465 -38
466 -34
467 -39
468 -12
469 -33
470 -39
471 -12
472 -12
473 -37
474 -38
475 -38
476 -39
477 -12
478 -39
479 -34
480 -34
481 -34
482 -13
483 -34
484 -39
485 -38
486 -39
487 -33
488 -12
489 -39
490 -34
491 -38
492 -39
493 -39
494 -39
495 -39
496 -39
497 -34
498 -33
499 -49
500 -34
501 -34
502 -33
503 -33
504 -12
505 -39
506 -39
507 -38
508 -12
509 -39
510 -12
511 -34
512 -33
513 -29
514 -39
515 -12
516 -51
517 -39
518 -12
519 -39
520 -38
521 -12
522 -38
523 -38
524 -34
525 -12
526 -38
527 -38
528 -12
529 -33
530 -12
531 -34
532 -28
533 -34
534 -12
535 -33
536 -49
537 -34
538 -34
539 -39
540 -38
541 -39
542 -38
543 -38
544 -33
545 -12
546 -39
547 -33
548 -12
549 -34
550 -34
551 -34
552 -38
553 -34
554 -39
555 -39
556 -39
557 -38
558 -33
559 -12
560 -34
561 -39
562 -39
563 -62
564 -30
565 -39
566 -34
567 -39
568 -30
569 -38
570 -34
571 -33
572 -39
573 -33
574 -33
575 -38
576 -38
577 -34
578 -34
579 -12
580 -39
581 -39
582 -34
583 -12
584 -12
585 -38
586 -38
587 -39
588 -38
589 -33
590 -38
591 -38
592 -33
593 -38
594 -38
595 -33
596 -33
597 -34
598 -33
599 -35
600 -12
601 -38
602 -12
603 -34
604 -38
605 -12
606 -39
607 -33
608 -12
609 -34
610 -33
611 -34
612 -39
613 -39
614 -12
615 -12
616 -33
617 -34
618 -34
619 -12
620 -39
621 -34
622 -33
623 -12
624 -34
625 -12
626 -12
627 -34
628 -33
629 -39
630 -34
631 -39
632 -12
633 -38
634 -33
635 -30
636 -33
637 -39
638 -33
639 -38
640 -12
641 -12
642 -33
643 -38
644 -38
645 -38
646 -34
647 -38
648 -39
649 -12
650 -34
651 -33
652 -33
653 -12
654 -12
655 -39
656 -44
657 -39
658 -12
659 -34
660 -38
661 -38
662 -34
663 -39
664 -38
665 -12
666 -12
667 -12
668 -39
669 -34
670 -12
671 -33
672 -39
673 -33
674 -33
675 -34
676 -39
677 -33
678 -12
679 -38
680 -34
681 -38
682 -39
683 -38
684 -12
685 -12
686 -34
687 -34
688 -33
689 -33
690 -38
691 -39
692 -39
693 -38
694 -33
695 -33
696 -1169
697 -34
698 -12
699 -43
700 -34
701 -30
702 -39
703 -33
704 -34
705 -33
706 -33
707 -34
708 -12
709 -38
710 -39
711 -12
712 -34
713 -12
714 -12
715 -38
716 -33
717 -44
718 -34
719 -45
720 -39
721 -34
722 -39
723 -39
724 -12
725 -38
726 -38
727 -33
728 -12
729 -35
730 -34
731 -39
732 -39
733 -38
734 -43
735 -33
736 -34
737 -38
738 -12
739 -38
740 -34
741 -12
742 -33
743 -34
744 -12
745 -39
746 -12
747 -12
748 -33
749 -34
750 -38
751 -34
752 -45
753 -39
754 -33
755 -39
756 -12
757 -33
758 -38
759 -33
760 -38
761 -38
762 -39
763 -33
764 -39
765 -12
766 -38
767 -39
768 -33
769 -34
770 -33
771 -34
772 -39
773 -12
774 -34
775 -33
776 -38
777 -38
778 -38
779 -34
780 -33
781 -33
782 -12
783 -12
784 -38
785 -34
786 -12
787 -34
788 -27
789 -30
790 -38
791 -39
792 -38
793 -34
794 -12
795 -39
796 -39
797 -39
798 -12
799 -34
800 -42
801 -34
802 -34
803 -34
804 -34
805 -39
806 -39
807 -33
808 -33
809 -34
810 -34
811 -33
812 -47
813 -33
814 -12
815 -39
816 -34
817 -12
818 -33
819 -12
820 -39
821 -34
822 -39
823 -38
824 -34
825 -38
826 -34
827 -39
828 -38
829 -34
830 -38
831 -34
832 -38
833 -39
834 -34
835 -33
836 -34
837 -38
838 -34
839 -33
840 -33
841 -38
842 -38
843 -33
844 -12
845 -12
846 -38
847 -33
848 -33
849 -39
850 -38
851 -39
852 -34
853 -34
854 -12
855 -39
856 -33
857 -39
858 -12
859 -34
860 -15
861 -39
862 -33
863 -34
864 -33
865 -34
866 -34
867 -33
868 -38
869 -39
870 -33
871 -34
872 -34
873 -33
874 -33
875 -38
876 -12
877 -38
878 -12
879 -38
880 -39
881 -38
882 -34
883 -39
884 -38
885 -33
886 -35
887 -12
888 -34
889 -33
890 -12
891 -33
892 -30
893 -38
894 -39
895 -34
896 -33
897 -12
898 -39
899 -34
900 -12
901 -33
902 -34
903 -33
904 -40
905 -34
906 -39
907 -38
908 -34
909 -47
910 -33
911 -39
912 -34
913 -39
914 -39
915 -12
916 -12
917 -33
918 -33
919 -34
920 -34
921 -39
922 -39
923 -33
924 -12
925 -33
926 -34
927 -39
928 -34
929 -12
930 -12
931 -12
932 -34
933 -12
934 -34
935 -39
936 -33
937 -33
938 -38
939 -33
940 -33
941 -34
942 -12
943 -33
944 -34
945 -39
946 -39
947 -38
948 -33
949 -12
950 -38
951 -38
952 -27
953 -34
954 -49
955 -34
956 -38
957 -33
958 -39
959 -42
960 -38
961 -68
962 -34
963 -35
964 -33
965 -33
966 -33
967 -12
968 -33
969 -34
970 -38
971 -39
972 -12
973 -38
974 -39
975 -38
976 -33
977 -12
978 -39
979 -39
980 -30
981 -33
982 -34
983 -39
984 -34
985 -33
986 -12
987 -33
988 -34
989 -34
990 -34
991 -12
992 -12
993 -12
994 -34
995 -39
996 -25
997 -39
998 -34
999 -34
