0 -34
1 -33
2 -38
3 -38
4 -38
5 -12
6 -39
7 -39
8 -39
9 -34
10 -33
11 -39
12 -34
13 -39
14 -12
15 -34
16 -12
17 -33
18 -39
19 -38
20 -12
21 -12
22 -33
23 -33
24 -34
25 -26
26 -38
27 -12
28 -38
29 -38
30 -39
31 -12
32 -34
33 -33
34 -38
35 -34
36 -34
37 -39
38 -33
39 -12
40 -34
41 -39
42 -33
43 -39
44 -34
45 -30
46 -12
47 -33
48 -33
49 -12
50 -39
51 -35
52 -34
53 -33
54 -12
55 -39
56 -12
57 -39
58 -34
59 -38
60 -42
61 -34
62 -33
63 -39
64 -33
65 -12
66 -39
67 -38
68 -33
69 -34
70 -33
71 -34
72 -33
73 -38
74 -39
75 -38
76 -33
77 -34
78 -33
79 -39
80 -38
81 -667
82 -34
83 -38
84 -38
85 -38
86 -34
87 -12
88 -38
89 -12
90 -34
91 -34
92 -34
93 -38
94 -53
95 -38
96 -39
97 -39
98 -34
99 -38
100 -38
101 -38
102 -33
103 -12
104 -39
105 -39
106 -12
107 -39
108 -34
109 -34
110 -34
111 -34
112 -33
113 -38
114 -34
115 -38
116 -12
117 -33
118 -12
119 -33
120 -12
121 -33
122 -39
123 -12
124 -38
125 -34
126 -39
127 -34
128 -12
129 -38
130 -35
131 -33
132 -39
133 -33
134 -12
135 -34
136 -12
137 -33
138 -39
139 -33
140 -12
141 -34
142 -39
143 -34
144 -34
145 -33
146 -39
147 -34
148 -33
149 -12
150 -33
151 -12
152 -38
153 -39
154 -33
155 -12
156 -33
157 -12
158 -38
159 -34
160 -39
161 -39
162 -38
163 -30
164 -39
165 -34
166 -33
167 -33
168 -12
169 -29
170 -33
171 -38
172 -33
173 -33
174 -33
175 -34
176 -38
177 -38
178 -12
179 -27
180 -12
181 -12
182 -33
183 -39
184 -34
185 -33
186 -33
187 -12
188 -34
189 -38
190 -38
191 -39
192 -12
193 -12
194 -37
195 -34
196 -12
197 -75
198 -12
199 -33
200 -38
201 -38
202 -38
203 -38
204 -38
205 -12
206 -34
207 -39
208 -12
209 -12
210 -33
211 -38
212 -38
213 -38
214 -12
215 -52
216 -39
217 -28
218 -29
219 -39
220 -38
221 -33
222 -12
223 -34
224 -39
225 -33
226 -12
227 -53
228 -13
229 -33
230 -34
231 -12
232 -39
233 -39
234 -33
235 -34
236 -12
237 -39
238 -12
239 -39
240 -39
241 -45
242 -12
243 -33
244 -12
245 -33
246 -38
247 -38
248 -34
249 -50
250 -39
251 -33
252 -34
253 -39
254 -39
255 -12
256 -33
257 -39
258 -39
259 -39
260 -38
261 -39
262 -33
263 -12
264 -33
265 -33
266 -39
267 -38
268 -39
269 -34
270 -33
271 -33
272 -34
273 -38
274 -34
275 -34
276 -38
277 -34
278 -38
279 -39
280 -38
281 -39
282 -34
283 -12
284 -38
285 -12
286 -12
287 -34
288 -33
289 -34
290 -12
291 -12
292 -33
293 -33
294 -31
295 -34
296 -39
297 -33
298 -38
299 -12
300 -39
301 -33
302 -38
303 -12
304 -33
305 -33
306 -38
307 -12
308 -12
309 -40
310 -38
311 -12
312 -33
313 -30
314 -12
315 -33
316 -493
317 -38
318 -38
319 -38
320 -38
321 -39
322 -39
323 -12
324 -39
325 -38
326 -12
327 -34
328 -38
329 -39
330 -39
331 -38
332 -33
333 -39
334 -39
335 -39
336 -12
337 -38
338 -34
339 -33
340 -38
341 -38
342 -34
343 -38
344 -39
345 -38
346 -33
347 -34
348 -34
349 -38
350 -39
351 -13
352 -39
353 -33
354 -33
355 -39
356 -12
357 -12
358 -48
359 -34
360 -39
361 -12
362 -34
363 -33
364 -38
365 -39
366 -12
367 -33
368 -12
369 -12
370 -34
371 -34
372 -38
373 -39
374 -34
375 -33
376 -32
377 -33
378 -33
379 -34
380 -33
381 -59
382 -38
383 -39
384 -33
385 -38
386 -38
387 -34
388 -38
389 -39
390 -38
391 -33
392 -33
393 -47
394 -33
395 -38
396 -33
397 -39
398 -39
399 -34
400 -33
401 -39
402 -34
403 -34
404 -12
405 -34
406 -12
407 -39
408 -33
409 -39
410 -34
411 -39
412 -34
413 -38
414 -38
415 -12
416 -34
417 -12
418 -39
419 -33
420 -12
421 -34
422 -12
423 -33
424 -39
425 -33
426 -38
427 -12
428 -38
429 -12
430 -33
431 -12
432 -33
433 -12
434 -33
435 -39
436 -33
437 -33
438 -39
439 -39
440 -34
441 -42
442 -34
443 -39
444 -12
445 -12
446 -34
447 -33
448 -33
449 -39
450 -33
451 -34
452 -39
453 -33
454 -38
455 -12
456 -38
457 -38
458 -33
459 -65
460 -12
461 -12
462 -33
463 -33
464 -39
465 -12
466 -39
467 -33
468 -38
469 -33
470 -12
471 -12
472 -38
473 -38
474 -34
475 -34
476 -39
477 -34
478 -39
479 -12
480 -39
481 -38
482 -33
483 -33
484 -34
485 -34
486 -38
487 -39
488 -39
489 -40
490 -39
491 -38
492 -34
493 -39
494 -34
495 -12
496 -38
497 -33
498 -34
499 -43
500 -38
501 -39
502 -39
503 -38
504 -39
505 -39
506 -39
507 -38
508 -12
509 -33
510 -12
511 -39
512 -39
513 -12
514 -56
515 -39
516 -34
517 -33
518 -39
519 -34
520 -12
521 -33
522 -38
523 -37
524 -12
525 -39
526 -38
527 -34
528 -12
529 -33
530 -34
531 -12
532 -33
533 -33
534 -39
535 -38
536 -12
537 -39
538 -39
539 -33
540 -34
541 -34
542 -38
543 -39
544 -34
545 -34
546 -39
547 -39
548 -12
549 -33
550 -34
551 -33
552 -38
553 -38
554 -12
555 -33
556 -38
557 -39
558 -29
559 -38
560 -12
561 -44
562 -33
563 -38
564 -12
565 -34
566 -33
567 -34
568 -34
569 -33
570 -33
571 -12
572 -12
573 -34
574 -33
575 -38
576 -33
577 -34
578 -12
579 -38
580 -38
581 -642
582 -39
583 -33
584 -39
585 -34
586 -33
587 -38
588 -33
589 -12
590 -35
591 -33
592 -34
593 -33
594 -38
595 -38
596 -12
597 -12
598 -38
599 -34
600 -33
601 -12
602 -34
603 -39
604 -31
605 -34
606 -34
607 -33
608 -39
609 -12
610 -12
611 -39
612 -39
613 -39
614 -38
615 -38
616 -38
617 -33
618 -34
619 -33
620 -12
621 -388
622 -33
623 -12
624 -34
625 -33
626 -33
627 -38
628 -34
629 -34
630 -34
631 -34
632 -33
633 -12
634 -33
635 -12
636 -33
637 -38
638 -34
639 -61
640 -18
641 -39
642 -39
643 -12
644 -38
645 -39
646 -33
647 -38
648 -39
649 -39
650 -12
651 -35
652 -12
653 -33
654 -34
655 -38
656 -33
657 -12
658 -12
659 -39
660 -39
661 -39
662 -33
663 -39
664 -38
665 -39
666 -33
667 -12
668 -33
669 -38
670 -38
671 -42
672 -33
673 -33
674 -39
675 -39
676 -39
677 -12
678 -34
679 -38
680 -34
681 -34
682 -12
683 -34
684 -50
685 -38
686 -38
687 -34
688 -34
689 -33
690 -39
691 -12
692 -33
693 -12
694 -33
695 -12
696 -33
697 -38
698 -33
699 -33
700 -39
701 -38
702 -33
703 -34
704 -38
705 -39
706 -33
707 -34
708 -39
709 -39
710 -39
711 -12
712 -12
713 -38
714 -12
715 -12
716 -34
717 -12
718 -33
719 -33
720 -33
721 -34
722 -34
723 -12
724 -34
725 -12
726 -39
727 -38
728 -33
729 -12
730 -38
731 -33
732 -24
733 -39
734 -38
735 -12
736 -12
737 -34
738 -38
739 -34
740 -12
741 -38
742 -33
743 -12
744 -39
745 -12
746 -34
747 -34
748 -12
749 -39
750 -12
751 -38
752 -34
753 -38
754 -38
755 -39
756 -38
757 -48
758 -38
759 -34
760 -33
761 -39
762 -38
763 -12
764 -39
765 -12
766 -34
767 -33
768 -39
769 -39
770 -37
771 -38
772 -12
773 -39
774 -34
775 -34
776 -38
777 -39
778 -12
779 -33
780 -39
781 -38
782 -33
783 -38
784 -39
785 -12
786 -38
787 -34
788 -33
789 -34
790 -34
791 -39
792 -45
793 -42
794 -38
795 -38
796 -33
797 -26
798 -39
799 -38
800 -34
801 -38
802 -12
803 -33
804 -38
805 -12
806 -39
807 -38
808 -12
809 -39
810 -39
811 -12
812 -34
813 -34
814 -33
815 -34
816 -33
817 -33
818 -34
819 -38
820 -12
821 -12
822 -25
823 -33
824 -33
825 -39
826 -38
827 -34
828 -34
829 -38
830 -35
831 -34
832 -12
833 -38
834 -34
835 -12
836 -12
837 -441
838 -38
839 -39
840 -12
841 -39
842 -39
843 -34
844 -38
845 -12
846 -39
847 -38
848 -39
849 -33
850 -39
851 -39
852 -38
853 -38
854 -34
855 -34
856 -12
857 -12
858 -34
859 -39
860 -12
861 -39
862 -34
863 -12
864 -34
865 -12
866 -38
867 -13
868 -39
869 -34
870 -34
871 -34
872 -38
873 -12
874 -38
875 -34
876 -12
877 -38
878 -34
879 -33
880 -38
881 -34
882 -12
883 -34
884 -33
885 -34
886 -38
887 -39
888 -39
889 -12
890 -33
891 -34
892 -39
893 -34
894 -33
895 -33
896 -39
897 -38
898 -33
899 -12
900 -33
901 -39
902 -12
903 -38
904 -39
905 -12
906 -38
907 -34
908 -12
909 -38
910 -33
911 -38
912 -38
913 -34
914 -39
915 -34
916 -39
917 -236
918 -33
919 -12
920 -1647
921 -33
922 -39
923 -34
924 -38
925 -39
926 -34
927 -39
928 -39
929 -38
930 -33
931 -39
932 -38
933 -72
934 -38
935 -38
936 -34
937 -33
938 -39
939 -38
940 -38
941 -34
942 -33
943 -33
944 -29
945 -38
946 -39
947 -12
948 -34
949 -12
950 -33
951 -33
952 -34
953 -33
954 -38
955 -12
956 -38
957 -31
958 -38
959 -12
960 -34
961 -34
962 -12
963 -39
964 -39
965 -38
966 -33
967 -12
968 -39
969 -38
970 -39
971 -12
972 -33
973 -13
974 -38
975 -26
976 -34
977 -33
978 -33
979 -12
980 -12
981 -33
982 -34
983 -12
984 -34
985 -33
986 -36
987 -33
988 -12
989 -38
990 -38
991 -38
992 -38
993 -38
994 -38
995 -33
996 -33
997 -39
998 -260
999 -33
