0 -11
1 -12
2 -13
3 -12
4 -13
5 -16
6 -10
7 -13
8 -10
9 -11
10 -11
11 -11
12 -12
13 -12
14 -14
15 -13
16 -13
17 -10
18 -10
19 -13
20 -16
21 -11
22 -13
23 -12
24 -13
25 -13
26 -11
27 -11
28 -11
29 -11
30 -13
31 -13
32 -13
33 -10
34 -12
35 -10
36 -11
37 -13
38 -12
39 -17
40 -13
41 -13
42 -13
43 -13
44 -12
45 -13
46 -13
47 -13
48 -12
49 -13
50 -13
51 -10
52 -13
53 -13
54 -12
55 -12
56 -12
57 -13
58 -12
59 -13
60 -12
61 -13
62 -13
63 -12
64 -13
65 -13
66 -15
67 -13
68 -12
69 -12
70 -10
71 -11
72 -13
73 -13
74 -10
75 -13
76 -13
77 -10
78 -13
79 -10
80 -12
81 -78
82 -13
83 -10
84 -11
85 -15
86 -12
87 -13
88 -19
89 -10
90 -13
91 -11
92 -10
93 -13
94 -11
95 -11
96 -13
97 -13
98 -13
99 -13
100 -13
101 -11
102 -11
103 -13
104 -11
105 -17
106 -13
107 -13
108 -13
109 -13
110 -13
111 -13
112 -10
113 -13
114 -13
115 -11
116 -11
117 -13
118 -11
119 -10
120 -10
121 -10
122 -10
123 -10
124 -11
125 -11
126 -12
127 -13
128 -13
129 -81
130 -11
131 -18
132 -10
133 -17
134 -12
135 -13
136 -13
137 -12
138 -13
139 -11
140 -13
141 -11
142 -12
143 -11
144 -11
145 -13
146 -13
147 -10
148 -13
149 -11
150 -11
151 -12
152 -12
153 -13
154 -13
155 -13
156 -11
157 -10
158 -13
159 -10
160 -10
161 -12
162 -10
163 -12
164 -12
165 -10
166 -12
167 -10
168 -13
169 -11
170 -10
171 -13
172 -10
173 -10
174 -12
175 -13
176 -11
177 -13
178 -11
179 -12
180 -13
181 -16
182 -12
183 -13
184 -13
185 -13
186 -11
187 -13
188 -13
189 -12
190 -12
191 -10
192 -13
193 -12
194 -11
195 -12
196 -12
197 -16
198 -13
199 -11
200 -12
201 -18
202 -11
203 -10
204 -13
205 -10
206 -13
207 -10
208 -11
209 -12
210 -13
211 -11
212 -11
213 -10
214 -13
215 -12
216 -10
217 -13
218 -15
219 -12
220 -11
221 -12
222 -11
223 -12
224 -13
225 -12
226 -11
227 -12
228 -12
229 -12
230 -10
231 -13
232 -10
233 -13
234 -12
235 -10
236 -11
237 -12
238 -12
239 -13
240 -13
241 -10
242 -11
243 -13
244 -13
245 -12
246 -11
247 -13
248 -13
249 -11
250 -13
251 -10
252 -11
253 -10
254 -13
255 -11
256 -13
257 -11
258 -12
259 -11
260 -11
261 -12
262 -13
263 -13
264 -11
265 -13
266 -12
267 -10
268 -12
269 -12
270 -11
271 -12
272 -12
273 -12
274 -10
275 -11
276 -11
277 -11
278 -10
279 -10
280 -10
281 -13
282 -12
283 -13
284 -13
285 -13
286 -11
287 -12
288 -13
289 -10
290 -10
291 -11
292 -12
293 -12
294 -10
295 -10
296 -46
297 -10
298 -10
299 -13
300 -11
301 -13
302 -10
303 -13
304 -11
305 -12
306 -10
307 -13
308 -13
309 -13
310 -12
311 -13
312 -10
313 -10
314 -13
315 -11
316 -10
317 -10
318 -13
319 -11
320 -13
321 -13
322 -13
323 -13
324 -10
325 -12
326 -12
327 -13
328 -20
329 -13
330 -13
331 -10
332 -12
333 -13
334 -10
335 -13
336 -13
337 -10
338 -10
339 -12
340 -16
341 -20
342 -11
343 -13
344 -11
345 -11
346 -10
347 -13
348 -11
349 -12
350 -11
351 -13
352 -13
353 -12
354 -13
355 -13
356 -11
357 -13
358 -13
359 -13
360 -11
361 -13
362 -13
363 -13
364 -11
365 -13
366 -13
367 -10
368 -13
369 -13
370 -13
371 -13
372 -11
373 -10
374 -12
375 -10
376 -10
377 -11
378 -12
379 -13
380 -10
381 -11
382 -10
383 -13
384 -13
385 -10
386 -10
387 -13
388 -12
389 -13
390 -13
391 -13
392 -13
393 -10
394 -12
395 -12
396 -11
397 -13
398 -11
399 -11
400 -13
401 -13
402 -10
403 -13
404 -13
405 -13
406 -12
407 -13
408 -17
409 -13
410 -13
411 -13
412 -12
413 -10
414 -12
415 -11
416 -10
417 -13
418 -11
419 -13
420 -12
421 -11
422 -13
423 -13
424 -13
425 -12
426 -12
427 -12
428 -11
429 -13
430 -13
431 -11
432 -10
433 -13
434 -12
435 -13
436 -13
437 -11
438 -13
439 -16
440 -11
441 -11
442 -11
443 -13
444 -11
445 -12
446 -13
447 -16
448 -12
449 -10
450 -11
451 -13
452 -12
453 -10
454 -13
455 -20
456 -11
457 -10
458 -11
459 -13
460 -13
461 -11
462 -13
463 -13
464 -12
465 -16
466 -11
467 -10
468 -13
469 -10
470 -17
471 -12
472 -13
473 -11
474 -13
475 -10
476 -10
477 -12
478 -13
479 -13
480 -11
481 -11
482 -10
483 -10
484 -10
485 -12
486 -13
487 -11
488 -10
489 -12
490 -13
491 -13
492 -10
493 -10
494 -13
495 -13
496 -10
497 -12
498 -13
499 -13
500 -17
501 -13
502 -11
503 -13
504 -11
505 -13
506 -13
507 -13
508 -12
509 -11
510 -13
511 -12
512 -15
513 -10
514 -10
515 -13
516 -13
517 -10
518 -11
519 -13
520 -13
521 -13
522 -13
523 -10
524 -10
525 -13
526 -12
527 -13
528 -13
529 -10
530 -13
531 -12
532 -11
533 -13
534 -12
535 -13
536 -12
537 -12
538 -13
539 -11
540 -12
541 -17
542 -16
543 -17
544 -13
545 -11
546 -10
547 -10
548 -11
549 -13
550 -10
551 -10
552 -11
553 -12
554 -10
555 -13
556 -10
557 -16
558 -11
559 -13
560 -10
561 -10
562 -12
563 -13
564 -11
565 -11
566 -13
567 -13
568 -14
569 -13
570 -11
571 -12
572 -11
573 -23
574 -10
575 -11
576 -11
577 -11
578 -12
579 -11
580 -12
581 -12
582 -11
583 -11
584 -10
585 -10
586 -13
587 -10
588 -12
589 -11
590 -12
591 -14
592 -13
593 -12
594 -12
595 -13
596 -17
597 -13
598 -13
599 -13
600 -11
601 -10
602 -13
603 -12
604 -10
605 -13
606 -11
607 -18
608 -13
609 -10
610 -13
611 -13
612 -11
613 -12
614 -12
615 -10
616 -10
617 -13
618 -13
619 -11
620 -13
621 -12
622 -13
623 -11
624 -13
625 -13
626 -12
627 -10
628 -12
629 -13
630 -12
631 -13
632 -12
633 -16
634 -11
635 -12
636 -11
637 -12
638 -13
639 -10
640 -12
641 -11
642 -13
643 -11
644 -11
645 -12
646 -13
647 -12
648 -12
649 -11
650 -12
651 -10
652 -13
653 -10
654 -13
655 -13
656 -11
657 -12
658 -13
659 -12
660 -11
661 -12
662 -18
663 -12
664 -13
665 -10
666 -10
667 -17
668 -11
669 -13
670 -13
671 -13
672 -12
673 -13
674 -10
675 -12
676 -10
677 -13
678 -13
679 -12
680 -12
681 -11
682 -10
683 -11
684 -9
685 -13
686 -13
687 -11
688 -12
689 -13
690 -13
691 -13
692 -13
693 -13
694 -10
695 -12
696 -17
697 -11
698 -11
699 -11
700 -12
701 -11
702 -12
703 -78
704 -10
705 -13
706 -11
707 -12
708 -13
709 -12
710 -13
711 -13
712 -13
713 -16
714 -12
715 -13
716 -13
717 -13
718 -10
719 -13
720 -10
721 -13
722 -10
723 -12
724 -12
725 -10
726 -13
727 -14
728 -10
729 -10
730 -10
731 -12
732 -13
733 -13
734 -10
735 -13
736 -11
737 -13
738 -17
739 -11
740 -13
741 -11
742 -18
743 -11
744 -13
745 -13
746 -12
747 -13
748 -13
749 -13
750 -13
751 -10
752 -11
753 -12
754 -13
755 -10
756 -11
757 -12
758 -11
759 -11
760 -13
761 -10
762 -13
763 -10
764 -10
765 -12
766 -13
767 -12
768 -13
769 -13
770 -12
771 -13
772 -10
773 -12
774 -13
775 -12
776 -10
777 -13
778 -13
779 -13
780 -11
781 -13
782 -13
783 -11
784 -11
785 -11
786 -12
787 -13
788 -12
789 -10
790 -10
791 -10
792 -12
793 -13
794 -12
795 -13
796 -11
797 -13
798 -11
799 -11
800 -13
801 -12
802 -13
803 -11
804 -13
805 -10
806 -12
807 -13
808 -11
809 -13
810 -13
811 -10
812 -11
813 -11
814 -11
815 -13
816 -12
817 -16
818 -13
819 -13
820 -12
821 -13
822 -13
823 -13
824 -13
825 -12
826 -10
827 -12
828 -10
829 -11
830 -10
831 -13
832 -12
833 -13
834 -16
835 -11
836 -12
837 -12
838 -12
839 -12
840 -13
841 -11
842 -13
843 -12
844 -10
845 -11
846 -13
847 -10
848 -11
849 -11
850 -13
851 -11
852 -13
853 -12
854 -10
855 -12
856 -11
857 -11
858 -12
859 -12
860 -13
861 -13
862 -12
863 -12
864 -10
865 -11
866 -12
867 -10
868 -13
869 -12
870 -12
871 -13
872 -11
873 -13
874 -10
875 -13
876 -13
877 -10
878 -10
879 -13
880 -11
881 -13
882 -11
883 -10
884 -13
885 -13
886 -11
887 -13
888 -13
889 -14
890 -12
891 -11
892 -51
893 -13
894 -11
895 -11
896 -10
897 -13
898 -11
899 -11
900 -10
901 -13
902 -13
903 -11
904 -11
905 -11
906 -10
907 -11
908 -11
909 -11
910 -13
911 -13
912 -16
913 -11
914 -12
915 -12
916 -12
917 -13
918 -12
919 -12
920 -12
921 -13
922 -12
923 -13
924 -12
925 -13
926 -13
927 -10
928 -13
929 -11
930 -11
931 -13
932 -13
933 -12
934 -13
935 -10
936 -13
937 -11
938 -13
939 -11
940 -13
941 -11
942 -11
943 -11
944 -10
945 -10
946 -12
947 -13
948 -13
949 -13
950 -11
951 -13
952 -10
953 -12
954 -12
955 -11
956 -13
957 -10
958 -12
959 -10
960 -11
961 -13
962 -12
963 -11
964 -10
965 -11
966 -12
967 -16
968 -13
969 -10
970 -11
971 -12
972 -12
973 -12
974 -13
975 -11
976 -10
977 -67
978 -12
979 -13
980 -12
981 -11
982 -11
983 -12
984 -11
985 -10
986 -10
987 -12
988 -12
989 -11
990 -11
991 -13
992 -12
993 -10
994 -13
995 -13
996 -12
997 -10
998 -12
999 -10
