0 -13
1 -13
2 -11
3 -13
4 -11
5 -11
6 -13
7 -10
8 -13
9 -12
10 -13
11 -12
12 -13
13 -11
14 -13
15 -13
16 -12
17 -11
18 -11
19 -10
20 -10
21 -13
22 -13
23 -11
24 -13
25 -11
26 -10
27 -13
28 -13
29 -12
30 -20
31 -11
32 -13
33 -10
34 -12
35 -13
36 -10
37 -13
38 -13
39 -12
40 -11
41 -12
42 -13
43 -12
44 -13
45 -10
46 -11
47 -13
48 -10
49 -12
50 -13
51 -13
52 -13
53 -13
54 -11
55 -12
56 -13
57 -13
58 -13
59 -13
60 -13
61 -12
62 -10
63 -11
64 -11
65 -10
66 -13
67 -13
68 -13
69 -13
70 -13
71 -13
72 -10
73 -13
74 -12
75 -10
76 -13
77 -12
78 -11
79 -13
80 -11
81 -13
82 -13
83 -11
84 -11
85 -10
86 -11
87 -13
88 -13
89 -13
90 -13
91 -11
92 -11
93 -10
94 -11
95 -13
96 -11
97 -13
98 -11
99 -13
100 -11
101 -13
102 -13
103 -13
104 -11
105 -12
106 -13
107 -11
108 -13
109 -13
110 -13
111 -11
112 -10
113 -12
114 -12
115 -17
116 -13
117 -10
118 -13
119 -10
120 -10
121 -12
122 -13
123 -10
124 -12
125 -13
126 -10
127 -11
128 -13
129 -14
130 -13
131 -11
132 -10
133 -10
134 -10
135 -13
136 -10
137 -12
138 -13
139 -13
140 -13
141 -13
142 -13
143 -13
144 -13
145 -13
146 -11
147 -11
148 -13
149 -13
150 -13
151 -12
152 -10
153 -10
154 -12
155 -13
156 -13
157 -14
158 -12
159 -12
160 -13
161 -13
162 -10
163 -12
164 -11
165 -13
166 -13
167 -12
168 -12
169 -11
170 -11
171 -13
172 -12
173 -13
174 -12
175 -13
176 -12
177 -13
178 -29
179 -13
180 -11
181 -13
182 -10
183 -13
184 -19
185 -10
186 -11
187 -13
188 -10
189 -11
190 -10
191 -11
192 -13
193 -16
194 -13
195 -10
196 -13
197 -11
198 -13
199 -14
200 -10
201 -13
202 -11
203 -10
204 -13
205 -12
206 -13
207 -12
208 -13
209 -10
210 -10
211 -31
212 -11
213 -13
214 -13
215 -13
216 -10
217 -13
218 -13
219 -11
220 -11
221 -11
222 -11
223 -12
224 -10
225 -10
226 -12
227 -11
228 -13
229 -13
230 -10
231 -10
232 -13
233 -13
234 -12
235 -13
236 -11
237 -13
238 -13
239 -13
240 -10
241 -12
242 -11
243 -13
244 -13
245 -23
246 -12
247 -13
248 -13
249 -11
250 -13
251 -13
252 -13
253 -10
254 -13
255 -10
256 -10
257 -13
258 -12
259 -13
260 -13
261 -13
262 -12
263 -10
264 -11
265 -13
266 -13
267 -11
268 -12
269 -13
270 -11
271 -12
272 -13
273 -13
274 -10
275 -13
276 -12
277 -13
278 -12
279 -11
280 -12
281 -11
282 -17
283 -11
284 -13
285 -11
286 -10
287 -11
288 -13
289 -12
290 -12
291 -13
292 -13
293 -11
294 -13
295 -13
296 -13
297 -12
298 -13
299 -25
300 -13
301 -13
302 -10
303 -12
304 -13
305 -12
306 -11
307 -11
308 -14
309 -12
310 -10
311 -11
312 -12
313 -13
314 -13
315 -12
316 -13
317 -13
318 -11
319 -14
320 -13
321 -11
322 -13
323 -13
324 -10
325 -13
326 -11
327 -13
328 -10
329 -13
330 -13
331 -11
332 -11
333 -12
334 -13
335 -10
336 -13
337 -12
338 -13
339 -13
340 -11
341 -11
342 -15
343 -10
344 -12
345 -12
346 -10
347 -15
348 -11
349 -11
350 -11
351 -13
352 -11
353 -12
354 -11
355 -12
356 -11
357 -13
358 -13
359 -10
360 -13
361 -12
362 -34
363 -11
364 -13
365 -12
366 -12
367 -11
368 -13
369 -12
370 -11
371 -13
372 -15
373 -10
374 -11
375 -13
376 -11
377 -10
378 -12
379 -13
380 -13
381 -13
382 -13
383 -11
384 -14
385 -13
386 -13
387 -10
388 -11
389 -13
390 -10
391 -13
392 -13
393 -13
394 -14
395 -12
396 -10
397 -11
398 -10
399 -11
400 -10
401 -12
402 -17
403 -12
404 -11
405 -13
406 -11
407 -13
408 -10
409 -13
410 -13
411 -13
412 -13
413 -13
414 -13
415 -13
416 -10
417 -12
418 -11
419 -10
420 -13
421 -12
422 -13
423 -10
424 -13
425 -12
426 -10
427 -10
428 -10
429 -13
430 -12
431 -17
432 -13
433 -10
434 -13
435 -13
436 -13
437 -12
438 -12
439 -13
440 -12
441 -13
442 -10
443 -13
444 -12
445 -13
446 -13
447 -11
448 -13
449 -12
450 -10
451 -12
452 -13
453 -11
454 -13
455 -13
456 -13
457 -12
458 -13
459 -12
460 -12
461 -10
462 -13
463 -11
464 -10
465 -13
466 -10
467 -13
468 -11
469 -13
470 -13
471 -13
472 -10
473 -10
474 -10
475 -12
476 -10
477 -13
478 -11
479 -12
480 -12
481 -13
482 -11
483 -13
484 -13
485 -11
486 -11
487 -11
488 -10
489 -10
490 -13
491 -11
492 -13
493 -11
494 -13
495 -12
496 -13
497 -12
498 -13
499 -13
500 -16
501 -13
502 -14
503 -13
504 -13
505 -12
506 -12
507 -13
508 -11
509 -13
510 -32
511 -11
512 -12
513 -12
514 -11
515 -10
516 -12
517 -11
518 -12
519 -12
520 -10
521 -12
522 -14
523 -11
524 -19
525 -13
526 -12
527 -13
528 -13
529 -12
530 -17
531 -13
532 -12
533 -13
534 -13
535 -10
536 -12
537 -13
538 -12
539 -12
540 -13
541 -11
542 -13
543 -11
544 -13
545 -12
546 -12
547 -10
548 -13
549 -13
550 -11
551 -12
552 -10
553 -13
554 -10
555 -13
556 -11
557 -12
558 -13
559 -13
560 -12
561 -11
562 -11
563 -13
564 -13
565 -13
566 -13
567 -13
568 -12
569 -10
570 -13
571 -13
572 -13
573 -13
574 -12
575 -13
576 -11
577 -13
578 -13
579 -14
580 -12
581 -18
582 -11
583 -13
584 -10
585 -10
586 -13
587 -10
588 -13
589 -11
590 -10
591 -12
592 -13
593 -10
594 -13
595 -13
596 -10
597 -13
598 -11
599 -17
600 -13
601 -12
602 -13
603 -13
604 -12
605 -13
606 -13
607 -12
608 -13
609 -10
610 -13
611 -13
612 -13
613 -12
614 -13
615 -10
616 -11
617 -10
618 -13
619 -13
620 -12
621 -10
622 -13
623 -10
624 -13
625 -13
626 -13
627 -13
628 -13
629 -11
630 -13
631 -10
632 -10
633 -11
634 -10
635 -13
636 -10
637 -11
638 -12
639 -13
640 -10
641 -13
642 -13
643 -10
644 -12
645 -13
646 -12
647 -11
648 -10
649 -11
650 -12
651 -11
652 -10
653 -12
654 -13
655 -13
656 -13
657 -13
658 -13
659 -13
660 -11
661 -10
662 -13
663 -13
664 -11
665 -11
666 -13
667 -47
668 -10
669 -10
670 -10
671 -13
672 -11
673 -10
674 -83
675 -11
676 -10
677 -13
678 -11
679 -10
680 -13
681 -10
682 -10
683 -11
684 -13
685 -13
686 -13
687 -13
688 -14
689 -11
690 -13
691 -13
692 -13
693 -13
694 -12
695 -10
696 -13
697 -13
698 -10
699 -13
700 -13
701 -11
702 -13
703 -10
704 -11
705 -13
706 -13
707 -10
708 -13
709 -12
710 -13
711 -11
712 -13
713 -9
714 -13
715 -11
716 -12
717 -13
718 -13
719 -10
720 -13
721 -13
722 -13
723 -13
724 -12
725 -13
726 -13
727 -13
728 -10
729 -10
730 -13
731 -11
732 -11
733 -11
734 -13
735 -13
736 -15
737 -10
738 -10
739 -10
740 -13
741 -11
742 -13
743 -13
744 -12
745 -13
746 -12
747 -13
748 -13
749 -11
750 -13
751 -9
752 -13
753 -13
754 -10
755 -13
756 -10
757 -15
758 -13
759 -13
760 -11
761 -13
762 -13
763 -10
764 -13
765 -13
766 -12
767 -11
768 -11
769 -10
770 -10
771 -13
772 -10
773 -11
774 -12
775 -10
776 -11
777 -13
778 -10
779 -13
780 -10
781 -11
782 -13
783 -10
784 -13
785 -12
786 -12
787 -23
788 -12
789 -11
790 -20
791 -11
792 -13
793 -13
794 -13
795 -11
796 -13
797 -13
798 -12
799 -11
800 -11
801 -11
802 -10
803 -10
804 -13
805 -10
806 -13
807 -12
808 -13
809 -11
810 -16
811 -12
812 -12
813 -12
814 -12
815 -13
816 -11
817 -12
818 -11
819 -13
820 -17
821 -11
822 -10
823 -9
824 -11
825 -17
826 -11
827 -12
828 -11
829 -13
830 -12
831 -13
832 -13
833 -11
834 -13
835 -13
836 -18
837 -13
838 -13
839 -10
840 -13
841 -16
842 -10
843 -12
844 -13
845 -10
846 -12
847 -12
848 -10
849 -16
850 -10
851 -13
852 -12
853 -12
854 -13
855 -11
856 -12
857 -10
858 -11
859 -12
860 -13
861 -10
862 -13
863 -10
864 -13
865 -13
866 -13
867 -13
868 -12
869 -17
870 -12
871 -12
872 -13
873 -12
874 -10
875 -10
876 -10
877 -12
878 -10
879 -16
880 -11
881 -13
882 -13
883 -13
884 -11
885 -13
886 -13
887 -11
888 -11
889 -13
890 -11
891 -12
892 -13
893 -13
894 -11
895 -11
896 -10
897 -10
898 -12
899 -13
900 -11
901 -11
902 -12
903 -11
904 -13
905 -11
906 -10
907 -11
908 -12
909 -13
910 -10
911 -12
912 -12
913 -17
914 -10
915 -13
916 -13
917 -12
918 -13
919 -12
920 -12
921 -12
922 -16
923 -11
924 -12
925 -10
926 -13
927 -10
928 -13
929 -10
930 -13
931 -13
932 -10
933 -11
934 -13
935 -13
936 -13
937 -12
938 -13
939 -13
940 -11
941 -12
942 -11
943 -13
944 -12
945 -10
946 -11
947 -12
948 -10
949 -16
950 -13
951 -21
952 -13
953 -13
954 -13
955 -13
956 -12
957 -10
958 -10
959 -10
960 -11
961 -12
962 -12
963 -13
964 -11
965 -12
966 -10
967 -13
968 -13
969 -11
970 -13
971 -11
972 -10
973 -12
974 -13
975 -11
976 -10
977 -12
978 -13
979 -11
980 -13
981 -10
982 -13
983 -13
984 -10
985 -10
986 -10
987 -10
988 -10
989 -11
990 -11
991 -12
992 -11
993 -11
994 -11
995 -12
996 -13
997 -10
998 -12
999 -13
