0 -18
1 -39
2 -39
3 -17
4 -39
5 -35
6 -19
7 -39
8 -19
9 -39
10 -17
11 -39
12 -17
13 -11
14 -19
15 -17
16 -18
17 -18
18 -18
19 -19
20 -39
21 -17
22 -39
23 -39
24 -39
25 -18
26 -19
27 -19
28 -19
29 -31
30 -39
31 -18
32 -39
33 -39
34 -39
35 -24
36 -17
37 -18
38 -39
39 -19
40 -39
41 -39
42 -24
43 -18
44 -39
45 -17
46 -17
47 -19
48 -39
49 -39
50 -17
51 -18
52 -18
53 -18
54 -18
55 -39
56 -39
57 -19
58 -18
59 -29
60 -39
61 -39
62 -17
63 -17
64 -10
65 -19
66 -39
67 -39
68 -39
69 -18
70 -40
71 -19
72 -19
73 -39
74 -39
75 -17
76 -39
77 -18
78 -53
79 -19
80 -19
81 -19
82 -17
83 -39
84 -18
85 -19
86 -39
87 -17
88 -19
89 -39
90 -39
91 -39
92 -39
93 -18
94 -18
95 -39
96 -39
97 -39
98 -39
99 -17
100 -17
101 -19
102 -18
103 -19
104 -19
105 -39
106 -39
107 -17
108 -19
109 -18
110 -39
111 -17
112 -17
113 -39
114 -39
115 -17
116 -19
117 -18
118 -39
119 -18
120 -17
121 -19
122 -17
123 -39
124 -17
125 -39
126 -39
127 -19
128 -18
129 -18
130 -23
131 -18
132 -17
133 -39
134 -39
135 -19
136 -17
137 -18
138 -33
139 -39
140 -19
141 -27
142 -18
143 -17
144 -17
145 -39
146 -39
147 -23
148 -39
149 -17
150 -19
151 -17
152 -19
153 -17
154 -18
155 -39
156 -18
157 -39
158 -39
159 -17
160 -19
161 -17
162 -39
163 -18
164 -18
165 -49
166 -18
167 -17
168 -39
169 -39
170 -19
171 -17
172 -17
173 -19
174 -39
175 -13
176 -39
177 -39
178 -17
179 -19
180 -17
181 -39
182 -17
183 -39
184 -17
185 -19
186 -39
187 -39
188 -39
189 -17
190 -39
191 -18
192 -39
193 -39
194 -39
195 -19
196 -19
197 -39
198 -19
199 -35
200 -18
201 -17
202 -39
203 -17
204 -18
205 -39
206 -19
207 -18
208 -17
209 -19
210 -39
211 -18
212 -19
213 -39
214 -18
215 -39
216 -39
217 -17
218 -39
219 -39
220 -17
221 -17
222 -39
223 -18
224 -39
225 -18
226 -18
227 -16
228 -39
229 -17
230 -39
231 -39
232 -39
233 -17
234 -19
235 -39
236 -18
237 -39
238 -19
239 -39
240 -39
241 -18
242 -39
243 -19
244 -39
245 -19
246 -39
247 -18
248 -39
249 -17
250 -39
251 -16
252 -39
253 -39
254 -39
255 -18
256 -19
257 -39
258 -19
259 -18
260 -17
261 -19
262 -35
263 -39
264 -19
265 -18
266 -17
267 -19
268 -39
269 -18
270 -19
271 -17
272 -39
273 -39
274 -17
275 -39
276 -39
277 -17
278 -18
279 -18
280 -39
281 -18
282 -19
283 -39
284 -39
285 -39
286 -19
287 -18
288 -18
289 -16
290 -17
291 -17
292 -18
293 -17
294 -18
295 -17
296 -39
297 -18
298 -39
299 -18
300 -17
301 -39
302 -18
303 -17
304 -18
305 -19
306 -39
307 -17
308 -17
309 -39
310 -19
311 -19
312 -18
313 -19
314 -39
315 -39
316 -39
317 -19
318 -19
319 -20
320 -39
321 -39
322 -39
323 -19
324 -19
325 -39
326 -17
327 -39
328 -19
329 -17
330 -18
331 -39
332 -19
333 -39
334 -18
335 -39
336 -17
337 -19
338 -19
339 -39
340 -39
341 -39
342 -39
343 -12
344 -18
345 -39
346 -32
347 -39
348 -19
349 -39
350 -39
351 -19
352 -39
353 -19
354 -19
355 -39
356 -18
357 -39
358 -39
359 -39
360 -18
361 -44
362 -41
363 -39
364 -39
365 -39
366 -39
367 -39
368 -39
369 -44
370 -17
371 -39
372 -17
373 -39
374 -39
375 -39
376 -17
377 -39
378 -39
379 -17
380 -17
381 -18
382 -26
383 -39
384 -39
385 -18
386 -19
387 -39
388 -39
389 -17
390 -19
391 -19
392 -19
393 -17
394 -19
395 -19
396 -19
397 -18
398 -17
399 -18
400 -19
401 -39
402 -18
403 -18
404 -19
405 -39
406 -17
407 -39
408 -19
409 -18
410 -39
411 -18
412 -17
413 -39
414 -17
415 -18
416 -18
417 -19
418 -19
419 -39
420 -17
421 -39
422 -68
423 -39
424 -39
425 -39
426 -39
427 -18
428 -39
429 -39
430 -18
431 -21
432 -39
433 -19
434 -18
435 -17
436 -39
437 -19
438 -18
439 -18
440 -39
441 -18
442 -39
443 -17
444 -18
445 -39
446 -18
447 -18
448 -39
449 -18
450 -17
451 -39
452 -19
453 -19
454 -39
455 -19
456 -39
457 -39
458 -19
459 -39
460 -39
461 -19
462 -39
463 -39
464 -19
465 -39
466 -18
467 -39
468 -17
469 -39
470 -39
471 -18
472 -109
473 -18
474 -17
475 -18
476 -18
477 -17
478 -39
479 -39
480 -18
481 -18
482 -39
483 -19
484 -17
485 -39
486 -17
487 -19
488 -39
489 -39
490 -39
491 -38
492 -19
493 -19
494 -39
495 -19
496 -39
497 -17
498 -39
499 -19
500 -39
501 -19
502 -19
503 -39
504 -17
505 -31
506 -18
507 -18
508 -18
509 -39
510 -17
511 -39
512 -23
513 -39
514 -39
515 -39
516 -12
517 -39
518 -39
519 -19
520 -44
521 -17
522 -17
523 -39
524 -18
525 -17
526 -47
527 -18
528 -17
529 -39
530 -23
531 -19
532 -17
533 -39
534 -18
535 -16
536 -18
537 -39
538 -44
539 -18
540 -18
541 -17
542 -19
543 -18
544 -39
545 -39
546 -39
547 -39
548 -39
549 -17
550 -18
551 -39
552 -17
553 -39
554 -24
555 -19
556 -18
557 -18
558 -19
559 -39
560 -19
561 -18
562 -19
563 -39
564 -18
565 -39
566 -18
567 -18
568 -19
569 -39
570 -19
571 -19
572 -19
573 -39
574 -39
575 -39
576 -12
577 -17
578 -17
579 -39
580 -19
581 -39
582 -39
583 -39
584 -39
585 -17
586 -19
587 -39
588 -19
589 -18
590 -39
591 -17
592 -17
593 -17
594 -18
595 -18
596 -39
597 -18
598 -39
599 -39
600 -17
601 -39
602 -39
603 -39
604 -18
605 -34
606 -19
607 -17
608 -19
609 -39
610 -18
611 -39
612 -17
613 -18
614 -22
615 -17
616 -18
617 -39
618 -17
619 -18
620 -17
621 -17
622 -19
623 -17
624 -18
625 -18
626 -19
627 -18
628 -18
629 -18
630 -39
631 -17
632 -18
633 -18
634 -39
635 -18
636 -18
637 -39
638 -19
639 -39
640 -19
641 -39
642 -19
643 -19
644 -23
645 -18
646 -18
647 -17
648 -39
649 -39
650 -18
651 -18
652 -18
653 -19
654 -39
655 -39
656 -19
657 -43
658 -18
659 -39
660 -17
661 -39
662 -17
663 -18
664 -39
665 -39
666 -39
667 -18
668 -39
669 -39
670 -10
671 -17
672 -39
673 -39
674 -19
675 -18
676 -15
677 -39
678 -39
679 -19
680 -18
681 -17
682 -19
683 -17
684 -18
685 -17
686 -39
687 -18
688 -18
689 -39
690 -39
691 -39
692 -39
693 -40
694 -18
695 -39
696 -18
697 -18
698 -17
699 -39
700 -17
701 -19
702 -17
703 -17
704 -18
705 -39
706 -19
707 -39
708 -39
709 -17
710 -18
711 -17
712 -19
713 -39
714 -17
715 -25
716 -39
717 -39
718 -18
719 -20
720 -18
721 -39
722 -17
723 -39
724 -12
725 -19
726 -17
727 -19
728 -17
729 -17
730 -18
731 -19
732 -39
733 -39
734 -17
735 -18
736 -18
737 -39
738 -39
739 -39
740 -39
741 -17
742 -18
743 -39
744 -17
745 -17
746 -39
747 -19
748 -39
749 -17
750 -39
751 -39
752 -19
753 -39
754 -19
755 -19
756 -17
757 -48
758 -39
759 -19
760 -19
761 -39
762 -19
763 -17
764 -39
765 -39
766 -19
767 -19
768 -19
769 -39
770 -19
771 -39
772 -39
773 -18
774 -17
775 -17
776 -39
777 -39
778 -18
779 -17
780 -21
781 -39
782 -17
783 -19
784 -39
785 -39
786 -39
787 -19
788 -17
789 -39
790 -17
791 -19
792 -39
793 -18
794 -40
795 -19
796 -19
797 -39
798 -18
799 -39
800 -18
801 -18
802 -18
803 -39
804 -10
805 -19
806 -17
807 -19
808 -39
809 -39
810 -39
811 -39
812 -17
813 -39
814 -18
815 -18
816 -39
817 -39
818 -19
819 -39
820 -17
821 -39
822 -39
823 -17
824 -17
825 -39
826 -18
827 -39
828 -39
829 -17
830 -19
831 -23
832 -17
833 -50
834 -17
835 -22
836 -19
837 -39
838 -18
839 -19
840 -39
841 -18
842 -39
843 -19
844 -39
845 -17
846 -19
847 -39
848 -39
849 -18
850 -17
851 -19
852 -18
853 -39
854 -19
855 -18
856 -44
857 -11
858 -19
859 -39
860 -39
861 -19
862 -17
863 -17
864 -17
865 -18
866 -39
867 -18
868 -19
869 -39
870 -39
871 -19
872 -19
873 -18
874 -39
875 -18
876 -39
877 -17
878 -39
879 -39
880 -39
881 -39
882 -39
883 -18
884 -19
885 -39
886 -39
887 -39
888 -19
889 -17
890 -18
891 -21
892 -18
893 -18
894 -19
895 -39
896 -19
897 -18
898 -39
899 -39
900 -18
901 -19
902 -19
903 -39
904 -39
905 -39
906 -19
907 -30
908 -12
909 -39
910 -39
911 -39
912 -17
913 -39
914 -17
915 -19
916 -18
917 -39
918 -17
919 -17
920 -38
921 -19
922 -39
923 -19
924 -39
925 -17
926 -18
927 -39
928 -17
929 -39
930 -39
931 -18
932 -17
933 -39
934 -19
935 -19
936 -39
937 -39
938 -39
939 -19
940 -39
941 -19
942 -19
943 -17
944 -39
945 -17
946 -17
947 -39
948 -39
949 -19
950 -39
951 -39
952 -39
953 -17
954 -18
955 -18
956 -19
957 -39
958 -18
959 -39
960 -39
961 -39
962 -39
963 -39
964 -26
965 -39
966 -39
967 -18
968 -18
969 -17
970 -39
971 -40
972 -17
973 -18
974 -19
975 -18
976 -18
977 -18
978 -17
979 -39
980 -39
981 -39
982 -39
983 -18
984 -39
985 -17
986 -17
987 -19
988 -39
989 -17
990 -39
991 -17
992 -19
993 -17
994 -18
995 -19
996 -54
997 -18
998 -39
999 -18
