0 -10
1 -13
2 -13
3 -13
4 -15
5 -11
6 -12
7 -13
8 -10
9 -12
10 -12
11 -11
12 -13
13 -13
14 -17
15 -10
16 -11
17 -13
18 -11
19 -10
20 -13
21 -11
22 -13
23 -11
24 -13
25 -12
26 -10
27 -11
28 -10
29 -63
30 -10
31 -11
32 -11
33 -12
34 -13
35 -13
36 -12
37 -10
38 -11
39 -11
40 -10
41 -11
42 -11
43 -13
44 -13
45 -11
46 -13
47 -13
48 -13
49 -13
50 -10
51 -11
52 -11
53 -10
54 -12
55 -13
56 -13
57 -11
58 -11
59 -11
60 -10
61 -13
62 -10
63 -12
64 -13
65 -11
66 -13
67 -13
68 -12
69 -52
70 -10
71 -13
72 -25
73 -12
74 -13
75 -13
76 -10
77 -12
78 -10
79 -10
80 -12
81 -11
82 -12
83 -12
84 -13
85 -12
86 -13
87 -10
88 -13
89 -12
90 -13
91 -12
92 -11
93 -11
94 -11
95 -12
96 -11
97 -10
98 -11
99 -11
100 -10
101 -28
102 -13
103 -11
104 -13
105 -13
106 -12
107 -12
108 -10
109 -13
110 -10
111 -13
112 -12
113 -11
114 -12
115 -13
116 -10
117 -13
118 -11
119 -11
120 -13
121 -49
122 -13
123 -13
124 -12
125 -13
126 -11
127 -12
128 -13
129 -11
130 -13
131 -12
132 -13
133 -13
134 -13
135 -11
136 -10
137 -10
138 -13
139 -13
140 -11
141 -11
142 -12
143 -12
144 -13
145 -10
146 -11
147 -13
148 -10
149 -12
150 -10
151 -11
152 -13
153 -11
154 -12
155 -12
156 -11
157 -13
158 -13
159 -12
160 -10
161 -12
162 -12
163 -12
164 -13
165 -16
166 -13
167 -13
168 -12
169 -11
170 -13
171 -10
172 -11
173 -55
174 -12
175 -12
176 -13
177 -12
178 -12
179 -13
180 -11
181 -11
182 -10
183 -10
184 -10
185 -13
186 -13
187 -11
188 -13
189 -11
190 -13
191 -12
192 -13
193 -10
194 -12
195 -12
196 -10
197 -12
198 -11
199 -13
200 -13
201 -12
202 -13
203 -10
204 -13
205 -10
206 -10
207 -10
208 -13
209 -10
210 -13
211 -11
212 -11
213 -10
214 -10
215 -13
216 -12
217 -13
218 -11
219 -13
220 -12
221 -12
222 -13
223 -12
224 -12
225 -11
226 -13
227 -13
228 -13
229 -12
230 -47
231 -12
232 -13
233 -11
234 -13
235 -11
236 -12
237 -13
238 -10
239 -11
240 -12
241 -12
242 -10
243 -13
244 -13
245 -13
246 -13
247 -11
248 -13
249 -10
250 -13
251 -13
252 -10
253 -13
254 -13
255 -13
256 -10
257 -11
258 -13
259 -10
260 -13
261 -12
262 -12
263 -11
264 -11
265 -13
266 -10
267 -13
268 -11
269 -11
270 -11
271 -44
272 -10
273 -13
274 -11
275 -12
276 -10
277 -13
278 -11
279 -13
280 -12
281 -13
282 -13
283 -13
284 -12
285 -17
286 -11
287 -13
288 -10
289 -13
290 -13
291 -13
292 -10
293 -13
294 -11
295 -10
296 -10
297 -11
298 -11
299 -53
300 -13
301 -13
302 -13
303 -13
304 -10
305 -15
306 -13
307 -13
308 -12
309 -10
310 -10
311 -10
312 -18
313 -10
314 -10
315 -13
316 -10
317 -13
318 -13
319 -11
320 -10
321 -10
322 -10
323 -13
324 -11
325 -17
326 -11
327 -12
328 -11
329 -11
330 -11
331 -11
332 -11
333 -11
334 -13
335 -13
336 -13
337 -13
338 -13
339 -49
340 -13
341 -13
342 -13
343 -47
344 -13
345 -13
346 -12
347 -13
348 -10
349 -17
350 -11
351 -10
352 -10
353 -10
354 -12
355 -10
356 -10
357 -11
358 -12
359 -13
360 -13
361 -12
362 -12
363 -13
364 -10
365 -13
366 -13
367 -12
368 -11
369 -10
370 -13
371 -11
372 -13
373 -13
374 -10
375 -13
376 -11
377 -11
378 -12
379 -11
380 -12
381 -12
382 -13
383 -10
384 -15
385 -13
386 -13
387 -13
388 -11
389 -13
390 -10
391 -13
392 -11
393 -13
394 -13
395 -12
396 -13
397 -12
398 -37
399 -11
400 -13
401 -12
402 -13
403 -11
404 -11
405 -10
406 -11
407 -12
408 -12
409 -13
410 -13
411 -13
412 -10
413 -13
414 -11
415 -12
416 -12
417 -13
418 -11
419 -13
420 -13
421 -11
422 -13
423 -10
424 -13
425 -13
426 -10
427 -12
428 -11
429 -12
430 -13
431 -13
432 -13
433 -13
434 -11
435 -11
436 -12
437 -11
438 -12
439 -12
440 -10
441 -13
442 -13
443 -13
444 -11
445 -10
446 -11
447 -13
448 -13
449 -26
450 -12
451 -13
452 -13
453 -11
454 -10
455 -11
456 -13
457 -12
458 -12
459 -11
460 -10
461 -12
462 -11
463 -13
464 -13
465 -11
466 -12
467 -13
468 -11
469 -11
470 -17
471 -13
472 -13
473 -12
474 -10
475 -12
476 -11
477 -11
478 -13
479 -13
480 -13
481 -57
482 -12
483 -12
484 -11
485 -10
486 -13
487 -13
488 -17
489 -10
490 -12
491 -13
492 -13
493 -11
494 -11
495 -11
496 -15
497 -13
498 -16
499 -10
500 -11
501 -12
502 -10
503 -13
504 -12
505 -12
506 -13
507 -11
508 -11
509 -13
510 -13
511 -13
512 -12
513 -13
514 -10
515 -12
516 -10
517 -12
518 -13
519 -11
520 -11
521 -10
522 -10
523 -11
524 -10
525 -10
526 -10
527 -13
528 -10
529 -10
530 -11
531 -12
532 -12
533 -11
534 -11
535 -12
536 -12
537 -12
538 -27
539 -12
540 -13
541 -12
542 -10
543 -13
544 -10
545 -13
546 -11
547 -13
548 -13
549 -21
550 -13
551 -12
552 -10
553 -11
554 -11
555 -11
556 -12
557 -10
558 -10
559 -13
560 -13
561 -11
562 -13
563 -10
564 -12
565 -10
566 -13
567 -13
568 -11
569 -10
570 -13
571 -13
572 -12
573 -12
574 -13
575 -12
576 -10
577 -11
578 -12
579 -13
580 -11
581 -11
582 -10
583 -11
584 -10
585 -10
586 -12
587 -10
588 -13
589 -16
590 -11
591 -12
592 -11
593 -13
594 -13
595 -13
596 -14
597 -10
598 -13
599 -12
600 -13
601 -10
602 -36
603 -13
604 -11
605 -10
606 -14
607 -13
608 -13
609 -12
610 -12
611 -11
612 -13
613 -10
614 -13
615 -13
616 -10
617 -13
618 -11
619 -11
620 -13
621 -11
622 -10
623 -10
624 -13
625 -13
626 -11
627 -13
628 -10
629 -12
630 -16
631 -11
632 -11
633 -10
634 -13
635 -12
636 -13
637 -12
638 -13
639 -13
640 -13
641 -13
642 -13
643 -12
644 -17
645 -11
646 -13
647 -13
648 -13
649 -14
650 -12
651 -13
652 -11
653 -13
654 -13
655 -12
656 -12
657 -12
658 -11
659 -13
660 -11
661 -12
662 -11
663 -13
664 -13
665 -13
666 -13
667 -13
668 -10
669 -13
670 -13
671 -10
672 -10
673 -11
674 -10
675 -13
676 -10
677 -11
678 -73
679 -13
680 -10
681 -14
682 -17
683 -13
684 -11
685 -13
686 -13
687 -13
688 -11
689 -13
690 -13
691 -12
692 -13
693 -10
694 -13
695 -10
696 -13
697 -13
698 -13
699 -10
700 -11
701 -13
702 -13
703 -13
704 -12
705 -13
706 -13
707 -11
708 -12
709 -13
710 -13
711 -13
712 -10
713 -12
714 -11
715 -13
716 -10
717 -11
718 -13
719 -11
720 -11
721 -11
722 -12
723 -13
724 -13
725 -13
726 -11
727 -10
728 -13
729 -13
730 -11
731 -11
732 -11
733 -13
734 -13
735 -12
736 -12
737 -13
738 -11
739 -13
740 -12
741 -11
742 -12
743 -13
744 -27
745 -12
746 -10
747 -10
748 -13
749 -13
750 -13
751 -13
752 -12
753 -12
754 -13
755 -42
756 -10
757 -13
758 -10
759 -11
760 -13
761 -12
762 -12
763 -13
764 -13
765 -13
766 -10
767 -10
768 -13
769 -13
770 -11
771 -31
772 -13
773 -10
774 -12
775 -13
776 -12
777 -10
778 -11
779 -13
780 -12
781 -13
782 -12
783 -11
784 -11
785 -10
786 -10
787 -12
788 -11
789 -10
790 -11
791 -13
792 -11
793 -13
794 -13
795 -13
796 -12
797 -13
798 -12
799 -13
800 -12
801 -12
802 -13
803 -11
804 -13
805 -13
806 -20
807 -10
808 -12
809 -13
810 -10
811 -11
812 -10
813 -13
814 -11
815 -11
816 -12
817 -10
818 -10
819 -44
820 -13
821 -11
822 -9
823 -10
824 -12
825 -10
826 -13
827 -13
828 -13
829 -13
830 -12
831 -11
832 -13
833 -13
834 -11
835 -11
836 -11
837 -13
838 -10
839 -11
840 -10
841 -12
842 -10
843 -12
844 -13
845 -12
846 -11
847 -13
848 -10
849 -11
850 -12
851 -10
852 -11
853 -13
854 -18
855 -12
856 -13
857 -13
858 -13
859 -14
860 -12
861 -10
862 -10
863 -13
864 -11
865 -28
866 -12
867 -10
868 -12
869 -13
870 -12
871 -13
872 -10
873 -10
874 -26
875 -11
876 -10
877 -12
878 -10
879 -11
880 -10
881 -106
882 -11
883 -22
884 -10
885 -11
886 -13
887 -13
888 -13
889 -12
890 -16
891 -12
892 -13
893 -13
894 -13
895 -12
896 -12
897 -12
898 -13
899 -11
900 -11
901 -24
902 -13
903 -13
904 -13
905 -10
906 -13
907 -13
908 -13
909 -13
910 -13
911 -13
912 -17
913 -12
914 -11
915 -13
916 -13
917 -10
918 -13
919 -10
920 -11
921 -13
922 -13
923 -12
924 -10
925 -12
926 -12
927 -12
928 -13
929 -10
930 -13
931 -11
932 -13
933 -12
934 -13
935 -10
936 -10
937 -10
938 -13
939 -10
940 -12
941 -13
942 -10
943 -13
944 -13
945 -13
946 -13
947 -12
948 -16
949 -13
950 -13
951 -13
952 -10
953 -13
954 -10
955 -13
956 -13
957 -13
958 -12
959 -10
960 -10
961 -11
962 -13
963 -13
964 -11
965 -11
966 -10
967 -13
968 -12
969 -12
970 -11
971 -12
972 -12
973 -12
974 -13
975 -13
976 -13
977 -13
978 -11
979 -10
980 -13
981 -11
982 -12
983 -13
984 -10
985 -11
986 -10
987 -10
988 -12
989 -10
990 -10
991 -12
992 -13
993 -12
994 -13
995 -13
996 -12
997 -13
998 -59
999 -11
