0 -11
1 -10
2 -13
3 -11
4 -11
5 -12
6 -11
7 -19
8 -11
9 -10
10 -13
11 -10
12 -23
13 -13
14 -13
15 -11
16 -12
17 -13
18 -11
19 -11
20 -13
21 -12
22 -13
23 -12
24 -10
25 -29
26 -11
27 -12
28 -10
29 -13
30 -12
31 -13
32 -10
33 -13
34 -13
35 -10
36 -11
37 -12
38 -11
39 -12
40 -13
41 -12
42 -12
43 -10
44 -13
45 -13
46 -13
47 -11
48 -13
49 -11
50 -10
51 -13
52 -13
53 -12
54 -11
55 -13
56 -12
57 -13
58 -12
59 -13
60 -13
61 -11
62 -13
63 -17
64 -13
65 -12
66 -12
67 -12
68 -11
69 -11
70 -13
71 -13
72 -10
73 -10
74 -13
75 -12
76 -18
77 -13
78 -11
79 -11
80 -11
81 -10
82 -13
83 -11
84 -10
85 -13
86 -13
87 -17
88 -10
89 -13
90 -13
91 -20
92 -11
93 -13
94 -10
95 -12
96 -11
97 -11
98 -13
99 -13
100 -13
101 -10
102 -13
103 -13
104 -11
105 -18
106 -12
107 -10
108 -12
109 -17
110 -13
111 -12
112 -13
113 -11
114 -10
115 -12
116 -10
117 -13
118 -12
119 -12
120 -12
121 -13
122 -14
123 -13
124 -12
125 -13
126 -13
127 -11
128 -13
129 -12
130 -15
131 -11
132 -13
133 -13
134 -12
135 -11
136 -13
137 -13
138 -13
139 -9
140 -11
141 -13
142 -13
143 -13
144 -12
145 -11
146 -13
147 -13
148 -13
149 -13
150 -11
151 -13
152 -12
153 -13
154 -13
155 -11
156 -13
157 -10
158 -10
159 -13
160 -13
161 -10
162 -14
163 -10
164 -13
165 -13
166 -10
167 -13
168 -13
169 -11
170 -10
171 -12
172 -11
173 -13
174 -11
175 -10
176 -13
177 -13
178 -13
179 -12
180 -13
181 -10
182 -13
183 -10
184 -10
185 -12
186 -11
187 -10
188 -12
189 -12
190 -10
191 -11
192 -12
193 -10
194 -11
195 -11
196 -11
197 -15
198 -10
199 -12
200 -11
201 -13
202 -12
203 -13
204 -11
205 -13
206 -13
207 -10
208 -11
209 -13
210 -13
211 -11
212 -12
213 -12
214 -10
215 -13
216 -13
217 -13
218 -10
219 -12
220 -13
221 -12
222 -11
223 -12
224 -13
225 -18
226 -13
227 -10
228 -13
229 -13
230 -16
231 -10
232 -14
233 -12
234 -10
235 -13
236 -13
237 -13
238 -11
239 -11
240 -10
241 -11
242 -13
243 -12
244 -13
245 -13
246 -11
247 -12
248 -13
249 -12
250 -10
251 -10
252 -13
253 -11
254 -10
255 -11
256 -12
257 -14
258 -10
259 -13
260 -12
261 -11
262 -10
263 -10
264 -10
265 -10
266 -12
267 -11
268 -13
269 -10
270 -13
271 -10
272 -13
273 -12
274 -10
275 -13
276 -13
277 -11
278 -10
279 -13
280 -12
281 -13
282 -10
283 -12
284 -12
285 -13
286 -10
287 -11
288 -13
289 -11
290 -13
291 -13
292 -10
293 -13
294 -12
295 -13
296 -12
297 -10
298 -20
299 -11
300 -11
301 -11
302 -12
303 -10
304 -12
305 -10
306 -10
307 -10
308 -10
309 -10
310 -11
311 -12
312 -13
313 -11
314 -10
315 -12
316 -10
317 -13
318 -12
319 -12
320 -13
321 -10
322 -11
323 -13
324 -13
325 -13
326 -13
327 -12
328 -10
329 -10
330 -10
331 -10
332 -13
333 -10
334 -11
335 -13
336 -10
337 -12
338 -10
339 -11
340 -13
341 -13
342 -13
343 -13
344 -10
345 -13
346 -12
347 -16
348 -13
349 -12
350 -13
351 -12
352 -11
353 -12
354 -13
355 -10
356 -11
357 -12
358 -13
359 -12
360 -13
361 -13
362 -10
363 -11
364 -13
365 -13
366 -12
367 -13
368 -10
369 -13
370 -10
371 -10
372 -13
373 -12
374 -12
375 -10
376 -11
377 -11
378 -16
379 -13
380 -11
381 -10
382 -11
383 -11
384 -13
385 -12
386 -11
387 -11
388 -13
389 -11
390 -13
391 -11
392 -10
393 -12
394 -11
395 -11
396 -13
397 -10
398 -13
399 -11
400 -11
401 -13
402 -10
403 -13
404 -13
405 -12
406 -13
407 -13
408 -42
409 -13
410 -10
411 -12
412 -10
413 -13
414 -14
415 -13
416 -13
417 -13
418 -13
419 -12
420 -11
421 -11
422 -13
423 -12
424 -11
425 -13
426 -12
427 -13
428 -13
429 -11
430 -11
431 -10
432 -10
433 -13
434 -12
435 -11
436 -13
437 -13
438 -13
439 -11
440 -13
441 -10
442 -12
443 -13
444 -12
445 -16
446 -13
447 -11
448 -11
449 -11
450 -13
451 -10
452 -12
453 -13
454 -13
455 -13
456 -13
457 -12
458 -13
459 -12
460 -10
461 -12
462 -13
463 -13
464 -13
465 -13
466 -11
467 -11
468 -13
469 -10
470 -13
471 -13
472 -11
473 -11
474 -12
475 -13
476 -13
477 -10
478 -13
479 -11
480 -10
481 -13
482 -11
483 -11
484 -10
485 -12
486 -11
487 -12
488 -10
489 -13
490 -13
491 -13
492 -20
493 -16
494 -12
495 -12
496 -13
497 -12
498 -12
499 -13
500 -11
501 -13
502 -12
503 -10
504 -11
505 -12
506 -11
507 -10
508 -12
509 -17
510 -11
511 -10
512 -13
513 -10
514 -10
515 -12
516 -11
517 -12
518 -13
519 -10
520 -12
521 -13
522 -12
523 -10
524 -13
525 -13
526 -11
527 -11
528 -13
529 -13
530 -11
531 -11
532 -10
533 -13
534 -12
535 -12
536 -11
537 -13
538 -10
539 -11
540 -13
541 -13
542 -10
543 -11
544 -12
545 -12
546 -13
547 -11
548 -13
549 -13
550 -13
551 -10
552 -17
553 -13
554 -13
555 -13
556 -13
557 -12
558 -13
559 -13
560 -13
561 -13
562 -12
563 -16
564 -13
565 -10
566 -13
567 -10
568 -13
569 -13
570 -12
571 -13
572 -10
573 -13
574 -12
575 -10
576 -13
577 -13
578 -13
579 -13
580 -11
581 -12
582 -13
583 -10
584 -13
585 -10
586 -17
587 -11
588 -11
589 -12
590 -13
591 -13
592 -14
593 -10
594 -11
595 -11
596 -10
597 -13
598 -12
599 -26
600 -11
601 -13
602 -10
603 -13
604 -11
605 -10
606 -12
607 -11
608 -13
609 -13
610 -10
611 -12
612 -13
613 -12
614 -10
615 -11
616 -13
617 -13
618 -12
619 -11
620 -13
621 -16
622 -12
623 -11
624 -13
625 -12
626 -13
627 -11
628 -10
629 -10
630 -11
631 -11
632 -10
633 -17
634 -19
635 -12
636 -13
637 -17
638 -11
639 -13
640 -13
641 -11
642 -11
643 -13
644 -11
645 -11
646 -11
647 -12
648 -10
649 -11
650 -12
651 -12
652 -10
653 -13
654 -10
655 -10
656 -13
657 -11
658 -10
659 -10
660 -12
661 -13
662 -13
663 -12
664 -12
665 -10
666 -12
667 -13
668 -13
669 -10
670 -11
671 -13
672 -13
673 -10
674 -13
675 -12
676 -11
677 -16
678 -11
679 -13
680 -13
681 -13
682 -12
683 -11
684 -10
685 -12
686 -10
687 -13
688 -10
689 -12
690 -12
691 -10
692 -13
693 -13
694 -12
695 -11
696 -13
697 -11
698 -10
699 -11
700 -13
701 -12
702 -11
703 -13
704 -10
705 -11
706 -10
707 -11
708 -12
709 -12
710 -13
711 -10
712 -11
713 -13
714 -13
715 -10
716 -12
717 -13
718 -12
719 -11
720 -11
721 -10
722 -12
723 -11
724 -11
725 -10
726 -13
727 -13
728 -11
729 -13
730 -12
731 -13
732 -11
733 -13
734 -13
735 -11
736 -12
737 -13
738 -10
739 -13
740 -13
741 -13
742 -13
743 -11
744 -11
745 -12
746 -13
747 -11
748 -12
749 -13
750 -13
751 -17
752 -10
753 -10
754 -10
755 -11
756 -13
757 -11
758 -12
759 -13
760 -13
761 -11
762 -12
763 -10
764 -12
765 -11
766 -12
767 -10
768 -13
769 -10
770 -12
771 -11
772 -11
773 -12
774 -11
775 -11
776 -12
777 -12
778 -13
779 -10
780 -10
781 -11
782 -12
783 -10
784 -13
785 -11
786 -13
787 -11
788 -13
789 -10
790 -11
791 -13
792 -13
793 -10
794 -12
795 -13
796 -12
797 -13
798 -11
799 -13
800 -12
801 -12
802 -10
803 -10
804 -11
805 -12
806 -12
807 -12
808 -13
809 -13
810 -12
811 -12
812 -10
813 -13
814 -11
815 -12
816 -12
817 -12
818 -13
819 -13
820 -12
821 -10
822 -11
823 -13
824 -10
825 -10
826 -10
827 -12
828 -13
829 -13
830 -10
831 -12
832 -10
833 -11
834 -12
835 -12
836 -13
837 -12
838 -13
839 -10
840 -12
841 -13
842 -13
843 -11
844 -12
845 -13
846 -11
847 -12
848 -12
849 -10
850 -10
851 -13
852 -11
853 -12
854 -13
855 -13
856 -11
857 -13
858 -12
859 -11
860 -11
861 -11
862 -10
863 -12
864 -11
865 -12
866 -12
867 -13
868 -10
869 -16
870 -13
871 -14
872 -11
873 -16
874 -13
875 -11
876 -11
877 -12
878 -10
879 -10
880 -12
881 -11
882 -10
883 -13
884 -11
885 -10
886 -10
887 -11
888 -13
889 -12
890 -12
891 -13
892 -10
893 -13
894 -10
895 -13
896 -12
897 -11
898 -11
899 -13
900 -10
901 -12
902 -12
903 -13
904 -13
905 -13
906 -13
907 -13
908 -13
909 -11
910 -13
911 -12
912 -13
913 -11
914 -10
915 -13
916 -13
917 -11
918 -13
919 -13
920 -14
921 -13
922 -12
923 -12
924 -11
925 -13
926 -10
927 -12
928 -13
929 -10
930 -11
931 -12
932 -13
933 -10
934 -12
935 -10
936 -11
937 -17
938 -13
939 -10
940 -13
941 -11
942 -12
943 -10
944 -12
945 -12
946 -13
947 -13
948 -12
949 -10
950 -11
951 -13
952 -10
953 -13
954 -12
955 -13
956 -11
957 -13
958 -11
959 -13
960 -20
961 -12
962 -13
963 -13
964 -13
965 -10
966 -12
967 -13
968 -10
969 -12
970 -13
971 -12
972 -10
973 -13
974 -16
975 -12
976 -12
977 -13
978 -15
979 -10
980 -13
981 -11
982 -11
983 -13
984 -10
985 -13
986 -11
987 -10
988 -11
989 -11
990 -13
991 -10
992 -10
993 -11
994 -13
995 -11
996 -13
997 -12
998 -10
999 -13
