0 -13
1 -13
2 -10
3 -14
4 -12
5 -10
6 -12
7 -12
8 -12
9 -10
10 -12
11 -13
12 -13
13 -13
14 -11
15 -10
16 -13
17 -12
18 -19
19 -10
20 -13
21 -10
22 -15
23 -13
24 -13
25 -11
26 -13
27 -12
28 -13
29 -10
30 -11
31 -13
32 -10
33 -11
34 -13
35 -12
36 -10
37 -11
38 -16
39 -11
40 -10
41 -12
42 -10
43 -13
44 -12
45 -11
46 -13
47 -11
48 -11
49 -13
50 -12
51 -11
52 -12
53 -13
54 -11
55 -11
56 -12
57 -10
58 -12
59 -12
60 -12
61 -13
62 -10
63 -13
64 -13
65 -13
66 -10
67 -13
68 -10
69 -10
70 -13
71 -11
72 -10
73 -10
74 -13
75 -11
76 -14
77 -12
78 -11
79 -11
80 -12
81 -12
82 -10
83 -11
84 -12
85 -11
86 -12
87 -12
88 -13
89 -13
90 -12
91 -12
92 -11
93 -13
94 -13
95 -13
96 -12
97 -11
98 -10
99 -13
100 -13
101 -12
102 -16
103 -11
104 -12
105 -10
106 -12
107 -13
108 -12
109 -13
110 -11
111 -12
112 -11
113 -10
114 -11
115 -10
116 -11
117 -13
118 -13
119 -12
120 -11
121 -13
122 -13
123 -12
124 -10
125 -10
126 -12
127 -13
128 -10
129 -11
130 -10
131 -10
132 -12
133 -13
134 -12
135 -12
136 -13
137 -10
138 -11
139 -11
140 -13
141 -13
142 -12
143 -13
144 -12
145 -11
146 -15
147 -13
148 -13
149 -22
150 -12
151 -11
152 -13
153 -10
154 -10
155 -10
156 -13
157 -13
158 -13
159 -11
160 -13
161 -10
162 -13
163 -13
164 -13
165 -13
166 -13
167 -12
168 -13
169 -13
170 -10
171 -13
172 -10
173 -10
174 -11
175 -13
176 -10
177 -12
178 -13
179 -10
180 -12
181 -11
182 -10
183 -13
184 -9
185 -12
186 -11
187 -13
188 -13
189 -10
190 -11
191 -10
192 -12
193 -12
194 -10
195 -13
196 -13
197 -13
198 -10
199 -13
200 -11
201 -12
202 -13
203 -10
204 -13
205 -11
206 -13
207 -13
208 -16
209 -13
210 -11
211 -17
212 -12
213 -13
214 -13
215 -13
216 -13
217 -12
218 -12
219 -11
220 -13
221 -43
222 -10
223 -11
224 -12
225 -11
226 -10
227 -17
228 -10
229 -10
230 -10
231 -13
232 -10
233 -12
234 -13
235 -10
236 -13
237 -11
238 -13
239 -11
240 -13
241 -19
242 -12
243 -19
244 -11
245 -13
246 -13
247 -12
248 -13
249 -11
250 -13
251 -12
252 -10
253 -13
254 -12
255 -13
256 -12
257 -17
258 -13
259 -12
260 -13
261 -16
262 -13
263 -13
264 -11
265 -10
266 -11
267 -11
268 -13
269 -10
270 -12
271 -10
272 -13
273 -10
274 -13
275 -10
276 -11
277 -10
278 -13
279 -13
280 -12
281 -10
282 -11
283 -13
284 -13
285 -10
286 -12
287 -12
288 -13
289 -12
290 -12
291 -10
292 -13
293 -10
294 -11
295 -11
296 -10
297 -13
298 -12
299 -11
300 -12
301 -13
302 -13
303 -12
304 -15
305 -10
306 -13
307 -10
308 -12
309 -12
310 -12
311 -10
312 -12
313 -17
314 -13
315 -11
316 -20
317 -12
318 -10
319 -13
320 -10
321 -13
322 -13
323 -10
324 -13
325 -11
326 -10
327 -12
328 -10
329 -13
330 -12
331 -13
332 -13
333 -13
334 -13
335 -11
336 -10
337 -10
338 -13
339 -13
340 -13
341 -10
342 -11
343 -13
344 -12
345 -12
346 -12
347 -10
348 -13
349 -13
350 -11
351 -13
352 -11
353 -12
354 -15
355 -10
356 -11
357 -13
358 -10
359 -10
360 -12
361 -11
362 -13
363 -11
364 -10
365 -13
366 -12
367 -11
368 -13
369 -13
370 -13
371 -13
372 -12
373 -13
374 -12
375 -12
376 -12
377 -11
378 -13
379 -10
380 -13
381 -13
382 -13
383 -13
384 -11
385 -11
386 -10
387 -11
388 -13
389 -11
390 -57
391 -11
392 -11
393 -10
394 -12
395 -13
396 -13
397 -11
398 -12
399 -13
400 -10
401 -20
402 -10
403 -13
404 -12
405 -11
406 -10
407 -13
408 -11
409 -23
410 -11
411 -10
412 -10
413 -11
414 -19
415 -13
416 -10
417 -11
418 -10
419 -13
420 -11
421 -13
422 -12
423 -11
424 -13
425 -13
426 -13
427 -11
428 -12
429 -13
430 -12
431 -13
432 -12
433 -11
434 -13
435 -13
436 -11
437 -13
438 -12
439 -13
440 -13
441 -12
442 -16
443 -11
444 -13
445 -10
446 -13
447 -11
448 -13
449 -10
450 -13
451 -13
452 -12
453 -11
454 -13
455 -12
456 -11
457 -10
458 -10
459 -13
460 -12
461 -10
462 -10
463 -10
464 -11
465 -10
466 -11
467 -10
468 -13
469 -13
470 -12
471 -10
472 -10
473 -10
474 -12
475 -12
476 -10
477 -16
478 -12
479 -10
480 -10
481 -10
482 -13
483 -10
484 -13
485 -11
486 -13
487 -12
488 -11
489 -13
490 -13
491 -10
492 -13
493 -10
494 -13
495 -13
496 -13
497 -13
498 -13
499 -13
500 -10
501 -10
502 -12
503 -11
504 -10
505 -13
506 -10
507 -10
508 -13
509 -10
510 -13
511 -12
512 -13
513 -13
514 -10
515 -13
516 -12
517 -12
518 -13
519 -13
520 -13
521 -11
522 -10
523 -13
524 -13
525 -12
526 -13
527 -13
528 -13
529 -10
530 -13
531 -13
532 -13
533 -19
534 -11
535 -13
536 -10
537 -13
538 -12
539 -11
540 -10
541 -13
542 -11
543 -13
544 -17
545 -13
546 -13
547 -12
548 -10
549 -13
550 -10
551 -10
552 -11
553 -12
554 -12
555 -13
556 -10
557 -13
558 -12
559 -12
560 -10
561 -13
562 -12
563 -12
564 -10
565 -13
566 -12
567 -20
568 -13
569 -12
570 -10
571 -12
572 -13
573 -10
574 -11
575 -11
576 -10
577 -13
578 -13
579 -13
580 -13
581 -11
582 -11
583 -13
584 -10
585 -12
586 -12
587 -15
588 -13
589 -13
590 -12
591 -11
592 -13
593 -12
594 -12
595 -13
596 -13
597 -13
598 -13
599 -11
600 -13
601 -13
602 -13
603 -10
604 -11
605 -12
606 -11
607 -11
608 -11
609 -11
610 -11
611 -11
612 -12
613 -12
614 -10
615 -13
616 -10
617 -13
618 -9
619 -12
620 -13
621 -12
622 -12
623 -12
624 -12
625 -11
626 -13
627 -13
628 -10
629 -10
630 -11
631 -13
632 -10
633 -13
634 -11
635 -13
636 -10
637 -12
638 -11
639 -13
640 -12
641 -10
642 -12
643 -10
644 -12
645 -12
646 -13
647 -11
648 -11
649 -13
650 -13
651 -13
652 -12
653 -17
654 -13
655 -13
656 -11
657 -13
658 -13
659 -13
660 -12
661 -11
662 -12
663 -11
664 -13
665 -10
666 -13
667 -11
668 -10
669 -12
670 -19
671 -13
672 -13
673 -13
674 -11
675 -13
676 -13
677 -13
678 -10
679 -12
680 -12
681 -10
682 -11
683 -12
684 -12
685 -10
686 -10
687 -13
688 -13
689 -13
690 -11
691 -10
692 -13
693 -11
694 -13
695 -12
696 -13
697 -13
698 -11
699 -13
700 -10
701 -12
702 -12
703 -11
704 -12
705 -12
706 -12
707 -13
708 -10
709 -13
710 -13
711 -13
712 -11
713 -13
714 -11
715 -11
716 -11
717 -10
718 -13
719 -13
720 -10
721 -13
722 -12
723 -12
724 -13
725 -12
726 -13
727 -13
728 -13
729 -10
730 -12
731 -12
732 -10
733 -11
734 -12
735 -10
736 -13
737 -9
738 -13
739 -13
740 -13
741 -10
742 -11
743 -13
744 -13
745 -13
746 -13
747 -11
748 -13
749 -9
750 -12
751 -12
752 -11
753 -11
754 -13
755 -12
756 -13
757 -12
758 -12
759 -13
760 -13
761 -13
762 -10
763 -12
764 -12
765 -12
766 -13
767 -13
768 -12
769 -10
770 -12
771 -13
772 -13
773 -12
774 -13
775 -10
776 -13
777 -10
778 -13
779 -11
780 -13
781 -13
782 -12
783 -11
784 -13
785 -13
786 -11
787 -13
788 -13
789 -13
790 -10
791 -12
792 -10
793 -10
794 -13
795 -12
796 -12
797 -13
798 -13
799 -10
800 -11
801 -13
802 -12
803 -11
804 -13
805 -13
806 -11
807 -10
808 -12
809 -12
810 -11
811 -13
812 -11
813 -13
814 -11
815 -10
816 -13
817 -11
818 -12
819 -12
820 -12
821 -13
822 -13
823 -12
824 -10
825 -10
826 -11
827 -13
828 -16
829 -12
830 -12
831 -13
832 -13
833 -16
834 -12
835 -12
836 -10
837 -13
838 -10
839 -10
840 -12
841 -11
842 -10
843 -13
844 -13
845 -11
846 -11
847 -12
848 -11
849 -11
850 -12
851 -12
852 -10
853 -12
854 -12
855 -10
856 -12
857 -10
858 -10
859 -13
860 -13
861 -13
862 -10
863 -12
864 -11
865 -13
866 -12
867 -13
868 -10
869 -13
870 -13
871 -13
872 -13
873 -13
874 -12
875 -10
876 -12
877 -13
878 -13
879 -13
880 -11
881 -10
882 -12
883 -11
884 -14
885 -10
886 -10
887 -13
888 -14
889 -11
890 -13
891 -13
892 -12
893 -10
894 -13
895 -13
896 -13
897 -11
898 -12
899 -10
900 -10
901 -10
902 -13
903 -13
904 -13
905 -13
906 -11
907 -13
908 -10
909 -10
910 -11
911 -10
912 -10
913 -13
914 -10
915 -13
916 -13
917 -11
918 -12
919 -13
920 -10
921 -10
922 -13
923 -11
924 -13
925 -17
926 -16
927 -13
928 -12
929 -11
930 -13
931 -11
932 -13
933 -12
934 -12
935 -12
936 -10
937 -12
938 -13
939 -11
940 -13
941 -11
942 -13
943 -10
944 -13
945 -10
946 -13
947 -13
948 -13
949 -11
950 -12
951 -11
952 -13
953 -13
954 -13
955 -10
956 -10
957 -10
958 -13
959 -13
960 -13
961 -11
962 -11
963 -12
964 -13
965 -13
966 -10
967 -12
968 -13
969 -12
970 -13
971 -13
972 -13
973 -13
974 -14
975 -13
976 -13
977 -13
978 -13
979 -11
980 -13
981 -13
982 -13
983 -13
984 -11
985 -11
986 -10
987 -11
988 -11
989 -13
990 -13
991 -12
992 -13
993 -11
994 -11
995 -13
996 -12
997 -12
998 -11
999 -13
