0 -11
1 -11
2 -13
3 -10
4 -13
5 -10
6 -10
7 -13
8 -13
9 -12
10 -13
11 -13
12 -11
13 -11
14 -11
15 -13
16 -13
17 -13
18 -11
19 -11
20 -13
21 -13
22 -13
23 -10
24 -16
25 -10
26 -10
27 -13
28 -12
29 -11
30 -13
31 -10
32 -12
33 -12
34 -11
35 -13
36 -11
37 -13
38 -10
39 -13
40 -10
41 -12
42 -19
43 -13
44 -13
45 -13
46 -10
47 -13
48 -13
49 -10
50 -13
51 -11
52 -10
53 -11
54 -11
55 -17
56 -11
57 -10
58 -13
59 -13
60 -13
61 -11
62 -10
63 -13
64 -13
65 -13
66 -11
67 -10
68 -12
69 -11
70 -10
71 -12
72 -12
73 -11
74 -13
75 -13
76 -10
77 -13
78 -10
79 -13
80 -10
81 -13
82 -12
83 -12
84 -11
85 -10
86 -11
87 -10
88 -11
89 -13
90 -15
91 -12
92 -11
93 -12
94 -11
95 -11
96 -12
97 -12
98 -10
99 -10
100 -10
101 -11
102 -10
103 -12
104 -12
105 -11
106 -13
107 -13
108 -12
109 -10
110 -20
111 -13
112 -13
113 -13
114 -13
115 -13
116 -12
117 -13
118 -10
119 -13
120 -13
121 -10
122 -13
123 -11
124 -12
125 -13
126 -10
127 -10
128 -12
129 -13
130 -10
131 -11
132 -12
133 -12
134 -13
135 -10
136 -12
137 -13
138 -11
139 -13
140 -13
141 -10
142 -13
143 -10
144 -13
145 -13
146 -11
147 -13
148 -12
149 -12
150 -13
151 -13
152 -12
153 -13
154 -13
155 -17
156 -11
157 -12
158 -11
159 -13
160 -11
161 -13
162 -13
163 -11
164 -13
165 -13
166 -10
167 -11
168 -10
169 -13
170 -12
171 -13
172 -17
173 -10
174 -11
175 -13
176 -10
177 -12
178 -11
179 -12
180 -12
181 -10
182 -13
183 -10
184 -12
185 -13
186 -13
187 -13
188 -13
189 -13
190 -12
191 -11
192 -10
193 -11
194 -11
195 -11
196 -12
197 -10
198 -11
199 -10
200 -10
201 -13
202 -12
203 -13
204 -10
205 -13
206 -11
207 -11
208 -16
209 -11
210 -11
211 -13
212 -13
213 -10
214 -13
215 -13
216 -10
217 -12
218 -13
219 -10
220 -10
221 -10
222 -10
223 -11
224 -10
225 -10
226 -12
227 -16
228 -12
229 -13
230 -11
231 -10
232 -11
233 -13
234 -13
235 -12
236 -11
237 -11
238 -12
239 -13
240 -13
241 -12
242 -13
243 -13
244 -10
245 -12
246 -11
247 -11
248 -13
249 -15
250 -13
251 -11
252 -10
253 -10
254 -10
255 -13
256 -12
257 -10
258 -13
259 -21
260 -10
261 -12
262 -11
263 -10
264 -13
265 -12
266 -11
267 -12
268 -13
269 -13
270 -13
271 -15
272 -13
273 -11
274 -13
275 -11
276 -13
277 -13
278 -13
279 -13
280 -11
281 -10
282 -10
283 -10
284 -13
285 -12
286 -10
287 -12
288 -10
289 -11
290 -11
291 -12
292 -10
293 -11
294 -10
295 -12
296 -13
297 -10
298 -10
299 -10
300 -10
301 -13
302 -10
303 -11
304 -13
305 -11
306 -13
307 -13
308 -11
309 -11
310 -11
311 -11
312 -10
313 -13
314 -12
315 -12
316 -11
317 -13
318 -13
319 -20
320 -10
321 -10
322 -13
323 -11
324 -13
325 -13
326 -13
327 -11
328 -10
329 -12
330 -10
331 -13
332 -12
333 -13
334 -16
335 -11
336 -13
337 -11
338 -12
339 -12
340 -12
341 -12
342 -17
343 -14
344 -10
345 -13
346 -12
347 -16
348 -13
349 -10
350 -10
351 -11
352 -10
353 -13
354 -11
355 -13
356 -11
357 -11
358 -13
359 -13
360 -13
361 -12
362 -13
363 -13
364 -13
365 -13
366 -10
367 -13
368 -10
369 -13
370 -13
371 -10
372 -13
373 -12
374 -12
375 -13
376 -13
377 -10
378 -12
379 -11
380 -13
381 -10
382 -13
383 -13
384 -13
385 -13
386 -13
387 -10
388 -13
389 -11
390 -13
391 -13
392 -12
393 -13
394 -12
395 -10
396 -10
397 -11
398 -16
399 -10
400 -13
401 -13
402 -12
403 -12
404 -11
405 -11
406 -12
407 -10
408 -12
409 -12
410 -13
411 -13
412 -13
413 -13
414 -11
415 -13
416 -12
417 -14
418 -13
419 -13
420 -14
421 -13
422 -10
423 -13
424 -11
425 -12
426 -13
427 -13
428 -12
429 -10
430 -13
431 -10
432 -10
433 -13
434 -10
435 -13
436 -13
437 -12
438 -13
439 -13
440 -13
441 -10
442 -12
443 -12
444 -11
445 -18
446 -12
447 -13
448 -13
449 -13
450 -13
451 -10
452 -13
453 -10
454 -11
455 -11
456 -11
457 -13
458 -12
459 -10
460 -11
461 -11
462 -13
463 -12
464 -13
465 -12
466 -12
467 -11
468 -12
469 -13
470 -13
471 -13
472 -10
473 -13
474 -10
475 -13
476 -11
477 -11
478 -13
479 -13
480 -13
481 -18
482 -10
483 -12
484 -13
485 -13
486 -13
487 -12
488 -12
489 -12
490 -12
491 -13
492 -12
493 -12
494 -13
495 -12
496 -10
497 -10
498 -13
499 -13
500 -11
501 -12
502 -13
503 -13
504 -10
505 -10
506 -11
507 -13
508 -13
509 -11
510 -10
511 -13
512 -11
513 -12
514 -11
515 -12
516 -10
517 -13
518 -13
519 -11
520 -12
521 -10
522 -10
523 -10
524 -12
525 -11
526 -12
527 -13
528 -13
529 -13
530 -12
531 -10
532 -10
533 -12
534 -10
535 -11
536 -19
537 -13
538 -13
539 -13
540 -14
541 -13
542 -10
543 -13
544 -12
545 -13
546 -10
547 -10
548 -13
549 -10
550 -12
551 -10
552 -13
553 -10
554 -13
555 -13
556 -10
557 -10
558 -11
559 -11
560 -12
561 -11
562 -10
563 -17
564 -13
565 -11
566 -13
567 -13
568 -10
569 -13
570 -13
571 -10
572 -10
573 -10
574 -13
575 -13
576 -13
577 -11
578 -12
579 -16
580 -11
581 -13
582 -13
583 -10
584 -10
585 -13
586 -13
587 -11
588 -13
589 -10
590 -13
591 -13
592 -11
593 -13
594 -13
595 -12
596 -14
597 -13
598 -11
599 -11
600 -12
601 -12
602 -17
603 -13
604 -11
605 -11
606 -13
607 -13
608 -10
609 -10
610 -13
611 -12
612 -15
613 -13
614 -10
615 -13
616 -13
617 -13
618 -12
619 -13
620 -11
621 -13
622 -13
623 -13
624 -11
625 -12
626 -10
627 -10
628 -12
629 -11
630 -10
631 -11
632 -10
633 -12
634 -12
635 -13
636 -13
637 -11
638 -11
639 -12
640 -13
641 -13
642 -13
643 -12
644 -10
645 -11
646 -11
647 -13
648 -10
649 -13
650 -11
651 -13
652 -13
653 -10
654 -13
655 -10
656 -12
657 -13
658 -13
659 -10
660 -10
661 -13
662 -13
663 -11
664 -11
665 -12
666 -13
667 -12
668 -10
669 -13
670 -13
671 -13
672 -10
673 -12
674 -10
675 -10
676 -13
677 -17
678 -13
679 -11
680 -12
681 -12
682 -13
683 -13
684 -12
685 -13
686 -13
687 -12
688 -13
689 -13
690 -10
691 -10
692 -12
693 -13
694 -10
695 -13
696 -13
697 -11
698 -10
699 -11
700 -10
701 -12
702 -13
703 -12
704 -11
705 -11
706 -12
707 -10
708 -13
709 -10
710 -11
711 -10
712 -11
713 -13
714 -11
715 -10
716 -13
717 -10
718 -13
719 -15
720 -12
721 -12
722 -13
723 -11
724 -11
725 -12
726 -13
727 -16
728 -13
729 -11
730 -11
731 -13
732 -11
733 -12
734 -12
735 -12
736 -10
737 -11
738 -10
739 -10
740 -12
741 -12
742 -12
743 -12
744 -16
745 -11
746 -13
747 -13
748 -13
749 -12
750 -11
751 -13
752 -10
753 -13
754 -12
755 -10
756 -13
757 -13
758 -13
759 -11
760 -10
761 -19
762 -12
763 -11
764 -13
765 -13
766 -15
767 -13
768 -11
769 -10
770 -12
771 -13
772 -11
773 -11
774 -10
775 -12
776 -10
777 -12
778 -10
779 -11
780 -16
781 -12
782 -13
783 -98
784 -11
785 -13
786 -12
787 -12
788 -13
789 -12
790 -10
791 -10
792 -10
793 -11
794 -13
795 -13
796 -10
797 -12
798 -12
799 -12
800 -11
801 -13
802 -11
803 -16
804 -13
805 -13
806 -13
807 -13
808 -11
809 -13
810 -13
811 -13
812 -13
813 -12
814 -13
815 -13
816 -13
817 -12
818 -11
819 -12
820 -11
821 -13
822 -10
823 -10
824 -10
825 -12
826 -13
827 -13
828 -11
829 -10
830 -10
831 -16
832 -13
833 -13
834 -13
835 -13
836 -13
837 -13
838 -13
839 -13
840 -11
841 -13
842 -11
843 -12
844 -12
845 -13
846 -10
847 -13
848 -12
849 -10
850 -12
851 -16
852 -10
853 -13
854 -10
855 -13
856 -10
857 -10
858 -11
859 -13
860 -13
861 -11
862 -11
863 -10
864 -13
865 -11
866 -10
867 -12
868 -12
869 -12
870 -13
871 -11
872 -11
873 -11
874 -10
875 -13
876 -13
877 -10
878 -10
879 -10
880 -11
881 -13
882 -13
883 -12
884 -13
885 -11
886 -12
887 -13
888 -12
889 -12
890 -11
891 -10
892 -13
893 -13
894 -11
895 -10
896 -13
897 -12
898 -10
899 -13
900 -13
901 -12
902 -12
903 -10
904 -10
905 -13
906 -11
907 -12
908 -13
909 -12
910 -13
911 -17
912 -13
913 -13
914 -13
915 -13
916 -13
917 -12
918 -11
919 -9
920 -13
921 -11
922 -12
923 -13
924 -12
925 -13
926 -12
927 -13
928 -13
929 -13
930 -13
931 -10
932 -10
933 -14
934 -10
935 -11
936 -11
937 -10
938 -13
939 -12
940 -11
941 -13
942 -12
943 -12
944 -13
945 -13
946 -16
947 -12
948 -13
949 -10
950 -10
951 -13
952 -13
953 -13
954 -13
955 -13
956 -13
957 -11
958 -11
959 -13
960 -12
961 -13
962 -11
963 -10
964 -13
965 -11
966 -13
967 -12
968 -13
969 -12
970 -12
971 -11
972 -16
973 -13
974 -11
975 -11
976 -13
977 -10
978 -13
979 -12
980 -13
981 -12
982 -13
983 -13
984 -11
985 -12
986 -11
987 -12
988 -10
989 -13
990 -10
991 -13
992 -13
993 -13
994 -10
995 -13
996 -13
997 -13
998 -17
999 -11
