0 -13
1 -13
2 -11
3 -13
4 -20
5 -13
6 -12
7 -10
8 -13
9 -12
10 -12
11 -13
12 -10
13 -12
14 -10
15 -13
16 -20
17 -11
18 -11
19 -10
20 -11
21 -13
22 -10
23 -13
24 -13
25 -13
26 -13
27 -11
28 -11
29 -16
30 -13
31 -13
32 -13
33 -12
34 -17
35 -13
36 -11
37 -13
38 -12
39 -32
40 -13
41 -11
42 -13
43 -13
44 -11
45 -10
46 -13
47 -20
48 -12
49 -10
50 -12
51 -12
52 -11
53 -13
54 -10
55 -11
56 -13
57 -11
58 -10
59 -13
60 -11
61 -12
62 -13
63 -10
64 -10
65 -10
66 -13
67 -10
68 -11
69 -17
70 -13
71 -11
72 -12
73 -13
74 -12
75 -12
76 -11
77 -12
78 -11
79 -13
80 -13
81 -12
82 -11
83 -13
84 -12
85 -13
86 -13
87 -10
88 -10
89 -13
90 -13
91 -10
92 -12
93 -13
94 -13
95 -10
96 -13
97 -13
98 -10
99 -13
100 -12
101 -10
102 -13
103 -13
104 -11
105 -13
106 -13
107 -10
108 -13
109 -13
110 -11
111 -13
112 -10
113 -12
114 -15
115 -12
116 -10
117 -11
118 -10
119 -10
120 -13
121 -10
122 -12
123 -12
124 -13
125 -10
126 -15
127 -11
128 -11
129 -13
130 -11
131 -15
132 -13
133 -13
134 -10
135 -12
136 -13
137 -13
138 -13
139 -12
140 -11
141 -11
142 -11
143 -11
144 -14
145 -12
146 -19
147 -13
148 -13
149 -13
150 -15
151 -13
152 -10
153 -11
154 -11
155 -12
156 -10
157 -10
158 -13
159 -10
160 -13
161 -12
162 -10
163 -12
164 -12
165 -13
166 -13
167 -12
168 -10
169 -12
170 -10
171 -10
172 -10
173 -13
174 -11
175 -12
176 -12
177 -12
178 -10
179 -13
180 -10
181 -11
182 -12
183 -13
184 -11
185 -10
186 -13
187 -11
188 -13
189 -12
190 -11
191 -13
192 -11
193 -10
194 -13
195 -13
196 -12
197 -13
198 -11
199 -10
200 -11
201 -10
202 -11
203 -11
204 -11
205 -12
206 -10
207 -10
208 -11
209 -13
210 -16
211 -11
212 -13
213 -11
214 -12
215 -10
216 -13
217 -12
218 -11
219 -13
220 -19
221 -12
222 -13
223 -12
224 -13
225 -11
226 -13
227 -13
228 -11
229 -12
230 -12
231 -11
232 -10
233 -13
234 -12
235 -12
236 -11
237 -13
238 -13
239 -12
240 -10
241 -10
242 -11
243 -12
244 -13
245 -10
246 -12
247 -11
248 -10
249 -13
250 -11
251 -13
252 -11
253 -12
254 -11
255 -13
256 -13
257 -13
258 -13
259 -10
260 -11
261 -13
262 -11
263 -11
264 -11
265 -12
266 -10
267 -11
268 -13
269 -13
270 -11
271 -12
272 -13
273 -11
274 -11
275 -15
276 -12
277 -10
278 -12
279 -10
280 -12
281 -11
282 -10
283 -10
284 -12
285 -13
286 -13
287 -11
288 -13
289 -10
290 -11
291 -16
292 -10
293 -12
294 -10
295 -13
296 -10
297 -11
298 -12
299 -11
300 -11
301 -13
302 -12
303 -13
304 -12
305 -12
306 -12
307 -13
308 -10
309 -12
310 -13
311 -13
312 -10
313 -11
314 -11
315 -13
316 -11
317 -11
318 -10
319 -12
320 -10
321 -19
322 -13
323 -11
324 -13
325 -12
326 -12
327 -10
328 -11
329 -13
330 -12
331 -13
332 -12
333 -11
334 -13
335 -13
336 -12
337 -11
338 -12
339 -11
340 -11
341 -10
342 -13
343 -13
344 -12
345 -11
346 -13
347 -12
348 -11
349 -11
350 -11
351 -12
352 -10
353 -13
354 -12
355 -13
356 -10
357 -10
358 -11
359 -12
360 -13
361 -10
362 -11
363 -12
364 -13
365 -18
366 -13
367 -22
368 -13
369 -12
370 -10
371 -13
372 -11
373 -12
374 -10
375 -12
376 -11
377 -10
378 -20
379 -12
380 -10
381 -11
382 -13
383 -11
384 -13
385 -11
386 -73
387 -13
388 -11
389 -12
390 -11
391 -12
392 -16
393 -10
394 -13
395 -12
396 -23
397 -11
398 -13
399 -13
400 -13
401 -13
402 -10
403 -13
404 -11
405 -13
406 -13
407 -10
408 -18
409 -11
410 -10
411 -13
412 -13
413 -11
414 -13
415 -10
416 -12
417 -11
418 -13
419 -13
420 -11
421 -20
422 -12
423 -19
424 -12
425 -11
426 -13
427 -11
428 -13
429 -12
430 -12
431 -13
432 -13
433 -13
434 -17
435 -11
436 -13
437 -13
438 -12
439 -11
440 -13
441 -12
442 -12
443 -11
444 -12
445 -13
446 -13
447 -15
448 -11
449 -16
450 -10
451 -13
452 -13
453 -13
454 -11
455 -11
456 -11
457 -11
458 -10
459 -13
460 -11
461 -13
462 -13
463 -13
464 -11
465 -13
466 -12
467 -13
468 -13
469 -13
470 -13
471 -11
472 -12
473 -12
474 -11
475 -10
476 -11
477 -10
478 -13
479 -11
480 -11
481 -15
482 -12
483 -12
484 -13
485 -13
486 -10
487 -10
488 -13
489 -10
490 -12
491 -10
492 -13
493 -10
494 -13
495 -12
496 -13
497 -12
498 -13
499 -10
500 -12
501 -11
502 -11
503 -13
504 -13
505 -11
506 -11
507 -13
508 -13
509 -13
510 -12
511 -13
512 -13
513 -13
514 -11
515 -13
516 -10
517 -10
518 -13
519 -13
520 -10
521 -12
522 -10
523 -11
524 -12
525 -13
526 -12
527 -12
528 -13
529 -13
530 -11
531 -11
532 -10
533 -10
534 -13
535 -11
536 -12
537 -13
538 -13
539 -11
540 -10
541 -13
542 -10
543 -13
544 -11
545 -13
546 -13
547 -10
548 -12
549 -11
550 -11
551 -16
552 -13
553 -11
554 -15
555 -13
556 -15
557 -10
558 -11
559 -13
560 -10
561 -12
562 -12
563 -10
564 -11
565 -11
566 -10
567 -12
568 -10
569 -12
570 -13
571 -10
572 -12
573 -11
574 -12
575 -13
576 -13
577 -10
578 -13
579 -11
580 -11
581 -12
582 -13
583 -13
584 -12
585 -11
586 -13
587 -10
588 -12
589 -10
590 -11
591 -13
592 -13
593 -11
594 -10
595 -19
596 -13
597 -11
598 -10
599 -13
600 -10
601 -13
602 -10
603 -10
604 -10
605 -10
606 -13
607 -11
608 -13
609 -11
610 -11
611 -13
612 -11
613 -10
614 -10
615 -17
616 -12
617 -81
618 -11
619 -13
620 -13
621 -11
622 -11
623 -13
624 -11
625 -13
626 -13
627 -13
628 -13
629 -15
630 -13
631 -12
632 -13
633 -13
634 -10
635 -12
636 -10
637 -12
638 -16
639 -11
640 -13
641 -13
642 -13
643 -11
644 -13
645 -11
646 -12
647 -13
648 -10
649 -14
650 -13
651 -13
652 -15
653 -13
654 -11
655 -13
656 -13
657 -11
658 -11
659 -13
660 -11
661 -12
662 -13
663 -10
664 -11
665 -13
666 -12
667 -12
668 -12
669 -10
670 -11
671 -13
672 -13
673 -13
674 -14
675 -11
676 -11
677 -12
678 -13
679 -10
680 -10
681 -10
682 -13
683 -11
684 -11
685 -13
686 -13
687 -12
688 -11
689 -11
690 -11
691 -13
692 -13
693 -12
694 -12
695 -10
696 -13
697 -10
698 -10
699 -11
700 -12
701 -10
702 -13
703 -11
704 -13
705 -16
706 -10
707 -13
708 -10
709 -10
710 -13
711 -13
712 -12
713 -13
714 -11
715 -10
716 -12
717 -11
718 -12
719 -13
720 -12
721 -10
722 -13
723 -11
724 -12
725 -10
726 -11
727 -13
728 -13
729 -13
730 -13
731 -13
732 -13
733 -13
734 -14
735 -13
736 -11
737 -13
738 -17
739 -13
740 -11
741 -12
742 -13
743 -10
744 -13
745 -11
746 -12
747 -15
748 -12
749 -12
750 -13
751 -12
752 -12
753 -12
754 -13
755 -12
756 -12
757 -13
758 -13
759 -11
760 -11
761 -10
762 -13
763 -11
764 -11
765 -11
766 -13
767 -16
768 -10
769 -13
770 -15
771 -12
772 -12
773 -10
774 -11
775 -13
776 -13
777 -13
778 -10
779 -11
780 -13
781 -13
782 -11
783 -11
784 -12
785 -11
786 -11
787 -11
788 -13
789 -10
790 -13
791 -12
792 -12
793 -13
794 -10
795 -11
796 -13
797 -11
798 -12
799 -13
800 -13
801 -13
802 -10
803 -11
804 -13
805 -11
806 -13
807 -11
808 -10
809 -13
810 -10
811 -11
812 -12
813 -9
814 -13
815 -13
816 -13
817 -13
818 -12
819 -12
820 -13
821 -11
822 -10
823 -10
824 -13
825 -13
826 -12
827 -12
828 -10
829 -11
830 -10
831 -10
832 -13
833 -14
834 -12
835 -13
836 -11
837 -13
838 -11
839 -10
840 -13
841 -13
842 -11
843 -13
844 -13
845 -17
846 -13
847 -10
848 -11
849 -13
850 -11
851 -12
852 -12
853 -10
854 -10
855 -13
856 -11
857 -10
858 -13
859 -10
860 -12
861 -11
862 -10
863 -13
864 -12
865 -12
866 -11
867 -13
868 -10
869 -13
870 -12
871 -10
872 -13
873 -10
874 -10
875 -11
876 -12
877 -12
878 -13
879 -10
880 -11
881 -13
882 -11
883 -12
884 -10
885 -15
886 -10
887 -13
888 -12
889 -12
890 -13
891 -12
892 -13
893 -13
894 -11
895 -13
896 -13
897 -15
898 -10
899 -13
900 -13
901 -12
902 -11
903 -13
904 -10
905 -11
906 -15
907 -12
908 -12
909 -13
910 -13
911 -15
912 -13
913 -10
914 -17
915 -13
916 -16
917 -11
918 -16
919 -10
920 -13
921 -13
922 -13
923 -13
924 -13
925 -10
926 -12
927 -10
928 -13
929 -11
930 -13
931 -11
932 -10
933 -13
934 -12
935 -12
936 -15
937 -12
938 -12
939 -10
940 -11
941 -10
942 -13
943 -13
944 -13
945 -13
946 -10
947 -13
948 -11
949 -12
950 -10
951 -10
952 -13
953 -11
954 -10
955 -13
956 -10
957 -11
958 -10
959 -16
960 -11
961 -13
962 -12
963 -13
964 -13
965 -12
966 -11
967 -13
968 -10
969 -14
970 -13
971 -13
972 -10
973 -12
974 -10
975 -10
976 -10
977 -13
978 -10
979 -12
980 -13
981 -10
982 -12
983 -11
984 -13
985 -11
986 -10
987 -13
988 -20
989 -10
990 -12
991 -11
992 -13
993 -11
994 -11
995 -13
996 -12
997 -13
998 -13
999 -13
