0 -12
1 -11
2 -13
3 -13
4 -13
5 -12
6 -12
7 -12
8 -10
9 -15
10 -11
11 -12
12 -11
13 -12
14 -11
15 -10
16 -13
17 -13
18 -13
19 -10
20 -10
21 -12
22 -13
23 -13
24 -10
25 -12
26 -12
27 -10
28 -13
29 -10
30 -13
31 -11
32 -13
33 -10
34 -14
35 -13
36 -13
37 -10
38 -12
39 -13
40 -10
41 -13
42 -13
43 -11
44 -13
45 -13
46 -10
47 -13
48 -11
49 -12
50 -13
51 -12
52 -13
53 -10
54 -10
55 -13
56 -11
57 -12
58 -11
59 -13
60 -13
61 -13
62 -12
63 -11
64 -11
65 -11
66 -13
67 -13
68 -10
69 -13
70 -13
71 -11
72 -11
73 -13
74 -12
75 -13
76 -13
77 -12
78 -12
79 -13
80 -11
81 -11
82 -13
83 -12
84 -11
85 -13
86 -13
87 -16
88 -13
89 -11
90 -13
91 -17
92 -13
93 -13
94 -12
95 -13
96 -13
97 -12
98 -10
99 -13
100 -10
101 -12
102 -13
103 -13
104 -10
105 -20
106 -13
107 -13
108 -13
109 -13
110 -12
111 -12
112 -13
113 -13
114 -13
115 -13
116 -12
117 -19
118 -10
119 -11
120 -11
121 -12
122 -12
123 -11
124 -12
125 -13
126 -10
127 -13
128 -15
129 -15
130 -13
131 -13
132 -11
133 -10
134 -13
135 -13
136 -13
137 -10
138 -13
139 -13
140 -13
141 -13
142 -13
143 -13
144 -12
145 -10
146 -11
147 -13
148 -12
149 -13
150 -11
151 -11
152 -11
153 -12
154 -12
155 -12
156 -12
157 -13
158 -10
159 -13
160 -13
161 -13
162 -13
163 -10
164 -12
165 -13
166 -13
167 -13
168 -13
169 -10
170 -13
171 -10
172 -13
173 -12
174 -14
175 -13
176 -11
177 -10
178 -10
179 -10
180 -11
181 -12
182 -10
183 -10
184 -10
185 -13
186 -12
187 -19
188 -13
189 -11
190 -13
191 -10
192 -11
193 -13
194 -10
195 -10
196 -16
197 -11
198 -13
199 -10
200 -13
201 -11
202 -10
203 -13
204 -13
205 -10
206 -13
207 -13
208 -11
209 -13
210 -10
211 -14
212 -10
213 -12
214 -12
215 -11
216 -13
217 -11
218 -13
219 -13
220 -10
221 -10
222 -11
223 -13
224 -11
225 -13
226 -12
227 -11
228 -12
229 -13
230 -13
231 -12
232 -13
233 -13
234 -10
235 -10
236 -10
237 -13
238 -12
239 -11
240 -12
241 -13
242 -12
243 -13
244 -10
245 -12
246 -13
247 -12
248 -13
249 -13
250 -11
251 -21
252 -10
253 -13
254 -13
255 -11
256 -13
257 -12
258 -12
259 -10
260 -13
261 -12
262 -10
263 -13
264 -11
265 -11
266 -13
267 -10
268 -13
269 -13
270 -13
271 -12
272 -10
273 -12
274 -11
275 -10
276 -16
277 -13
278 -10
279 -13
280 -10
281 -10
282 -11
283 -13
284 -12
285 -10
286 -13
287 -13
288 -11
289 -12
290 -11
291 -11
292 -10
293 -12
294 -11
295 -13
296 -10
297 -16
298 -10
299 -11
300 -16
301 -12
302 -11
303 -13
304 -13
305 -10
306 -13
307 -10
308 -11
309 -10
310 -12
311 -10
312 -13
313 -13
314 -12
315 -11
316 -11
317 -12
318 -12
319 -21
320 -13
321 -17
322 -10
323 -10
324 -10
325 -11
326 -13
327 -10
328 -13
329 -12
330 -10
331 -13
332 -13
333 -13
334 -11
335 -12
336 -13
337 -12
338 -13
339 -10
340 -13
341 -11
342 -13
343 -10
344 -10
345 -13
346 -12
347 -10
348 -11
349 -13
350 -10
351 -11
352 -11
353 -13
354 -10
355 -13
356 -10
357 -10
358 -12
359 -13
360 -11
361 -10
362 -10
363 -10
364 -11
365 -11
366 -13
367 -13
368 -10
369 -13
370 -13
371 -13
372 -12
373 -11
374 -11
375 -13
376 -11
377 -13
378 -13
379 -10
380 -10
381 -13
382 -13
383 -12
384 -10
385 -10
386 -13
387 -13
388 -12
389 -13
390 -13
391 -13
392 -13
393 -13
394 -13
395 -13
396 -13
397 -13
398 -13
399 -13
400 -11
401 -20
402 -13
403 -12
404 -11
405 -12
406 -12
407 -10
408 -13
409 -12
410 -11
411 -13
412 -13
413 -10
414 -10
415 -11
416 -17
417 -19
418 -10
419 -12
420 -11
421 -11
422 -10
423 -10
424 -10
425 -10
426 -10
427 -10
428 -13
429 -13
430 -12
431 -13
432 -17
433 -13
434 -13
435 -12
436 -13
437 -13
438 -13
439 -12
440 -14
441 -13
442 -10
443 -13
444 -13
445 -13
446 -10
447 -13
448 -13
449 -13
450 -13
451 -13
452 -11
453 -13
454 -13
455 -13
456 -13
457 -10
458 -12
459 -13
460 -13
461 -12
462 -13
463 -10
464 -10
465 -10
466 -13
467 -10
468 -15
469 -10
470 -13
471 -11
472 -13
473 -11
474 -10
475 -13
476 -10
477 -11
478 -12
479 -12
480 -11
481 -12
482 -12
483 -11
484 -12
485 -13
486 -12
487 -11
488 -12
489 -13
490 -13
491 -12
492 -13
493 -11
494 -20
495 -12
496 -12
497 -13
498 -13
499 -13
500 -13
501 -10
502 -13
503 -13
504 -13
505 -13
506 -10
507 -10
508 -13
509 -13
510 -15
511 -11
512 -13
513 -13
514 -13
515 -20
516 -12
517 -10
518 -13
519 -13
520 -10
521 -11
522 -13
523 -10
524 -13
525 -13
526 -19
527 -12
528 -13
529 -13
530 -10
531 -11
532 -13
533 -13
534 -10
535 -13
536 -13
537 -11
538 -12
539 -12
540 -11
541 -10
542 -11
543 -11
544 -13
545 -13
546 -10
547 -11
548 -10
549 -10
550 -10
551 -11
552 -12
553 -12
554 -12
555 -13
556 -13
557 -12
558 -14
559 -12
560 -12
561 -13
562 -13
563 -13
564 -13
565 -11
566 -12
567 -11
568 -11
569 -12
570 -21
571 -11
572 -13
573 -12
574 -12
575 -10
576 -13
577 -13
578 -12
579 -12
580 -12
581 -13
582 -13
583 -11
584 -13
585 -11
586 -11
587 -12
588 -13
589 -13
590 -11
591 -10
592 -12
593 -11
594 -10
595 -11
596 -10
597 -10
598 -13
599 -16
600 -13
601 -13
602 -11
603 -13
604 -12
605 -12
606 -12
607 -13
608 -12
609 -12
610 -12
611 -13
612 -13
613 -13
614 -10
615 -13
616 -18
617 -11
618 -12
619 -13
620 -13
621 -13
622 -13
623 -13
624 -10
625 -11
626 -11
627 -10
628 -10
629 -11
630 -12
631 -10
632 -13
633 -13
634 -11
635 -12
636 -12
637 -13
638 -47
639 -14
640 -11
641 -12
642 -13
643 -11
644 -13
645 -13
646 -10
647 -10
648 -10
649 -13
650 -13
651 -13
652 -12
653 -13
654 -21
655 -12
656 -13
657 -12
658 -13
659 -13
660 -12
661 -12
662 -10
663 -11
664 -11
665 -12
666 -11
667 -13
668 -11
669 -12
670 -12
671 -11
672 -12
673 -11
674 -12
675 -10
676 -10
677 -13
678 -12
679 -11
680 -13
681 -13
682 -10
683 -13
684 -13
685 -10
686 -13
687 -10
688 -13
689 -11
690 -11
691 -11
692 -11
693 -13
694 -10
695 -11
696 -11
697 -13
698 -10
699 -10
700 -10
701 -10
702 -11
703 -11
704 -11
705 -10
706 -13
707 -13
708 -12
709 -11
710 -12
711 -11
712 -10
713 -12
714 -11
715 -12
716 -11
717 -10
718 -12
719 -10
720 -11
721 -13
722 -13
723 -12
724 -12
725 -10
726 -11
727 -10
728 -11
729 -13
730 -13
731 -12
732 -11
733 -11
734 -10
735 -12
736 -12
737 -10
738 -11
739 -13
740 -10
741 -12
742 -13
743 -13
744 -13
745 -13
746 -13
747 -13
748 -13
749 -11
750 -13
751 -12
752 -11
753 -12
754 -11
755 -13
756 -10
757 -10
758 -10
759 -13
760 -17
761 -11
762 -13
763 -12
764 -10
765 -11
766 -13
767 -11
768 -10
769 -11
770 -11
771 -11
772 -10
773 -13
774 -13
775 -11
776 -12
777 -12
778 -13
779 -13
780 -12
781 -11
782 -12
783 -10
784 -13
785 -13
786 -13
787 -19
788 -13
789 -10
790 -10
791 -10
792 -11
793 -12
794 -13
795 -11
796 -13
797 -12
798 -13
799 -13
800 -12
801 -10
802 -13
803 -13
804 -10
805 -13
806 -15
807 -12
808 -11
809 -13
810 -9
811 -11
812 -13
813 -13
814 -11
815 -10
816 -10
817 -10
818 -11
819 -13
820 -13
821 -13
822 -13
823 -11
824 -12
825 -13
826 -13
827 -13
828 -11
829 -10
830 -12
831 -13
832 -12
833 -10
834 -10
835 -12
836 -11
837 -13
838 -12
839 -12
840 -11
841 -10
842 -12
843 -12
844 -13
845 -12
846 -13
847 -11
848 -13
849 -11
850 -12
851 -13
852 -10
853 -10
854 -12
855 -16
856 -13
857 -13
858 -13
859 -13
860 -11
861 -10
862 -13
863 -12
864 -9
865 -12
866 -11
867 -12
868 -13
869 -13
870 -13
871 -12
872 -12
873 -11
874 -11
875 -13
876 -12
877 -13
878 -13
879 -20
880 -12
881 -13
882 -12
883 -12
884 -13
885 -13
886 -13
887 -13
888 -12
889 -11
890 -10
891 -13
892 -10
893 -11
894 -13
895 -13
896 -12
897 -12
898 -10
899 -12
900 -12
901 -11
902 -11
903 -10
904 -13
905 -12
906 -10
907 -11
908 -10
909 -10
910 -13
911 -11
912 -13
913 -13
914 -12
915 -11
916 -13
917 -10
918 -13
919 -10
920 -10
921 -13
922 -13
923 -10
924 -12
925 -11
926 -12
927 -12
928 -13
929 -11
930 -11
931 -12
932 -13
933 -14
934 -12
935 -10
936 -13
937 -10
938 -13
939 -11
940 -13
941 -10
942 -13
943 -13
944 -13
945 -13
946 -11
947 -13
948 -10
949 -13
950 -11
951 -13
952 -12
953 -12
954 -13
955 -13
956 -13
957 -11
958 -13
959 -12
960 -13
961 -11
962 -13
963 -12
964 -12
965 -13
966 -13
967 -16
968 -10
969 -11
970 -10
971 -13
972 -11
973 -13
974 -12
975 -13
976 -13
977 -10
978 -10
979 -10
980 -13
981 -13
982 -10
983 -11
984 -13
985 -12
986 -10
987 -10
988 -13
989 -13
990 -13
991 -12
992 -13
993 -11
994 -11
995 -13
996 -13
997 -13
998 -13
999 -13
