0 -14
1 -13
2 -13
3 -11
4 -12
5 -13
6 -11
7 -10
8 -13
9 -10
10 -10
11 -13
12 -13
13 -12
14 -14
15 -11
16 -12
17 -10
18 -12
19 -10
20 -12
21 -12
22 -10
23 -13
24 -12
25 -10
26 -17
27 -11
28 -13
29 -10
30 -12
31 -10
32 -13
33 -11
34 -11
35 -10
36 -12
37 -11
38 -13
39 -10
40 -10
41 -13
42 -13
43 -11
44 -12
45 -10
46 -11
47 -13
48 -11
49 -17
50 -10
51 -11
52 -21
53 -11
54 -13
55 -13
56 -12
57 -12
58 -12
59 -12
60 -10
61 -12
62 -10
63 -12
64 -12
65 -11
66 -13
67 -13
68 -10
69 -13
70 -13
71 -10
72 -13
73 -10
74 -11
75 -11
76 -13
77 -17
78 -13
79 -13
80 -13
81 -11
82 -12
83 -13
84 -12
85 -10
86 -13
87 -13
88 -10
89 -10
90 -12
91 -11
92 -10
93 -10
94 -11
95 -13
96 -12
97 -12
98 -13
99 -13
100 -13
101 -13
102 -12
103 -13
104 -10
105 -13
106 -11
107 -11
108 -10
109 -13
110 -13
111 -10
112 -13
113 -11
114 -11
115 -12
116 -11
117 -10
118 -12
119 -12
120 -11
121 -13
122 -11
123 -12
124 -13
125 -12
126 -13
127 -12
128 -10
129 -11
130 -13
131 -11
132 -13
133 -11
134 -13
135 -11
136 -11
137 -10
138 -13
139 -13
140 -10
141 -11
142 -12
143 -10
144 -13
145 -13
146 -12
147 -13
148 -11
149 -12
150 -12
151 -11
152 -13
153 -11
154 -12
155 -13
156 -14
157 -13
158 -10
159 -10
160 -13
161 -13
162 -12
163 -13
164 -12
165 -13
166 -12
167 -12
168 -12
169 -12
170 -12
171 -13
172 -16
173 -13
174 -13
175 -13
176 -12
177 -12
178 -10
179 -13
180 -10
181 -10
182 -17
183 -11
184 -12
185 -11
186 -11
187 -10
188 -12
189 -12
190 -11
191 -13
192 -12
193 -13
194 -10
195 -10
196 -13
197 -10
198 -16
199 -11
200 -12
201 -13
202 -13
203 -12
204 -13
205 -12
206 -12
207 -10
208 -11
209 -13
210 -13
211 -13
212 -12
213 -13
214 -10
215 -10
216 -13
217 -13
218 -17
219 -11
220 -11
221 -12
222 -11
223 -12
224 -12
225 -17
226 -12
227 -13
228 -13
229 -13
230 -11
231 -11
232 -13
233 -12
234 -10
235 -13
236 -12
237 -11
238 -10
239 -10
240 -13
241 -12
242 -13
243 -13
244 -11
245 -11
246 -13
247 -12
248 -11
249 -10
250 -10
251 -10
252 -11
253 -13
254 -11
255 -11
256 -10
257 -13
258 -13
259 -12
260 -13
261 -12
262 -12
263 -10
264 -11
265 -12
266 -10
267 -11
268 -11
269 -12
270 -13
271 -11
272 -10
273 -11
274 -13
275 -10
276 -12
277 -12
278 -10
279 -10
280 -10
281 -13
282 -16
283 -11
284 -10
285 -11
286 -12
287 -13
288 -13
289 -13
290 -13
291 -12
292 -13
293 -10
294 -13
295 -13
296 -13
297 -12
298 -11
299 -13
300 -13
301 -13
302 -16
303 -10
304 -10
305 -12
306 -17
307 -10
308 -12
309 -12
310 -13
311 -13
312 -11
313 -11
314 -13
315 -12
316 -10
317 -13
318 -10
319 -13
320 -11
321 -12
322 -13
323 -10
324 -10
325 -10
326 -12
327 -10
328 -12
329 -13
330 -11
331 -13
332 -13
333 -12
334 -12
335 -10
336 -11
337 -13
338 -12
339 -13
340 -13
341 -12
342 -13
343 -13
344 -12
345 -10
346 -11
347 -13
348 -13
349 -12
350 -13
351 -11
352 -13
353 -11
354 -13
355 -17
356 -11
357 -13
358 -10
359 -13
360 -10
361 -12
362 -12
363 -13
364 -10
365 -12
366 -10
367 -13
368 -12
369 -11
370 -11
371 -13
372 -10
373 -11
374 -13
375 -13
376 -11
377 -11
378 -13
379 -12
380 -12
381 -12
382 -10
383 -10
384 -13
385 -13
386 -13
387 -12
388 -13
389 -13
390 -11
391 -10
392 -13
393 -13
394 -12
395 -13
396 -12
397 -11
398 -13
399 -13
400 -10
401 -13
402 -13
403 -17
404 -18
405 -12
406 -14
407 -11
408 -13
409 -11
410 -11
411 -10
412 -11
413 -13
414 -10
415 -10
416 -14
417 -10
418 -10
419 -12
420 -12
421 -11
422 -11
423 -12
424 -11
425 -11
426 -11
427 -16
428 -13
429 -13
430 -12
431 -11
432 -13
433 -10
434 -10
435 -13
436 -13
437 -12
438 -11
439 -13
440 -11
441 -13
442 -13
443 -11
444 -10
445 -10
446 -11
447 -13
448 -12
449 -13
450 -11
451 -11
452 -12
453 -13
454 -11
455 -13
456 -10
457 -10
458 -13
459 -13
460 -10
461 -10
462 -11
463 -13
464 -10
465 -11
466 -13
467 -10
468 -10
469 -13
470 -13
471 -12
472 -11
473 -10
474 -15
475 -13
476 -12
477 -11
478 -13
479 -12
480 -13
481 -13
482 -11
483 -13
484 -16
485 -10
486 -13
487 -13
488 -12
489 -10
490 -11
491 -11
492 -13
493 -12
494 -10
495 -10
496 -13
497 -12
498 -13
499 -12
500 -12
501 -12
502 -10
503 -43
504 -13
505 -11
506 -12
507 -10
508 -12
509 -12
510 -10
511 -13
512 -11
513 -10
514 -12
515 -12
516 -13
517 -13
518 -13
519 -13
520 -13
521 -11
522 -12
523 -13
524 -12
525 -13
526 -11
527 -13
528 -13
529 -10
530 -11
531 -10
532 -13
533 -12
534 -12
535 -13
536 -13
537 -12
538 -13
539 -13
540 -13
541 -11
542 -10
543 -13
544 -11
545 -25
546 -13
547 -12
548 -13
549 -10
550 -10
551 -11
552 -13
553 -10
554 -17
555 -13
556 -10
557 -13
558 -13
559 -13
560 -11
561 -16
562 -11
563 -13
564 -12
565 -10
566 -11
567 -11
568 -10
569 -13
570 -13
571 -11
572 -10
573 -13
574 -12
575 -11
576 -11
577 -13
578 -13
579 -10
580 -18
581 -11
582 -10
583 -11
584 -10
585 -10
586 -13
587 -13
588 -13
589 -13
590 -15
591 -13
592 -13
593 -12
594 -12
595 -10
596 -11
597 -13
598 -12
599 -10
600 -12
601 -11
602 -11
603 -12
604 -10
605 -11
606 -9
607 -12
608 -12
609 -10
610 -13
611 -10
612 -11
613 -12
614 -10
615 -13
616 -13
617 -13
618 -13
619 -13
620 -13
621 -13
622 -12
623 -10
624 -13
625 -13
626 -12
627 -17
628 -12
629 -11
630 -11
631 -10
632 -12
633 -10
634 -10
635 -10
636 -13
637 -10
638 -12
639 -13
640 -10
641 -10
642 -10
643 -13
644 -12
645 -10
646 -13
647 -12
648 -11
649 -10
650 -11
651 -13
652 -13
653 -12
654 -13
655 -12
656 -13
657 -10
658 -17
659 -13
660 -10
661 -12
662 -13
663 -13
664 -10
665 -10
666 -11
667 -13
668 -13
669 -10
670 -12
671 -13
672 -13
673 -13
674 -11
675 -12
676 -12
677 -13
678 -11
679 -10
680 -10
681 -11
682 -13
683 -13
684 -11
685 -10
686 -10
687 -12
688 -11
689 -13
690 -10
691 -11
692 -11
693 -13
694 -13
695 -13
696 -11
697 -13
698 -10
699 -10
700 -13
701 -13
702 -11
703 -10
704 -11
705 -13
706 -12
707 -17
708 -12
709 -13
710 -13
711 -12
712 -13
713 -12
714 -12
715 -13
716 -11
717 -10
718 -11
719 -11
720 -13
721 -11
722 -12
723 -13
724 -12
725 -13
726 -13
727 -13
728 -13
729 -12
730 -10
731 -13
732 -11
733 -13
734 -13
735 -13
736 -13
737 -13
738 -13
739 -10
740 -13
741 -15
742 -10
743 -11
744 -11
745 -12
746 -13
747 -13
748 -12
749 -13
750 -10
751 -11
752 -13
753 -13
754 -13
755 -13
756 -13
757 -13
758 -13
759 -10
760 -13
761 -13
762 -10
763 -10
764 -12
765 -11
766 -12
767 -13
768 -12
769 -10
770 -10
771 -12
772 -13
773 -13
774 -13
775 -13
776 -13
777 -13
778 -11
779 -12
780 -13
781 -11
782 -11
783 -13
784 -11
785 -13
786 -11
787 -13
788 -11
789 -13
790 -13
791 -11
792 -11
793 -10
794 -13
795 -13
796 -11
797 -10
798 -13
799 -13
800 -11
801 -13
802 -10
803 -13
804 -13
805 -12
806 -13
807 -13
808 -12
809 -12
810 -13
811 -10
812 -12
813 -13
814 -13
815 -10
816 -16
817 -13
818 -11
819 -10
820 -11
821 -12
822 -13
823 -13
824 -13
825 -10
826 -13
827 -12
828 -12
829 -13
830 -11
831 -11
832 -13
833 -13
834 -13
835 -16
836 -11
837 -13
838 -13
839 -11
840 -16
841 -13
842 -10
843 -14
844 -10
845 -12
846 -13
847 -13
848 -13
849 -11
850 -13
851 -11
852 -17
853 -10
854 -12
855 -11
856 -13
857 -12
858 -13
859 -11
860 -11
861 -11
862 -10
863 -13
864 -13
865 -10
866 -17
867 -10
868 -10
869 -13
870 -10
871 -10
872 -13
873 -11
874 -13
875 -12
876 -11
877 -10
878 -10
879 -13
880 -11
881 -13
882 -13
883 -11
884 -13
885 -13
886 -13
887 -11
888 -12
889 -12
890 -13
891 -12
892 -10
893 -10
894 -13
895 -11
896 -10
897 -11
898 -12
899 -12
900 -13
901 -13
902 -13
903 -10
904 -13
905 -13
906 -13
907 -12
908 -12
909 -13
910 -17
911 -11
912 -12
913 -12
914 -11
915 -10
916 -11
917 -10
918 -11
919 -13
920 -11
921 -12
922 -12
923 -11
924 -13
925 -11
926 -13
927 -12
928 -13
929 -10
930 -13
931 -13
932 -13
933 -11
934 -13
935 -11
936 -13
937 -16
938 -13
939 -12
940 -10
941 -10
942 -11
943 -12
944 -10
945 -13
946 -13
947 -13
948 -11
949 -15
950 -11
951 -10
952 -12
953 -13
954 -10
955 -13
956 -10
957 -13
958 -13
959 -13
960 -12
961 -11
962 -13
963 -11
964 -11
965 -10
966 -12
967 -17
968 -11
969 -10
970 -13
971 -13
972 -12
973 -11
974 -11
975 -13
976 -12
977 -12
978 -11
979 -13
980 -11
981 -13
982 -12
983 -12
984 -13
985 -11
986 -12
987 -10
988 -11
989 -13
990 -13
991 -10
992 -10
993 -13
994 -13
995 -13
996 -10
997 -10
998 -12
999 -13
