0 -13
1 -13
2 -11
3 -11
4 -11
5 -13
6 -12
7 -12
8 -11
9 -12
10 -13
11 -10
12 -11
13 -10
14 -10
15 -10
16 -10
17 -10
18 -13
19 -11
20 -11
21 -13
22 -13
23 -13
24 -10
25 -10
26 -12
27 -19
28 -13
29 -13
30 -11
31 -11
32 -12
33 -13
34 -10
35 -11
36 -12
37 -12
38 -10
39 -10
40 -11
41 -12
42 -13
43 -12
44 -11
45 -11
46 -11
47 -13
48 -12
49 -11
50 -13
51 -13
52 -11
53 -13
54 -13
55 -10
56 -13
57 -13
58 -13
59 -13
60 -10
61 -14
62 -11
63 -12
64 -10
65 -13
66 -12
67 -12
68 -10
69 -13
70 -13
71 -13
72 -11
73 -11
74 -13
75 -11
76 -10
77 -13
78 -11
79 -16
80 -13
81 -13
82 -12
83 -12
84 -12
85 -11
86 -11
87 -13
88 -11
89 -10
90 -10
91 -12
92 -10
93 -11
94 -11
95 -12
96 -10
97 -10
98 -10
99 -13
100 -13
101 -13
102 -10
103 -13
104 -13
105 -13
106 -13
107 -11
108 -12
109 -12
110 -13
111 -12
112 -12
113 -13
114 -13
115 -13
116 -11
117 -12
118 -13
119 -13
120 -11
121 -12
122 -10
123 -11
124 -10
125 -15
126 -13
127 -13
128 -10
129 -13
130 -10
131 -13
132 -11
133 -13
134 -17
135 -11
136 -11
137 -10
138 -13
139 -11
140 -12
141 -13
142 -12
143 -12
144 -13
145 -13
146 -13
147 -13
148 -11
149 -11
150 -13
151 -10
152 -12
153 -11
154 -12
155 -10
156 -12
157 -13
158 -11
159 -13
160 -11
161 -12
162 -10
163 -15
164 -10
165 -11
166 -10
167 -13
168 -10
169 -13
170 -10
171 -12
172 -11
173 -13
174 -10
175 -10
176 -13
177 -13
178 -13
179 -11
180 -13
181 -19
182 -10
183 -17
184 -12
185 -10
186 -11
187 -12
188 -11
189 -13
190 -10
191 -13
192 -10
193 -13
194 -12
195 -11
196 -10
197 -13
198 -10
199 -10
200 -13
201 -11
202 -11
203 -11
204 -13
205 -12
206 -11
207 -13
208 -13
209 -13
210 -13
211 -10
212 -13
213 -12
214 -13
215 -13
216 -12
217 -10
218 -10
219 -13
220 -11
221 -13
222 -13
223 -10
224 -11
225 -13
226 -10
227 -13
228 -10
229 -13
230 -10
231 -12
232 -13
233 -10
234 -13
235 -11
236 -13
237 -13
238 -12
239 -11
240 -11
241 -12
242 -11
243 -10
244 -13
245 -13
246 -10
247 -14
248 -10
249 -12
250 -13
251 -12
252 -12
253 -10
254 -11
255 -12
256 -12
257 -10
258 -10
259 -11
260 -12
261 -13
262 -13
263 -10
264 -13
265 -11
266 -13
267 -11
268 -12
269 -12
270 -12
271 -12
272 -11
273 -10
274 -11
275 -13
276 -11
277 -11
278 -13
279 -10
280 -13
281 -13
282 -13
283 -12
284 -13
285 -17
286 -13
287 -19
288 -13
289 -10
290 -12
291 -11
292 -10
293 -10
294 -12
295 -20
296 -13
297 -12
298 -11
299 -15
300 -13
301 -13
302 -10
303 -11
304 -12
305 -10
306 -13
307 -12
308 -14
309 -13
310 -13
311 -13
312 -10
313 -13
314 -12
315 -10
316 -13
317 -17
318 -13
319 -10
320 -13
321 -12
322 -13
323 -10
324 -13
325 -13
326 -13
327 -13
328 -12
329 -12
330 -13
331 -12
332 -16
333 -13
334 -13
335 -14
336 -12
337 -12
338 -10
339 -12
340 -11
341 -11
342 -11
343 -13
344 -11
345 -13
346 -11
347 -11
348 -13
349 -10
350 -17
351 -11
352 -13
353 -10
354 -10
355 -13
356 -11
357 -12
358 -12
359 -12
360 -10
361 -13
362 -11
363 -10
364 -13
365 -10
366 -18
367 -12
368 -13
369 -16
370 -18
371 -11
372 -12
373 -13
374 -13
375 -12
376 -11
377 -11
378 -13
379 -10
380 -11
381 -11
382 -13
383 -13
384 -13
385 -11
386 -13
387 -10
388 -11
389 -13
390 -10
391 -11
392 -11
393 -12
394 -10
395 -13
396 -12
397 -11
398 -11
399 -13
400 -12
401 -12
402 -11
403 -11
404 -13
405 -13
406 -10
407 -10
408 -10
409 -10
410 -13
411 -13
412 -13
413 -12
414 -12
415 -13
416 -11
417 -11
418 -10
419 -10
420 -11
421 -10
422 -11
423 -13
424 -12
425 -13
426 -11
427 -13
428 -13
429 -10
430 -13
431 -13
432 -11
433 -12
434 -13
435 -13
436 -12
437 -10
438 -11
439 -13
440 -11
441 -12
442 -13
443 -13
444 -13
445 -12
446 -12
447 -10
448 -13
449 -12
450 -11
451 -11
452 -10
453 -11
454 -10
455 -13
456 -13
457 -13
458 -10
459 -13
460 -13
461 -13
462 -10
463 -13
464 -10
465 -13
466 -11
467 -12
468 -11
469 -10
470 -11
471 -12
472 -17
473 -13
474 -11
475 -13
476 -12
477 -13
478 -12
479 -10
480 -13
481 -10
482 -13
483 -10
484 -11
485 -13
486 -13
487 -11
488 -13
489 -19
490 -12
491 -10
492 -12
493 -13
494 -13
495 -12
496 -10
497 -10
498 -13
499 -10
500 -12
501 -12
502 -10
503 -13
504 -12
505 -13
506 -12
507 -12
508 -13
509 -13
510 -12
511 -13
512 -13
513 -13
514 -19
515 -12
516 -12
517 -13
518 -10
519 -13
520 -12
521 -12
522 -11
523 -13
524 -11
525 -13
526 -11
527 -11
528 -13
529 -13
530 -11
531 -12
532 -13
533 -12
534 -10
535 -13
536 -13
537 -13
538 -10
539 -11
540 -11
541 -10
542 -12
543 -11
544 -11
545 -12
546 -13
547 -11
548 -12
549 -10
550 -13
551 -11
552 -13
553 -12
554 -11
555 -12
556 -13
557 -13
558 -11
559 -10
560 -11
561 -11
562 -13
563 -13
564 -13
565 -11
566 -11
567 -13
568 -13
569 -11
570 -12
571 -13
572 -10
573 -13
574 -13
575 -13
576 -11
577 -13
578 -12
579 -13
580 -13
581 -12
582 -18
583 -10
584 -11
585 -13
586 -13
587 -11
588 -13
589 -10
590 -11
591 -13
592 -11
593 -10
594 -13
595 -13
596 -13
597 -12
598 -13
599 -11
600 -12
601 -13
602 -12
603 -11
604 -10
605 -10
606 -13
607 -13
608 -10
609 -19
610 -10
611 -13
612 -11
613 -13
614 -11
615 -16
616 -12
617 -12
618 -13
619 -12
620 -10
621 -12
622 -13
623 -10
624 -13
625 -13
626 -13
627 -13
628 -10
629 -13
630 -13
631 -13
632 -13
633 -11
634 -10
635 -23
636 -10
637 -12
638 -12
639 -13
640 -11
641 -13
642 -12
643 -15
644 -12
645 -11
646 -13
647 -17
648 -13
649 -13
650 -13
651 -11
652 -11
653 -12
654 -12
655 -11
656 -10
657 -10
658 -13
659 -12
660 -12
661 -13
662 -10
663 -10
664 -13
665 -12
666 -12
667 -10
668 -11
669 -10
670 -13
671 -13
672 -12
673 -10
674 -10
675 -13
676 -13
677 -14
678 -13
679 -12
680 -13
681 -11
682 -13
683 -12
684 -11
685 -13
686 -13
687 -13
688 -13
689 -11
690 -11
691 -12
692 -11
693 -13
694 -13
695 -13
696 -13
697 -10
698 -10
699 -10
700 -12
701 -20
702 -16
703 -11
704 -11
705 -12
706 -12
707 -13
708 -13
709 -10
710 -11
711 -13
712 -13
713 -12
714 -11
715 -13
716 -13
717 -11
718 -11
719 -13
720 -10
721 -13
722 -11
723 -11
724 -13
725 -13
726 -13
727 -13
728 -13
729 -10
730 -13
731 -13
732 -12
733 -11
734 -13
735 -13
736 -12
737 -12
738 -83
739 -10
740 -13
741 -12
742 -12
743 -11
744 -13
745 -13
746 -13
747 -12
748 -10
749 -12
750 -12
751 -12
752 -11
753 -13
754 -11
755 -14
756 -13
757 -11
758 -11
759 -13
760 -12
761 -13
762 -10
763 -10
764 -12
765 -13
766 -10
767 -13
768 -12
769 -13
770 -11
771 -12
772 -13
773 -11
774 -12
775 -10
776 -12
777 -12
778 -11
779 -12
780 -12
781 -11
782 -13
783 -13
784 -12
785 -13
786 -12
787 -12
788 -13
789 -13
790 -13
791 -13
792 -10
793 -12
794 -13
795 -10
796 -11
797 -13
798 -12
799 -13
800 -13
801 -10
802 -11
803 -12
804 -13
805 -10
806 -10
807 -13
808 -13
809 -12
810 -11
811 -13
812 -10
813 -12
814 -10
815 -12
816 -13
817 -11
818 -12
819 -13
820 -13
821 -11
822 -13
823 -13
824 -10
825 -13
826 -10
827 -13
828 -13
829 -12
830 -12
831 -11
832 -11
833 -13
834 -10
835 -13
836 -12
837 -11
838 -10
839 -11
840 -13
841 -13
842 -10
843 -11
844 -13
845 -11
846 -13
847 -12
848 -11
849 -12
850 -13
851 -10
852 -12
853 -13
854 -13
855 -11
856 -13
857 -10
858 -13
859 -12
860 -11
861 -13
862 -13
863 -12
864 -10
865 -11
866 -13
867 -11
868 -13
869 -13
870 -13
871 -12
872 -13
873 -13
874 -11
875 -12
876 -10
877 -13
878 -12
879 -13
880 -10
881 -13
882 -12
883 -11
884 -11
885 -13
886 -12
887 -12
888 -10
889 -12
890 -11
891 -13
892 -11
893 -10
894 -13
895 -11
896 -12
897 -13
898 -11
899 -10
900 -12
901 -11
902 -11
903 -13
904 -10
905 -14
906 -10
907 -11
908 -12
909 -13
910 -13
911 -11
912 -13
913 -10
914 -11
915 -10
916 -13
917 -13
918 -13
919 -12
920 -10
921 -12
922 -13
923 -13
924 -11
925 -13
926 -13
927 -16
928 -12
929 -12
930 -13
931 -12
932 -11
933 -10
934 -11
935 -11
936 -12
937 -15
938 -10
939 -12
940 -12
941 -12
942 -12
943 -10
944 -17
945 -11
946 -12
947 -10
948 -13
949 -13
950 -13
951 -10
952 -11
953 -13
954 -13
955 -12
956 -13
957 -10
958 -12
959 -12
960 -13
961 -10
962 -13
963 -10
964 -13
965 -13
966 -13
967 -17
968 -10
969 -11
970 -11
971 -12
972 -12
973 -11
974 -11
975 -13
976 -13
977 -13
978 -13
979 -12
980 -16
981 -11
982 -12
983 -12
984 -11
985 -12
986 -10
987 -11
988 -11
989 -10
990 -11
991 -10
992 -13
993 -10
994 -12
995 -11
996 -10
997 -10
998 -13
999 -10
