0 -16
1 -12
2 -11
3 -11
4 -11
5 -11
6 -10
7 -11
8 -11
9 -10
10 -10
11 -11
12 -13
13 -10
14 -13
15 -10
16 -10
17 -10
18 -11
19 -13
20 -12
21 -11
22 -11
23 -13
24 -11
25 -13
26 -10
27 -12
28 -13
29 -27
30 -13
31 -11
32 -13
33 -24
34 -11
35 -12
36 -12
37 -13
38 -11
39 -12
40 -13
41 -12
42 -10
43 -11
44 -13
45 -10
46 -13
47 -13
48 -11
49 -11
50 -10
51 -11
52 -11
53 -10
54 -13
55 -11
56 -10
57 -12
58 -13
59 -13
60 -11
61 -13
62 -12
63 -12
64 -11
65 -13
66 -11
67 -13
68 -10
69 -13
70 -13
71 -11
72 -13
73 -10
74 -10
75 -13
76 -12
77 -12
78 -13
79 -11
80 -10
81 -10
82 -10
83 -11
84 -13
85 -12
86 -11
87 -12
88 -10
89 -10
90 -10
91 -11
92 -13
93 -13
94 -13
95 -14
96 -13
97 -20
98 -12
99 -12
100 -10
101 -13
102 -11
103 -13
104 -12
105 -13
106 -11
107 -12
108 -11
109 -13
110 -10
111 -13
112 -13
113 -12
114 -10
115 -12
116 -13
117 -12
118 -13
119 -15
120 -12
121 -13
122 -12
123 -13
124 -10
125 -12
126 -11
127 -13
128 -12
129 -13
130 -13
131 -13
132 -10
133 -13
134 -13
135 -13
136 -13
137 -13
138 -11
139 -13
140 -13
141 -13
142 -12
143 -10
144 -10
145 -12
146 -10
147 -13
148 -10
149 -10
150 -13
151 -11
152 -12
153 -13
154 -13
155 -11
156 -10
157 -11
158 -13
159 -10
160 -11
161 -12
162 -13
163 -12
164 -13
165 -13
166 -13
167 -11
168 -10
169 -11
170 -10
171 -12
172 -10
173 -13
174 -13
175 -11
176 -13
177 -13
178 -13
179 -13
180 -12
181 -11
182 -13
183 -12
184 -13
185 -13
186 -12
187 -13
188 -10
189 -10
190 -12
191 -11
192 -11
193 -10
194 -13
195 -13
196 -12
197 -13
198 -13
199 -12
200 -12
201 -12
202 -11
203 -13
204 -12
205 -12
206 -10
207 -11
208 -18
209 -13
210 -11
211 -11
212 -13
213 -12
214 -11
215 -13
216 -12
217 -11
218 -10
219 -13
220 -12
221 -13
222 -11
223 -10
224 -10
225 -13
226 -13
227 -12
228 -13
229 -13
230 -13
231 -13
232 -10
233 -10
234 -12
235 -10
236 -13
237 -13
238 -13
239 -13
240 -11
241 -13
242 -13
243 -10
244 -10
245 -13
246 -11
247 -18
248 -10
249 -10
250 -10
251 -11
252 -13
253 -13
254 -13
255 -10
256 -11
257 -13
258 -13
259 -13
260 -11
261 -13
262 -11
263 -10
264 -10
265 -13
266 -11
267 -11
268 -11
269 -13
270 -13
271 -10
272 -12
273 -11
274 -12
275 -12
276 -11
277 -13
278 -13
279 -12
280 -13
281 -12
282 -12
283 -12
284 -11
285 -11
286 -11
287 -11
288 -11
289 -12
290 -13
291 -10
292 -12
293 -13
294 -13
295 -10
296 -13
297 -13
298 -13
299 -12
300 -13
301 -12
302 -11
303 -13
304 -13
305 -13
306 -11
307 -10
308 -12
309 -13
310 -10
311 -10
312 -11
313 -28
314 -13
315 -12
316 -13
317 -13
318 -13
319 -13
320 -11
321 -13
322 -13
323 -11
324 -11
325 -13
326 -12
327 -13
328 -12
329 -11
330 -11
331 -13
332 -42
333 -13
334 -11
335 -13
336 -12
337 -10
338 -11
339 -13
340 -12
341 -11
342 -13
343 -13
344 -13
345 -10
346 -13
347 -11
348 -13
349 -10
350 -11
351 -10
352 -10
353 -13
354 -13
355 -13
356 -29
357 -13
358 -12
359 -16
360 -13
361 -12
362 -13
363 -11
364 -12
365 -10
366 -10
367 -10
368 -13
369 -11
370 -13
371 -13
372 -10
373 -12
374 -11
375 -12
376 -13
377 -10
378 -11
379 -13
380 -12
381 -13
382 -11
383 -11
384 -13
385 -11
386 -12
387 -12
388 -13
389 -13
390 -13
391 -10
392 -11
393 -13
394 -13
395 -10
396 -13
397 -12
398 -13
399 -10
400 -10
401 -13
402 -11
403 -10
404 -12
405 -10
406 -13
407 -12
408 -11
409 -13
410 -12
411 -11
412 -13
413 -13
414 -13
415 -13
416 -11
417 -13
418 -12
419 -13
420 -12
421 -11
422 -16
423 -11
424 -11
425 -13
426 -16
427 -13
428 -13
429 -11
430 -11
431 -13
432 -12
433 -11
434 -13
435 -12
436 -13
437 -11
438 -13
439 -13
440 -12
441 -13
442 -11
443 -13
444 -11
445 -10
446 -31
447 -13
448 -12
449 -10
450 -10
451 -10
452 -11
453 -10
454 -10
455 -11
456 -10
457 -12
458 -12
459 -13
460 -11
461 -11
462 -13
463 -10
464 -10
465 -13
466 -12
467 -13
468 -10
469 -50
470 -13
471 -13
472 -11
473 -13
474 -11
475 -10
476 -12
477 -13
478 -13
479 -12
480 -13
481 -37
482 -10
483 -13
484 -13
485 -12
486 -11
487 -12
488 -11
489 -13
490 -13
491 -10
492 -12
493 -11
494 -13
495 -10
496 -13
497 -11
498 -10
499 -10
500 -13
501 -12
502 -12
503 -22
504 -12
505 -13
506 -10
507 -10
508 -10
509 -13
510 -13
511 -10
512 -10
513 -13
514 -13
515 -13
516 -11
517 -10
518 -12
519 -12
520 -13
521 -13
522 -13
523 -11
524 -13
525 -11
526 -12
527 -11
528 -13
529 -13
530 -13
531 -11
532 -13
533 -10
534 -13
535 -10
536 -13
537 -12
538 -11
539 -12
540 -13
541 -10
542 -12
543 -12
544 -13
545 -11
546 -10
547 -12
548 -11
549 -11
550 -13
551 -64
552 -11
553 -10
554 -13
555 -11
556 -13
557 -11
558 -13
559 -11
560 -11
561 -13
562 -27
563 -10
564 -12
565 -13
566 -10
567 -13
568 -13
569 -13
570 -12
571 -13
572 -13
573 -12
574 -13
575 -11
576 -13
577 -12
578 -12
579 -13
580 -12
581 -12
582 -13
583 -13
584 -11
585 -13
586 -13
587 -13
588 -13
589 -10
590 -11
591 -10
592 -13
593 -12
594 -11
595 -11
596 -11
597 -16
598 -13
599 -14
600 -13
601 -11
602 -11
603 -10
604 -11
605 -13
606 -10
607 -11
608 -10
609 -11
610 -13
611 -11
612 -12
613 -12
614 -10
615 -13
616 -10
617 -11
618 -10
619 -13
620 -12
621 -12
622 -13
623 -10
624 -13
625 -10
626 -13
627 -10
628 -11
629 -12
630 -13
631 -44
632 -20
633 -13
634 -13
635 -11
636 -13
637 -13
638 -12
639 -11
640 -13
641 -11
642 -12
643 -12
644 -11
645 -13
646 -12
647 -11
648 -13
649 -13
650 -10
651 -11
652 -10
653 -10
654 -64
655 -13
656 -13
657 -11
658 -13
659 -13
660 -10
661 -12
662 -13
663 -13
664 -13
665 -11
666 -12
667 -36
668 -12
669 -12
670 -10
671 -10
672 -13
673 -13
674 -12
675 -11
676 -13
677 -13
678 -23
679 -13
680 -10
681 -13
682 -11
683 -13
684 -11
685 -10
686 -10
687 -11
688 -13
689 -12
690 -11
691 -11
692 -13
693 -13
694 -13
695 -13
696 -11
697 -12
698 -10
699 -11
700 -11
701 -11
702 -13
703 -12
704 -11
705 -10
706 -11
707 -12
708 -10
709 -47
710 -10
711 -12
712 -12
713 -13
714 -13
715 -13
716 -11
717 -11
718 -11
719 -11
720 -13
721 -12
722 -13
723 -11
724 -13
725 -10
726 -11
727 -13
728 -13
729 -10
730 -13
731 -11
732 -10
733 -11
734 -11
735 -13
736 -12
737 -13
738 -13
739 -11
740 -13
741 -13
742 -10
743 -12
744 -13
745 -12
746 -10
747 -17
748 -13
749 -10
750 -12
751 -12
752 -10
753 -13
754 -12
755 -13
756 -11
757 -12
758 -11
759 -13
760 -13
761 -10
762 -12
763 -13
764 -10
765 -13
766 -11
767 -13
768 -13
769 -13
770 -12
771 -13
772 -13
773 -11
774 -12
775 -13
776 -11
777 -10
778 -12
779 -13
780 -25
781 -12
782 -13
783 -11
784 -13
785 -13
786 -11
787 -13
788 -22
789 -11
790 -11
791 -10
792 -13
793 -13
794 -11
795 -10
796 -13
797 -10
798 -10
799 -13
800 -11
801 -12
802 -13
803 -11
804 -13
805 -13
806 -12
807 -12
808 -10
809 -13
810 -13
811 -13
812 -14
813 -12
814 -15
815 -10
816 -12
817 -13
818 -10
819 -13
820 -10
821 -12
822 -13
823 -11
824 -11
825 -11
826 -13
827 -13
828 -13
829 -11
830 -12
831 -13
832 -12
833 -10
834 -13
835 -13
836 -13
837 -13
838 -11
839 -16
840 -12
841 -10
842 -11
843 -10
844 -10
845 -11
846 -13
847 -10
848 -10
849 -10
850 -12
851 -10
852 -13
853 -11
854 -13
855 -13
856 -11
857 -12
858 -11
859 -12
860 -14
861 -13
862 -10
863 -10
864 -11
865 -11
866 -13
867 -12
868 -11
869 -12
870 -12
871 -12
872 -11
873 -10
874 -15
875 -13
876 -13
877 -13
878 -12
879 -11
880 -13
881 -12
882 -10
883 -11
884 -12
885 -12
886 -13
887 -15
888 -13
889 -11
890 -25
891 -10
892 -10
893 -13
894 -13
895 -13
896 -13
897 -12
898 -10
899 -12
900 -11
901 -43
902 -13
903 -13
904 -13
905 -14
906 -13
907 -17
908 -13
909 -13
910 -10
911 -12
912 -11
913 -13
914 -11
915 -10
916 -11
917 -13
918 -11
919 -10
920 -10
921 -11
922 -13
923 -11
924 -10
925 -13
926 -13
927 -13
928 -13
929 -13
930 -10
931 -13
932 -13
933 -12
934 -10
935 -10
936 -13
937 -12
938 -13
939 -12
940 -12
941 -11
942 -13
943 -13
944 -12
945 -12
946 -10
947 -13
948 -12
949 -13
950 -11
951 -10
952 -13
953 -13
954 -12
955 -11
956 -12
957 -13
958 -13
959 -13
960 -13
961 -13
962 -13
963 -11
964 -13
965 -13
966 -12
967 -12
968 -11
969 -12
970 -10
971 -13
972 -13
973 -13
974 -11
975 -11
976 -12
977 -13
978 -11
979 -12
980 -13
981 -10
982 -12
983 -13
984 -11
985 -11
986 -13
987 -13
988 -73
989 -11
990 -13
991 -10
992 -13
993 -13
994 -13
995 -13
996 -11
997 -13
998 -10
999 -13
