0 -13
1 -12
2 -11
3 -12
4 -10
5 -13
6 -13
7 -11
8 -12
9 -12
10 -12
11 -13
12 -12
13 -12
14 -11
15 -10
16 -11
17 -11
18 -12
19 -10
20 -13
21 -13
22 -13
23 -13
24 -13
25 -13
26 -11
27 -13
28 -11
29 -13
30 -13
31 -13
32 -16
33 -13
34 -12
35 -11
36 -13
37 -13
38 -11
39 -13
40 -13
41 -11
42 -11
43 -12
44 -13
45 -13
46 -13
47 -37
48 -13
49 -10
50 -12
51 -12
52 -12
53 -13
54 -13
55 -11
56 -12
57 -13
58 -11
59 -10
60 -10
61 -13
62 -12
63 -12
64 -13
65 -11
66 -12
67 -10
68 -13
69 -10
70 -10
71 -10
72 -11
73 -12
74 -13
75 -11
76 -12
77 -12
78 -11
79 -13
80 -10
81 -11
82 -12
83 -13
84 -13
85 -12
86 -12
87 -19
88 -12
89 -13
90 -10
91 -11
92 -11
93 -12
94 -13
95 -12
96 -13
97 -12
98 -12
99 -13
100 -10
101 -10
102 -10
103 -13
104 -12
105 -10
106 -11
107 -13
108 -10
109 -12
110 -13
111 -11
112 -10
113 -12
114 -12
115 -10
116 -12
117 -12
118 -10
119 -12
120 -10
121 -10
122 -13
123 -12
124 -13
125 -11
126 -13
127 -11
128 -13
129 -10
130 -13
131 -13
132 -13
133 -10
134 -11
135 -13
136 -10
137 -12
138 -11
139 -12
140 -19
141 -11
142 -12
143 -11
144 -13
145 -12
146 -11
147 -13
148 -11
149 -10
150 -24
151 -13
152 -13
153 -10
154 -12
155 -36
156 -13
157 -13
158 -11
159 -13
160 -13
161 -13
162 -12
163 -11
164 -11
165 -13
166 -13
167 -10
168 -12
169 -12
170 -12
171 -13
172 -10
173 -10
174 -10
175 -13
176 -11
177 -10
178 -12
179 -10
180 -13
181 -11
182 -13
183 -12
184 -12
185 -10
186 -13
187 -10
188 -12
189 -11
190 -12
191 -13
192 -13
193 -13
194 -13
195 -13
196 -11
197 -13
198 -16
199 -10
200 -13
201 -12
202 -13
203 -13
204 -13
205 -11
206 -13
207 -12
208 -10
209 -13
210 -11
211 -13
212 -11
213 -13
214 -11
215 -12
216 -20
217 -11
218 -12
219 -13
220 -13
221 -11
222 -12
223 -13
224 -10
225 -13
226 -10
227 -11
228 -12
229 -13
230 -13
231 -11
232 -13
233 -12
234 -13
235 -11
236 -11
237 -11
238 -11
239 -11
240 -11
241 -11
242 -10
243 -12
244 -10
245 -13
246 -12
247 -12
248 -12
249 -11
250 -13
251 -13
252 -13
253 -13
254 -13
255 -11
256 -13
257 -13
258 -13
259 -10
260 -10
261 -12
262 -12
263 -10
264 -11
265 -13
266 -10
267 -10
268 -16
269 -13
270 -12
271 -10
272 -12
273 -10
274 -12
275 -10
276 -10
277 -14
278 -11
279 -13
280 -11
281 -12
282 -11
283 -10
284 -13
285 -13
286 -11
287 -11
288 -13
289 -12
290 -13
291 -10
292 -12
293 -12
294 -13
295 -17
296 -11
297 -11
298 -13
299 -13
300 -13
301 -12
302 -17
303 -13
304 -13
305 -12
306 -13
307 -10
308 -10
309 -13
310 -10
311 -10
312 -13
313 -13
314 -13
315 -12
316 -10
317 -13
318 -14
319 -13
320 -10
321 -12
322 -11
323 -12
324 -12
325 -16
326 -11
327 -17
328 -12
329 -13
330 -13
331 -10
332 -13
333 -11
334 -11
335 -11
336 -11
337 -13
338 -13
339 -11
340 -13
341 -10
342 -10
343 -13
344 -12
345 -10
346 -11
347 -10
348 -10
349 -12
350 -13
351 -11
352 -11
353 -13
354 -12
355 -78
356 -10
357 -13
358 -13
359 -11
360 -13
361 -16
362 -12
363 -13
364 -11
365 -13
366 -13
367 -13
368 -10
369 -13
370 -10
371 -13
372 -13
373 -11
374 -12
375 -12
376 -12
377 -13
378 -13
379 -13
380 -9
381 -13
382 -13
383 -10
384 -12
385 -12
386 -13
387 -11
388 -11
389 -10
390 -11
391 -11
392 -13
393 -13
394 -11
395 -13
396 -10
397 -13
398 -16
399 -16
400 -13
401 -13
402 -11
403 -10
404 -11
405 -12
406 -12
407 -13
408 -10
409 -13
410 -11
411 -11
412 -13
413 -11
414 -10
415 -11
416 -12
417 -13
418 -12
419 -13
420 -13
421 -12
422 -11
423 -13
424 -13
425 -11
426 -11
427 -10
428 -13
429 -11
430 -12
431 -12
432 -10
433 -11
434 -13
435 -10
436 -10
437 -13
438 -12
439 -18
440 -27
441 -11
442 -12
443 -10
444 -11
445 -10
446 -10
447 -13
448 -13
449 -10
450 -13
451 -10
452 -13
453 -12
454 -13
455 -11
456 -13
457 -13
458 -13
459 -13
460 -13
461 -11
462 -10
463 -12
464 -12
465 -16
466 -11
467 -12
468 -12
469 -13
470 -14
471 -13
472 -12
473 -14
474 -10
475 -13
476 -12
477 -10
478 -10
479 -11
480 -12
481 -11
482 -11
483 -10
484 -10
485 -13
486 -10
487 -13
488 -11
489 -12
490 -11
491 -12
492 -11
493 -11
494 -13
495 -15
496 -10
497 -12
498 -10
499 -13
500 -11
501 -13
502 -11
503 -11
504 -12
505 -13
506 -13
507 -10
508 -13
509 -12
510 -11
511 -13
512 -13
513 -13
514 -13
515 -11
516 -11
517 -10
518 -10
519 -19
520 -13
521 -10
522 -11
523 -13
524 -11
525 -13
526 -13
527 -10
528 -12
529 -11
530 -10
531 -12
532 -11
533 -13
534 -11
535 -13
536 -10
537 -13
538 -11
539 -13
540 -13
541 -13
542 -12
543 -10
544 -11
545 -13
546 -12
547 -13
548 -12
549 -11
550 -12
551 -12
552 -10
553 -13
554 -13
555 -12
556 -11
557 -13
558 -13
559 -10
560 -13
561 -12
562 -10
563 -11
564 -13
565 -13
566 -12
567 -11
568 -10
569 -15
570 -12
571 -11
572 -12
573 -11
574 -11
575 -12
576 -13
577 -10
578 -13
579 -10
580 -13
581 -11
582 -12
583 -13
584 -12
585 -13
586 -13
587 -10
588 -13
589 -13
590 -12
591 -12
592 -16
593 -13
594 -13
595 -11
596 -13
597 -11
598 -10
599 -10
600 -13
601 -13
602 -10
603 -11
604 -10
605 -12
606 -11
607 -13
608 -12
609 -11
610 -11
611 -13
612 -10
613 -13
614 -10
615 -13
616 -11
617 -12
618 -11
619 -12
620 -10
621 -12
622 -13
623 -12
624 -14
625 -13
626 -11
627 -10
628 -12
629 -13
630 -13
631 -10
632 -11
633 -10
634 -12
635 -11
636 -12
637 -12
638 -11
639 -12
640 -11
641 -10
642 -13
643 -13
644 -10
645 -10
646 -10
647 -13
648 -13
649 -10
650 -13
651 -10
652 -13
653 -10
654 -13
655 -13
656 -12
657 -10
658 -13
659 -13
660 -11
661 -10
662 -11
663 -12
664 -10
665 -13
666 -13
667 -11
668 -13
669 -13
670 -11
671 -13
672 -37
673 -11
674 -10
675 -12
676 -11
677 -12
678 -10
679 -13
680 -10
681 -13
682 -12
683 -11
684 -13
685 -10
686 -10
687 -13
688 -12
689 -11
690 -10
691 -13
692 -10
693 -13
694 -12
695 -10
696 -13
697 -13
698 -12
699 -13
700 -12
701 -12
702 -11
703 -11
704 -11
705 -12
706 -12
707 -13
708 -12
709 -13
710 -10
711 -12
712 -13
713 -11
714 -13
715 -13
716 -10
717 -11
718 -12
719 -13
720 -12
721 -11
722 -13
723 -10
724 -10
725 -13
726 -11
727 -11
728 -11
729 -14
730 -13
731 -12
732 -10
733 -13
734 -13
735 -13
736 -11
737 -11
738 -11
739 -10
740 -11
741 -13
742 -13
743 -12
744 -11
745 -13
746 -11
747 -12
748 -10
749 -11
750 -13
751 -11
752 -14
753 -13
754 -13
755 -16
756 -13
757 -13
758 -13
759 -12
760 -10
761 -13
762 -13
763 -11
764 -11
765 -13
766 -13
767 -11
768 -13
769 -12
770 -12
771 -13
772 -13
773 -14
774 -12
775 -12
776 -11
777 -10
778 -10
779 -12
780 -12
781 -13
782 -12
783 -13
784 -11
785 -11
786 -13
787 -12
788 -13
789 -10
790 -13
791 -10
792 -13
793 -13
794 -10
795 -14
796 -13
797 -13
798 -12
799 -11
800 -10
801 -12
802 -11
803 -11
804 -10
805 -12
806 -10
807 -10
808 -10
809 -40
810 -12
811 -13
812 -12
813 -13
814 -10
815 -13
816 -12
817 -10
818 -12
819 -11
820 -13
821 -10
822 -12
823 -11
824 -13
825 -17
826 -11
827 -11
828 -13
829 -10
830 -12
831 -12
832 -12
833 -12
834 -13
835 -11
836 -11
837 -12
838 -10
839 -13
840 -13
841 -12
842 -11
843 -13
844 -10
845 -13
846 -11
847 -12
848 -12
849 -13
850 -11
851 -13
852 -11
853 -13
854 -10
855 -11
856 -12
857 -13
858 -13
859 -13
860 -12
861 -13
862 -10
863 -13
864 -10
865 -10
866 -13
867 -12
868 -13
869 -13
870 -12
871 -12
872 -13
873 -15
874 -13
875 -13
876 -11
877 -10
878 -12
879 -10
880 -17
881 -12
882 -13
883 -12
884 -12
885 -13
886 -11
887 -12
888 -12
889 -10
890 -13
891 -13
892 -12
893 -12
894 -13
895 -13
896 -13
897 -13
898 -10
899 -13
900 -10
901 -13
902 -12
903 -10
904 -13
905 -13
906 -13
907 -11
908 -13
909 -13
910 -10
911 -12
912 -13
913 -11
914 -10
915 -11
916 -12
917 -11
918 -10
919 -13
920 -17
921 -13
922 -13
923 -13
924 -13
925 -10
926 -12
927 -10
928 -11
929 -13
930 -10
931 -13
932 -12
933 -10
934 -11
935 -12
936 -10
937 -13
938 -11
939 -10
940 -13
941 -11
942 -13
943 -11
944 -11
945 -12
946 -11
947 -11
948 -12
949 -13
950 -11
951 -13
952 -12
953 -13
954 -12
955 -13
956 -11
957 -13
958 -13
959 -13
960 -13
961 -13
962 -13
963 -29
964 -13
965 -13
966 -10
967 -13
968 -14
969 -10
970 -10
971 -15
972 -13
973 -11
974 -12
975 -13
976 -13
977 -11
978 -13
979 -10
980 -11
981 -10
982 -11
983 -12
984 -13
985 -11
986 -12
987 -13
988 -12
989 -13
990 -13
991 -11
992 -13
993 -13
994 -13
995 -17
996 -12
997 -12
998 -13
999 -13
