0 -13
1 -11
2 -13
3 -13
4 -12
5 -13
6 -12
7 -17
8 -13
9 -11
10 -10
11 -10
12 -11
13 -13
14 -13
15 -11
16 -13
17 -13
18 -13
19 -11
20 -11
21 -11
22 -10
23 -10
24 -13
25 -11
26 -10
27 -12
28 -10
29 -10
30 -11
31 -11
32 -11
33 -13
34 -11
35 -11
36 -10
37 -10
38 -12
39 -13
40 -13
41 -13
42 -13
43 -12
44 -10
45 -13
46 -10
47 -10
48 -11
49 -13
50 -12
51 -13
52 -10
53 -11
54 -13
55 -13
56 -13
57 -11
58 -12
59 -13
60 -13
61 -12
62 -15
63 -13
64 -10
65 -10
66 -12
67 -13
68 -13
69 -23
70 -13
71 -13
72 -10
73 -11
74 -13
75 -13
76 -12
77 -11
78 -10
79 -13
80 -13
81 -13
82 -10
83 -13
84 -13
85 -13
86 -12
87 -12
88 -11
89 -12
90 -11
91 -11
92 -13
93 -11
94 -13
95 -12
96 -12
97 -10
98 -10
99 -13
100 -12
101 -11
102 -13
103 -11
104 -13
105 -13
106 -13
107 -12
108 -11
109 -13
110 -11
111 -10
112 -10
113 -13
114 -13
115 -10
116 -10
117 -10
118 -13
119 -13
120 -12
121 -17
122 -10
123 -11
124 -10
125 -13
126 -13
127 -10
128 -12
129 -10
130 -10
131 -12
132 -13
133 -13
134 -11
135 -13
136 -10
137 -12
138 -11
139 -13
140 -11
141 -13
142 -12
143 -12
144 -13
145 -10
146 -10
147 -13
148 -13
149 -12
150 -12
151 -10
152 -11
153 -13
154 -10
155 -13
156 -13
157 -13
158 -13
159 -13
160 -13
161 -10
162 -13
163 -10
164 -12
165 -13
166 -10
167 -10
168 -11
169 -12
170 -12
171 -13
172 -11
173 -13
174 -13
175 -12
176 -11
177 -11
178 -11
179 -10
180 -13
181 -13
182 -13
183 -13
184 -10
185 -10
186 -13
187 -12
188 -11
189 -13
190 -12
191 -12
192 -13
193 -13
194 -12
195 -12
196 -12
197 -13
198 -10
199 -12
200 -12
201 -13
202 -13
203 -11
204 -12
205 -13
206 -11
207 -10
208 -13
209 -10
210 -13
211 -10
212 -14
213 -16
214 -13
215 -12
216 -13
217 -13
218 -10
219 -13
220 -13
221 -19
222 -12
223 -12
224 -12
225 -12
226 -12
227 -13
228 -10
229 -19
230 -13
231 -12
232 -13
233 -11
234 -11
235 -13
236 -13
237 -13
238 -10
239 -13
240 -10
241 -13
242 -13
243 -12
244 -10
245 -13
246 -13
247 -10
248 -11
249 -10
250 -13
251 -10
252 -13
253 -10
254 -13
255 -12
256 -11
257 -13
258 -10
259 -13
260 -13
261 -12
262 -13
263 -12
264 -13
265 -9
266 -14
267 -11
268 -13
269 -12
270 -13
271 -13
272 -13
273 -10
274 -10
275 -13
276 -12
277 -11
278 -21
279 -13
280 -11
281 -12
282 -11
283 -12
284 -11
285 -13
286 -10
287 -12
288 -12
289 -11
290 -12
291 -12
292 -12
293 -13
294 -13
295 -13
296 -10
297 -13
298 -13
299 -10
300 -11
301 -12
302 -11
303 -13
304 -12
305 -11
306 -11
307 -12
308 -11
309 -10
310 -16
311 -13
312 -13
313 -11
314 -13
315 -13
316 -12
317 -13
318 -13
319 -11
320 -16
321 -11
322 -16
323 -13
324 -12
325 -11
326 -10
327 -12
328 -10
329 -13
330 -10
331 -13
332 -13
333 -11
334 -13
335 -11
336 -13
337 -13
338 -11
339 -13
340 -10
341 -10
342 -11
343 -11
344 -12
345 -13
346 -23
347 -13
348 -10
349 -13
350 -11
351 -13
352 -13
353 -13
354 -13
355 -13
356 -13
357 -11
358 -10
359 -11
360 -11
361 -11
362 -10
363 -12
364 -13
365 -10
366 -13
367 -12
368 -11
369 -13
370 -13
371 -13
372 -11
373 -13
374 -13
375 -13
376 -10
377 -12
378 -13
379 -11
380 -13
381 -12
382 -11
383 -12
384 -11
385 -20
386 -10
387 -12
388 -13
389 -10
390 -11
391 -13
392 -11
393 -13
394 -13
395 -13
396 -13
397 -13
398 -11
399 -11
400 -12
401 -13
402 -12
403 -13
404 -11
405 -13
406 -12
407 -12
408 -13
409 -10
410 -10
411 -10
412 -10
413 -13
414 -10
415 -11
416 -12
417 -10
418 -13
419 -11
420 -13
421 -12
422 -10
423 -11
424 -13
425 -13
426 -10
427 -10
428 -11
429 -11
430 -20
431 -13
432 -13
433 -11
434 -10
435 -13
436 -13
437 -13
438 -17
439 -12
440 -10
441 -10
442 -13
443 -11
444 -10
445 -12
446 -12
447 -12
448 -10
449 -13
450 -13
451 -13
452 -11
453 -10
454 -13
455 -13
456 -12
457 -11
458 -13
459 -10
460 -13
461 -12
462 -11
463 -12
464 -11
465 -13
466 -11
467 -10
468 -10
469 -13
470 -11
471 -13
472 -10
473 -13
474 -13
475 -10
476 -11
477 -12
478 -12
479 -13
480 -12
481 -12
482 -11
483 -12
484 -11
485 -13
486 -11
487 -13
488 -10
489 -10
490 -12
491 -12
492 -13
493 -13
494 -11
495 -16
496 -11
497 -10
498 -12
499 -17
500 -10
501 -11
502 -11
503 -10
504 -10
505 -11
506 -10
507 -10
508 -13
509 -12
510 -12
511 -13
512 -10
513 -11
514 -10
515 -13
516 -10
517 -13
518 -13
519 -13
520 -11
521 -10
522 -13
523 -13
524 -11
525 -10
526 -14
527 -13
528 -13
529 -13
530 -12
531 -13
532 -13
533 -10
534 -13
535 -11
536 -13
537 -12
538 -13
539 -12
540 -11
541 -13
542 -10
543 -12
544 -13
545 -12
546 -13
547 -11
548 -12
549 -11
550 -16
551 -13
552 -13
553 -20
554 -11
555 -12
556 -11
557 -11
558 -13
559 -10
560 -13
561 -13
562 -11
563 -10
564 -10
565 -13
566 -13
567 -12
568 -10
569 -13
570 -13
571 -10
572 -13
573 -10
574 -12
575 -10
576 -11
577 -10
578 -11
579 -13
580 -12
581 -13
582 -13
583 -13
584 -13
585 -12
586 -12
587 -13
588 -13
589 -13
590 -13
591 -13
592 -10
593 -12
594 -12
595 -13
596 -13
597 -10
598 -13
599 -13
600 -12
601 -13
602 -13
603 -10
604 -13
605 -10
606 -12
607 -13
608 -10
609 -12
610 -13
611 -11
612 -13
613 -13
614 -11
615 -13
616 -13
617 -13
618 -11
619 -12
620 -12
621 -13
622 -13
623 -10
624 -10
625 -11
626 -13
627 -10
628 -12
629 -11
630 -13
631 -13
632 -12
633 -12
634 -11
635 -13
636 -13
637 -13
638 -12
639 -13
640 -10
641 -10
642 -10
643 -13
644 -13
645 -10
646 -10
647 -11
648 -13
649 -19
650 -13
651 -11
652 -11
653 -12
654 -13
655 -11
656 -13
657 -13
658 -11
659 -11
660 -10
661 -12
662 -12
663 -10
664 -13
665 -12
666 -10
667 -13
668 -13
669 -15
670 -10
671 -13
672 -11
673 -13
674 -12
675 -12
676 -11
677 -12
678 -11
679 -12
680 -13
681 -13
682 -12
683 -10
684 -13
685 -13
686 -13
687 -10
688 -13
689 -11
690 -11
691 -12
692 -13
693 -13
694 -11
695 -17
696 -12
697 -13
698 -13
699 -13
700 -13
701 -12
702 -13
703 -12
704 -11
705 -13
706 -13
707 -13
708 -17
709 -11
710 -13
711 -13
712 -11
713 -13
714 -11
715 -21
716 -10
717 -10
718 -14
719 -13
720 -11
721 -11
722 -11
723 -12
724 -10
725 -13
726 -13
727 -11
728 -12
729 -11
730 -11
731 -10
732 -11
733 -10
734 -10
735 -12
736 -12
737 -13
738 -10
739 -10
740 -13
741 -13
742 -11
743 -10
744 -13
745 -13
746 -11
747 -12
748 -11
749 -13
750 -13
751 -12
752 -13
753 -10
754 -10
755 -10
756 -13
757 -11
758 -11
759 -13
760 -14
761 -12
762 -10
763 -10
764 -10
765 -12
766 -13
767 -12
768 -10
769 -12
770 -11
771 -10
772 -13
773 -13
774 -11
775 -10
776 -13
777 -11
778 -11
779 -11
780 -11
781 -11
782 -10
783 -11
784 -13
785 -12
786 -10
787 -18
788 -13
789 -10
790 -10
791 -11
792 -10
793 -12
794 -10
795 -13
796 -12
797 -19
798 -11
799 -11
800 -13
801 -13
802 -13
803 -11
804 -13
805 -11
806 -11
807 -12
808 -13
809 -11
810 -12
811 -13
812 -13
813 -10
814 -13
815 -13
816 -13
817 -10
818 -12
819 -13
820 -11
821 -13
822 -12
823 -13
824 -12
825 -9
826 -13
827 -11
828 -12
829 -11
830 -11
831 -11
832 -11
833 -12
834 -10
835 -13
836 -11
837 -10
838 -12
839 -11
840 -12
841 -13
842 -12
843 -11
844 -10
845 -13
846 -12
847 -11
848 -12
849 -10
850 -12
851 -12
852 -13
853 -13
854 -11
855 -12
856 -12
857 -11
858 -13
859 -13
860 -13
861 -10
862 -11
863 -11
864 -10
865 -13
866 -13
867 -12
868 -12
869 -13
870 -10
871 -12
872 -10
873 -10
874 -10
875 -12
876 -13
877 -12
878 -13
879 -10
880 -13
881 -13
882 -10
883 -11
884 -16
885 -13
886 -13
887 -12
888 -11
889 -12
890 -9
891 -12
892 -13
893 -11
894 -13
895 -13
896 -13
897 -10
898 -10
899 -13
900 -11
901 -13
902 -11
903 -10
904 -13
905 -13
906 -13
907 -11
908 -13
909 -11
910 -10
911 -12
912 -13
913 -13
914 -13
915 -11
916 -13
917 -13
918 -13
919 -12
920 -11
921 -12
922 -13
923 -13
924 -12
925 -11
926 -10
927 -13
928 -13
929 -12
930 -13
931 -13
932 -13
933 -11
934 -13
935 -12
936 -17
937 -12
938 -12
939 -13
940 -12
941 -13
942 -11
943 -10
944 -11
945 -13
946 -13
947 -12
948 -12
949 -13
950 -12
951 -12
952 -11
953 -11
954 -11
955 -10
956 -11
957 -11
958 -17
959 -13
960 -13
961 -13
962 -13
963 -11
964 -10
965 -11
966 -13
967 -12
968 -11
969 -12
970 -13
971 -11
972 -12
973 -78
974 -12
975 -11
976 -12
977 -13
978 -11
979 -13
980 -10
981 -13
982 -11
983 -13
984 -12
985 -13
986 -12
987 -13
988 -10
989 -11
990 -13
991 -11
992 -12
993 -11
994 -13
995 -10
996 -11
997 -13
998 -11
999 -10
