0 -11
1 -10
2 -10
3 -12
4 -12
5 -13
6 -12
7 -17
8 -12
9 -17
10 -10
11 -11
12 -12
13 -17
14 -11
15 -12
16 -10
17 -12
18 -17
19 -12
20 -12
21 -10
22 -17
23 -11
24 -11
25 -11
26 -17
27 -12
28 -12
29 -17
30 -10
31 -16
32 -11
33 -17
34 -11
35 -10
36 -17
37 -17
38 -11
39 -17
40 -17
41 -10
42 -12
43 -17
44 -17
45 -17
46 -11
47 -17
48 -12
49 -12
50 -17
51 -12
52 -12
53 -11
54 -10
55 -10
56 -32
57 -17
58 -17
59 -10
60 -11
61 -17
62 -16
63 -11
64 -10
65 -17
66 -17
67 -12
68 -11
69 -11
70 -17
71 -17
72 -11
73 -17
74 -17
75 -17
76 -10
77 -17
78 -17
79 -11
80 -17
81 -11
82 -12
83 -17
84 -17
85 -17
86 -11
87 -10
88 -17
89 -12
90 -17
91 -29
92 -17
93 -17
94 -12
95 -17
96 -17
97 -17
98 -17
99 -12
100 -10
101 -17
102 -17
103 -12
104 -12
105 -17
106 -50
107 -10
108 -10
109 -10
110 -17
111 -24
112 -12
113 -17
114 -10
115 -10
116 -10
117 -17
118 -12
119 -10
120 -12
121 -17
122 -10
123 -11
124 -17
125 -17
126 -12
127 -17
128 -12
129 -11
130 -17
131 -17
132 -17
133 -17
134 -16
135 -17
136 -17
137 -67
138 -10
139 -10
140 -17
141 -17
142 -12
143 -17
144 -17
145 -10
146 -17
147 -10
148 -17
149 -10
150 -17
151 -17
152 -17
153 -10
154 -12
155 -17
156 -17
157 -11
158 -12
159 -17
160 -17
161 -17
162 -83
163 -11
164 -11
165 -16
166 -12
167 -11
168 -15
169 -11
170 -17
171 -12
172 -17
173 -11
174 -11
175 -11
176 -11
177 -11
178 -12
179 -17
180 -17
181 -17
182 -10
183 -17
184 -11
185 -17
186 -17
187 -17
188 -11
189 -12
190 -11
191 -17
192 -10
193 -17
194 -17
195 -17
196 -11
197 -10
198 -12
199 -10
200 -11
201 -17
202 -17
203 -12
204 -11
205 -17
206 -17
207 -10
208 -17
209 -17
210 -11
211 -17
212 -17
213 -10
214 -12
215 -17
216 -17
217 -23
218 -17
219 -17
220 -10
221 -17
222 -12
223 -11
224 -10
225 -17
226 -15
227 -11
228 -12
229 -10
230 -12
231 -11
232 -17
233 -17
234 -12
235 -10
236 -12
237 -10
238 -10
239 -17
240 -17
241 -17
242 -17
243 -12
244 -17
245 -10
246 -14
247 -17
248 -11
249 -12
250 -12
251 -17
252 -11
253 -17
254 -11
255 -11
256 -11
257 -12
258 -17
259 -10
260 -17
261 -17
262 -17
263 -11
264 -17
265 -10
266 -17
267 -12
268 -11
269 -10
270 -11
271 -11
272 -17
273 -17
274 -11
275 -12
276 -10
277 -10
278 -10
279 -17
280 -17
281 -17
282 -11
283 -10
284 -17
285 -17
286 -10
287 -24
288 -17
289 -17
290 -17
291 -11
292 -17
293 -12
294 -12
295 -17
296 -11
297 -17
298 -17
299 -17
300 -11
301 -17
302 -17
303 -11
304 -9
305 -17
306 -17
307 -18
308 -17
309 -32
310 -18
311 -11
312 -11
313 -17
314 -17
315 -17
316 -11
317 -17
318 -17
319 -17
320 -11
321 -12
322 -10
323 -17
324 -11
325 -11
326 -12
327 -11
328 -12
329 -17
330 -17
331 -10
332 -17
333 -17
334 -17
335 -15
336 -17
337 -12
338 -12
339 -17
340 -17
341 -11
342 -11
343 -10
344 -12
345 -12
346 -11
347 -17
348 -17
349 -17
350 -12
351 -11
352 -10
353 -17
354 -12
355 -10
356 -17
357 -17
358 -10
359 -10
360 -17
361 -10
362 -11
363 -17
364 -10
365 -11
366 -10
367 -10
368 -17
369 -17
370 -12
371 -17
372 -17
373 -11
374 -12
375 -10
376 -17
377 -12
378 -43
379 -10
380 -12
381 -11
382 -12
383 -10
384 -11
385 -10
386 -11
387 -23
388 -10
389 -17
390 -17
391 -12
392 -12
393 -17
394 -10
395 -10
396 -17
397 -12
398 -10
399 -17
400 -17
401 -17
402 -12
403 -12
404 -17
405 -12
406 -10
407 -22
408 -12
409 -17
410 -26
411 -11
412 -10
413 -17
414 -17
415 -17
416 -12
417 -27
418 -12
419 -24
420 -17
421 -10
422 -12
423 -12
424 -27
425 -11
426 -10
427 -17
428 -11
429 -11
430 -11
431 -11
432 -12
433 -22
434 -17
435 -11
436 -17
437 -12
438 -12
439 -12
440 -17
441 -10
442 -12
443 -12
444 -10
445 -17
446 -17
447 -17
448 -17
449 -17
450 -10
451 -10
452 -10
453 -10
454 -11
455 -11
456 -17
457 -12
458 -11
459 -11
460 -17
461 -12
462 -17
463 -17
464 -71
465 -11
466 -12
467 -11
468 -10
469 -17
470 -12
471 -11
472 -11
473 -12
474 -17
475 -11
476 -12
477 -10
478 -11
479 -17
480 -11
481 -17
482 -10
483 -17
484 -11
485 -12
486 -12
487 -17
488 -10
489 -10
490 -17
491 -11
492 -17
493 -11
494 -12
495 -12
496 -17
497 -29
498 -17
499 -12
500 -11
501 -12
502 -12
503 -17
504 -11
505 -12
506 -17
507 -12
508 -11
509 -13
510 -13
511 -10
512 -74
513 -79
514 -17
515 -17
516 -10
517 -17
518 -12
519 -17
520 -10
521 -16
522 -11
523 -12
524 -17
525 -10
526 -119
527 -15
528 -17
529 -17
530 -24
531 -12
532 -12
533 -12
534 -17
535 -12
536 -11
537 -10
538 -17
539 -17
540 -17
541 -11
542 -17
543 -10
544 -10
545 -11
546 -17
547 -10
548 -12
549 -17
550 -10
551 -17
552 -17
553 -17
554 -10
555 -17
556 -10
557 -17
558 -11
559 -10
560 -17
561 -10
562 -10
563 -12
564 -17
565 -10
566 -11
567 -17
568 -17
569 -14
570 -17
571 -17
572 -10
573 -17
574 -11
575 -10
576 -65
577 -17
578 -11
579 -12
580 -11
581 -10
582 -12
583 -10
584 -12
585 -17
586 -10
587 -17
588 -17
589 -11
590 -10
591 -17
592 -17
593 -17
594 -12
595 -10
596 -12
597 -11
598 -11
599 -12
600 -31
601 -10
602 -17
603 -10
604 -11
605 -10
606 -12
607 -17
608 -10
609 -12
610 -10
611 -10
612 -17
613 -10
614 -12
615 -17
616 -10
617 -10
618 -12
619 -12
620 -12
621 -11
622 -17
623 -17
624 -11
625 -22
626 -17
627 -10
628 -11
629 -20
630 -10
631 -11
632 -12
633 -12
634 -12
635 -17
636 -10
637 -17
638 -17
639 -11
640 -10
641 -10
642 -10
643 -17
644 -10
645 -105
646 -17
647 -17
648 -10
649 -10
650 -10
651 -10
652 -17
653 -17
654 -17
655 -12
656 -12
657 -19
658 -12
659 -17
660 -12
661 -17
662 -17
663 -17
664 -12
665 -12
666 -12
667 -17
668 -12
669 -11
670 -77
671 -10
672 -17
673 -10
674 -10
675 -17
676 -17
677 -10
678 -17
679 -17
680 -17
681 -10
682 -17
683 -12
684 -24
685 -19
686 -12
687 -10
688 -10
689 -11
690 -11
691 -11
692 -17
693 -17
694 -20
695 -17
696 -17
697 -17
698 -10
699 -10
700 -12
701 -12
702 -17
703 -17
704 -43
705 -12
706 -17
707 -12
708 -11
709 -12
710 -10
711 -12
712 -17
713 -11
714 -12
715 -12
716 -14
717 -10
718 -12
719 -11
720 -12
721 -17
722 -10
723 -14
724 -17
725 -13
726 -17
727 -10
728 -17
729 -11
730 -10
731 -17
732 -12
733 -11
734 -10
735 -12
736 -17
737 -11
738 -17
739 -12
740 -11
741 -10
742 -11
743 -12
744 -11
745 -10
746 -17
747 -11
748 -10
749 -12
750 -17
751 -30
752 -11
753 -11
754 -12
755 -17
756 -12
757 -17
758 -11
759 -17
760 -10
761 -17
762 -10
763 -10
764 -26
765 -17
766 -12
767 -17
768 -17
769 -11
770 -17
771 -17
772 -12
773 -17
774 -11
775 -17
776 -10
777 -17
778 -11
779 -17
780 -12
781 -12
782 -10
783 -11
784 -17
785 -10
786 -12
787 -17
788 -17
789 -11
790 -11
791 -12
792 -17
793 -17
794 -12
795 -11
796 -12
797 -10
798 -12
799 -11
800 -10
801 -10
802 -17
803 -17
804 -10
805 -11
806 -10
807 -17
808 -12
809 -12
810 -11
811 -17
812 -79
813 -17
814 -17
815 -17
816 -17
817 -15
818 -10
819 -17
820 -17
821 -17
822 -10
823 -17
824 -17
825 -11
826 -10
827 -10
828 -10
829 -17
830 -11
831 -10
832 -17
833 -11
834 -17
835 -17
836 -17
837 -17
838 -17
839 -10
840 -11
841 -11
842 -17
843 -17
844 -17
845 -12
846 -17
847 -12
848 -12
849 -17
850 -17
851 -11
852 -17
853 -17
854 -12
855 -35
856 -11
857 -10
858 -10
859 -10
860 -12
861 -17
862 -12
863 -10
864 -17
865 -17
866 -11
867 -10
868 -10
869 -17
870 -11
871 -12
872 -17
873 -17
874 -12
875 -12
876 -11
877 -17
878 -31
879 -17
880 -11
881 -10
882 -12
883 -12
884 -12
885 -11
886 -12
887 -12
888 -12
889 -12
890 -10
891 -17
892 -17
893 -17
894 -12
895 -10
896 -12
897 -17
898 -17
899 -17
900 -10
901 -12
902 -17
903 -12
904 -11
905 -12
906 -11
907 -12
908 -22
909 -10
910 -11
911 -10
912 -10
913 -11
914 -10
915 -10
916 -17
917 -17
918 -17
919 -17
920 -17
921 -12
922 -12
923 -17
924 -17
925 -17
926 -17
927 -17
928 -17
929 -11
930 -10
931 -11
932 -17
933 -12
934 -17
935 -17
936 -20
937 -11
938 -11
939 -17
940 -11
941 -12
942 -17
943 -17
944 -10
945 -17
946 -10
947 -11
948 -17
949 -12
950 -12
951 -12
952 -17
953 -10
954 -17
955 -17
956 -17
957 -17
958 -11
959 -11
960 -17
961 -11
962 -12
963 -17
964 -17
965 -28
966 -10
967 -10
968 -10
969 -11
970 -12
971 -17
972 -17
973 -11
974 -17
975 -17
976 -10
977 -10
978 -10
979 -17
980 -11
981 -10
982 -9
983 -17
984 -17
985 -12
986 -16
987 -11
988 -17
989 -10
990 -13
991 -12
992 -48
993 -11
994 -11
995 -12
996 -10
997 -17
998 -11
999 -12
