0 -13
1 -12
2 -10
3 -10
4 -21
5 -10
6 -13
7 -12
8 -16
9 -10
10 -13
11 -12
12 -12
13 -15
14 -13
15 -12
16 -13
17 -10
18 -13
19 -11
20 -13
21 -12
22 -13
23 -13
24 -13
25 -13
26 -12
27 -13
28 -13
29 -11
30 -10
31 -11
32 -10
33 -12
34 -13
35 -10
36 -10
37 -10
38 -11
39 -12
40 -11
41 -13
42 -13
43 -10
44 -12
45 -13
46 -13
47 -12
48 -10
49 -13
50 -11
51 -11
52 -10
53 -13
54 -10
55 -17
56 -13
57 -10
58 -12
59 -13
60 -13
61 -11
62 -12
63 -11
64 -12
65 -10
66 -11
67 -13
68 -10
69 -12
70 -12
71 -11
72 -10
73 -13
74 -16
75 -12
76 -17
77 -13
78 -11
79 -13
80 -13
81 -16
82 -13
83 -12
84 -13
85 -11
86 -13
87 -10
88 -13
89 -11
90 -13
91 -12
92 -13
93 -11
94 -11
95 -13
96 -15
97 -18
98 -12
99 -11
100 -13
101 -11
102 -10
103 -10
104 -11
105 -12
106 -13
107 -14
108 -11
109 -13
110 -13
111 -10
112 -12
113 -13
114 -13
115 -11
116 -13
117 -13
118 -14
119 -10
120 -13
121 -12
122 -13
123 -11
124 -13
125 -13
126 -17
127 -11
128 -13
129 -13
130 -13
131 -13
132 -10
133 -12
134 -12
135 -11
136 -20
137 -13
138 -11
139 -13
140 -12
141 -12
142 -43
143 -14
144 -17
145 -12
146 -13
147 -13
148 -12
149 -12
150 -13
151 -10
152 -13
153 -10
154 -11
155 -13
156 -11
157 -13
158 -13
159 -13
160 -12
161 -13
162 -12
163 -11
164 -10
165 -11
166 -11
167 -13
168 -13
169 -11
170 -11
171 -13
172 -12
173 -10
174 -10
175 -12
176 -13
177 -10
178 -13
179 -13
180 -11
181 -13
182 -13
183 -9
184 -12
185 -11
186 -12
187 -12
188 -13
189 -16
190 -10
191 -12
192 -13
193 -11
194 -11
195 -11
196 -11
197 -13
198 -13
199 -12
200 -11
201 -13
202 -10
203 -13
204 -11
205 -12
206 -12
207 -10
208 -12
209 -13
210 -10
211 -10
212 -13
213 -13
214 -11
215 -13
216 -10
217 -10
218 -18
219 -10
220 -11
221 -11
222 -13
223 -12
224 -10
225 -10
226 -11
227 -13
228 -10
229 -12
230 -11
231 -10
232 -13
233 -11
234 -12
235 -13
236 -11
237 -13
238 -13
239 -12
240 -12
241 -11
242 -13
243 -15
244 -13
245 -10
246 -12
247 -11
248 -10
249 -10
250 -12
251 -11
252 -10
253 -12
254 -12
255 -13
256 -11
257 -10
258 -12
259 -12
260 -13
261 -13
262 -12
263 -11
264 -10
265 -13
266 -13
267 -14
268 -12
269 -11
270 -11
271 -17
272 -10
273 -10
274 -13
275 -11
276 -11
277 -13
278 -13
279 -11
280 -13
281 -13
282 -13
283 -12
284 -10
285 -13
286 -10
287 -10
288 -10
289 -13
290 -11
291 -13
292 -13
293 -11
294 -10
295 -11
296 -13
297 -10
298 -13
299 -13
300 -12
301 -10
302 -10
303 -13
304 -11
305 -11
306 -11
307 -13
308 -13
309 -13
310 -13
311 -13
312 -10
313 -11
314 -11
315 -12
316 -13
317 -13
318 -13
319 -10
320 -10
321 -10
322 -13
323 -10
324 -12
325 -10
326 -13
327 -10
328 -11
329 -12
330 -12
331 -11
332 -13
333 -12
334 -13
335 -13
336 -12
337 -10
338 -16
339 -13
340 -11
341 -13
342 -13
343 -12
344 -13
345 -13
346 -12
347 -10
348 -10
349 -13
350 -10
351 -13
352 -11
353 -13
354 -13
355 -12
356 -10
357 -13
358 -13
359 -13
360 -10
361 -13
362 -11
363 -10
364 -13
365 -13
366 -12
367 -10
368 -11
369 -12
370 -10
371 -13
372 -12
373 -10
374 -13
375 -12
376 -10
377 -10
378 -13
379 -13
380 -11
381 -10
382 -10
383 -13
384 -11
385 -13
386 -13
387 -12
388 -11
389 -10
390 -11
391 -12
392 -10
393 -10
394 -13
395 -13
396 -13
397 -10
398 -10
399 -13
400 -13
401 -10
402 -10
403 -13
404 -12
405 -10
406 -12
407 -10
408 -12
409 -13
410 -13
411 -13
412 -10
413 -13
414 -10
415 -16
416 -13
417 -12
418 -11
419 -10
420 -13
421 -11
422 -10
423 -13
424 -12
425 -10
426 -13
427 -11
428 -13
429 -11
430 -12
431 -10
432 -13
433 -13
434 -11
435 -11
436 -11
437 -13
438 -11
439 -13
440 -10
441 -13
442 -11
443 -13
444 -11
445 -13
446 -13
447 -12
448 -13
449 -12
450 -13
451 -17
452 -11
453 -11
454 -12
455 -10
456 -13
457 -13
458 -13
459 -12
460 -16
461 -13
462 -12
463 -12
464 -11
465 -11
466 -13
467 -12
468 -10
469 -12
470 -12
471 -12
472 -11
473 -12
474 -11
475 -12
476 -13
477 -12
478 -12
479 -10
480 -10
481 -21
482 -10
483 -13
484 -11
485 -51
486 -12
487 -13
488 -10
489 -10
490 -13
491 -13
492 -11
493 -13
494 -13
495 -11
496 -10
497 -17
498 -10
499 -11
500 -13
501 -12
502 -13
503 -10
504 -10
505 -13
506 -13
507 -10
508 -10
509 -11
510 -12
511 -13
512 -10
513 -11
514 -12
515 -13
516 -12
517 -13
518 -13
519 -13
520 -17
521 -10
522 -10
523 -11
524 -10
525 -11
526 -12
527 -10
528 -10
529 -12
530 -13
531 -13
532 -13
533 -15
534 -10
535 -10
536 -24
537 -10
538 -11
539 -11
540 -10
541 -11
542 -10
543 -13
544 -11
545 -13
546 -13
547 -11
548 -13
549 -15
550 -20
551 -13
552 -10
553 -12
554 -13
555 -13
556 -12
557 -12
558 -12
559 -13
560 -11
561 -12
562 -10
563 -10
564 -12
565 -10
566 -13
567 -13
568 -13
569 -12
570 -12
571 -12
572 -13
573 -13
574 -13
575 -12
576 -10
577 -13
578 -10
579 -11
580 -12
581 -13
582 -13
583 -12
584 -13
585 -13
586 -10
587 -13
588 -12
589 -13
590 -13
591 -11
592 -12
593 -10
594 -13
595 -13
596 -10
597 -13
598 -13
599 -10
600 -13
601 -11
602 -11
603 -10
604 -13
605 -13
606 -13
607 -11
608 -11
609 -12
610 -10
611 -13
612 -10
613 -12
614 -10
615 -13
616 -12
617 -10
618 -13
619 -13
620 -10
621 -10
622 -12
623 -12
624 -21
625 -13
626 -10
627 -17
628 -11
629 -10
630 -12
631 -13
632 -13
633 -13
634 -11
635 -10
636 -11
637 -13
638 -20
639 -12
640 -11
641 -13
642 -12
643 -12
644 -10
645 -17
646 -11
647 -13
648 -11
649 -13
650 -13
651 -13
652 -13
653 -12
654 -11
655 -13
656 -10
657 -12
658 -13
659 -11
660 -12
661 -11
662 -11
663 -11
664 -13
665 -10
666 -12
667 -10
668 -11
669 -13
670 -10
671 -11
672 -13
673 -13
674 -13
675 -13
676 -11
677 -11
678 -10
679 -10
680 -13
681 -13
682 -13
683 -12
684 -13
685 -12
686 -10
687 -10
688 -13
689 -10
690 -13
691 -11
692 -11
693 -12
694 -11
695 -13
696 -13
697 -11
698 -11
699 -10
700 -10
701 -10
702 -10
703 -10
704 -13
705 -13
706 -10
707 -12
708 -11
709 -11
710 -11
711 -20
712 -10
713 -13
714 -39
715 -13
716 -10
717 -12
718 -11
719 -11
720 -13
721 -12
722 -10
723 -12
724 -11
725 -12
726 -13
727 -13
728 -13
729 -11
730 -12
731 -13
732 -10
733 -13
734 -13
735 -16
736 -12
737 -10
738 -11
739 -12
740 -11
741 -13
742 -11
743 -13
744 -13
745 -10
746 -13
747 -13
748 -13
749 -13
750 -11
751 -13
752 -11
753 -10
754 -11
755 -13
756 -17
757 -11
758 -13
759 -13
760 -12
761 -12
762 -11
763 -13
764 -10
765 -11
766 -13
767 -10
768 -10
769 -10
770 -10
771 -10
772 -11
773 -12
774 -10
775 -13
776 -11
777 -13
778 -13
779 -13
780 -13
781 -13
782 -9
783 -13
784 -13
785 -10
786 -12
787 -13
788 -12
789 -13
790 -13
791 -12
792 -13
793 -11
794 -12
795 -12
796 -12
797 -10
798 -13
799 -13
800 -11
801 -10
802 -12
803 -13
804 -12
805 -11
806 -12
807 -12
808 -13
809 -12
810 -12
811 -17
812 -12
813 -12
814 -11
815 -13
816 -11
817 -11
818 -13
819 -12
820 -11
821 -13
822 -13
823 -20
824 -13
825 -10
826 -13
827 -13
828 -13
829 -13
830 -12
831 -16
832 -11
833 -13
834 -13
835 -10
836 -14
837 -10
838 -10
839 -11
840 -12
841 -11
842 -13
843 -13
844 -12
845 -13
846 -10
847 -11
848 -10
849 -10
850 -13
851 -10
852 -13
853 -10
854 -13
855 -13
856 -13
857 -10
858 -13
859 -13
860 -10
861 -11
862 -13
863 -13
864 -13
865 -10
866 -13
867 -13
868 -12
869 -13
870 -13
871 -11
872 -11
873 -13
874 -12
875 -12
876 -10
877 -12
878 -12
879 -13
880 -10
881 -11
882 -13
883 -13
884 -13
885 -11
886 -13
887 -11
888 -11
889 -13
890 -13
891 -12
892 -13
893 -13
894 -13
895 -11
896 -12
897 -12
898 -13
899 -11
900 -12
901 -13
902 -11
903 -12
904 -12
905 -13
906 -12
907 -11
908 -17
909 -13
910 -12
911 -13
912 -13
913 -10
914 -11
915 -13
916 -11
917 -12
918 -13
919 -11
920 -13
921 -10
922 -10
923 -13
924 -11
925 -12
926 -11
927 -13
928 -10
929 -10
930 -13
931 -13
932 -10
933 -13
934 -13
935 -13
936 -12
937 -17
938 -13
939 -10
940 -13
941 -10
942 -13
943 -10
944 -12
945 -12
946 -12
947 -11
948 -11
949 -13
950 -11
951 -13
952 -10
953 -12
954 -13
955 -10
956 -13
957 -11
958 -11
959 -13
960 -11
961 -11
962 -13
963 -12
964 -13
965 -12
966 -13
967 -13
968 -10
969 -12
970 -10
971 -12
972 -13
973 -12
974 -12
975 -13
976 -13
977 -10
978 -12
979 -13
980 -13
981 -10
982 -10
983 -11
984 -13
985 -11
986 -13
987 -11
988 -10
989 -13
990 -10
991 -12
992 -10
993 -13
994 -13
995 -13
996 -13
997 -16
998 -10
999 -11
