0 -11
1 -13
2 -12
3 -10
4 -13
5 -13
6 -13
7 -12
8 -13
9 -10
10 -13
11 -10
12 -12
13 -11
14 -12
15 -37
16 -13
17 -13
18 -13
19 -11
20 -10
21 -12
22 -13
23 -13
24 -12
25 -27
26 -10
27 -10
28 -13
29 -11
30 -10
31 -10
32 -13
33 -13
34 -12
35 -12
36 -13
37 -13
38 -13
39 -13
40 -10
41 -13
42 -13
43 -13
44 -10
45 -10
46 -11
47 -12
48 -17
49 -13
50 -12
51 -10
52 -13
53 -13
54 -17
55 -13
56 -11
57 -12
58 -11
59 -13
60 -12
61 -12
62 -10
63 -11
64 -13
65 -12
66 -11
67 -11
68 -11
69 -13
70 -10
71 -12
72 -11
73 -12
74 -11
75 -11
76 -12
77 -10
78 -13
79 -10
80 -13
81 -10
82 -11
83 -12
84 -11
85 -19
86 -11
87 -13
88 -48
89 -10
90 -11
91 -13
92 -12
93 -13
94 -13
95 -12
96 -11
97 -13
98 -13
99 -13
100 -13
101 -11
102 -11
103 -17
104 -16
105 -13
106 -12
107 -11
108 -10
109 -13
110 -12
111 -12
112 -10
113 -12
114 -13
115 -11
116 -10
117 -11
118 -11
119 -13
120 -13
121 -10
122 -12
123 -13
124 -10
125 -10
126 -11
127 -15
128 -11
129 -17
130 -13
131 -13
132 -11
133 -13
134 -10
135 -12
136 -13
137 -13
138 -10
139 -10
140 -13
141 -11
142 -11
143 -13
144 -13
145 -12
146 -11
147 -13
148 -13
149 -13
150 -11
151 -12
152 -11
153 -13
154 -11
155 -11
156 -11
157 -12
158 -12
159 -13
160 -12
161 -13
162 -11
163 -13
164 -11
165 -13
166 -11
167 -13
168 -10
169 -13
170 -12
171 -11
172 -13
173 -13
174 -13
175 -11
176 -10
177 -11
178 -13
179 -11
180 -11
181 -13
182 -11
183 -12
184 -12
185 -13
186 -13
187 -11
188 -13
189 -13
190 -10
191 -10
192 -12
193 -12
194 -13
195 -13
196 -13
197 -13
198 -10
199 -12
200 -11
201 -11
202 -11
203 -10
204 -11
205 -11
206 -13
207 -17
208 -13
209 -11
210 -14
211 -13
212 -11
213 -13
214 -10
215 -13
216 -12
217 -11
218 -13
219 -13
220 -13
221 -11
222 -11
223 -13
224 -13
225 -11
226 -12
227 -12
228 -13
229 -9
230 -13
231 -12
232 -12
233 -13
234 -12
235 -11
236 -12
237 -10
238 -11
239 -13
240 -12
241 -12
242 -13
243 -11
244 -10
245 -10
246 -13
247 -13
248 -11
249 -13
250 -10
251 -13
252 -12
253 -11
254 -12
255 -16
256 -13
257 -12
258 -13
259 -13
260 -11
261 -13
262 -13
263 -12
264 -11
265 -10
266 -13
267 -13
268 -13
269 -32
270 -13
271 -13
272 -13
273 -12
274 -12
275 -13
276 -15
277 -44
278 -10
279 -13
280 -13
281 -13
282 -10
283 -11
284 -10
285 -13
286 -13
287 -13
288 -13
289 -13
290 -23
291 -13
292 -10
293 -13
294 -11
295 -12
296 -13
297 -13
298 -12
299 -10
300 -13
301 -14
302 -11
303 -12
304 -11
305 -10
306 -11
307 -12
308 -13
309 -10
310 -13
311 -13
312 -10
313 -11
314 -10
315 -10
316 -12
317 -10
318 -10
319 -13
320 -10
321 -12
322 -14
323 -12
324 -11
325 -24
326 -10
327 -10
328 -10
329 -11
330 -10
331 -10
332 -13
333 -11
334 -10
335 -15
336 -13
337 -13
338 -11
339 -10
340 -12
341 -12
342 -13
343 -12
344 -14
345 -13
346 -13
347 -13
348 -12
349 -13
350 -11
351 -13
352 -11
353 -13
354 -13
355 -11
356 -13
357 -12
358 -13
359 -12
360 -10
361 -13
362 -11
363 -13
364 -10
365 -13
366 -13
367 -10
368 -11
369 -13
370 -13
371 -11
372 -12
373 -13
374 -13
375 -13
376 -11
377 -13
378 -13
379 -11
380 -11
381 -13
382 -11
383 -11
384 -13
385 -12
386 -13
387 -12
388 -21
389 -13
390 -12
391 -13
392 -13
393 -10
394 -10
395 -13
396 -10
397 -12
398 -13
399 -10
400 -10
401 -10
402 -10
403 -10
404 -11
405 -13
406 -13
407 -10
408 -13
409 -12
410 -12
411 -16
412 -12
413 -13
414 -11
415 -13
416 -13
417 -24
418 -13
419 -13
420 -12
421 -10
422 -11
423 -10
424 -10
425 -17
426 -13
427 -12
428 -13
429 -11
430 -13
431 -10
432 -19
433 -10
434 -10
435 -10
436 -11
437 -11
438 -12
439 -10
440 -13
441 -10
442 -13
443 -10
444 -13
445 -11
446 -13
447 -13
448 -13
449 -11
450 -10
451 -10
452 -13
453 -13
454 -15
455 -12
456 -11
457 -13
458 -11
459 -13
460 -13
461 -13
462 -13
463 -13
464 -12
465 -12
466 -11
467 -12
468 -11
469 -12
470 -13
471 -13
472 -13
473 -11
474 -13
475 -10
476 -13
477 -13
478 -10
479 -13
480 -10
481 -73
482 -13
483 -13
484 -12
485 -10
486 -11
487 -10
488 -13
489 -13
490 -13
491 -11
492 -13
493 -13
494 -10
495 -10
496 -13
497 -12
498 -10
499 -12
500 -13
501 -13
502 -13
503 -11
504 -69
505 -11
506 -13
507 -12
508 -10
509 -13
510 -11
511 -13
512 -11
513 -19
514 -13
515 -13
516 -13
517 -12
518 -11
519 -13
520 -13
521 -11
522 -11
523 -11
524 -10
525 -13
526 -13
527 -16
528 -10
529 -12
530 -13
531 -12
532 -11
533 -13
534 -11
535 -13
536 -9
537 -10
538 -10
539 -13
540 -13
541 -12
542 -13
543 -11
544 -13
545 -14
546 -10
547 -12
548 -10
549 -11
550 -11
551 -13
552 -10
553 -13
554 -13
555 -12
556 -12
557 -12
558 -10
559 -12
560 -13
561 -12
562 -13
563 -74
564 -11
565 -13
566 -12
567 -12
568 -11
569 -11
570 -13
571 -13
572 -11
573 -12
574 -10
575 -11
576 -13
577 -13
578 -13
579 -13
580 -15
581 -13
582 -12
583 -88
584 -13
585 -13
586 -12
587 -15
588 -10
589 -13
590 -10
591 -10
592 -11
593 -11
594 -12
595 -12
596 -11
597 -50
598 -13
599 -10
600 -11
601 -13
602 -13
603 -11
604 -13
605 -23
606 -11
607 -11
608 -10
609 -10
610 -13
611 -13
612 -12
613 -13
614 -10
615 -10
616 -13
617 -10
618 -11
619 -12
620 -11
621 -13
622 -13
623 -13
624 -13
625 -11
626 -10
627 -10
628 -10
629 -12
630 -13
631 -11
632 -10
633 -11
634 -10
635 -10
636 -12
637 -12
638 -12
639 -10
640 -12
641 -13
642 -13
643 -15
644 -11
645 -11
646 -11
647 -12
648 -10
649 -13
650 -11
651 -11
652 -47
653 -12
654 -10
655 -12
656 -13
657 -11
658 -12
659 -13
660 -10
661 -11
662 -10
663 -11
664 -13
665 -10
666 -13
667 -12
668 -13
669 -10
670 -11
671 -13
672 -11
673 -10
674 -12
675 -11
676 -10
677 -11
678 -11
679 -10
680 -13
681 -10
682 -13
683 -13
684 -10
685 -10
686 -17
687 -12
688 -10
689 -13
690 -13
691 -13
692 -12
693 -13
694 -11
695 -11
696 -11
697 -13
698 -13
699 -11
700 -12
701 -12
702 -13
703 -11
704 -13
705 -13
706 -13
707 -12
708 -11
709 -12
710 -13
711 -13
712 -10
713 -12
714 -10
715 -13
716 -10
717 -11
718 -13
719 -11
720 -11
721 -13
722 -12
723 -12
724 -12
725 -10
726 -13
727 -10
728 -11
729 -12
730 -12
731 -11
732 -13
733 -13
734 -11
735 -11
736 -11
737 -13
738 -13
739 -13
740 -11
741 -30
742 -13
743 -13
744 -10
745 -13
746 -14
747 -11
748 -13
749 -13
750 -13
751 -12
752 -12
753 -10
754 -13
755 -10
756 -13
757 -10
758 -13
759 -10
760 -11
761 -12
762 -13
763 -11
764 -13
765 -10
766 -14
767 -10
768 -12
769 -13
770 -13
771 -13
772 -13
773 -13
774 -16
775 -11
776 -10
777 -13
778 -11
779 -13
780 -13
781 -12
782 -10
783 -12
784 -13
785 -12
786 -11
787 -13
788 -12
789 -12
790 -13
791 -13
792 -12
793 -13
794 -13
795 -13
796 -13
797 -11
798 -13
799 -10
800 -11
801 -12
802 -17
803 -13
804 -12
805 -12
806 -13
807 -12
808 -13
809 -13
810 -13
811 -11
812 -11
813 -11
814 -17
815 -11
816 -13
817 -13
818 -17
819 -12
820 -13
821 -12
822 -13
823 -13
824 -10
825 -10
826 -12
827 -12
828 -24
829 -13
830 -10
831 -12
832 -11
833 -13
834 -13
835 -11
836 -13
837 -13
838 -11
839 -11
840 -12
841 -17
842 -10
843 -12
844 -11
845 -13
846 -13
847 -10
848 -10
849 -13
850 -11
851 -12
852 -13
853 -13
854 -13
855 -11
856 -10
857 -10
858 -13
859 -13
860 -10
861 -12
862 -10
863 -11
864 -10
865 -12
866 -13
867 -11
868 -13
869 -13
870 -13
871 -12
872 -13
873 -10
874 -13
875 -43
876 -12
877 -11
878 -13
879 -11
880 -11
881 -11
882 -21
883 -11
884 -10
885 -13
886 -13
887 -11
888 -13
889 -12
890 -11
891 -13
892 -13
893 -13
894 -13
895 -13
896 -10
897 -12
898 -12
899 -13
900 -10
901 -11
902 -10
903 -11
904 -18
905 -13
906 -11
907 -10
908 -12
909 -13
910 -12
911 -11
912 -11
913 -13
914 -13
915 -12
916 -13
917 -48
918 -13
919 -13
920 -10
921 -11
922 -11
923 -13
924 -15
925 -11
926 -13
927 -13
928 -11
929 -10
930 -13
931 -14
932 -10
933 -11
934 -13
935 -12
936 -10
937 -12
938 -13
939 -13
940 -10
941 -10
942 -13
943 -12
944 -11
945 -11
946 -13
947 -13
948 -11
949 -13
950 -11
951 -11
952 -12
953 -11
954 -11
955 -13
956 -10
957 -13
958 -13
959 -10
960 -12
961 -13
962 -12
963 -12
964 -12
965 -10
966 -13
967 -13
968 -10
969 -11
970 -11
971 -10
972 -15
973 -13
974 -13
975 -11
976 -10
977 -12
978 -12
979 -12
980 -13
981 -11
982 -12
983 -13
984 -13
985 -14
986 -13
987 -13
988 -13
989 -11
990 -12
991 -12
992 -13
993 -10
994 -13
995 -13
996 -13
997 -10
998 -13
999 -13
