0 -13
1 -20
2 -12
3 -11
4 -11
5 -13
6 -10
7 -10
8 -13
9 -13
10 -11
11 -12
12 -10
13 -11
14 -13
15 -11
16 -13
17 -16
18 -13
19 -10
20 -10
21 -12
22 -15
23 -10
24 -13
25 -12
26 -12
27 -12
28 -13
29 -10
30 -11
31 -12
32 -13
33 -12
34 -10
35 -13
36 -13
37 -10
38 -13
39 -12
40 -11
41 -12
42 -10
43 -13
44 -13
45 -10
46 -17
47 -10
48 -12
49 -11
50 -10
51 -11
52 -12
53 -10
54 -13
55 -13
56 -12
57 -10
58 -12
59 -13
60 -12
61 -13
62 -10
63 -13
64 -11
65 -12
66 -13
67 -10
68 -10
69 -13
70 -13
71 -12
72 -13
73 -12
74 -13
75 -13
76 -11
77 -13
78 -13
79 -11
80 -13
81 -13
82 -13
83 -10
84 -12
85 -11
86 -10
87 -13
88 -15
89 -12
90 -13
91 -12
92 -11
93 -10
94 -17
95 -12
96 -11
97 -13
98 -14
99 -11
100 -10
101 -11
102 -13
103 -13
104 -10
105 -12
106 -12
107 -11
108 -10
109 -12
110 -14
111 -10
112 -12
113 -10
114 -13
115 -12
116 -10
117 -13
118 -13
119 -13
120 -13
121 -13
122 -11
123 -12
124 -15
125 -13
126 -12
127 -13
128 -11
129 -13
130 -13
131 -12
132 -11
133 -11
134 -10
135 -10
136 -13
137 -10
138 -13
139 -11
140 -10
141 -11
142 -12
143 -12
144 -17
145 -11
146 -13
147 -10
148 -11
149 -13
150 -10
151 -13
152 -11
153 -13
154 -10
155 -11
156 -12
157 -13
158 -11
159 -11
160 -13
161 -10
162 -11
163 -10
164 -10
165 -11
166 -13
167 -13
168 -13
169 -11
170 -10
171 -13
172 -11
173 -11
174 -11
175 -13
176 -13
177 -11
178 -12
179 -13
180 -11
181 -11
182 -17
183 -12
184 -13
185 -13
186 -11
187 -12
188 -10
189 -13
190 -10
191 -13
192 -12
193 -13
194 -23
195 -10
196 -13
197 -12
198 -11
199 -13
200 -13
201 -13
202 -14
203 -12
204 -11
205 -12
206 -12
207 -13
208 -12
209 -13
210 -10
211 -10
212 -13
213 -12
214 -12
215 -12
216 -12
217 -13
218 -12
219 -12
220 -11
221 -12
222 -13
223 -10
224 -11
225 -12
226 -12
227 -11
228 -10
229 -10
230 -10
231 -11
232 -13
233 -13
234 -17
235 -11
236 -12
237 -13
238 -11
239 -11
240 -12
241 -11
242 -12
243 -12
244 -12
245 -10
246 -11
247 -12
248 -14
249 -10
250 -11
251 -13
252 -13
253 -12
254 -11
255 -13
256 -13
257 -11
258 -10
259 -12
260 -10
261 -12
262 -11
263 -12
264 -13
265 -16
266 -10
267 -13
268 -12
269 -10
270 -10
271 -13
272 -17
273 -13
274 -13
275 -13
276 -10
277 -11
278 -10
279 -13
280 -13
281 -11
282 -13
283 -13
284 -10
285 -11
286 -13
287 -13
288 -10
289 -12
290 -10
291 -13
292 -10
293 -11
294 -14
295 -13
296 -16
297 -11
298 -11
299 -12
300 -12
301 -10
302 -12
303 -11
304 -11
305 -13
306 -12
307 -12
308 -13
309 -13
310 -13
311 -12
312 -10
313 -11
314 -13
315 -12
316 -13
317 -13
318 -10
319 -13
320 -13
321 -11
322 -12
323 -10
324 -12
325 -11
326 -10
327 -10
328 -11
329 -12
330 -13
331 -10
332 -10
333 -10
334 -13
335 -13
336 -13
337 -13
338 -11
339 -11
340 -10
341 -13
342 -13
343 -13
344 -13
345 -10
346 -11
347 -10
348 -17
349 -11
350 -11
351 -11
352 -12
353 -10
354 -12
355 -12
356 -15
357 -13
358 -13
359 -10
360 -10
361 -11
362 -13
363 -11
364 -13
365 -12
366 -10
367 -13
368 -16
369 -12
370 -13
371 -11
372 -12
373 -13
374 -10
375 -13
376 -12
377 -12
378 -12
379 -17
380 -13
381 -14
382 -12
383 -12
384 -13
385 -12
386 -17
387 -13
388 -13
389 -11
390 -10
391 -10
392 -12
393 -10
394 -11
395 -13
396 -11
397 -13
398 -13
399 -13
400 -11
401 -12
402 -13
403 -13
404 -12
405 -13
406 -11
407 -12
408 -12
409 -11
410 -11
411 -13
412 -11
413 -11
414 -15
415 -13
416 -12
417 -12
418 -12
419 -17
420 -13
421 -13
422 -11
423 -10
424 -13
425 -10
426 -13
427 -11
428 -11
429 -42
430 -11
431 -12
432 -12
433 -10
434 -10
435 -10
436 -13
437 -11
438 -20
439 -10
440 -13
441 -13
442 -13
443 -11
444 -10
445 -11
446 -13
447 -12
448 -12
449 -11
450 -13
451 -13
452 -13
453 -13
454 -13
455 -10
456 -10
457 -12
458 -13
459 -13
460 -11
461 -11
462 -12
463 -11
464 -13
465 -12
466 -13
467 -12
468 -10
469 -10
470 -11
471 -13
472 -15
473 -11
474 -12
475 -11
476 -10
477 -16
478 -12
479 -12
480 -13
481 -13
482 -12
483 -13
484 -10
485 -13
486 -13
487 -12
488 -13
489 -13
490 -11
491 -11
492 -12
493 -10
494 -11
495 -13
496 -13
497 -10
498 -10
499 -13
500 -12
501 -11
502 -13
503 -13
504 -11
505 -11
506 -12
507 -12
508 -11
509 -13
510 -13
511 -12
512 -10
513 -17
514 -11
515 -15
516 -13
517 -10
518 -15
519 -10
520 -12
521 -12
522 -10
523 -11
524 -17
525 -13
526 -10
527 -13
528 -12
529 -12
530 -12
531 -13
532 -12
533 -11
534 -10
535 -14
536 -11
537 -11
538 -11
539 -13
540 -13
541 -13
542 -10
543 -13
544 -11
545 -13
546 -10
547 -13
548 -17
549 -11
550 -17
551 -13
552 -10
553 -11
554 -12
555 -10
556 -11
557 -10
558 -13
559 -13
560 -11
561 -13
562 -11
563 -12
564 -10
565 -13
566 -11
567 -12
568 -17
569 -11
570 -13
571 -13
572 -13
573 -12
574 -13
575 -11
576 -10
577 -9
578 -10
579 -12
580 -11
581 -12
582 -12
583 -13
584 -10
585 -13
586 -11
587 -13
588 -13
589 -13
590 -12
591 -10
592 -13
593 -13
594 -13
595 -11
596 -19
597 -13
598 -13
599 -13
600 -12
601 -13
602 -13
603 -11
604 -10
605 -12
606 -11
607 -11
608 -13
609 -10
610 -11
611 -13
612 -13
613 -10
614 -13
615 -12
616 -11
617 -11
618 -15
619 -12
620 -13
621 -13
622 -10
623 -10
624 -10
625 -13
626 -12
627 -13
628 -11
629 -13
630 -13
631 -11
632 -11
633 -13
634 -13
635 -10
636 -12
637 -10
638 -12
639 -11
640 -12
641 -13
642 -11
643 -13
644 -12
645 -13
646 -10
647 -13
648 -13
649 -12
650 -13
651 -11
652 -10
653 -13
654 -10
655 -13
656 -11
657 -13
658 -12
659 -12
660 -13
661 -12
662 -13
663 -10
664 -11
665 -11
666 -13
667 -11
668 -12
669 -13
670 -13
671 -10
672 -11
673 -12
674 -12
675 -11
676 -12
677 -10
678 -10
679 -13
680 -10
681 -11
682 -12
683 -13
684 -13
685 -11
686 -11
687 -11
688 -19
689 -10
690 -78
691 -13
692 -13
693 -13
694 -12
695 -11
696 -17
697 -11
698 -12
699 -10
700 -11
701 -13
702 -20
703 -10
704 -10
705 -13
706 -13
707 -11
708 -12
709 -10
710 -11
711 -12
712 -11
713 -14
714 -13
715 -10
716 -10
717 -11
718 -10
719 -13
720 -12
721 -13
722 -13
723 -11
724 -13
725 -13
726 -10
727 -13
728 -13
729 -11
730 -11
731 -13
732 -13
733 -13
734 -13
735 -13
736 -12
737 -13
738 -10
739 -10
740 -16
741 -11
742 -12
743 -13
744 -10
745 -10
746 -11
747 -13
748 -11
749 -10
750 -13
751 -16
752 -10
753 -13
754 -10
755 -12
756 -10
757 -13
758 -13
759 -14
760 -12
761 -11
762 -11
763 -13
764 -12
765 -11
766 -12
767 -13
768 -11
769 -11
770 -13
771 -11
772 -12
773 -10
774 -13
775 -13
776 -16
777 -13
778 -11
779 -13
780 -10
781 -10
782 -15
783 -13
784 -10
785 -13
786 -12
787 -10
788 -17
789 -13
790 -16
791 -13
792 -11
793 -12
794 -12
795 -13
796 -13
797 -13
798 -12
799 -13
800 -11
801 -13
802 -13
803 -13
804 -10
805 -13
806 -12
807 -13
808 -10
809 -13
810 -12
811 -11
812 -13
813 -11
814 -11
815 -11
816 -13
817 -13
818 -11
819 -13
820 -11
821 -13
822 -12
823 -10
824 -13
825 -13
826 -10
827 -14
828 -13
829 -13
830 -13
831 -12
832 -21
833 -10
834 -10
835 -13
836 -11
837 -11
838 -13
839 -10
840 -13
841 -13
842 -13
843 -13
844 -13
845 -11
846 -13
847 -13
848 -13
849 -10
850 -10
851 -17
852 -12
853 -10
854 -12
855 -10
856 -12
857 -11
858 -13
859 -13
860 -10
861 -13
862 -20
863 -11
864 -17
865 -13
866 -12
867 -13
868 -11
869 -13
870 -13
871 -12
872 -11
873 -10
874 -13
875 -13
876 -12
877 -10
878 -13
879 -14
880 -13
881 -11
882 -10
883 -10
884 -13
885 -13
886 -12
887 -12
888 -13
889 -11
890 -10
891 -12
892 -12
893 -11
894 -12
895 -11
896 -10
897 -13
898 -11
899 -13
900 -11
901 -13
902 -13
903 -12
904 -13
905 -13
906 -13
907 -13
908 -11
909 -11
910 -17
911 -12
912 -12
913 -10
914 -12
915 -13
916 -12
917 -13
918 -10
919 -11
920 -11
921 -11
922 -13
923 -13
924 -11
925 -13
926 -10
927 -13
928 -12
929 -13
930 -11
931 -12
932 -13
933 -10
934 -11
935 -10
936 -11
937 -13
938 -13
939 -13
940 -13
941 -11
942 -13
943 -10
944 -13
945 -11
946 -13
947 -11
948 -11
949 -16
950 -12
951 -12
952 -18
953 -13
954 -13
955 -11
956 -10
957 -12
958 -11
959 -13
960 -10
961 -13
962 -16
963 -11
964 -11
965 -10
966 -12
967 -12
968 -13
969 -13
970 -10
971 -12
972 -10
973 -13
974 -32
975 -11
976 -11
977 -11
978 -12
979 -13
980 -13
981 -11
982 -10
983 -12
984 -13
985 -13
986 -13
987 -10
988 -10
989 -10
990 -11
991 -12
992 -13
993 -12
994 -13
995 -13
996 -13
997 -11
998 -10
999 -10
