0 -11
1 -11
2 -13
3 -11
4 -12
5 -12
6 -11
7 -13
8 -13
9 -10
10 -10
11 -12
12 -12
13 -10
14 -11
15 -12
16 -17
17 -10
18 -11
19 -11
20 -12
21 -11
22 -13
23 -10
24 -12
25 -11
26 -20
27 -13
28 -12
29 -13
30 -13
31 -13
32 -10
33 -12
34 -13
35 -12
36 -13
37 -13
38 -13
39 -10
40 -10
41 -13
42 -13
43 -12
44 -10
45 -11
46 -20
47 -10
48 -13
49 -12
50 -13
51 -16
52 -13
53 -13
54 -13
55 -13
56 -11
57 -11
58 -13
59 -12
60 -11
61 -13
62 -12
63 -10
64 -10
65 -10
66 -13
67 -13
68 -13
69 -12
70 -12
71 -10
72 -13
73 -13
74 -13
75 -12
76 -12
77 -10
78 -14
79 -11
80 -11
81 -10
82 -13
83 -12
84 -11
85 -11
86 -11
87 -13
88 -13
89 -12
90 -10
91 -11
92 -13
93 -11
94 -11
95 -10
96 -12
97 -11
98 -11
99 -10
100 -11
101 -12
102 -9
103 -12
104 -13
105 -11
106 -13
107 -13
108 -10
109 -10
110 -13
111 -12
112 -10
113 -21
114 -10
115 -12
116 -10
117 -13
118 -13
119 -10
120 -12
121 -10
122 -11
123 -11
124 -13
125 -13
126 -10
127 -11
128 -10
129 -12
130 -13
131 -11
132 -12
133 -12
134 -13
135 -13
136 -20
137 -11
138 -11
139 -10
140 -11
141 -13
142 -10
143 -13
144 -10
145 -12
146 -11
147 -10
148 -13
149 -13
150 -12
151 -10
152 -13
153 -12
154 -13
155 -12
156 -12
157 -12
158 -13
159 -13
160 -11
161 -13
162 -11
163 -10
164 -13
165 -10
166 -13
167 -10
168 -13
169 -13
170 -13
171 -11
172 -12
173 -12
174 -10
175 -13
176 -13
177 -10
178 -12
179 -10
180 -11
181 -12
182 -11
183 -10
184 -13
185 -12
186 -12
187 -11
188 -11
189 -12
190 -11
191 -13
192 -13
193 -11
194 -13
195 -11
196 -11
197 -12
198 -11
199 -11
200 -10
201 -13
202 -10
203 -10
204 -11
205 -13
206 -13
207 -10
208 -10
209 -11
210 -11
211 -10
212 -10
213 -15
214 -11
215 -12
216 -12
217 -13
218 -13
219 -11
220 -13
221 -11
222 -11
223 -13
224 -12
225 -13
226 -13
227 -12
228 -13
229 -12
230 -11
231 -13
232 -10
233 -13
234 -11
235 -13
236 -12
237 -11
238 -13
239 -10
240 -17
241 -12
242 -10
243 -10
244 -10
245 -11
246 -10
247 -13
248 -10
249 -12
250 -11
251 -12
252 -12
253 -13
254 -12
255 -13
256 -12
257 -11
258 -12
259 -13
260 -13
261 -13
262 -13
263 -13
264 -11
265 -10
266 -12
267 -12
268 -10
269 -13
270 -11
271 -11
272 -12
273 -10
274 -11
275 -10
276 -10
277 -12
278 -12
279 -13
280 -12
281 -13
282 -15
283 -13
284 -13
285 -13
286 -10
287 -13
288 -13
289 -12
290 -10
291 -11
292 -10
293 -10
294 -13
295 -11
296 -13
297 -11
298 -13
299 -13
300 -10
301 -13
302 -11
303 -10
304 -11
305 -13
306 -13
307 -12
308 -13
309 -13
310 -13
311 -13
312 -12
313 -12
314 -10
315 -10
316 -13
317 -13
318 -13
319 -15
320 -10
321 -12
322 -13
323 -10
324 -12
325 -11
326 -10
327 -13
328 -11
329 -12
330 -20
331 -12
332 -12
333 -11
334 -12
335 -11
336 -10
337 -10
338 -13
339 -10
340 -13
341 -11
342 -11
343 -10
344 -13
345 -13
346 -12
347 -11
348 -13
349 -10
350 -13
351 -13
352 -11
353 -11
354 -13
355 -10
356 -13
357 -13
358 -12
359 -13
360 -12
361 -10
362 -13
363 -13
364 -11
365 -12
366 -13
367 -12
368 -10
369 -12
370 -10
371 -13
372 -12
373 -13
374 -13
375 -10
376 -13
377 -13
378 -10
379 -16
380 -13
381 -12
382 -10
383 -13
384 -11
385 -10
386 -16
387 -12
388 -13
389 -13
390 -13
391 -13
392 -11
393 -11
394 -13
395 -11
396 -13
397 -11
398 -13
399 -11
400 -10
401 -11
402 -13
403 -11
404 -10
405 -12
406 -13
407 -13
408 -18
409 -10
410 -13
411 -10
412 -10
413 -10
414 -13
415 -13
416 -13
417 -13
418 -11
419 -12
420 -11
421 -17
422 -11
423 -11
424 -13
425 -10
426 -13
427 -12
428 -10
429 -11
430 -13
431 -13
432 -11
433 -11
434 -10
435 -13
436 -10
437 -13
438 -11
439 -13
440 -12
441 -11
442 -11
443 -10
444 -13
445 -11
446 -16
447 -13
448 -16
449 -13
450 -13
451 -13
452 -10
453 -10
454 -11
455 -10
456 -11
457 -12
458 -17
459 -11
460 -13
461 -12
462 -12
463 -10
464 -11
465 -12
466 -13
467 -13
468 -10
469 -13
470 -10
471 -15
472 -13
473 -13
474 -11
475 -10
476 -10
477 -13
478 -10
479 -11
480 -10
481 -11
482 -13
483 -11
484 -16
485 -13
486 -11
487 -12
488 -10
489 -12
490 -13
491 -12
492 -13
493 -10
494 -11
495 -12
496 -13
497 -13
498 -12
499 -13
500 -20
501 -10
502 -12
503 -14
504 -13
505 -13
506 -12
507 -13
508 -10
509 -11
510 -12
511 -10
512 -16
513 -13
514 -13
515 -13
516 -10
517 -11
518 -12
519 -13
520 -13
521 -12
522 -10
523 -13
524 -11
525 -10
526 -11
527 -12
528 -13
529 -13
530 -12
531 -13
532 -13
533 -10
534 -11
535 -13
536 -11
537 -11
538 -11
539 -13
540 -13
541 -12
542 -11
543 -11
544 -13
545 -12
546 -12
547 -10
548 -10
549 -10
550 -10
551 -13
552 -12
553 -12
554 -12
555 -15
556 -13
557 -11
558 -11
559 -13
560 -12
561 -10
562 -13
563 -12
564 -13
565 -10
566 -12
567 -13
568 -12
569 -13
570 -10
571 -13
572 -13
573 -12
574 -11
575 -11
576 -11
577 -12
578 -13
579 -10
580 -13
581 -16
582 -10
583 -10
584 -13
585 -10
586 -12
587 -13
588 -12
589 -13
590 -10
591 -11
592 -10
593 -13
594 -11
595 -11
596 -13
597 -11
598 -11
599 -10
600 -13
601 -12
602 -11
603 -11
604 -10
605 -13
606 -12
607 -13
608 -12
609 -20
610 -13
611 -10
612 -14
613 -13
614 -10
615 -13
616 -13
617 -13
618 -10
619 -11
620 -13
621 -11
622 -13
623 -13
624 -11
625 -16
626 -11
627 -13
628 -13
629 -12
630 -13
631 -13
632 -13
633 -10
634 -12
635 -13
636 -10
637 -11
638 -13
639 -10
640 -13
641 -11
642 -11
643 -17
644 -11
645 -11
646 -13
647 -10
648 -10
649 -13
650 -13
651 -10
652 -10
653 -10
654 -11
655 -10
656 -10
657 -12
658 -12
659 -13
660 -13
661 -10
662 -13
663 -13
664 -11
665 -13
666 -13
667 -12
668 -11
669 -13
670 -10
671 -11
672 -10
673 -10
674 -11
675 -13
676 -12
677 -11
678 -13
679 -14
680 -13
681 -10
682 -13
683 -13
684 -12
685 -10
686 -11
687 -10
688 -11
689 -10
690 -13
691 -13
692 -13
693 -12
694 -14
695 -13
696 -12
697 -13
698 -15
699 -10
700 -12
701 -11
702 -14
703 -13
704 -13
705 -10
706 -11
707 -13
708 -13
709 -20
710 -10
711 -13
712 -11
713 -11
714 -10
715 -19
716 -13
717 -11
718 -10
719 -10
720 -13
721 -13
722 -11
723 -11
724 -11
725 -10
726 -13
727 -11
728 -13
729 -11
730 -12
731 -13
732 -10
733 -10
734 -13
735 -10
736 -12
737 -11
738 -10
739 -12
740 -12
741 -11
742 -12
743 -10
744 -13
745 -11
746 -13
747 -11
748 -14
749 -12
750 -10
751 -13
752 -10
753 -13
754 -13
755 -10
756 -11
757 -12
758 -11
759 -13
760 -18
761 -11
762 -13
763 -11
764 -10
765 -10
766 -13
767 -12
768 -10
769 -11
770 -13
771 -12
772 -11
773 -11
774 -11
775 -16
776 -13
777 -10
778 -12
779 -10
780 -11
781 -11
782 -10
783 -13
784 -11
785 -10
786 -13
787 -13
788 -13
789 -10
790 -13
791 -13
792 -17
793 -11
794 -13
795 -11
796 -10
797 -12
798 -10
799 -10
800 -12
801 -11
802 -11
803 -12
804 -10
805 -13
806 -13
807 -13
808 -10
809 -10
810 -13
811 -11
812 -13
813 -10
814 -12
815 -12
816 -13
817 -11
818 -11
819 -13
820 -13
821 -11
822 -10
823 -12
824 -13
825 -11
826 -12
827 -13
828 -10
829 -13
830 -13
831 -13
832 -13
833 -13
834 -12
835 -11
836 -13
837 -13
838 -10
839 -12
840 -13
841 -13
842 -10
843 -12
844 -12
845 -10
846 -13
847 -13
848 -16
849 -11
850 -13
851 -13
852 -13
853 -13
854 -11
855 -13
856 -12
857 -10
858 -12
859 -11
860 -13
861 -10
862 -13
863 -17
864 -10
865 -12
866 -11
867 -13
868 -13
869 -13
870 -10
871 -10
872 -12
873 -10
874 -13
875 -13
876 -16
877 -16
878 -13
879 -13
880 -21
881 -11
882 -10
883 -11
884 -13
885 -12
886 -11
887 -10
888 -12
889 -13
890 -13
891 -13
892 -13
893 -11
894 -11
895 -10
896 -11
897 -12
898 -10
899 -13
900 -10
901 -13
902 -12
903 -12
904 -11
905 -13
906 -10
907 -12
908 -12
909 -13
910 -10
911 -10
912 -13
913 -13
914 -12
915 -13
916 -13
917 -11
918 -11
919 -13
920 -10
921 -10
922 -13
923 -13
924 -11
925 -12
926 -10
927 -10
928 -10
929 -11
930 -10
931 -13
932 -12
933 -13
934 -12
935 -10
936 -12
937 -12
938 -13
939 -11
940 -13
941 -13
942 -10
943 -10
944 -13
945 -13
946 -12
947 -11
948 -10
949 -12
950 -11
951 -13
952 -12
953 -10
954 -11
955 -13
956 -11
957 -11
958 -13
959 -13
960 -10
961 -10
962 -12
963 -11
964 -13
965 -10
966 -11
967 -13
968 -13
969 -13
970 -11
971 -13
972 -12
973 -12
974 -13
975 -11
976 -10
977 -10
978 -12
979 -11
980 -13
981 -13
982 -13
983 -12
984 -13
985 -13
986 -13
987 -11
988 -13
989 -10
990 -13
991 -12
992 -13
993 -13
994 -13
995 -13
996 -13
997 -10
998 -12
999 -13
