0 -11
1 -13
2 -13
3 -13
4 -13
5 -12
6 -15
7 -13
8 -11
9 -12
10 -12
11 -13
12 -13
13 -12
14 -13
15 -10
16 -11
17 -13
18 -13
19 -13
20 -11
21 -10
22 -12
23 -13
24 -11
25 -13
26 -13
27 -12
28 -13
29 -10
30 -12
31 -10
32 -10
33 -10
34 -10
35 -12
36 -13
37 -12
38 -12
39 -11
40 -12
41 -11
42 -13
43 -10
44 -12
45 -12
46 -10
47 -10
48 -11
49 -13
50 -11
51 -14
52 -11
53 -11
54 -11
55 -13
56 -13
57 -12
58 -11
59 -13
60 -13
61 -11
62 -13
63 -11
64 -12
65 -13
66 -10
67 -24
68 -16
69 -13
70 -10
71 -13
72 -12
73 -11
74 -12
75 -11
76 -12
77 -14
78 -13
79 -12
80 -11
81 -10
82 -13
83 -11
84 -13
85 -12
86 -13
87 -13
88 -13
89 -13
90 -23
91 -13
92 -10
93 -11
94 -12
95 -10
96 -11
97 -13
98 -13
99 -11
100 -17
101 -12
102 -10
103 -13
104 -10
105 -11
106 -11
107 -11
108 -15
109 -10
110 -13
111 -11
112 -13
113 -12
114 -11
115 -13
116 -13
117 -13
118 -13
119 -12
120 -13
121 -11
122 -11
123 -12
124 -23
125 -11
126 -10
127 -13
128 -12
129 -11
130 -17
131 -10
132 -13
133 -13
134 -12
135 -13
136 -10
137 -13
138 -12
139 -13
140 -11
141 -17
142 -13
143 -12
144 -13
145 -12
146 -12
147 -12
148 -13
149 -34
150 -13
151 -12
152 -12
153 -13
154 -11
155 -13
156 -11
157 -10
158 -13
159 -13
160 -16
161 -13
162 -13
163 -12
164 -13
165 -10
166 -11
167 -11
168 -13
169 -13
170 -13
171 -11
172 -12
173 -11
174 -10
175 -13
176 -13
177 -13
178 -10
179 -13
180 -12
181 -11
182 -12
183 -10
184 -13
185 -13
186 -13
187 -11
188 -11
189 -10
190 -13
191 -12
192 -11
193 -11
194 -13
195 -10
196 -13
197 -13
198 -13
199 -13
200 -10
201 -12
202 -13
203 -11
204 -13
205 -12
206 -12
207 -12
208 -10
209 -13
210 -12
211 -13
212 -11
213 -13
214 -10
215 -12
216 -13
217 -13
218 -10
219 -13
220 -13
221 -13
222 -11
223 -13
224 -11
225 -10
226 -29
227 -13
228 -10
229 -11
230 -47
231 -20
232 -12
233 -10
234 -13
235 -10
236 -13
237 -11
238 -13
239 -13
240 -11
241 -11
242 -12
243 -11
244 -13
245 -12
246 -10
247 -11
248 -11
249 -11
250 -12
251 -12
252 -13
253 -10
254 -13
255 -11
256 -13
257 -13
258 -12
259 -13
260 -10
261 -13
262 -12
263 -13
264 -13
265 -13
266 -13
267 -16
268 -10
269 -14
270 -11
271 -13
272 -13
273 -11
274 -13
275 -10
276 -13
277 -12
278 -13
279 -12
280 -10
281 -11
282 -11
283 -13
284 -12
285 -11
286 -11
287 -10
288 -20
289 -13
290 -12
291 -12
292 -13
293 -11
294 -11
295 -13
296 -10
297 -13
298 -13
299 -12
300 -13
301 -10
302 -13
303 -10
304 -10
305 -13
306 -10
307 -13
308 -13
309 -13
310 -11
311 -11
312 -12
313 -13
314 -13
315 -11
316 -13
317 -12
318 -13
319 -11
320 -10
321 -11
322 -14
323 -13
324 -13
325 -11
326 -13
327 -11
328 -11
329 -18
330 -13
331 -13
332 -12
333 -13
334 -10
335 -13
336 -12
337 -10
338 -11
339 -24
340 -10
341 -13
342 -13
343 -13
344 -16
345 -13
346 -14
347 -13
348 -12
349 -11
350 -13
351 -13
352 -13
353 -13
354 -13
355 -11
356 -13
357 -10
358 -10
359 -11
360 -13
361 -11
362 -13
363 -13
364 -10
365 -11
366 -12
367 -12
368 -13
369 -10
370 -10
371 -13
372 -11
373 -13
374 -13
375 -11
376 -13
377 -28
378 -10
379 -11
380 -13
381 -11
382 -11
383 -13
384 -12
385 -13
386 -12
387 -11
388 -13
389 -13
390 -13
391 -13
392 -10
393 -13
394 -11
395 -12
396 -13
397 -11
398 -11
399 -10
400 -10
401 -10
402 -12
403 -13
404 -10
405 -11
406 -12
407 -10
408 -13
409 -13
410 -13
411 -10
412 -25
413 -11
414 -13
415 -12
416 -13
417 -13
418 -13
419 -13
420 -12
421 -13
422 -13
423 -13
424 -11
425 -13
426 -11
427 -10
428 -13
429 -12
430 -13
431 -14
432 -13
433 -13
434 -13
435 -10
436 -13
437 -10
438 -13
439 -10
440 -12
441 -13
442 -12
443 -10
444 -10
445 -12
446 -12
447 -12
448 -13
449 -11
450 -12
451 -13
452 -11
453 -15
454 -11
455 -13
456 -10
457 -13
458 -10
459 -12
460 -12
461 -13
462 -12
463 -12
464 -12
465 -13
466 -13
467 -11
468 -10
469 -11
470 -13
471 -12
472 -12
473 -11
474 -12
475 -10
476 -13
477 -10
478 -12
479 -10
480 -12
481 -11
482 -10
483 -11
484 -13
485 -10
486 -11
487 -10
488 -12
489 -17
490 -13
491 -13
492 -11
493 -13
494 -13
495 -13
496 -11
497 -11
498 -11
499 -13
500 -13
501 -11
502 -11
503 -12
504 -13
505 -10
506 -13
507 -10
508 -11
509 -12
510 -10
511 -12
512 -10
513 -13
514 -17
515 -11
516 -13
517 -11
518 -11
519 -13
520 -13
521 -13
522 -11
523 -13
524 -10
525 -12
526 -12
527 -13
528 -13
529 -13
530 -13
531 -13
532 -13
533 -13
534 -12
535 -13
536 -11
537 -13
538 -13
539 -13
540 -13
541 -11
542 -13
543 -13
544 -12
545 -13
546 -11
547 -13
548 -13
549 -13
550 -13
551 -10
552 -13
553 -10
554 -13
555 -11
556 -13
557 -12
558 -12
559 -13
560 -10
561 -13
562 -13
563 -13
564 -13
565 -13
566 -13
567 -12
568 -12
569 -10
570 -12
571 -12
572 -12
573 -17
574 -11
575 -13
576 -10
577 -10
578 -12
579 -10
580 -13
581 -10
582 -11
583 -13
584 -10
585 -13
586 -12
587 -13
588 -13
589 -10
590 -15
591 -13
592 -11
593 -12
594 -13
595 -12
596 -10
597 -12
598 -12
599 -11
600 -13
601 -13
602 -11
603 -13
604 -14
605 -17
606 -10
607 -13
608 -11
609 -13
610 -13
611 -12
612 -17
613 -11
614 -11
615 -13
616 -13
617 -13
618 -12
619 -13
620 -13
621 -10
622 -11
623 -10
624 -12
625 -10
626 -13
627 -13
628 -10
629 -13
630 -13
631 -13
632 -13
633 -12
634 -10
635 -17
636 -13
637 -11
638 -10
639 -12
640 -11
641 -12
642 -11
643 -12
644 -10
645 -12
646 -13
647 -10
648 -10
649 -10
650 -12
651 -12
652 -13
653 -13
654 -13
655 -11
656 -12
657 -11
658 -11
659 -13
660 -10
661 -12
662 -12
663 -13
664 -11
665 -12
666 -10
667 -10
668 -12
669 -13
670 -12
671 -13
672 -11
673 -13
674 -11
675 -10
676 -13
677 -12
678 -11
679 -10
680 -11
681 -12
682 -12
683 -10
684 -11
685 -13
686 -16
687 -11
688 -12
689 -11
690 -12
691 -13
692 -10
693 -12
694 -12
695 -11
696 -10
697 -10
698 -12
699 -10
700 -12
701 -12
702 -13
703 -10
704 -12
705 -11
706 -12
707 -12
708 -13
709 -11
710 -12
711 -12
712 -12
713 -10
714 -11
715 -13
716 -13
717 -11
718 -10
719 -13
720 -11
721 -13
722 -10
723 -11
724 -11
725 -12
726 -10
727 -11
728 -12
729 -10
730 -10
731 -11
732 -13
733 -13
734 -11
735 -13
736 -11
737 -11
738 -15
739 -13
740 -12
741 -9
742 -11
743 -13
744 -10
745 -13
746 -13
747 -13
748 -11
749 -11
750 -12
751 -13
752 -10
753 -13
754 -10
755 -12
756 -12
757 -13
758 -13
759 -10
760 -11
761 -13
762 -12
763 -10
764 -12
765 -13
766 -11
767 -10
768 -11
769 -11
770 -11
771 -13
772 -11
773 -11
774 -11
775 -13
776 -13
777 -12
778 -9
779 -12
780 -12
781 -13
782 -13
783 -12
784 -13
785 -10
786 -13
787 -10
788 -13
789 -13
790 -11
791 -13
792 -13
793 -13
794 -10
795 -12
796 -10
797 -11
798 -10
799 -12
800 -13
801 -13
802 -13
803 -11
804 -10
805 -13
806 -13
807 -11
808 -11
809 -16
810 -12
811 -13
812 -10
813 -13
814 -13
815 -11
816 -13
817 -10
818 -10
819 -13
820 -11
821 -12
822 -13
823 -13
824 -10
825 -13
826 -12
827 -13
828 -11
829 -12
830 -11
831 -11
832 -11
833 -13
834 -13
835 -11
836 -11
837 -12
838 -13
839 -11
840 -11
841 -13
842 -11
843 -12
844 -11
845 -13
846 -10
847 -10
848 -13
849 -10
850 -10
851 -10
852 -13
853 -13
854 -11
855 -13
856 -11
857 -12
858 -13
859 -13
860 -13
861 -11
862 -11
863 -13
864 -12
865 -13
866 -12
867 -12
868 -10
869 -10
870 -13
871 -13
872 -13
873 -13
874 -13
875 -13
876 -12
877 -12
878 -13
879 -13
880 -12
881 -11
882 -13
883 -13
884 -13
885 -12
886 -11
887 -13
888 -10
889 -13
890 -11
891 -12
892 -24
893 -11
894 -11
895 -10
896 -11
897 -10
898 -13
899 -12
900 -12
901 -11
902 -11
903 -10
904 -11
905 -13
906 -11
907 -11
908 -12
909 -13
910 -13
911 -11
912 -13
913 -13
914 -13
915 -17
916 -12
917 -12
918 -11
919 -11
920 -12
921 -11
922 -11
923 -12
924 -10
925 -11
926 -14
927 -12
928 -12
929 -11
930 -10
931 -16
932 -12
933 -13
934 -10
935 -12
936 -11
937 -12
938 -11
939 -12
940 -13
941 -13
942 -10
943 -14
944 -13
945 -13
946 -13
947 -13
948 -14
949 -12
950 -12
951 -11
952 -11
953 -13
954 -12
955 -12
956 -12
957 -10
958 -11
959 -12
960 -13
961 -10
962 -13
963 -12
964 -11
965 -13
966 -12
967 -13
968 -10
969 -10
970 -11
971 -10
972 -15
973 -11
974 -11
975 -13
976 -10
977 -11
978 -13
979 -12
980 -13
981 -13
982 -12
983 -12
984 -13
985 -12
986 -13
987 -11
988 -12
989 -10
990 -73
991 -13
992 -13
993 -13
994 -12
995 -10
996 -11
997 -11
998 -11
999 -13
