0 -13
1 -10
2 -13
3 -13
4 -13
5 -13
6 -12
7 -11
8 -13
9 -13
10 -13
11 -13
12 -11
13 -13
14 -10
15 -13
16 -10
17 -12
18 -13
19 -13
20 -12
21 -13
22 -15
23 -10
24 -10
25 -13
26 -11
27 -10
28 -12
29 -10
30 -13
31 -12
32 -12
33 -12
34 -13
35 -12
36 -13
37 -13
38 -13
39 -11
40 -10
41 -11
42 -13
43 -12
44 -12
45 -16
46 -13
47 -11
48 -11
49 -11
50 -11
51 -12
52 -12
53 -11
54 -13
55 -12
56 -17
57 -13
58 -14
59 -11
60 -12
61 -11
62 -13
63 -13
64 -12
65 -12
66 -11
67 -11
68 -13
69 -11
70 -13
71 -13
72 -10
73 -10
74 -13
75 -13
76 -13
77 -13
78 -12
79 -11
80 -13
81 -10
82 -10
83 -13
84 -10
85 -12
86 -13
87 -13
88 -13
89 -13
90 -12
91 -13
92 -13
93 -11
94 -11
95 -13
96 -19
97 -10
98 -12
99 -10
100 -13
101 -12
102 -10
103 -11
104 -10
105 -10
106 -10
107 -13
108 -13
109 -13
110 -13
111 -12
112 -13
113 -13
114 -10
115 -13
116 -12
117 -11
118 -10
119 -11
120 -12
121 -13
122 -11
123 -12
124 -11
125 -33
126 -10
127 -11
128 -10
129 -13
130 -13
131 -13
132 -11
133 -12
134 -11
135 -13
136 -10
137 -11
138 -11
139 -11
140 -11
141 -13
142 -13
143 -13
144 -11
145 -12
146 -13
147 -11
148 -11
149 -13
150 -13
151 -12
152 -10
153 -10
154 -10
155 -13
156 -13
157 -12
158 -12
159 -13
160 -11
161 -10
162 -12
163 -13
164 -10
165 -13
166 -13
167 -13
168 -13
169 -13
170 -12
171 -10
172 -13
173 -12
174 -12
175 -10
176 -13
177 -13
178 -11
179 -11
180 -10
181 -11
182 -11
183 -11
184 -13
185 -13
186 -13
187 -10
188 -11
189 -13
190 -12
191 -11
192 -11
193 -13
194 -13
195 -10
196 -11
197 -13
198 -12
199 -13
200 -12
201 -10
202 -10
203 -11
204 -11
205 -13
206 -13
207 -13
208 -12
209 -11
210 -11
211 -11
212 -13
213 -11
214 -13
215 -11
216 -10
217 -11
218 -13
219 -13
220 -15
221 -10
222 -12
223 -10
224 -12
225 -13
226 -13
227 -12
228 -11
229 -12
230 -12
231 -12
232 -13
233 -13
234 -13
235 -13
236 -10
237 -10
238 -11
239 -13
240 -11
241 -13
242 -10
243 -10
244 -13
245 -12
246 -12
247 -12
248 -13
249 -13
250 -13
251 -10
252 -13
253 -13
254 -13
255 -13
256 -10
257 -10
258 -10
259 -13
260 -13
261 -10
262 -10
263 -13
264 -13
265 -13
266 -12
267 -11
268 -11
269 -11
270 -11
271 -13
272 -13
273 -11
274 -14
275 -10
276 -10
277 -23
278 -13
279 -13
280 -13
281 -11
282 -11
283 -11
284 -11
285 -11
286 -10
287 -13
288 -13
289 -11
290 -12
291 -13
292 -13
293 -10
294 -12
295 -11
296 -11
297 -16
298 -13
299 -13
300 -11
301 -13
302 -11
303 -10
304 -10
305 -13
306 -13
307 -13
308 -10
309 -13
310 -12
311 -13
312 -11
313 -13
314 -11
315 -12
316 -11
317 -10
318 -13
319 -13
320 -12
321 -13
322 -11
323 -10
324 -10
325 -13
326 -13
327 -15
328 -10
329 -13
330 -11
331 -13
332 -12
333 -13
334 -12
335 -11
336 -10
337 -11
338 -11
339 -11
340 -12
341 -11
342 -12
343 -10
344 -13
345 -10
346 -13
347 -13
348 -12
349 -13
350 -12
351 -12
352 -11
353 -12
354 -11
355 -11
356 -13
357 -13
358 -12
359 -17
360 -12
361 -13
362 -11
363 -10
364 -13
365 -11
366 -12
367 -11
368 -10
369 -10
370 -12
371 -12
372 -10
373 -13
374 -13
375 -10
376 -12
377 -12
378 -12
379 -12
380 -10
381 -11
382 -17
383 -17
384 -12
385 -13
386 -13
387 -15
388 -10
389 -11
390 -12
391 -10
392 -13
393 -10
394 -10
395 -13
396 -13
397 -12
398 -13
399 -10
400 -13
401 -13
402 -11
403 -13
404 -13
405 -13
406 -13
407 -10
408 -10
409 -13
410 -12
411 -12
412 -13
413 -12
414 -13
415 -13
416 -11
417 -13
418 -11
419 -12
420 -12
421 -11
422 -10
423 -13
424 -10
425 -13
426 -12
427 -13
428 -11
429 -13
430 -13
431 -16
432 -13
433 -13
434 -13
435 -83
436 -11
437 -10
438 -12
439 -10
440 -11
441 -10
442 -13
443 -11
444 -12
445 -13
446 -13
447 -11
448 -12
449 -10
450 -12
451 -12
452 -13
453 -10
454 -12
455 -13
456 -13
457 -13
458 -13
459 -13
460 -11
461 -12
462 -13
463 -13
464 -11
465 -13
466 -13
467 -13
468 -12
469 -12
470 -11
471 -13
472 -12
473 -10
474 -13
475 -13
476 -13
477 -12
478 -13
479 -10
480 -12
481 -10
482 -12
483 -11
484 -11
485 -12
486 -13
487 -38
488 -13
489 -11
490 -10
491 -10
492 -11
493 -13
494 -13
495 -13
496 -13
497 -13
498 -11
499 -11
500 -13
501 -13
502 -11
503 -12
504 -11
505 -12
506 -10
507 -13
508 -15
509 -12
510 -10
511 -13
512 -10
513 -13
514 -13
515 -11
516 -10
517 -11
518 -13
519 -13
520 -11
521 -17
522 -13
523 -13
524 -12
525 -13
526 -11
527 -10
528 -12
529 -12
530 -10
531 -13
532 -13
533 -10
534 -13
535 -11
536 -10
537 -13
538 -12
539 -13
540 -11
541 -10
542 -12
543 -10
544 -14
545 -13
546 -19
547 -13
548 -12
549 -11
550 -13
551 -10
552 -12
553 -13
554 -12
555 -13
556 -12
557 -13
558 -13
559 -10
560 -12
561 -12
562 -13
563 -10
564 -13
565 -10
566 -13
567 -10
568 -13
569 -13
570 -19
571 -13
572 -13
573 -13
574 -10
575 -11
576 -13
577 -10
578 -10
579 -17
580 -10
581 -11
582 -11
583 -10
584 -10
585 -13
586 -13
587 -10
588 -13
589 -11
590 -12
591 -12
592 -11
593 -10
594 -13
595 -10
596 -12
597 -10
598 -11
599 -13
600 -11
601 -13
602 -13
603 -10
604 -13
605 -16
606 -13
607 -10
608 -11
609 -12
610 -13
611 -10
612 -16
613 -13
614 -20
615 -10
616 -10
617 -15
618 -12
619 -10
620 -12
621 -10
622 -13
623 -10
624 -10
625 -11
626 -12
627 -13
628 -10
629 -11
630 -10
631 -13
632 -13
633 -13
634 -11
635 -11
636 -12
637 -10
638 -13
639 -13
640 -13
641 -13
642 -13
643 -13
644 -11
645 -11
646 -12
647 -10
648 -12
649 -13
650 -13
651 -12
652 -11
653 -11
654 -12
655 -13
656 -13
657 -11
658 -10
659 -11
660 -13
661 -13
662 -11
663 -13
664 -13
665 -17
666 -13
667 -13
668 -13
669 -10
670 -12
671 -19
672 -15
673 -13
674 -13
675 -12
676 -13
677 -13
678 -11
679 -10
680 -16
681 -13
682 -10
683 -11
684 -10
685 -11
686 -13
687 -10
688 -11
689 -13
690 -11
691 -11
692 -11
693 -13
694 -13
695 -10
696 -12
697 -13
698 -13
699 -12
700 -10
701 -10
702 -13
703 -10
704 -12
705 -12
706 -11
707 -13
708 -32
709 -10
710 -12
711 -17
712 -13
713 -11
714 -10
715 -10
716 -10
717 -11
718 -10
719 -13
720 -12
721 -10
722 -13
723 -13
724 -10
725 -11
726 -12
727 -13
728 -12
729 -13
730 -13
731 -13
732 -12
733 -11
734 -10
735 -12
736 -13
737 -11
738 -10
739 -13
740 -13
741 -12
742 -10
743 -11
744 -11
745 -13
746 -12
747 -13
748 -10
749 -12
750 -13
751 -12
752 -13
753 -13
754 -13
755 -13
756 -11
757 -13
758 -13
759 -16
760 -11
761 -13
762 -13
763 -12
764 -12
765 -13
766 -13
767 -12
768 -10
769 -17
770 -10
771 -12
772 -11
773 -12
774 -13
775 -10
776 -10
777 -14
778 -13
779 -10
780 -13
781 -13
782 -11
783 -11
784 -12
785 -13
786 -13
787 -10
788 -13
789 -10
790 -13
791 -13
792 -13
793 -14
794 -11
795 -10
796 -13
797 -12
798 -12
799 -11
800 -13
801 -13
802 -13
803 -14
804 -10
805 -17
806 -11
807 -13
808 -13
809 -11
810 -13
811 -11
812 -13
813 -10
814 -10
815 -13
816 -13
817 -10
818 -13
819 -10
820 -13
821 -13
822 -13
823 -11
824 -13
825 -10
826 -11
827 -12
828 -13
829 -11
830 -10
831 -12
832 -13
833 -12
834 -11
835 -11
836 -10
837 -10
838 -10
839 -12
840 -11
841 -10
842 -13
843 -13
844 -11
845 -10
846 -13
847 -10
848 -13
849 -10
850 -13
851 -10
852 -12
853 -11
854 -13
855 -11
856 -12
857 -13
858 -10
859 -13
860 -10
861 -11
862 -10
863 -11
864 -13
865 -13
866 -10
867 -10
868 -11
869 -11
870 -13
871 -13
872 -13
873 -12
874 -13
875 -13
876 -13
877 -13
878 -11
879 -13
880 -10
881 -13
882 -12
883 -13
884 -13
885 -13
886 -13
887 -13
888 -13
889 -13
890 -13
891 -10
892 -12
893 -11
894 -12
895 -11
896 -12
897 -10
898 -16
899 -11
900 -13
901 -13
902 -10
903 -10
904 -13
905 -12
906 -12
907 -11
908 -11
909 -11
910 -13
911 -16
912 -12
913 -13
914 -10
915 -13
916 -13
917 -15
918 -17
919 -12
920 -12
921 -12
922 -10
923 -13
924 -10
925 -13
926 -12
927 -11
928 -10
929 -12
930 -11
931 -13
932 -13
933 -11
934 -13
935 -10
936 -10
937 -10
938 -15
939 -11
940 -13
941 -12
942 -13
943 -13
944 -13
945 -10
946 -13
947 -13
948 -11
949 -17
950 -12
951 -13
952 -11
953 -13
954 -13
955 -10
956 -13
957 -10
958 -13
959 -12
960 -13
961 -11
962 -11
963 -11
964 -12
965 -13
966 -12
967 -16
968 -12
969 -13
970 -11
971 -16
972 -12
973 -10
974 -12
975 -12
976 -13
977 -13
978 -11
979 -10
980 -13
981 -13
982 -12
983 -13
984 -10
985 -12
986 -11
987 -13
988 -13
989 -11
990 -13
991 -15
992 -13
993 -11
994 -10
995 -13
996 -13
997 -13
998 -12
999 -11
