0 -12
1 -10
2 -10
3 -12
4 -11
5 -11
6 -21
7 -12
8 -10
9 -47
10 -11
11 -17
12 -13
13 -17
14 -13
15 -13
16 -11
17 -13
18 -12
19 -13
20 -93
21 -12
22 -13
23 -11
24 -12
25 -11
26 -11
27 -13
28 -12
29 -10
30 -12
31 -11
32 -12
33 -10
34 -13
35 -13
36 -13
37 -78
38 -10
39 -12
40 -10
41 -12
42 -10
43 -13
44 -10
45 -13
46 -11
47 -10
48 -11
49 -13
50 -10
51 -10
52 -12
53 -11
54 -12
55 -10
56 -12
57 -11
58 -13
59 -12
60 -10
61 -11
62 -10
63 -13
64 -10
65 -12
66 -11
67 -13
68 -11
69 -12
70 -10
71 -11
72 -16
73 -13
74 -12
75 -10
76 -13
77 -13
78 -11
79 -10
80 -10
81 -11
82 -12
83 -13
84 -12
85 -10
86 -10
87 -11
88 -13
89 -11
90 -10
91 -12
92 -13
93 -13
94 -13
95 -13
96 -12
97 -12
98 -10
99 -11
100 -12
101 -13
102 -10
103 -13
104 -13
105 -13
106 -10
107 -13
108 -13
109 -12
110 -12
111 -12
112 -11
113 -13
114 -10
115 -11
116 -15
117 -11
118 -12
119 -13
120 -12
121 -12
122 -12
123 -10
124 -15
125 -11
126 -13
127 -12
128 -12
129 -13
130 -12
131 -10
132 -12
133 -13
134 -12
135 -10
136 -11
137 -13
138 -12
139 -13
140 -11
141 -13
142 -13
143 -12
144 -10
145 -12
146 -13
147 -13
148 -13
149 -10
150 -10
151 -16
152 -13
153 -11
154 -10
155 -13
156 -13
157 -13
158 -12
159 -12
160 -13
161 -11
162 -13
163 -16
164 -10
165 -10
166 -10
167 -12
168 -11
169 -10
170 -13
171 -13
172 -11
173 -10
174 -10
175 -13
176 -13
177 -13
178 -11
179 -11
180 -10
181 -11
182 -11
183 -11
184 -13
185 -13
186 -12
187 -11
188 -13
189 -13
190 -13
191 -11
192 -13
193 -13
194 -11
195 -10
196 -11
197 -13
198 -10
199 -13
200 -13
201 -11
202 -13
203 -13
204 -11
205 -10
206 -13
207 -13
208 -12
209 -10
210 -11
211 -13
212 -20
213 -12
214 -13
215 -13
216 -13
217 -13
218 -13
219 -13
220 -13
221 -13
222 -13
223 -12
224 -13
225 -13
226 -13
227 -13
228 -11
229 -13
230 -16
231 -13
232 -10
233 -13
234 -13
235 -13
236 -17
237 -13
238 -10
239 -10
240 -10
241 -13
242 -11
243 -10
244 -12
245 -13
246 -10
247 -12
248 -11
249 -11
250 -12
251 -12
252 -13
253 -11
254 -13
255 -13
256 -11
257 -13
258 -10
259 -13
260 -10
261 -11
262 -12
263 -12
264 -10
265 -13
266 -11
267 -13
268 -13
269 -13
270 -12
271 -13
272 -12
273 -13
274 -17
275 -13
276 -13
277 -11
278 -12
279 -10
280 -11
281 -10
282 -11
283 -11
284 -13
285 -13
286 -11
287 -11
288 -10
289 -13
290 -11
291 -10
292 -11
293 -10
294 -9
295 -11
296 -13
297 -11
298 -13
299 -13
300 -13
301 -12
302 -11
303 -11
304 -13
305 -13
306 -11
307 -13
308 -11
309 -13
310 -10
311 -12
312 -13
313 -13
314 -13
315 -13
316 -12
317 -13
318 -10
319 -17
320 -14
321 -13
322 -11
323 -11
324 -13
325 -11
326 -13
327 -12
328 -10
329 -12
330 -14
331 -12
332 -13
333 -13
334 -10
335 -13
336 -11
337 -13
338 -13
339 -12
340 -13
341 -13
342 -11
343 -13
344 -11
345 -12
346 -10
347 -10
348 -13
349 -11
350 -12
351 -11
352 -13
353 -12
354 -13
355 -10
356 -13
357 -13
358 -13
359 -13
360 -10
361 -10
362 -10
363 -12
364 -12
365 -11
366 -13
367 -13
368 -12
369 -10
370 -12
371 -13
372 -12
373 -13
374 -13
375 -11
376 -10
377 -11
378 -12
379 -17
380 -13
381 -11
382 -13
383 -13
384 -11
385 -13
386 -13
387 -13
388 -10
389 -13
390 -11
391 -10
392 -12
393 -13
394 -10
395 -12
396 -11
397 -13
398 -12
399 -13
400 -10
401 -10
402 -12
403 -10
404 -13
405 -10
406 -12
407 -12
408 -12
409 -13
410 -10
411 -13
412 -13
413 -10
414 -10
415 -13
416 -13
417 -13
418 -13
419 -12
420 -13
421 -13
422 -11
423 -13
424 -11
425 -10
426 -13
427 -11
428 -10
429 -12
430 -12
431 -10
432 -10
433 -10
434 -12
435 -10
436 -16
437 -17
438 -11
439 -12
440 -11
441 -13
442 -12
443 -13
444 -13
445 -11
446 -13
447 -11
448 -12
449 -12
450 -13
451 -13
452 -11
453 -12
454 -32
455 -10
456 -13
457 -13
458 -13
459 -11
460 -12
461 -13
462 -10
463 -11
464 -12
465 -13
466 -13
467 -13
468 -13
469 -13
470 -13
471 -12
472 -12
473 -13
474 -13
475 -13
476 -39
477 -11
478 -13
479 -13
480 -12
481 -13
482 -13
483 -10
484 -12
485 -16
486 -13
487 -13
488 -16
489 -13
490 -10
491 -13
492 -13
493 -13
494 -13
495 -12
496 -13
497 -13
498 -13
499 -13
500 -13
501 -11
502 -13
503 -13
504 -11
505 -12
506 -13
507 -11
508 -12
509 -12
510 -10
511 -10
512 -13
513 -10
514 -10
515 -16
516 -12
517 -13
518 -11
519 -13
520 -13
521 -20
522 -11
523 -12
524 -11
525 -11
526 -13
527 -11
528 -14
529 -12
530 -13
531 -11
532 -13
533 -17
534 -13
535 -13
536 -14
537 -13
538 -11
539 -10
540 -13
541 -12
542 -10
543 -13
544 -12
545 -11
546 -10
547 -11
548 -11
549 -13
550 -13
551 -10
552 -11
553 -13
554 -13
555 -10
556 -10
557 -13
558 -11
559 -10
560 -12
561 -12
562 -10
563 -12
564 -12
565 -13
566 -13
567 -13
568 -13
569 -13
570 -10
571 -13
572 -13
573 -11
574 -11
575 -13
576 -11
577 -13
578 -10
579 -12
580 -12
581 -12
582 -10
583 -15
584 -11
585 -10
586 -12
587 -10
588 -13
589 -12
590 -28
591 -13
592 -12
593 -13
594 -11
595 -10
596 -13
597 -12
598 -13
599 -13
600 -13
601 -12
602 -12
603 -11
604 -10
605 -12
606 -10
607 -13
608 -10
609 -13
610 -11
611 -13
612 -11
613 -13
614 -11
615 -17
616 -11
617 -29
618 -13
619 -10
620 -13
621 -13
622 -11
623 -12
624 -12
625 -11
626 -13
627 -11
628 -12
629 -13
630 -14
631 -12
632 -14
633 -16
634 -11
635 -13
636 -13
637 -11
638 -13
639 -12
640 -11
641 -11
642 -10
643 -13
644 -12
645 -12
646 -13
647 -10
648 -10
649 -10
650 -11
651 -11
652 -19
653 -13
654 -12
655 -10
656 -10
657 -11
658 -13
659 -13
660 -12
661 -11
662 -10
663 -10
664 -13
665 -11
666 -11
667 -13
668 -10
669 -13
670 -16
671 -12
672 -11
673 -10
674 -13
675 -13
676 -10
677 -10
678 -11
679 -13
680 -13
681 -13
682 -13
683 -12
684 -13
685 -10
686 -10
687 -11
688 -11
689 -12
690 -13
691 -12
692 -12
693 -11
694 -13
695 -13
696 -12
697 -12
698 -11
699 -11
700 -13
701 -12
702 -12
703 -10
704 -13
705 -13
706 -12
707 -11
708 -10
709 -11
710 -10
711 -13
712 -13
713 -11
714 -13
715 -12
716 -10
717 -13
718 -13
719 -13
720 -13
721 -19
722 -10
723 -11
724 -11
725 -13
726 -15
727 -13
728 -11
729 -12
730 -12
731 -13
732 -15
733 -11
734 -10
735 -13
736 -13
737 -11
738 -13
739 -13
740 -13
741 -13
742 -10
743 -11
744 -11
745 -11
746 -12
747 -11
748 -13
749 -13
750 -10
751 -11
752 -11
753 -11
754 -12
755 -11
756 -12
757 -12
758 -11
759 -11
760 -10
761 -13
762 -13
763 -12
764 -17
765 -10
766 -12
767 -13
768 -13
769 -13
770 -12
771 -11
772 -13
773 -11
774 -10
775 -13
776 -12
777 -12
778 -13
779 -13
780 -11
781 -10
782 -10
783 -11
784 -12
785 -12
786 -13
787 -13
788 -13
789 -11
790 -10
791 -15
792 -13
793 -12
794 -13
795 -13
796 -13
797 -11
798 -10
799 -13
800 -12
801 -10
802 -11
803 -13
804 -12
805 -10
806 -17
807 -13
808 -12
809 -11
810 -11
811 -10
812 -13
813 -13
814 -10
815 -13
816 -13
817 -10
818 -15
819 -12
820 -10
821 -10
822 -12
823 -12
824 -12
825 -12
826 -12
827 -12
828 -13
829 -12
830 -10
831 -12
832 -11
833 -11
834 -13
835 -11
836 -11
837 -13
838 -10
839 -11
840 -10
841 -11
842 -10
843 -11
844 -12
845 -10
846 -13
847 -13
848 -10
849 -12
850 -13
851 -11
852 -10
853 -12
854 -13
855 -12
856 -13
857 -11
858 -12
859 -13
860 -13
861 -13
862 -10
863 -13
864 -10
865 -10
866 -10
867 -13
868 -13
869 -10
870 -13
871 -12
872 -17
873 -13
874 -13
875 -12
876 -11
877 -10
878 -11
879 -13
880 -13
881 -13
882 -13
883 -12
884 -10
885 -10
886 -13
887 -11
888 -10
889 -12
890 -13
891 -12
892 -13
893 -13
894 -12
895 -11
896 -13
897 -12
898 -13
899 -13
900 -13
901 -11
902 -13
903 -10
904 -10
905 -13
906 -10
907 -13
908 -13
909 -13
910 -13
911 -13
912 -10
913 -11
914 -11
915 -11
916 -13
917 -10
918 -13
919 -11
920 -10
921 -10
922 -12
923 -10
924 -13
925 -12
926 -13
927 -10
928 -16
929 -13
930 -13
931 -11
932 -15
933 -10
934 -11
935 -10
936 -10
937 -11
938 -11
939 -13
940 -13
941 -13
942 -13
943 -11
944 -10
945 -13
946 -13
947 -12
948 -13
949 -11
950 -13
951 -12
952 -13
953 -13
954 -12
955 -10
956 -15
957 -12
958 -13
959 -12
960 -13
961 -10
962 -13
963 -13
964 -11
965 -22
966 -12
967 -10
968 -13
969 -11
970 -10
971 -12
972 -13
973 -13
974 -13
975 -13
976 -13
977 -13
978 -10
979 -11
980 -11
981 -13
982 -11
983 -13
984 -10
985 -11
986 -11
987 -13
988 -10
989 -13
990 -13
991 -11
992 -13
993 -11
994 -10
995 -11
996 -11
997 -10
998 -11
999 -13
