0 -11
1 -13
2 -13
3 -10
4 -12
5 -13
6 -10
7 -10
8 -13
9 -11
10 -11
11 -13
12 -11
13 -13
14 -13
15 -11
16 -12
17 -13
18 -10
19 -11
20 -13
21 -11
22 -11
23 -12
24 -10
25 -12
26 -13
27 -10
28 -13
29 -13
30 -11
31 -13
32 -13
33 -10
34 -12
35 -10
36 -13
37 -12
38 -10
39 -10
40 -10
41 -10
42 -11
43 -10
44 -10
45 -13
46 -10
47 -10
48 -12
49 -13
50 -13
51 -13
52 -13
53 -11
54 -12
55 -13
56 -12
57 -10
58 -13
59 -12
60 -10
61 -11
62 -11
63 -12
64 -19
65 -12
66 -10
67 -12
68 -11
69 -13
70 -13
71 -13
72 -10
73 -13
74 -13
75 -12
76 -10
77 -13
78 -12
79 -10
80 -13
81 -12
82 -12
83 -13
84 -11
85 -10
86 -13
87 -13
88 -13
89 -10
90 -12
91 -11
92 -11
93 -13
94 -13
95 -14
96 -13
97 -12
98 -12
99 -13
100 -11
101 -10
102 -12
103 -13
104 -11
105 -13
106 -10
107 -11
108 -11
109 -15
110 -12
111 -11
112 -10
113 -10
114 -12
115 -11
116 -13
117 -13
118 -13
119 -13
120 -11
121 -13
122 -13
123 -13
124 -13
125 -13
126 -12
127 -11
128 -13
129 -11
130 -11
131 -13
132 -11
133 -12
134 -16
135 -12
136 -10
137 -12
138 -13
139 -11
140 -11
141 -10
142 -16
143 -10
144 -12
145 -10
146 -12
147 -12
148 -10
149 -13
150 -13
151 -13
152 -11
153 -12
154 -13
155 -11
156 -10
157 -13
158 -13
159 -10
160 -10
161 -12
162 -16
163 -13
164 -12
165 -13
166 -12
167 -13
168 -11
169 -13
170 -11
171 -11
172 -11
173 -11
174 -13
175 -11
176 -12
177 -10
178 -10
179 -12
180 -10
181 -10
182 -13
183 -11
184 -10
185 -13
186 -13
187 -12
188 -10
189 -11
190 -12
191 -12
192 -11
193 -10
194 -11
195 -10
196 -13
197 -11
198 -11
199 -10
200 -11
201 -13
202 -13
203 -13
204 -11
205 -11
206 -12
207 -11
208 -13
209 -11
210 -13
211 -13
212 -13
213 -13
214 -11
215 -21
216 -13
217 -11
218 -10
219 -13
220 -13
221 -12
222 -11
223 -10
224 -23
225 -12
226 -13
227 -13
228 -10
229 -13
230 -13
231 -13
232 -10
233 -11
234 -11
235 -13
236 -12
237 -13
238 -13
239 -13
240 -13
241 -12
242 -10
243 -13
244 -11
245 -13
246 -10
247 -13
248 -11
249 -13
250 -10
251 -11
252 -13
253 -13
254 -13
255 -13
256 -12
257 -13
258 -11
259 -13
260 -13
261 -13
262 -10
263 -10
264 -13
265 -12
266 -15
267 -13
268 -17
269 -11
270 -12
271 -12
272 -11
273 -12
274 -12
275 -13
276 -11
277 -13
278 -10
279 -11
280 -10
281 -13
282 -14
283 -11
284 -12
285 -10
286 -11
287 -13
288 -12
289 -10
290 -13
291 -11
292 -13
293 -13
294 -10
295 -13
296 -13
297 -11
298 -11
299 -12
300 -12
301 -10
302 -12
303 -10
304 -12
305 -11
306 -13
307 -12
308 -13
309 -11
310 -11
311 -13
312 -13
313 -11
314 -11
315 -15
316 -13
317 -9
318 -10
319 -10
320 -10
321 -11
322 -12
323 -11
324 -13
325 -13
326 -12
327 -13
328 -10
329 -12
330 -10
331 -12
332 -12
333 -10
334 -13
335 -11
336 -13
337 -13
338 -13
339 -11
340 -13
341 -13
342 -13
343 -11
344 -12
345 -13
346 -13
347 -13
348 -13
349 -12
350 -47
351 -13
352 -13
353 -10
354 -13
355 -13
356 -11
357 -13
358 -11
359 -13
360 -11
361 -10
362 -12
363 -11
364 -13
365 -13
366 -13
367 -11
368 -13
369 -10
370 -10
371 -10
372 -10
373 -10
374 -10
375 -12
376 -10
377 -16
378 -14
379 -10
380 -13
381 -12
382 -13
383 -13
384 -10
385 -13
386 -12
387 -10
388 -13
389 -10
390 -13
391 -13
392 -13
393 -13
394 -12
395 -13
396 -13
397 -12
398 -12
399 -11
400 -12
401 -13
402 -13
403 -13
404 -13
405 -13
406 -10
407 -13
408 -10
409 -13
410 -13
411 -11
412 -11
413 -13
414 -13
415 -10
416 -12
417 -13
418 -10
419 -10
420 -13
421 -13
422 -13
423 -11
424 -10
425 -10
426 -10
427 -13
428 -12
429 -13
430 -15
431 -12
432 -13
433 -13
434 -10
435 -12
436 -10
437 -12
438 -12
439 -12
440 -10
441 -12
442 -10
443 -10
444 -13
445 -10
446 -10
447 -11
448 -11
449 -57
450 -11
451 -13
452 -13
453 -13
454 -11
455 -10
456 -13
457 -13
458 -10
459 -13
460 -11
461 -13
462 -13
463 -13
464 -13
465 -10
466 -10
467 -11
468 -11
469 -12
470 -10
471 -13
472 -13
473 -11
474 -11
475 -10
476 -13
477 -10
478 -12
479 -13
480 -11
481 -13
482 -13
483 -12
484 -13
485 -13
486 -11
487 -11
488 -13
489 -13
490 -14
491 -13
492 -13
493 -12
494 -13
495 -11
496 -12
497 -10
498 -12
499 -11
500 -13
501 -10
502 -12
503 -10
504 -11
505 -11
506 -10
507 -12
508 -13
509 -13
510 -13
511 -12
512 -11
513 -12
514 -13
515 -13
516 -17
517 -13
518 -12
519 -13
520 -17
521 -11
522 -10
523 -13
524 -12
525 -13
526 -10
527 -12
528 -10
529 -13
530 -12
531 -16
532 -12
533 -12
534 -13
535 -17
536 -11
537 -10
538 -10
539 -13
540 -13
541 -13
542 -12
543 -13
544 -13
545 -11
546 -11
547 -11
548 -10
549 -38
550 -13
551 -13
552 -12
553 -11
554 -17
555 -17
556 -13
557 -13
558 -12
559 -12
560 -11
561 -11
562 -13
563 -13
564 -12
565 -11
566 -13
567 -12
568 -12
569 -10
570 -10
571 -11
572 -17
573 -12
574 -13
575 -10
576 -11
577 -13
578 -12
579 -11
580 -10
581 -13
582 -13
583 -10
584 -13
585 -13
586 -11
587 -10
588 -12
589 -11
590 -11
591 -12
592 -13
593 -11
594 -13
595 -17
596 -10
597 -16
598 -12
599 -13
600 -11
601 -13
602 -12
603 -13
604 -10
605 -13
606 -13
607 -11
608 -13
609 -11
610 -11
611 -13
612 -13
613 -13
614 -10
615 -10
616 -13
617 -11
618 -13
619 -11
620 -12
621 -10
622 -14
623 -12
624 -12
625 -10
626 -11
627 -10
628 -11
629 -12
630 -10
631 -10
632 -13
633 -13
634 -13
635 -10
636 -10
637 -12
638 -13
639 -12
640 -15
641 -13
642 -13
643 -12
644 -13
645 -10
646 -13
647 -11
648 -11
649 -13
650 -13
651 -10
652 -16
653 -13
654 -10
655 -11
656 -10
657 -10
658 -11
659 -13
660 -11
661 -12
662 -13
663 -13
664 -13
665 -11
666 -11
667 -12
668 -10
669 -13
670 -13
671 -17
672 -12
673 -12
674 -12
675 -10
676 -13
677 -10
678 -10
679 -13
680 -11
681 -14
682 -12
683 -12
684 -13
685 -13
686 -13
687 -10
688 -10
689 -13
690 -13
691 -13
692 -10
693 -10
694 -13
695 -17
696 -13
697 -12
698 -12
699 -11
700 -13
701 -12
702 -14
703 -13
704 -13
705 -11
706 -10
707 -11
708 -11
709 -13
710 -13
711 -13
712 -12
713 -12
714 -12
715 -11
716 -13
717 -11
718 -10
719 -10
720 -16
721 -11
722 -15
723 -10
724 -13
725 -12
726 -10
727 -13
728 -10
729 -13
730 -12
731 -13
732 -12
733 -11
734 -13
735 -13
736 -12
737 -12
738 -15
739 -10
740 -10
741 -12
742 -13
743 -12
744 -11
745 -11
746 -13
747 -13
748 -13
749 -11
750 -13
751 -13
752 -11
753 -9
754 -13
755 -10
756 -17
757 -11
758 -10
759 -13
760 -12
761 -13
762 -14
763 -13
764 -12
765 -11
766 -12
767 -13
768 -11
769 -13
770 -12
771 -10
772 -11
773 -11
774 -10
775 -10
776 -13
777 -10
778 -10
779 -12
780 -11
781 -13
782 -11
783 -13
784 -13
785 -11
786 -10
787 -12
788 -18
789 -13
790 -11
791 -10
792 -13
793 -12
794 -12
795 -11
796 -13
797 -12
798 -13
799 -10
800 -13
801 -13
802 -11
803 -11
804 -10
805 -10
806 -11
807 -11
808 -13
809 -11
810 -13
811 -13
812 -11
813 -12
814 -13
815 -11
816 -12
817 -11
818 -20
819 -12
820 -11
821 -13
822 -13
823 -13
824 -13
825 -13
826 -12
827 -13
828 -13
829 -11
830 -13
831 -13
832 -11
833 -10
834 -12
835 -13
836 -13
837 -11
838 -12
839 -13
840 -11
841 -12
842 -11
843 -13
844 -13
845 -13
846 -13
847 -13
848 -13
849 -13
850 -12
851 -13
852 -13
853 -13
854 -10
855 -10
856 -11
857 -13
858 -13
859 -12
860 -12
861 -13
862 -10
863 -11
864 -11
865 -10
866 -10
867 -12
868 -13
869 -11
870 -10
871 -13
872 -13
873 -12
874 -13
875 -13
876 -12
877 -11
878 -13
879 -11
880 -13
881 -13
882 -13
883 -10
884 -13
885 -13
886 -12
887 -13
888 -12
889 -11
890 -12
891 -10
892 -13
893 -11
894 -13
895 -13
896 -13
897 -13
898 -10
899 -10
900 -13
901 -12
902 -13
903 -12
904 -13
905 -11
906 -10
907 -11
908 -12
909 -13
910 -12
911 -10
912 -12
913 -13
914 -13
915 -12
916 -11
917 -13
918 -12
919 -13
920 -11
921 -13
922 -12
923 -13
924 -13
925 -12
926 -12
927 -13
928 -11
929 -13
930 -10
931 -16
932 -11
933 -10
934 -13
935 -13
936 -12
937 -13
938 -14
939 -13
940 -13
941 -12
942 -10
943 -16
944 -11
945 -11
946 -13
947 -12
948 -12
949 -12
950 -13
951 -12
952 -10
953 -11
954 -10
955 -13
956 -13
957 -13
958 -13
959 -11
960 -13
961 -12
962 -12
963 -19
964 -13
965 -17
966 -10
967 -13
968 -13
969 -11
970 -12
971 -12
972 -13
973 -12
974 -10
975 -11
976 -12
977 -13
978 -10
979 -11
980 -13
981 -10
982 -13
983 -13
984 -10
985 -14
986 -13
987 -12
988 -11
989 -10
990 -13
991 -13
992 -10
993 -10
994 -12
995 -10
996 -10
997 -13
998 -17
999 -13
