0 -12
1 -13
2 -13
3 -11
4 -12
5 -13
6 -10
7 -11
8 -13
9 -12
10 -13
11 -12
12 -13
13 -10
14 -13
15 -13
16 -12
17 -15
18 -10
19 -13
20 -11
21 -12
22 -13
23 -13
24 -13
25 -11
26 -13
27 -12
28 -11
29 -13
30 -10
31 -13
32 -13
33 -11
34 -13
35 -11
36 -11
37 -13
38 -11
39 -13
40 -11
41 -13
42 -13
43 -13
44 -11
45 -13
46 -13
47 -10
48 -11
49 -13
50 -12
51 -12
52 -13
53 -13
54 -13
55 -13
56 -10
57 -11
58 -13
59 -10
60 -10
61 -10
62 -10
63 -12
64 -12
65 -11
66 -13
67 -13
68 -13
69 -13
70 -13
71 -13
72 -10
73 -13
74 -12
75 -12
76 -10
77 -13
78 -11
79 -13
80 -13
81 -16
82 -13
83 -13
84 -10
85 -11
86 -12
87 -13
88 -13
89 -13
90 -13
91 -11
92 -13
93 -12
94 -11
95 -13
96 -11
97 -11
98 -13
99 -13
100 -13
101 -11
102 -10
103 -12
104 -12
105 -13
106 -13
107 -11
108 -13
109 -11
110 -10
111 -12
112 -12
113 -13
114 -13
115 -12
116 -11
117 -13
118 -13
119 -13
120 -13
121 -13
122 -13
123 -13
124 -10
125 -13
126 -11
127 -10
128 -12
129 -10
130 -13
131 -13
132 -13
133 -13
134 -13
135 -13
136 -10
137 -11
138 -11
139 -12
140 -11
141 -10
142 -12
143 -13
144 -13
145 -10
146 -13
147 -13
148 -11
149 -19
150 -10
151 -13
152 -12
153 -11
154 -10
155 -13
156 -11
157 -13
158 -10
159 -10
160 -13
161 -13
162 -11
163 -12
164 -12
165 -11
166 -12
167 -13
168 -12
169 -10
170 -11
171 -13
172 -11
173 -13
174 -12
175 -13
176 -11
177 -11
178 -10
179 -10
180 -11
181 -11
182 -13
183 -11
184 -11
185 -13
186 -12
187 -12
188 -10
189 -11
190 -10
191 -11
192 -12
193 -13
194 -11
195 -11
196 -13
197 -13
198 -13
199 -11
200 -13
201 -10
202 -13
203 -10
204 -12
205 -12
206 -12
207 -11
208 -10
209 -13
210 -15
211 -12
212 -13
213 -13
214 -10
215 -11
216 -12
217 -13
218 -11
219 -13
220 -10
221 -11
222 -12
223 -13
224 -10
225 -11
226 -12
227 -12
228 -11
229 -11
230 -13
231 -13
232 -13
233 -11
234 -13
235 -10
236 -13
237 -12
238 -13
239 -12
240 -15
241 -10
242 -12
243 -12
244 -11
245 -11
246 -11
247 -13
248 -11
249 -19
250 -12
251 -10
252 -17
253 -12
254 -10
255 -10
256 -13
257 -13
258 -12
259 -10
260 -11
261 -13
262 -13
263 -10
264 -13
265 -11
266 -19
267 -13
268 -10
269 -10
270 -11
271 -11
272 -12
273 -11
274 -13
275 -12
276 -12
277 -10
278 -13
279 -13
280 -12
281 -13
282 -17
283 -12
284 -19
285 -13
286 -13
287 -13
288 -13
289 -11
290 -13
291 -10
292 -12
293 -12
294 -13
295 -13
296 -12
297 -11
298 -11
299 -13
300 -10
301 -11
302 -10
303 -13
304 -12
305 -13
306 -13
307 -16
308 -12
309 -11
310 -10
311 -13
312 -13
313 -13
314 -13
315 -12
316 -11
317 -11
318 -10
319 -11
320 -11
321 -12
322 -13
323 -13
324 -13
325 -17
326 -11
327 -12
328 -13
329 -13
330 -13
331 -13
332 -12
333 -13
334 -13
335 -12
336 -13
337 -10
338 -11
339 -10
340 -13
341 -12
342 -11
343 -11
344 -10
345 -11
346 -10
347 -10
348 -10
349 -11
350 -13
351 -11
352 -10
353 -12
354 -11
355 -19
356 -12
357 -11
358 -13
359 -13
360 -13
361 -13
362 -11
363 -11
364 -13
365 -10
366 -13
367 -13
368 -13
369 -10
370 -11
371 -10
372 -10
373 -11
374 -11
375 -12
376 -14
377 -13
378 -10
379 -12
380 -10
381 -12
382 -13
383 -10
384 -11
385 -18
386 -11
387 -10
388 -13
389 -10
390 -10
391 -13
392 -10
393 -13
394 -10
395 -11
396 -11
397 -12
398 -13
399 -13
400 -11
401 -13
402 -12
403 -10
404 -11
405 -12
406 -13
407 -13
408 -13
409 -13
410 -13
411 -13
412 -13
413 -10
414 -10
415 -17
416 -12
417 -13
418 -11
419 -10
420 -11
421 -10
422 -10
423 -11
424 -11
425 -13
426 -13
427 -10
428 -13
429 -11
430 -11
431 -13
432 -13
433 -11
434 -12
435 -13
436 -13
437 -10
438 -13
439 -13
440 -13
441 -11
442 -12
443 -13
444 -13
445 -10
446 -13
447 -10
448 -13
449 -13
450 -10
451 -13
452 -10
453 -11
454 -13
455 -11
456 -11
457 -12
458 -11
459 -13
460 -12
461 -11
462 -12
463 -12
464 -13
465 -13
466 -12
467 -13
468 -12
469 -13
470 -12
471 -10
472 -10
473 -11
474 -13
475 -15
476 -10
477 -16
478 -10
479 -13
480 -10
481 -10
482 -11
483 -13
484 -11
485 -10
486 -13
487 -12
488 -17
489 -19
490 -13
491 -13
492 -13
493 -14
494 -12
495 -13
496 -12
497 -13
498 -11
499 -12
500 -10
501 -12
502 -11
503 -13
504 -13
505 -12
506 -11
507 -12
508 -12
509 -12
510 -12
511 -12
512 -12
513 -10
514 -12
515 -10
516 -13
517 -17
518 -12
519 -11
520 -13
521 -13
522 -13
523 -13
524 -10
525 -10
526 -12
527 -13
528 -12
529 -11
530 -13
531 -13
532 -12
533 -13
534 -13
535 -18
536 -13
537 -13
538 -13
539 -13
540 -12
541 -10
542 -10
543 -10
544 -10
545 -11
546 -13
547 -10
548 -13
549 -11
550 -12
551 -11
552 -13
553 -13
554 -13
555 -12
556 -13
557 -11
558 -10
559 -10
560 -13
561 -13
562 -10
563 -12
564 -13
565 -13
566 -11
567 -10
568 -13
569 -12
570 -13
571 -13
572 -11
573 -12
574 -12
575 -13
576 -11
577 -13
578 -12
579 -10
580 -11
581 -10
582 -13
583 -12
584 -10
585 -13
586 -10
587 -10
588 -10
589 -13
590 -16
591 -11
592 -10
593 -11
594 -12
595 -12
596 -10
597 -20
598 -10
599 -13
600 -13
601 -13
602 -10
603 -13
604 -13
605 -12
606 -10
607 -13
608 -13
609 -13
610 -19
611 -12
612 -12
613 -13
614 -11
615 -12
616 -12
617 -18
618 -11
619 -11
620 -11
621 -11
622 -11
623 -13
624 -13
625 -12
626 -13
627 -10
628 -12
629 -13
630 -12
631 -12
632 -13
633 -13
634 -11
635 -12
636 -10
637 -13
638 -13
639 -13
640 -12
641 -13
642 -12
643 -11
644 -13
645 -12
646 -13
647 -10
648 -10
649 -13
650 -12
651 -16
652 -10
653 -12
654 -11
655 -13
656 -10
657 -11
658 -13
659 -15
660 -13
661 -11
662 -13
663 -13
664 -13
665 -13
666 -10
667 -10
668 -13
669 -12
670 -13
671 -12
672 -12
673 -13
674 -10
675 -10
676 -13
677 -12
678 -12
679 -11
680 -12
681 -12
682 -12
683 -10
684 -16
685 -10
686 -12
687 -13
688 -13
689 -13
690 -13
691 -12
692 -12
693 -13
694 -12
695 -13
696 -11
697 -11
698 -11
699 -12
700 -12
701 -11
702 -12
703 -13
704 -13
705 -13
706 -12
707 -10
708 -10
709 -12
710 -13
711 -11
712 -13
713 -11
714 -11
715 -11
716 -13
717 -13
718 -11
719 -13
720 -12
721 -13
722 -12
723 -12
724 -13
725 -11
726 -10
727 -13
728 -13
729 -12
730 -12
731 -12
732 -14
733 -10
734 -10
735 -11
736 -13
737 -11
738 -10
739 -11
740 -13
741 -13
742 -12
743 -13
744 -13
745 -12
746 -10
747 -12
748 -13
749 -13
750 -10
751 -11
752 -12
753 -11
754 -12
755 -12
756 -13
757 -29
758 -13
759 -13
760 -12
761 -13
762 -13
763 -13
764 -13
765 -13
766 -11
767 -12
768 -10
769 -9
770 -12
771 -13
772 -11
773 -13
774 -10
775 -10
776 -11
777 -13
778 -12
779 -13
780 -11
781 -13
782 -12
783 -11
784 -13
785 -10
786 -13
787 -11
788 -13
789 -10
790 -13
791 -11
792 -11
793 -13
794 -13
795 -12
796 -10
797 -11
798 -10
799 -10
800 -13
801 -13
802 -13
803 -13
804 -13
805 -12
806 -13
807 -11
808 -13
809 -13
810 -13
811 -9
812 -12
813 -12
814 -13
815 -11
816 -13
817 -11
818 -11
819 -13
820 -12
821 -13
822 -13
823 -11
824 -10
825 -13
826 -9
827 -10
828 -13
829 -10
830 -11
831 -10
832 -12
833 -10
834 -10
835 -10
836 -13
837 -10
838 -13
839 -10
840 -10
841 -10
842 -13
843 -13
844 -10
845 -10
846 -13
847 -10
848 -10
849 -10
850 -11
851 -13
852 -13
853 -13
854 -13
855 -11
856 -10
857 -13
858 -12
859 -16
860 -11
861 -12
862 -13
863 -11
864 -11
865 -13
866 -13
867 -13
868 -10
869 -12
870 -13
871 -13
872 -11
873 -12
874 -13
875 -12
876 -13
877 -11
878 -11
879 -13
880 -13
881 -10
882 -11
883 -10
884 -12
885 -13
886 -12
887 -16
888 -10
889 -11
890 -12
891 -12
892 -13
893 -11
894 -10
895 -13
896 -13
897 -14
898 -10
899 -12
900 -10
901 -12
902 -12
903 -13
904 -10
905 -10
906 -12
907 -13
908 -10
909 -13
910 -13
911 -11
912 -12
913 -13
914 -12
915 -11
916 -11
917 -12
918 -11
919 -13
920 -10
921 -12
922 -10
923 -11
924 -13
925 -12
926 -13
927 -13
928 -10
929 -10
930 -11
931 -11
932 -12
933 -13
934 -12
935 -13
936 -12
937 -13
938 -13
939 -13
940 -13
941 -12
942 -13
943 -12
944 -10
945 -17
946 -10
947 -10
948 -10
949 -13
950 -13
951 -12
952 -12
953 -13
954 -12
955 -12
956 -11
957 -10
958 -12
959 -11
960 -10
961 -10
962 -13
963 -11
964 -12
965 -10
966 -13
967 -13
968 -13
969 -11
970 -13
971 -10
972 -13
973 -10
974 -13
975 -13
976 -13
977 -13
978 -12
979 -10
980 -10
981 -12
982 -13
983 -12
984 -20
985 -13
986 -10
987 -13
988 -13
989 -13
990 -12
991 -13
992 -11
993 -12
994 -10
995 -12
996 -10
997 -10
998 -11
999 -10
