0 -12
1 -11
2 -13
3 -13
4 -13
5 -10
6 -12
7 -10
8 -17
9 -13
10 -13
11 -13
12 -13
13 -13
14 -10
15 -11
16 -12
17 -12
18 -13
19 -13
20 -13
21 -11
22 -10
23 -10
24 -13
25 -13
26 -10
27 -13
28 -11
29 -10
30 -10
31 -10
32 -11
33 -12
34 -11
35 -12
36 -11
37 -13
38 -13
39 -13
40 -10
41 -13
42 -13
43 -12
44 -13
45 -10
46 -11
47 -13
48 -11
49 -12
50 -13
51 -12
52 -11
53 -11
54 -10
55 -13
56 -13
57 -11
58 -11
59 -13
60 -10
61 -10
62 -13
63 -11
64 -10
65 -13
66 -12
67 -11
68 -13
69 -13
70 -11
71 -12
72 -13
73 -13
74 -13
75 -10
76 -13
77 -10
78 -14
79 -11
80 -10
81 -10
82 -16
83 -12
84 -11
85 -11
86 -10
87 -11
88 -11
89 -12
90 -13
91 -10
92 -11
93 -13
94 -10
95 -13
96 -15
97 -13
98 -13
99 -13
100 -10
101 -10
102 -13
103 -13
104 -12
105 -13
106 -10
107 -13
108 -11
109 -11
110 -12
111 -13
112 -10
113 -13
114 -12
115 -11
116 -12
117 -11
118 -13
119 -19
120 -10
121 -13
122 -13
123 -10
124 -10
125 -12
126 -13
127 -11
128 -13
129 -13
130 -13
131 -10
132 -13
133 -12
134 -11
135 -13
136 -12
137 -13
138 -12
139 -13
140 -12
141 -13
142 -10
143 -10
144 -13
145 -12
146 -13
147 -13
148 -12
149 -12
150 -11
151 -11
152 -11
153 -13
154 -13
155 -32
156 -11
157 -10
158 -11
159 -11
160 -10
161 -10
162 -10
163 -10
164 -13
165 -13
166 -10
167 -10
168 -12
169 -12
170 -11
171 -12
172 -12
173 -12
174 -11
175 -13
176 -13
177 -13
178 -11
179 -13
180 -13
181 -13
182 -10
183 -11
184 -10
185 -11
186 -13
187 -13
188 -13
189 -13
190 -13
191 -12
192 -12
193 -10
194 -10
195 -11
196 -11
197 -13
198 -13
199 -13
200 -13
201 -13
202 -10
203 -13
204 -12
205 -11
206 -11
207 -13
208 -13
209 -13
210 -10
211 -11
212 -11
213 -12
214 -11
215 -11
216 -13
217 -12
218 -10
219 -12
220 -11
221 -13
222 -11
223 -10
224 -10
225 -13
226 -13
227 -11
228 -13
229 -11
230 -13
231 -13
232 -12
233 -10
234 -13
235 -13
236 -13
237 -13
238 -11
239 -13
240 -13
241 -10
242 -11
243 -10
244 -10
245 -13
246 -13
247 -11
248 -12
249 -10
250 -12
251 -10
252 -13
253 -12
254 -13
255 -16
256 -12
257 -13
258 -13
259 -12
260 -11
261 -11
262 -11
263 -11
264 -13
265 -10
266 -12
267 -13
268 -11
269 -13
270 -12
271 -13
272 -12
273 -12
274 -11
275 -13
276 -10
277 -10
278 -12
279 -12
280 -12
281 -13
282 -13
283 -10
284 -11
285 -13
286 -13
287 -11
288 -13
289 -13
290 -11
291 -10
292 -12
293 -12
294 -10
295 -13
296 -13
297 -12
298 -11
299 -12
300 -11
301 -13
302 -10
303 -10
304 -13
305 -12
306 -16
307 -11
308 -10
309 -13
310 -11
311 -10
312 -16
313 -13
314 -13
315 -11
316 -11
317 -13
318 -11
319 -10
320 -11
321 -14
322 -11
323 -20
324 -11
325 -12
326 -10
327 -12
328 -13
329 -11
330 -13
331 -11
332 -13
333 -10
334 -11
335 -12
336 -13
337 -10
338 -12
339 -10
340 -13
341 -13
342 -12
343 -11
344 -11
345 -12
346 -11
347 -12
348 -32
349 -12
350 -17
351 -13
352 -13
353 -12
354 -13
355 -10
356 -12
357 -12
358 -13
359 -13
360 -10
361 -12
362 -10
363 -13
364 -12
365 -13
366 -13
367 -10
368 -12
369 -10
370 -10
371 -11
372 -13
373 -13
374 -10
375 -10
376 -11
377 -13
378 -12
379 -10
380 -98
381 -11
382 -11
383 -12
384 -13
385 -13
386 -12
387 -10
388 -12
389 -10
390 -13
391 -11
392 -13
393 -10
394 -12
395 -12
396 -16
397 -13
398 -13
399 -11
400 -16
401 -10
402 -13
403 -11
404 -12
405 -12
406 -11
407 -13
408 -12
409 -12
410 -13
411 -12
412 -13
413 -12
414 -11
415 -12
416 -12
417 -13
418 -13
419 -12
420 -11
421 -11
422 -13
423 -12
424 -13
425 -13
426 -10
427 -13
428 -12
429 -10
430 -13
431 -11
432 -13
433 -11
434 -11
435 -13
436 -11
437 -12
438 -11
439 -11
440 -13
441 -10
442 -11
443 -11
444 -13
445 -13
446 -13
447 -10
448 -13
449 -13
450 -12
451 -13
452 -12
453 -13
454 -13
455 -12
456 -11
457 -12
458 -12
459 -10
460 -17
461 -13
462 -12
463 -11
464 -10
465 -13
466 -14
467 -10
468 -13
469 -13
470 -10
471 -12
472 -11
473 -13
474 -28
475 -13
476 -11
477 -11
478 -12
479 -17
480 -13
481 -11
482 -12
483 -11
484 -10
485 -12
486 -10
487 -10
488 -13
489 -10
490 -13
491 -13
492 -10
493 -13
494 -10
495 -13
496 -12
497 -13
498 -13
499 -16
500 -13
501 -29
502 -11
503 -12
504 -13
505 -13
506 -13
507 -14
508 -13
509 -13
510 -12
511 -12
512 -11
513 -12
514 -11
515 -12
516 -11
517 -9
518 -12
519 -13
520 -13
521 -10
522 -12
523 -13
524 -13
525 -12
526 -13
527 -13
528 -13
529 -13
530 -14
531 -12
532 -13
533 -11
534 -10
535 -10
536 -12
537 -13
538 -13
539 -13
540 -13
541 -13
542 -12
543 -11
544 -12
545 -13
546 -13
547 -10
548 -10
549 -12
550 -12
551 -10
552 -12
553 -11
554 -12
555 -10
556 -13
557 -12
558 -12
559 -12
560 -10
561 -11
562 -13
563 -13
564 -13
565 -10
566 -12
567 -10
568 -13
569 -13
570 -18
571 -12
572 -11
573 -10
574 -10
575 -15
576 -10
577 -13
578 -13
579 -13
580 -12
581 -12
582 -13
583 -19
584 -12
585 -12
586 -13
587 -11
588 -12
589 -11
590 -10
591 -13
592 -11
593 -13
594 -13
595 -12
596 -13
597 -11
598 -11
599 -17
600 -10
601 -11
602 -12
603 -13
604 -13
605 -13
606 -11
607 -13
608 -13
609 -32
610 -14
611 -12
612 -13
613 -11
614 -10
615 -13
616 -16
617 -12
618 -10
619 -13
620 -13
621 -12
622 -13
623 -16
624 -12
625 -13
626 -11
627 -11
628 -13
629 -13
630 -12
631 -12
632 -12
633 -13
634 -13
635 -11
636 -10
637 -13
638 -10
639 -12
640 -13
641 -10
642 -11
643 -13
644 -12
645 -13
646 -13
647 -12
648 -12
649 -13
650 -12
651 -13
652 -10
653 -13
654 -13
655 -11
656 -10
657 -15
658 -13
659 -12
660 -21
661 -12
662 -11
663 -10
664 -13
665 -13
666 -13
667 -11
668 -10
669 -11
670 -20
671 -13
672 -12
673 -12
674 -12
675 -13
676 -12
677 -10
678 -11
679 -13
680 -12
681 -13
682 -11
683 -10
684 -13
685 -10
686 -13
687 -11
688 -12
689 -13
690 -10
691 -13
692 -13
693 -13
694 -11
695 -12
696 -13
697 -13
698 -12
699 -10
700 -12
701 -13
702 -13
703 -13
704 -10
705 -12
706 -11
707 -14
708 -10
709 -12
710 -10
711 -13
712 -13
713 -13
714 -11
715 -12
716 -13
717 -13
718 -13
719 -12
720 -12
721 -12
722 -13
723 -11
724 -11
725 -13
726 -11
727 -15
728 -10
729 -12
730 -11
731 -12
732 -13
733 -13
734 -10
735 -13
736 -12
737 -13
738 -11
739 -13
740 -10
741 -10
742 -11
743 -12
744 -10
745 -10
746 -13
747 -11
748 -11
749 -12
750 -12
751 -13
752 -13
753 -11
754 -10
755 -11
756 -13
757 -12
758 -11
759 -13
760 -11
761 -13
762 -13
763 -10
764 -12
765 -12
766 -13
767 -13
768 -10
769 -12
770 -12
771 -13
772 -13
773 -13
774 -13
775 -13
776 -13
777 -13
778 -10
779 -13
780 -10
781 -11
782 -11
783 -13
784 -11
785 -12
786 -11
787 -10
788 -13
789 -12
790 -13
791 -10
792 -12
793 -12
794 -13
795 -10
796 -13
797 -13
798 -12
799 -13
800 -12
801 -11
802 -13
803 -10
804 -10
805 -13
806 -13
807 -11
808 -11
809 -13
810 -10
811 -10
812 -10
813 -11
814 -12
815 -13
816 -12
817 -10
818 -10
819 -12
820 -10
821 -10
822 -12
823 -13
824 -13
825 -11
826 -13
827 -10
828 -11
829 -10
830 -12
831 -12
832 -10
833 -13
834 -13
835 -10
836 -12
837 -13
838 -13
839 -16
840 -12
841 -13
842 -10
843 -10
844 -13
845 -12
846 -12
847 -13
848 -13
849 -12
850 -10
851 -13
852 -10
853 -13
854 -12
855 -13
856 -13
857 -12
858 -12
859 -11
860 -13
861 -11
862 -13
863 -15
864 -13
865 -11
866 -12
867 -10
868 -11
869 -13
870 -11
871 -12
872 -9
873 -16
874 -11
875 -10
876 -10
877 -12
878 -12
879 -12
880 -11
881 -13
882 -10
883 -13
884 -11
885 -10
886 -12
887 -17
888 -13
889 -12
890 -13
891 -13
892 -11
893 -15
894 -13
895 -13
896 -13
897 -11
898 -13
899 -10
900 -11
901 -10
902 -13
903 -13
904 -13
905 -11
906 -10
907 -12
908 -13
909 -11
910 -11
911 -13
912 -13
913 -13
914 -12
915 -12
916 -103
917 -13
918 -12
919 -11
920 -13
921 -13
922 -13
923 -13
924 -13
925 -12
926 -11
927 -13
928 -13
929 -10
930 -10
931 -11
932 -11
933 -11
934 -12
935 -12
936 -11
937 -13
938 -12
939 -11
940 -14
941 -13
942 -10
943 -11
944 -10
945 -10
946 -13
947 -16
948 -11
949 -12
950 -10
951 -10
952 -13
953 -12
954 -12
955 -13
956 -10
957 -12
958 -12
959 -13
960 -10
961 -11
962 -11
963 -10
964 -11
965 -10
966 -13
967 -11
968 -13
969 -12
970 -15
971 -12
972 -13
973 -10
974 -12
975 -13
976 -13
977 -13
978 -13
979 -11
980 -13
981 -13
982 -17
983 -10
984 -13
985 -13
986 -10
987 -13
988 -10
989 -13
990 -13
991 -10
992 -12
993 -13
994 -10
995 -12
996 -13
997 -12
998 -12
999 -12
