0 -13
1 -13
2 -13
3 -17
4 -13
5 -11
6 -12
7 -11
8 -12
9 -12
10 -13
11 -13
12 -10
13 -15
14 -15
15 -13
16 -11
17 -13
18 -10
19 -12
20 -13
21 -10
22 -13
23 -11
24 -13
25 -11
26 -11
27 -13
28 -13
29 -11
30 -13
31 -10
32 -13
33 -10
34 -10
35 -13
36 -13
37 -13
38 -11
39 -12
40 -12
41 -13
42 -12
43 -10
44 -10
45 -13
46 -13
47 -12
48 -12
49 -11
50 -13
51 -11
52 -13
53 -13
54 -12
55 -13
56 -13
57 -13
58 -13
59 -13
60 -13
61 -10
62 -11
63 -10
64 -11
65 -12
66 -10
67 -10
68 -13
69 -11
70 -11
71 -10
72 -10
73 -10
74 -12
75 -11
76 -10
77 -10
78 -13
79 -13
80 -12
81 -10
82 -46
83 -13
84 -12
85 -12
86 -13
87 -13
88 -11
89 -10
90 -13
91 -13
92 -12
93 -13
94 -11
95 -12
96 -10
97 -10
98 -12
99 -12
100 -10
101 -11
102 -13
103 -11
104 -10
105 -11
106 -11
107 -13
108 -11
109 -13
110 -13
111 -13
112 -13
113 -12
114 -12
115 -13
116 -10
117 -12
118 -13
119 -12
120 -11
121 -13
122 -11
123 -10
124 -12
125 -12
126 -13
127 -12
128 -10
129 -13
130 -10
131 -23
132 -10
133 -13
134 -16
135 -14
136 -12
137 -11
138 -12
139 -10
140 -13
141 -13
142 -12
143 -13
144 -11
145 -13
146 -16
147 -12
148 -10
149 -13
150 -11
151 -13
152 -12
153 -13
154 -10
155 -11
156 -12
157 -10
158 -13
159 -10
160 -10
161 -17
162 -13
163 -11
164 -11
165 -11
166 -13
167 -10
168 -10
169 -13
170 -17
171 -13
172 -13
173 -12
174 -10
175 -13
176 -12
177 -12
178 -11
179 -13
180 -13
181 -12
182 -13
183 -13
184 -12
185 -10
186 -12
187 -13
188 -13
189 -13
190 -13
191 -20
192 -11
193 -11
194 -10
195 -12
196 -13
197 -13
198 -10
199 -13
200 -11
201 -10
202 -12
203 -10
204 -17
205 -13
206 -13
207 -13
208 -11
209 -10
210 -13
211 -12
212 -10
213 -12
214 -13
215 -12
216 -13
217 -12
218 -13
219 -10
220 -13
221 -12
222 -11
223 -13
224 -10
225 -13
226 -12
227 -13
228 -13
229 -12
230 -11
231 -13
232 -12
233 -12
234 -11
235 -13
236 -13
237 -13
238 -10
239 -13
240 -12
241 -16
242 -13
243 -12
244 -11
245 -10
246 -11
247 -12
248 -10
249 -13
250 -13
251 -12
252 -10
253 -13
254 -103
255 -13
256 -12
257 -11
258 -13
259 -11
260 -13
261 -13
262 -13
263 -13
264 -10
265 -10
266 -11
267 -13
268 -12
269 -11
270 -13
271 -15
272 -12
273 -13
274 -12
275 -9
276 -13
277 -11
278 -13
279 -11
280 -13
281 -13
282 -10
283 -13
284 -13
285 -10
286 -11
287 -13
288 -13
289 -10
290 -13
291 -10
292 -11
293 -10
294 -13
295 -10
296 -12
297 -10
298 -11
299 -12
300 -12
301 -11
302 -12
303 -10
304 -13
305 -11
306 -11
307 -13
308 -13
309 -13
310 -13
311 -13
312 -13
313 -12
314 -13
315 -12
316 -13
317 -12
318 -10
319 -15
320 -11
321 -11
322 -12
323 -11
324 -12
325 -13
326 -11
327 -13
328 -13
329 -10
330 -11
331 -13
332 -12
333 -10
334 -13
335 -11
336 -11
337 -13
338 -12
339 -11
340 -10
341 -12
342 -10
343 -13
344 -13
345 -13
346 -11
347 -13
348 -13
349 -12
350 -13
351 -13
352 -13
353 -12
354 -13
355 -10
356 -10
357 -12
358 -10
359 -13
360 -12
361 -19
362 -11
363 -11
364 -12
365 -13
366 -13
367 -11
368 -12
369 -10
370 -11
371 -13
372 -12
373 -10
374 -13
375 -13
376 -13
377 -10
378 -11
379 -12
380 -12
381 -13
382 -13
383 -10
384 -10
385 -12
386 -10
387 -11
388 -12
389 -13
390 -12
391 -13
392 -12
393 -13
394 -13
395 -13
396 -13
397 -12
398 -13
399 -13
400 -13
401 -13
402 -10
403 -10
404 -13
405 -12
406 -13
407 -13
408 -10
409 -13
410 -10
411 -15
412 -13
413 -10
414 -12
415 -11
416 -10
417 -12
418 -12
419 -11
420 -12
421 -10
422 -10
423 -11
424 -13
425 -13
426 -10
427 -13
428 -11
429 -13
430 -13
431 -10
432 -13
433 -11
434 -13
435 -12
436 -12
437 -13
438 -13
439 -13
440 -10
441 -12
442 -10
443 -11
444 -10
445 -13
446 -13
447 -11
448 -11
449 -10
450 -17
451 -11
452 -10
453 -12
454 -10
455 -10
456 -10
457 -13
458 -13
459 -13
460 -10
461 -13
462 -12
463 -11
464 -10
465 -12
466 -11
467 -11
468 -11
469 -13
470 -11
471 -10
472 -13
473 -13
474 -13
475 -13
476 -13
477 -10
478 -13
479 -13
480 -12
481 -13
482 -12
483 -10
484 -13
485 -13
486 -10
487 -13
488 -12
489 -11
490 -12
491 -13
492 -13
493 -13
494 -12
495 -12
496 -12
497 -13
498 -12
499 -21
500 -12
501 -13
502 -11
503 -12
504 -12
505 -11
506 -10
507 -10
508 -13
509 -13
510 -13
511 -10
512 -13
513 -10
514 -13
515 -13
516 -10
517 -12
518 -13
519 -11
520 -13
521 -13
522 -10
523 -13
524 -11
525 -11
526 -13
527 -13
528 -13
529 -13
530 -12
531 -11
532 -12
533 -17
534 -12
535 -11
536 -11
537 -13
538 -12
539 -12
540 -17
541 -12
542 -10
543 -13
544 -16
545 -10
546 -10
547 -12
548 -11
549 -12
550 -11
551 -17
552 -11
553 -13
554 -11
555 -12
556 -12
557 -13
558 -13
559 -11
560 -13
561 -13
562 -13
563 -13
564 -10
565 -12
566 -13
567 -10
568 -11
569 -12
570 -12
571 -13
572 -12
573 -10
574 -13
575 -12
576 -11
577 -46
578 -10
579 -13
580 -10
581 -11
582 -12
583 -13
584 -10
585 -13
586 -11
587 -13
588 -13
589 -13
590 -13
591 -11
592 -12
593 -13
594 -14
595 -12
596 -12
597 -13
598 -11
599 -11
600 -11
601 -10
602 -13
603 -13
604 -11
605 -13
606 -12
607 -10
608 -13
609 -12
610 -13
611 -13
612 -10
613 -13
614 -13
615 -12
616 -13
617 -12
618 -13
619 -11
620 -13
621 -13
622 -13
623 -13
624 -13
625 -13
626 -13
627 -13
628 -13
629 -10
630 -10
631 -12
632 -12
633 -12
634 -13
635 -10
636 -10
637 -11
638 -10
639 -10
640 -11
641 -13
642 -12
643 -12
644 -10
645 -10
646 -13
647 -13
648 -10
649 -13
650 -10
651 -10
652 -13
653 -12
654 -11
655 -11
656 -11
657 -13
658 -12
659 -10
660 -11
661 -12
662 -10
663 -13
664 -13
665 -10
666 -13
667 -11
668 -10
669 -12
670 -11
671 -12
672 -10
673 -13
674 -11
675 -13
676 -10
677 -10
678 -10
679 -10
680 -10
681 -13
682 -12
683 -13
684 -13
685 -13
686 -11
687 -13
688 -12
689 -10
690 -13
691 -10
692 -11
693 -13
694 -13
695 -11
696 -13
697 -13
698 -11
699 -12
700 -42
701 -11
702 -13
703 -13
704 -11
705 -13
706 -12
707 -12
708 -11
709 -10
710 -13
711 -13
712 -10
713 -11
714 -11
715 -11
716 -12
717 -12
718 -12
719 -13
720 -13
721 -13
722 -13
723 -12
724 -13
725 -13
726 -12
727 -13
728 -12
729 -12
730 -13
731 -13
732 -10
733 -11
734 -10
735 -15
736 -13
737 -13
738 -13
739 -12
740 -10
741 -12
742 -10
743 -10
744 -13
745 -18
746 -11
747 -10
748 -13
749 -10
750 -13
751 -13
752 -10
753 -10
754 -12
755 -11
756 -13
757 -11
758 -13
759 -12
760 -11
761 -11
762 -10
763 -11
764 -11
765 -13
766 -13
767 -12
768 -11
769 -12
770 -13
771 -12
772 -11
773 -10
774 -11
775 -13
776 -17
777 -10
778 -12
779 -20
780 -11
781 -13
782 -11
783 -12
784 -11
785 -11
786 -12
787 -11
788 -12
789 -13
790 -10
791 -12
792 -10
793 -11
794 -11
795 -20
796 -13
797 -13
798 -11
799 -12
800 -13
801 -13
802 -11
803 -12
804 -11
805 -11
806 -11
807 -13
808 -10
809 -13
810 -10
811 -10
812 -10
813 -12
814 -11
815 -10
816 -10
817 -17
818 -10
819 -13
820 -13
821 -13
822 -13
823 -13
824 -13
825 -13
826 -12
827 -13
828 -13
829 -13
830 -12
831 -10
832 -10
833 -13
834 -13
835 -12
836 -13
837 -12
838 -10
839 -13
840 -11
841 -12
842 -12
843 -13
844 -10
845 -10
846 -13
847 -13
848 -12
849 -13
850 -13
851 -10
852 -10
853 -11
854 -11
855 -13
856 -11
857 -12
858 -12
859 -15
860 -13
861 -10
862 -11
863 -12
864 -11
865 -10
866 -13
867 -11
868 -13
869 -12
870 -10
871 -12
872 -10
873 -10
874 -13
875 -10
876 -13
877 -13
878 -13
879 -13
880 -11
881 -11
882 -17
883 -11
884 -11
885 -12
886 -13
887 -13
888 -12
889 -11
890 -13
891 -13
892 -12
893 -13
894 -11
895 -10
896 -13
897 -11
898 -11
899 -11
900 -10
901 -14
902 -13
903 -13
904 -11
905 -13
906 -13
907 -13
908 -13
909 -15
910 -13
911 -13
912 -12
913 -12
914 -13
915 -12
916 -11
917 -10
918 -13
919 -13
920 -10
921 -13
922 -13
923 -13
924 -13
925 -13
926 -13
927 -11
928 -11
929 -10
930 -12
931 -11
932 -11
933 -13
934 -11
935 -13
936 -12
937 -10
938 -13
939 -13
940 -13
941 -13
942 -12
943 -12
944 -11
945 -10
946 -10
947 -13
948 -11
949 -10
950 -10
951 -13
952 -13
953 -10
954 -13
955 -10
956 -12
957 -11
958 -12
959 -13
960 -12
961 -11
962 -10
963 -13
964 -12
965 -11
966 -13
967 -11
968 -12
969 -13
970 -10
971 -10
972 -12
973 -13
974 -12
975 -11
976 -13
977 -11
978 -13
979 -13
980 -11
981 -11
982 -13
983 -10
984 -13
985 -13
986 -11
987 -10
988 -12
989 -13
990 -11
991 -10
992 -13
993 -13
994 -11
995 -13
996 -10
997 -11
998 -13
999 -11
