0 -17
1 -13
2 -12
3 -10
4 -13
5 -10
6 -10
7 -13
8 -13
9 -12
10 -12
11 -13
12 -13
13 -10
14 -10
15 -13
16 -10
17 -10
18 -13
19 -12
20 -10
21 -12
22 -13
23 -13
24 -11
25 -12
26 -11
27 -13
28 -13
29 -13
30 -12
31 -13
32 -13
33 -13
34 -10
35 -12
36 -16
37 -13
38 -12
39 -12
40 -12
41 -10
42 -10
43 -13
44 -11
45 -12
46 -10
47 -13
48 -10
49 -12
50 -13
51 -10
52 -12
53 -11
54 -10
55 -11
56 -10
57 -11
58 -13
59 -11
60 -45
61 -11
62 -13
63 -13
64 -13
65 -13
66 -12
67 -12
68 -12
69 -12
70 -12
71 -10
72 -13
73 -10
74 -10
75 -13
76 -20
77 -10
78 -13
79 -12
80 -13
81 -13
82 -13
83 -14
84 -10
85 -13
86 -12
87 -11
88 -11
89 -60
90 -11
91 -13
92 -12
93 -13
94 -12
95 -12
96 -13
97 -13
98 -11
99 -10
100 -10
101 -11
102 -12
103 -11
104 -11
105 -12
106 -12
107 -10
108 -12
109 -13
110 -13
111 -13
112 -11
113 -13
114 -12
115 -10
116 -13
117 -12
118 -11
119 -10
120 -13
121 -11
122 -13
123 -9
124 -10
125 -10
126 -12
127 -13
128 -17
129 -12
130 -12
131 -12
132 -10
133 -29
134 -10
135 -10
136 -13
137 -13
138 -10
139 -11
140 -13
141 -10
142 -13
143 -13
144 -11
145 -12
146 -10
147 -13
148 -13
149 -13
150 -11
151 -16
152 -13
153 -12
154 -10
155 -12
156 -12
157 -10
158 -13
159 -10
160 -10
161 -13
162 -11
163 -13
164 -10
165 -13
166 -11
167 -10
168 -13
169 -10
170 -11
171 -9
172 -13
173 -13
174 -13
175 -13
176 -12
177 -13
178 -79
179 -13
180 -11
181 -13
182 -10
183 -13
184 -13
185 -13
186 -11
187 -13
188 -13
189 -11
190 -11
191 -13
192 -56
193 -13
194 -12
195 -13
196 -11
197 -10
198 -13
199 -13
200 -10
201 -12
202 -11
203 -13
204 -12
205 -12
206 -13
207 -10
208 -13
209 -14
210 -13
211 -12
212 -12
213 -10
214 -11
215 -11
216 -14
217 -12
218 -11
219 -13
220 -11
221 -10
222 -11
223 -13
224 -13
225 -13
226 -13
227 -10
228 -11
229 -10
230 -13
231 -10
232 -11
233 -13
234 -13
235 -13
236 -13
237 -13
238 -10
239 -9
240 -11
241 -13
242 -11
243 -13
244 -10
245 -11
246 -11
247 -10
248 -12
249 -11
250 -11
251 -12
252 -13
253 -12
254 -11
255 -14
256 -11
257 -12
258 -13
259 -12
260 -10
261 -10
262 -13
263 -13
264 -13
265 -10
266 -12
267 -13
268 -10
269 -10
270 -10
271 -12
272 -11
273 -13
274 -13
275 -13
276 -13
277 -13
278 -12
279 -10
280 -13
281 -10
282 -32
283 -22
284 -10
285 -13
286 -13
287 -13
288 -11
289 -13
290 -11
291 -10
292 -11
293 -11
294 -12
295 -12
296 -12
297 -12
298 -12
299 -10
300 -12
301 -14
302 -10
303 -13
304 -10
305 -13
306 -10
307 -13
308 -13
309 -13
310 -10
311 -11
312 -12
313 -66
314 -13
315 -12
316 -11
317 -13
318 -12
319 -49
320 -11
321 -11
322 -13
323 -11
324 -12
325 -13
326 -12
327 -12
328 -11
329 -13
330 -12
331 -10
332 -13
333 -12
334 -12
335 -12
336 -12
337 -13
338 -10
339 -13
340 -10
341 -10
342 -10
343 -13
344 -12
345 -11
346 -12
347 -12
348 -13
349 -13
350 -12
351 -11
352 -13
353 -13
354 -12
355 -11
356 -13
357 -13
358 -10
359 -12
360 -12
361 -13
362 -12
363 -11
364 -30
365 -13
366 -11
367 -13
368 -11
369 -10
370 -10
371 -11
372 -13
373 -11
374 -10
375 -13
376 -13
377 -13
378 -13
379 -12
380 -12
381 -10
382 -13
383 -12
384 -10
385 -12
386 -10
387 -11
388 -11
389 -12
390 -13
391 -13
392 -11
393 -13
394 -13
395 -10
396 -12
397 -10
398 -12
399 -10
400 -10
401 -13
402 -12
403 -11
404 -14
405 -13
406 -13
407 -13
408 -11
409 -11
410 -10
411 -10
412 -11
413 -10
414 -12
415 -10
416 -11
417 -12
418 -13
419 -13
420 -13
421 -11
422 -10
423 -10
424 -13
425 -13
426 -12
427 -12
428 -12
429 -11
430 -13
431 -11
432 -12
433 -11
434 -12
435 -10
436 -10
437 -13
438 -10
439 -10
440 -10
441 -12
442 -12
443 -13
444 -10
445 -13
446 -10
447 -10
448 -13
449 -12
450 -12
451 -21
452 -11
453 -12
454 -13
455 -10
456 -11
457 -10
458 -70
459 -13
460 -43
461 -11
462 -13
463 -12
464 -10
465 -13
466 -11
467 -12
468 -12
469 -12
470 -13
471 -10
472 -13
473 -11
474 -12
475 -10
476 -13
477 -11
478 -13
479 -13
480 -11
481 -11
482 -12
483 -13
484 -11
485 -12
486 -12
487 -13
488 -10
489 -11
490 -12
491 -13
492 -12
493 -10
494 -10
495 -12
496 -13
497 -11
498 -28
499 -10
500 -39
501 -12
502 -13
503 -12
504 -11
505 -13
506 -13
507 -12
508 -12
509 -11
510 -10
511 -14
512 -11
513 -11
514 -13
515 -11
516 -12
517 -11
518 -12
519 -13
520 -11
521 -13
522 -13
523 -10
524 -11
525 -12
526 -13
527 -11
528 -10
529 -10
530 -12
531 -12
532 -12
533 -10
534 -13
535 -11
536 -13
537 -13
538 -11
539 -13
540 -13
541 -11
542 -13
543 -13
544 -13
545 -11
546 -13
547 -13
548 -10
549 -13
550 -13
551 -13
552 -13
553 -13
554 -11
555 -10
556 -13
557 -11
558 -13
559 -10
560 -12
561 -11
562 -13
563 -12
564 -13
565 -13
566 -13
567 -62
568 -12
569 -13
570 -13
571 -10
572 -10
573 -17
574 -13
575 -10
576 -13
577 -12
578 -10
579 -13
580 -13
581 -11
582 -13
583 -10
584 -12
585 -15
586 -11
587 -10
588 -11
589 -13
590 -13
591 -12
592 -17
593 -17
594 -12
595 -12
596 -13
597 -45
598 -10
599 -13
600 -12
601 -11
602 -10
603 -13
604 -12
605 -13
606 -14
607 -11
608 -11
609 -13
610 -24
611 -13
612 -13
613 -11
614 -12
615 -10
616 -12
617 -17
618 -13
619 -12
620 -13
621 -13
622 -13
623 -13
624 -11
625 -18
626 -12
627 -13
628 -13
629 -13
630 -13
631 -11
632 -12
633 -10
634 -10
635 -12
636 -12
637 -13
638 -12
639 -11
640 -11
641 -12
642 -20
643 -20
644 -13
645 -10
646 -12
647 -13
648 -13
649 -9
650 -13
651 -11
652 -13
653 -11
654 -13
655 -13
656 -13
657 -13
658 -10
659 -11
660 -12
661 -13
662 -10
663 -12
664 -13
665 -13
666 -31
667 -12
668 -12
669 -13
670 -13
671 -13
672 -11
673 -12
674 -10
675 -13
676 -11
677 -10
678 -12
679 -10
680 -13
681 -10
682 -11
683 -11
684 -13
685 -13
686 -13
687 -13
688 -13
689 -10
690 -13
691 -12
692 -11
693 -11
694 -12
695 -13
696 -12
697 -10
698 -13
699 -13
700 -11
701 -14
702 -13
703 -12
704 -11
705 -10
706 -12
707 -12
708 -13
709 -13
710 -12
711 -12
712 -12
713 -12
714 -13
715 -10
716 -11
717 -13
718 -11
719 -13
720 -10
721 -11
722 -10
723 -13
724 -11
725 -10
726 -10
727 -13
728 -13
729 -13
730 -13
731 -10
732 -13
733 -10
734 -10
735 -11
736 -13
737 -13
738 -13
739 -10
740 -11
741 -11
742 -12
743 -13
744 -13
745 -10
746 -10
747 -11
748 -14
749 -12
750 -13
751 -13
752 -12
753 -10
754 -12
755 -12
756 -13
757 -13
758 -12
759 -11
760 -13
761 -14
762 -11
763 -10
764 -12
765 -11
766 -13
767 -13
768 -13
769 -10
770 -12
771 -12
772 -13
773 -11
774 -12
775 -17
776 -12
777 -13
778 -11
779 -13
780 -10
781 -10
782 -13
783 -10
784 -12
785 -11
786 -10
787 -12
788 -12
789 -12
790 -16
791 -11
792 -13
793 -12
794 -16
795 -10
796 -13
797 -10
798 -58
799 -10
800 -12
801 -9
802 -11
803 -11
804 -10
805 -10
806 -12
807 -11
808 -10
809 -10
810 -10
811 -25
812 -12
813 -10
814 -14
815 -10
816 -10
817 -11
818 -13
819 -13
820 -13
821 -13
822 -10
823 -13
824 -11
825 -13
826 -11
827 -13
828 -13
829 -12
830 -13
831 -11
832 -12
833 -13
834 -21
835 -13
836 -10
837 -13
838 -13
839 -10
840 -13
841 -13
842 -12
843 -12
844 -13
845 -13
846 -12
847 -13
848 -13
849 -12
850 -12
851 -17
852 -13
853 -13
854 -11
855 -11
856 -13
857 -13
858 -13
859 -10
860 -10
861 -13
862 -10
863 -23
864 -13
865 -13
866 -11
867 -13
868 -13
869 -13
870 -11
871 -13
872 -13
873 -13
874 -13
875 -12
876 -12
877 -12
878 -11
879 -12
880 -11
881 -12
882 -12
883 -11
884 -12
885 -11
886 -11
887 -11
888 -10
889 -46
890 -13
891 -11
892 -13
893 -13
894 -11
895 -11
896 -11
897 -13
898 -11
899 -13
900 -11
901 -13
902 -11
903 -10
904 -12
905 -10
906 -10
907 -13
908 -11
909 -11
910 -13
911 -12
912 -13
913 -12
914 -16
915 -13
916 -12
917 -13
918 -13
919 -13
920 -10
921 -13
922 -11
923 -13
924 -11
925 -13
926 -13
927 -12
928 -21
929 -12
930 -13
931 -12
932 -28
933 -12
934 -17
935 -13
936 -10
937 -12
938 -10
939 -12
940 -13
941 -12
942 -13
943 -13
944 -11
945 -13
946 -10
947 -11
948 -11
949 -13
950 -12
951 -11
952 -13
953 -12
954 -12
955 -12
956 -13
957 -11
958 -12
959 -15
960 -13
961 -11
962 -12
963 -10
964 -11
965 -17
966 -13
967 -11
968 -13
969 -13
970 -15
971 -12
972 -11
973 -10
974 -10
975 -13
976 -12
977 -10
978 -13
979 -13
980 -12
981 -13
982 -13
983 -13
984 -13
985 -13
986 -11
987 -10
988 -12
989 -21
990 -13
991 -13
992 -10
993 -13
994 -10
995 -13
996 -10
997 -13
998 -13
999 -12
