0 -12
1 -12
2 -10
3 -10
4 -11
5 -11
6 -10
7 -15
8 -13
9 -12
10 -12
11 -12
12 -12
13 -13
14 -13
15 -11
16 -11
17 -13
18 -10
19 -20
20 -11
21 -13
22 -13
23 -12
24 -13
25 -12
26 -13
27 -11
28 -13
29 -12
30 -10
31 -13
32 -11
33 -11
34 -13
35 -10
36 -13
37 -11
38 -13
39 -13
40 -13
41 -10
42 -12
43 -13
44 -11
45 -11
46 -13
47 -13
48 -11
49 -10
50 -10
51 -10
52 -13
53 -13
54 -13
55 -12
56 -11
57 -13
58 -12
59 -10
60 -10
61 -12
62 -19
63 -11
64 -17
65 -10
66 -13
67 -13
68 -11
69 -23
70 -10
71 -12
72 -13
73 -10
74 -12
75 -12
76 -13
77 -13
78 -11
79 -11
80 -12
81 -11
82 -11
83 -17
84 -11
85 -12
86 -13
87 -11
88 -11
89 -12
90 -16
91 -10
92 -13
93 -13
94 -13
95 -12
96 -10
97 -12
98 -10
99 -10
100 -13
101 -13
102 -13
103 -12
104 -13
105 -10
106 -13
107 -16
108 -16
109 -14
110 -11
111 -11
112 -10
113 -11
114 -12
115 -11
116 -10
117 -10
118 -11
119 -11
120 -11
121 -13
122 -11
123 -13
124 -13
125 -11
126 -13
127 -13
128 -13
129 -12
130 -13
131 -12
132 -13
133 -10
134 -13
135 -13
136 -10
137 -10
138 -10
139 -11
140 -12
141 -13
142 -10
143 -10
144 -13
145 -12
146 -11
147 -13
148 -10
149 -11
150 -13
151 -13
152 -13
153 -11
154 -11
155 -14
156 -11
157 -12
158 -12
159 -10
160 -12
161 -13
162 -12
163 -13
164 -10
165 -12
166 -13
167 -10
168 -12
169 -12
170 -13
171 -12
172 -10
173 -11
174 -11
175 -13
176 -13
177 -12
178 -13
179 -10
180 -16
181 -11
182 -11
183 -11
184 -11
185 -12
186 -10
187 -11
188 -78
189 -11
190 -12
191 -11
192 -12
193 -13
194 -12
195 -12
196 -13
197 -13
198 -11
199 -12
200 -13
201 -13
202 -10
203 -13
204 -12
205 -13
206 -11
207 -13
208 -11
209 -13
210 -11
211 -13
212 -11
213 -11
214 -13
215 -13
216 -10
217 -9
218 -10
219 -11
220 -12
221 -13
222 -11
223 -13
224 -13
225 -14
226 -11
227 -12
228 -12
229 -13
230 -13
231 -13
232 -17
233 -11
234 -13
235 -12
236 -11
237 -13
238 -12
239 -13
240 -12
241 -11
242 -10
243 -13
244 -13
245 -13
246 -10
247 -12
248 -13
249 -13
250 -11
251 -12
252 -11
253 -10
254 -10
255 -11
256 -10
257 -13
258 -11
259 -12
260 -11
261 -12
262 -13
263 -11
264 -11
265 -16
266 -41
267 -13
268 -11
269 -10
270 -13
271 -11
272 -12
273 -13
274 -13
275 -10
276 -11
277 -11
278 -12
279 -12
280 -12
281 -11
282 -11
283 -13
284 -10
285 -13
286 -10
287 -12
288 -31
289 -13
290 -10
291 -13
292 -11
293 -12
294 -12
295 -16
296 -12
297 -13
298 -11
299 -10
300 -13
301 -11
302 -11
303 -13
304 -11
305 -11
306 -12
307 -13
308 -12
309 -12
310 -11
311 -13
312 -12
313 -10
314 -11
315 -12
316 -13
317 -11
318 -13
319 -13
320 -13
321 -10
322 -15
323 -11
324 -11
325 -13
326 -10
327 -11
328 -13
329 -13
330 -12
331 -13
332 -13
333 -13
334 -12
335 -11
336 -10
337 -11
338 -12
339 -12
340 -13
341 -10
342 -13
343 -11
344 -13
345 -10
346 -13
347 -11
348 -10
349 -10
350 -13
351 -11
352 -10
353 -10
354 -13
355 -12
356 -12
357 -10
358 -13
359 -13
360 -10
361 -10
362 -17
363 -11
364 -11
365 -12
366 -13
367 -16
368 -11
369 -13
370 -10
371 -10
372 -13
373 -13
374 -11
375 -13
376 -13
377 -13
378 -13
379 -10
380 -13
381 -10
382 -13
383 -10
384 -13
385 -13
386 -13
387 -12
388 -12
389 -13
390 -11
391 -11
392 -10
393 -10
394 -13
395 -11
396 -12
397 -11
398 -12
399 -12
400 -11
401 -11
402 -12
403 -10
404 -13
405 -11
406 -13
407 -13
408 -11
409 -13
410 -11
411 -11
412 -10
413 -13
414 -13
415 -13
416 -17
417 -11
418 -13
419 -10
420 -10
421 -12
422 -11
423 -17
424 -12
425 -11
426 -13
427 -13
428 -12
429 -12
430 -13
431 -11
432 -11
433 -10
434 -12
435 -13
436 -13
437 -11
438 -13
439 -11
440 -11
441 -10
442 -11
443 -12
444 -11
445 -10
446 -13
447 -13
448 -11
449 -11
450 -11
451 -13
452 -10
453 -13
454 -12
455 -12
456 -11
457 -13
458 -12
459 -13
460 -11
461 -12
462 -13
463 -10
464 -13
465 -12
466 -10
467 -13
468 -12
469 -13
470 -10
471 -13
472 -11
473 -13
474 -13
475 -13
476 -12
477 -16
478 -10
479 -12
480 -12
481 -10
482 -24
483 -13
484 -12
485 -12
486 -10
487 -13
488 -12
489 -12
490 -10
491 -10
492 -10
493 -13
494 -10
495 -11
496 -19
497 -12
498 -10
499 -11
500 -12
501 -13
502 -16
503 -13
504 -12
505 -13
506 -12
507 -10
508 -13
509 -13
510 -13
511 -10
512 -12
513 -10
514 -11
515 -12
516 -13
517 -13
518 -12
519 -13
520 -10
521 -10
522 -28
523 -12
524 -11
525 -12
526 -12
527 -13
528 -16
529 -11
530 -13
531 -13
532 -13
533 -13
534 -10
535 -13
536 -11
537 -13
538 -10
539 -13
540 -17
541 -10
542 -13
543 -13
544 -13
545 -13
546 -13
547 -11
548 -13
549 -13
550 -13
551 -11
552 -10
553 -12
554 -11
555 -11
556 -19
557 -12
558 -13
559 -13
560 -11
561 -13
562 -13
563 -10
564 -13
565 -13
566 -16
567 -13
568 -11
569 -12
570 -12
571 -12
572 -11
573 -12
574 -20
575 -13
576 -10
577 -10
578 -11
579 -10
580 -12
581 -13
582 -13
583 -13
584 -13
585 -12
586 -10
587 -12
588 -13
589 -13
590 -10
591 -13
592 -11
593 -13
594 -13
595 -11
596 -13
597 -13
598 -11
599 -12
600 -12
601 -10
602 -10
603 -10
604 -13
605 -11
606 -11
607 -13
608 -11
609 -11
610 -10
611 -13
612 -16
613 -12
614 -12
615 -10
616 -13
617 -10
618 -12
619 -13
620 -14
621 -12
622 -13
623 -13
624 -10
625 -13
626 -11
627 -10
628 -10
629 -10
630 -11
631 -10
632 -13
633 -13
634 -11
635 -11
636 -13
637 -13
638 -11
639 -13
640 -13
641 -11
642 -11
643 -13
644 -13
645 -12
646 -10
647 -11
648 -12
649 -12
650 -10
651 -13
652 -10
653 -11
654 -11
655 -13
656 -10
657 -13
658 -10
659 -10
660 -13
661 -10
662 -12
663 -13
664 -10
665 -13
666 -10
667 -10
668 -13
669 -13
670 -12
671 -12
672 -11
673 -10
674 -13
675 -12
676 -13
677 -13
678 -12
679 -13
680 -13
681 -10
682 -13
683 -13
684 -13
685 -12
686 -11
687 -13
688 -12
689 -12
690 -13
691 -11
692 -11
693 -13
694 -10
695 -11
696 -10
697 -10
698 -13
699 -13
700 -10
701 -13
702 -10
703 -10
704 -11
705 -12
706 -12
707 -15
708 -13
709 -10
710 -13
711 -12
712 -10
713 -13
714 -10
715 -13
716 -13
717 -10
718 -11
719 -10
720 -13
721 -10
722 -10
723 -11
724 -12
725 -10
726 -13
727 -12
728 -13
729 -13
730 -13
731 -9
732 -13
733 -12
734 -10
735 -13
736 -10
737 -12
738 -16
739 -13
740 -13
741 -12
742 -11
743 -13
744 -10
745 -13
746 -11
747 -13
748 -11
749 -13
750 -12
751 -11
752 -12
753 -10
754 -10
755 -12
756 -13
757 -10
758 -13
759 -11
760 -11
761 -13
762 -13
763 -17
764 -11
765 -11
766 -13
767 -12
768 -10
769 -13
770 -11
771 -11
772 -13
773 -16
774 -10
775 -13
776 -13
777 -11
778 -10
779 -11
780 -13
781 -12
782 -10
783 -12
784 -12
785 -13
786 -13
787 -11
788 -13
789 -11
790 -10
791 -12
792 -12
793 -13
794 -12
795 -13
796 -10
797 -13
798 -11
799 -13
800 -10
801 -11
802 -13
803 -10
804 -13
805 -13
806 -11
807 -10
808 -13
809 -11
810 -13
811 -13
812 -13
813 -11
814 -13
815 -13
816 -11
817 -13
818 -11
819 -11
820 -13
821 -11
822 -13
823 -12
824 -13
825 -13
826 -13
827 -11
828 -13
829 -12
830 -10
831 -10
832 -13
833 -13
834 -10
835 -13
836 -10
837 -10
838 -12
839 -10
840 -13
841 -13
842 -11
843 -10
844 -12
845 -13
846 -12
847 -10
848 -12
849 -13
850 -13
851 -11
852 -11
853 -10
854 -28
855 -23
856 -10
857 -11
858 -14
859 -13
860 -13
861 -13
862 -13
863 -11
864 -24
865 -13
866 -13
867 -13
868 -13
869 -13
870 -11
871 -10
872 -10
873 -11
874 -11
875 -11
876 -12
877 -13
878 -12
879 -13
880 -13
881 -11
882 -13
883 -12
884 -10
885 -11
886 -13
887 -11
888 -13
889 -12
890 -11
891 -13
892 -13
893 -13
894 -10
895 -14
896 -10
897 -24
898 -11
899 -14
900 -13
901 -11
902 -13
903 -10
904 -13
905 -13
906 -12
907 -11
908 -14
909 -12
910 -13
911 -11
912 -10
913 -11
914 -11
915 -13
916 -13
917 -15
918 -12
919 -13
920 -13
921 -12
922 -12
923 -10
924 -12
925 -12
926 -13
927 -11
928 -13
929 -13
930 -10
931 -13
932 -12
933 -10
934 -11
935 -12
936 -11
937 -13
938 -14
939 -12
940 -13
941 -12
942 -10
943 -10
944 -13
945 -12
946 -11
947 -13
948 -13
949 -12
950 -13
951 -10
952 -10
953 -11
954 -13
955 -13
956 -12
957 -13
958 -11
959 -11
960 -13
961 -10
962 -11
963 -10
964 -13
965 -10
966 -10
967 -16
968 -11
969 -13
970 -13
971 -10
972 -13
973 -11
974 -11
975 -13
976 -12
977 -10
978 -12
979 -10
980 -10
981 -15
982 -13
983 -10
984 -13
985 -11
986 -27
987 -13
988 -11
989 -11
990 -10
991 -16
992 -13
993 -10
994 -10
995 -13
996 -10
997 -13
998 -13
999 -10
