0 -11
1 -12
2 -13
3 -13
4 -13
5 -13
6 -11
7 -12
8 -11
9 -21
10 -13
11 -10
12 -14
13 -11
14 -11
15 -11
16 -13
17 -10
18 -12
19 -11
20 -12
21 -13
22 -11
23 -13
24 -10
25 -10
26 -11
27 -12
28 -12
29 -12
30 -13
31 -12
32 -11
33 -13
34 -10
35 -10
36 -13
37 -11
38 -13
39 -10
40 -13
41 -11
42 -13
43 -10
44 -13
45 -10
46 -11
47 -11
48 -13
49 -11
50 -16
51 -13
52 -13
53 -11
54 -12
55 -12
56 -10
57 -10
58 -13
59 -11
60 -13
61 -12
62 -12
63 -10
64 -10
65 -13
66 -13
67 -13
68 -12
69 -13
70 -12
71 -12
72 -11
73 -13
74 -22
75 -12
76 -12
77 -11
78 -12
79 -10
80 -12
81 -13
82 -12
83 -12
84 -13
85 -12
86 -13
87 -13
88 -10
89 -13
90 -13
91 -13
92 -62
93 -13
94 -12
95 -12
96 -16
97 -11
98 -10
99 -14
100 -10
101 -11
102 -12
103 -13
104 -11
105 -13
106 -10
107 -12
108 -12
109 -13
110 -10
111 -12
112 -11
113 -13
114 -12
115 -13
116 -13
117 -13
118 -10
119 -13
120 -11
121 -13
122 -13
123 -12
124 -13
125 -13
126 -12
127 -10
128 -9
129 -13
130 -10
131 -13
132 -13
133 -11
134 -13
135 -13
136 -11
137 -13
138 -13
139 -13
140 -13
141 -11
142 -13
143 -11
144 -13
145 -12
146 -10
147 -10
148 -12
149 -10
150 -13
151 -11
152 -11
153 -12
154 -13
155 -12
156 -10
157 -13
158 -10
159 -13
160 -11
161 -13
162 -13
163 -13
164 -12
165 -11
166 -13
167 -13
168 -13
169 -10
170 -11
171 -13
172 -13
173 -11
174 -12
175 -12
176 -11
177 -13
178 -15
179 -10
180 -11
181 -13
182 -13
183 -12
184 -12
185 -10
186 -13
187 -11
188 -12
189 -13
190 -13
191 -12
192 -12
193 -12
194 -12
195 -13
196 -12
197 -11
198 -11
199 -10
200 -11
201 -12
202 -13
203 -13
204 -11
205 -10
206 -12
207 -10
208 -11
209 -10
210 -10
211 -13
212 -13
213 -13
214 -10
215 -13
216 -10
217 -17
218 -11
219 -10
220 -10
221 -13
222 -12
223 -12
224 -11
225 -11
226 -12
227 -12
228 -13
229 -11
230 -13
231 -13
232 -13
233 -12
234 -12
235 -20
236 -13
237 -11
238 -13
239 -11
240 -13
241 -13
242 -13
243 -13
244 -13
245 -11
246 -13
247 -13
248 -13
249 -13
250 -10
251 -12
252 -11
253 -11
254 -10
255 -10
256 -11
257 -13
258 -13
259 -11
260 -13
261 -12
262 -13
263 -11
264 -10
265 -13
266 -11
267 -11
268 -10
269 -10
270 -10
271 -11
272 -12
273 -11
274 -12
275 -13
276 -13
277 -17
278 -10
279 -13
280 -10
281 -13
282 -13
283 -11
284 -12
285 -13
286 -13
287 -13
288 -12
289 -13
290 -12
291 -13
292 -11
293 -13
294 -17
295 -10
296 -10
297 -11
298 -11
299 -13
300 -13
301 -13
302 -10
303 -13
304 -13
305 -10
306 -13
307 -13
308 -11
309 -18
310 -11
311 -13
312 -14
313 -13
314 -10
315 -13
316 -13
317 -13
318 -10
319 -14
320 -13
321 -11
322 -13
323 -11
324 -13
325 -12
326 -11
327 -13
328 -11
329 -13
330 -13
331 -12
332 -10
333 -12
334 -12
335 -10
336 -13
337 -12
338 -13
339 -13
340 -13
341 -13
342 -13
343 -13
344 -13
345 -10
346 -11
347 -12
348 -13
349 -13
350 -10
351 -12
352 -13
353 -13
354 -11
355 -11
356 -13
357 -10
358 -12
359 -10
360 -10
361 -13
362 -12
363 -12
364 -13
365 -13
366 -10
367 -13
368 -12
369 -10
370 -13
371 -13
372 -10
373 -13
374 -12
375 -11
376 -11
377 -12
378 -11
379 -13
380 -12
381 -13
382 -13
383 -11
384 -13
385 -10
386 -13
387 -12
388 -13
389 -12
390 -11
391 -13
392 -10
393 -13
394 -11
395 -13
396 -11
397 -11
398 -10
399 -10
400 -10
401 -10
402 -19
403 -11
404 -12
405 -13
406 -12
407 -11
408 -11
409 -12
410 -13
411 -13
412 -13
413 -11
414 -12
415 -13
416 -13
417 -10
418 -12
419 -10
420 -12
421 -13
422 -12
423 -13
424 -13
425 -10
426 -12
427 -13
428 -13
429 -10
430 -13
431 -12
432 -11
433 -10
434 -13
435 -12
436 -11
437 -10
438 -11
439 -13
440 -13
441 -13
442 -11
443 -13
444 -12
445 -15
446 -12
447 -12
448 -12
449 -10
450 -10
451 -12
452 -10
453 -10
454 -18
455 -12
456 -12
457 -11
458 -10
459 -13
460 -13
461 -13
462 -11
463 -13
464 -13
465 -12
466 -11
467 -12
468 -12
469 -13
470 -13
471 -12
472 -11
473 -12
474 -10
475 -13
476 -10
477 -46
478 -12
479 -10
480 -12
481 -12
482 -12
483 -13
484 -10
485 -12
486 -12
487 -12
488 -10
489 -13
490 -13
491 -13
492 -13
493 -13
494 -10
495 -12
496 -11
497 -10
498 -13
499 -10
500 -11
501 -13
502 -11
503 -10
504 -12
505 -13
506 -13
507 -12
508 -13
509 -10
510 -13
511 -12
512 -12
513 -10
514 -17
515 -10
516 -13
517 -10
518 -13
519 -11
520 -13
521 -13
522 -13
523 -12
524 -13
525 -13
526 -13
527 -10
528 -11
529 -12
530 -10
531 -11
532 -13
533 -13
534 -10
535 -13
536 -13
537 -10
538 -12
539 -10
540 -10
541 -11
542 -13
543 -11
544 -13
545 -10
546 -13
547 -12
548 -10
549 -13
550 -13
551 -12
552 -11
553 -13
554 -13
555 -12
556 -11
557 -12
558 -13
559 -10
560 -16
561 -10
562 -13
563 -10
564 -13
565 -13
566 -11
567 -10
568 -13
569 -13
570 -13
571 -10
572 -11
573 -12
574 -10
575 -10
576 -11
577 -11
578 -13
579 -13
580 -12
581 -13
582 -20
583 -12
584 -10
585 -19
586 -11
587 -13
588 -12
589 -13
590 -12
591 -12
592 -13
593 -13
594 -12
595 -12
596 -11
597 -13
598 -11
599 -13
600 -13
601 -14
602 -12
603 -11
604 -10
605 -13
606 -13
607 -11
608 -11
609 -13
610 -17
611 -12
612 -13
613 -12
614 -13
615 -10
616 -11
617 -13
618 -10
619 -13
620 -10
621 -12
622 -10
623 -11
624 -10
625 -23
626 -13
627 -19
628 -13
629 -12
630 -12
631 -10
632 -11
633 -13
634 -13
635 -12
636 -11
637 -12
638 -10
639 -12
640 -10
641 -12
642 -12
643 -10
644 -13
645 -11
646 -13
647 -13
648 -10
649 -11
650 -11
651 -15
652 -12
653 -13
654 -11
655 -9
656 -13
657 -12
658 -10
659 -10
660 -13
661 -10
662 -10
663 -11
664 -13
665 -10
666 -13
667 -12
668 -11
669 -11
670 -10
671 -11
672 -11
673 -13
674 -13
675 -13
676 -10
677 -13
678 -13
679 -11
680 -13
681 -13
682 -11
683 -12
684 -10
685 -13
686 -12
687 -13
688 -10
689 -13
690 -12
691 -11
692 -13
693 -10
694 -10
695 -13
696 -12
697 -10
698 -13
699 -11
700 -12
701 -10
702 -10
703 -12
704 -13
705 -11
706 -11
707 -10
708 -10
709 -13
710 -11
711 -13
712 -10
713 -11
714 -11
715 -13
716 -13
717 -16
718 -13
719 -11
720 -12
721 -16
722 -11
723 -11
724 -13
725 -9
726 -12
727 -13
728 -10
729 -10
730 -12
731 -13
732 -13
733 -11
734 -13
735 -13
736 -12
737 -13
738 -13
739 -13
740 -12
741 -11
742 -13
743 -13
744 -13
745 -11
746 -10
747 -10
748 -10
749 -10
750 -13
751 -10
752 -12
753 -14
754 -12
755 -10
756 -13
757 -13
758 -12
759 -13
760 -13
761 -10
762 -13
763 -12
764 -10
765 -12
766 -16
767 -10
768 -10
769 -11
770 -12
771 -10
772 -10
773 -12
774 -9
775 -11
776 -17
777 -10
778 -11
779 -11
780 -10
781 -11
782 -11
783 -10
784 -12
785 -12
786 -12
787 -12
788 -10
789 -10
790 -12
791 -13
792 -12
793 -13
794 -13
795 -11
796 -11
797 -13
798 -11
799 -13
800 -13
801 -10
802 -12
803 -13
804 -10
805 -13
806 -13
807 -13
808 -38
809 -13
810 -10
811 -12
812 -9
813 -13
814 -10
815 -11
816 -12
817 -13
818 -12
819 -11
820 -13
821 -13
822 -12
823 -13
824 -11
825 -10
826 -12
827 -10
828 -12
829 -13
830 -11
831 -13
832 -10
833 -13
834 -16
835 -10
836 -13
837 -11
838 -13
839 -13
840 -12
841 -13
842 -11
843 -13
844 -10
845 -12
846 -13
847 -12
848 -13
849 -10
850 -12
851 -13
852 -13
853 -10
854 -11
855 -10
856 -16
857 -12
858 -13
859 -20
860 -13
861 -12
862 -16
863 -10
864 -13
865 -11
866 -12
867 -13
868 -13
869 -13
870 -11
871 -10
872 -20
873 -10
874 -11
875 -11
876 -13
877 -11
878 -12
879 -13
880 -13
881 -13
882 -12
883 -13
884 -12
885 -12
886 -10
887 -13
888 -10
889 -9
890 -12
891 -10
892 -10
893 -11
894 -11
895 -11
896 -10
897 -13
898 -10
899 -13
900 -10
901 -11
902 -10
903 -10
904 -13
905 -11
906 -10
907 -11
908 -12
909 -11
910 -11
911 -13
912 -12
913 -13
914 -11
915 -10
916 -12
917 -13
918 -10
919 -10
920 -12
921 -11
922 -13
923 -13
924 -12
925 -11
926 -11
927 -11
928 -12
929 -11
930 -10
931 -12
932 -14
933 -13
934 -13
935 -13
936 -12
937 -13
938 -10
939 -12
940 -11
941 -10
942 -13
943 -10
944 -13
945 -13
946 -11
947 -16
948 -13
949 -10
950 -10
951 -11
952 -13
953 -13
954 -10
955 -13
956 -12
957 -10
958 -10
959 -13
960 -13
961 -11
962 -13
963 -13
964 -11
965 -11
966 -13
967 -10
968 -13
969 -13
970 -12
971 -10
972 -12
973 -10
974 -13
975 -12
976 -13
977 -11
978 -11
979 -11
980 -15
981 -12
982 -10
983 -10
984 -10
985 -12
986 -13
987 -13
988 -11
989 -13
990 -13
991 -10
992 -13
993 -10
994 -10
995 -12
996 -13
997 -13
998 -13
999 -13
