0 -13
1 -11
2 -13
3 -13
4 -10
5 -12
6 -11
7 -10
8 -13
9 -11
10 -12
11 -13
12 -12
13 -10
14 -13
15 -11
16 -13
17 -13
18 -10
19 -12
20 -10
21 -12
22 -13
23 -10
24 -10
25 -13
26 -13
27 -11
28 -10
29 -11
30 -10
31 -17
32 -10
33 -11
34 -12
35 -11
36 -13
37 -13
38 -12
39 -13
40 -10
41 -12
42 -10
43 -13
44 -12
45 -13
46 -10
47 -12
48 -11
49 -10
50 -13
51 -10
52 -15
53 -11
54 -13
55 -10
56 -13
57 -11
58 -13
59 -13
60 -12
61 -10
62 -13
63 -13
64 -13
65 -13
66 -12
67 -81
68 -13
69 -13
70 -12
71 -13
72 -13
73 -12
74 -12
75 -11
76 -14
77 -76
78 -13
79 -10
80 -13
81 -13
82 -11
83 -12
84 -10
85 -10
86 -11
87 -12
88 -23
89 -12
90 -10
91 -12
92 -17
93 -13
94 -13
95 -11
96 -10
97 -11
98 -10
99 -13
100 -11
101 -11
102 -13
103 -11
104 -12
105 -12
106 -11
107 -10
108 -13
109 -13
110 -10
111 -13
112 -13
113 -11
114 -13
115 -13
116 -12
117 -11
118 -11
119 -12
120 -13
121 -13
122 -10
123 -12
124 -13
125 -11
126 -13
127 -10
128 -11
129 -11
130 -13
131 -12
132 -10
133 -13
134 -11
135 -10
136 -10
137 -12
138 -13
139 -11
140 -13
141 -17
142 -13
143 -12
144 -12
145 -13
146 -11
147 -10
148 -13
149 -13
150 -12
151 -11
152 -10
153 -11
154 -10
155 -12
156 -10
157 -12
158 -12
159 -13
160 -13
161 -12
162 -17
163 -11
164 -13
165 -10
166 -11
167 -13
168 -10
169 -13
170 -11
171 -13
172 -12
173 -10
174 -11
175 -16
176 -10
177 -12
178 -10
179 -10
180 -11
181 -10
182 -11
183 -13
184 -13
185 -14
186 -13
187 -10
188 -12
189 -11
190 -10
191 -12
192 -11
193 -12
194 -12
195 -12
196 -13
197 -10
198 -12
199 -11
200 -13
201 -13
202 -10
203 -13
204 -13
205 -11
206 -20
207 -10
208 -10
209 -13
210 -13
211 -18
212 -18
213 -13
214 -10
215 -13
216 -13
217 -12
218 -11
219 -13
220 -12
221 -13
222 -12
223 -16
224 -13
225 -11
226 -11
227 -12
228 -10
229 -13
230 -11
231 -13
232 -10
233 -13
234 -11
235 -11
236 -10
237 -10
238 -13
239 -15
240 -11
241 -12
242 -14
243 -13
244 -12
245 -14
246 -11
247 -13
248 -13
249 -13
250 -13
251 -10
252 -10
253 -12
254 -13
255 -11
256 -17
257 -13
258 -12
259 -11
260 -13
261 -13
262 -13
263 -11
264 -11
265 -10
266 -11
267 -19
268 -13
269 -16
270 -12
271 -10
272 -11
273 -10
274 -13
275 -12
276 -13
277 -13
278 -10
279 -20
280 -11
281 -13
282 -13
283 -13
284 -12
285 -10
286 -12
287 -11
288 -10
289 -10
290 -13
291 -12
292 -11
293 -12
294 -13
295 -10
296 -13
297 -13
298 -13
299 -12
300 -10
301 -12
302 -13
303 -13
304 -13
305 -10
306 -11
307 -13
308 -10
309 -12
310 -11
311 -13
312 -13
313 -13
314 -11
315 -11
316 -11
317 -10
318 -11
319 -13
320 -13
321 -11
322 -12
323 -13
324 -11
325 -11
326 -13
327 -12
328 -10
329 -12
330 -17
331 -11
332 -10
333 -12
334 -12
335 -11
336 -11
337 -13
338 -13
339 -13
340 -13
341 -12
342 -12
343 -10
344 -13
345 -11
346 -10
347 -12
348 -11
349 -11
350 -11
351 -12
352 -13
353 -13
354 -16
355 -11
356 -12
357 -10
358 -13
359 -11
360 -10
361 -12
362 -11
363 -12
364 -12
365 -16
366 -13
367 -13
368 -13
369 -11
370 -13
371 -13
372 -13
373 -11
374 -10
375 -13
376 -10
377 -10
378 -11
379 -13
380 -10
381 -13
382 -10
383 -13
384 -12
385 -13
386 -13
387 -12
388 -11
389 -10
390 -13
391 -10
392 -13
393 -11
394 -10
395 -12
396 -12
397 -13
398 -11
399 -11
400 -10
401 -13
402 -10
403 -13
404 -13
405 -13
406 -11
407 -11
408 -11
409 -11
410 -13
411 -11
412 -13
413 -13
414 -13
415 -10
416 -13
417 -13
418 -11
419 -13
420 -13
421 -11
422 -13
423 -13
424 -13
425 -11
426 -13
427 -10
428 -11
429 -10
430 -13
431 -13
432 -12
433 -13
434 -11
435 -11
436 -13
437 -13
438 -11
439 -13
440 -11
441 -11
442 -13
443 -13
444 -11
445 -13
446 -13
447 -11
448 -10
449 -13
450 -11
451 -10
452 -11
453 -11
454 -10
455 -11
456 -12
457 -11
458 -10
459 -13
460 -13
461 -13
462 -13
463 -10
464 -13
465 -13
466 -11
467 -12
468 -12
469 -12
470 -13
471 -13
472 -13
473 -12
474 -12
475 -13
476 -17
477 -13
478 -13
479 -13
480 -13
481 -10
482 -13
483 -13
484 -10
485 -13
486 -10
487 -10
488 -13
489 -13
490 -10
491 -12
492 -11
493 -11
494 -12
495 -13
496 -13
497 -13
498 -15
499 -11
500 -12
501 -13
502 -13
503 -10
504 -12
505 -10
506 -12
507 -13
508 -13
509 -13
510 -16
511 -11
512 -11
513 -10
514 -12
515 -12
516 -10
517 -13
518 -12
519 -11
520 -11
521 -12
522 -10
523 -12
524 -13
525 -11
526 -13
527 -13
528 -13
529 -16
530 -11
531 -43
532 -13
533 -12
534 -13
535 -13
536 -10
537 -11
538 -11
539 -10
540 -10
541 -13
542 -10
543 -12
544 -13
545 -10
546 -10
547 -11
548 -13
549 -13
550 -12
551 -11
552 -11
553 -11
554 -13
555 -11
556 -11
557 -12
558 -11
559 -10
560 -11
561 -13
562 -12
563 -10
564 -11
565 -10
566 -12
567 -12
568 -10
569 -11
570 -17
571 -13
572 -12
573 -13
574 -13
575 -13
576 -13
577 -13
578 -12
579 -11
580 -12
581 -13
582 -10
583 -14
584 -10
585 -10
586 -13
587 -12
588 -11
589 -13
590 -12
591 -10
592 -13
593 -13
594 -13
595 -13
596 -10
597 -12
598 -12
599 -10
600 -11
601 -12
602 -10
603 -13
604 -10
605 -12
606 -13
607 -13
608 -13
609 -13
610 -13
611 -16
612 -13
613 -13
614 -10
615 -13
616 -12
617 -13
618 -13
619 -11
620 -13
621 -13
622 -10
623 -12
624 -10
625 -10
626 -10
627 -10
628 -12
629 -11
630 -13
631 -12
632 -11
633 -11
634 -13
635 -11
636 -12
637 -10
638 -12
639 -10
640 -11
641 -11
642 -12
643 -13
644 -12
645 -17
646 -12
647 -12
648 -10
649 -11
650 -12
651 -11
652 -10
653 -13
654 -13
655 -12
656 -13
657 -13
658 -13
659 -12
660 -13
661 -13
662 -13
663 -12
664 -10
665 -13
666 -11
667 -13
668 -10
669 -12
670 -10
671 -13
672 -10
673 -12
674 -13
675 -13
676 -13
677 -10
678 -13
679 -13
680 -10
681 -13
682 -12
683 -11
684 -13
685 -17
686 -13
687 -10
688 -13
689 -12
690 -13
691 -13
692 -16
693 -10
694 -13
695 -13
696 -13
697 -12
698 -11
699 -11
700 -12
701 -13
702 -11
703 -11
704 -10
705 -11
706 -13
707 -13
708 -13
709 -13
710 -12
711 -12
712 -11
713 -10
714 -10
715 -13
716 -12
717 -10
718 -13
719 -10
720 -11
721 -11
722 -11
723 -10
724 -11
725 -13
726 -13
727 -12
728 -13
729 -13
730 -10
731 -13
732 -12
733 -10
734 -13
735 -13
736 -12
737 -11
738 -12
739 -10
740 -13
741 -11
742 -13
743 -12
744 -11
745 -11
746 -10
747 -13
748 -10
749 -10
750 -13
751 -11
752 -13
753 -12
754 -12
755 -9
756 -11
757 -19
758 -13
759 -11
760 -13
761 -10
762 -12
763 -13
764 -12
765 -12
766 -13
767 -12
768 -11
769 -10
770 -13
771 -11
772 -12
773 -12
774 -12
775 -12
776 -12
777 -10
778 -10
779 -12
780 -13
781 -11
782 -15
783 -13
784 -12
785 -10
786 -10
787 -13
788 -13
789 -13
790 -13
791 -22
792 -12
793 -11
794 -11
795 -10
796 -10
797 -12
798 -12
799 -10
800 -11
801 -11
802 -13
803 -10
804 -10
805 -13
806 -13
807 -13
808 -11
809 -13
810 -13
811 -13
812 -10
813 -11
814 -13
815 -11
816 -12
817 -10
818 -12
819 -10
820 -13
821 -13
822 -12
823 -13
824 -10
825 -11
826 -13
827 -12
828 -13
829 -13
830 -12
831 -13
832 -15
833 -10
834 -13
835 -11
836 -10
837 -17
838 -12
839 -12
840 -11
841 -11
842 -10
843 -11
844 -13
845 -12
846 -13
847 -13
848 -12
849 -13
850 -13
851 -12
852 -10
853 -13
854 -11
855 -16
856 -12
857 -13
858 -13
859 -10
860 -11
861 -13
862 -12
863 -13
864 -11
865 -9
866 -12
867 -11
868 -11
869 -13
870 -10
871 -12
872 -12
873 -10
874 -13
875 -11
876 -13
877 -12
878 -13
879 -10
880 -12
881 -12
882 -12
883 -13
884 -13
885 -12
886 -12
887 -13
888 -11
889 -12
890 -13
891 -10
892 -11
893 -11
894 -13
895 -13
896 -13
897 -12
898 -10
899 -11
900 -12
901 -11
902 -17
903 -12
904 -13
905 -11
906 -13
907 -12
908 -10
909 -13
910 -10
911 -11
912 -11
913 -11
914 -14
915 -13
916 -13
917 -13
918 -10
919 -13
920 -11
921 -11
922 -11
923 -17
924 -12
925 -13
926 -10
927 -13
928 -12
929 -23
930 -13
931 -10
932 -12
933 -11
934 -13
935 -13
936 -11
937 -11
938 -13
939 -10
940 -13
941 -13
942 -10
943 -11
944 -11
945 -13
946 -10
947 -16
948 -13
949 -11
950 -13
951 -12
952 -13
953 -13
954 -10
955 -13
956 -11
957 -10
958 -13
959 -13
960 -10
961 -11
962 -13
963 -11
964 -12
965 -12
966 -12
967 -11
968 -10
969 -13
970 -13
971 -12
972 -11
973 -13
974 -10
975 -17
976 -10
977 -13
978 -11
979 -10
980 -12
981 -20
982 -12
983 -17
984 -13
985 -12
986 -17
987 -13
988 -13
989 -10
990 -13
991 -13
992 -11
993 -13
994 -10
995 -11
996 -17
997 -11
998 -11
999 -10
