0 -11
1 -11
2 -10
3 -12
4 -11
5 -13
6 -12
7 -13
8 -13
9 -10
10 -12
11 -13
12 -10
13 -13
14 -13
15 -13
16 -17
17 -13
18 -12
19 -10
20 -10
21 -11
22 -13
23 -13
24 -11
25 -10
26 -12
27 -13
28 -12
29 -10
30 -13
31 -13
32 -11
33 -11
34 -10
35 -12
36 -12
37 -14
38 -13
39 -13
40 -12
41 -12
42 -11
43 -10
44 -13
45 -11
46 -13
47 -11
48 -13
49 -13
50 -11
51 -10
52 -11
53 -11
54 -13
55 -11
56 -12
57 -13
58 -10
59 -13
60 -16
61 -13
62 -11
63 -12
64 -10
65 -13
66 -12
67 -11
68 -11
69 -13
70 -10
71 -12
72 -11
73 -12
74 -10
75 -11
76 -13
77 -11
78 -13
79 -13
80 -12
81 -13
82 -13
83 -13
84 -13
85 -13
86 -13
87 -13
88 -11
89 -10
90 -10
91 -13
92 -10
93 -10
94 -13
95 -11
96 -12
97 -13
98 -13
99 -13
100 -11
101 -11
102 -12
103 -13
104 -13
105 -11
106 -11
107 -12
108 -13
109 -13
110 -13
111 -10
112 -13
113 -12
114 -10
115 -12
116 -10
117 -12
118 -11
119 -12
120 -10
121 -11
122 -10
123 -13
124 -10
125 -13
126 -11
127 -13
128 -11
129 -13
130 -13
131 -10
132 -13
133 -12
134 -12
135 -10
136 -10
137 -13
138 -13
139 -13
140 -11
141 -13
142 -13
143 -13
144 -12
145 -12
146 -10
147 -11
148 -12
149 -16
150 -13
151 -12
152 -12
153 -13
154 -19
155 -10
156 -12
157 -11
158 -13
159 -12
160 -12
161 -11
162 -12
163 -13
164 -13
165 -12
166 -11
167 -13
168 -20
169 -12
170 -11
171 -10
172 -13
173 -12
174 -13
175 -12
176 -13
177 -13
178 -10
179 -13
180 -13
181 -10
182 -13
183 -11
184 -13
185 -10
186 -13
187 -10
188 -10
189 -11
190 -10
191 -13
192 -13
193 -12
194 -13
195 -13
196 -13
197 -18
198 -13
199 -13
200 -13
201 -12
202 -13
203 -12
204 -11
205 -12
206 -12
207 -13
208 -12
209 -11
210 -13
211 -13
212 -13
213 -11
214 -13
215 -13
216 -11
217 -13
218 -11
219 -13
220 -13
221 -12
222 -10
223 -12
224 -13
225 -11
226 -13
227 -13
228 -11
229 -13
230 -10
231 -13
232 -11
233 -10
234 -13
235 -20
236 -12
237 -13
238 -13
239 -13
240 -11
241 -13
242 -11
243 -10
244 -10
245 -13
246 -10
247 -17
248 -11
249 -10
250 -10
251 -13
252 -12
253 -10
254 -12
255 -13
256 -10
257 -11
258 -11
259 -11
260 -13
261 -10
262 -13
263 -13
264 -12
265 -13
266 -13
267 -13
268 -13
269 -13
270 -13
271 -13
272 -11
273 -11
274 -11
275 -13
276 -13
277 -12
278 -13
279 -10
280 -18
281 -13
282 -11
283 -12
284 -11
285 -12
286 -13
287 -12
288 -13
289 -10
290 -13
291 -13
292 -10
293 -12
294 -13
295 -17
296 -12
297 -11
298 -10
299 -13
300 -13
301 -16
302 -13
303 -13
304 -13
305 -13
306 -14
307 -13
308 -10
309 -12
310 -14
311 -13
312 -12
313 -11
314 -13
315 -13
316 -10
317 -15
318 -10
319 -10
320 -12
321 -13
322 -13
323 -13
324 -13
325 -10
326 -13
327 -13
328 -13
329 -13
330 -12
331 -11
332 -13
333 -10
334 -10
335 -11
336 -13
337 -12
338 -12
339 -10
340 -13
341 -13
342 -12
343 -11
344 -13
345 -13
346 -12
347 -13
348 -10
349 -10
350 -13
351 -13
352 -12
353 -13
354 -10
355 -11
356 -10
357 -11
358 -15
359 -11
360 -13
361 -10
362 -13
363 -13
364 -13
365 -13
366 -13
367 -13
368 -10
369 -11
370 -11
371 -13
372 -13
373 -10
374 -10
375 -13
376 -10
377 -13
378 -12
379 -13
380 -17
381 -13
382 -12
383 -10
384 -52
385 -10
386 -10
387 -13
388 -12
389 -19
390 -13
391 -13
392 -10
393 -10
394 -13
395 -10
396 -11
397 -11
398 -13
399 -10
400 -12
401 -13
402 -13
403 -11
404 -13
405 -10
406 -11
407 -13
408 -13
409 -13
410 -12
411 -11
412 -13
413 -10
414 -13
415 -13
416 -13
417 -10
418 -13
419 -12
420 -11
421 -13
422 -11
423 -13
424 -11
425 -10
426 -12
427 -13
428 -13
429 -11
430 -14
431 -10
432 -11
433 -13
434 -12
435 -12
436 -11
437 -10
438 -13
439 -13
440 -13
441 -10
442 -13
443 -11
444 -12
445 -13
446 -10
447 -13
448 -11
449 -16
450 -13
451 -10
452 -11
453 -10
454 -11
455 -10
456 -10
457 -14
458 -10
459 -13
460 -13
461 -10
462 -13
463 -13
464 -13
465 -10
466 -10
467 -13
468 -13
469 -10
470 -13
471 -17
472 -13
473 -13
474 -13
475 -13
476 -51
477 -10
478 -10
479 -11
480 -13
481 -13
482 -13
483 -17
484 -10
485 -10
486 -11
487 -10
488 -13
489 -11
490 -12
491 -13
492 -13
493 -13
494 -13
495 -18
496 -12
497 -13
498 -13
499 -13
500 -13
501 -13
502 -10
503 -10
504 -13
505 -13
506 -13
507 -11
508 -11
509 -10
510 -11
511 -10
512 -12
513 -11
514 -13
515 -12
516 -13
517 -13
518 -13
519 -10
520 -12
521 -13
522 -13
523 -12
524 -13
525 -12
526 -13
527 -10
528 -12
529 -13
530 -13
531 -14
532 -12
533 -13
534 -11
535 -57
536 -12
537 -10
538 -12
539 -13
540 -12
541 -11
542 -13
543 -11
544 -13
545 -10
546 -10
547 -10
548 -13
549 -11
550 -17
551 -11
552 -10
553 -11
554 -13
555 -13
556 -13
557 -11
558 -11
559 -12
560 -13
561 -12
562 -13
563 -13
564 -13
565 -11
566 -13
567 -13
568 -11
569 -13
570 -10
571 -15
572 -12
573 -13
574 -9
575 -13
576 -10
577 -12
578 -10
579 -12
580 -12
581 -13
582 -12
583 -12
584 -10
585 -11
586 -12
587 -11
588 -13
589 -13
590 -16
591 -12
592 -11
593 -10
594 -11
595 -13
596 -16
597 -16
598 -13
599 -12
600 -13
601 -11
602 -13
603 -13
604 -12
605 -10
606 -10
607 -13
608 -13
609 -12
610 -12
611 -12
612 -13
613 -13
614 -13
615 -13
616 -13
617 -11
618 -10
619 -10
620 -13
621 -10
622 -13
623 -13
624 -10
625 -13
626 -12
627 -11
628 -10
629 -11
630 -10
631 -10
632 -11
633 -12
634 -11
635 -13
636 -16
637 -10
638 -10
639 -13
640 -13
641 -12
642 -13
643 -10
644 -10
645 -10
646 -10
647 -10
648 -13
649 -13
650 -10
651 -11
652 -13
653 -14
654 -12
655 -13
656 -13
657 -13
658 -12
659 -12
660 -12
661 -13
662 -11
663 -13
664 -10
665 -10
666 -11
667 -13
668 -13
669 -12
670 -11
671 -10
672 -12
673 -13
674 -13
675 -17
676 -13
677 -11
678 -10
679 -12
680 -12
681 -13
682 -13
683 -13
684 -14
685 -11
686 -12
687 -13
688 -17
689 -13
690 -10
691 -11
692 -10
693 -11
694 -13
695 -10
696 -10
697 -10
698 -11
699 -13
700 -11
701 -10
702 -10
703 -12
704 -12
705 -13
706 -13
707 -13
708 -13
709 -13
710 -11
711 -13
712 -11
713 -11
714 -12
715 -11
716 -11
717 -12
718 -13
719 -11
720 -13
721 -12
722 -11
723 -17
724 -13
725 -13
726 -13
727 -10
728 -12
729 -12
730 -10
731 -12
732 -12
733 -11
734 -12
735 -12
736 -12
737 -12
738 -13
739 -13
740 -11
741 -13
742 -13
743 -13
744 -10
745 -13
746 -10
747 -13
748 -13
749 -11
750 -10
751 -16
752 -11
753 -10
754 -12
755 -12
756 -16
757 -13
758 -11
759 -13
760 -10
761 -13
762 -11
763 -13
764 -13
765 -15
766 -13
767 -13
768 -13
769 -13
770 -13
771 -12
772 -11
773 -13
774 -10
775 -12
776 -13
777 -17
778 -10
779 -12
780 -12
781 -10
782 -12
783 -11
784 -13
785 -10
786 -13
787 -13
788 -13
789 -13
790 -13
791 -12
792 -10
793 -11
794 -12
795 -12
796 -10
797 -19
798 -13
799 -11
800 -12
801 -12
802 -12
803 -13
804 -11
805 -12
806 -13
807 -11
808 -13
809 -13
810 -13
811 -13
812 -13
813 -10
814 -10
815 -10
816 -13
817 -13
818 -13
819 -12
820 -10
821 -10
822 -11
823 -11
824 -11
825 -12
826 -11
827 -10
828 -10
829 -10
830 -10
831 -13
832 -13
833 -12
834 -13
835 -13
836 -13
837 -13
838 -10
839 -93
840 -12
841 -18
842 -17
843 -13
844 -13
845 -11
846 -13
847 -13
848 -13
849 -13
850 -13
851 -13
852 -10
853 -12
854 -10
855 -10
856 -10
857 -11
858 -10
859 -10
860 -13
861 -13
862 -13
863 -11
864 -10
865 -11
866 -11
867 -13
868 -19
869 -13
870 -13
871 -10
872 -13
873 -12
874 -12
875 -12
876 -13
877 -11
878 -13
879 -11
880 -13
881 -12
882 -56
883 -11
884 -10
885 -13
886 -12
887 -13
888 -12
889 -10
890 -13
891 -11
892 -13
893 -13
894 -11
895 -13
896 -20
897 -13
898 -13
899 -10
900 -11
901 -10
902 -11
903 -13
904 -12
905 -10
906 -13
907 -11
908 -12
909 -13
910 -13
911 -11
912 -13
913 -10
914 -10
915 -10
916 -10
917 -10
918 -14
919 -13
920 -11
921 -10
922 -10
923 -11
924 -13
925 -13
926 -10
927 -13
928 -13
929 -13
930 -13
931 -13
932 -13
933 -11
934 -13
935 -13
936 -10
937 -12
938 -12
939 -10
940 -10
941 -10
942 -13
943 -12
944 -12
945 -13
946 -12
947 -12
948 -12
949 -11
950 -12
951 -11
952 -10
953 -13
954 -13
955 -12
956 -13
957 -12
958 -13
959 -10
960 -12
961 -13
962 -13
963 -11
964 -18
965 -11
966 -13
967 -11
968 -10
969 -10
970 -12
971 -11
972 -13
973 -12
974 -11
975 -13
976 -13
977 -11
978 -11
979 -13
980 -11
981 -13
982 -12
983 -11
984 -11
985 -13
986 -11
987 -10
988 -17
989 -12
990 -12
991 -12
992 -10
993 -13
994 -12
995 -11
996 -12
997 -13
998 -12
999 -12
