0 -11
1 -13
2 -10
3 -12
4 -11
5 -11
6 -10
7 -10
8 -12
9 -13
10 -12
11 -13
12 -13
13 -12
14 -12
15 -10
16 -12
17 -13
18 -10
19 -10
20 -13
21 -10
22 -13
23 -13
24 -13
25 -12
26 -13
27 -17
28 -12
29 -12
30 -13
31 -10
32 -13
33 -12
34 -11
35 -11
36 -11
37 -13
38 -12
39 -10
40 -10
41 -12
42 -13
43 -10
44 -11
45 -11
46 -13
47 -17
48 -13
49 -12
50 -13
51 -12
52 -12
53 -13
54 -10
55 -10
56 -13
57 -11
58 -11
59 -10
60 -11
61 -10
62 -13
63 -10
64 -13
65 -13
66 -10
67 -13
68 -13
69 -10
70 -12
71 -13
72 -13
73 -11
74 -11
75 -13
76 -13
77 -10
78 -10
79 -13
80 -13
81 -11
82 -11
83 -13
84 -10
85 -10
86 -13
87 -11
88 -16
89 -10
90 -13
91 -12
92 -12
93 -11
94 -11
95 -12
96 -11
97 -13
98 -11
99 -11
100 -11
101 -13
102 -13
103 -13
104 -16
105 -10
106 -12
107 -14
108 -12
109 -11
110 -11
111 -10
112 -13
113 -13
114 -10
115 -13
116 -13
117 -13
118 -11
119 -11
120 -12
121 -13
122 -13
123 -10
124 -18
125 -13
126 -12
127 -13
128 -12
129 -13
130 -10
131 -11
132 -16
133 -13
134 -12
135 -12
136 -10
137 -10
138 -13
139 -12
140 -13
141 -11
142 -12
143 -11
144 -12
145 -12
146 -10
147 -10
148 -11
149 -13
150 -13
151 -13
152 -13
153 -10
154 -11
155 -16
156 -13
157 -10
158 -11
159 -13
160 -10
161 -13
162 -12
163 -13
164 -10
165 -13
166 -11
167 -10
168 -12
169 -12
170 -11
171 -13
172 -11
173 -13
174 -12
175 -13
176 -20
177 -13
178 -10
179 -10
180 -11
181 -13
182 -12
183 -17
184 -13
185 -10
186 -13
187 -13
188 -13
189 -13
190 -10
191 -12
192 -11
193 -12
194 -13
195 -11
196 -13
197 -11
198 -12
199 -12
200 -11
201 -10
202 -16
203 -12
204 -10
205 -12
206 -10
207 -17
208 -11
209 -13
210 -9
211 -11
212 -13
213 -11
214 -13
215 -20
216 -10
217 -12
218 -10
219 -11
220 -10
221 -10
222 -13
223 -11
224 -14
225 -12
226 -13
227 -10
228 -13
229 -12
230 -10
231 -19
232 -13
233 -10
234 -11
235 -13
236 -12
237 -12
238 -13
239 -11
240 -10
241 -15
242 -12
243 -11
244 -13
245 -13
246 -12
247 -13
248 -13
249 -12
250 -10
251 -13
252 -11
253 -13
254 -12
255 -12
256 -12
257 -12
258 -13
259 -13
260 -11
261 -13
262 -10
263 -10
264 -13
265 -11
266 -10
267 -11
268 -13
269 -13
270 -10
271 -10
272 -13
273 -12
274 -13
275 -10
276 -15
277 -13
278 -10
279 -13
280 -12
281 -10
282 -10
283 -13
284 -11
285 -12
286 -13
287 -10
288 -10
289 -13
290 -10
291 -11
292 -13
293 -10
294 -13
295 -10
296 -14
297 -13
298 -13
299 -11
300 -13
301 -13
302 -13
303 -13
304 -11
305 -11
306 -11
307 -13
308 -12
309 -11
310 -13
311 -13
312 -12
313 -10
314 -13
315 -10
316 -10
317 -11
318 -12
319 -11
320 -11
321 -11
322 -10
323 -13
324 -13
325 -13
326 -11
327 -10
328 -10
329 -11
330 -10
331 -14
332 -12
333 -11
334 -15
335 -12
336 -13
337 -11
338 -10
339 -11
340 -13
341 -13
342 -10
343 -13
344 -10
345 -13
346 -10
347 -16
348 -11
349 -11
350 -10
351 -13
352 -11
353 -12
354 -12
355 -12
356 -17
357 -11
358 -11
359 -13
360 -12
361 -13
362 -10
363 -13
364 -10
365 -10
366 -10
367 -11
368 -10
369 -11
370 -13
371 -13
372 -12
373 -13
374 -11
375 -13
376 -12
377 -13
378 -14
379 -11
380 -13
381 -12
382 -10
383 -13
384 -13
385 -12
386 -13
387 -14
388 -11
389 -11
390 -13
391 -16
392 -9
393 -11
394 -12
395 -13
396 -10
397 -13
398 -12
399 -11
400 -13
401 -10
402 -13
403 -12
404 -13
405 -12
406 -10
407 -13
408 -13
409 -10
410 -11
411 -12
412 -10
413 -13
414 -13
415 -10
416 -13
417 -13
418 -13
419 -11
420 -11
421 -13
422 -51
423 -11
424 -11
425 -13
426 -10
427 -13
428 -10
429 -13
430 -11
431 -13
432 -13
433 -10
434 -13
435 -13
436 -13
437 -12
438 -13
439 -13
440 -11
441 -13
442 -15
443 -12
444 -11
445 -10
446 -11
447 -12
448 -11
449 -12
450 -12
451 -13
452 -11
453 -13
454 -11
455 -13
456 -13
457 -10
458 -12
459 -12
460 -13
461 -11
462 -13
463 -12
464 -12
465 -13
466 -11
467 -12
468 -11
469 -10
470 -12
471 -11
472 -11
473 -12
474 -11
475 -13
476 -11
477 -10
478 -11
479 -12
480 -13
481 -12
482 -13
483 -10
484 -13
485 -13
486 -13
487 -11
488 -11
489 -10
490 -12
491 -10
492 -10
493 -10
494 -13
495 -19
496 -10
497 -10
498 -10
499 -13
500 -13
501 -12
502 -11
503 -10
504 -13
505 -10
506 -13
507 -11
508 -10
509 -15
510 -13
511 -12
512 -23
513 -13
514 -11
515 -11
516 -10
517 -11
518 -10
519 -13
520 -12
521 -10
522 -10
523 -13
524 -10
525 -13
526 -13
527 -12
528 -13
529 -10
530 -11
531 -12
532 -13
533 -10
534 -11
535 -13
536 -12
537 -10
538 -11
539 -11
540 -10
541 -13
542 -10
543 -13
544 -17
545 -13
546 -13
547 -13
548 -11
549 -10
550 -11
551 -12
552 -11
553 -11
554 -13
555 -13
556 -13
557 -13
558 -10
559 -11
560 -13
561 -13
562 -12
563 -11
564 -10
565 -13
566 -11
567 -15
568 -10
569 -12
570 -13
571 -13
572 -10
573 -10
574 -13
575 -17
576 -10
577 -13
578 -10
579 -12
580 -13
581 -13
582 -13
583 -13
584 -10
585 -13
586 -13
587 -11
588 -13
589 -12
590 -13
591 -10
592 -12
593 -11
594 -13
595 -13
596 -11
597 -13
598 -13
599 -10
600 -13
601 -11
602 -10
603 -10
604 -13
605 -12
606 -12
607 -13
608 -11
609 -13
610 -13
611 -13
612 -12
613 -13
614 -13
615 -10
616 -12
617 -13
618 -13
619 -15
620 -13
621 -12
622 -10
623 -12
624 -20
625 -13
626 -11
627 -13
628 -11
629 -13
630 -12
631 -13
632 -12
633 -13
634 -13
635 -10
636 -10
637 -21
638 -13
639 -11
640 -13
641 -16
642 -13
643 -10
644 -13
645 -13
646 -12
647 -12
648 -12
649 -13
650 -12
651 -12
652 -13
653 -11
654 -11
655 -13
656 -13
657 -12
658 -13
659 -13
660 -13
661 -10
662 -11
663 -11
664 -10
665 -13
666 -13
667 -15
668 -11
669 -13
670 -13
671 -11
672 -10
673 -13
674 -9
675 -13
676 -11
677 -11
678 -12
679 -10
680 -11
681 -13
682 -11
683 -13
684 -12
685 -10
686 -10
687 -11
688 -13
689 -12
690 -13
691 -13
692 -11
693 -10
694 -12
695 -12
696 -11
697 -13
698 -17
699 -12
700 -13
701 -13
702 -13
703 -13
704 -10
705 -13
706 -13
707 -12
708 -10
709 -13
710 -10
711 -12
712 -10
713 -10
714 -12
715 -13
716 -13
717 -10
718 -13
719 -13
720 -15
721 -13
722 -13
723 -10
724 -12
725 -13
726 -10
727 -13
728 -12
729 -10
730 -11
731 -13
732 -11
733 -16
734 -13
735 -13
736 -10
737 -10
738 -13
739 -13
740 -14
741 -13
742 -11
743 -13
744 -10
745 -11
746 -13
747 -11
748 -13
749 -10
750 -13
751 -14
752 -10
753 -13
754 -15
755 -10
756 -13
757 -13
758 -12
759 -11
760 -12
761 -12
762 -13
763 -11
764 -12
765 -13
766 -13
767 -12
768 -13
769 -11
770 -12
771 -13
772 -13
773 -11
774 -10
775 -10
776 -13
777 -10
778 -13
779 -12
780 -10
781 -18
782 -13
783 -12
784 -12
785 -11
786 -13
787 -11
788 -10
789 -13
790 -11
791 -13
792 -11
793 -13
794 -13
795 -11
796 -13
797 -11
798 -11
799 -12
800 -12
801 -13
802 -12
803 -11
804 -12
805 -13
806 -13
807 -13
808 -10
809 -11
810 -11
811 -11
812 -13
813 -10
814 -11
815 -13
816 -13
817 -13
818 -11
819 -13
820 -13
821 -13
822 -11
823 -10
824 -12
825 -10
826 -10
827 -12
828 -13
829 -10
830 -13
831 -10
832 -10
833 -13
834 -12
835 -13
836 -13
837 -13
838 -13
839 -13
840 -13
841 -13
842 -13
843 -12
844 -13
845 -13
846 -13
847 -11
848 -10
849 -11
850 -11
851 -13
852 -24
853 -13
854 -13
855 -10
856 -11
857 -11
858 -13
859 -13
860 -10
861 -13
862 -12
863 -71
864 -13
865 -16
866 -13
867 -13
868 -12
869 -13
870 -13
871 -11
872 -10
873 -11
874 -10
875 -11
876 -11
877 -11
878 -13
879 -10
880 -10
881 -13
882 -13
883 -12
884 -13
885 -13
886 -13
887 -13
888 -13
889 -12
890 -13
891 -10
892 -13
893 -13
894 -10
895 -13
896 -13
897 -13
898 -10
899 -13
900 -10
901 -13
902 -10
903 -11
904 -13
905 -13
906 -13
907 -10
908 -13
909 -12
910 -10
911 -13
912 -11
913 -13
914 -11
915 -11
916 -13
917 -13
918 -13
919 -11
920 -12
921 -13
922 -19
923 -14
924 -11
925 -13
926 -13
927 -13
928 -13
929 -12
930 -10
931 -13
932 -13
933 -10
934 -10
935 -13
936 -12
937 -12
938 -12
939 -12
940 -11
941 -12
942 -13
943 -10
944 -12
945 -11
946 -11
947 -10
948 -11
949 -13
950 -10
951 -11
952 -17
953 -13
954 -12
955 -13
956 -13
957 -10
958 -13
959 -12
960 -10
961 -10
962 -12
963 -13
964 -13
965 -13
966 -13
967 -11
968 -12
969 -10
970 -12
971 -13
972 -10
973 -11
974 -12
975 -11
976 -11
977 -13
978 -12
979 -13
980 -13
981 -12
982 -13
983 -13
984 -11
985 -13
986 -10
987 -13
988 -10
989 -13
990 -11
991 -10
992 -11
993 -12
994 -13
995 -12
996 -10
997 -13
998 -12
999 -10
