0 -17
1 -10
2 -16
3 -12
4 -17
5 -17
6 -12
7 -17
8 -17
9 -10
10 -15
11 -17
12 -17
13 -17
14 -17
15 -12
16 -10
17 -17
18 -17
19 -17
20 -10
21 -17
22 -10
23 -11
24 -10
25 -10
26 -17
27 -10
28 -10
29 -15
30 -12
31 -12
32 -17
33 -12
34 -10
35 -17
36 -17
37 -11
38 -12
39 -10
40 -12
41 -17
42 -17
43 -17
44 -12
45 -11
46 -11
47 -17
48 -11
49 -11
50 -12
51 -12
52 -17
53 -11
54 -17
55 -17
56 -12
57 -11
58 -11
59 -36
60 -17
61 -10
62 -17
63 -17
64 -17
65 -17
66 -10
67 -12
68 -138
69 -12
70 -10
71 -10
72 -17
73 -12
74 -11
75 -17
76 -17
77 -17
78 -10
79 -12
80 -11
81 -21
82 -17
83 -12
84 -17
85 -10
86 -11
87 -17
88 -17
89 -11
90 -17
91 -10
92 -11
93 -10
94 -10
95 -12
96 -11
97 -17
98 -17
99 -10
100 -12
101 -10
102 -24
103 -10
104 -10
105 -11
106 -10
107 -67
108 -17
109 -17
110 -17
111 -17
112 -17
113 -12
114 -18
115 -12
116 -17
117 -17
118 -12
119 -17
120 -11
121 -12
122 -11
123 -11
124 -10
125 -12
126 -12
127 -12
128 -10
129 -17
130 -11
131 -10
132 -10
133 -11
134 -17
135 -12
136 -17
137 -11
138 -11
139 -14
140 -12
141 -12
142 -17
143 -17
144 -10
145 -17
146 -17
147 -19
148 -11
149 -17
150 -12
151 -12
152 -17
153 -12
154 -17
155 -12
156 -17
157 -17
158 -17
159 -17
160 -11
161 -12
162 -17
163 -10
164 -11
165 -11
166 -17
167 -17
168 -12
169 -12
170 -10
171 -14
172 -11
173 -12
174 -17
175 -12
176 -13
177 -17
178 -12
179 -17
180 -17
181 -17
182 -17
183 -15
184 -17
185 -10
186 -10
187 -57
188 -17
189 -11
190 -11
191 -17
192 -11
193 -17
194 -81
195 -11
196 -102
197 -17
198 -17
199 -12
200 -11
201 -17
202 -12
203 -17
204 -17
205 -17
206 -10
207 -10
208 -17
209 -17
210 -17
211 -12
212 -11
213 -43
214 -11
215 -15
216 -17
217 -10
218 -16
219 -12
220 -17
221 -11
222 -18
223 -11
224 -12
225 -17
226 -10
227 -12
228 -11
229 -11
230 -10
231 -10
232 -18
233 -12
234 -17
235 -17
236 -10
237 -17
238 -17
239 -17
240 -11
241 -12
242 -12
243 -10
244 -17
245 -10
246 -17
247 -12
248 -11
249 -20
250 -10
251 -17
252 -12
253 -10
254 -12
255 -12
256 -12
257 -12
258 -11
259 -10
260 -10
261 -17
262 -12
263 -17
264 -10
265 -10
266 -12
267 -17
268 -17
269 -17
270 -10
271 -17
272 -17
273 -17
274 -17
275 -10
276 -10
277 -10
278 -17
279 -17
280 -17
281 -17
282 -12
283 -17
284 -17
285 -10
286 -12
287 -12
288 -17
289 -17
290 -10
291 -17
292 -17
293 -16
294 -12
295 -12
296 -12
297 -17
298 -17
299 -17
300 -17
301 -12
302 -12
303 -12
304 -12
305 -12
306 -11
307 -10
308 -11
309 -17
310 -17
311 -17
312 -17
313 -10
314 -11
315 -17
316 -10
317 -17
318 -17
319 -10
320 -17
321 -11
322 -12
323 -12
324 -17
325 -10
326 -11
327 -11
328 -11
329 -17
330 -12
331 -25
332 -17
333 -12
334 -11
335 -17
336 -17
337 -12
338 -17
339 -17
340 -10
341 -17
342 -11
343 -17
344 -10
345 -17
346 -11
347 -11
348 -17
349 -11
350 -10
351 -10
352 -11
353 -17
354 -11
355 -12
356 -11
357 -12
358 -17
359 -17
360 -12
361 -12
362 -11
363 -10
364 -17
365 -17
366 -11
367 -24
368 -11
369 -12
370 -17
371 -38
372 -12
373 -12
374 -12
375 -10
376 -12
377 -11
378 -10
379 -10
380 -11
381 -12
382 -10
383 -11
384 -12
385 -12
386 -13
387 -17
388 -10
389 -12
390 -11
391 -17
392 -10
393 -13
394 -17
395 -12
396 -12
397 -10
398 -75
399 -17
400 -10
401 -10
402 -10
403 -11
404 -10
405 -17
406 -10
407 -10
408 -17
409 -12
410 -17
411 -17
412 -11
413 -12
414 -17
415 -12
416 -12
417 -32
418 -11
419 -26
420 -12
421 -17
422 -12
423 -10
424 -11
425 -12
426 -11
427 -17
428 -17
429 -17
430 -10
431 -10
432 -11
433 -11
434 -17
435 -17
436 -11
437 -17
438 -17
439 -17
440 -12
441 -17
442 -11
443 -10
444 -17
445 -11
446 -17
447 -17
448 -17
449 -17
450 -12
451 -12
452 -11
453 -17
454 -10
455 -10
456 -17
457 -10
458 -11
459 -11
460 -11
461 -10
462 -11
463 -12
464 -17
465 -11
466 -10
467 -10
468 -29
469 -10
470 -17
471 -10
472 -17
473 -10
474 -17
475 -10
476 -17
477 -17
478 -12
479 -17
480 -10
481 -12
482 -10
483 -17
484 -10
485 -17
486 -11
487 -17
488 -12
489 -17
490 -11
491 -17
492 -10
493 -12
494 -17
495 -12
496 -10
497 -11
498 -10
499 -12
500 -17
501 -21
502 -17
503 -12
504 -11
505 -14
506 -17
507 -11
508 -12
509 -12
510 -11
511 -10
512 -103
513 -10
514 -11
515 -17
516 -17
517 -17
518 -17
519 -11
520 -12
521 -17
522 -17
523 -13
524 -12
525 -12
526 -11
527 -11
528 -11
529 -12
530 -10
531 -11
532 -17
533 -10
534 -12
535 -17
536 -11
537 -17
538 -10
539 -17
540 -26
541 -15
542 -10
543 -11
544 -17
545 -17
546 -20
547 -17
548 -16
549 -12
550 -25
551 -17
552 -17
553 -17
554 -17
555 -10
556 -12
557 -12
558 -17
559 -17
560 -17
561 -17
562 -12
563 -17
564 -12
565 -17
566 -17
567 -17
568 -17
569 -17
570 -10
571 -12
572 -24
573 -11
574 -17
575 -17
576 -17
577 -20
578 -11
579 -11
580 -10
581 -10
582 -17
583 -17
584 -17
585 -12
586 -10
587 -10
588 -12
589 -17
590 -17
591 -17
592 -10
593 -17
594 -17
595 -17
596 -17
597 -10
598 -11
599 -12
600 -11
601 -17
602 -11
603 -17
604 -11
605 -10
606 -17
607 -17
608 -17
609 -12
610 -17
611 -17
612 -18
613 -10
614 -10
615 -17
616 -17
617 -17
618 -17
619 -12
620 -17
621 -12
622 -11
623 -12
624 -17
625 -17
626 -12
627 -10
628 -12
629 -12
630 -17
631 -17
632 -12
633 -11
634 -11
635 -17
636 -17
637 -10
638 -10
639 -10
640 -12
641 -25
642 -11
643 -17
644 -11
645 -12
646 -10
647 -11
648 -11
649 -57
650 -12
651 -18
652 -17
653 -10
654 -12
655 -17
656 -17
657 -17
658 -11
659 -11
660 -17
661 -11
662 -12
663 -17
664 -12
665 -11
666 -10
667 -10
668 -17
669 -10
670 -17
671 -12
672 -10
673 -17
674 -12
675 -17
676 -17
677 -10
678 -11
679 -18
680 -11
681 -11
682 -10
683 -11
684 -12
685 -11
686 -17
687 -17
688 -10
689 -17
690 -17
691 -17
692 -11
693 -17
694 -12
695 -17
696 -17
697 -17
698 -10
699 -11
700 -17
701 -10
702 -17
703 -10
704 -10
705 -11
706 -17
707 -17
708 -10
709 -10
710 -11
711 -17
712 -17
713 -10
714 -17
715 -11
716 -12
717 -11
718 -17
719 -10
720 -17
721 -11
722 -17
723 -11
724 -12
725 -12
726 -17
727 -10
728 -11
729 -10
730 -11
731 -10
732 -17
733 -12
734 -17
735 -10
736 -17
737 -25
738 -12
739 -12
740 -17
741 -17
742 -11
743 -17
744 -17
745 -17
746 -11
747 -12
748 -11
749 -10
750 -17
751 -17
752 -11
753 -10
754 -10
755 -17
756 -17
757 -17
758 -12
759 -10
760 -11
761 -11
762 -17
763 -17
764 -10
765 -11
766 -10
767 -17
768 -17
769 -11
770 -17
771 -17
772 -17
773 -17
774 -17
775 -10
776 -17
777 -11
778 -21
779 -11
780 -12
781 -11
782 -17
783 -17
784 -12
785 -10
786 -12
787 -20
788 -12
789 -17
790 -12
791 -11
792 -10
793 -17
794 -12
795 -11
796 -15
797 -10
798 -17
799 -11
800 -11
801 -12
802 -17
803 -17
804 -17
805 -11
806 -17
807 -41
808 -10
809 -12
810 -12
811 -11
812 -12
813 -10
814 -17
815 -12
816 -11
817 -10
818 -10
819 -12
820 -17
821 -11
822 -17
823 -17
824 -17
825 -17
826 -10
827 -11
828 -17
829 -11
830 -10
831 -11
832 -17
833 -17
834 -17
835 -11
836 -17
837 -10
838 -11
839 -12
840 -25
841 -12
842 -11
843 -10
844 -11
845 -17
846 -17
847 -17
848 -12
849 -17
850 -17
851 -11
852 -12
853 -10
854 -17
855 -17
856 -11
857 -17
858 -12
859 -10
860 -10
861 -12
862 -10
863 -10
864 -10
865 -12
866 -17
867 -12
868 -16
869 -17
870 -10
871 -12
872 -17
873 -12
874 -31
875 -11
876 -11
877 -17
878 -17
879 -17
880 -12
881 -17
882 -17
883 -17
884 -11
885 -17
886 -29
887 -10
888 -11
889 -11
890 -17
891 -10
892 -11
893 -11
894 -10
895 -17
896 -17
897 -10
898 -17
899 -12
900 -17
901 -10
902 -12
903 -11
904 -12
905 -10
906 -12
907 -17
908 -12
909 -17
910 -12
911 -17
912 -17
913 -12
914 -11
915 -10
916 -12
917 -17
918 -17
919 -17
920 -12
921 -17
922 -10
923 -12
924 -17
925 -17
926 -10
927 -11
928 -17
929 -17
930 -21
931 -11
932 -11
933 -10
934 -12
935 -11
936 -10
937 -11
938 -21
939 -10
940 -11
941 -11
942 -11
943 -10
944 -10
945 -17
946 -11
947 -10
948 -17
949 -17
950 -11
951 -12
952 -17
953 -10
954 -12
955 -17
956 -12
957 -17
958 -17
959 -11
960 -17
961 -11
962 -17
963 -11
964 -12
965 -17
966 -17
967 -12
968 -12
969 -17
970 -11
971 -17
972 -10
973 -12
974 -11
975 -12
976 -10
977 -11
978 -11
979 -43
980 -11
981 -10
982 -10
983 -11
984 -17
985 -10
986 -10
987 -17
988 -10
989 -11
990 -17
991 -17
992 -12
993 -18
994 -17
995 -17
996 -11
997 -10
998 -17
999 -11
