0 -13
1 -11
2 -13
3 -13
4 -10
5 -11
6 -17
7 -13
8 -13
9 -13
10 -12
11 -14
12 -10
13 -11
14 -13
15 -17
16 -10
17 -11
18 -10
19 -13
20 -13
21 -11
22 -15
23 -13
24 -13
25 -12
26 -10
27 -13
28 -11
29 -13
30 -10
31 -10
32 -13
33 -11
34 -12
35 -13
36 -13
37 -13
38 -11
39 -12
40 -16
41 -13
42 -13
43 -10
44 -12
45 -11
46 -11
47 -11
48 -10
49 -11
50 -11
51 -13
52 -10
53 -11
54 -10
55 -11
56 -13
57 -13
58 -13
59 -10
60 -14
61 -11
62 -13
63 -11
64 -20
65 -12
66 -11
67 -11
68 -11
69 -12
70 -16
71 -13
72 -13
73 -10
74 -12
75 -13
76 -12
77 -11
78 -10
79 -10
80 -11
81 -13
82 -12
83 -10
84 -10
85 -10
86 -10
87 -13
88 -12
89 -10
90 -10
91 -13
92 -13
93 -10
94 -13
95 -13
96 -11
97 -11
98 -13
99 -13
100 -12
101 -15
102 -11
103 -11
104 -12
105 -10
106 -12
107 -13
108 -10
109 -12
110 -13
111 -13
112 -12
113 -10
114 -12
115 -10
116 -11
117 -12
118 -13
119 -13
120 -11
121 -13
122 -11
123 -10
124 -12
125 -10
126 -13
127 -11
128 -13
129 -13
130 -10
131 -13
132 -13
133 -10
134 -13
135 -13
136 -11
137 -13
138 -10
139 -12
140 -13
141 -13
142 -10
143 -11
144 -10
145 -12
146 -13
147 -11
148 -11
149 -13
150 -12
151 -13
152 -13
153 -10
154 -10
155 -13
156 -11
157 -13
158 -14
159 -10
160 -13
161 -12
162 -13
163 -11
164 -11
165 -11
166 -11
167 -10
168 -11
169 -11
170 -11
171 -11
172 -13
173 -13
174 -11
175 -10
176 -11
177 -12
178 -13
179 -12
180 -11
181 -11
182 -13
183 -13
184 -12
185 -11
186 -10
187 -11
188 -13
189 -13
190 -13
191 -13
192 -12
193 -11
194 -10
195 -11
196 -13
197 -11
198 -10
199 -10
200 -11
201 -11
202 -13
203 -11
204 -12
205 -13
206 -10
207 -12
208 -13
209 -10
210 -13
211 -17
212 -12
213 -13
214 -13
215 -11
216 -11
217 -12
218 -12
219 -15
220 -13
221 -12
222 -11
223 -11
224 -11
225 -11
226 -10
227 -13
228 -10
229 -11
230 -11
231 -12
232 -12
233 -13
234 -11
235 -11
236 -13
237 -12
238 -16
239 -18
240 -13
241 -12
242 -13
243 -13
244 -13
245 -11
246 -10
247 -12
248 -10
249 -11
250 -11
251 -11
252 -10
253 -13
254 -12
255 -10
256 -13
257 -12
258 -13
259 -13
260 -13
261 -13
262 -12
263 -13
264 -13
265 -13
266 -11
267 -10
268 -13
269 -11
270 -10
271 -12
272 -10
273 -10
274 -13
275 -12
276 -12
277 -13
278 -10
279 -13
280 -12
281 -10
282 -13
283 -13
284 -13
285 -12
286 -12
287 -12
288 -11
289 -10
290 -12
291 -10
292 -10
293 -13
294 -11
295 -10
296 -13
297 -10
298 -10
299 -10
300 -10
301 -13
302 -13
303 -14
304 -73
305 -19
306 -13
307 -13
308 -10
309 -12
310 -13
311 -10
312 -13
313 -13
314 -11
315 -13
316 -11
317 -13
318 -13
319 -13
320 -10
321 -11
322 -11
323 -10
324 -13
325 -12
326 -11
327 -13
328 -10
329 -11
330 -12
331 -10
332 -11
333 -13
334 -12
335 -11
336 -13
337 -13
338 -10
339 -12
340 -12
341 -13
342 -11
343 -13
344 -13
345 -10
346 -13
347 -12
348 -12
349 -13
350 -12
351 -13
352 -13
353 -13
354 -13
355 -13
356 -13
357 -12
358 -12
359 -13
360 -14
361 -10
362 -11
363 -12
364 -11
365 -19
366 -13
367 -12
368 -13
369 -10
370 -12
371 -10
372 -10
373 -13
374 -11
375 -11
376 -11
377 -13
378 -13
379 -13
380 -11
381 -10
382 -16
383 -13
384 -12
385 -13
386 -12
387 -13
388 -13
389 -10
390 -13
391 -13
392 -10
393 -10
394 -13
395 -11
396 -13
397 -10
398 -10
399 -11
400 -12
401 -10
402 -11
403 -13
404 -12
405 -11
406 -12
407 -13
408 -11
409 -11
410 -13
411 -13
412 -12
413 -13
414 -11
415 -13
416 -13
417 -13
418 -12
419 -12
420 -12
421 -13
422 -11
423 -13
424 -13
425 -12
426 -10
427 -14
428 -10
429 -13
430 -12
431 -11
432 -13
433 -13
434 -13
435 -12
436 -11
437 -10
438 -11
439 -12
440 -13
441 -13
442 -13
443 -10
444 -10
445 -13
446 -11
447 -10
448 -11
449 -10
450 -13
451 -13
452 -12
453 -10
454 -11
455 -13
456 -13
457 -12
458 -10
459 -13
460 -12
461 -15
462 -13
463 -13
464 -12
465 -13
466 -13
467 -11
468 -10
469 -11
470 -10
471 -11
472 -10
473 -11
474 -10
475 -11
476 -12
477 -11
478 -10
479 -12
480 -10
481 -13
482 -10
483 -11
484 -13
485 -12
486 -10
487 -10
488 -12
489 -9
490 -10
491 -11
492 -12
493 -11
494 -13
495 -10
496 -13
497 -13
498 -11
499 -11
500 -13
501 -13
502 -13
503 -13
504 -10
505 -17
506 -11
507 -12
508 -12
509 -11
510 -13
511 -13
512 -13
513 -13
514 -12
515 -12
516 -10
517 -13
518 -13
519 -11
520 -13
521 -13
522 -13
523 -11
524 -13
525 -11
526 -10
527 -11
528 -12
529 -10
530 -10
531 -13
532 -10
533 -13
534 -10
535 -13
536 -12
537 -13
538 -12
539 -10
540 -13
541 -12
542 -13
543 -12
544 -12
545 -11
546 -12
547 -16
548 -10
549 -11
550 -13
551 -12
552 -11
553 -10
554 -16
555 -13
556 -14
557 -12
558 -10
559 -11
560 -10
561 -13
562 -13
563 -13
564 -12
565 -10
566 -13
567 -10
568 -11
569 -13
570 -10
571 -12
572 -13
573 -13
574 -10
575 -10
576 -10
577 -13
578 -13
579 -11
580 -11
581 -13
582 -12
583 -13
584 -12
585 -13
586 -11
587 -13
588 -10
589 -13
590 -10
591 -11
592 -11
593 -13
594 -10
595 -13
596 -13
597 -12
598 -13
599 -13
600 -13
601 -13
602 -10
603 -13
604 -13
605 -13
606 -13
607 -11
608 -10
609 -11
610 -11
611 -11
612 -13
613 -13
614 -13
615 -13
616 -13
617 -13
618 -13
619 -12
620 -10
621 -11
622 -13
623 -12
624 -13
625 -16
626 -13
627 -17
628 -13
629 -12
630 -12
631 -13
632 -11
633 -15
634 -13
635 -12
636 -11
637 -16
638 -11
639 -12
640 -11
641 -11
642 -10
643 -19
644 -12
645 -12
646 -10
647 -12
648 -18
649 -11
650 -13
651 -11
652 -12
653 -10
654 -12
655 -13
656 -10
657 -13
658 -10
659 -13
660 -10
661 -12
662 -13
663 -13
664 -10
665 -13
666 -15
667 -11
668 -11
669 -17
670 -11
671 -12
672 -10
673 -11
674 -13
675 -11
676 -11
677 -13
678 -12
679 -13
680 -11
681 -13
682 -13
683 -18
684 -13
685 -10
686 -10
687 -11
688 -13
689 -13
690 -13
691 -13
692 -23
693 -11
694 -13
695 -13
696 -13
697 -14
698 -12
699 -13
700 -10
701 -13
702 -11
703 -23
704 -10
705 -13
706 -12
707 -10
708 -12
709 -13
710 -11
711 -13
712 -11
713 -13
714 -13
715 -10
716 -12
717 -11
718 -10
719 -13
720 -11
721 -12
722 -12
723 -13
724 -11
725 -12
726 -10
727 -10
728 -10
729 -10
730 -10
731 -11
732 -13
733 -12
734 -10
735 -13
736 -13
737 -15
738 -11
739 -11
740 -12
741 -13
742 -10
743 -11
744 -12
745 -13
746 -11
747 -13
748 -42
749 -11
750 -13
751 -11
752 -11
753 -9
754 -12
755 -13
756 -10
757 -13
758 -12
759 -13
760 -11
761 -13
762 -13
763 -11
764 -13
765 -13
766 -12
767 -11
768 -12
769 -11
770 -13
771 -12
772 -13
773 -11
774 -10
775 -12
776 -10
777 -11
778 -10
779 -12
780 -23
781 -13
782 -12
783 -12
784 -13
785 -13
786 -11
787 -13
788 -10
789 -15
790 -10
791 -15
792 -12
793 -13
794 -10
795 -14
796 -10
797 -13
798 -10
799 -10
800 -13
801 -13
802 -12
803 -12
804 -11
805 -11
806 -10
807 -10
808 -10
809 -13
810 -12
811 -10
812 -13
813 -12
814 -12
815 -12
816 -10
817 -11
818 -13
819 -10
820 -11
821 -12
822 -12
823 -13
824 -13
825 -12
826 -13
827 -10
828 -12
829 -17
830 -11
831 -11
832 -13
833 -10
834 -13
835 -13
836 -10
837 -12
838 -13
839 -12
840 -13
841 -13
842 -11
843 -10
844 -12
845 -16
846 -12
847 -12
848 -12
849 -12
850 -10
851 -12
852 -11
853 -10
854 -10
855 -12
856 -13
857 -11
858 -13
859 -13
860 -11
861 -13
862 -11
863 -10
864 -10
865 -11
866 -11
867 -10
868 -13
869 -13
870 -10
871 -11
872 -13
873 -13
874 -13
875 -12
876 -13
877 -13
878 -11
879 -12
880 -13
881 -13
882 -11
883 -12
884 -16
885 -12
886 -10
887 -13
888 -13
889 -10
890 -13
891 -11
892 -10
893 -12
894 -10
895 -11
896 -10
897 -13
898 -10
899 -10
900 -13
901 -12
902 -13
903 -13
904 -13
905 -13
906 -10
907 -13
908 -10
909 -12
910 -13
911 -12
912 -11
913 -10
914 -12
915 -12
916 -13
917 -10
918 -12
919 -10
920 -11
921 -13
922 -11
923 -13
924 -12
925 -12
926 -13
927 -10
928 -10
929 -13
930 -12
931 -12
932 -10
933 -13
934 -13
935 -10
936 -11
937 -15
938 -13
939 -13
940 -12
941 -11
942 -12
943 -11
944 -13
945 -13
946 -10
947 -10
948 -13
949 -10
950 -11
951 -13
952 -13
953 -13
954 -13
955 -13
956 -13
957 -14
958 -12
959 -13
960 -13
961 -13
962 -13
963 -13
964 -12
965 -11
966 -11
967 -12
968 -12
969 -17
970 -11
971 -11
972 -13
973 -13
974 -13
975 -11
976 -11
977 -10
978 -11
979 -12
980 -13
981 -11
982 -13
983 -10
984 -11
985 -13
986 -10
987 -13
988 -13
989 -12
990 -11
991 -14
992 -12
993 -13
994 -11
995 -13
996 -10
997 -13
998 -13
999 -13
