0 -12
1 -13
2 -12
3 -13
4 -13
5 -12
6 -10
7 -10
8 -13
9 -13
10 -11
11 -12
12 -14
13 -13
14 -11
15 -13
16 -12
17 -12
18 -10
19 -17
20 -11
21 -11
22 -12
23 -13
24 -12
25 -12
26 -13
27 -13
28 -10
29 -10
30 -13
31 -13
32 -13
33 -13
34 -17
35 -10
36 -10
37 -12
38 -11
39 -12
40 -17
41 -13
42 -13
43 -13
44 -11
45 -13
46 -12
47 -13
48 -11
49 -13
50 -13
51 -10
52 -13
53 -12
54 -13
55 -13
56 -11
57 -13
58 -13
59 -10
60 -10
61 -12
62 -11
63 -13
64 -10
65 -13
66 -12
67 -53
68 -10
69 -13
70 -13
71 -12
72 -13
73 -11
74 -13
75 -12
76 -11
77 -11
78 -13
79 -12
80 -13
81 -11
82 -13
83 -10
84 -13
85 -10
86 -13
87 -11
88 -10
89 -13
90 -16
91 -12
92 -11
93 -10
94 -12
95 -13
96 -11
97 -12
98 -13
99 -13
100 -11
101 -10
102 -13
103 -12
104 -12
105 -10
106 -13
107 -13
108 -10
109 -12
110 -11
111 -11
112 -11
113 -11
114 -10
115 -13
116 -13
117 -17
118 -13
119 -12
120 -12
121 -16
122 -11
123 -12
124 -13
125 -11
126 -13
127 -11
128 -12
129 -13
130 -10
131 -13
132 -16
133 -11
134 -12
135 -12
136 -13
137 -13
138 -13
139 -13
140 -12
141 -13
142 -12
143 -13
144 -13
145 -13
146 -13
147 -13
148 -11
149 -13
150 -11
151 -12
152 -11
153 -13
154 -13
155 -12
156 -10
157 -13
158 -11
159 -13
160 -14
161 -11
162 -12
163 -10
164 -13
165 -11
166 -13
167 -11
168 -11
169 -10
170 -13
171 -13
172 -13
173 -12
174 -12
175 -13
176 -12
177 -13
178 -12
179 -17
180 -10
181 -11
182 -13
183 -13
184 -13
185 -12
186 -10
187 -13
188 -12
189 -13
190 -13
191 -11
192 -11
193 -12
194 -13
195 -13
196 -12
197 -12
198 -13
199 -12
200 -12
201 -10
202 -10
203 -11
204 -13
205 -11
206 -12
207 -13
208 -12
209 -12
210 -10
211 -10
212 -11
213 -13
214 -10
215 -10
216 -12
217 -13
218 -12
219 -10
220 -11
221 -13
222 -10
223 -11
224 -11
225 -13
226 -13
227 -13
228 -13
229 -13
230 -11
231 -11
232 -10
233 -10
234 -13
235 -13
236 -13
237 -13
238 -12
239 -13
240 -12
241 -11
242 -12
243 -10
244 -11
245 -11
246 -13
247 -13
248 -13
249 -11
250 -13
251 -10
252 -13
253 -13
254 -13
255 -10
256 -11
257 -13
258 -10
259 -12
260 -10
261 -10
262 -13
263 -11
264 -10
265 -11
266 -13
267 -12
268 -12
269 -10
270 -11
271 -11
272 -11
273 -13
274 -13
275 -12
276 -13
277 -13
278 -13
279 -12
280 -11
281 -11
282 -13
283 -13
284 -13
285 -13
286 -11
287 -12
288 -12
289 -14
290 -12
291 -12
292 -10
293 -12
294 -11
295 -11
296 -13
297 -11
298 -10
299 -17
300 -12
301 -11
302 -13
303 -11
304 -13
305 -12
306 -17
307 -11
308 -13
309 -10
310 -10
311 -10
312 -13
313 -11
314 -12
315 -10
316 -12
317 -11
318 -13
319 -13
320 -12
321 -13
322 -13
323 -13
324 -17
325 -10
326 -12
327 -13
328 -12
329 -13
330 -10
331 -13
332 -10
333 -13
334 -13
335 -13
336 -11
337 -10
338 -11
339 -11
340 -12
341 -13
342 -10
343 -13
344 -13
345 -13
346 -13
347 -13
348 -13
349 -11
350 -13
351 -13
352 -11
353 -13
354 -12
355 -12
356 -13
357 -13
358 -11
359 -10
360 -10
361 -11
362 -13
363 -13
364 -13
365 -10
366 -13
367 -11
368 -12
369 -10
370 -10
371 -11
372 -13
373 -11
374 -11
375 -13
376 -10
377 -13
378 -12
379 -10
380 -16
381 -13
382 -11
383 -13
384 -13
385 -13
386 -17
387 -12
388 -9
389 -11
390 -13
391 -13
392 -11
393 -12
394 -13
395 -12
396 -13
397 -12
398 -10
399 -13
400 -10
401 -13
402 -12
403 -13
404 -12
405 -11
406 -10
407 -13
408 -10
409 -10
410 -13
411 -13
412 -12
413 -12
414 -13
415 -11
416 -13
417 -11
418 -10
419 -10
420 -15
421 -10
422 -10
423 -13
424 -14
425 -10
426 -11
427 -12
428 -13
429 -13
430 -10
431 -11
432 -11
433 -12
434 -11
435 -11
436 -10
437 -11
438 -13
439 -10
440 -13
441 -12
442 -13
443 -13
444 -11
445 -11
446 -10
447 -13
448 -13
449 -13
450 -13
451 -10
452 -10
453 -13
454 -11
455 -13
456 -10
457 -10
458 -12
459 -11
460 -12
461 -11
462 -10
463 -15
464 -13
465 -11
466 -13
467 -13
468 -13
469 -13
470 -12
471 -13
472 -10
473 -13
474 -10
475 -11
476 -13
477 -12
478 -13
479 -10
480 -11
481 -10
482 -11
483 -12
484 -10
485 -10
486 -11
487 -12
488 -10
489 -12
490 -13
491 -10
492 -10
493 -11
494 -13
495 -10
496 -12
497 -11
498 -11
499 -14
500 -10
501 -13
502 -12
503 -13
504 -11
505 -12
506 -13
507 -11
508 -12
509 -13
510 -12
511 -10
512 -12
513 -11
514 -12
515 -12
516 -13
517 -12
518 -12
519 -12
520 -10
521 -11
522 -13
523 -13
524 -11
525 -12
526 -13
527 -11
528 -13
529 -11
530 -12
531 -12
532 -10
533 -11
534 -12
535 -13
536 -11
537 -11
538 -11
539 -12
540 -12
541 -12
542 -13
543 -11
544 -13
545 -16
546 -10
547 -13
548 -13
549 -11
550 -13
551 -13
552 -11
553 -13
554 -11
555 -12
556 -13
557 -10
558 -12
559 -10
560 -13
561 -11
562 -13
563 -11
564 -11
565 -11
566 -12
567 -12
568 -13
569 -13
570 -13
571 -13
572 -10
573 -11
574 -12
575 -11
576 -11
577 -13
578 -13
579 -10
580 -13
581 -10
582 -11
583 -10
584 -13
585 -13
586 -13
587 -12
588 -11
589 -13
590 -11
591 -12
592 -13
593 -10
594 -13
595 -12
596 -12
597 -13
598 -10
599 -12
600 -12
601 -10
602 -12
603 -12
604 -13
605 -10
606 -13
607 -13
608 -13
609 -13
610 -11
611 -11
612 -12
613 -13
614 -13
615 -12
616 -12
617 -12
618 -11
619 -12
620 -13
621 -13
622 -11
623 -10
624 -12
625 -13
626 -11
627 -11
628 -12
629 -10
630 -10
631 -13
632 -12
633 -11
634 -13
635 -10
636 -11
637 -13
638 -11
639 -12
640 -10
641 -12
642 -13
643 -12
644 -13
645 -12
646 -11
647 -10
648 -13
649 -12
650 -10
651 -11
652 -10
653 -10
654 -12
655 -13
656 -10
657 -13
658 -13
659 -10
660 -13
661 -11
662 -13
663 -10
664 -13
665 -13
666 -13
667 -12
668 -13
669 -13
670 -13
671 -13
672 -12
673 -10
674 -14
675 -13
676 -10
677 -13
678 -10
679 -10
680 -13
681 -11
682 -13
683 -13
684 -12
685 -11
686 -13
687 -13
688 -13
689 -11
690 -13
691 -13
692 -13
693 -12
694 -13
695 -13
696 -12
697 -12
698 -10
699 -13
700 -12
701 -12
702 -13
703 -10
704 -13
705 -11
706 -13
707 -12
708 -11
709 -12
710 -10
711 -12
712 -11
713 -12
714 -12
715 -13
716 -11
717 -12
718 -11
719 -10
720 -12
721 -11
722 -113
723 -13
724 -12
725 -13
726 -12
727 -12
728 -11
729 -13
730 -10
731 -10
732 -12
733 -10
734 -13
735 -13
736 -12
737 -13
738 -12
739 -11
740 -10
741 -10
742 -13
743 -11
744 -13
745 -11
746 -13
747 -13
748 -12
749 -13
750 -12
751 -13
752 -13
753 -13
754 -10
755 -11
756 -12
757 -16
758 -12
759 -10
760 -13
761 -11
762 -11
763 -13
764 -13
765 -12
766 -11
767 -13
768 -11
769 -13
770 -12
771 -12
772 -12
773 -10
774 -12
775 -11
776 -12
777 -13
778 -13
779 -13
780 -11
781 -13
782 -12
783 -16
784 -13
785 -13
786 -12
787 -13
788 -10
789 -11
790 -12
791 -13
792 -11
793 -13
794 -13
795 -11
796 -13
797 -11
798 -11
799 -11
800 -11
801 -13
802 -13
803 -13
804 -10
805 -13
806 -11
807 -10
808 -13
809 -13
810 -13
811 -13
812 -13
813 -13
814 -13
815 -12
816 -12
817 -13
818 -10
819 -14
820 -13
821 -12
822 -12
823 -11
824 -12
825 -13
826 -15
827 -10
828 -11
829 -10
830 -10
831 -10
832 -13
833 -12
834 -13
835 -10
836 -12
837 -12
838 -18
839 -10
840 -13
841 -10
842 -10
843 -13
844 -10
845 -11
846 -11
847 -13
848 -10
849 -10
850 -13
851 -10
852 -11
853 -13
854 -11
855 -11
856 -10
857 -10
858 -14
859 -10
860 -11
861 -13
862 -12
863 -13
864 -13
865 -11
866 -10
867 -10
868 -12
869 -12
870 -13
871 -13
872 -10
873 -13
874 -13
875 -12
876 -11
877 -11
878 -10
879 -11
880 -10
881 -17
882 -13
883 -12
884 -13
885 -12
886 -12
887 -13
888 -10
889 -13
890 -12
891 -13
892 -10
893 -12
894 -13
895 -10
896 -13
897 -12
898 -10
899 -12
900 -13
901 -13
902 -13
903 -13
904 -11
905 -11
906 -11
907 -13
908 -13
909 -13
910 -10
911 -12
912 -11
913 -10
914 -13
915 -10
916 -13
917 -12
918 -13
919 -11
920 -13
921 -13
922 -13
923 -13
924 -13
925 -12
926 -17
927 -10
928 -12
929 -12
930 -11
931 -11
932 -13
933 -10
934 -12
935 -10
936 -13
937 -13
938 -11
939 -17
940 -10
941 -10
942 -12
943 -12
944 -13
945 -13
946 -11
947 -13
948 -13
949 -10
950 -10
951 -11
952 -13
953 -10
954 -13
955 -13
956 -13
957 -10
958 -11
959 -12
960 -10
961 -11
962 -13
963 -12
964 -13
965 -10
966 -13
967 -11
968 -10
969 -13
970 -11
971 -13
972 -13
973 -13
974 -11
975 -13
976 -11
977 -13
978 -13
979 -10
980 -12
981 -13
982 -10
983 -12
984 -12
985 -11
986 -13
987 -13
988 -10
989 -11
990 -11
991 -13
992 -15
993 -11
994 -11
995 -11
996 -13
997 -12
998 -12
999 -10
