0 -12
1 -17
2 -17
3 -17
4 -12
5 -17
6 -11
7 -12
8 -12
9 -12
10 -17
11 -17
12 -17
13 -12
14 -10
15 -17
16 -11
17 -12
18 -17
19 -12
20 -11
21 -17
22 -10
23 -11
24 -17
25 -12
26 -10
27 -12
28 -10
29 -10
30 -17
31 -17
32 -10
33 -11
34 -12
35 -17
36 -11
37 -12
38 -11
39 -10
40 -17
41 -12
42 -26
43 -11
44 -10
45 -17
46 -11
47 -10
48 -17
49 -17
50 -17
51 -17
52 -13
53 -17
54 -11
55 -17
56 -10
57 -12
58 -10
59 -20
60 -17
61 -10
62 -11
63 -10
64 -17
65 -11
66 -10
67 -11
68 -12
69 -17
70 -12
71 -17
72 -12
73 -11
74 -10
75 -17
76 -17
77 -17
78 -17
79 -10
80 -11
81 -11
82 -17
83 -11
84 -17
85 -10
86 -12
87 -12
88 -10
89 -12
90 -10
91 -12
92 -12
93 -10
94 -17
95 -12
96 -11
97 -10
98 -12
99 -10
100 -12
101 -12
102 -17
103 -17
104 -12
105 -11
106 -12
107 -12
108 -11
109 -10
110 -17
111 -72
112 -17
113 -11
114 -17
115 -11
116 -12
117 -17
118 -17
119 -17
120 -11
121 -17
122 -12
123 -16
124 -11
125 -12
126 -17
127 -11
128 -11
129 -10
130 -17
131 -12
132 -32
133 -10
134 -10
135 -17
136 -12
137 -17
138 -17
139 -10
140 -17
141 -17
142 -17
143 -11
144 -11
145 -17
146 -17
147 -17
148 -12
149 -17
150 -17
151 -11
152 -17
153 -11
154 -11
155 -17
156 -10
157 -10
158 -12
159 -10
160 -10
161 -17
162 -17
163 -11
164 -24
165 -12
166 -17
167 -11
168 -15
169 -17
170 -17
171 -17
172 -11
173 -10
174 -12
175 -12
176 -17
177 -10
178 -11
179 -11
180 -17
181 -12
182 -11
183 -17
184 -17
185 -10
186 -10
187 -17
188 -47
189 -12
190 -10
191 -10
192 -10
193 -10
194 -17
195 -92
196 -12
197 -12
198 -17
199 -53
200 -11
201 -17
202 -17
203 -17
204 -12
205 -10
206 -11
207 -10
208 -11
209 -11
210 -17
211 -12
212 -11
213 -46
214 -12
215 -12
216 -10
217 -10
218 -17
219 -17
220 -17
221 -18
222 -12
223 -10
224 -12
225 -17
226 -12
227 -10
228 -17
229 -12
230 -10
231 -12
232 -12
233 -11
234 -10
235 -17
236 -12
237 -12
238 -17
239 -17
240 -12
241 -11
242 -12
243 -17
244 -11
245 -17
246 -17
247 -12
248 -17
249 -10
250 -12
251 -11
252 -10
253 -17
254 -29
255 -17
256 -17
257 -10
258 -10
259 -17
260 -10
261 -11
262 -17
263 -12
264 -12
265 -17
266 -11
267 -17
268 -12
269 -17
270 -17
271 -12
272 -17
273 -17
274 -11
275 -10
276 -17
277 -17
278 -11
279 -17
280 -17
281 -17
282 -17
283 -12
284 -26
285 -17
286 -10
287 -12
288 -11
289 -17
290 -12
291 -12
292 -49
293 -12
294 -11
295 -11
296 -11
297 -23
298 -17
299 -17
300 -11
301 -17
302 -10
303 -17
304 -12
305 -17
306 -17
307 -12
308 -10
309 -17
310 -11
311 -17
312 -12
313 -17
314 -12
315 -12
316 -10
317 -17
318 -12
319 -11
320 -17
321 -17
322 -12
323 -11
324 -11
325 -17
326 -10
327 -17
328 -11
329 -12
330 -17
331 -12
332 -17
333 -41
334 -17
335 -11
336 -17
337 -12
338 -10
339 -11
340 -17
341 -10
342 -11
343 -10
344 -10
345 -10
346 -17
347 -17
348 -12
349 -12
350 -24
351 -17
352 -10
353 -17
354 -17
355 -17
356 -12
357 -14
358 -17
359 -11
360 -11
361 -17
362 -17
363 -10
364 -10
365 -12
366 -12
367 -17
368 -17
369 -12
370 -17
371 -46
372 -10
373 -10
374 -11
375 -10
376 -12
377 -10
378 -11
379 -17
380 -17
381 -11
382 -11
383 -11
384 -17
385 -17
386 -11
387 -12
388 -12
389 -17
390 -17
391 -17
392 -17
393 -10
394 -17
395 -10
396 -17
397 -10
398 -17
399 -17
400 -11
401 -17
402 -11
403 -12
404 -10
405 -17
406 -17
407 -17
408 -10
409 -11
410 -17
411 -11
412 -11
413 -10
414 -12
415 -17
416 -12
417 -17
418 -10
419 -12
420 -17
421 -11
422 -12
423 -11
424 -11
425 -26
426 -17
427 -10
428 -17
429 -17
430 -10
431 -72
432 -10
433 -12
434 -17
435 -11
436 -17
437 -11
438 -10
439 -11
440 -11
441 -11
442 -17
443 -11
444 -11
445 -39
446 -11
447 -11
448 -17
449 -12
450 -12
451 -18
452 -11
453 -17
454 -17
455 -17
456 -12
457 -12
458 -12
459 -11
460 -17
461 -11
462 -11
463 -18
464 -24
465 -72
466 -12
467 -17
468 -10
469 -10
470 -12
471 -17
472 -10
473 -12
474 -17
475 -12
476 -17
477 -17
478 -21
479 -10
480 -17
481 -17
482 -11
483 -10
484 -17
485 -17
486 -17
487 -11
488 -17
489 -10
490 -17
491 -11
492 -17
493 -17
494 -12
495 -17
496 -10
497 -12
498 -17
499 -17
500 -10
501 -10
502 -11
503 -17
504 -12
505 -17
506 -17
507 -17
508 -10
509 -17
510 -12
511 -10
512 -12
513 -20
514 -11
515 -12
516 -11
517 -11
518 -17
519 -12
520 -12
521 -17
522 -17
523 -17
524 -11
525 -17
526 -10
527 -11
528 -11
529 -10
530 -17
531 -11
532 -17
533 -17
534 -12
535 -12
536 -17
537 -17
538 -11
539 -12
540 -12
541 -17
542 -17
543 -14
544 -12
545 -17
546 -17
547 -17
548 -10
549 -16
550 -10
551 -17
552 -11
553 -11
554 -12
555 -17
556 -10
557 -11
558 -11
559 -17
560 -17
561 -17
562 -17
563 -11
564 -12
565 -12
566 -10
567 -12
568 -17
569 -11
570 -15
571 -16
572 -17
573 -11
574 -17
575 -11
576 -17
577 -11
578 -17
579 -11
580 -17
581 -11
582 -17
583 -12
584 -12
585 -11
586 -10
587 -10
588 -11
589 -41
590 -17
591 -10
592 -17
593 -10
594 -11
595 -11
596 -12
597 -11
598 -17
599 -18
600 -12
601 -13
602 -17
603 -10
604 -17
605 -16
606 -11
607 -17
608 -17
609 -10
610 -11
611 -17
612 -17
613 -12
614 -17
615 -17
616 -20
617 -17
618 -12
619 -17
620 -12
621 -12
622 -17
623 -28
624 -17
625 -17
626 -17
627 -11
628 -17
629 -17
630 -12
631 -17
632 -11
633 -17
634 -11
635 -11
636 -11
637 -17
638 -10
639 -17
640 -12
641 -98
642 -17
643 -22
644 -11
645 -12
646 -12
647 -10
648 -17
649 -10
650 -10
651 -11
652 -11
653 -17
654 -17
655 -17
656 -17
657 -10
658 -17
659 -17
660 -10
661 -11
662 -17
663 -12
664 -12
665 -12
666 -17
667 -17
668 -17
669 -12
670 -17
671 -12
672 -17
673 -10
674 -11
675 -10
676 -12
677 -17
678 -17
679 -11
680 -12
681 -10
682 -11
683 -12
684 -11
685 -17
686 -12
687 -17
688 -17
689 -10
690 -17
691 -17
692 -11
693 -17
694 -11
695 -17
696 -12
697 -10
698 -11
699 -24
700 -17
701 -27
702 -11
703 -17
704 -12
705 -17
706 -11
707 -12
708 -17
709 -17
710 -17
711 -12
712 -17
713 -17
714 -12
715 -11
716 -10
717 -17
718 -17
719 -17
720 -17
721 -17
722 -17
723 -12
724 -10
725 -48
726 -17
727 -11
728 -17
729 -17
730 -11
731 -17
732 -17
733 -11
734 -11
735 -11
736 -17
737 -10
738 -17
739 -10
740 -17
741 -11
742 -17
743 -11
744 -11
745 -11
746 -17
747 -17
748 -11
749 -10
750 -11
751 -12
752 -17
753 -10
754 -11
755 -17
756 -12
757 -34
758 -17
759 -13
760 -10
761 -17
762 -10
763 -11
764 -10
765 -12
766 -17
767 -11
768 -17
769 -11
770 -11
771 -12
772 -17
773 -68
774 -17
775 -11
776 -10
777 -17
778 -17
779 -10
780 -17
781 -10
782 -10
783 -17
784 -17
785 -14
786 -17
787 -18
788 -17
789 -11
790 -18
791 -17
792 -10
793 -17
794 -17
795 -11
796 -12
797 -17
798 -17
799 -17
800 -11
801 -22
802 -10
803 -12
804 -12
805 -10
806 -10
807 -10
808 -11
809 -10
810 -12
811 -11
812 -12
813 -12
814 -17
815 -17
816 -17
817 -11
818 -17
819 -10
820 -10
821 -10
822 -10
823 -12
824 -10
825 -12
826 -12
827 -11
828 -10
829 -17
830 -17
831 -11
832 -11
833 -11
834 -24
835 -17
836 -17
837 -10
838 -17
839 -12
840 -11
841 -10
842 -17
843 -12
844 -11
845 -17
846 -10
847 -17
848 -17
849 -10
850 -13
851 -14
852 -10
853 -17
854 -10
855 -12
856 -10
857 -17
858 -17
859 -12
860 -12
861 -17
862 -10
863 -11
864 -10
865 -12
866 -11
867 -12
868 -17
869 -11
870 -17
871 -17
872 -10
873 -17
874 -17
875 -12
876 -11
877 -12
878 -12
879 -11
880 -10
881 -10
882 -11
883 -12
884 -23
885 -17
886 -17
887 -12
888 -12
889 -10
890 -11
891 -10
892 -12
893 -11
894 -16
895 -11
896 -10
897 -17
898 -17
899 -17
900 -17
901 -17
902 -17
903 -11
904 -17
905 -17
906 -11
907 -12
908 -17
909 -17
910 -12
911 -12
912 -12
913 -10
914 -12
915 -11
916 -12
917 -11
918 -17
919 -12
920 -20
921 -11
922 -10
923 -17
924 -12
925 -12
926 -17
927 -17
928 -17
929 -11
930 -11
931 -12
932 -17
933 -10
934 -11
935 -26
936 -17
937 -17
938 -11
939 -17
940 -10
941 -10
942 -11
943 -17
944 -17
945 -17
946 -17
947 -17
948 -17
949 -17
950 -11
951 -17
952 -12
953 -47
954 -12
955 -12
956 -17
957 -17
958 -12
959 -10
960 -17
961 -17
962 -10
963 -12
964 -10
965 -12
966 -17
967 -11
968 -11
969 -12
970 -10
971 -11
972 -11
973 -17
974 -10
975 -17
976 -10
977 -17
978 -17
979 -11
980 -17
981 -14
982 -20
983 -17
984 -46
985 -12
986 -17
987 -17
988 -11
989 -17
990 -10
991 -17
992 -12
993 -11
994 -17
995 -17
996 -11
997 -11
998 -17
999 -17
