0 -12
1 -13
2 -12
3 -13
4 -12
5 -11
6 -13
7 -13
8 -12
9 -19
10 -12
11 -12
12 -13
13 -12
14 -13
15 -13
16 -13
17 -13
18 -11
19 -13
20 -13
21 -12
22 -11
23 -13
24 -11
25 -10
26 -13
27 -12
28 -17
29 -13
30 -10
31 -13
32 -13
33 -11
34 -11
35 -10
36 -10
37 -10
38 -12
39 -12
40 -13
41 -11
42 -12
43 -13
44 -13
45 -13
46 -11
47 -10
48 -13
49 -13
50 -11
51 -11
52 -13
53 -10
54 -13
55 -10
56 -12
57 -11
58 -13
59 -13
60 -13
61 -10
62 -12
63 -13
64 -13
65 -12
66 -12
67 -13
68 -13
69 -10
70 -11
71 -14
72 -13
73 -11
74 -13
75 -10
76 -13
77 -12
78 -11
79 -11
80 -12
81 -12
82 -13
83 -13
84 -10
85 -12
86 -10
87 -19
88 -13
89 -14
90 -13
91 -13
92 -13
93 -13
94 -13
95 -10
96 -10
97 -10
98 -13
99 -13
100 -12
101 -13
102 -13
103 -13
104 -13
105 -13
106 -16
107 -13
108 -10
109 -13
110 -13
111 -13
112 -10
113 -13
114 -13
115 -11
116 -13
117 -13
118 -13
119 -11
120 -12
121 -10
122 -11
123 -11
124 -12
125 -10
126 -17
127 -10
128 -13
129 -13
130 -13
131 -10
132 -13
133 -11
134 -13
135 -16
136 -10
137 -13
138 -13
139 -12
140 -13
141 -10
142 -12
143 -12
144 -12
145 -13
146 -10
147 -10
148 -13
149 -10
150 -13
151 -13
152 -11
153 -11
154 -10
155 -11
156 -12
157 -10
158 -12
159 -12
160 -17
161 -11
162 -13
163 -10
164 -13
165 -11
166 -10
167 -12
168 -13
169 -13
170 -10
171 -26
172 -11
173 -13
174 -13
175 -10
176 -13
177 -11
178 -13
179 -17
180 -13
181 -18
182 -10
183 -12
184 -13
185 -13
186 -10
187 -10
188 -13
189 -13
190 -12
191 -10
192 -10
193 -13
194 -10
195 -12
196 -13
197 -11
198 -11
199 -10
200 -11
201 -13
202 -12
203 -13
204 -11
205 -13
206 -13
207 -12
208 -13
209 -11
210 -12
211 -13
212 -13
213 -12
214 -12
215 -11
216 -11
217 -12
218 -12
219 -12
220 -13
221 -13
222 -12
223 -13
224 -10
225 -13
226 -11
227 -12
228 -13
229 -10
230 -9
231 -13
232 -13
233 -10
234 -13
235 -12
236 -13
237 -10
238 -13
239 -12
240 -13
241 -10
242 -13
243 -13
244 -12
245 -17
246 -12
247 -13
248 -10
249 -12
250 -11
251 -12
252 -12
253 -12
254 -10
255 -13
256 -10
257 -14
258 -13
259 -12
260 -13
261 -13
262 -10
263 -12
264 -10
265 -10
266 -10
267 -11
268 -13
269 -13
270 -13
271 -11
272 -13
273 -13
274 -11
275 -11
276 -12
277 -13
278 -13
279 -15
280 -11
281 -13
282 -13
283 -11
284 -13
285 -19
286 -10
287 -10
288 -12
289 -11
290 -11
291 -13
292 -10
293 -11
294 -13
295 -10
296 -12
297 -13
298 -13
299 -11
300 -12
301 -12
302 -11
303 -10
304 -13
305 -13
306 -13
307 -13
308 -11
309 -12
310 -13
311 -10
312 -16
313 -13
314 -13
315 -13
316 -10
317 -13
318 -13
319 -10
320 -12
321 -11
322 -10
323 -10
324 -13
325 -11
326 -11
327 -12
328 -12
329 -13
330 -13
331 -13
332 -12
333 -13
334 -13
335 -12
336 -10
337 -13
338 -13
339 -12
340 -11
341 -13
342 -13
343 -13
344 -12
345 -13
346 -11
347 -10
348 -10
349 -13
350 -12
351 -11
352 -13
353 -12
354 -11
355 -13
356 -12
357 -13
358 -12
359 -13
360 -13
361 -10
362 -10
363 -10
364 -13
365 -11
366 -13
367 -13
368 -12
369 -12
370 -11
371 -11
372 -11
373 -13
374 -12
375 -11
376 -10
377 -12
378 -12
379 -13
380 -10
381 -11
382 -10
383 -12
384 -13
385 -12
386 -13
387 -11
388 -13
389 -13
390 -13
391 -12
392 -10
393 -13
394 -12
395 -12
396 -13
397 -10
398 -11
399 -12
400 -11
401 -13
402 -10
403 -13
404 -12
405 -15
406 -13
407 -16
408 -10
409 -13
410 -13
411 -11
412 -11
413 -13
414 -10
415 -11
416 -11
417 -12
418 -11
419 -12
420 -11
421 -13
422 -12
423 -13
424 -10
425 -13
426 -13
427 -10
428 -15
429 -10
430 -17
431 -13
432 -10
433 -19
434 -12
435 -12
436 -13
437 -11
438 -10
439 -13
440 -12
441 -10
442 -12
443 -11
444 -11
445 -17
446 -13
447 -13
448 -11
449 -12
450 -11
451 -12
452 -11
453 -11
454 -10
455 -12
456 -10
457 -13
458 -12
459 -13
460 -12
461 -11
462 -10
463 -12
464 -10
465 -13
466 -10
467 -13
468 -12
469 -10
470 -13
471 -13
472 -12
473 -13
474 -14
475 -13
476 -10
477 -11
478 -13
479 -11
480 -12
481 -13
482 -12
483 -10
484 -11
485 -10
486 -12
487 -12
488 -13
489 -13
490 -10
491 -13
492 -12
493 -11
494 -12
495 -11
496 -13
497 -12
498 -12
499 -10
500 -11
501 -11
502 -13
503 -12
504 -12
505 -10
506 -12
507 -12
508 -12
509 -67
510 -15
511 -12
512 -12
513 -10
514 -13
515 -13
516 -11
517 -12
518 -10
519 -13
520 -13
521 -12
522 -10
523 -13
524 -13
525 -13
526 -10
527 -13
528 -9
529 -10
530 -13
531 -13
532 -13
533 -10
534 -12
535 -17
536 -15
537 -11
538 -13
539 -12
540 -10
541 -13
542 -11
543 -13
544 -11
545 -13
546 -13
547 -13
548 -12
549 -10
550 -12
551 -10
552 -12
553 -12
554 -13
555 -13
556 -11
557 -11
558 -11
559 -10
560 -11
561 -10
562 -10
563 -11
564 -13
565 -13
566 -13
567 -12
568 -10
569 -12
570 -11
571 -13
572 -16
573 -13
574 -13
575 -12
576 -13
577 -13
578 -15
579 -13
580 -13
581 -13
582 -13
583 -17
584 -10
585 -10
586 -11
587 -13
588 -13
589 -13
590 -10
591 -13
592 -11
593 -13
594 -12
595 -13
596 -12
597 -13
598 -13
599 -12
600 -13
601 -13
602 -11
603 -11
604 -12
605 -11
606 -12
607 -10
608 -10
609 -10
610 -13
611 -13
612 -10
613 -13
614 -11
615 -12
616 -11
617 -11
618 -13
619 -13
620 -13
621 -10
622 -17
623 -13
624 -13
625 -10
626 -15
627 -13
628 -12
629 -13
630 -12
631 -10
632 -13
633 -12
634 -13
635 -13
636 -13
637 -11
638 -13
639 -13
640 -13
641 -10
642 -13
643 -10
644 -10
645 -13
646 -11
647 -11
648 -12
649 -13
650 -10
651 -10
652 -10
653 -13
654 -10
655 -13
656 -13
657 -12
658 -12
659 -11
660 -17
661 -10
662 -13
663 -10
664 -10
665 -13
666 -12
667 -10
668 -11
669 -13
670 -13
671 -13
672 -12
673 -11
674 -10
675 -13
676 -12
677 -11
678 -13
679 -12
680 -13
681 -10
682 -11
683 -13
684 -13
685 -10
686 -12
687 -10
688 -11
689 -13
690 -16
691 -13
692 -10
693 -13
694 -14
695 -13
696 -11
697 -11
698 -16
699 -13
700 -12
701 -12
702 -11
703 -13
704 -10
705 -13
706 -13
707 -11
708 -12
709 -13
710 -10
711 -13
712 -12
713 -11
714 -10
715 -12
716 -15
717 -13
718 -11
719 -11
720 -11
721 -11
722 -13
723 -13
724 -11
725 -10
726 -13
727 -13
728 -18
729 -13
730 -13
731 -13
732 -11
733 -12
734 -13
735 -14
736 -13
737 -12
738 -13
739 -11
740 -11
741 -13
742 -13
743 -10
744 -13
745 -11
746 -12
747 -12
748 -12
749 -12
750 -12
751 -13
752 -10
753 -13
754 -12
755 -11
756 -13
757 -10
758 -10
759 -10
760 -12
761 -13
762 -11
763 -10
764 -13
765 -10
766 -11
767 -13
768 -12
769 -13
770 -10
771 -12
772 -13
773 -10
774 -13
775 -12
776 -12
777 -13
778 -11
779 -11
780 -13
781 -13
782 -11
783 -10
784 -11
785 -13
786 -13
787 -13
788 -13
789 -12
790 -12
791 -11
792 -13
793 -13
794 -13
795 -10
796 -13
797 -13
798 -13
799 -12
800 -11
801 -12
802 -11
803 -11
804 -11
805 -13
806 -10
807 -13
808 -12
809 -11
810 -12
811 -11
812 -11
813 -11
814 -10
815 -10
816 -13
817 -10
818 -13
819 -13
820 -11
821 -13
822 -12
823 -12
824 -12
825 -11
826 -11
827 -10
828 -12
829 -10
830 -10
831 -13
832 -13
833 -12
834 -13
835 -13
836 -10
837 -12
838 -10
839 -12
840 -11
841 -12
842 -13
843 -12
844 -12
845 -12
846 -12
847 -11
848 -13
849 -13
850 -15
851 -13
852 -13
853 -12
854 -10
855 -13
856 -11
857 -12
858 -11
859 -13
860 -11
861 -11
862 -11
863 -13
864 -13
865 -12
866 -12
867 -13
868 -11
869 -10
870 -11
871 -13
872 -10
873 -13
874 -13
875 -10
876 -13
877 -13
878 -13
879 -13
880 -11
881 -12
882 -10
883 -13
884 -11
885 -13
886 -13
887 -12
888 -13
889 -13
890 -12
891 -10
892 -13
893 -12
894 -11
895 -13
896 -10
897 -11
898 -11
899 -10
900 -11
901 -11
902 -12
903 -13
904 -11
905 -11
906 -10
907 -13
908 -11
909 -12
910 -19
911 -13
912 -11
913 -12
914 -12
915 -12
916 -10
917 -13
918 -13
919 -13
920 -13
921 -13
922 -10
923 -10
924 -13
925 -12
926 -13
927 -13
928 -10
929 -10
930 -12
931 -12
932 -13
933 -11
934 -10
935 -11
936 -10
937 -10
938 -11
939 -13
940 -12
941 -12
942 -11
943 -13
944 -13
945 -10
946 -13
947 -10
948 -11
949 -10
950 -12
951 -12
952 -13
953 -11
954 -12
955 -10
956 -11
957 -12
958 -10
959 -11
960 -13
961 -10
962 -11
963 -12
964 -13
965 -11
966 -13
967 -11
968 -12
969 -13
970 -11
971 -11
972 -11
973 -12
974 -13
975 -11
976 -10
977 -13
978 -11
979 -13
980 -12
981 -13
982 -13
983 -13
984 -10
985 -11
986 -13
987 -12
988 -13
989 -11
990 -12
991 -13
992 -10
993 -13
994 -13
995 -13
996 -12
997 -11
998 -11
999 -13
