0 -13
1 -13
2 -13
3 -13
4 -12
5 -10
6 -11
7 -12
8 -10
9 -12
10 -11
11 -21
12 -11
13 -12
14 -11
15 -11
16 -12
17 -12
18 -12
19 -12
20 -13
21 -10
22 -12
23 -11
24 -10
25 -13
26 -12
27 -10
28 -13
29 -13
30 -12
31 -12
32 -10
33 -11
34 -12
35 -12
36 -13
37 -13
38 -13
39 -10
40 -13
41 -12
42 -12
43 -10
44 -12
45 -10
46 -13
47 -13
48 -13
49 -12
50 -12
51 -11
52 -13
53 -11
54 -10
55 -13
56 -10
57 -12
58 -13
59 -10
60 -13
61 -11
62 -11
63 -11
64 -13
65 -10
66 -10
67 -12
68 -13
69 -13
70 -13
71 -13
72 -13
73 -12
74 -11
75 -10
76 -13
77 -11
78 -12
79 -10
80 -10
81 -11
82 -12
83 -11
84 -12
85 -13
86 -13
87 -11
88 -12
89 -11
90 -12
91 -12
92 -13
93 -13
94 -11
95 -10
96 -13
97 -13
98 -13
99 -12
100 -13
101 -12
102 -13
103 -13
104 -11
105 -11
106 -13
107 -11
108 -13
109 -13
110 -10
111 -10
112 -10
113 -13
114 -12
115 -12
116 -10
117 -13
118 -13
119 -12
120 -10
121 -13
122 -23
123 -12
124 -13
125 -47
126 -10
127 -12
128 -11
129 -13
130 -12
131 -13
132 -12
133 -12
134 -11
135 -13
136 -15
137 -12
138 -13
139 -10
140 -13
141 -13
142 -12
143 -19
144 -13
145 -13
146 -10
147 -13
148 -13
149 -12
150 -10
151 -13
152 -12
153 -13
154 -11
155 -13
156 -12
157 -11
158 -13
159 -19
160 -11
161 -13
162 -11
163 -10
164 -13
165 -11
166 -13
167 -13
168 -13
169 -12
170 -13
171 -10
172 -11
173 -11
174 -11
175 -11
176 -11
177 -10
178 -12
179 -13
180 -13
181 -10
182 -12
183 -12
184 -13
185 -13
186 -13
187 -13
188 -13
189 -13
190 -13
191 -13
192 -10
193 -11
194 -13
195 -11
196 -12
197 -13
198 -10
199 -13
200 -13
201 -13
202 -13
203 -13
204 -12
205 -12
206 -15
207 -10
208 -12
209 -11
210 -10
211 -12
212 -13
213 -13
214 -13
215 -12
216 -13
217 -13
218 -10
219 -13
220 -13
221 -12
222 -13
223 -10
224 -10
225 -13
226 -12
227 -11
228 -12
229 -14
230 -11
231 -13
232 -11
233 -12
234 -13
235 -13
236 -12
237 -10
238 -12
239 -12
240 -10
241 -13
242 -13
243 -13
244 -13
245 -9
246 -11
247 -11
248 -11
249 -13
250 -12
251 -12
252 -12
253 -12
254 -12
255 -13
256 -10
257 -10
258 -11
259 -12
260 -10
261 -12
262 -13
263 -13
264 -11
265 -12
266 -13
267 -13
268 -13
269 -11
270 -10
271 -13
272 -11
273 -12
274 -10
275 -12
276 -11
277 -12
278 -11
279 -10
280 -17
281 -10
282 -15
283 -10
284 -13
285 -10
286 -13
287 -13
288 -10
289 -10
290 -10
291 -12
292 -11
293 -12
294 -13
295 -12
296 -11
297 -11
298 -10
299 -10
300 -12
301 -10
302 -13
303 -19
304 -14
305 -13
306 -11
307 -12
308 -10
309 -12
310 -10
311 -13
312 -12
313 -10
314 -12
315 -13
316 -11
317 -10
318 -10
319 -11
320 -13
321 -13
322 -11
323 -12
324 -12
325 -12
326 -13
327 -11
328 -12
329 -11
330 -13
331 -20
332 -21
333 -13
334 -10
335 -13
336 -10
337 -11
338 -13
339 -13
340 -15
341 -10
342 -13
343 -11
344 -13
345 -11
346 -13
347 -13
348 -13
349 -10
350 -12
351 -13
352 -11
353 -13
354 -10
355 -11
356 -10
357 -12
358 -15
359 -12
360 -11
361 -10
362 -18
363 -13
364 -13
365 -13
366 -10
367 -12
368 -11
369 -10
370 -13
371 -11
372 -11
373 -13
374 -13
375 -10
376 -10
377 -11
378 -11
379 -11
380 -11
381 -13
382 -13
383 -12
384 -13
385 -12
386 -11
387 -12
388 -13
389 -13
390 -11
391 -13
392 -11
393 -13
394 -11
395 -10
396 -13
397 -13
398 -10
399 -11
400 -11
401 -13
402 -11
403 -12
404 -10
405 -11
406 -35
407 -17
408 -11
409 -13
410 -13
411 -13
412 -17
413 -13
414 -12
415 -13
416 -13
417 -13
418 -11
419 -10
420 -12
421 -11
422 -16
423 -12
424 -10
425 -13
426 -13
427 -10
428 -13
429 -13
430 -13
431 -17
432 -11
433 -13
434 -10
435 -10
436 -10
437 -12
438 -13
439 -13
440 -12
441 -12
442 -11
443 -13
444 -10
445 -12
446 -13
447 -13
448 -10
449 -13
450 -10
451 -13
452 -10
453 -10
454 -10
455 -98
456 -13
457 -13
458 -11
459 -13
460 -13
461 -13
462 -11
463 -10
464 -12
465 -12
466 -12
467 -11
468 -13
469 -13
470 -11
471 -12
472 -12
473 -12
474 -13
475 -13
476 -13
477 -10
478 -10
479 -12
480 -13
481 -11
482 -12
483 -13
484 -11
485 -13
486 -13
487 -12
488 -13
489 -13
490 -13
491 -13
492 -12
493 -11
494 -13
495 -10
496 -10
497 -10
498 -11
499 -11
500 -12
501 -12
502 -13
503 -13
504 -13
505 -13
506 -13
507 -13
508 -13
509 -13
510 -13
511 -13
512 -9
513 -10
514 -13
515 -11
516 -12
517 -11
518 -11
519 -10
520 -13
521 -13
522 -13
523 -13
524 -13
525 -11
526 -11
527 -13
528 -12
529 -12
530 -10
531 -11
532 -11
533 -12
534 -10
535 -10
536 -13
537 -10
538 -10
539 -11
540 -13
541 -13
542 -11
543 -13
544 -12
545 -11
546 -12
547 -10
548 -12
549 -13
550 -12
551 -13
552 -12
553 -12
554 -13
555 -13
556 -13
557 -13
558 -11
559 -11
560 -10
561 -13
562 -13
563 -11
564 -13
565 -13
566 -10
567 -12
568 -15
569 -13
570 -12
571 -10
572 -10
573 -12
574 -12
575 -10
576 -13
577 -11
578 -11
579 -13
580 -10
581 -10
582 -11
583 -17
584 -12
585 -12
586 -13
587 -13
588 -12
589 -13
590 -13
591 -11
592 -14
593 -13
594 -11
595 -12
596 -11
597 -12
598 -10
599 -11
600 -12
601 -13
602 -11
603 -11
604 -12
605 -12
606 -11
607 -10
608 -13
609 -11
610 -13
611 -13
612 -13
613 -11
614 -13
615 -13
616 -13
617 -12
618 -11
619 -13
620 -15
621 -13
622 -13
623 -11
624 -13
625 -11
626 -10
627 -10
628 -15
629 -13
630 -13
631 -13
632 -11
633 -11
634 -13
635 -13
636 -13
637 -13
638 -11
639 -23
640 -13
641 -11
642 -11
643 -13
644 -13
645 -10
646 -11
647 -12
648 -13
649 -12
650 -10
651 -11
652 -13
653 -11
654 -11
655 -10
656 -10
657 -13
658 -12
659 -13
660 -12
661 -13
662 -12
663 -13
664 -11
665 -13
666 -11
667 -12
668 -13
669 -12
670 -13
671 -18
672 -13
673 -13
674 -13
675 -13
676 -11
677 -11
678 -13
679 -13
680 -13
681 -13
682 -13
683 -13
684 -13
685 -13
686 -10
687 -13
688 -11
689 -13
690 -13
691 -13
692 -12
693 -11
694 -13
695 -12
696 -13
697 -11
698 -12
699 -12
700 -13
701 -11
702 -10
703 -12
704 -12
705 -10
706 -12
707 -13
708 -13
709 -10
710 -11
711 -12
712 -11
713 -11
714 -10
715 -12
716 -12
717 -13
718 -13
719 -12
720 -12
721 -13
722 -10
723 -13
724 -12
725 -11
726 -13
727 -11
728 -13
729 -12
730 -13
731 -19
732 -11
733 -12
734 -10
735 -12
736 -11
737 -11
738 -10
739 -12
740 -11
741 -11
742 -13
743 -11
744 -11
745 -10
746 -10
747 -13
748 -12
749 -13
750 -12
751 -13
752 -13
753 -13
754 -12
755 -11
756 -13
757 -13
758 -13
759 -13
760 -13
761 -11
762 -13
763 -13
764 -13
765 -11
766 -11
767 -13
768 -12
769 -11
770 -13
771 -11
772 -10
773 -11
774 -13
775 -13
776 -13
777 -13
778 -10
779 -11
780 -12
781 -12
782 -12
783 -13
784 -12
785 -12
786 -11
787 -11
788 -13
789 -11
790 -10
791 -13
792 -10
793 -13
794 -10
795 -11
796 -13
797 -13
798 -12
799 -10
800 -11
801 -12
802 -10
803 -18
804 -13
805 -10
806 -13
807 -12
808 -13
809 -11
810 -13
811 -10
812 -10
813 -13
814 -13
815 -10
816 -13
817 -11
818 -13
819 -10
820 -11
821 -13
822 -13
823 -11
824 -13
825 -13
826 -17
827 -13
828 -11
829 -13
830 -13
831 -11
832 -21
833 -11
834 -13
835 -10
836 -10
837 -12
838 -13
839 -13
840 -12
841 -12
842 -19
843 -18
844 -13
845 -11
846 -13
847 -13
848 -10
849 -12
850 -11
851 -13
852 -11
853 -13
854 -10
855 -13
856 -13
857 -16
858 -13
859 -11
860 -13
861 -13
862 -13
863 -11
864 -10
865 -11
866 -12
867 -10
868 -11
869 -13
870 -10
871 -16
872 -13
873 -11
874 -12
875 -10
876 -13
877 -10
878 -13
879 -13
880 -12
881 -13
882 -10
883 -11
884 -12
885 -13
886 -11
887 -13
888 -13
889 -12
890 -13
891 -10
892 -13
893 -10
894 -11
895 -13
896 -13
897 -12
898 -13
899 -13
900 -13
901 -13
902 -10
903 -11
904 -12
905 -10
906 -12
907 -13
908 -11
909 -11
910 -10
911 -11
912 -12
913 -10
914 -11
915 -11
916 -13
917 -13
918 -13
919 -13
920 -10
921 -13
922 -13
923 -11
924 -13
925 -13
926 -13
927 -13
928 -11
929 -12
930 -10
931 -13
932 -12
933 -13
934 -12
935 -11
936 -11
937 -13
938 -12
939 -11
940 -12
941 -10
942 -17
943 -11
944 -13
945 -13
946 -14
947 -12
948 -12
949 -12
950 -11
951 -12
952 -10
953 -10
954 -12
955 -13
956 -15
957 -12
958 -11
959 -10
960 -12
961 -12
962 -16
963 -13
964 -11
965 -10
966 -12
967 -13
968 -13
969 -12
970 -10
971 -12
972 -10
973 -10
974 -13
975 -12
976 -13
977 -12
978 -10
979 -10
980 -11
981 -13
982 -13
983 -13
984 -13
985 -12
986 -12
987 -11
988 -12
989 -12
990 -13
991 -12
992 -13
993 -11
994 -11
995 -11
996 -12
997 -10
998 -11
999 -13
