0 -11
1 -10
2 -10
3 -12
4 -10
5 -17
6 -13
7 -11
8 -12
9 -13
10 -10
11 -10
12 -13
13 -13
14 -13
15 -12
16 -18
17 -12
18 -9
19 -13
20 -11
21 -13
22 -12
23 -10
24 -10
25 -10
26 -16
27 -13
28 -11
29 -13
30 -13
31 -13
32 -13
33 -11
34 -11
35 -10
36 -13
37 -12
38 -13
39 -10
40 -12
41 -13
42 -13
43 -12
44 -11
45 -13
46 -13
47 -12
48 -17
49 -13
50 -11
51 -11
52 -13
53 -10
54 -12
55 -10
56 -11
57 -13
58 -10
59 -11
60 -13
61 -13
62 -12
63 -13
64 -13
65 -13
66 -13
67 -13
68 -13
69 -10
70 -13
71 -11
72 -13
73 -10
74 -18
75 -10
76 -12
77 -12
78 -11
79 -10
80 -10
81 -12
82 -11
83 -11
84 -11
85 -13
86 -12
87 -12
88 -13
89 -10
90 -11
91 -10
92 -10
93 -14
94 -10
95 -13
96 -13
97 -17
98 -13
99 -13
100 -10
101 -12
102 -11
103 -12
104 -11
105 -12
106 -11
107 -13
108 -13
109 -17
110 -13
111 -10
112 -10
113 -13
114 -10
115 -10
116 -10
117 -11
118 -10
119 -13
120 -12
121 -11
122 -13
123 -12
124 -10
125 -13
126 -11
127 -11
128 -10
129 -12
130 -13
131 -13
132 -13
133 -13
134 -12
135 -10
136 -11
137 -13
138 -13
139 -13
140 -12
141 -10
142 -12
143 -13
144 -10
145 -13
146 -78
147 -13
148 -13
149 -10
150 -12
151 -11
152 -13
153 -13
154 -12
155 -10
156 -13
157 -11
158 -13
159 -13
160 -11
161 -13
162 -12
163 -10
164 -13
165 -11
166 -13
167 -13
168 -10
169 -13
170 -10
171 -13
172 -10
173 -11
174 -13
175 -12
176 -13
177 -13
178 -13
179 -12
180 -13
181 -13
182 -11
183 -13
184 -11
185 -13
186 -13
187 -11
188 -13
189 -11
190 -10
191 -13
192 -13
193 -12
194 -11
195 -13
196 -12
197 -11
198 -11
199 -13
200 -12
201 -13
202 -10
203 -11
204 -13
205 -13
206 -13
207 -11
208 -13
209 -12
210 -13
211 -11
212 -13
213 -13
214 -17
215 -10
216 -12
217 -13
218 -11
219 -12
220 -11
221 -11
222 -16
223 -11
224 -13
225 -13
226 -12
227 -13
228 -11
229 -12
230 -13
231 -13
232 -13
233 -10
234 -10
235 -13
236 -13
237 -11
238 -11
239 -13
240 -10
241 -12
242 -13
243 -13
244 -12
245 -12
246 -13
247 -11
248 -11
249 -13
250 -13
251 -10
252 -20
253 -13
254 -11
255 -13
256 -11
257 -13
258 -13
259 -13
260 -13
261 -12
262 -11
263 -11
264 -11
265 -12
266 -12
267 -13
268 -13
269 -13
270 -13
271 -12
272 -13
273 -10
274 -13
275 -13
276 -12
277 -13
278 -11
279 -11
280 -13
281 -11
282 -13
283 -14
284 -13
285 -12
286 -10
287 -13
288 -11
289 -12
290 -13
291 -10
292 -15
293 -13
294 -13
295 -11
296 -10
297 -12
298 -11
299 -13
300 -13
301 -13
302 -11
303 -20
304 -10
305 -13
306 -13
307 -11
308 -11
309 -13
310 -11
311 -10
312 -12
313 -13
314 -12
315 -20
316 -10
317 -12
318 -13
319 -10
320 -13
321 -13
322 -12
323 -12
324 -12
325 -10
326 -14
327 -10
328 -13
329 -11
330 -10
331 -10
332 -13
333 -10
334 -11
335 -13
336 -13
337 -13
338 -11
339 -13
340 -13
341 -13
342 -12
343 -21
344 -12
345 -12
346 -11
347 -12
348 -12
349 -13
350 -12
351 -10
352 -13
353 -13
354 -10
355 -12
356 -11
357 -13
358 -13
359 -12
360 -13
361 -10
362 -13
363 -13
364 -11
365 -11
366 -10
367 -13
368 -16
369 -14
370 -14
371 -10
372 -13
373 -13
374 -11
375 -11
376 -11
377 -17
378 -11
379 -13
380 -13
381 -13
382 -12
383 -11
384 -13
385 -13
386 -17
387 -10
388 -12
389 -13
390 -13
391 -12
392 -13
393 -10
394 -10
395 -13
396 -13
397 -13
398 -13
399 -13
400 -15
401 -13
402 -17
403 -12
404 -13
405 -13
406 -13
407 -13
408 -13
409 -13
410 -12
411 -10
412 -10
413 -13
414 -13
415 -13
416 -11
417 -13
418 -10
419 -12
420 -12
421 -10
422 -11
423 -11
424 -11
425 -11
426 -10
427 -11
428 -11
429 -11
430 -14
431 -11
432 -12
433 -13
434 -10
435 -13
436 -11
437 -10
438 -13
439 -11
440 -11
441 -10
442 -10
443 -13
444 -11
445 -10
446 -13
447 -10
448 -13
449 -13
450 -10
451 -10
452 -13
453 -13
454 -103
455 -13
456 -13
457 -13
458 -13
459 -12
460 -12
461 -14
462 -14
463 -13
464 -12
465 -11
466 -11
467 -12
468 -13
469 -10
470 -12
471 -10
472 -12
473 -10
474 -20
475 -13
476 -13
477 -13
478 -12
479 -12
480 -13
481 -13
482 -12
483 -10
484 -10
485 -10
486 -13
487 -12
488 -11
489 -12
490 -10
491 -18
492 -13
493 -12
494 -23
495 -12
496 -10
497 -11
498 -10
499 -10
500 -11
501 -10
502 -13
503 -13
504 -12
505 -13
506 -11
507 -13
508 -11
509 -10
510 -12
511 -13
512 -13
513 -13
514 -10
515 -10
516 -13
517 -11
518 -11
519 -16
520 -13
521 -13
522 -13
523 -10
524 -11
525 -13
526 -11
527 -10
528 -13
529 -13
530 -10
531 -10
532 -10
533 -12
534 -10
535 -11
536 -12
537 -11
538 -11
539 -13
540 -12
541 -13
542 -13
543 -12
544 -11
545 -13
546 -11
547 -11
548 -13
549 -11
550 -12
551 -12
552 -10
553 -13
554 -13
555 -11
556 -11
557 -13
558 -11
559 -10
560 -11
561 -13
562 -12
563 -11
564 -13
565 -15
566 -13
567 -12
568 -11
569 -12
570 -13
571 -12
572 -10
573 -12
574 -10
575 -12
576 -13
577 -13
578 -13
579 -12
580 -24
581 -10
582 -12
583 -11
584 -13
585 -13
586 -12
587 -15
588 -12
589 -13
590 -10
591 -12
592 -12
593 -10
594 -13
595 -13
596 -10
597 -13
598 -12
599 -13
600 -11
601 -13
602 -11
603 -10
604 -11
605 -13
606 -13
607 -10
608 -13
609 -13
610 -10
611 -12
612 -13
613 -10
614 -12
615 -10
616 -13
617 -12
618 -13
619 -19
620 -13
621 -12
622 -13
623 -13
624 -11
625 -13
626 -11
627 -13
628 -13
629 -13
630 -13
631 -12
632 -13
633 -10
634 -11
635 -11
636 -13
637 -10
638 -13
639 -13
640 -10
641 -13
642 -13
643 -11
644 -12
645 -13
646 -11
647 -11
648 -13
649 -10
650 -11
651 -13
652 -10
653 -13
654 -13
655 -13
656 -11
657 -11
658 -12
659 -10
660 -19
661 -13
662 -12
663 -11
664 -13
665 -13
666 -10
667 -12
668 -12
669 -12
670 -13
671 -12
672 -11
673 -13
674 -11
675 -12
676 -13
677 -13
678 -13
679 -11
680 -13
681 -12
682 -13
683 -14
684 -10
685 -13
686 -10
687 -10
688 -11
689 -12
690 -11
691 -12
692 -10
693 -11
694 -11
695 -13
696 -17
697 -13
698 -13
699 -11
700 -10
701 -15
702 -19
703 -11
704 -11
705 -11
706 -13
707 -11
708 -13
709 -10
710 -11
711 -11
712 -10
713 -12
714 -13
715 -10
716 -12
717 -13
718 -12
719 -14
720 -13
721 -13
722 -13
723 -12
724 -13
725 -13
726 -11
727 -13
728 -10
729 -12
730 -12
731 -12
732 -13
733 -13
734 -12
735 -10
736 -13
737 -13
738 -10
739 -13
740 -12
741 -13
742 -18
743 -11
744 -13
745 -16
746 -11
747 -13
748 -11
749 -10
750 -11
751 -13
752 -12
753 -13
754 -10
755 -12
756 -10
757 -12
758 -13
759 -13
760 -13
761 -13
762 -13
763 -15
764 -11
765 -12
766 -10
767 -11
768 -12
769 -13
770 -13
771 -11
772 -10
773 -10
774 -11
775 -13
776 -13
777 -11
778 -13
779 -10
780 -13
781 -13
782 -11
783 -10
784 -11
785 -10
786 -10
787 -13
788 -11
789 -10
790 -13
791 -13
792 -10
793 -13
794 -13
795 -13
796 -12
797 -10
798 -13
799 -13
800 -13
801 -12
802 -16
803 -10
804 -10
805 -12
806 -13
807 -13
808 -10
809 -13
810 -11
811 -13
812 -15
813 -10
814 -13
815 -13
816 -12
817 -10
818 -11
819 -13
820 -10
821 -13
822 -13
823 -11
824 -11
825 -12
826 -13
827 -13
828 -12
829 -11
830 -13
831 -10
832 -11
833 -10
834 -10
835 -13
836 -13
837 -10
838 -10
839 -12
840 -10
841 -10
842 -13
843 -12
844 -13
845 -13
846 -13
847 -12
848 -11
849 -13
850 -11
851 -12
852 -13
853 -13
854 -11
855 -10
856 -13
857 -10
858 -12
859 -11
860 -12
861 -10
862 -12
863 -11
864 -12
865 -13
866 -13
867 -10
868 -13
869 -13
870 -10
871 -11
872 -12
873 -13
874 -10
875 -13
876 -12
877 -13
878 -11
879 -13
880 -11
881 -11
882 -13
883 -10
884 -11
885 -12
886 -11
887 -11
888 -13
889 -10
890 -23
891 -10
892 -13
893 -11
894 -10
895 -13
896 -13
897 -11
898 -13
899 -13
900 -10
901 -10
902 -13
903 -13
904 -12
905 -13
906 -11
907 -10
908 -12
909 -12
910 -13
911 -13
912 -12
913 -12
914 -10
915 -10
916 -11
917 -10
918 -16
919 -17
920 -13
921 -13
922 -12
923 -13
924 -13
925 -13
926 -13
927 -11
928 -13
929 -12
930 -12
931 -11
932 -13
933 -13
934 -13
935 -10
936 -12
937 -10
938 -13
939 -12
940 -13
941 -13
942 -10
943 -13
944 -13
945 -12
946 -13
947 -13
948 -12
949 -13
950 -13
951 -11
952 -13
953 -13
954 -11
955 -11
956 -11
957 -13
958 -13
959 -10
960 -13
961 -10
962 -11
963 -11
964 -10
965 -12
966 -13
967 -13
968 -13
969 -10
970 -13
971 -13
972 -10
973 -12
974 -11
975 -11
976 -11
977 -10
978 -13
979 -11
980 -10
981 -10
982 -12
983 -13
984 -12
985 -12
986 -13
987 -13
988 -13
989 -12
990 -11
991 -13
992 -10
993 -10
994 -11
995 -13
996 -12
997 -13
998 -12
999 -11
