0 -10
1 -13
2 -13
3 -11
4 -13
5 -12
6 -13
7 -13
8 -13
9 -12
10 -12
11 -11
12 -13
13 -10
14 -11
15 -13
16 -11
17 -12
18 -12
19 -11
20 -13
21 -12
22 -11
23 -13
24 -13
25 -11
26 -14
27 -12
28 -12
29 -10
30 -12
31 -13
32 -13
33 -11
34 -12
35 -12
36 -13
37 -11
38 -10
39 -10
40 -10
41 -13
42 -10
43 -13
44 -13
45 -13
46 -13
47 -13
48 -15
49 -12
50 -13
51 -13
52 -11
53 -10
54 -13
55 -11
56 -13
57 -13
58 -13
59 -10
60 -12
61 -10
62 -11
63 -10
64 -13
65 -13
66 -11
67 -11
68 -11
69 -11
70 -10
71 -13
72 -13
73 -12
74 -11
75 -11
76 -13
77 -11
78 -13
79 -10
80 -10
81 -11
82 -13
83 -10
84 -13
85 -13
86 -10
87 -10
88 -13
89 -11
90 -77
91 -11
92 -13
93 -10
94 -10
95 -13
96 -16
97 -11
98 -13
99 -10
100 -13
101 -10
102 -13
103 -13
104 -12
105 -10
106 -13
107 -10
108 -11
109 -12
110 -11
111 -13
112 -12
113 -10
114 -13
115 -12
116 -13
117 -10
118 -12
119 -11
120 -12
121 -10
122 -13
123 -12
124 -11
125 -13
126 -12
127 -13
128 -11
129 -13
130 -10
131 -12
132 -10
133 -13
134 -11
135 -13
136 -10
137 -10
138 -13
139 -13
140 -13
141 -13
142 -13
143 -13
144 -11
145 -10
146 -10
147 -10
148 -13
149 -11
150 -13
151 -10
152 -10
153 -13
154 -10
155 -12
156 -12
157 -13
158 -13
159 -10
160 -10
161 -10
162 -13
163 -13
164 -12
165 -10
166 -13
167 -13
168 -13
169 -13
170 -10
171 -13
172 -10
173 -10
174 -12
175 -11
176 -10
177 -13
178 -13
179 -11
180 -10
181 -13
182 -13
183 -13
184 -10
185 -15
186 -13
187 -13
188 -12
189 -13
190 -10
191 -13
192 -10
193 -11
194 -13
195 -16
196 -10
197 -11
198 -10
199 -12
200 -13
201 -11
202 -16
203 -13
204 -11
205 -12
206 -13
207 -11
208 -13
209 -10
210 -14
211 -13
212 -13
213 -10
214 -12
215 -11
216 -10
217 -13
218 -10
219 -11
220 -13
221 -12
222 -13
223 -17
224 -13
225 -11
226 -10
227 -11
228 -11
229 -12
230 -13
231 -13
232 -13
233 -11
234 -9
235 -10
236 -11
237 -13
238 -13
239 -13
240 -10
241 -13
242 -12
243 -13
244 -11
245 -11
246 -10
247 -10
248 -10
249 -13
250 -10
251 -12
252 -10
253 -13
254 -12
255 -11
256 -11
257 -11
258 -12
259 -10
260 -13
261 -13
262 -13
263 -12
264 -13
265 -17
266 -10
267 -13
268 -13
269 -12
270 -13
271 -11
272 -11
273 -11
274 -10
275 -10
276 -11
277 -13
278 -12
279 -12
280 -11
281 -11
282 -10
283 -13
284 -13
285 -13
286 -13
287 -10
288 -13
289 -12
290 -13
291 -13
292 -10
293 -11
294 -10
295 -12
296 -11
297 -13
298 -10
299 -11
300 -11
301 -10
302 -12
303 -10
304 -11
305 -11
306 -11
307 -10
308 -13
309 -13
310 -13
311 -13
312 -13
313 -12
314 -11
315 -12
316 -10
317 -10
318 -13
319 -13
320 -10
321 -13
322 -11
323 -11
324 -13
325 -13
326 -12
327 -12
328 -10
329 -10
330 -13
331 -10
332 -10
333 -13
334 -11
335 -11
336 -11
337 -12
338 -13
339 -10
340 -16
341 -11
342 -12
343 -11
344 -10
345 -13
346 -13
347 -11
348 -13
349 -12
350 -13
351 -10
352 -12
353 -11
354 -12
355 -13
356 -13
357 -13
358 -11
359 -13
360 -13
361 -13
362 -10
363 -11
364 -10
365 -13
366 -10
367 -11
368 -10
369 -13
370 -13
371 -13
372 -11
373 -13
374 -12
375 -12
376 -10
377 -13
378 -10
379 -13
380 -13
381 -11
382 -12
383 -11
384 -12
385 -13
386 -10
387 -13
388 -12
389 -11
390 -11
391 -12
392 -13
393 -13
394 -10
395 -10
396 -11
397 -13
398 -12
399 -14
400 -13
401 -11
402 -10
403 -11
404 -11
405 -13
406 -12
407 -16
408 -10
409 -13
410 -11
411 -13
412 -13
413 -12
414 -13
415 -11
416 -12
417 -12
418 -11
419 -12
420 -12
421 -13
422 -13
423 -13
424 -12
425 -10
426 -13
427 -10
428 -13
429 -11
430 -13
431 -12
432 -13
433 -10
434 -12
435 -11
436 -12
437 -13
438 -12
439 -10
440 -12
441 -13
442 -13
443 -11
444 -13
445 -12
446 -10
447 -10
448 -11
449 -12
450 -11
451 -13
452 -13
453 -13
454 -12
455 -11
456 -13
457 -13
458 -13
459 -10
460 -10
461 -13
462 -13
463 -13
464 -10
465 -12
466 -13
467 -13
468 -13
469 -13
470 -10
471 -12
472 -13
473 -13
474 -12
475 -13
476 -11
477 -13
478 -10
479 -10
480 -10
481 -12
482 -11
483 -12
484 -10
485 -13
486 -12
487 -10
488 -13
489 -10
490 -11
491 -13
492 -10
493 -11
494 -11
495 -11
496 -11
497 -11
498 -13
499 -13
500 -98
501 -10
502 -10
503 -13
504 -13
505 -10
506 -11
507 -13
508 -13
509 -12
510 -14
511 -13
512 -11
513 -12
514 -10
515 -13
516 -13
517 -13
518 -13
519 -10
520 -13
521 -13
522 -11
523 -11
524 -10
525 -13
526 -13
527 -10
528 -10
529 -12
530 -11
531 -13
532 -12
533 -13
534 -13
535 -13
536 -11
537 -10
538 -13
539 -11
540 -10
541 -11
542 -10
543 -13
544 -13
545 -11
546 -13
547 -11
548 -12
549 -12
550 -13
551 -11
552 -11
553 -12
554 -16
555 -12
556 -13
557 -13
558 -11
559 -11
560 -10
561 -13
562 -13
563 -10
564 -12
565 -13
566 -13
567 -16
568 -12
569 -13
570 -10
571 -12
572 -13
573 -13
574 -12
575 -13
576 -13
577 -13
578 -16
579 -13
580 -12
581 -11
582 -13
583 -10
584 -10
585 -13
586 -13
587 -13
588 -14
589 -10
590 -12
591 -13
592 -19
593 -12
594 -21
595 -13
596 -13
597 -12
598 -13
599 -10
600 -19
601 -13
602 -13
603 -13
604 -13
605 -10
606 -12
607 -11
608 -13
609 -13
610 -13
611 -11
612 -12
613 -11
614 -13
615 -13
616 -10
617 -12
618 -13
619 -13
620 -13
621 -12
622 -10
623 -13
624 -12
625 -23
626 -11
627 -11
628 -11
629 -12
630 -11
631 -11
632 -12
633 -11
634 -12
635 -12
636 -11
637 -13
638 -13
639 -11
640 -13
641 -12
642 -11
643 -10
644 -13
645 -13
646 -12
647 -12
648 -11
649 -13
650 -10
651 -12
652 -12
653 -12
654 -13
655 -12
656 -15
657 -13
658 -11
659 -12
660 -10
661 -10
662 -13
663 -11
664 -13
665 -13
666 -11
667 -10
668 -13
669 -12
670 -10
671 -14
672 -13
673 -13
674 -12
675 -13
676 -10
677 -13
678 -11
679 -14
680 -13
681 -10
682 -13
683 -10
684 -11
685 -13
686 -13
687 -10
688 -11
689 -12
690 -13
691 -11
692 -12
693 -10
694 -11
695 -13
696 -19
697 -13
698 -11
699 -12
700 -10
701 -13
702 -10
703 -13
704 -13
705 -10
706 -12
707 -13
708 -12
709 -10
710 -11
711 -12
712 -13
713 -13
714 -13
715 -13
716 -13
717 -13
718 -13
719 -13
720 -10
721 -10
722 -13
723 -13
724 -13
725 -10
726 -13
727 -13
728 -12
729 -13
730 -11
731 -12
732 -13
733 -11
734 -12
735 -10
736 -10
737 -13
738 -10
739 -10
740 -12
741 -13
742 -12
743 -13
744 -12
745 -12
746 -10
747 -14
748 -12
749 -11
750 -11
751 -12
752 -11
753 -13
754 -13
755 -9
756 -17
757 -10
758 -10
759 -10
760 -11
761 -13
762 -13
763 -13
764 -11
765 -13
766 -17
767 -12
768 -12
769 -13
770 -13
771 -13
772 -10
773 -12
774 -13
775 -13
776 -13
777 -13
778 -13
779 -13
780 -11
781 -13
782 -11
783 -13
784 -12
785 -13
786 -10
787 -11
788 -11
789 -10
790 -13
791 -10
792 -11
793 -12
794 -13
795 -12
796 -10
797 -13
798 -12
799 -10
800 -13
801 -13
802 -12
803 -10
804 -11
805 -17
806 -11
807 -11
808 -13
809 -12
810 -13
811 -12
812 -13
813 -13
814 -12
815 -13
816 -12
817 -12
818 -11
819 -10
820 -12
821 -13
822 -13
823 -12
824 -12
825 -11
826 -13
827 -13
828 -20
829 -13
830 -13
831 -12
832 -10
833 -12
834 -13
835 -31
836 -12
837 -13
838 -13
839 -13
840 -12
841 -12
842 -12
843 -10
844 -11
845 -13
846 -13
847 -13
848 -12
849 -11
850 -11
851 -10
852 -11
853 -13
854 -15
855 -12
856 -13
857 -11
858 -13
859 -14
860 -13
861 -13
862 -11
863 -13
864 -12
865 -12
866 -10
867 -12
868 -11
869 -11
870 -13
871 -10
872 -12
873 -13
874 -13
875 -11
876 -16
877 -11
878 -13
879 -13
880 -13
881 -13
882 -12
883 -10
884 -13
885 -13
886 -12
887 -10
888 -13
889 -10
890 -13
891 -10
892 -17
893 -13
894 -13
895 -11
896 -12
897 -10
898 -12
899 -13
900 -11
901 -13
902 -11
903 -13
904 -13
905 -12
906 -10
907 -13
908 -12
909 -11
910 -10
911 -13
912 -13
913 -13
914 -13
915 -13
916 -12
917 -13
918 -12
919 -13
920 -13
921 -12
922 -12
923 -11
924 -12
925 -12
926 -12
927 -12
928 -12
929 -10
930 -13
931 -10
932 -10
933 -11
934 -17
935 -12
936 -11
937 -10
938 -12
939 -11
940 -11
941 -13
942 -13
943 -13
944 -11
945 -11
946 -13
947 -10
948 -10
949 -13
950 -13
951 -12
952 -13
953 -12
954 -16
955 -10
956 -13
957 -11
958 -17
959 -19
960 -12
961 -12
962 -13
963 -12
964 -13
965 -10
966 -12
967 -11
968 -11
969 -11
970 -13
971 -12
972 -37
973 -13
974 -11
975 -12
976 -12
977 -13
978 -13
979 -13
980 -12
981 -13
982 -17
983 -13
984 -13
985 -12
986 -11
987 -12
988 -13
989 -13
990 -11
991 -10
992 -11
993 -13
994 -13
995 -13
996 -12
997 -11
998 -13
999 -12
