0 -10
1 -10
2 -11
3 -14
4 -13
5 -11
6 -12
7 -12
8 -11
9 -12
10 -13
11 -13
12 -13
13 -13
14 -13
15 -13
16 -13
17 -13
18 -11
19 -13
20 -10
21 -13
22 -12
23 -16
24 -13
25 -11
26 -11
27 -13
28 -13
29 -13
30 -10
31 -13
32 -10
33 -13
34 -11
35 -12
36 -13
37 -12
38 -10
39 -11
40 -13
41 -16
42 -13
43 -16
44 -12
45 -13
46 -10
47 -10
48 -10
49 -13
50 -10
51 -10
52 -11
53 -13
54 -13
55 -12
56 -10
57 -13
58 -11
59 -10
60 -11
61 -13
62 -11
63 -13
64 -11
65 -10
66 -13
67 -11
68 -13
69 -13
70 -13
71 -12
72 -12
73 -13
74 -13
75 -12
76 -10
77 -11
78 -10
79 -24
80 -10
81 -10
82 -11
83 -13
84 -12
85 -10
86 -13
87 -13
88 -11
89 -12
90 -13
91 -11
92 -13
93 -17
94 -12
95 -11
96 -13
97 -12
98 -13
99 -11
100 -13
101 -10
102 -10
103 -26
104 -22
105 -10
106 -12
107 -10
108 -13
109 -11
110 -11
111 -10
112 -13
113 -13
114 -13
115 -13
116 -13
117 -11
118 -13
119 -13
120 -13
121 -13
122 -12
123 -13
124 -13
125 -13
126 -13
127 -11
128 -10
129 -13
130 -13
131 -11
132 -10
133 -11
134 -13
135 -11
136 -11
137 -14
138 -12
139 -13
140 -12
141 -13
142 -13
143 -13
144 -10
145 -13
146 -13
147 -11
148 -17
149 -10
150 -13
151 -26
152 -13
153 -13
154 -13
155 -13
156 -12
157 -13
158 -13
159 -13
160 -12
161 -13
162 -12
163 -13
164 -10
165 -13
166 -13
167 -11
168 -13
169 -10
170 -11
171 -13
172 -13
173 -10
174 -13
175 -13
176 -13
177 -10
178 -13
179 -13
180 -13
181 -9
182 -13
183 -13
184 -12
185 -11
186 -13
187 -13
188 -12
189 -31
190 -11
191 -13
192 -13
193 -58
194 -13
195 -11
196 -12
197 -13
198 -13
199 -12
200 -10
201 -10
202 -13
203 -13
204 -13
205 -11
206 -10
207 -13
208 -11
209 -11
210 -13
211 -11
212 -11
213 -13
214 -17
215 -13
216 -10
217 -13
218 -13
219 -10
220 -13
221 -10
222 -13
223 -10
224 -10
225 -11
226 -13
227 -13
228 -11
229 -13
230 -13
231 -13
232 -12
233 -13
234 -10
235 -10
236 -13
237 -10
238 -11
239 -12
240 -10
241 -13
242 -10
243 -13
244 -10
245 -11
246 -10
247 -11
248 -11
249 -11
250 -13
251 -13
252 -11
253 -11
254 -12
255 -12
256 -11
257 -12
258 -13
259 -12
260 -10
261 -13
262 -13
263 -10
264 -10
265 -11
266 -13
267 -20
268 -12
269 -18
270 -11
271 -12
272 -13
273 -13
274 -10
275 -12
276 -13
277 -13
278 -13
279 -11
280 -12
281 -11
282 -12
283 -10
284 -11
285 -13
286 -11
287 -12
288 -12
289 -12
290 -13
291 -10
292 -13
293 -11
294 -13
295 -41
296 -12
297 -13
298 -12
299 -13
300 -13
301 -16
302 -10
303 -11
304 -19
305 -10
306 -11
307 -11
308 -10
309 -13
310 -17
311 -12
312 -11
313 -13
314 -13
315 -11
316 -13
317 -13
318 -11
319 -13
320 -13
321 -13
322 -11
323 -13
324 -11
325 -12
326 -12
327 -13
328 -13
329 -9
330 -11
331 -13
332 -13
333 -12
334 -12
335 -10
336 -10
337 -10
338 -11
339 -12
340 -10
341 -10
342 -13
343 -10
344 -11
345 -13
346 -11
347 -11
348 -13
349 -10
350 -13
351 -12
352 -11
353 -11
354 -11
355 -13
356 -13
357 -10
358 -13
359 -11
360 -13
361 -15
362 -13
363 -13
364 -12
365 -10
366 -11
367 -11
368 -13
369 -13
370 -13
371 -13
372 -12
373 -12
374 -10
375 -11
376 -13
377 -14
378 -13
379 -10
380 -11
381 -16
382 -13
383 -10
384 -11
385 -13
386 -11
387 -12
388 -13
389 -11
390 -13
391 -13
392 -10
393 -27
394 -12
395 -13
396 -10
397 -12
398 -13
399 -15
400 -11
401 -13
402 -13
403 -13
404 -13
405 -12
406 -13
407 -13
408 -12
409 -52
410 -10
411 -12
412 -13
413 -13
414 -13
415 -13
416 -12
417 -11
418 -12
419 -10
420 -10
421 -13
422 -13
423 -13
424 -13
425 -10
426 -11
427 -11
428 -10
429 -10
430 -13
431 -10
432 -13
433 -11
434 -10
435 -10
436 -11
437 -11
438 -10
439 -10
440 -11
441 -12
442 -13
443 -12
444 -10
445 -11
446 -12
447 -11
448 -12
449 -12
450 -13
451 -12
452 -13
453 -12
454 -10
455 -13
456 -11
457 -13
458 -13
459 -13
460 -12
461 -12
462 -12
463 -11
464 -13
465 -10
466 -10
467 -13
468 -13
469 -13
470 -14
471 -11
472 -13
473 -10
474 -13
475 -13
476 -13
477 -13
478 -12
479 -11
480 -12
481 -13
482 -12
483 -10
484 -13
485 -13
486 -12
487 -12
488 -12
489 -11
490 -12
491 -10
492 -11
493 -11
494 -13
495 -13
496 -13
497 -11
498 -13
499 -16
500 -11
501 -13
502 -13
503 -12
504 -11
505 -13
506 -18
507 -13
508 -10
509 -13
510 -12
511 -11
512 -13
513 -13
514 -13
515 -11
516 -13
517 -13
518 -12
519 -13
520 -11
521 -12
522 -13
523 -10
524 -19
525 -13
526 -13
527 -13
528 -11
529 -12
530 -13
531 -12
532 -13
533 -13
534 -12
535 -10
536 -12
537 -13
538 -12
539 -12
540 -13
541 -11
542 -12
543 -11
544 -10
545 -13
546 -10
547 -13
548 -13
549 -12
550 -13
551 -10
552 -12
553 -14
554 -11
555 -12
556 -13
557 -11
558 -12
559 -13
560 -13
561 -10
562 -13
563 -11
564 -11
565 -10
566 -11
567 -12
568 -13
569 -53
570 -13
571 -12
572 -11
573 -13
574 -13
575 -10
576 -13
577 -13
578 -12
579 -13
580 -11
581 -13
582 -13
583 -11
584 -10
585 -12
586 -12
587 -13
588 -10
589 -13
590 -11
591 -10
592 -13
593 -10
594 -12
595 -12
596 -12
597 -13
598 -14
599 -11
600 -13
601 -10
602 -12
603 -13
604 -12
605 -13
606 -13
607 -13
608 -11
609 -11
610 -11
611 -11
612 -12
613 -12
614 -13
615 -11
616 -10
617 -11
618 -13
619 -14
620 -11
621 -13
622 -13
623 -13
624 -13
625 -13
626 -11
627 -13
628 -10
629 -11
630 -10
631 -10
632 -13
633 -12
634 -10
635 -13
636 -24
637 -13
638 -12
639 -10
640 -11
641 -12
642 -10
643 -11
644 -13
645 -15
646 -13
647 -13
648 -13
649 -11
650 -23
651 -13
652 -11
653 -13
654 -10
655 -16
656 -13
657 -12
658 -11
659 -10
660 -11
661 -13
662 -13
663 -10
664 -11
665 -11
666 -11
667 -11
668 -11
669 -11
670 -12
671 -12
672 -13
673 -13
674 -13
675 -10
676 -13
677 -11
678 -13
679 -12
680 -12
681 -10
682 -12
683 -13
684 -10
685 -13
686 -12
687 -10
688 -13
689 -25
690 -10
691 -13
692 -13
693 -12
694 -10
695 -13
696 -12
697 -11
698 -12
699 -13
700 -32
701 -11
702 -13
703 -13
704 -16
705 -10
706 -12
707 -12
708 -13
709 -11
710 -11
711 -11
712 -13
713 -10
714 -11
715 -13
716 -10
717 -11
718 -13
719 -13
720 -13
721 -11
722 -10
723 -13
724 -11
725 -11
726 -13
727 -13
728 -13
729 -13
730 -11
731 -13
732 -13
733 -13
734 -11
735 -12
736 -13
737 -27
738 -13
739 -13
740 -13
741 -12
742 -10
743 -13
744 -13
745 -13
746 -33
747 -10
748 -10
749 -13
750 -11
751 -12
752 -11
753 -21
754 -10
755 -10
756 -13
757 -13
758 -12
759 -10
760 -16
761 -11
762 -13
763 -13
764 -13
765 -11
766 -13
767 -13
768 -13
769 -12
770 -13
771 -10
772 -11
773 -11
774 -18
775 -13
776 -12
777 -13
778 -13
779 -12
780 -11
781 -13
782 -11
783 -13
784 -11
785 -13
786 -13
787 -13
788 -13
789 -12
790 -10
791 -12
792 -12
793 -13
794 -11
795 -11
796 -13
797 -10
798 -12
799 -10
800 -10
801 -10
802 -11
803 -13
804 -13
805 -11
806 -12
807 -12
808 -13
809 -13
810 -12
811 -11
812 -12
813 -13
814 -11
815 -13
816 -13
817 -10
818 -13
819 -13
820 -12
821 -11
822 -12
823 -10
824 -10
825 -13
826 -13
827 -11
828 -13
829 -12
830 -10
831 -10
832 -12
833 -13
834 -11
835 -11
836 -13
837 -13
838 -13
839 -11
840 -11
841 -10
842 -10
843 -10
844 -12
845 -13
846 -10
847 -12
848 -12
849 -13
850 -11
851 -10
852 -11
853 -12
854 -13
855 -10
856 -12
857 -10
858 -20
859 -12
860 -18
861 -13
862 -11
863 -12
864 -13
865 -11
866 -11
867 -13
868 -13
869 -13
870 -11
871 -13
872 -12
873 -13
874 -13
875 -11
876 -12
877 -11
878 -72
879 -13
880 -13
881 -10
882 -13
883 -11
884 -12
885 -11
886 -10
887 -10
888 -11
889 -12
890 -12
891 -17
892 -10
893 -14
894 -13
895 -10
896 -11
897 -13
898 -13
899 -11
900 -12
901 -10
902 -17
903 -12
904 -17
905 -13
906 -13
907 -13
908 -10
909 -12
910 -10
911 -13
912 -13
913 -13
914 -11
915 -13
916 -12
917 -17
918 -12
919 -16
920 -13
921 -13
922 -10
923 -9
924 -12
925 -12
926 -10
927 -11
928 -11
929 -13
930 -13
931 -13
932 -12
933 -10
934 -11
935 -13
936 -13
937 -12
938 -11
939 -69
940 -13
941 -10
942 -11
943 -13
944 -13
945 -10
946 -13
947 -14
948 -13
949 -13
950 -11
951 -12
952 -12
953 -11
954 -10
955 -13
956 -10
957 -10
958 -13
959 -14
960 -12
961 -11
962 -13
963 -11
964 -11
965 -12
966 -10
967 -13
968 -12
969 -12
970 -12
971 -12
972 -10
973 -13
974 -13
975 -13
976 -11
977 -13
978 -20
979 -13
980 -13
981 -11
982 -11
983 -10
984 -13
985 -10
986 -13
987 -12
988 -10
989 -16
990 -13
991 -13
992 -11
993 -13
994 -11
995 -10
996 -10
997 -13
998 -10
999 -13
