0 -13
1 -11
2 -14
3 -13
4 -11
5 -16
6 -81
7 -12
8 -13
9 -13
10 -13
11 -11
12 -13
13 -10
14 -10
15 -11
16 -11
17 -12
18 -11
19 -13
20 -13
21 -12
22 -13
23 -13
24 -12
25 -11
26 -17
27 -12
28 -13
29 -14
30 -13
31 -10
32 -21
33 -13
34 -12
35 -14
36 -10
37 -12
38 -12
39 -13
40 -17
41 -11
42 -11
43 -10
44 -13
45 -12
46 -13
47 -12
48 -11
49 -10
50 -10
51 -12
52 -13
53 -10
54 -13
55 -10
56 -13
57 -13
58 -13
59 -13
60 -11
61 -13
62 -11
63 -13
64 -11
65 -12
66 -10
67 -13
68 -13
69 -10
70 -11
71 -11
72 -13
73 -13
74 -11
75 -12
76 -10
77 -11
78 -12
79 -12
80 -12
81 -12
82 -11
83 -11
84 -11
85 -12
86 -13
87 -11
88 -12
89 -13
90 -12
91 -10
92 -13
93 -19
94 -12
95 -13
96 -10
97 -12
98 -11
99 -11
100 -11
101 -16
102 -12
103 -13
104 -13
105 -13
106 -13
107 -11
108 -10
109 -12
110 -10
111 -12
112 -10
113 -11
114 -11
115 -13
116 -12
117 -13
118 -12
119 -16
120 -12
121 -13
122 -13
123 -12
124 -12
125 -10
126 -15
127 -11
128 -10
129 -10
130 -10
131 -10
132 -13
133 -10
134 -13
135 -12
136 -10
137 -12
138 -11
139 -11
140 -11
141 -11
142 -13
143 -11
144 -11
145 -13
146 -10
147 -10
148 -10
149 -10
150 -13
151 -13
152 -12
153 -10
154 -10
155 -13
156 -12
157 -12
158 -13
159 -11
160 -11
161 -13
162 -12
163 -11
164 -10
165 -12
166 -10
167 -10
168 -13
169 -12
170 -13
171 -13
172 -11
173 -10
174 -12
175 -13
176 -10
177 -11
178 -13
179 -11
180 -10
181 -13
182 -12
183 -11
184 -10
185 -11
186 -13
187 -13
188 -10
189 -13
190 -13
191 -10
192 -13
193 -11
194 -13
195 -10
196 -13
197 -13
198 -12
199 -11
200 -12
201 -13
202 -11
203 -10
204 -12
205 -13
206 -12
207 -11
208 -13
209 -10
210 -10
211 -11
212 -12
213 -12
214 -12
215 -11
216 -13
217 -13
218 -12
219 -11
220 -10
221 -11
222 -13
223 -13
224 -13
225 -11
226 -12
227 -13
228 -13
229 -13
230 -11
231 -12
232 -11
233 -10
234 -12
235 -10
236 -13
237 -13
238 -12
239 -11
240 -13
241 -12
242 -11
243 -11
244 -10
245 -11
246 -12
247 -10
248 -11
249 -13
250 -13
251 -10
252 -12
253 -12
254 -13
255 -11
256 -14
257 -11
258 -10
259 -11
260 -12
261 -13
262 -12
263 -12
264 -13
265 -13
266 -13
267 -13
268 -12
269 -13
270 -12
271 -12
272 -10
273 -12
274 -13
275 -11
276 -12
277 -13
278 -10
279 -11
280 -12
281 -13
282 -12
283 -10
284 -16
285 -13
286 -11
287 -12
288 -12
289 -11
290 -12
291 -10
292 -10
293 -13
294 -11
295 -13
296 -12
297 -11
298 -10
299 -10
300 -13
301 -13
302 -10
303 -10
304 -12
305 -13
306 -12
307 -13
308 -11
309 -11
310 -12
311 -13
312 -13
313 -13
314 -10
315 -12
316 -13
317 -13
318 -13
319 -14
320 -12
321 -13
322 -11
323 -10
324 -11
325 -10
326 -12
327 -13
328 -13
329 -12
330 -11
331 -13
332 -11
333 -11
334 -13
335 -10
336 -13
337 -13
338 -12
339 -13
340 -12
341 -13
342 -10
343 -11
344 -13
345 -11
346 -12
347 -13
348 -10
349 -13
350 -11
351 -13
352 -10
353 -13
354 -10
355 -10
356 -10
357 -12
358 -11
359 -11
360 -11
361 -12
362 -11
363 -10
364 -12
365 -12
366 -13
367 -12
368 -11
369 -11
370 -13
371 -12
372 -13
373 -13
374 -12
375 -11
376 -12
377 -10
378 -13
379 -13
380 -10
381 -13
382 -12
383 -13
384 -19
385 -13
386 -12
387 -13
388 -12
389 -13
390 -13
391 -10
392 -10
393 -13
394 -10
395 -13
396 -13
397 -13
398 -11
399 -11
400 -13
401 -12
402 -12
403 -11
404 -13
405 -13
406 -13
407 -11
408 -12
409 -13
410 -11
411 -13
412 -12
413 -13
414 -11
415 -13
416 -13
417 -13
418 -10
419 -13
420 -13
421 -10
422 -11
423 -13
424 -13
425 -13
426 -11
427 -11
428 -13
429 -13
430 -13
431 -10
432 -11
433 -13
434 -13
435 -12
436 -13
437 -10
438 -12
439 -13
440 -12
441 -11
442 -10
443 -12
444 -10
445 -10
446 -13
447 -13
448 -10
449 -11
450 -12
451 -13
452 -13
453 -13
454 -12
455 -13
456 -10
457 -12
458 -11
459 -12
460 -12
461 -12
462 -13
463 -12
464 -13
465 -10
466 -12
467 -10
468 -15
469 -13
470 -13
471 -12
472 -13
473 -10
474 -13
475 -12
476 -16
477 -13
478 -11
479 -10
480 -12
481 -13
482 -13
483 -12
484 -11
485 -10
486 -13
487 -11
488 -13
489 -10
490 -12
491 -13
492 -13
493 -10
494 -12
495 -11
496 -12
497 -12
498 -13
499 -15
500 -10
501 -11
502 -10
503 -10
504 -12
505 -12
506 -13
507 -10
508 -13
509 -13
510 -12
511 -11
512 -13
513 -12
514 -13
515 -11
516 -13
517 -11
518 -12
519 -13
520 -10
521 -12
522 -10
523 -10
524 -13
525 -13
526 -13
527 -12
528 -11
529 -13
530 -11
531 -11
532 -10
533 -10
534 -13
535 -14
536 -10
537 -11
538 -11
539 -13
540 -10
541 -12
542 -13
543 -10
544 -13
545 -10
546 -16
547 -10
548 -13
549 -13
550 -13
551 -13
552 -10
553 -12
554 -10
555 -13
556 -10
557 -11
558 -12
559 -12
560 -10
561 -12
562 -11
563 -10
564 -11
565 -13
566 -10
567 -14
568 -13
569 -12
570 -10
571 -13
572 -11
573 -13
574 -13
575 -16
576 -11
577 -12
578 -12
579 -11
580 -13
581 -13
582 -15
583 -10
584 -12
585 -11
586 -12
587 -13
588 -10
589 -10
590 -13
591 -13
592 -13
593 -13
594 -11
595 -10
596 -11
597 -10
598 -10
599 -11
600 -13
601 -10
602 -17
603 -13
604 -13
605 -14
606 -10
607 -12
608 -13
609 -13
610 -13
611 -10
612 -11
613 -12
614 -11
615 -13
616 -13
617 -13
618 -12
619 -13
620 -12
621 -13
622 -10
623 -12
624 -10
625 -12
626 -11
627 -10
628 -13
629 -13
630 -12
631 -10
632 -13
633 -13
634 -10
635 -12
636 -10
637 -10
638 -14
639 -11
640 -11
641 -10
642 -13
643 -13
644 -11
645 -13
646 -10
647 -10
648 -13
649 -13
650 -10
651 -13
652 -13
653 -13
654 -20
655 -10
656 -11
657 -11
658 -10
659 -13
660 -13
661 -10
662 -13
663 -13
664 -12
665 -10
666 -13
667 -10
668 -13
669 -11
670 -12
671 -11
672 -10
673 -10
674 -13
675 -11
676 -10
677 -10
678 -10
679 -12
680 -13
681 -19
682 -10
683 -12
684 -11
685 -13
686 -13
687 -13
688 -11
689 -13
690 -13
691 -88
692 -11
693 -10
694 -11
695 -10
696 -13
697 -11
698 -14
699 -12
700 -13
701 -10
702 -13
703 -12
704 -11
705 -11
706 -13
707 -11
708 -11
709 -13
710 -11
711 -11
712 -11
713 -10
714 -17
715 -10
716 -12
717 -13
718 -10
719 -12
720 -10
721 -13
722 -22
723 -12
724 -11
725 -13
726 -11
727 -12
728 -10
729 -13
730 -11
731 -12
732 -10
733 -13
734 -12
735 -11
736 -11
737 -13
738 -13
739 -13
740 -13
741 -12
742 -13
743 -13
744 -10
745 -10
746 -13
747 -12
748 -13
749 -13
750 -12
751 -13
752 -13
753 -13
754 -12
755 -10
756 -12
757 -12
758 -12
759 -12
760 -10
761 -13
762 -11
763 -12
764 -13
765 -13
766 -10
767 -13
768 -11
769 -16
770 -11
771 -13
772 -10
773 -13
774 -12
775 -13
776 -11
777 -11
778 -13
779 -13
780 -13
781 -13
782 -12
783 -13
784 -11
785 -12
786 -13
787 -13
788 -11
789 -13
790 -10
791 -11
792 -10
793 -12
794 -17
795 -11
796 -13
797 -12
798 -11
799 -11
800 -10
801 -13
802 -16
803 -10
804 -10
805 -13
806 -10
807 -13
808 -13
809 -12
810 -12
811 -10
812 -12
813 -13
814 -11
815 -11
816 -10
817 -12
818 -13
819 -12
820 -12
821 -10
822 -12
823 -13
824 -11
825 -13
826 -10
827 -12
828 -13
829 -11
830 -11
831 -13
832 -10
833 -10
834 -13
835 -11
836 -10
837 -13
838 -10
839 -10
840 -12
841 -13
842 -11
843 -13
844 -11
845 -10
846 -13
847 -13
848 -10
849 -12
850 -13
851 -10
852 -13
853 -10
854 -11
855 -10
856 -10
857 -13
858 -11
859 -11
860 -13
861 -12
862 -14
863 -13
864 -13
865 -13
866 -13
867 -11
868 -12
869 -10
870 -12
871 -13
872 -13
873 -12
874 -13
875 -12
876 -13
877 -12
878 -12
879 -12
880 -13
881 -102
882 -13
883 -11
884 -12
885 -13
886 -12
887 -10
888 -11
889 -11
890 -13
891 -13
892 -13
893 -10
894 -11
895 -13
896 -13
897 -12
898 -10
899 -13
900 -13
901 -10
902 -12
903 -13
904 -13
905 -10
906 -11
907 -12
908 -12
909 -12
910 -13
911 -11
912 -13
913 -11
914 -9
915 -13
916 -14
917 -10
918 -10
919 -10
920 -11
921 -13
922 -13
923 -16
924 -17
925 -13
926 -10
927 -13
928 -11
929 -10
930 -18
931 -12
932 -11
933 -13
934 -12
935 -13
936 -11
937 -12
938 -12
939 -13
940 -13
941 -10
942 -11
943 -13
944 -10
945 -13
946 -10
947 -10
948 -12
949 -13
950 -13
951 -10
952 -10
953 -13
954 -10
955 -13
956 -13
957 -13
958 -13
959 -10
960 -11
961 -12
962 -13
963 -12
964 -12
965 -13
966 -13
967 -11
968 -10
969 -11
970 -13
971 -13
972 -11
973 -11
974 -11
975 -12
976 -13
977 -13
978 -11
979 -11
980 -13
981 -13
982 -10
983 -13
984 -13
985 -11
986 -11
987 -12
988 -13
989 -11
990 -12
991 -12
992 -13
993 -10
994 -11
995 -13
996 -13
997 -11
998 -11
999 -10
