0 -11
1 -10
2 -11
3 -11
4 -11
5 -12
6 -13
7 -11
8 -13
9 -11
10 -17
11 -13
12 -11
13 -13
14 -10
15 -11
16 -13
17 -11
18 -15
19 -13
20 -13
21 -13
22 -13
23 -10
24 -11
25 -13
26 -16
27 -13
28 -13
29 -13
30 -13
31 -11
32 -13
33 -10
34 -10
35 -13
36 -13
37 -13
38 -13
39 -11
40 -13
41 -12
42 -10
43 -11
44 -13
45 -10
46 -12
47 -13
48 -11
49 -11
50 -11
51 -12
52 -13
53 -12
54 -11
55 -13
56 -12
57 -10
58 -11
59 -13
60 -11
61 -13
62 -12
63 -13
64 -10
65 -10
66 -10
67 -13
68 -11
69 -11
70 -13
71 -11
72 -11
73 -13
74 -12
75 -10
76 -11
77 -13
78 -11
79 -12
80 -10
81 -12
82 -18
83 -13
84 -13
85 -13
86 -10
87 -10
88 -13
89 -17
90 -11
91 -10
92 -10
93 -10
94 -13
95 -10
96 -12
97 -13
98 -10
99 -11
100 -11
101 -10
102 -13
103 -10
104 -12
105 -13
106 -11
107 -13
108 -13
109 -13
110 -11
111 -12
112 -13
113 -12
114 -10
115 -12
116 -10
117 -10
118 -13
119 -10
120 -12
121 -13
122 -15
123 -11
124 -11
125 -11
126 -12
127 -11
128 -12
129 -13
130 -12
131 -12
132 -10
133 -12
134 -13
135 -11
136 -12
137 -15
138 -12
139 -13
140 -11
141 -12
142 -10
143 -13
144 -12
145 -12
146 -11
147 -13
148 -13
149 -10
150 -12
151 -10
152 -13
153 -13
154 -13
155 -12
156 -11
157 -11
158 -11
159 -13
160 -13
161 -12
162 -13
163 -11
164 -10
165 -10
166 -12
167 -11
168 -12
169 -11
170 -12
171 -11
172 -10
173 -11
174 -10
175 -13
176 -12
177 -10
178 -13
179 -10
180 -10
181 -13
182 -10
183 -10
184 -13
185 -13
186 -11
187 -13
188 -13
189 -13
190 -12
191 -11
192 -13
193 -13
194 -11
195 -13
196 -11
197 -10
198 -11
199 -10
200 -12
201 -12
202 -12
203 -13
204 -13
205 -11
206 -11
207 -12
208 -12
209 -10
210 -13
211 -12
212 -11
213 -10
214 -13
215 -13
216 -12
217 -12
218 -13
219 -11
220 -11
221 -11
222 -13
223 -12
224 -13
225 -12
226 -11
227 -13
228 -11
229 -12
230 -11
231 -10
232 -11
233 -13
234 -10
235 -13
236 -13
237 -11
238 -13
239 -13
240 -13
241 -10
242 -13
243 -13
244 -13
245 -13
246 -13
247 -13
248 -10
249 -11
250 -13
251 -11
252 -10
253 -11
254 -13
255 -11
256 -13
257 -12
258 -11
259 -11
260 -12
261 -10
262 -11
263 -12
264 -13
265 -12
266 -10
267 -10
268 -13
269 -11
270 -13
271 -10
272 -10
273 -13
274 -10
275 -13
276 -13
277 -10
278 -11
279 -10
280 -13
281 -12
282 -13
283 -10
284 -12
285 -11
286 -13
287 -10
288 -13
289 -12
290 -13
291 -17
292 -12
293 -13
294 -11
295 -12
296 -13
297 -12
298 -11
299 -13
300 -12
301 -11
302 -13
303 -12
304 -13
305 -10
306 -13
307 -10
308 -13
309 -12
310 -13
311 -13
312 -13
313 -12
314 -13
315 -13
316 -16
317 -13
318 -10
319 -12
320 -12
321 -11
322 -14
323 -13
324 -11
325 -13
326 -13
327 -12
328 -10
329 -17
330 -13
331 -10
332 -13
333 -10
334 -11
335 -19
336 -13
337 -13
338 -11
339 -11
340 -12
341 -13
342 -12
343 -11
344 -10
345 -10
346 -13
347 -12
348 -10
349 -11
350 -13
351 -11
352 -12
353 -13
354 -12
355 -12
356 -10
357 -12
358 -10
359 -12
360 -11
361 -13
362 -10
363 -13
364 -13
365 -13
366 -12
367 -20
368 -13
369 -11
370 -11
371 -13
372 -18
373 -10
374 -11
375 -10
376 -10
377 -11
378 -12
379 -13
380 -11
381 -10
382 -13
383 -11
384 -12
385 -13
386 -13
387 -11
388 -11
389 -13
390 -11
391 -12
392 -21
393 -10
394 -11
395 -11
396 -13
397 -11
398 -13
399 -13
400 -12
401 -17
402 -10
403 -11
404 -13
405 -11
406 -15
407 -13
408 -12
409 -13
410 -13
411 -12
412 -11
413 -13
414 -13
415 -12
416 -13
417 -12
418 -13
419 -12
420 -13
421 -12
422 -10
423 -11
424 -12
425 -10
426 -12
427 -10
428 -10
429 -12
430 -13
431 -10
432 -13
433 -10
434 -10
435 -13
436 -12
437 -12
438 -12
439 -11
440 -13
441 -13
442 -12
443 -13
444 -10
445 -11
446 -11
447 -13
448 -13
449 -12
450 -12
451 -11
452 -15
453 -12
454 -11
455 -10
456 -12
457 -13
458 -13
459 -13
460 -13
461 -13
462 -12
463 -10
464 -13
465 -11
466 -12
467 -10
468 -12
469 -13
470 -13
471 -13
472 -11
473 -13
474 -10
475 -13
476 -11
477 -12
478 -10
479 -13
480 -13
481 -13
482 -12
483 -12
484 -13
485 -17
486 -12
487 -11
488 -11
489 -13
490 -19
491 -13
492 -11
493 -12
494 -13
495 -12
496 -12
497 -13
498 -11
499 -15
500 -13
501 -11
502 -13
503 -11
504 -13
505 -12
506 -13
507 -13
508 -16
509 -13
510 -13
511 -13
512 -16
513 -12
514 -13
515 -10
516 -11
517 -12
518 -13
519 -12
520 -24
521 -11
522 -13
523 -10
524 -10
525 -13
526 -11
527 -13
528 -13
529 -13
530 -13
531 -13
532 -11
533 -11
534 -10
535 -13
536 -13
537 -13
538 -10
539 -11
540 -13
541 -11
542 -14
543 -11
544 -14
545 -13
546 -13
547 -12
548 -10
549 -11
550 -13
551 -12
552 -11
553 -10
554 -13
555 -10
556 -10
557 -12
558 -14
559 -10
560 -11
561 -11
562 -11
563 -11
564 -15
565 -13
566 -12
567 -13
568 -13
569 -13
570 -10
571 -12
572 -12
573 -12
574 -13
575 -13
576 -10
577 -10
578 -11
579 -11
580 -12
581 -11
582 -12
583 -13
584 -10
585 -10
586 -13
587 -10
588 -10
589 -13
590 -13
591 -11
592 -12
593 -10
594 -10
595 -12
596 -10
597 -13
598 -11
599 -11
600 -13
601 -10
602 -12
603 -13
604 -12
605 -13
606 -11
607 -12
608 -13
609 -10
610 -16
611 -11
612 -10
613 -13
614 -10
615 -11
616 -10
617 -11
618 -11
619 -11
620 -11
621 -13
622 -12
623 -10
624 -13
625 -13
626 -11
627 -13
628 -10
629 -13
630 -12
631 -13
632 -13
633 -13
634 -10
635 -13
636 -11
637 -10
638 -12
639 -10
640 -11
641 -10
642 -10
643 -11
644 -16
645 -13
646 -10
647 -11
648 -11
649 -11
650 -10
651 -12
652 -10
653 -13
654 -11
655 -13
656 -13
657 -11
658 -13
659 -11
660 -13
661 -13
662 -10
663 -13
664 -13
665 -14
666 -11
667 -10
668 -11
669 -11
670 -11
671 -20
672 -13
673 -11
674 -13
675 -10
676 -11
677 -12
678 -13
679 -13
680 -13
681 -13
682 -13
683 -13
684 -13
685 -13
686 -13
687 -13
688 -11
689 -10
690 -13
691 -13
692 -13
693 -13
694 -13
695 -13
696 -10
697 -13
698 -11
699 -13
700 -11
701 -17
702 -10
703 -11
704 -10
705 -13
706 -13
707 -13
708 -17
709 -11
710 -13
711 -10
712 -11
713 -13
714 -13
715 -13
716 -10
717 -14
718 -10
719 -14
720 -11
721 -17
722 -12
723 -13
724 -15
725 -13
726 -11
727 -13
728 -13
729 -23
730 -13
731 -13
732 -12
733 -11
734 -13
735 -13
736 -12
737 -17
738 -10
739 -10
740 -13
741 -13
742 -10
743 -20
744 -11
745 -13
746 -11
747 -12
748 -13
749 -13
750 -10
751 -11
752 -11
753 -13
754 -13
755 -13
756 -11
757 -11
758 -13
759 -13
760 -10
761 -13
762 -13
763 -11
764 -13
765 -13
766 -12
767 -11
768 -11
769 -11
770 -12
771 -12
772 -13
773 -10
774 -12
775 -13
776 -12
777 -12
778 -13
779 -11
780 -13
781 -10
782 -11
783 -17
784 -13
785 -13
786 -13
787 -13
788 -10
789 -13
790 -10
791 -11
792 -12
793 -10
794 -13
795 -12
796 -12
797 -10
798 -13
799 -11
800 -11
801 -10
802 -13
803 -13
804 -15
805 -12
806 -12
807 -13
808 -13
809 -12
810 -10
811 -11
812 -13
813 -13
814 -10
815 -13
816 -12
817 -10
818 -13
819 -11
820 -13
821 -13
822 -12
823 -13
824 -13
825 -13
826 -13
827 -13
828 -10
829 -10
830 -13
831 -10
832 -13
833 -11
834 -13
835 -11
836 -10
837 -13
838 -13
839 -13
840 -17
841 -13
842 -10
843 -12
844 -12
845 -13
846 -13
847 -10
848 -13
849 -13
850 -15
851 -12
852 -10
853 -13
854 -13
855 -13
856 -12
857 -10
858 -11
859 -13
860 -13
861 -13
862 -31
863 -10
864 -11
865 -17
866 -12
867 -11
868 -12
869 -12
870 -10
871 -13
872 -14
873 -10
874 -13
875 -11
876 -10
877 -11
878 -17
879 -11
880 -12
881 -13
882 -10
883 -10
884 -17
885 -10
886 -13
887 -11
888 -13
889 -13
890 -12
891 -13
892 -13
893 -11
894 -13
895 -14
896 -13
897 -11
898 -13
899 -11
900 -13
901 -11
902 -13
903 -12
904 -11
905 -12
906 -10
907 -11
908 -14
909 -12
910 -10
911 -12
912 -12
913 -12
914 -13
915 -12
916 -13
917 -13
918 -13
919 -11
920 -13
921 -13
922 -11
923 -13
924 -12
925 -11
926 -10
927 -13
928 -11
929 -11
930 -13
931 -13
932 -12
933 -12
934 -10
935 -12
936 -10
937 -10
938 -10
939 -13
940 -12
941 -13
942 -10
943 -10
944 -13
945 -13
946 -13
947 -13
948 -12
949 -13
950 -12
951 -13
952 -12
953 -11
954 -10
955 -11
956 -11
957 -13
958 -11
959 -10
960 -13
961 -15
962 -11
963 -12
964 -10
965 -10
966 -12
967 -13
968 -12
969 -13
970 -13
971 -11
972 -10
973 -12
974 -10
975 -10
976 -11
977 -12
978 -12
979 -13
980 -11
981 -13
982 -13
983 -10
984 -11
985 -11
986 -12
987 -13
988 -10
989 -12
990 -10
991 -10
992 -12
993 -11
994 -13
995 -13
996 -12
997 -11
998 -12
999 -20
