0 -13
1 -14
2 -12
3 -11
4 -13
5 -12
6 -12
7 -11
8 -13
9 -11
10 -13
11 -10
12 -11
13 -13
14 -13
15 -14
16 -12
17 -13
18 -13
19 -12
20 -18
21 -13
22 -13
23 -13
24 -13
25 -13
26 -12
27 -11
28 -10
29 -10
30 -10
31 -11
32 -13
33 -13
34 -11
35 -11
36 -13
37 -10
38 -10
39 -13
40 -11
41 -12
42 -13
43 -12
44 -13
45 -13
46 -13
47 -11
48 -11
49 -13
50 -13
51 -11
52 -11
53 -13
54 -21
55 -13
56 -13
57 -13
58 -11
59 -13
60 -14
61 -12
62 -12
63 -10
64 -13
65 -13
66 -11
67 -11
68 -13
69 -10
70 -13
71 -10
72 -10
73 -14
74 -12
75 -13
76 -10
77 -13
78 -11
79 -11
80 -13
81 -11
82 -13
83 -13
84 -12
85 -13
86 -12
87 -12
88 -10
89 -13
90 -13
91 -13
92 -17
93 -13
94 -17
95 -13
96 -11
97 -11
98 -10
99 -13
100 -13
101 -13
102 -13
103 -13
104 -13
105 -10
106 -10
107 -13
108 -12
109 -11
110 -12
111 -13
112 -10
113 -13
114 -12
115 -11
116 -10
117 -11
118 -14
119 -13
120 -13
121 -12
122 -16
123 -12
124 -13
125 -13
126 -12
127 -15
128 -10
129 -13
130 -10
131 -10
132 -10
133 -13
134 -12
135 -12
136 -10
137 -10
138 -13
139 -11
140 -13
141 -10
142 -12
143 -12
144 -10
145 -11
146 -10
147 -10
148 -12
149 -10
150 -12
151 -12
152 -10
153 -13
154 -13
155 -13
156 -13
157 -13
158 -10
159 -12
160 -10
161 -12
162 -11
163 -12
164 -11
165 -11
166 -13
167 -11
168 -11
169 -12
170 -11
171 -13
172 -12
173 -13
174 -13
175 -13
176 -12
177 -13
178 -11
179 -13
180 -13
181 -11
182 -13
183 -12
184 -12
185 -13
186 -13
187 -13
188 -12
189 -10
190 -13
191 -13
192 -15
193 -13
194 -10
195 -12
196 -13
197 -11
198 -12
199 -13
200 -12
201 -12
202 -20
203 -11
204 -10
205 -13
206 -13
207 -13
208 -11
209 -12
210 -11
211 -13
212 -13
213 -11
214 -10
215 -13
216 -10
217 -11
218 -10
219 -13
220 -10
221 -12
222 -13
223 -11
224 -11
225 -10
226 -13
227 -10
228 -13
229 -13
230 -12
231 -11
232 -13
233 -11
234 -10
235 -11
236 -10
237 -11
238 -10
239 -10
240 -12
241 -11
242 -11
243 -13
244 -11
245 -13
246 -12
247 -12
248 -13
249 -13
250 -10
251 -13
252 -13
253 -10
254 -13
255 -11
256 -12
257 -12
258 -13
259 -12
260 -10
261 -13
262 -13
263 -13
264 -12
265 -13
266 -13
267 -10
268 -13
269 -13
270 -13
271 -12
272 -11
273 -13
274 -17
275 -13
276 -11
277 -13
278 -11
279 -13
280 -12
281 -12
282 -10
283 -11
284 -13
285 -10
286 -10
287 -13
288 -10
289 -11
290 -13
291 -11
292 -11
293 -17
294 -11
295 -13
296 -12
297 -10
298 -13
299 -12
300 -13
301 -10
302 -13
303 -13
304 -10
305 -11
306 -13
307 -13
308 -11
309 -13
310 -10
311 -12
312 -12
313 -10
314 -10
315 -13
316 -12
317 -12
318 -11
319 -13
320 -11
321 -13
322 -13
323 -13
324 -11
325 -10
326 -12
327 -11
328 -13
329 -12
330 -10
331 -11
332 -11
333 -11
334 -12
335 -13
336 -11
337 -10
338 -13
339 -13
340 -13
341 -11
342 -11
343 -11
344 -13
345 -12
346 -13
347 -11
348 -10
349 -12
350 -11
351 -10
352 -10
353 -11
354 -12
355 -13
356 -13
357 -12
358 -11
359 -11
360 -13
361 -15
362 -12
363 -12
364 -10
365 -13
366 -10
367 -11
368 -13
369 -12
370 -22
371 -11
372 -13
373 -12
374 -10
375 -12
376 -13
377 -13
378 -11
379 -12
380 -10
381 -13
382 -12
383 -10
384 -10
385 -13
386 -13
387 -13
388 -13
389 -13
390 -12
391 -13
392 -10
393 -10
394 -10
395 -13
396 -13
397 -13
398 -11
399 -10
400 -10
401 -10
402 -11
403 -13
404 -10
405 -13
406 -13
407 -11
408 -10
409 -13
410 -12
411 -12
412 -13
413 -10
414 -16
415 -12
416 -13
417 -13
418 -10
419 -17
420 -12
421 -10
422 -13
423 -12
424 -20
425 -13
426 -10
427 -10
428 -12
429 -12
430 -12
431 -11
432 -11
433 -13
434 -11
435 -12
436 -9
437 -12
438 -12
439 -10
440 -10
441 -13
442 -11
443 -11
444 -13
445 -11
446 -13
447 -16
448 -11
449 -13
450 -13
451 -13
452 -12
453 -12
454 -12
455 -13
456 -11
457 -13
458 -10
459 -13
460 -12
461 -12
462 -11
463 -13
464 -11
465 -11
466 -13
467 -13
468 -13
469 -11
470 -12
471 -11
472 -10
473 -13
474 -12
475 -13
476 -12
477 -13
478 -13
479 -12
480 -12
481 -11
482 -13
483 -11
484 -13
485 -12
486 -12
487 -10
488 -11
489 -13
490 -12
491 -11
492 -13
493 -11
494 -13
495 -10
496 -12
497 -13
498 -12
499 -13
500 -13
501 -11
502 -12
503 -10
504 -11
505 -13
506 -13
507 -10
508 -12
509 -11
510 -12
511 -13
512 -10
513 -13
514 -15
515 -11
516 -12
517 -13
518 -13
519 -17
520 -11
521 -11
522 -13
523 -13
524 -10
525 -12
526 -17
527 -10
528 -13
529 -13
530 -12
531 -12
532 -17
533 -14
534 -13
535 -12
536 -13
537 -12
538 -13
539 -12
540 -10
541 -11
542 -12
543 -38
544 -12
545 -13
546 -10
547 -11
548 -12
549 -12
550 -10
551 -13
552 -12
553 -13
554 -11
555 -19
556 -13
557 -11
558 -11
559 -13
560 -19
561 -13
562 -10
563 -10
564 -10
565 -11
566 -13
567 -12
568 -13
569 -11
570 -10
571 -13
572 -13
573 -16
574 -13
575 -10
576 -11
577 -13
578 -12
579 -10
580 -12
581 -11
582 -13
583 -12
584 -12
585 -17
586 -13
587 -11
588 -13
589 -10
590 -10
591 -13
592 -13
593 -13
594 -11
595 -11
596 -12
597 -13
598 -12
599 -12
600 -12
601 -11
602 -13
603 -11
604 -10
605 -11
606 -11
607 -13
608 -13
609 -12
610 -21
611 -10
612 -11
613 -13
614 -13
615 -11
616 -12
617 -13
618 -13
619 -12
620 -11
621 -11
622 -12
623 -13
624 -10
625 -12
626 -10
627 -12
628 -10
629 -12
630 -11
631 -13
632 -13
633 -16
634 -13
635 -10
636 -11
637 -10
638 -13
639 -13
640 -13
641 -10
642 -11
643 -10
644 -13
645 -13
646 -10
647 -12
648 -10
649 -10
650 -13
651 -11
652 -13
653 -10
654 -11
655 -12
656 -13
657 -13
658 -10
659 -16
660 -17
661 -11
662 -10
663 -13
664 -10
665 -10
666 -12
667 -11
668 -13
669 -11
670 -13
671 -11
672 -13
673 -13
674 -11
675 -13
676 -11
677 -11
678 -12
679 -10
680 -11
681 -13
682 -13
683 -11
684 -12
685 -11
686 -10
687 -13
688 -12
689 -17
690 -13
691 -13
692 -13
693 -14
694 -11
695 -10
696 -11
697 -11
698 -10
699 -10
700 -13
701 -11
702 -10
703 -11
704 -13
705 -13
706 -12
707 -10
708 -11
709 -13
710 -10
711 -13
712 -13
713 -13
714 -11
715 -10
716 -18
717 -13
718 -12
719 -14
720 -12
721 -12
722 -12
723 -11
724 -11
725 -13
726 -11
727 -12
728 -13
729 -13
730 -13
731 -12
732 -10
733 -14
734 -13
735 -11
736 -13
737 -12
738 -12
739 -12
740 -12
741 -13
742 -12
743 -12
744 -11
745 -12
746 -13
747 -13
748 -10
749 -10
750 -10
751 -13
752 -10
753 -13
754 -16
755 -11
756 -13
757 -11
758 -11
759 -13
760 -16
761 -11
762 -13
763 -13
764 -11
765 -10
766 -13
767 -13
768 -16
769 -13
770 -13
771 -11
772 -12
773 -12
774 -13
775 -13
776 -12
777 -10
778 -13
779 -13
780 -12
781 -13
782 -10
783 -12
784 -10
785 -13
786 -10
787 -12
788 -25
789 -13
790 -10
791 -13
792 -20
793 -12
794 -13
795 -15
796 -10
797 -11
798 -13
799 -12
800 -13
801 -10
802 -10
803 -12
804 -11
805 -13
806 -10
807 -13
808 -11
809 -11
810 -11
811 -13
812 -13
813 -11
814 -12
815 -13
816 -10
817 -10
818 -11
819 -13
820 -13
821 -11
822 -13
823 -12
824 -13
825 -12
826 -11
827 -11
828 -10
829 -13
830 -11
831 -12
832 -11
833 -11
834 -12
835 -13
836 -13
837 -16
838 -13
839 -13
840 -13
841 -11
842 -13
843 -10
844 -13
845 -13
846 -10
847 -10
848 -10
849 -13
850 -13
851 -10
852 -10
853 -10
854 -13
855 -12
856 -13
857 -13
858 -12
859 -13
860 -12
861 -10
862 -13
863 -13
864 -10
865 -13
866 -13
867 -12
868 -12
869 -11
870 -12
871 -12
872 -13
873 -12
874 -11
875 -13
876 -13
877 -13
878 -10
879 -10
880 -11
881 -13
882 -13
883 -13
884 -11
885 -12
886 -13
887 -12
888 -13
889 -12
890 -10
891 -13
892 -13
893 -12
894 -12
895 -12
896 -11
897 -13
898 -10
899 -11
900 -11
901 -17
902 -11
903 -12
904 -10
905 -13
906 -10
907 -12
908 -11
909 -13
910 -12
911 -10
912 -10
913 -10
914 -13
915 -13
916 -12
917 -13
918 -13
919 -13
920 -13
921 -13
922 -13
923 -13
924 -12
925 -12
926 -11
927 -13
928 -11
929 -12
930 -12
931 -12
932 -11
933 -10
934 -11
935 -13
936 -10
937 -10
938 -11
939 -11
940 -10
941 -12
942 -16
943 -13
944 -13
945 -11
946 -12
947 -10
948 -10
949 -11
950 -10
951 -11
952 -11
953 -11
954 -12
955 -10
956 -10
957 -13
958 -12
959 -11
960 -11
961 -10
962 -13
963 -10
964 -12
965 -11
966 -10
967 -10
968 -13
969 -12
970 -13
971 -11
972 -10
973 -16
974 -13
975 -13
976 -13
977 -10
978 -12
979 -11
980 -13
981 -13
982 -11
983 -11
984 -13
985 -10
986 -10
987 -13
988 -10
989 -13
990 -13
991 -12
992 -10
993 -11
994 -12
995 -12
996 -16
997 -10
998 -11
999 -12
