0 -13
1 -13
2 -10
3 -13
4 -13
5 -13
6 -12
7 -12
8 -10
9 -13
10 -13
11 -13
12 -10
13 -13
14 -13
15 -12
16 -11
17 -13
18 -13
19 -11
20 -12
21 -12
22 -13
23 -11
24 -11
25 -12
26 -11
27 -10
28 -10
29 -12
30 -17
31 -12
32 -11
33 -11
34 -11
35 -12
36 -10
37 -13
38 -12
39 -11
40 -12
41 -10
42 -11
43 -14
44 -10
45 -13
46 -13
47 -13
48 -10
49 -13
50 -10
51 -13
52 -10
53 -12
54 -12
55 -13
56 -11
57 -13
58 -13
59 -12
60 -13
61 -14
62 -13
63 -13
64 -11
65 -13
66 -11
67 -12
68 -12
69 -13
70 -12
71 -13
72 -13
73 -13
74 -12
75 -16
76 -13
77 -13
78 -10
79 -13
80 -13
81 -10
82 -10
83 -13
84 -16
85 -10
86 -10
87 -12
88 -10
89 -11
90 -13
91 -10
92 -13
93 -12
94 -13
95 -13
96 -12
97 -11
98 -13
99 -10
100 -11
101 -10
102 -12
103 -11
104 -13
105 -10
106 -12
107 -13
108 -13
109 -12
110 -11
111 -13
112 -10
113 -16
114 -13
115 -13
116 -12
117 -13
118 -13
119 -9
120 -12
121 -11
122 -12
123 -13
124 -13
125 -13
126 -13
127 -12
128 -11
129 -11
130 -10
131 -13
132 -12
133 -13
134 -13
135 -11
136 -10
137 -13
138 -16
139 -11
140 -12
141 -13
142 -12
143 -12
144 -13
145 -13
146 -10
147 -12
148 -12
149 -12
150 -10
151 -13
152 -13
153 -10
154 -13
155 -13
156 -11
157 -10
158 -13
159 -12
160 -10
161 -13
162 -13
163 -12
164 -12
165 -10
166 -10
167 -10
168 -10
169 -11
170 -13
171 -10
172 -11
173 -13
174 -12
175 -13
176 -13
177 -13
178 -13
179 -11
180 -11
181 -12
182 -13
183 -15
184 -12
185 -12
186 -11
187 -12
188 -12
189 -13
190 -10
191 -11
192 -13
193 -12
194 -12
195 -12
196 -13
197 -11
198 -10
199 -12
200 -13
201 -10
202 -13
203 -10
204 -11
205 -12
206 -13
207 -10
208 -12
209 -12
210 -11
211 -10
212 -13
213 -10
214 -10
215 -13
216 -13
217 -11
218 -12
219 -12
220 -10
221 -11
222 -13
223 -12
224 -11
225 -13
226 -12
227 -11
228 -11
229 -10
230 -16
231 -12
232 -13
233 -12
234 -16
235 -13
236 -12
237 -13
238 -13
239 -12
240 -11
241 -13
242 -10
243 -15
244 -10
245 -12
246 -11
247 -12
248 -13
249 -21
250 -13
251 -10
252 -13
253 -13
254 -13
255 -11
256 -10
257 -11
258 -12
259 -12
260 -13
261 -13
262 -10
263 -11
264 -13
265 -13
266 -10
267 -13
268 -12
269 -11
270 -13
271 -10
272 -13
273 -15
274 -12
275 -12
276 -12
277 -12
278 -13
279 -13
280 -10
281 -13
282 -13
283 -13
284 -11
285 -16
286 -13
287 -17
288 -11
289 -10
290 -12
291 -10
292 -10
293 -10
294 -12
295 -10
296 -10
297 -12
298 -10
299 -13
300 -13
301 -12
302 -13
303 -12
304 -10
305 -13
306 -13
307 -13
308 -12
309 -12
310 -13
311 -13
312 -13
313 -12
314 -13
315 -12
316 -13
317 -13
318 -10
319 -12
320 -13
321 -12
322 -10
323 -11
324 -13
325 -12
326 -11
327 -12
328 -12
329 -12
330 -10
331 -10
332 -13
333 -12
334 -13
335 -13
336 -10
337 -10
338 -10
339 -13
340 -10
341 -16
342 -11
343 -13
344 -12
345 -11
346 -12
347 -11
348 -10
349 -13
350 -12
351 -13
352 -13
353 -11
354 -13
355 -11
356 -13
357 -13
358 -12
359 -11
360 -10
361 -10
362 -11
363 -13
364 -13
365 -13
366 -12
367 -13
368 -11
369 -13
370 -12
371 -11
372 -13
373 -10
374 -12
375 -12
376 -11
377 -13
378 -11
379 -13
380 -10
381 -12
382 -11
383 -12
384 -10
385 -11
386 -13
387 -10
388 -12
389 -10
390 -12
391 -10
392 -13
393 -13
394 -10
395 -10
396 -11
397 -13
398 -13
399 -10
400 -12
401 -12
402 -12
403 -11
404 -13
405 -13
406 -10
407 -12
408 -13
409 -13
410 -13
411 -13
412 -13
413 -10
414 -12
415 -13
416 -12
417 -10
418 -11
419 -11
420 -11
421 -10
422 -10
423 -13
424 -12
425 -13
426 -13
427 -13
428 -13
429 -13
430 -11
431 -10
432 -10
433 -12
434 -13
435 -13
436 -13
437 -12
438 -10
439 -12
440 -12
441 -12
442 -17
443 -11
444 -11
445 -10
446 -12
447 -10
448 -13
449 -13
450 -13
451 -11
452 -12
453 -13
454 -10
455 -10
456 -13
457 -11
458 -12
459 -16
460 -11
461 -11
462 -12
463 -17
464 -13
465 -10
466 -13
467 -13
468 -12
469 -11
470 -13
471 -10
472 -12
473 -14
474 -13
475 -12
476 -12
477 -12
478 -12
479 -11
480 -11
481 -10
482 -13
483 -13
484 -11
485 -12
486 -11
487 -13
488 -16
489 -12
490 -12
491 -11
492 -10
493 -13
494 -11
495 -10
496 -13
497 -13
498 -12
499 -13
500 -11
501 -10
502 -12
503 -11
504 -13
505 -13
506 -13
507 -11
508 -12
509 -10
510 -11
511 -13
512 -11
513 -13
514 -15
515 -13
516 -13
517 -12
518 -47
519 -10
520 -11
521 -13
522 -16
523 -10
524 -14
525 -11
526 -13
527 -11
528 -11
529 -12
530 -10
531 -13
532 -13
533 -11
534 -11
535 -16
536 -13
537 -13
538 -12
539 -10
540 -10
541 -12
542 -10
543 -11
544 -12
545 -10
546 -13
547 -13
548 -12
549 -11
550 -11
551 -11
552 -13
553 -10
554 -11
555 -12
556 -19
557 -13
558 -10
559 -12
560 -13
561 -13
562 -11
563 -11
564 -11
565 -13
566 -10
567 -11
568 -12
569 -12
570 -13
571 -12
572 -13
573 -12
574 -10
575 -12
576 -10
577 -13
578 -12
579 -10
580 -15
581 -12
582 -11
583 -13
584 -11
585 -12
586 -12
587 -13
588 -12
589 -10
590 -13
591 -11
592 -11
593 -11
594 -13
595 -13
596 -11
597 -10
598 -13
599 -11
600 -10
601 -10
602 -11
603 -11
604 -13
605 -19
606 -13
607 -10
608 -15
609 -12
610 -11
611 -15
612 -13
613 -13
614 -14
615 -11
616 -12
617 -17
618 -13
619 -12
620 -10
621 -12
622 -12
623 -10
624 -13
625 -11
626 -12
627 -13
628 -13
629 -12
630 -11
631 -10
632 -12
633 -10
634 -15
635 -11
636 -13
637 -13
638 -10
639 -20
640 -13
641 -11
642 -13
643 -13
644 -15
645 -12
646 -13
647 -12
648 -10
649 -13
650 -10
651 -13
652 -13
653 -13
654 -11
655 -12
656 -13
657 -11
658 -13
659 -13
660 -13
661 -11
662 -12
663 -12
664 -10
665 -11
666 -13
667 -14
668 -12
669 -13
670 -10
671 -13
672 -12
673 -13
674 -13
675 -13
676 -13
677 -10
678 -12
679 -10
680 -13
681 -13
682 -10
683 -13
684 -10
685 -13
686 -13
687 -23
688 -13
689 -13
690 -13
691 -12
692 -12
693 -10
694 -12
695 -11
696 -10
697 -11
698 -11
699 -11
700 -12
701 -11
702 -12
703 -13
704 -13
705 -12
706 -11
707 -13
708 -13
709 -13
710 -13
711 -13
712 -17
713 -11
714 -10
715 -10
716 -10
717 -10
718 -13
719 -13
720 -12
721 -13
722 -12
723 -13
724 -12
725 -13
726 -11
727 -13
728 -13
729 -11
730 -13
731 -13
732 -13
733 -10
734 -11
735 -11
736 -10
737 -10
738 -11
739 -11
740 -13
741 -13
742 -12
743 -12
744 -12
745 -12
746 -10
747 -13
748 -10
749 -11
750 -10
751 -13
752 -11
753 -11
754 -15
755 -10
756 -10
757 -10
758 -10
759 -13
760 -11
761 -11
762 -13
763 -13
764 -20
765 -12
766 -11
767 -11
768 -12
769 -11
770 -13
771 -13
772 -13
773 -11
774 -11
775 -13
776 -11
777 -13
778 -12
779 -10
780 -10
781 -15
782 -11
783 -10
784 -11
785 -13
786 -11
787 -13
788 -13
789 -11
790 -10
791 -11
792 -13
793 -12
794 -13
795 -13
796 -13
797 -13
798 -13
799 -10
800 -11
801 -10
802 -11
803 -11
804 -13
805 -13
806 -13
807 -12
808 -12
809 -13
810 -13
811 -12
812 -13
813 -10
814 -13
815 -12
816 -13
817 -10
818 -13
819 -13
820 -13
821 -10
822 -14
823 -10
824 -12
825 -12
826 -10
827 -13
828 -11
829 -11
830 -13
831 -13
832 -13
833 -13
834 -13
835 -13
836 -13
837 -15
838 -12
839 -12
840 -12
841 -10
842 -23
843 -13
844 -13
845 -13
846 -13
847 -11
848 -12
849 -11
850 -13
851 -13
852 -10
853 -12
854 -11
855 -11
856 -13
857 -13
858 -10
859 -12
860 -13
861 -10
862 -11
863 -10
864 -13
865 -12
866 -12
867 -12
868 -13
869 -10
870 -13
871 -12
872 -13
873 -13
874 -13
875 -9
876 -11
877 -13
878 -11
879 -12
880 -12
881 -10
882 -12
883 -13
884 -11
885 -11
886 -12
887 -12
888 -10
889 -13
890 -13
891 -13
892 -13
893 -12
894 -10
895 -98
896 -14
897 -13
898 -12
899 -12
900 -12
901 -12
902 -10
903 -13
904 -13
905 -11
906 -13
907 -12
908 -10
909 -12
910 -12
911 -10
912 -13
913 -13
914 -12
915 -13
916 -13
917 -10
918 -11
919 -13
920 -10
921 -13
922 -13
923 -12
924 -11
925 -13
926 -12
927 -13
928 -13
929 -13
930 -10
931 -11
932 -13
933 -13
934 -12
935 -13
936 -12
937 -10
938 -17
939 -10
940 -12
941 -13
942 -13
943 -12
944 -11
945 -10
946 -11
947 -13
948 -13
949 -13
950 -11
951 -12
952 -13
953 -11
954 -11
955 -11
956 -10
957 -12
958 -15
959 -10
960 -10
961 -12
962 -12
963 -12
964 -11
965 -10
966 -10
967 -14
968 -14
969 -11
970 -13
971 -13
972 -12
973 -10
974 -13
975 -13
976 -11
977 -12
978 -13
979 -13
980 -10
981 -13
982 -11
983 -12
984 -10
985 -12
986 -13
987 -10
988 -13
989 -11
990 -10
991 -13
992 -10
993 -13
994 -11
995 -13
996 -11
997 -13
998 -12
999 -11
