0 -13
1 -13
2 -12
3 -13
4 -12
5 -11
6 -13
7 -13
8 -13
9 -12
10 -12
11 -11
12 -12
13 -13
14 -12
15 -13
16 -13
17 -10
18 -13
19 -13
20 -12
21 -13
22 -13
23 -13
24 -12
25 -10
26 -13
27 -11
28 -13
29 -11
30 -10
31 -13
32 -11
33 -12
34 -12
35 -13
36 -10
37 -10
38 -12
39 -13
40 -11
41 -20
42 -11
43 -13
44 -13
45 -10
46 -13
47 -12
48 -13
49 -13
50 -15
51 -12
52 -10
53 -11
54 -17
55 -11
56 -12
57 -13
58 -12
59 -13
60 -12
61 -13
62 -11
63 -13
64 -13
65 -12
66 -13
67 -11
68 -11
69 -15
70 -13
71 -13
72 -11
73 -10
74 -13
75 -11
76 -13
77 -10
78 -13
79 -13
80 -12
81 -10
82 -10
83 -13
84 -10
85 -13
86 -12
87 -12
88 -13
89 -11
90 -13
91 -12
92 -13
93 -10
94 -13
95 -13
96 -11
97 -11
98 -13
99 -13
100 -13
101 -10
102 -10
103 -13
104 -11
105 -13
106 -13
107 -13
108 -16
109 -13
110 -10
111 -10
112 -12
113 -13
114 -11
115 -11
116 -12
117 -10
118 -11
119 -10
120 -13
121 -14
122 -13
123 -12
124 -12
125 -10
126 -13
127 -13
128 -11
129 -10
130 -13
131 -10
132 -13
133 -13
134 -12
135 -12
136 -11
137 -10
138 -11
139 -11
140 -21
141 -10
142 -10
143 -12
144 -15
145 -12
146 -11
147 -11
148 -10
149 -12
150 -13
151 -10
152 -13
153 -10
154 -10
155 -11
156 -13
157 -12
158 -13
159 -13
160 -11
161 -13
162 -13
163 -10
164 -17
165 -24
166 -15
167 -10
168 -13
169 -13
170 -13
171 -10
172 -12
173 -13
174 -13
175 -11
176 -13
177 -12
178 -11
179 -12
180 -13
181 -13
182 -13
183 -13
184 -12
185 -10
186 -13
187 -10
188 -11
189 -15
190 -10
191 -12
192 -12
193 -10
194 -10
195 -13
196 -13
197 -13
198 -12
199 -13
200 -13
201 -11
202 -13
203 -13
204 -10
205 -13
206 -12
207 -12
208 -13
209 -11
210 -13
211 -13
212 -13
213 -10
214 -10
215 -13
216 -15
217 -10
218 -13
219 -13
220 -12
221 -13
222 -11
223 -17
224 -12
225 -12
226 -13
227 -11
228 -13
229 -10
230 -13
231 -13
232 -19
233 -12
234 -13
235 -10
236 -11
237 -12
238 -13
239 -12
240 -13
241 -17
242 -13
243 -13
244 -13
245 -10
246 -13
247 -12
248 -11
249 -13
250 -13
251 -11
252 -12
253 -13
254 -13
255 -13
256 -10
257 -12
258 -12
259 -9
260 -13
261 -13
262 -13
263 -11
264 -11
265 -10
266 -12
267 -13
268 -12
269 -12
270 -12
271 -73
272 -13
273 -10
274 -13
275 -13
276 -10
277 -10
278 -12
279 -13
280 -12
281 -11
282 -11
283 -16
284 -15
285 -10
286 -12
287 -11
288 -13
289 -13
290 -13
291 -10
292 -10
293 -12
294 -12
295 -13
296 -10
297 -10
298 -11
299 -12
300 -13
301 -13
302 -10
303 -13
304 -12
305 -12
306 -13
307 -13
308 -12
309 -11
310 -13
311 -11
312 -13
313 -10
314 -10
315 -15
316 -13
317 -11
318 -13
319 -13
320 -10
321 -17
322 -13
323 -12
324 -13
325 -10
326 -13
327 -16
328 -13
329 -13
330 -13
331 -13
332 -11
333 -12
334 -11
335 -11
336 -13
337 -12
338 -13
339 -10
340 -10
341 -15
342 -13
343 -10
344 -10
345 -13
346 -13
347 -10
348 -12
349 -10
350 -13
351 -13
352 -11
353 -12
354 -12
355 -12
356 -10
357 -11
358 -10
359 -10
360 -13
361 -12
362 -13
363 -13
364 -10
365 -13
366 -13
367 -13
368 -13
369 -13
370 -10
371 -14
372 -13
373 -12
374 -10
375 -12
376 -10
377 -11
378 -11
379 -11
380 -11
381 -12
382 -12
383 -13
384 -10
385 -12
386 -11
387 -13
388 -13
389 -10
390 -12
391 -11
392 -13
393 -10
394 -12
395 -13
396 -13
397 -12
398 -12
399 -17
400 -11
401 -12
402 -12
403 -13
404 -13
405 -13
406 -15
407 -11
408 -10
409 -13
410 -13
411 -13
412 -10
413 -11
414 -11
415 -43
416 -19
417 -10
418 -10
419 -11
420 -13
421 -16
422 -10
423 -13
424 -16
425 -13
426 -12
427 -13
428 -12
429 -11
430 -11
431 -13
432 -11
433 -11
434 -13
435 -11
436 -11
437 -13
438 -12
439 -12
440 -10
441 -11
442 -11
443 -13
444 -12
445 -13
446 -13
447 -48
448 -11
449 -12
450 -11
451 -12
452 -10
453 -13
454 -10
455 -13
456 -13
457 -11
458 -13
459 -12
460 -13
461 -12
462 -11
463 -13
464 -148
465 -12
466 -12
467 -13
468 -12
469 -11
470 -12
471 -20
472 -13
473 -12
474 -10
475 -13
476 -13
477 -13
478 -10
479 -11
480 -13
481 -13
482 -12
483 -13
484 -13
485 -13
486 -11
487 -11
488 -13
489 -13
490 -13
491 -13
492 -10
493 -12
494 -10
495 -12
496 -12
497 -11
498 -10
499 -12
500 -13
501 -11
502 -13
503 -10
504 -12
505 -13
506 -11
507 -13
508 -14
509 -11
510 -11
511 -13
512 -11
513 -13
514 -13
515 -13
516 -12
517 -13
518 -10
519 -12
520 -13
521 -13
522 -12
523 -10
524 -11
525 -12
526 -11
527 -12
528 -12
529 -11
530 -11
531 -11
532 -17
533 -12
534 -13
535 -13
536 -11
537 -10
538 -11
539 -13
540 -13
541 -10
542 -13
543 -13
544 -13
545 -11
546 -10
547 -13
548 -10
549 -13
550 -12
551 -10
552 -12
553 -11
554 -10
555 -13
556 -11
557 -12
558 -13
559 -12
560 -12
561 -12
562 -13
563 -11
564 -10
565 -12
566 -11
567 -13
568 -13
569 -13
570 -16
571 -16
572 -11
573 -11
574 -10
575 -13
576 -13
577 -10
578 -13
579 -13
580 -12
581 -11
582 -12
583 -12
584 -11
585 -11
586 -12
587 -13
588 -13
589 -13
590 -10
591 -10
592 -11
593 -12
594 -10
595 -12
596 -19
597 -11
598 -13
599 -12
600 -12
601 -10
602 -10
603 -13
604 -13
605 -12
606 -12
607 -13
608 -15
609 -11
610 -12
611 -10
612 -13
613 -11
614 -13
615 -12
616 -13
617 -13
618 -10
619 -13
620 -17
621 -10
622 -11
623 -10
624 -12
625 -11
626 -13
627 -13
628 -10
629 -13
630 -12
631 -10
632 -13
633 -13
634 -12
635 -10
636 -12
637 -13
638 -11
639 -12
640 -10
641 -12
642 -13
643 -13
644 -17
645 -10
646 -12
647 -12
648 -17
649 -10
650 -11
651 -10
652 -12
653 -13
654 -13
655 -10
656 -12
657 -12
658 -10
659 -10
660 -13
661 -13
662 -13
663 -13
664 -16
665 -11
666 -12
667 -11
668 -10
669 -13
670 -10
671 -12
672 -12
673 -13
674 -13
675 -13
676 -15
677 -12
678 -11
679 -11
680 -13
681 -12
682 -13
683 -10
684 -10
685 -12
686 -12
687 -13
688 -13
689 -12
690 -12
691 -13
692 -12
693 -13
694 -11
695 -12
696 -13
697 -16
698 -9
699 -10
700 -13
701 -11
702 -12
703 -10
704 -13
705 -12
706 -17
707 -12
708 -17
709 -13
710 -13
711 -13
712 -11
713 -11
714 -10
715 -14
716 -12
717 -10
718 -13
719 -12
720 -13
721 -15
722 -10
723 -13
724 -10
725 -11
726 -11
727 -10
728 -12
729 -10
730 -13
731 -13
732 -13
733 -13
734 -78
735 -13
736 -10
737 -13
738 -10
739 -11
740 -13
741 -13
742 -13
743 -13
744 -13
745 -11
746 -10
747 -13
748 -13
749 -11
750 -13
751 -13
752 -13
753 -13
754 -13
755 -13
756 -12
757 -10
758 -11
759 -10
760 -12
761 -12
762 -13
763 -11
764 -13
765 -13
766 -13
767 -13
768 -13
769 -11
770 -10
771 -17
772 -11
773 -13
774 -13
775 -12
776 -13
777 -12
778 -13
779 -12
780 -11
781 -12
782 -11
783 -13
784 -10
785 -10
786 -11
787 -13
788 -13
789 -10
790 -10
791 -13
792 -13
793 -13
794 -10
795 -13
796 -13
797 -12
798 -13
799 -12
800 -12
801 -11
802 -13
803 -13
804 -10
805 -13
806 -10
807 -12
808 -11
809 -11
810 -12
811 -10
812 -13
813 -13
814 -12
815 -10
816 -12
817 -12
818 -11
819 -13
820 -11
821 -12
822 -9
823 -13
824 -13
825 -12
826 -13
827 -14
828 -13
829 -10
830 -12
831 -13
832 -10
833 -11
834 -10
835 -13
836 -13
837 -11
838 -11
839 -10
840 -10
841 -11
842 -12
843 -10
844 -12
845 -11
846 -17
847 -11
848 -10
849 -13
850 -11
851 -13
852 -10
853 -13
854 -12
855 -11
856 -12
857 -12
858 -11
859 -10
860 -13
861 -10
862 -13
863 -11
864 -10
865 -17
866 -13
867 -10
868 -10
869 -11
870 -12
871 -13
872 -13
873 -13
874 -13
875 -10
876 -13
877 -13
878 -12
879 -13
880 -13
881 -13
882 -13
883 -11
884 -10
885 -11
886 -10
887 -10
888 -12
889 -13
890 -11
891 -13
892 -11
893 -13
894 -12
895 -11
896 -13
897 -11
898 -13
899 -12
900 -10
901 -10
902 -13
903 -13
904 -17
905 -13
906 -13
907 -13
908 -11
909 -10
910 -12
911 -13
912 -12
913 -13
914 -11
915 -12
916 -12
917 -13
918 -11
919 -10
920 -10
921 -12
922 -13
923 -11
924 -12
925 -10
926 -12
927 -13
928 -11
929 -13
930 -13
931 -13
932 -13
933 -13
934 -10
935 -12
936 -10
937 -13
938 -13
939 -13
940 -12
941 -11
942 -13
943 -13
944 -13
945 -10
946 -13
947 -11
948 -13
949 -15
950 -11
951 -13
952 -12
953 -12
954 -12
955 -13
956 -12
957 -10
958 -13
959 -14
960 -13
961 -11
962 -12
963 -13
964 -10
965 -13
966 -12
967 -10
968 -13
969 -13
970 -13
971 -12
972 -13
973 -11
974 -13
975 -10
976 -13
977 -13
978 -13
979 -10
980 -13
981 -13
982 -11
983 -12
984 -10
985 -12
986 -13
987 -12
988 -11
989 -13
990 -10
991 -10
992 -10
993 -12
994 -13
995 -15
996 -10
997 -11
998 -16
999 -12
