0 -19
1 -18
2 -31
3 -31
4 -31
5 -17
6 -31
7 -17
8 -27
9 -31
10 -17
11 -31
12 -17
13 -18
14 -31
15 -18
16 -19
17 -17
18 -17
19 -31
20 -18
21 -31
22 -31
23 -17
24 -17
25 -35
26 -17
27 -31
28 -31
29 -37
30 -31
31 -19
32 -31
33 -18
34 -20
35 -19
36 -30
37 -16
38 -18
39 -31
40 -31
41 -17
42 -18
43 -36
44 -19
45 -18
46 -32
47 -31
48 -18
49 -31
50 -19
51 -17
52 -19
53 -31
54 -18
55 -31
56 -17
57 -31
58 -17
59 -19
60 -31
61 -31
62 -17
63 -31
64 -31
65 -18
66 -19
67 -31
68 -59
69 -31
70 -18
71 -19
72 -31
73 -31
74 -17
75 -17
76 -19
77 -31
78 -31
79 -31
80 -19
81 -31
82 -18
83 -31
84 -17
85 -17
86 -13
87 -18
88 -31
89 -19
90 -31
91 -31
92 -31
93 -31
94 -31
95 -31
96 -18
97 -17
98 -17
99 -19
100 -31
101 -31
102 -31
103 -31
104 -31
105 -19
106 -18
107 -31
108 -17
109 -31
110 -31
111 -18
112 -31
113 -17
114 -19
115 -19
116 -19
117 -31
118 -18
119 -17
120 -35
121 -20
122 -31
123 -20
124 -19
125 -18
126 -19
127 -18
128 -31
129 -31
130 -31
131 -31
132 -19
133 -22
134 -18
135 -19
136 -31
137 -19
138 -17
139 -31
140 -19
141 -31
142 -18
143 -18
144 -31
145 -31
146 -17
147 -31
148 -18
149 -18
150 -23
151 -18
152 -17
153 -19
154 -31
155 -17
156 -18
157 -31
158 -31
159 -18
160 -17
161 -19
162 -31
163 -31
164 -17
165 -17
166 -31
167 -31
168 -31
169 -18
170 -18
171 -19
172 -17
173 -19
174 -31
175 -31
176 -31
177 -19
178 -18
179 -17
180 -31
181 -18
182 -19
183 -21
184 -17
185 -13
186 -17
187 -22
188 -31
189 -17
190 -18
191 -19
192 -31
193 -31
194 -17
195 -19
196 -17
197 -18
198 -17
199 -18
200 -31
201 -18
202 -17
203 -17
204 -19
205 -17
206 -31
207 -21
208 -31
209 -18
210 -31
211 -31
212 -31
213 -31
214 -17
215 -18
216 -17
217 -31
218 -31
219 -17
220 -31
221 -18
222 -19
223 -18
224 -31
225 -19
226 -18
227 -17
228 -18
229 -18
230 -18
231 -19
232 -18
233 -18
234 -19
235 -19
236 -18
237 -18
238 -19
239 -19
240 -18
241 -17
242 -31
243 -31
244 -31
245 -31
246 -31
247 -17
248 -31
249 -19
250 -17
251 -19
252 -31
253 -18
254 -30
255 -18
256 -31
257 -31
258 -31
259 -31
260 -20
261 -17
262 -31
263 -19
264 -31
265 -17
266 -31
267 -31
268 -31
269 -31
270 -17
271 -19
272 -22
273 -31
274 -19
275 -19
276 -17
277 -17
278 -31
279 -18
280 -19
281 -19
282 -31
283 -31
284 -31
285 -23
286 -39
287 -18
288 -18
289 -13
290 -31
291 -31
292 -31
293 -19
294 -31
295 -31
296 -19
297 -31
298 -31
299 -17
300 -19
301 -18
302 -19
303 -17
304 -19
305 -31
306 -31
307 -19
308 -17
309 -31
310 -31
311 -19
312 -17
313 -18
314 -18
315 -31
316 -18
317 -17
318 -31
319 -22
320 -18
321 -19
322 -31
323 -31
324 -31
325 -31
326 -19
327 -31
328 -31
329 -17
330 -18
331 -31
332 -31
333 -19
334 -26
335 -19
336 -19
337 -17
338 -19
339 -31
340 -25
341 -19
342 -18
343 -31
344 -17
345 -19
346 -19
347 -19
348 -18
349 -19
350 -17
351 -17
352 -19
353 -17
354 -19
355 -17
356 -31
357 -18
358 -17
359 -17
360 -17
361 -35
362 -19
363 -19
364 -31
365 -19
366 -31
367 -13
368 -31
369 -31
370 -19
371 -39
372 -18
373 -31
374 -31
375 -18
376 -31
377 -31
378 -31
379 -19
380 -17
381 -17
382 -31
383 -31
384 -18
385 -17
386 -21
387 -18
388 -17
389 -18
390 -31
391 -31
392 -17
393 -31
394 -19
395 -19
396 -25
397 -19
398 -14
399 -31
400 -17
401 -19
402 -18
403 -18
404 -31
405 -19
406 -31
407 -31
408 -22
409 -19
410 -19
411 -17
412 -19
413 -15
414 -31
415 -31
416 -31
417 -17
418 -31
419 -19
420 -19
421 -31
422 -18
423 -19
424 -17
425 -18
426 -17
427 -17
428 -17
429 -31
430 -17
431 -17
432 -17
433 -31
434 -19
435 -19
436 -31
437 -19
438 -19
439 -18
440 -31
441 -17
442 -19
443 -31
444 -18
445 -18
446 -18
447 -18
448 -18
449 -19
450 -31
451 -18
452 -31
453 -11
454 -31
455 -18
456 -31
457 -17
458 -15
459 -31
460 -89
461 -31
462 -17
463 -19
464 -31
465 -17
466 -31
467 -18
468 -31
469 -17
470 -17
471 -17
472 -31
473 -31
474 -31
475 -31
476 -17
477 -17
478 -31
479 -19
480 -18
481 -31
482 -72
483 -22
484 -18
485 -19
486 -17
487 -19
488 -18
489 -19
490 -31
491 -19
492 -17
493 -39
494 -43
495 -18
496 -18
497 -17
498 -31
499 -31
500 -31
501 -31
502 -19
503 -18
504 -16
505 -19
506 -17
507 -19
508 -18
509 -31
510 -18
511 -27
512 -18
513 -31
514 -17
515 -31
516 -18
517 -18
518 -19
519 -13
520 -31
521 -31
522 -31
523 -17
524 -18
525 -17
526 -17
527 -17
528 -18
529 -31
530 -31
531 -17
532 -31
533 -18
534 -31
535 -19
536 -18
537 -18
538 -19
539 -18
540 -17
541 -17
542 -31
543 -18
544 -56
545 -18
546 -19
547 -18
548 -19
549 -19
550 -19
551 -19
552 -31
553 -18
554 -19
555 -31
556 -31
557 -31
558 -31
559 -18
560 -18
561 -31
562 -31
563 -31
564 -17
565 -31
566 -31
567 -17
568 -19
569 -17
570 -31
571 -18
572 -31
573 -19
574 -17
575 -18
576 -31
577 -34
578 -19
579 -31
580 -31
581 -17
582 -31
583 -31
584 -31
585 -31
586 -18
587 -18
588 -31
589 -31
590 -19
591 -31
592 -17
593 -19
594 -19
595 -17
596 -17
597 -17
598 -19
599 -19
600 -18
601 -19
602 -31
603 -18
604 -31
605 -17
606 -31
607 -31
608 -31
609 -17
610 -17
611 -19
612 -19
613 -31
614 -31
615 -31
616 -31
617 -18
618 -31
619 -19
620 -18
621 -18
622 -18
623 -17
624 -31
625 -31
626 -18
627 -31
628 -18
629 -31
630 -31
631 -19
632 -10
633 -28
634 -18
635 -17
636 -17
637 -19
638 -18
639 -19
640 -19
641 -18
642 -17
643 -19
644 -18
645 -31
646 -18
647 -31
648 -31
649 -18
650 -17
651 -9
652 -31
653 -19
654 -39
655 -31
656 -17
657 -19
658 -18
659 -31
660 -17
661 -17
662 -19
663 -18
664 -31
665 -19
666 -19
667 -31
668 -25
669 -19
670 -31
671 -18
672 -18
673 -17
674 -17
675 -31
676 -31
677 -31
678 -17
679 -19
680 -19
681 -19
682 -19
683 -31
684 -18
685 -17
686 -31
687 -31
688 -18
689 -31
690 -17
691 -18
692 -19
693 -17
694 -17
695 -18
696 -18
697 -31
698 -18
699 -28
700 -39
701 -19
702 -31
703 -17
704 -31
705 -31
706 -31
707 -19
708 -31
709 -31
710 -19
711 -31
712 -18
713 -17
714 -18
715 -19
716 -19
717 -18
718 -31
719 -19
720 -18
721 -31
722 -31
723 -31
724 -18
725 -17
726 -31
727 -31
728 -31
729 -18
730 -18
731 -20
732 -31
733 -31
734 -31
735 -31
736 -18
737 -31
738 -19
739 -17
740 -54
741 -19
742 -18
743 -31
744 -19
745 -31
746 -19
747 -17
748 -31
749 -19
750 -18
751 -19
752 -31
753 -18
754 -18
755 -19
756 -19
757 -15
758 -18
759 -18
760 -31
761 -21
762 -18
763 -31
764 -31
765 -17
766 -19
767 -31
768 -31
769 -31
770 -31
771 -31
772 -19
773 -17
774 -20
775 -27
776 -19
777 -17
778 -31
779 -19
780 -18
781 -18
782 -19
783 -18
784 -18
785 -18
786 -31
787 -17
788 -32
789 -19
790 -17
791 -19
792 -18
793 -31
794 -31
795 -17
796 -18
797 -19
798 -19
799 -17
800 -19
801 -31
802 -31
803 -17
804 -18
805 -18
806 -31
807 -31
808 -31
809 -18
810 -31
811 -19
812 -19
813 -18
814 -31
815 -18
816 -32
817 -19
818 -19
819 -19
820 -31
821 -31
822 -31
823 -31
824 -17
825 -31
826 -18
827 -18
828 -19
829 -19
830 -31
831 -31
832 -17
833 -18
834 -31
835 -23
836 -18
837 -31
838 -31
839 -31
840 -19
841 -31
842 -19
843 -19
844 -19
845 -31
846 -17
847 -17
848 -17
849 -31
850 -18
851 -19
852 -17
853 -31
854 -17
855 -18
856 -17
857 -31
858 -18
859 -19
860 -17
861 -31
862 -17
863 -17
864 -19
865 -17
866 -17
867 -17
868 -19
869 -31
870 -31
871 -18
872 -17
873 -31
874 -31
875 -31
876 -31
877 -18
878 -31
879 -31
880 -19
881 -18
882 -17
883 -31
884 -31
885 -18
886 -31
887 -19
888 -18
889 -19
890 -17
891 -31
892 -19
893 -18
894 -17
895 -31
896 -17
897 -31
898 -18
899 -19
900 -19
901 -19
902 -19
903 -19
904 -31
905 -17
906 -18
907 -17
908 -17
909 -31
910 -18
911 -31
912 -88
913 -31
914 -19
915 -17
916 -17
917 -19
918 -31
919 -31
920 -31
921 -13
922 -17
923 -31
924 -31
925 -18
926 -18
927 -31
928 -27
929 -17
930 -18
931 -31
932 -31
933 -17
934 -17
935 -19
936 -17
937 -18
938 -18
939 -18
940 -18
941 -31
942 -31
943 -31
944 -19
945 -19
946 -17
947 -18
948 -19
949 -31
950 -31
951 -17
952 -18
953 -31
954 -18
955 -31
956 -31
957 -19
958 -31
959 -31
960 -18
961 -19
962 -31
963 -31
964 -19
965 -39
966 -17
967 -12
968 -31
969 -19
970 -18
971 -31
972 -18
973 -17
974 -19
975 -19
976 -31
977 -17
978 -19
979 -18
980 -35
981 -31
982 -17
983 -17
984 -18
985 -17
986 -31
987 -31
988 -17
989 -31
990 -19
991 -18
992 -18
993 -31
994 -31
995 -31
996 -18
997 -31
998 -18
999 -19
