0 -17
1 -17
2 -17
3 -27
4 -17
5 -20
6 -18
7 -18
8 -18
9 -27
10 -18
11 -27
12 -17
13 -27
14 -27
15 -18
16 -17
17 -18
18 -19
19 -27
20 -19
21 -18
22 -18
23 -19
24 -27
25 -19
26 -27
27 -19
28 -21
29 -27
30 -27
31 -17
32 -19
33 -17
34 -18
35 -17
36 -18
37 -19
38 -19
39 -27
40 -19
41 -27
42 -17
43 -18
44 -17
45 -18
46 -17
47 -27
48 -27
49 -27
50 -17
51 -19
52 -18
53 -17
54 -17
55 -19
56 -18
57 -18
58 -27
59 -20
60 -17
61 -27
62 -19
63 -18
64 -27
65 -17
66 -18
67 -19
68 -17
69 -27
70 -17
71 -18
72 -17
73 -27
74 -17
75 -27
76 -19
77 -18
78 -19
79 -35
80 -27
81 -27
82 -17
83 -40
84 -19
85 -17
86 -27
87 -17
88 -18
89 -27
90 -27
91 -17
92 -27
93 -19
94 -18
95 -18
96 -27
97 -18
98 -27
99 -22
100 -27
101 -36
102 -27
103 -18
104 -27
105 -18
106 -18
107 -17
108 -18
109 -19
110 -18
111 -19
112 -27
113 -27
114 -18
115 -27
116 -27
117 -27
118 -18
119 -27
120 -19
121 -17
122 -27
123 -27
124 -19
125 -18
126 -31
127 -18
128 -27
129 -27
130 -19
131 -27
132 -31
133 -18
134 -27
135 -27
136 -27
137 -18
138 -17
139 -18
140 -18
141 -27
142 -19
143 -27
144 -27
145 -28
146 -27
147 -17
148 -19
149 -17
150 -17
151 -18
152 -18
153 -27
154 -27
155 -18
156 -18
157 -13
158 -17
159 -19
160 -27
161 -27
162 -27
163 -18
164 -27
165 -19
166 -27
167 -17
168 -17
169 -19
170 -27
171 -17
172 -19
173 -27
174 -17
175 -17
176 -27
177 -19
178 -19
179 -27
180 -27
181 -17
182 -27
183 -17
184 -16
185 -17
186 -27
187 -14
188 -30
189 -27
190 -17
191 -27
192 -27
193 -27
194 -17
195 -17
196 -27
197 -27
198 -18
199 -27
200 -18
201 -19
202 -17
203 -19
204 -27
205 -18
206 -27
207 -19
208 -27
209 -18
210 -27
211 -18
212 -27
213 -65
214 -20
215 -27
216 -27
217 -27
218 -18
219 -17
220 -19
221 -19
222 -49
223 -52
224 -18
225 -27
226 -27
227 -14
228 -27
229 -17
230 -19
231 -17
232 -27
233 -18
234 -40
235 -18
236 -18
237 -27
238 -19
239 -19
240 -18
241 -27
242 -27
243 -18
244 -27
245 -18
246 -19
247 -17
248 -18
249 -17
250 -27
251 -27
252 -27
253 -19
254 -27
255 -26
256 -18
257 -27
258 -18
259 -19
260 -17
261 -17
262 -31
263 -19
264 -27
265 -27
266 -17
267 -27
268 -17
269 -27
270 -27
271 -27
272 -27
273 -28
274 -17
275 -19
276 -17
277 -27
278 -19
279 -18
280 -19
281 -27
282 -27
283 -27
284 -27
285 -17
286 -19
287 -27
288 -27
289 -19
290 -17
291 -27
292 -18
293 -19
294 -19
295 -17
296 -18
297 -27
298 -18
299 -19
300 -27
301 -19
302 -18
303 -27
304 -19
305 -19
306 -14
307 -31
308 -27
309 -18
310 -27
311 -18
312 -27
313 -27
314 -19
315 -17
316 -18
317 -17
318 -19
319 -19
320 -17
321 -49
322 -17
323 -27
324 -27
325 -27
326 -27
327 -27
328 -19
329 -27
330 -18
331 -27
332 -19
333 -17
334 -27
335 -17
336 -17
337 -21
338 -18
339 -27
340 -27
341 -18
342 -27
343 -27
344 -18
345 -18
346 -27
347 -17
348 -27
349 -19
350 -27
351 -27
352 -17
353 -27
354 -18
355 -27
356 -63
357 -27
358 -19
359 -39
360 -18
361 -27
362 -17
363 -18
364 -27
365 -27
366 -17
367 -17
368 -18
369 -20
370 -17
371 -19
372 -27
373 -17
374 -19
375 -27
376 -19
377 -18
378 -17
379 -27
380 -36
381 -27
382 -19
383 -27
384 -19
385 -35
386 -27
387 -17
388 -16
389 -18
390 -19
391 -17
392 -19
393 -17
394 -27
395 -18
396 -19
397 -17
398 -17
399 -17
400 -18
401 -18
402 -18
403 -27
404 -27
405 -18
406 -27
407 -27
408 -18
409 -27
410 -18
411 -19
412 -18
413 -35
414 -27
415 -17
416 -27
417 -27
418 -17
419 -18
420 -27
421 -27
422 -18
423 -27
424 -17
425 -27
426 -19
427 -19
428 -27
429 -49
430 -27
431 -27
432 -18
433 -27
434 -19
435 -18
436 -18
437 -18
438 -30
439 -17
440 -27
441 -27
442 -18
443 -18
444 -27
445 -18
446 -17
447 -36
448 -27
449 -27
450 -74
451 -22
452 -18
453 -17
454 -18
455 -19
456 -27
457 -52
458 -27
459 -19
460 -27
461 -27
462 -27
463 -18
464 -19
465 -27
466 -18
467 -18
468 -18
469 -27
470 -19
471 -19
472 -27
473 -19
474 -18
475 -27
476 -17
477 -19
478 -18
479 -18
480 -17
481 -17
482 -27
483 -18
484 -27
485 -19
486 -19
487 -18
488 -27
489 -27
490 -18
491 -17
492 -18
493 -19
494 -17
495 -27
496 -17
497 -17
498 -27
499 -17
500 -18
501 -18
502 -18
503 -18
504 -27
505 -18
506 -18
507 -27
508 -17
509 -19
510 -27
511 -19
512 -27
513 -27
514 -18
515 -17
516 -27
517 -18
518 -27
519 -39
520 -27
521 -19
522 -27
523 -17
524 -19
525 -27
526 -27
527 -27
528 -18
529 -18
530 -17
531 -18
532 -18
533 -27
534 -27
535 -27
536 -27
537 -19
538 -27
539 -30
540 -17
541 -19
542 -19
543 -27
544 -27
545 -27
546 -19
547 -18
548 -18
549 -39
550 -25
551 -27
552 -27
553 -27
554 -19
555 -27
556 -27
557 -27
558 -27
559 -17
560 -27
561 -17
562 -27
563 -19
564 -27
565 -18
566 -27
567 -17
568 -19
569 -27
570 -19
571 -19
572 -18
573 -17
574 -27
575 -18
576 -27
577 -41
578 -94
579 -27
580 -27
581 -27
582 -18
583 -19
584 -19
585 -39
586 -18
587 -27
588 -15
589 -27
590 -27
591 -15
592 -27
593 -27
594 -27
595 -18
596 -27
597 -17
598 -18
599 -27
600 -27
601 -18
602 -23
603 -27
604 -27
605 -27
606 -27
607 -27
608 -27
609 -19
610 -17
611 -27
612 -27
613 -27
614 -27
615 -27
616 -41
617 -19
618 -19
619 -18
620 -27
621 -18
622 -27
623 -27
624 -17
625 -27
626 -19
627 -19
628 -17
629 -27
630 -27
631 -27
632 -27
633 -19
634 -27
635 -27
636 -18
637 -19
638 -17
639 -27
640 -18
641 -27
642 -27
643 -18
644 -27
645 -20
646 -27
647 -27
648 -19
649 -53
650 -18
651 -27
652 -27
653 -18
654 -27
655 -19
656 -19
657 -18
658 -19
659 -27
660 -18
661 -28
662 -17
663 -27
664 -27
665 -39
666 -27
667 -27
668 -27
669 -19
670 -18
671 -19
672 -27
673 -27
674 -19
675 -18
676 -27
677 -19
678 -27
679 -19
680 -27
681 -12
682 -17
683 -17
684 -27
685 -27
686 -27
687 -19
688 -27
689 -18
690 -17
691 -27
692 -39
693 -41
694 -17
695 -27
696 -18
697 -17
698 -18
699 -27
700 -17
701 -19
702 -27
703 -19
704 -19
705 -123
706 -27
707 -17
708 -18
709 -18
710 -27
711 -27
712 -18
713 -27
714 -17
715 -27
716 -81
717 -27
718 -26
719 -27
720 -30
721 -17
722 -17
723 -82
724 -18
725 -18
726 -17
727 -17
728 -19
729 -17
730 -27
731 -31
732 -27
733 -17
734 -27
735 -27
736 -17
737 -27
738 -19
739 -27
740 -19
741 -17
742 -17
743 -27
744 -39
745 -17
746 -27
747 -22
748 -18
749 -27
750 -27
751 -27
752 -27
753 -17
754 -17
755 -17
756 -19
757 -27
758 -17
759 -27
760 -17
761 -17
762 -18
763 -17
764 -19
765 -19
766 -27
767 -18
768 -17
769 -27
770 -27
771 -18
772 -18
773 -27
774 -17
775 -27
776 -27
777 -16
778 -17
779 -31
780 -17
781 -19
782 -19
783 -18
784 -27
785 -27
786 -27
787 -19
788 -27
789 -27
790 -18
791 -18
792 -18
793 -18
794 -18
795 -27
796 -19
797 -27
798 -27
799 -17
800 -27
801 -19
802 -18
803 -18
804 -17
805 -18
806 -27
807 -18
808 -27
809 -19
810 -27
811 -18
812 -27
813 -17
814 -17
815 -19
816 -18
817 -19
818 -18
819 -27
820 -35
821 -27
822 -27
823 -18
824 -19
825 -18
826 -17
827 -18
828 -27
829 -19
830 -27
831 -17
832 -17
833 -19
834 -19
835 -19
836 -18
837 -27
838 -17
839 -18
840 -17
841 -19
842 -18
843 -17
844 -18
845 -27
846 -27
847 -27
848 -31
849 -19
850 -27
851 -27
852 -18
853 -27
854 -19
855 -19
856 -27
857 -27
858 -27
859 -27
860 -17
861 -19
862 -19
863 -19
864 -27
865 -17
866 -17
867 -17
868 -27
869 -27
870 -17
871 -27
872 -18
873 -19
874 -27
875 -27
876 -19
877 -11
878 -27
879 -17
880 -17
881 -18
882 -17
883 -27
884 -27
885 -27
886 -19
887 -19
888 -28
889 -17
890 -27
891 -17
892 -27
893 -17
894 -17
895 -19
896 -18
897 -18
898 -18
899 -27
900 -31
901 -23
902 -17
903 -19
904 -18
905 -27
906 -18
907 -18
908 -19
909 -17
910 -27
911 -19
912 -27
913 -18
914 -27
915 -27
916 -27
917 -18
918 -27
919 -17
920 -27
921 -27
922 -18
923 -19
924 -17
925 -27
926 -27
927 -17
928 -27
929 -27
930 -27
931 -17
932 -19
933 -27
934 -24
935 -18
936 -27
937 -18
938 -17
939 -18
940 -17
941 -19
942 -27
943 -19
944 -27
945 -27
946 -27
947 -18
948 -19
949 -17
950 -27
951 -18
952 -17
953 -27
954 -15
955 -17
956 -27
957 -36
958 -18
959 -19
960 -19
961 -27
962 -19
963 -17
964 -19
965 -17
966 -35
967 -17
968 -17
969 -17
970 -87
971 -19
972 -19
973 -19
974 -27
975 -19
976 -18
977 -17
978 -27
979 -19
980 -18
981 -79
982 -19
983 -17
984 -19
985 -27
986 -19
987 -27
988 -18
989 -18
990 -17
991 -19
992 -27
993 -19
994 -27
995 -18
996 -18
997 -16
998 -19
999 -27
