0 -10
1 -13
2 -12
3 -12
4 -13
5 -11
6 -13
7 -12
8 -13
9 -12
10 -13
11 -12
12 -13
13 -10
14 -10
15 -13
16 -12
17 -12
18 -10
19 -10
20 -13
21 -13
22 -10
23 -13
24 -13
25 -13
26 -13
27 -11
28 -13
29 -10
30 -13
31 -11
32 -13
33 -12
34 -10
35 -13
36 -12
37 -10
38 -12
39 -13
40 -13
41 -12
42 -16
43 -12
44 -13
45 -10
46 -13
47 -10
48 -19
49 -11
50 -10
51 -10
52 -10
53 -11
54 -10
55 -10
56 -11
57 -13
58 -11
59 -14
60 -10
61 -14
62 -13
63 -13
64 -11
65 -13
66 -13
67 -12
68 -12
69 -13
70 -10
71 -13
72 -11
73 -13
74 -10
75 -12
76 -13
77 -13
78 -12
79 -13
80 -13
81 -12
82 -13
83 -12
84 -13
85 -13
86 -13
87 -12
88 -14
89 -13
90 -11
91 -10
92 -11
93 -13
94 -13
95 -13
96 -13
97 -11
98 -11
99 -10
100 -17
101 -13
102 -12
103 -13
104 -15
105 -11
106 -11
107 -10
108 -10
109 -14
110 -11
111 -13
112 -13
113 -13
114 -13
115 -10
116 -13
117 -11
118 -13
119 -11
120 -13
121 -10
122 -10
123 -13
124 -11
125 -12
126 -11
127 -13
128 -11
129 -13
130 -17
131 -13
132 -13
133 -13
134 -13
135 -10
136 -11
137 -11
138 -12
139 -13
140 -10
141 -10
142 -13
143 -11
144 -13
145 -10
146 -12
147 -10
148 -10
149 -12
150 -10
151 -13
152 -13
153 -11
154 -12
155 -13
156 -12
157 -10
158 -11
159 -10
160 -13
161 -11
162 -10
163 -13
164 -13
165 -13
166 -10
167 -10
168 -13
169 -10
170 -12
171 -12
172 -10
173 -11
174 -11
175 -13
176 -12
177 -21
178 -11
179 -11
180 -12
181 -10
182 -11
183 -12
184 -13
185 -11
186 -12
187 -10
188 -13
189 -13
190 -13
191 -10
192 -13
193 -13
194 -13
195 -13
196 -10
197 -15
198 -13
199 -13
200 -12
201 -13
202 -11
203 -12
204 -13
205 -13
206 -12
207 -12
208 -10
209 -13
210 -13
211 -11
212 -10
213 -13
214 -12
215 -11
216 -12
217 -12
218 -11
219 -12
220 -12
221 -10
222 -13
223 -11
224 -13
225 -10
226 -11
227 -11
228 -13
229 -10
230 -10
231 -13
232 -12
233 -10
234 -13
235 -13
236 -13
237 -13
238 -10
239 -12
240 -11
241 -11
242 -10
243 -11
244 -13
245 -12
246 -11
247 -11
248 -13
249 -13
250 -12
251 -11
252 -11
253 -13
254 -10
255 -13
256 -11
257 -13
258 -10
259 -10
260 -13
261 -10
262 -10
263 -12
264 -14
265 -11
266 -13
267 -11
268 -13
269 -10
270 -10
271 -13
272 -10
273 -10
274 -10
275 -13
276 -10
277 -13
278 -10
279 -13
280 -11
281 -11
282 -10
283 -11
284 -16
285 -11
286 -10
287 -11
288 -10
289 -12
290 -11
291 -13
292 -12
293 -10
294 -11
295 -13
296 -11
297 -11
298 -13
299 -11
300 -11
301 -11
302 -12
303 -12
304 -11
305 -13
306 -11
307 -12
308 -12
309 -13
310 -10
311 -11
312 -10
313 -13
314 -10
315 -12
316 -11
317 -11
318 -12
319 -10
320 -10
321 -12
322 -12
323 -13
324 -10
325 -11
326 -10
327 -10
328 -10
329 -10
330 -11
331 -13
332 -12
333 -13
334 -11
335 -12
336 -10
337 -13
338 -10
339 -13
340 -12
341 -13
342 -12
343 -13
344 -11
345 -13
346 -11
347 -10
348 -13
349 -14
350 -13
351 -20
352 -11
353 -13
354 -13
355 -13
356 -12
357 -13
358 -11
359 -13
360 -13
361 -12
362 -16
363 -12
364 -13
365 -10
366 -10
367 -13
368 -10
369 -11
370 -10
371 -13
372 -11
373 -13
374 -12
375 -13
376 -13
377 -12
378 -12
379 -11
380 -18
381 -11
382 -13
383 -12
384 -11
385 -13
386 -10
387 -13
388 -12
389 -12
390 -11
391 -13
392 -12
393 -11
394 -13
395 -10
396 -11
397 -12
398 -13
399 -20
400 -13
401 -13
402 -13
403 -12
404 -10
405 -10
406 -13
407 -11
408 -11
409 -13
410 -11
411 -13
412 -12
413 -20
414 -13
415 -10
416 -13
417 -11
418 -12
419 -12
420 -12
421 -13
422 -13
423 -10
424 -12
425 -13
426 -12
427 -13
428 -12
429 -11
430 -13
431 -11
432 -13
433 -17
434 -13
435 -13
436 -10
437 -12
438 -17
439 -11
440 -12
441 -16
442 -13
443 -13
444 -12
445 -12
446 -11
447 -13
448 -12
449 -13
450 -11
451 -13
452 -13
453 -13
454 -10
455 -10
456 -12
457 -13
458 -12
459 -12
460 -13
461 -13
462 -13
463 -10
464 -13
465 -13
466 -11
467 -13
468 -13
469 -13
470 -10
471 -11
472 -11
473 -12
474 -10
475 -13
476 -11
477 -11
478 -13
479 -14
480 -11
481 -10
482 -11
483 -13
484 -21
485 -13
486 -10
487 -13
488 -10
489 -10
490 -13
491 -11
492 -13
493 -10
494 -10
495 -16
496 -13
497 -10
498 -13
499 -13
500 -21
501 -12
502 -11
503 -13
504 -13
505 -11
506 -13
507 -12
508 -13
509 -13
510 -13
511 -10
512 -13
513 -11
514 -13
515 -12
516 -13
517 -12
518 -10
519 -13
520 -13
521 -10
522 -10
523 -13
524 -11
525 -13
526 -13
527 -12
528 -23
529 -13
530 -12
531 -13
532 -10
533 -11
534 -13
535 -15
536 -13
537 -21
538 -17
539 -13
540 -10
541 -11
542 -10
543 -12
544 -13
545 -12
546 -12
547 -12
548 -11
549 -13
550 -12
551 -12
552 -12
553 -10
554 -11
555 -10
556 -11
557 -13
558 -11
559 -10
560 -10
561 -13
562 -13
563 -12
564 -11
565 -12
566 -13
567 -10
568 -13
569 -12
570 -12
571 -11
572 -10
573 -13
574 -13
575 -11
576 -12
577 -11
578 -13
579 -12
580 -13
581 -12
582 -11
583 -10
584 -13
585 -11
586 -10
587 -11
588 -13
589 -13
590 -12
591 -14
592 -11
593 -12
594 -13
595 -12
596 -13
597 -13
598 -10
599 -11
600 -11
601 -11
602 -13
603 -11
604 -11
605 -12
606 -10
607 -11
608 -11
609 -13
610 -12
611 -10
612 -13
613 -10
614 -11
615 -13
616 -13
617 -10
618 -12
619 -12
620 -13
621 -12
622 -13
623 -11
624 -10
625 -12
626 -11
627 -11
628 -13
629 -13
630 -10
631 -11
632 -12
633 -11
634 -12
635 -10
636 -11
637 -13
638 -11
639 -11
640 -11
641 -10
642 -11
643 -13
644 -13
645 -13
646 -12
647 -11
648 -10
649 -12
650 -13
651 -13
652 -12
653 -12
654 -11
655 -12
656 -13
657 -16
658 -12
659 -11
660 -13
661 -12
662 -13
663 -13
664 -17
665 -13
666 -13
667 -11
668 -13
669 -10
670 -13
671 -13
672 -16
673 -13
674 -10
675 -12
676 -15
677 -10
678 -12
679 -12
680 -11
681 -18
682 -12
683 -10
684 -12
685 -12
686 -12
687 -10
688 -10
689 -12
690 -10
691 -11
692 -10
693 -12
694 -13
695 -13
696 -10
697 -10
698 -13
699 -13
700 -13
701 -12
702 -10
703 -11
704 -13
705 -10
706 -13
707 -13
708 -10
709 -13
710 -12
711 -12
712 -10
713 -11
714 -10
715 -10
716 -14
717 -12
718 -13
719 -17
720 -10
721 -11
722 -10
723 -13
724 -13
725 -11
726 -10
727 -12
728 -10
729 -12
730 -13
731 -13
732 -11
733 -10
734 -12
735 -11
736 -10
737 -12
738 -11
739 -13
740 -10
741 -11
742 -13
743 -13
744 -13
745 -10
746 -11
747 -12
748 -12
749 -12
750 -13
751 -13
752 -13
753 -10
754 -13
755 -12
756 -10
757 -12
758 -17
759 -12
760 -12
761 -10
762 -13
763 -13
764 -12
765 -13
766 -12
767 -13
768 -12
769 -10
770 -10
771 -11
772 -12
773 -12
774 -10
775 -10
776 -11
777 -10
778 -13
779 -11
780 -11
781 -13
782 -13
783 -12
784 -11
785 -11
786 -10
787 -13
788 -13
789 -10
790 -13
791 -13
792 -13
793 -13
794 -13
795 -10
796 -13
797 -13
798 -11
799 -10
800 -13
801 -13
802 -12
803 -13
804 -13
805 -11
806 -11
807 -16
808 -12
809 -11
810 -12
811 -10
812 -13
813 -10
814 -13
815 -10
816 -11
817 -13
818 -12
819 -13
820 -12
821 -13
822 -13
823 -11
824 -13
825 -13
826 -11
827 -11
828 -11
829 -10
830 -10
831 -10
832 -13
833 -12
834 -11
835 -12
836 -13
837 -11
838 -10
839 -10
840 -13
841 -10
842 -11
843 -42
844 -13
845 -13
846 -13
847 -11
848 -10
849 -12
850 -10
851 -10
852 -11
853 -12
854 -13
855 -10
856 -13
857 -13
858 -13
859 -13
860 -13
861 -13
862 -12
863 -12
864 -13
865 -11
866 -10
867 -13
868 -10
869 -13
870 -13
871 -14
872 -13
873 -11
874 -10
875 -13
876 -10
877 -10
878 -11
879 -12
880 -13
881 -12
882 -13
883 -17
884 -10
885 -12
886 -13
887 -12
888 -12
889 -13
890 -10
891 -11
892 -13
893 -11
894 -11
895 -12
896 -13
897 -13
898 -13
899 -10
900 -12
901 -12
902 -13
903 -13
904 -13
905 -10
906 -12
907 -12
908 -13
909 -10
910 -12
911 -13
912 -12
913 -10
914 -10
915 -11
916 -13
917 -13
918 -12
919 -12
920 -11
921 -13
922 -11
923 -12
924 -10
925 -13
926 -13
927 -13
928 -13
929 -13
930 -13
931 -10
932 -16
933 -17
934 -10
935 -10
936 -11
937 -11
938 -13
939 -13
940 -13
941 -13
942 -14
943 -10
944 -11
945 -13
946 -11
947 -13
948 -11
949 -13
950 -13
951 -13
952 -13
953 -10
954 -11
955 -12
956 -10
957 -12
958 -11
959 -12
960 -10
961 -12
962 -10
963 -10
964 -10
965 -13
966 -13
967 -13
968 -12
969 -13
970 -10
971 -10
972 -11
973 -11
974 -10
975 -10
976 -13
977 -10
978 -11
979 -11
980 -13
981 -13
982 -13
983 -13
984 -10
985 -13
986 -11
987 -11
988 -13
989 -10
990 -13
991 -11
992 -19
993 -11
994 -10
995 -13
996 -12
997 -13
998 -13
999 -10
