0 -13
1 -13
2 -12
3 -12
4 -11
5 -10
6 -13
7 -10
8 -11
9 -13
10 -10
11 -12
12 -10
13 -12
14 -10
15 -13
16 -13
17 -13
18 -13
19 -13
20 -10
21 -11
22 -13
23 -11
24 -13
25 -13
26 -12
27 -12
28 -17
29 -13
30 -13
31 -13
32 -13
33 -10
34 -13
35 -13
36 -13
37 -16
38 -11
39 -10
40 -12
41 -13
42 -13
43 -13
44 -12
45 -12
46 -16
47 -11
48 -16
49 -13
50 -12
51 -13
52 -13
53 -13
54 -13
55 -11
56 -13
57 -13
58 -12
59 -12
60 -10
61 -12
62 -11
63 -12
64 -11
65 -10
66 -13
67 -13
68 -10
69 -11
70 -12
71 -10
72 -12
73 -13
74 -13
75 -12
76 -13
77 -13
78 -10
79 -10
80 -17
81 -13
82 -11
83 -13
84 -11
85 -13
86 -13
87 -11
88 -11
89 -10
90 -12
91 -11
92 -10
93 -13
94 -13
95 -12
96 -14
97 -13
98 -13
99 -12
100 -13
101 -13
102 -15
103 -17
104 -11
105 -12
106 -13
107 -10
108 -20
109 -13
110 -11
111 -12
112 -14
113 -10
114 -11
115 -13
116 -10
117 -13
118 -10
119 -13
120 -11
121 -13
122 -11
123 -11
124 -12
125 -11
126 -11
127 -13
128 -11
129 -13
130 -13
131 -11
132 -13
133 -15
134 -12
135 -13
136 -13
137 -13
138 -13
139 -13
140 -10
141 -12
142 -10
143 -11
144 -11
145 -12
146 -10
147 -10
148 -13
149 -13
150 -13
151 -12
152 -12
153 -11
154 -13
155 -12
156 -12
157 -10
158 -13
159 -13
160 -10
161 -17
162 -11
163 -13
164 -13
165 -11
166 -11
167 -13
168 -12
169 -12
170 -11
171 -13
172 -11
173 -12
174 -13
175 -10
176 -13
177 -12
178 -13
179 -12
180 -13
181 -13
182 -10
183 -13
184 -13
185 -11
186 -13
187 -13
188 -12
189 -13
190 -11
191 -13
192 -10
193 -13
194 -11
195 -13
196 -12
197 -11
198 -12
199 -12
200 -13
201 -11
202 -13
203 -13
204 -12
205 -10
206 -10
207 -12
208 -13
209 -13
210 -11
211 -13
212 -12
213 -11
214 -11
215 -13
216 -13
217 -13
218 -10
219 -11
220 -13
221 -13
222 -10
223 -16
224 -21
225 -11
226 -13
227 -13
228 -11
229 -10
230 -12
231 -12
232 -10
233 -12
234 -13
235 -11
236 -16
237 -10
238 -10
239 -14
240 -10
241 -17
242 -11
243 -13
244 -13
245 -12
246 -13
247 -12
248 -11
249 -12
250 -11
251 -13
252 -10
253 -17
254 -10
255 -13
256 -13
257 -13
258 -13
259 -16
260 -11
261 -12
262 -13
263 -10
264 -12
265 -13
266 -10
267 -11
268 -13
269 -13
270 -12
271 -12
272 -13
273 -10
274 -11
275 -12
276 -12
277 -13
278 -51
279 -10
280 -10
281 -11
282 -13
283 -10
284 -13
285 -10
286 -14
287 -10
288 -13
289 -13
290 -13
291 -11
292 -11
293 -11
294 -20
295 -12
296 -11
297 -10
298 -13
299 -10
300 -11
301 -13
302 -12
303 -12
304 -78
305 -10
306 -12
307 -13
308 -13
309 -13
310 -12
311 -13
312 -10
313 -13
314 -13
315 -13
316 -13
317 -12
318 -12
319 -13
320 -12
321 -12
322 -10
323 -12
324 -13
325 -11
326 -13
327 -12
328 -12
329 -11
330 -11
331 -11
332 -12
333 -10
334 -11
335 -12
336 -11
337 -11
338 -13
339 -12
340 -11
341 -12
342 -12
343 -19
344 -12
345 -10
346 -10
347 -11
348 -11
349 -10
350 -13
351 -13
352 -10
353 -12
354 -14
355 -10
356 -13
357 -13
358 -11
359 -11
360 -11
361 -13
362 -13
363 -13
364 -13
365 -13
366 -13
367 -11
368 -10
369 -10
370 -13
371 -11
372 -13
373 -12
374 -13
375 -13
376 -10
377 -10
378 -11
379 -10
380 -11
381 -12
382 -13
383 -10
384 -13
385 -13
386 -11
387 -15
388 -10
389 -12
390 -10
391 -13
392 -11
393 -12
394 -16
395 -12
396 -10
397 -10
398 -13
399 -12
400 -13
401 -16
402 -11
403 -10
404 -12
405 -13
406 -10
407 -12
408 -13
409 -11
410 -10
411 -14
412 -13
413 -11
414 -12
415 -10
416 -13
417 -13
418 -12
419 -13
420 -11
421 -12
422 -10
423 -11
424 -10
425 -14
426 -12
427 -13
428 -13
429 -12
430 -13
431 -11
432 -12
433 -10
434 -12
435 -11
436 -11
437 -11
438 -10
439 -12
440 -10
441 -13
442 -11
443 -12
444 -13
445 -10
446 -11
447 -13
448 -13
449 -12
450 -11
451 -10
452 -11
453 -11
454 -10
455 -10
456 -10
457 -12
458 -13
459 -13
460 -13
461 -10
462 -12
463 -10
464 -10
465 -10
466 -13
467 -12
468 -13
469 -12
470 -10
471 -13
472 -13
473 -13
474 -13
475 -11
476 -11
477 -10
478 -13
479 -11
480 -11
481 -12
482 -12
483 -12
484 -13
485 -13
486 -13
487 -12
488 -10
489 -12
490 -11
491 -12
492 -12
493 -13
494 -11
495 -11
496 -13
497 -11
498 -12
499 -10
500 -11
501 -13
502 -12
503 -11
504 -10
505 -10
506 -13
507 -11
508 -11
509 -10
510 -13
511 -10
512 -12
513 -12
514 -11
515 -13
516 -13
517 -10
518 -13
519 -13
520 -10
521 -13
522 -13
523 -13
524 -13
525 -12
526 -13
527 -10
528 -12
529 -13
530 -13
531 -12
532 -13
533 -13
534 -13
535 -13
536 -13
537 -12
538 -11
539 -12
540 -13
541 -12
542 -13
543 -10
544 -13
545 -13
546 -10
547 -12
548 -13
549 -19
550 -12
551 -11
552 -13
553 -13
554 -13
555 -12
556 -13
557 -13
558 -13
559 -10
560 -12
561 -11
562 -13
563 -12
564 -13
565 -13
566 -11
567 -10
568 -10
569 -13
570 -13
571 -10
572 -13
573 -13
574 -12
575 -13
576 -12
577 -11
578 -13
579 -11
580 -16
581 -11
582 -13
583 -13
584 -13
585 -11
586 -11
587 -13
588 -11
589 -12
590 -13
591 -13
592 -11
593 -13
594 -11
595 -10
596 -13
597 -11
598 -13
599 -10
600 -13
601 -10
602 -13
603 -17
604 -13
605 -10
606 -13
607 -10
608 -13
609 -11
610 -13
611 -12
612 -13
613 -10
614 -13
615 -13
616 -12
617 -13
618 -12
619 -11
620 -13
621 -10
622 -13
623 -11
624 -13
625 -13
626 -13
627 -13
628 -13
629 -16
630 -10
631 -12
632 -13
633 -12
634 -11
635 -13
636 -11
637 -11
638 -12
639 -10
640 -12
641 -10
642 -14
643 -19
644 -12
645 -12
646 -11
647 -10
648 -20
649 -13
650 -13
651 -11
652 -10
653 -16
654 -13
655 -10
656 -13
657 -13
658 -11
659 -13
660 -10
661 -11
662 -12
663 -13
664 -12
665 -11
666 -12
667 -13
668 -12
669 -13
670 -10
671 -12
672 -10
673 -10
674 -14
675 -11
676 -10
677 -13
678 -13
679 -20
680 -11
681 -10
682 -12
683 -11
684 -10
685 -12
686 -13
687 -12
688 -13
689 -14
690 -12
691 -13
692 -10
693 -13
694 -12
695 -13
696 -10
697 -10
698 -13
699 -10
700 -11
701 -13
702 -16
703 -10
704 -13
705 -11
706 -13
707 -15
708 -11
709 -12
710 -12
711 -13
712 -13
713 -11
714 -13
715 -10
716 -12
717 -10
718 -13
719 -13
720 -10
721 -13
722 -13
723 -13
724 -12
725 -11
726 -11
727 -13
728 -13
729 -12
730 -13
731 -13
732 -11
733 -12
734 -12
735 -13
736 -13
737 -13
738 -11
739 -16
740 -13
741 -13
742 -12
743 -10
744 -13
745 -13
746 -12
747 -10
748 -11
749 -13
750 -13
751 -12
752 -16
753 -10
754 -13
755 -11
756 -13
757 -10
758 -10
759 -10
760 -12
761 -13
762 -13
763 -11
764 -11
765 -10
766 -10
767 -11
768 -11
769 -11
770 -13
771 -13
772 -15
773 -13
774 -13
775 -12
776 -13
777 -13
778 -13
779 -13
780 -10
781 -11
782 -13
783 -13
784 -11
785 -10
786 -13
787 -11
788 -12
789 -12
790 -12
791 -13
792 -10
793 -12
794 -11
795 -12
796 -10
797 -11
798 -10
799 -11
800 -10
801 -11
802 -13
803 -13
804 -13
805 -11
806 -10
807 -13
808 -13
809 -10
810 -13
811 -12
812 -13
813 -11
814 -11
815 -12
816 -10
817 -12
818 -10
819 -12
820 -10
821 -11
822 -13
823 -11
824 -12
825 -12
826 -10
827 -13
828 -13
829 -13
830 -12
831 -12
832 -12
833 -11
834 -10
835 -10
836 -13
837 -14
838 -12
839 -10
840 -11
841 -13
842 -12
843 -10
844 -10
845 -10
846 -10
847 -12
848 -10
849 -12
850 -13
851 -12
852 -11
853 -10
854 -10
855 -12
856 -13
857 -13
858 -12
859 -15
860 -11
861 -11
862 -13
863 -13
864 -13
865 -10
866 -10
867 -11
868 -13
869 -13
870 -11
871 -13
872 -12
873 -11
874 -12
875 -13
876 -11
877 -12
878 -10
879 -13
880 -13
881 -13
882 -11
883 -12
884 -13
885 -13
886 -11
887 -10
888 -12
889 -11
890 -13
891 -13
892 -11
893 -12
894 -11
895 -12
896 -11
897 -11
898 -13
899 -13
900 -13
901 -12
902 -13
903 -13
904 -13
905 -12
906 -11
907 -10
908 -13
909 -11
910 -11
911 -11
912 -13
913 -11
914 -11
915 -13
916 -10
917 -12
918 -13
919 -12
920 -12
921 -13
922 -10
923 -13
924 -13
925 -13
926 -13
927 -13
928 -11
929 -11
930 -12
931 -12
932 -12
933 -13
934 -11
935 -10
936 -10
937 -11
938 -13
939 -13
940 -13
941 -10
942 -11
943 -13
944 -10
945 -10
946 -13
947 -12
948 -11
949 -10
950 -13
951 -10
952 -11
953 -10
954 -13
955 -13
956 -12
957 -13
958 -12
959 -13
960 -10
961 -10
962 -12
963 -13
964 -13
965 -10
966 -13
967 -17
968 -12
969 -12
970 -10
971 -12
972 -11
973 -11
974 -11
975 -13
976 -10
977 -12
978 -12
979 -11
980 -10
981 -13
982 -13
983 -12
984 -13
985 -11
986 -13
987 -10
988 -13
989 -11
990 -12
991 -13
992 -12
993 -13
994 -13
995 -10
996 -12
997 -13
998 -12
999 -13
