0 -11
1 -10
2 -11
3 -13
4 -13
5 -11
6 -11
7 -10
8 -10
9 -10
10 -13
11 -10
12 -13
13 -14
14 -12
15 -12
16 -10
17 -13
18 -13
19 -10
20 -12
21 -10
22 -13
23 -13
24 -10
25 -11
26 -10
27 -13
28 -12
29 -10
30 -11
31 -12
32 -10
33 -13
34 -12
35 -11
36 -10
37 -10
38 -12
39 -10
40 -13
41 -11
42 -10
43 -13
44 -12
45 -13
46 -11
47 -11
48 -10
49 -11
50 -12
51 -12
52 -13
53 -11
54 -13
55 -11
56 -10
57 -13
58 -12
59 -10
60 -12
61 -10
62 -10
63 -12
64 -11
65 -12
66 -12
67 -12
68 -11
69 -13
70 -13
71 -13
72 -12
73 -12
74 -12
75 -13
76 -11
77 -11
78 -12
79 -12
80 -11
81 -13
82 -13
83 -13
84 -12
85 -10
86 -17
87 -17
88 -11
89 -13
90 -18
91 -10
92 -12
93 -13
94 -11
95 -11
96 -13
97 -12
98 -11
99 -12
100 -13
101 -12
102 -10
103 -10
104 -13
105 -10
106 -11
107 -10
108 -10
109 -11
110 -13
111 -13
112 -12
113 -13
114 -10
115 -20
116 -10
117 -10
118 -13
119 -13
120 -10
121 -13
122 -11
123 -13
124 -12
125 -12
126 -13
127 -12
128 -12
129 -13
130 -12
131 -11
132 -13
133 -12
134 -13
135 -12
136 -12
137 -13
138 -12
139 -10
140 -12
141 -13
142 -11
143 -13
144 -13
145 -13
146 -10
147 -12
148 -10
149 -13
150 -10
151 -10
152 -13
153 -10
154 -12
155 -13
156 -11
157 -12
158 -11
159 -11
160 -13
161 -13
162 -10
163 -13
164 -10
165 -13
166 -10
167 -10
168 -11
169 -11
170 -10
171 -12
172 -13
173 -11
174 -10
175 -11
176 -10
177 -15
178 -13
179 -10
180 -11
181 -11
182 -11
183 -13
184 -17
185 -13
186 -10
187 -12
188 -10
189 -12
190 -11
191 -13
192 -12
193 -11
194 -12
195 -13
196 -10
197 -12
198 -13
199 -10
200 -10
201 -14
202 -11
203 -12
204 -13
205 -10
206 -13
207 -12
208 -12
209 -13
210 -12
211 -13
212 -13
213 -10
214 -13
215 -21
216 -21
217 -12
218 -11
219 -11
220 -13
221 -10
222 -10
223 -13
224 -11
225 -12
226 -13
227 -10
228 -11
229 -12
230 -15
231 -13
232 -20
233 -11
234 -13
235 -12
236 -10
237 -12
238 -13
239 -10
240 -13
241 -11
242 -12
243 -34
244 -11
245 -13
246 -13
247 -10
248 -10
249 -11
250 -13
251 -12
252 -12
253 -11
254 -11
255 -12
256 -11
257 -13
258 -13
259 -13
260 -13
261 -13
262 -11
263 -10
264 -11
265 -13
266 -10
267 -13
268 -12
269 -12
270 -11
271 -10
272 -13
273 -13
274 -12
275 -12
276 -11
277 -13
278 -13
279 -13
280 -13
281 -12
282 -11
283 -11
284 -11
285 -11
286 -12
287 -13
288 -10
289 -12
290 -12
291 -12
292 -12
293 -12
294 -13
295 -11
296 -13
297 -10
298 -13
299 -12
300 -13
301 -10
302 -11
303 -13
304 -13
305 -13
306 -13
307 -10
308 -13
309 -11
310 -12
311 -11
312 -13
313 -11
314 -10
315 -12
316 -13
317 -13
318 -12
319 -13
320 -13
321 -10
322 -13
323 -12
324 -11
325 -10
326 -11
327 -10
328 -10
329 -12
330 -15
331 -11
332 -11
333 -10
334 -13
335 -13
336 -10
337 -11
338 -10
339 -11
340 -11
341 -10
342 -12
343 -17
344 -12
345 -12
346 -11
347 -12
348 -13
349 -17
350 -10
351 -12
352 -13
353 -13
354 -13
355 -12
356 -17
357 -12
358 -13
359 -11
360 -10
361 -14
362 -10
363 -13
364 -11
365 -13
366 -12
367 -13
368 -13
369 -13
370 -13
371 -10
372 -12
373 -13
374 -13
375 -11
376 -13
377 -11
378 -13
379 -21
380 -11
381 -13
382 -9
383 -13
384 -12
385 -13
386 -12
387 -12
388 -13
389 -10
390 -12
391 -13
392 -12
393 -12
394 -12
395 -11
396 -11
397 -10
398 -13
399 -13
400 -13
401 -13
402 -13
403 -11
404 -13
405 -10
406 -13
407 -10
408 -13
409 -12
410 -11
411 -13
412 -11
413 -13
414 -11
415 -10
416 -12
417 -13
418 -11
419 -13
420 -13
421 -11
422 -11
423 -11
424 -10
425 -11
426 -13
427 -13
428 -12
429 -10
430 -13
431 -11
432 -13
433 -13
434 -13
435 -11
436 -10
437 -11
438 -13
439 -13
440 -9
441 -11
442 -13
443 -11
444 -12
445 -11
446 -12
447 -13
448 -10
449 -13
450 -12
451 -13
452 -10
453 -13
454 -10
455 -10
456 -13
457 -13
458 -13
459 -10
460 -13
461 -13
462 -12
463 -13
464 -11
465 -12
466 -12
467 -20
468 -12
469 -11
470 -12
471 -13
472 -12
473 -13
474 -11
475 -10
476 -13
477 -12
478 -12
479 -12
480 -11
481 -16
482 -10
483 -13
484 -13
485 -13
486 -13
487 -13
488 -12
489 -13
490 -12
491 -10
492 -13
493 -11
494 -13
495 -11
496 -13
497 -11
498 -13
499 -12
500 -24
501 -11
502 -13
503 -10
504 -10
505 -11
506 -10
507 -13
508 -11
509 -11
510 -10
511 -10
512 -12
513 -11
514 -13
515 -13
516 -10
517 -11
518 -10
519 -12
520 -11
521 -13
522 -12
523 -13
524 -13
525 -12
526 -10
527 -10
528 -13
529 -15
530 -11
531 -11
532 -10
533 -10
534 -13
535 -13
536 -10
537 -10
538 -11
539 -13
540 -12
541 -13
542 -13
543 -10
544 -13
545 -10
546 -13
547 -12
548 -13
549 -11
550 -10
551 -13
552 -11
553 -11
554 -12
555 -13
556 -13
557 -11
558 -11
559 -12
560 -15
561 -13
562 -13
563 -11
564 -13
565 -10
566 -11
567 -13
568 -13
569 -12
570 -13
571 -13
572 -11
573 -13
574 -10
575 -14
576 -13
577 -10
578 -23
579 -10
580 -11
581 -13
582 -13
583 -11
584 -13
585 -10
586 -13
587 -11
588 -13
589 -13
590 -16
591 -13
592 -13
593 -13
594 -13
595 -13
596 -11
597 -17
598 -13
599 -12
600 -10
601 -10
602 -11
603 -11
604 -11
605 -13
606 -15
607 -11
608 -10
609 -17
610 -11
611 -10
612 -10
613 -13
614 -10
615 -10
616 -11
617 -11
618 -13
619 -12
620 -10
621 -12
622 -13
623 -13
624 -13
625 -19
626 -10
627 -13
628 -12
629 -11
630 -12
631 -13
632 -12
633 -13
634 -13
635 -13
636 -11
637 -13
638 -13
639 -13
640 -11
641 -12
642 -13
643 -11
644 -13
645 -11
646 -10
647 -13
648 -11
649 -11
650 -11
651 -13
652 -10
653 -13
654 -13
655 -10
656 -13
657 -12
658 -10
659 -10
660 -10
661 -11
662 -17
663 -13
664 -12
665 -13
666 -11
667 -10
668 -10
669 -10
670 -11
671 -13
672 -12
673 -10
674 -12
675 -10
676 -12
677 -12
678 -12
679 -13
680 -10
681 -11
682 -13
683 -13
684 -13
685 -11
686 -10
687 -11
688 -13
689 -13
690 -14
691 -14
692 -12
693 -13
694 -13
695 -11
696 -13
697 -11
698 -13
699 -13
700 -12
701 -10
702 -10
703 -12
704 -11
705 -10
706 -13
707 -12
708 -13
709 -10
710 -10
711 -14
712 -13
713 -13
714 -13
715 -13
716 -13
717 -13
718 -13
719 -12
720 -13
721 -10
722 -12
723 -12
724 -10
725 -14
726 -13
727 -10
728 -10
729 -13
730 -11
731 -12
732 -12
733 -10
734 -11
735 -13
736 -16
737 -11
738 -17
739 -11
740 -10
741 -13
742 -13
743 -11
744 -10
745 -13
746 -13
747 -13
748 -10
749 -14
750 -11
751 -13
752 -11
753 -10
754 -13
755 -11
756 -12
757 -11
758 -10
759 -10
760 -9
761 -13
762 -13
763 -11
764 -12
765 -13
766 -13
767 -13
768 -13
769 -11
770 -13
771 -13
772 -10
773 -13
774 -11
775 -13
776 -11
777 -13
778 -13
779 -11
780 -11
781 -11
782 -13
783 -11
784 -13
785 -12
786 -13
787 -10
788 -13
789 -11
790 -10
791 -17
792 -13
793 -10
794 -13
795 -13
796 -10
797 -11
798 -12
799 -13
800 -13
801 -12
802 -12
803 -10
804 -12
805 -10
806 -10
807 -10
808 -13
809 -10
810 -10
811 -13
812 -13
813 -10
814 -13
815 -13
816 -11
817 -12
818 -14
819 -12
820 -13
821 -13
822 -13
823 -11
824 -11
825 -12
826 -12
827 -14
828 -12
829 -12
830 -12
831 -10
832 -13
833 -13
834 -12
835 -13
836 -10
837 -12
838 -13
839 -10
840 -13
841 -13
842 -12
843 -10
844 -14
845 -13
846 -13
847 -11
848 -12
849 -10
850 -11
851 -10
852 -13
853 -12
854 -10
855 -11
856 -10
857 -12
858 -12
859 -13
860 -13
861 -13
862 -18
863 -13
864 -19
865 -11
866 -13
867 -11
868 -13
869 -12
870 -13
871 -13
872 -11
873 -13
874 -15
875 -10
876 -13
877 -12
878 -20
879 -13
880 -13
881 -13
882 -10
883 -10
884 -13
885 -10
886 -10
887 -10
888 -12
889 -13
890 -12
891 -10
892 -12
893 -11
894 -10
895 -13
896 -13
897 -13
898 -78
899 -10
900 -10
901 -11
902 -13
903 -11
904 -13
905 -10
906 -13
907 -12
908 -13
909 -10
910 -11
911 -12
912 -10
913 -11
914 -12
915 -13
916 -10
917 -14
918 -12
919 -13
920 -12
921 -13
922 -10
923 -12
924 -14
925 -17
926 -13
927 -11
928 -13
929 -13
930 -13
931 -12
932 -12
933 -13
934 -11
935 -10
936 -10
937 -12
938 -10
939 -11
940 -10
941 -13
942 -13
943 -13
944 -13
945 -12
946 -13
947 -13
948 -16
949 -13
950 -13
951 -10
952 -12
953 -12
954 -11
955 -11
956 -16
957 -10
958 -13
959 -11
960 -11
961 -13
962 -13
963 -12
964 -13
965 -13
966 -10
967 -13
968 -10
969 -12
970 -13
971 -12
972 -13
973 -11
974 -13
975 -10
976 -11
977 -13
978 -13
979 -11
980 -13
981 -12
982 -13
983 -13
984 -13
985 -12
986 -13
987 -13
988 -13
989 -10
990 -10
991 -11
992 -10
993 -13
994 -12
995 -12
996 -10
997 -13
998 -10
999 -12
