0 -13
1 -13
2 -12
3 -13
4 -13
5 -13
6 -13
7 -13
8 -13
9 -13
10 -13
11 -11
12 -10
13 -13
14 -13
15 -13
16 -13
17 -10
18 -13
19 -12
20 -13
21 -10
22 -28
23 -10
24 -10
25 -12
26 -17
27 -12
28 -12
29 -13
30 -13
31 -13
32 -13
33 -13
34 -10
35 -11
36 -10
37 -11
38 -10
39 -12
40 -10
41 -12
42 -10
43 -13
44 -10
45 -17
46 -13
47 -13
48 -11
49 -13
50 -13
51 -13
52 -10
53 -12
54 -12
55 -13
56 -13
57 -10
58 -10
59 -13
60 -11
61 -13
62 -11
63 -13
64 -13
65 -11
66 -13
67 -13
68 -13
69 -13
70 -14
71 -11
72 -10
73 -15
74 -13
75 -11
76 -13
77 -12
78 -12
79 -11
80 -11
81 -13
82 -10
83 -13
84 -12
85 -13
86 -10
87 -13
88 -12
89 -13
90 -16
91 -11
92 -13
93 -17
94 -12
95 -13
96 -10
97 -10
98 -12
99 -13
100 -13
101 -13
102 -13
103 -12
104 -12
105 -11
106 -11
107 -11
108 -10
109 -12
110 -11
111 -13
112 -12
113 -11
114 -11
115 -13
116 -12
117 -29
118 -13
119 -13
120 -10
121 -11
122 -11
123 -10
124 -13
125 -10
126 -11
127 -13
128 -10
129 -10
130 -11
131 -12
132 -10
133 -13
134 -12
135 -10
136 -11
137 -13
138 -13
139 -13
140 -10
141 -13
142 -32
143 -12
144 -11
145 -13
146 -13
147 -11
148 -17
149 -13
150 -12
151 -11
152 -13
153 -13
154 -12
155 -13
156 -13
157 -13
158 -10
159 -11
160 -13
161 -10
162 -50
163 -11
164 -12
165 -10
166 -13
167 -12
168 -11
169 -11
170 -13
171 -10
172 -10
173 -10
174 -11
175 -12
176 -13
177 -12
178 -13
179 -13
180 -10
181 -13
182 -14
183 -13
184 -11
185 -11
186 -17
187 -13
188 -13
189 -11
190 -11
191 -10
192 -12
193 -13
194 -13
195 -12
196 -13
197 -12
198 -12
199 -12
200 -13
201 -12
202 -11
203 -31
204 -13
205 -11
206 -13
207 -11
208 -13
209 -12
210 -11
211 -13
212 -11
213 -10
214 -10
215 -13
216 -10
217 -13
218 -13
219 -11
220 -11
221 -10
222 -13
223 -10
224 -13
225 -13
226 -11
227 -12
228 -11
229 -11
230 -13
231 -13
232 -12
233 -12
234 -12
235 -11
236 -10
237 -12
238 -11
239 -10
240 -11
241 -12
242 -10
243 -11
244 -13
245 -10
246 -11
247 -51
248 -10
249 -12
250 -12
251 -13
252 -12
253 -11
254 -13
255 -13
256 -13
257 -11
258 -16
259 -12
260 -13
261 -12
262 -13
263 -13
264 -13
265 -12
266 -11
267 -13
268 -69
269 -12
270 -11
271 -12
272 -13
273 -12
274 -13
275 -13
276 -10
277 -13
278 -13
279 -10
280 -13
281 -10
282 -10
283 -13
284 -10
285 -14
286 -12
287 -12
288 -13
289 -10
290 -13
291 -13
292 -11
293 -13
294 -16
295 -13
296 -13
297 -13
298 -54
299 -13
300 -13
301 -13
302 -13
303 -11
304 -11
305 -10
306 -10
307 -13
308 -13
309 -43
310 -11
311 -10
312 -13
313 -43
314 -13
315 -11
316 -13
317 -10
318 -10
319 -10
320 -13
321 -13
322 -15
323 -13
324 -11
325 -10
326 -11
327 -11
328 -13
329 -10
330 -12
331 -13
332 -12
333 -15
334 -13
335 -13
336 -13
337 -13
338 -28
339 -13
340 -13
341 -13
342 -12
343 -16
344 -12
345 -10
346 -11
347 -13
348 -13
349 -12
350 -13
351 -11
352 -11
353 -13
354 -10
355 -11
356 -13
357 -11
358 -12
359 -13
360 -13
361 -10
362 -17
363 -11
364 -13
365 -11
366 -10
367 -11
368 -12
369 -13
370 -12
371 -12
372 -13
373 -13
374 -12
375 -15
376 -10
377 -13
378 -13
379 -13
380 -10
381 -13
382 -11
383 -10
384 -10
385 -11
386 -11
387 -13
388 -11
389 -11
390 -10
391 -13
392 -12
393 -13
394 -12
395 -13
396 -103
397 -13
398 -13
399 -13
400 -13
401 -12
402 -13
403 -14
404 -11
405 -13
406 -12
407 -13
408 -13
409 -13
410 -12
411 -13
412 -13
413 -52
414 -11
415 -11
416 -13
417 -11
418 -13
419 -41
420 -11
421 -10
422 -10
423 -13
424 -10
425 -13
426 -10
427 -13
428 -10
429 -14
430 -11
431 -12
432 -12
433 -11
434 -13
435 -12
436 -10
437 -11
438 -12
439 -13
440 -13
441 -12
442 -11
443 -10
444 -13
445 -11
446 -13
447 -13
448 -10
449 -11
450 -11
451 -12
452 -13
453 -13
454 -13
455 -10
456 -12
457 -11
458 -11
459 -12
460 -12
461 -13
462 -10
463 -12
464 -61
465 -10
466 -11
467 -10
468 -13
469 -11
470 -11
471 -13
472 -13
473 -13
474 -13
475 -13
476 -10
477 -12
478 -13
479 -13
480 -13
481 -13
482 -10
483 -10
484 -11
485 -13
486 -13
487 -11
488 -13
489 -10
490 -12
491 -13
492 -12
493 -10
494 -13
495 -12
496 -11
497 -10
498 -13
499 -12
500 -10
501 -12
502 -10
503 -10
504 -13
505 -13
506 -10
507 -13
508 -13
509 -13
510 -10
511 -11
512 -13
513 -12
514 -13
515 -10
516 -13
517 -10
518 -12
519 -11
520 -13
521 -13
522 -10
523 -17
524 -10
525 -12
526 -12
527 -11
528 -12
529 -10
530 -11
531 -16
532 -10
533 -12
534 -14
535 -13
536 -12
537 -10
538 -10
539 -13
540 -13
541 -13
542 -13
543 -11
544 -11
545 -13
546 -13
547 -13
548 -13
549 -10
550 -12
551 -13
552 -12
553 -12
554 -17
555 -11
556 -13
557 -13
558 -12
559 -11
560 -12
561 -11
562 -13
563 -10
564 -10
565 -12
566 -11
567 -12
568 -13
569 -11
570 -67
571 -13
572 -10
573 -11
574 -11
575 -12
576 -11
577 -12
578 -10
579 -11
580 -11
581 -12
582 -12
583 -13
584 -12
585 -12
586 -13
587 -12
588 -11
589 -13
590 -12
591 -13
592 -10
593 -42
594 -13
595 -55
596 -12
597 -108
598 -13
599 -11
600 -12
601 -10
602 -14
603 -11
604 -13
605 -13
606 -13
607 -45
608 -12
609 -13
610 -10
611 -11
612 -12
613 -12
614 -10
615 -10
616 -16
617 -12
618 -12
619 -13
620 -11
621 -10
622 -10
623 -12
624 -13
625 -11
626 -13
627 -13
628 -12
629 -10
630 -12
631 -13
632 -13
633 -13
634 -13
635 -11
636 -11
637 -13
638 -17
639 -12
640 -13
641 -11
642 -13
643 -11
644 -11
645 -13
646 -12
647 -13
648 -17
649 -12
650 -13
651 -13
652 -13
653 -11
654 -13
655 -11
656 -13
657 -11
658 -10
659 -13
660 -11
661 -11
662 -11
663 -11
664 -10
665 -10
666 -12
667 -13
668 -11
669 -43
670 -12
671 -13
672 -13
673 -11
674 -10
675 -13
676 -11
677 -14
678 -13
679 -12
680 -10
681 -13
682 -11
683 -12
684 -13
685 -15
686 -12
687 -11
688 -12
689 -12
690 -13
691 -11
692 -11
693 -11
694 -11
695 -11
696 -12
697 -11
698 -24
699 -13
700 -17
701 -13
702 -10
703 -13
704 -13
705 -10
706 -11
707 -13
708 -11
709 -12
710 -11
711 -10
712 -10
713 -17
714 -12
715 -13
716 -13
717 -13
718 -11
719 -10
720 -10
721 -12
722 -12
723 -14
724 -13
725 -10
726 -13
727 -12
728 -10
729 -10
730 -10
731 -13
732 -11
733 -11
734 -12
735 -13
736 -10
737 -12
738 -10
739 -12
740 -11
741 -13
742 -10
743 -13
744 -12
745 -12
746 -13
747 -11
748 -13
749 -11
750 -10
751 -13
752 -12
753 -11
754 -12
755 -17
756 -13
757 -13
758 -13
759 -10
760 -10
761 -10
762 -13
763 -13
764 -47
765 -10
766 -13
767 -11
768 -12
769 -10
770 -12
771 -13
772 -11
773 -13
774 -13
775 -12
776 -12
777 -11
778 -12
779 -13
780 -10
781 -10
782 -13
783 -10
784 -12
785 -10
786 -53
787 -13
788 -10
789 -13
790 -11
791 -13
792 -11
793 -13
794 -11
795 -12
796 -12
797 -13
798 -12
799 -13
800 -13
801 -62
802 -12
803 -13
804 -13
805 -11
806 -12
807 -10
808 -13
809 -13
810 -12
811 -13
812 -12
813 -13
814 -13
815 -10
816 -13
817 -13
818 -13
819 -13
820 -13
821 -13
822 -14
823 -13
824 -13
825 -12
826 -13
827 -10
828 -11
829 -13
830 -13
831 -13
832 -10
833 -12
834 -11
835 -13
836 -10
837 -12
838 -13
839 -13
840 -13
841 -13
842 -11
843 -11
844 -12
845 -10
846 -13
847 -10
848 -10
849 -10
850 -13
851 -10
852 -13
853 -14
854 -13
855 -11
856 -11
857 -11
858 -11
859 -11
860 -17
861 -13
862 -11
863 -11
864 -12
865 -10
866 -14
867 -13
868 -13
869 -12
870 -10
871 -10
872 -13
873 -13
874 -11
875 -12
876 -13
877 -10
878 -13
879 -11
880 -13
881 -13
882 -10
883 -12
884 -13
885 -11
886 -13
887 -13
888 -13
889 -13
890 -11
891 -11
892 -13
893 -19
894 -11
895 -12
896 -10
897 -10
898 -13
899 -11
900 -11
901 -10
902 -13
903 -10
904 -13
905 -13
906 -12
907 -10
908 -13
909 -13
910 -12
911 -13
912 -15
913 -13
914 -13
915 -13
916 -10
917 -13
918 -13
919 -10
920 -13
921 -12
922 -12
923 -13
924 -10
925 -13
926 -10
927 -13
928 -12
929 -11
930 -11
931 -13
932 -10
933 -14
934 -13
935 -12
936 -11
937 -13
938 -12
939 -10
940 -13
941 -18
942 -13
943 -13
944 -12
945 -13
946 -10
947 -13
948 -10
949 -11
950 -13
951 -13
952 -13
953 -11
954 -11
955 -13
956 -12
957 -13
958 -11
959 -13
960 -10
961 -13
962 -13
963 -12
964 -13
965 -12
966 -11
967 -10
968 -11
969 -13
970 -13
971 -10
972 -11
973 -13
974 -10
975 -13
976 -12
977 -13
978 -13
979 -13
980 -12
981 -47
982 -13
983 -13
984 -10
985 -12
986 -26
987 -12
988 -10
989 -11
990 -13
991 -13
992 -13
993 -13
994 -12
995 -10
996 -10
997 -11
998 -10
999 -10
