0 -12
1 -13
2 -12
3 -11
4 -12
5 -13
6 -11
7 -15
8 -12
9 -13
10 -10
11 -12
12 -11
13 -13
14 -13
15 -12
16 -12
17 -13
18 -13
19 -11
20 -17
21 -13
22 -12
23 -11
24 -11
25 -13
26 -12
27 -13
28 -11
29 -10
30 -10
31 -11
32 -14
33 -16
34 -11
35 -15
36 -10
37 -14
38 -11
39 -12
40 -12
41 -13
42 -11
43 -13
44 -13
45 -10
46 -12
47 -12
48 -13
49 -11
50 -11
51 -13
52 -13
53 -13
54 -13
55 -13
56 -12
57 -13
58 -13
59 -13
60 -10
61 -12
62 -12
63 -10
64 -10
65 -10
66 -10
67 -13
68 -10
69 -10
70 -10
71 -13
72 -13
73 -12
74 -10
75 -11
76 -12
77 -13
78 -11
79 -12
80 -13
81 -10
82 -13
83 -11
84 -13
85 -10
86 -11
87 -11
88 -12
89 -13
90 -10
91 -13
92 -11
93 -20
94 -10
95 -13
96 -13
97 -11
98 -12
99 -10
100 -13
101 -10
102 -17
103 -13
104 -11
105 -10
106 -13
107 -12
108 -12
109 -11
110 -12
111 -13
112 -11
113 -12
114 -12
115 -10
116 -13
117 -12
118 -10
119 -11
120 -10
121 -15
122 -11
123 -13
124 -13
125 -10
126 -12
127 -10
128 -13
129 -13
130 -10
131 -13
132 -13
133 -13
134 -13
135 -10
136 -11
137 -12
138 -10
139 -11
140 -12
141 -12
142 -13
143 -12
144 -13
145 -10
146 -13
147 -13
148 -11
149 -13
150 -13
151 -10
152 -11
153 -10
154 -13
155 -13
156 -10
157 -11
158 -11
159 -13
160 -11
161 -10
162 -12
163 -13
164 -10
165 -12
166 -10
167 -11
168 -13
169 -10
170 -13
171 -13
172 -12
173 -13
174 -12
175 -12
176 -12
177 -13
178 -13
179 -13
180 -15
181 -13
182 -13
183 -13
184 -10
185 -13
186 -13
187 -13
188 -13
189 -13
190 -10
191 -13
192 -10
193 -10
194 -13
195 -12
196 -13
197 -11
198 -21
199 -12
200 -9
201 -12
202 -11
203 -10
204 -10
205 -11
206 -11
207 -12
208 -10
209 -11
210 -13
211 -13
212 -10
213 -11
214 -13
215 -10
216 -12
217 -16
218 -11
219 -10
220 -11
221 -12
222 -11
223 -10
224 -10
225 -10
226 -12
227 -13
228 -13
229 -13
230 -13
231 -15
232 -10
233 -12
234 -12
235 -13
236 -13
237 -10
238 -10
239 -16
240 -13
241 -10
242 -11
243 -12
244 -12
245 -10
246 -10
247 -12
248 -11
249 -11
250 -10
251 -12
252 -13
253 -11
254 -10
255 -13
256 -11
257 -11
258 -10
259 -11
260 -11
261 -10
262 -10
263 -12
264 -13
265 -11
266 -11
267 -20
268 -10
269 -13
270 -13
271 -11
272 -10
273 -11
274 -11
275 -13
276 -14
277 -11
278 -10
279 -11
280 -10
281 -13
282 -11
283 -13
284 -11
285 -12
286 -13
287 -13
288 -10
289 -11
290 -15
291 -10
292 -11
293 -11
294 -12
295 -12
296 -11
297 -10
298 -10
299 -17
300 -11
301 -13
302 -10
303 -10
304 -17
305 -14
306 -11
307 -13
308 -13
309 -13
310 -12
311 -12
312 -13
313 -12
314 -10
315 -13
316 -13
317 -12
318 -11
319 -10
320 -13
321 -10
322 -12
323 -10
324 -12
325 -11
326 -12
327 -13
328 -11
329 -13
330 -10
331 -12
332 -12
333 -12
334 -13
335 -13
336 -12
337 -11
338 -13
339 -16
340 -11
341 -10
342 -12
343 -13
344 -13
345 -10
346 -10
347 -13
348 -10
349 -12
350 -11
351 -10
352 -13
353 -13
354 -11
355 -12
356 -11
357 -10
358 -10
359 -21
360 -12
361 -12
362 -11
363 -11
364 -13
365 -13
366 -13
367 -11
368 -13
369 -9
370 -13
371 -12
372 -12
373 -13
374 -17
375 -11
376 -12
377 -12
378 -10
379 -11
380 -13
381 -13
382 -10
383 -10
384 -13
385 -12
386 -13
387 -12
388 -12
389 -10
390 -13
391 -13
392 -13
393 -12
394 -13
395 -12
396 -11
397 -11
398 -11
399 -11
400 -12
401 -13
402 -10
403 -11
404 -11
405 -10
406 -10
407 -10
408 -13
409 -10
410 -10
411 -13
412 -12
413 -10
414 -10
415 -11
416 -12
417 -13
418 -16
419 -10
420 -13
421 -12
422 -11
423 -12
424 -13
425 -13
426 -13
427 -13
428 -11
429 -13
430 -13
431 -13
432 -12
433 -13
434 -11
435 -11
436 -13
437 -11
438 -13
439 -17
440 -13
441 -10
442 -12
443 -11
444 -13
445 -13
446 -10
447 -12
448 -12
449 -13
450 -13
451 -12
452 -11
453 -11
454 -12
455 -10
456 -13
457 -13
458 -11
459 -12
460 -13
461 -13
462 -12
463 -15
464 -13
465 -12
466 -13
467 -12
468 -12
469 -12
470 -13
471 -10
472 -13
473 -13
474 -11
475 -11
476 -12
477 -13
478 -10
479 -13
480 -11
481 -10
482 -12
483 -13
484 -12
485 -11
486 -13
487 -10
488 -12
489 -10
490 -13
491 -13
492 -10
493 -11
494 -11
495 -13
496 -13
497 -13
498 -11
499 -12
500 -10
501 -13
502 -13
503 -12
504 -10
505 -13
506 -10
507 -12
508 -11
509 -10
510 -13
511 -11
512 -10
513 -13
514 -11
515 -13
516 -10
517 -10
518 -13
519 -15
520 -13
521 -11
522 -13
523 -10
524 -12
525 -13
526 -13
527 -12
528 -13
529 -11
530 -13
531 -11
532 -10
533 -11
534 -11
535 -10
536 -13
537 -11
538 -11
539 -11
540 -15
541 -10
542 -12
543 -10
544 -12
545 -11
546 -13
547 -11
548 -13
549 -12
550 -16
551 -13
552 -10
553 -13
554 -13
555 -12
556 -11
557 -13
558 -13
559 -12
560 -12
561 -11
562 -11
563 -13
564 -12
565 -10
566 -11
567 -13
568 -13
569 -11
570 -13
571 -12
572 -13
573 -12
574 -10
575 -13
576 -10
577 -10
578 -13
579 -13
580 -11
581 -12
582 -11
583 -13
584 -10
585 -13
586 -13
587 -10
588 -12
589 -13
590 -13
591 -12
592 -11
593 -12
594 -10
595 -10
596 -12
597 -10
598 -13
599 -11
600 -13
601 -11
602 -12
603 -10
604 -11
605 -13
606 -13
607 -13
608 -13
609 -12
610 -10
611 -10
612 -11
613 -13
614 -10
615 -12
616 -10
617 -12
618 -13
619 -13
620 -10
621 -11
622 -11
623 -12
624 -11
625 -12
626 -13
627 -20
628 -13
629 -13
630 -11
631 -11
632 -10
633 -13
634 -11
635 -12
636 -13
637 -13
638 -10
639 -13
640 -13
641 -13
642 -13
643 -13
644 -10
645 -13
646 -11
647 -13
648 -12
649 -11
650 -11
651 -11
652 -10
653 -15
654 -13
655 -15
656 -13
657 -13
658 -13
659 -10
660 -10
661 -13
662 -13
663 -11
664 -12
665 -13
666 -14
667 -10
668 -12
669 -12
670 -13
671 -10
672 -11
673 -12
674 -13
675 -13
676 -12
677 -12
678 -10
679 -10
680 -18
681 -11
682 -13
683 -13
684 -10
685 -10
686 -13
687 -12
688 -13
689 -11
690 -10
691 -13
692 -11
693 -13
694 -16
695 -11
696 -13
697 -17
698 -11
699 -13
700 -11
701 -13
702 -10
703 -12
704 -17
705 -10
706 -13
707 -11
708 -12
709 -13
710 -12
711 -11
712 -11
713 -10
714 -12
715 -10
716 -12
717 -10
718 -13
719 -12
720 -13
721 -13
722 -11
723 -13
724 -11
725 -13
726 -11
727 -13
728 -17
729 -13
730 -11
731 -12
732 -11
733 -11
734 -12
735 -12
736 -10
737 -13
738 -10
739 -12
740 -12
741 -11
742 -11
743 -13
744 -13
745 -13
746 -13
747 -13
748 -10
749 -12
750 -13
751 -11
752 -10
753 -10
754 -13
755 -12
756 -12
757 -10
758 -10
759 -10
760 -12
761 -13
762 -13
763 -11
764 -12
765 -10
766 -15
767 -12
768 -12
769 -11
770 -13
771 -12
772 -17
773 -13
774 -13
775 -16
776 -12
777 -13
778 -12
779 -20
780 -13
781 -13
782 -13
783 -13
784 -13
785 -11
786 -11
787 -11
788 -12
789 -11
790 -10
791 -12
792 -12
793 -12
794 -10
795 -12
796 -10
797 -13
798 -11
799 -13
800 -15
801 -12
802 -13
803 -10
804 -10
805 -12
806 -10
807 -13
808 -13
809 -13
810 -11
811 -11
812 -17
813 -16
814 -11
815 -12
816 -11
817 -13
818 -10
819 -10
820 -11
821 -10
822 -11
823 -10
824 -11
825 -10
826 -11
827 -11
828 -11
829 -32
830 -13
831 -12
832 -13
833 -13
834 -13
835 -12
836 -10
837 -13
838 -10
839 -12
840 -17
841 -13
842 -13
843 -11
844 -13
845 -15
846 -12
847 -11
848 -11
849 -11
850 -20
851 -11
852 -13
853 -10
854 -10
855 -11
856 -11
857 -11
858 -10
859 -12
860 -13
861 -13
862 -13
863 -13
864 -13
865 -17
866 -13
867 -13
868 -13
869 -12
870 -11
871 -13
872 -11
873 -13
874 -13
875 -10
876 -13
877 -14
878 -11
879 -13
880 -12
881 -13
882 -11
883 -10
884 -13
885 -11
886 -11
887 -14
888 -13
889 -13
890 -10
891 -10
892 -11
893 -19
894 -13
895 -13
896 -12
897 -13
898 -13
899 -15
900 -13
901 -12
902 -11
903 -13
904 -12
905 -13
906 -12
907 -11
908 -11
909 -12
910 -12
911 -10
912 -17
913 -13
914 -12
915 -12
916 -13
917 -10
918 -12
919 -13
920 -13
921 -10
922 -10
923 -13
924 -12
925 -16
926 -13
927 -12
928 -10
929 -13
930 -13
931 -10
932 -17
933 -17
934 -13
935 -11
936 -12
937 -12
938 -13
939 -13
940 -11
941 -12
942 -11
943 -18
944 -10
945 -11
946 -13
947 -10
948 -13
949 -12
950 -11
951 -10
952 -11
953 -13
954 -12
955 -17
956 -12
957 -13
958 -13
959 -14
960 -10
961 -12
962 -11
963 -13
964 -12
965 -12
966 -13
967 -12
968 -12
969 -13
970 -13
971 -19
972 -11
973 -12
974 -13
975 -12
976 -13
977 -13
978 -11
979 -13
980 -10
981 -13
982 -13
983 -13
984 -11
985 -10
986 -13
987 -12
988 -13
989 -12
990 -11
991 -11
992 -13
993 -13
994 -11
995 -13
996 -11
997 -17
998 -13
999 -11
