0 -11
1 -11
2 -10
3 -12
4 -12
5 -13
6 -13
7 -13
8 -13
9 -15
10 -13
11 -10
12 -11
13 -10
14 -11
15 -12
16 -13
17 -12
18 -12
19 -13
20 -10
21 -11
22 -10
23 -12
24 -12
25 -12
26 -12
27 -13
28 -13
29 -13
30 -13
31 -13
32 -13
33 -11
34 -11
35 -13
36 -13
37 -10
38 -13
39 -13
40 -12
41 -12
42 -13
43 -13
44 -10
45 -11
46 -12
47 -20
48 -13
49 -12
50 -10
51 -10
52 -13
53 -11
54 -13
55 -13
56 -11
57 -13
58 -12
59 -10
60 -11
61 -16
62 -13
63 -12
64 -13
65 -12
66 -12
67 -13
68 -10
69 -13
70 -12
71 -20
72 -13
73 -10
74 -12
75 -12
76 -11
77 -13
78 -11
79 -10
80 -14
81 -16
82 -10
83 -10
84 -12
85 -10
86 -13
87 -11
88 -13
89 -13
90 -10
91 -10
92 -13
93 -12
94 -11
95 -11
96 -11
97 -13
98 -13
99 -12
100 -13
101 -10
102 -10
103 -13
104 -13
105 -13
106 -13
107 -13
108 -11
109 -12
110 -11
111 -12
112 -12
113 -12
114 -10
115 -11
116 -10
117 -10
118 -10
119 -12
120 -13
121 -13
122 -10
123 -12
124 -13
125 -10
126 -10
127 -13
128 -13
129 -13
130 -12
131 -13
132 -13
133 -13
134 -12
135 -12
136 -11
137 -12
138 -10
139 -10
140 -10
141 -11
142 -11
143 -10
144 -11
145 -11
146 -13
147 -14
148 -13
149 -11
150 -13
151 -13
152 -13
153 -13
154 -13
155 -13
156 -10
157 -10
158 -11
159 -12
160 -13
161 -11
162 -10
163 -11
164 -13
165 -10
166 -10
167 -12
168 -12
169 -10
170 -11
171 -12
172 -13
173 -10
174 -11
175 -12
176 -11
177 -11
178 -10
179 -12
180 -13
181 -12
182 -12
183 -10
184 -13
185 -12
186 -13
187 -11
188 -11
189 -13
190 -13
191 -13
192 -12
193 -16
194 -10
195 -13
196 -11
197 -13
198 -10
199 -12
200 -12
201 -10
202 -13
203 -12
204 -10
205 -13
206 -11
207 -13
208 -13
209 -13
210 -12
211 -13
212 -11
213 -11
214 -10
215 -12
216 -10
217 -11
218 -13
219 -10
220 -11
221 -16
222 -13
223 -10
224 -13
225 -10
226 -13
227 -13
228 -13
229 -10
230 -11
231 -16
232 -13
233 -13
234 -11
235 -10
236 -12
237 -12
238 -10
239 -12
240 -13
241 -13
242 -10
243 -16
244 -13
245 -12
246 -13
247 -11
248 -12
249 -11
250 -12
251 -11
252 -9
253 -13
254 -13
255 -12
256 -11
257 -13
258 -17
259 -11
260 -11
261 -13
262 -10
263 -10
264 -12
265 -21
266 -12
267 -10
268 -11
269 -11
270 -13
271 -11
272 -13
273 -13
274 -11
275 -10
276 -11
277 -13
278 -14
279 -12
280 -10
281 -10
282 -12
283 -10
284 -13
285 -13
286 -10
287 -14
288 -12
289 -12
290 -10
291 -13
292 -11
293 -10
294 -11
295 -12
296 -12
297 -13
298 -13
299 -12
300 -13
301 -12
302 -10
303 -13
304 -13
305 -13
306 -11
307 -10
308 -11
309 -12
310 -13
311 -12
312 -11
313 -12
314 -13
315 -12
316 -10
317 -13
318 -12
319 -10
320 -13
321 -11
322 -13
323 -11
324 -12
325 -13
326 -13
327 -12
328 -12
329 -13
330 -13
331 -13
332 -12
333 -13
334 -11
335 -10
336 -13
337 -13
338 -12
339 -13
340 -13
341 -17
342 -13
343 -10
344 -10
345 -13
346 -12
347 -13
348 -10
349 -13
350 -10
351 -11
352 -11
353 -13
354 -11
355 -13
356 -12
357 -10
358 -11
359 -12
360 -12
361 -13
362 -12
363 -17
364 -13
365 -12
366 -13
367 -11
368 -11
369 -11
370 -12
371 -13
372 -10
373 -13
374 -12
375 -16
376 -13
377 -11
378 -10
379 -13
380 -11
381 -12
382 -13
383 -17
384 -13
385 -13
386 -11
387 -12
388 -12
389 -11
390 -11
391 -12
392 -11
393 -11
394 -12
395 -13
396 -11
397 -13
398 -12
399 -13
400 -12
401 -12
402 -10
403 -12
404 -13
405 -13
406 -11
407 -12
408 -11
409 -12
410 -12
411 -10
412 -10
413 -13
414 -13
415 -13
416 -13
417 -13
418 -13
419 -10
420 -11
421 -13
422 -13
423 -10
424 -13
425 -10
426 -11
427 -10
428 -13
429 -11
430 -10
431 -12
432 -12
433 -11
434 -11
435 -11
436 -10
437 -12
438 -11
439 -10
440 -13
441 -13
442 -13
443 -11
444 -11
445 -13
446 -13
447 -12
448 -12
449 -13
450 -13
451 -18
452 -13
453 -12
454 -12
455 -11
456 -11
457 -14
458 -10
459 -12
460 -11
461 -11
462 -10
463 -13
464 -11
465 -13
466 -13
467 -13
468 -10
469 -13
470 -12
471 -12
472 -11
473 -10
474 -13
475 -11
476 -17
477 -11
478 -13
479 -10
480 -11
481 -13
482 -10
483 -13
484 -12
485 -10
486 -11
487 -13
488 -13
489 -10
490 -17
491 -13
492 -11
493 -13
494 -12
495 -11
496 -11
497 -13
498 -13
499 -10
500 -11
501 -10
502 -12
503 -12
504 -13
505 -13
506 -10
507 -12
508 -13
509 -13
510 -13
511 -13
512 -10
513 -10
514 -12
515 -14
516 -10
517 -13
518 -12
519 -13
520 -11
521 -13
522 -11
523 -10
524 -13
525 -11
526 -11
527 -11
528 -13
529 -13
530 -14
531 -13
532 -13
533 -10
534 -13
535 -10
536 -13
537 -11
538 -13
539 -12
540 -13
541 -11
542 -13
543 -15
544 -12
545 -10
546 -12
547 -12
548 -11
549 -16
550 -13
551 -13
552 -11
553 -10
554 -10
555 -13
556 -13
557 -13
558 -10
559 -11
560 -12
561 -13
562 -13
563 -11
564 -12
565 -10
566 -12
567 -11
568 -13
569 -10
570 -10
571 -12
572 -11
573 -12
574 -13
575 -13
576 -11
577 -13
578 -10
579 -12
580 -12
581 -13
582 -10
583 -12
584 -10
585 -10
586 -13
587 -11
588 -12
589 -15
590 -13
591 -13
592 -13
593 -10
594 -13
595 -13
596 -13
597 -11
598 -11
599 -13
600 -11
601 -12
602 -12
603 -11
604 -13
605 -12
606 -12
607 -11
608 -12
609 -13
610 -12
611 -13
612 -10
613 -13
614 -11
615 -11
616 -11
617 -11
618 -11
619 -12
620 -13
621 -12
622 -13
623 -13
624 -10
625 -11
626 -10
627 -13
628 -17
629 -13
630 -13
631 -13
632 -13
633 -12
634 -15
635 -11
636 -13
637 -12
638 -13
639 -10
640 -13
641 -10
642 -13
643 -10
644 -11
645 -10
646 -11
647 -11
648 -13
649 -11
650 -13
651 -11
652 -13
653 -13
654 -12
655 -13
656 -13
657 -13
658 -11
659 -11
660 -11
661 -14
662 -11
663 -13
664 -10
665 -11
666 -12
667 -12
668 -10
669 -13
670 -11
671 -13
672 -13
673 -13
674 -12
675 -16
676 -11
677 -11
678 -11
679 -13
680 -13
681 -11
682 -13
683 -13
684 -11
685 -12
686 -12
687 -13
688 -13
689 -17
690 -13
691 -12
692 -10
693 -11
694 -13
695 -10
696 -11
697 -13
698 -12
699 -13
700 -13
701 -13
702 -13
703 -13
704 -12
705 -13
706 -11
707 -13
708 -13
709 -10
710 -13
711 -12
712 -11
713 -13
714 -11
715 -10
716 -10
717 -13
718 -13
719 -13
720 -11
721 -12
722 -13
723 -13
724 -13
725 -13
726 -13
727 -11
728 -11
729 -13
730 -13
731 -10
732 -10
733 -12
734 -13
735 -12
736 -13
737 -10
738 -13
739 -12
740 -12
741 -12
742 -12
743 -10
744 -12
745 -10
746 -11
747 -12
748 -13
749 -12
750 -11
751 -11
752 -13
753 -13
754 -11
755 -13
756 -13
757 -11
758 -11
759 -11
760 -12
761 -10
762 -11
763 -12
764 -10
765 -10
766 -10
767 -12
768 -10
769 -10
770 -13
771 -12
772 -11
773 -10
774 -16
775 -12
776 -11
777 -12
778 -12
779 -11
780 -10
781 -13
782 -11
783 -13
784 -11
785 -10
786 -10
787 -13
788 -13
789 -13
790 -10
791 -12
792 -17
793 -13
794 -10
795 -10
796 -12
797 -10
798 -10
799 -12
800 -13
801 -13
802 -13
803 -11
804 -12
805 -13
806 -10
807 -11
808 -13
809 -12
810 -13
811 -13
812 -12
813 -12
814 -17
815 -11
816 -13
817 -11
818 -10
819 -10
820 -13
821 -12
822 -11
823 -13
824 -11
825 -13
826 -11
827 -13
828 -13
829 -11
830 -13
831 -13
832 -13
833 -10
834 -10
835 -13
836 -11
837 -12
838 -12
839 -12
840 -15
841 -13
842 -15
843 -13
844 -13
845 -10
846 -11
847 -13
848 -12
849 -16
850 -12
851 -11
852 -13
853 -13
854 -13
855 -10
856 -14
857 -13
858 -13
859 -13
860 -21
861 -13
862 -10
863 -13
864 -11
865 -10
866 -10
867 -13
868 -10
869 -13
870 -10
871 -10
872 -13
873 -13
874 -13
875 -13
876 -11
877 -13
878 -13
879 -13
880 -11
881 -10
882 -10
883 -10
884 -10
885 -10
886 -17
887 -14
888 -10
889 -10
890 -13
891 -13
892 -11
893 -11
894 -12
895 -13
896 -13
897 -11
898 -13
899 -12
900 -10
901 -13
902 -17
903 -10
904 -13
905 -12
906 -13
907 -13
908 -12
909 -13
910 -10
911 -13
912 -11
913 -12
914 -11
915 -13
916 -13
917 -13
918 -11
919 -12
920 -13
921 -11
922 -13
923 -10
924 -13
925 -13
926 -13
927 -12
928 -11
929 -10
930 -13
931 -12
932 -11
933 -19
934 -13
935 -12
936 -10
937 -12
938 -13
939 -11
940 -12
941 -10
942 -13
943 -13
944 -13
945 -11
946 -12
947 -13
948 -10
949 -10
950 -10
951 -10
952 -13
953 -11
954 -17
955 -10
956 -13
957 -11
958 -11
959 -10
960 -13
961 -11
962 -12
963 -11
964 -10
965 -13
966 -12
967 -10
968 -17
969 -13
970 -13
971 -13
972 -10
973 -12
974 -11
975 -13
976 -12
977 -12
978 -13
979 -11
980 -11
981 -20
982 -11
983 -10
984 -10
985 -13
986 -13
987 -13
988 -11
989 -13
990 -12
991 -10
992 -10
993 -16
994 -10
995 -13
996 -11
997 -12
998 -10
999 -13
