0 -13
1 -12
2 -13
3 -10
4 -12
5 -15
6 -12
7 -13
8 -13
9 -10
10 -11
11 -10
12 -13
13 -13
14 -13
15 -13
16 -10
17 -11
18 -11
19 -12
20 -13
21 -13
22 -13
23 -10
24 -16
25 -13
26 -11
27 -11
28 -12
29 -16
30 -11
31 -10
32 -12
33 -12
34 -10
35 -13
36 -12
37 -11
38 -13
39 -12
40 -13
41 -13
42 -12
43 -13
44 -13
45 -13
46 -10
47 -13
48 -11
49 -12
50 -13
51 -10
52 -12
53 -10
54 -12
55 -13
56 -12
57 -12
58 -10
59 -10
60 -11
61 -12
62 -13
63 -13
64 -13
65 -13
66 -12
67 -12
68 -11
69 -12
70 -12
71 -13
72 -12
73 -11
74 -10
75 -13
76 -10
77 -13
78 -12
79 -12
80 -12
81 -10
82 -11
83 -10
84 -13
85 -13
86 -11
87 -13
88 -11
89 -10
90 -12
91 -13
92 -18
93 -13
94 -11
95 -13
96 -13
97 -12
98 -11
99 -12
100 -11
101 -11
102 -10
103 -10
104 -11
105 -10
106 -12
107 -12
108 -13
109 -12
110 -12
111 -11
112 -13
113 -13
114 -12
115 -12
116 -12
117 -10
118 -10
119 -13
120 -11
121 -13
122 -10
123 -10
124 -13
125 -13
126 -10
127 -11
128 -12
129 -13
130 -13
131 -11
132 -10
133 -13
134 -13
135 -13
136 -12
137 -13
138 -13
139 -13
140 -12
141 -11
142 -11
143 -13
144 -12
145 -13
146 -13
147 -12
148 -12
149 -10
150 -13
151 -13
152 -13
153 -12
154 -12
155 -11
156 -10
157 -13
158 -10
159 -11
160 -13
161 -12
162 -12
163 -16
164 -11
165 -10
166 -12
167 -12
168 -13
169 -14
170 -11
171 -11
172 -11
173 -10
174 -12
175 -12
176 -13
177 -12
178 -10
179 -11
180 -13
181 -10
182 -12
183 -13
184 -17
185 -12
186 -13
187 -12
188 -11
189 -10
190 -11
191 -10
192 -13
193 -11
194 -10
195 -12
196 -10
197 -12
198 -12
199 -13
200 -11
201 -13
202 -13
203 -10
204 -12
205 -11
206 -13
207 -10
208 -10
209 -16
210 -12
211 -13
212 -10
213 -13
214 -19
215 -13
216 -10
217 -12
218 -13
219 -13
220 -12
221 -12
222 -12
223 -11
224 -13
225 -13
226 -13
227 -13
228 -13
229 -13
230 -13
231 -13
232 -13
233 -13
234 -10
235 -12
236 -10
237 -13
238 -12
239 -13
240 -13
241 -13
242 -10
243 -13
244 -10
245 -9
246 -14
247 -12
248 -11
249 -12
250 -10
251 -13
252 -11
253 -13
254 -12
255 -10
256 -11
257 -13
258 -10
259 -11
260 -11
261 -13
262 -10
263 -13
264 -12
265 -14
266 -11
267 -13
268 -13
269 -11
270 -13
271 -12
272 -10
273 -13
274 -11
275 -13
276 -11
277 -13
278 -13
279 -16
280 -13
281 -13
282 -12
283 -12
284 -13
285 -10
286 -10
287 -13
288 -16
289 -11
290 -10
291 -12
292 -13
293 -13
294 -10
295 -12
296 -13
297 -13
298 -12
299 -11
300 -16
301 -17
302 -12
303 -13
304 -12
305 -13
306 -11
307 -16
308 -13
309 -19
310 -12
311 -10
312 -11
313 -12
314 -11
315 -10
316 -12
317 -17
318 -14
319 -13
320 -10
321 -13
322 -11
323 -13
324 -20
325 -11
326 -10
327 -10
328 -10
329 -11
330 -13
331 -10
332 -13
333 -13
334 -13
335 -10
336 -12
337 -13
338 -13
339 -13
340 -13
341 -10
342 -11
343 -13
344 -13
345 -11
346 -12
347 -13
348 -10
349 -10
350 -12
351 -13
352 -13
353 -12
354 -14
355 -12
356 -12
357 -13
358 -12
359 -10
360 -12
361 -13
362 -13
363 -13
364 -11
365 -11
366 -10
367 -11
368 -13
369 -11
370 -13
371 -11
372 -12
373 -13
374 -13
375 -11
376 -10
377 -19
378 -13
379 -10
380 -17
381 -14
382 -13
383 -13
384 -13
385 -13
386 -13
387 -10
388 -12
389 -13
390 -10
391 -13
392 -13
393 -12
394 -13
395 -13
396 -11
397 -10
398 -10
399 -10
400 -11
401 -12
402 -10
403 -13
404 -13
405 -11
406 -12
407 -12
408 -10
409 -48
410 -12
411 -13
412 -11
413 -13
414 -11
415 -12
416 -13
417 -13
418 -10
419 -11
420 -12
421 -13
422 -10
423 -13
424 -11
425 -13
426 -13
427 -13
428 -14
429 -10
430 -10
431 -12
432 -10
433 -11
434 -12
435 -10
436 -13
437 -11
438 -13
439 -13
440 -13
441 -10
442 -12
443 -12
444 -13
445 -13
446 -11
447 -12
448 -11
449 -13
450 -11
451 -12
452 -12
453 -13
454 -10
455 -12
456 -11
457 -10
458 -10
459 -13
460 -31
461 -12
462 -10
463 -11
464 -10
465 -11
466 -12
467 -10
468 -13
469 -13
470 -10
471 -11
472 -13
473 -10
474 -11
475 -11
476 -13
477 -10
478 -20
479 -11
480 -11
481 -10
482 -13
483 -11
484 -10
485 -13
486 -10
487 -13
488 -12
489 -12
490 -13
491 -11
492 -13
493 -13
494 -13
495 -12
496 -11
497 -13
498 -13
499 -10
500 -13
501 -11
502 -12
503 -10
504 -13
505 -11
506 -11
507 -10
508 -13
509 -13
510 -11
511 -13
512 -12
513 -13
514 -12
515 -10
516 -10
517 -13
518 -12
519 -11
520 -13
521 -10
522 -13
523 -11
524 -13
525 -11
526 -13
527 -12
528 -10
529 -13
530 -10
531 -12
532 -11
533 -13
534 -12
535 -13
536 -12
537 -13
538 -12
539 -13
540 -11
541 -11
542 -12
543 -13
544 -10
545 -13
546 -10
547 -13
548 -11
549 -10
550 -13
551 -12
552 -13
553 -11
554 -12
555 -11
556 -10
557 -13
558 -10
559 -12
560 -12
561 -13
562 -13
563 -13
564 -10
565 -10
566 -12
567 -13
568 -17
569 -10
570 -13
571 -11
572 -12
573 -12
574 -10
575 -13
576 -23
577 -10
578 -13
579 -11
580 -11
581 -11
582 -13
583 -13
584 -10
585 -12
586 -12
587 -13
588 -11
589 -12
590 -10
591 -11
592 -12
593 -10
594 -13
595 -12
596 -12
597 -15
598 -12
599 -10
600 -13
601 -12
602 -10
603 -12
604 -10
605 -12
606 -12
607 -13
608 -13
609 -10
610 -12
611 -9
612 -13
613 -10
614 -15
615 -10
616 -12
617 -12
618 -11
619 -10
620 -13
621 -10
622 -11
623 -10
624 -13
625 -12
626 -13
627 -13
628 -13
629 -11
630 -13
631 -11
632 -12
633 -12
634 -10
635 -12
636 -10
637 -11
638 -11
639 -13
640 -12
641 -10
642 -13
643 -12
644 -13
645 -12
646 -10
647 -12
648 -11
649 -13
650 -12
651 -12
652 -12
653 -13
654 -17
655 -11
656 -12
657 -10
658 -10
659 -12
660 -11
661 -11
662 -10
663 -13
664 -13
665 -13
666 -11
667 -11
668 -11
669 -13
670 -11
671 -13
672 -11
673 -10
674 -13
675 -13
676 -10
677 -13
678 -15
679 -10
680 -10
681 -11
682 -10
683 -11
684 -11
685 -10
686 -10
687 -11
688 -16
689 -10
690 -13
691 -12
692 -11
693 -12
694 -11
695 -11
696 -11
697 -11
698 -12
699 -13
700 -13
701 -12
702 -12
703 -11
704 -13
705 -13
706 -13
707 -12
708 -13
709 -13
710 -10
711 -12
712 -13
713 -13
714 -10
715 -11
716 -12
717 -11
718 -13
719 -12
720 -10
721 -12
722 -10
723 -16
724 -11
725 -13
726 -17
727 -11
728 -12
729 -13
730 -12
731 -11
732 -13
733 -13
734 -12
735 -13
736 -13
737 -13
738 -13
739 -10
740 -13
741 -12
742 -13
743 -12
744 -11
745 -11
746 -10
747 -10
748 -13
749 -10
750 -13
751 -10
752 -12
753 -10
754 -10
755 -11
756 -13
757 -10
758 -10
759 -12
760 -13
761 -13
762 -12
763 -12
764 -13
765 -12
766 -13
767 -10
768 -12
769 -13
770 -11
771 -13
772 -10
773 -13
774 -13
775 -13
776 -13
777 -13
778 -12
779 -10
780 -11
781 -16
782 -13
783 -11
784 -11
785 -15
786 -11
787 -13
788 -13
789 -13
790 -13
791 -13
792 -13
793 -10
794 -12
795 -13
796 -10
797 -12
798 -22
799 -13
800 -12
801 -11
802 -13
803 -11
804 -11
805 -13
806 -11
807 -11
808 -12
809 -10
810 -12
811 -13
812 -11
813 -12
814 -13
815 -10
816 -12
817 -13
818 -12
819 -11
820 -10
821 -12
822 -11
823 -10
824 -11
825 -13
826 -13
827 -11
828 -12
829 -11
830 -10
831 -13
832 -14
833 -13
834 -13
835 -12
836 -13
837 -13
838 -13
839 -12
840 -12
841 -10
842 -10
843 -11
844 -11
845 -11
846 -12
847 -13
848 -10
849 -10
850 -13
851 -12
852 -13
853 -12
854 -12
855 -12
856 -13
857 -12
858 -10
859 -12
860 -11
861 -11
862 -13
863 -13
864 -12
865 -10
866 -13
867 -12
868 -11
869 -11
870 -11
871 -12
872 -13
873 -13
874 -13
875 -13
876 -10
877 -12
878 -11
879 -10
880 -11
881 -12
882 -13
883 -11
884 -10
885 -12
886 -12
887 -10
888 -12
889 -12
890 -10
891 -12
892 -12
893 -13
894 -12
895 -13
896 -10
897 -12
898 -13
899 -11
900 -12
901 -10
902 -13
903 -10
904 -11
905 -10
906 -10
907 -11
908 -13
909 -10
910 -13
911 -11
912 -10
913 -11
914 -13
915 -10
916 -13
917 -12
918 -13
919 -10
920 -10
921 -11
922 -12
923 -13
924 -10
925 -11
926 -19
927 -13
928 -11
929 -12
930 -13
931 -12
932 -13
933 -13
934 -11
935 -11
936 -10
937 -12
938 -13
939 -13
940 -13
941 -10
942 -11
943 -13
944 -11
945 -11
946 -12
947 -11
948 -11
949 -13
950 -13
951 -13
952 -12
953 -11
954 -13
955 -10
956 -11
957 -12
958 -13
959 -13
960 -13
961 -11
962 -13
963 -13
964 -10
965 -16
966 -11
967 -13
968 -43
969 -11
970 -10
971 -10
972 -13
973 -13
974 -16
975 -13
976 -13
977 -12
978 -13
979 -11
980 -10
981 -13
982 -11
983 -13
984 -13
985 -13
986 -13
987 -10
988 -13
989 -13
990 -12
991 -20
992 -13
993 -12
994 -13
995 -11
996 -13
997 -11
998 -16
999 -13
