0 -17
1 -12
2 -17
3 -17
4 -17
5 -10
6 -12
7 -11
8 -12
9 -11
10 -17
11 -12
12 -16
13 -10
14 -17
15 -11
16 -10
17 -17
18 -17
19 -17
20 -17
21 -11
22 -17
23 -17
24 -17
25 -17
26 -12
27 -17
28 -12
29 -10
30 -17
31 -23
32 -10
33 -10
34 -10
35 -10
36 -11
37 -17
38 -17
39 -10
40 -10
41 -12
42 -10
43 -17
44 -17
45 -10
46 -12
47 -17
48 -20
49 -10
50 -17
51 -17
52 -11
53 -17
54 -17
55 -17
56 -12
57 -14
58 -11
59 -12
60 -12
61 -17
62 -10
63 -11
64 -17
65 -11
66 -11
67 -12
68 -12
69 -12
70 -11
71 -17
72 -10
73 -12
74 -17
75 -12
76 -12
77 -10
78 -17
79 -10
80 -10
81 -17
82 -17
83 -17
84 -12
85 -11
86 -17
87 -17
88 -117
89 -12
90 -11
91 -12
92 -10
93 -12
94 -11
95 -10
96 -11
97 -24
98 -11
99 -17
100 -20
101 -17
102 -17
103 -13
104 -17
105 -17
106 -17
107 -10
108 -10
109 -17
110 -11
111 -17
112 -11
113 -10
114 -17
115 -12
116 -11
117 -17
118 -17
119 -17
120 -17
121 -32
122 -10
123 -17
124 -12
125 -17
126 -11
127 -12
128 -17
129 -10
130 -12
131 -17
132 -12
133 -10
134 -10
135 -17
136 -17
137 -17
138 -17
139 -17
140 -12
141 -17
142 -36
143 -11
144 -17
145 -11
146 -17
147 -17
148 -12
149 -11
150 -10
151 -10
152 -12
153 -23
154 -11
155 -12
156 -17
157 -17
158 -11
159 -11
160 -17
161 -17
162 -17
163 -11
164 -17
165 -11
166 -10
167 -10
168 -10
169 -42
170 -10
171 -11
172 -27
173 -12
174 -17
175 -11
176 -12
177 -12
178 -17
179 -12
180 -24
181 -12
182 -11
183 -11
184 -10
185 -10
186 -10
187 -12
188 -10
189 -10
190 -12
191 -17
192 -11
193 -11
194 -11
195 -17
196 -17
197 -11
198 -12
199 -12
200 -12
201 -12
202 -17
203 -17
204 -17
205 -17
206 -17
207 -17
208 -17
209 -17
210 -11
211 -12
212 -11
213 -11
214 -11
215 -12
216 -12
217 -10
218 -17
219 -10
220 -10
221 -12
222 -10
223 -11
224 -11
225 -11
226 -12
227 -113
228 -17
229 -12
230 -11
231 -21
232 -17
233 -12
234 -15
235 -17
236 -10
237 -12
238 -17
239 -17
240 -17
241 -17
242 -17
243 -10
244 -17
245 -12
246 -17
247 -17
248 -20
249 -12
250 -11
251 -12
252 -17
253 -17
254 -17
255 -11
256 -17
257 -17
258 -11
259 -17
260 -17
261 -17
262 -12
263 -17
264 -17
265 -17
266 -12
267 -17
268 -35
269 -17
270 -17
271 -11
272 -17
273 -21
274 -17
275 -12
276 -17
277 -12
278 -17
279 -10
280 -11
281 -11
282 -12
283 -12
284 -17
285 -17
286 -17
287 -11
288 -17
289 -17
290 -11
291 -17
292 -12
293 -10
294 -17
295 -17
296 -14
297 -17
298 -10
299 -10
300 -17
301 -10
302 -17
303 -10
304 -17
305 -10
306 -11
307 -12
308 -12
309 -17
310 -10
311 -10
312 -17
313 -17
314 -10
315 -10
316 -12
317 -10
318 -10
319 -10
320 -10
321 -10
322 -12
323 -12
324 -17
325 -12
326 -12
327 -17
328 -12
329 -17
330 -10
331 -17
332 -17
333 -10
334 -17
335 -17
336 -17
337 -17
338 -12
339 -11
340 -17
341 -17
342 -17
343 -10
344 -17
345 -17
346 -10
347 -17
348 -12
349 -17
350 -11
351 -12
352 -11
353 -17
354 -12
355 -10
356 -10
357 -12
358 -17
359 -12
360 -10
361 -10
362 -17
363 -17
364 -17
365 -17
366 -11
367 -11
368 -17
369 -10
370 -17
371 -17
372 -17
373 -17
374 -10
375 -12
376 -17
377 -17
378 -17
379 -11
380 -11
381 -11
382 -11
383 -12
384 -17
385 -17
386 -10
387 -12
388 -10
389 -17
390 -12
391 -12
392 -10
393 -10
394 -17
395 -10
396 -17
397 -17
398 -17
399 -17
400 -11
401 -17
402 -17
403 -17
404 -12
405 -17
406 -17
407 -12
408 -19
409 -17
410 -17
411 -17
412 -10
413 -10
414 -23
415 -10
416 -17
417 -17
418 -17
419 -18
420 -10
421 -12
422 -17
423 -17
424 -12
425 -17
426 -17
427 -10
428 -17
429 -17
430 -12
431 -15
432 -10
433 -11
434 -10
435 -12
436 -12
437 -17
438 -12
439 -28
440 -17
441 -12
442 -14
443 -12
444 -17
445 -12
446 -10
447 -10
448 -11
449 -25
450 -10
451 -47
452 -17
453 -11
454 -11
455 -10
456 -17
457 -10
458 -11
459 -10
460 -12
461 -17
462 -17
463 -12
464 -10
465 -10
466 -17
467 -12
468 -17
469 -17
470 -12
471 -12
472 -17
473 -12
474 -10
475 -21
476 -17
477 -17
478 -10
479 -12
480 -19
481 -10
482 -17
483 -17
484 -10
485 -17
486 -10
487 -17
488 -17
489 -17
490 -17
491 -17
492 -10
493 -11
494 -11
495 -10
496 -11
497 -12
498 -11
499 -17
500 -17
501 -12
502 -11
503 -12
504 -11
505 -17
506 -12
507 -10
508 -10
509 -17
510 -12
511 -10
512 -17
513 -11
514 -12
515 -17
516 -29
517 -17
518 -17
519 -17
520 -17
521 -52
522 -17
523 -17
524 -11
525 -10
526 -12
527 -10
528 -17
529 -17
530 -10
531 -11
532 -17
533 -17
534 -17
535 -17
536 -12
537 -10
538 -11
539 -10
540 -10
541 -10
542 -10
543 -17
544 -10
545 -12
546 -17
547 -17
548 -17
549 -11
550 -17
551 -11
552 -12
553 -17
554 -12
555 -17
556 -17
557 -17
558 -17
559 -12
560 -17
561 -17
562 -11
563 -17
564 -17
565 -17
566 -17
567 -12
568 -12
569 -17
570 -12
571 -17
572 -17
573 -17
574 -17
575 -17
576 -11
577 -12
578 -17
579 -17
580 -17
581 -11
582 -12
583 -11
584 -17
585 -10
586 -10
587 -10
588 -17
589 -12
590 -17
591 -17
592 -17
593 -10
594 -12
595 -12
596 -10
597 -11
598 -11
599 -59
600 -17
601 -17
602 -17
603 -12
604 -12
605 -10
606 -9
607 -14
608 -17
609 -15
610 -17
611 -11
612 -17
613 -17
614 -10
615 -12
616 -10
617 -11
618 -12
619 -17
620 -11
621 -17
622 -17
623 -10
624 -11
625 -12
626 -10
627 -12
628 -10
629 -11
630 -17
631 -17
632 -11
633 -10
634 -17
635 -10
636 -17
637 -17
638 -17
639 -17
640 -17
641 -11
642 -17
643 -12
644 -17
645 -10
646 -11
647 -11
648 -17
649 -19
650 -17
651 -12
652 -17
653 -10
654 -17
655 -133
656 -12
657 -12
658 -17
659 -32
660 -11
661 -10
662 -11
663 -12
664 -17
665 -17
666 -11
667 -11
668 -10
669 -17
670 -17
671 -28
672 -12
673 -17
674 -17
675 -12
676 -12
677 -17
678 -17
679 -10
680 -11
681 -17
682 -11
683 -11
684 -12
685 -12
686 -12
687 -11
688 -17
689 -12
690 -21
691 -10
692 -10
693 -17
694 -17
695 -17
696 -10
697 -17
698 -17
699 -10
700 -17
701 -10
702 -10
703 -10
704 -12
705 -17
706 -17
707 -10
708 -12
709 -11
710 -12
711 -17
712 -17
713 -17
714 -17
715 -10
716 -12
717 -42
718 -12
719 -10
720 -12
721 -10
722 -10
723 -17
724 -17
725 -17
726 -10
727 -12
728 -12
729 -11
730 -11
731 -12
732 -17
733 -17
734 -10
735 -10
736 -11
737 -10
738 -17
739 -17
740 -12
741 -12
742 -11
743 -12
744 -17
745 -10
746 -17
747 -28
748 -17
749 -17
750 -17
751 -17
752 -10
753 -12
754 -11
755 -10
756 -10
757 -41
758 -11
759 -17
760 -17
761 -17
762 -11
763 -11
764 -10
765 -17
766 -11
767 -17
768 -12
769 -17
770 -17
771 -10
772 -11
773 -12
774 -11
775 -10
776 -89
777 -12
778 -17
779 -12
780 -11
781 -11
782 -12
783 -10
784 -12
785 -11
786 -12
787 -12
788 -10
789 -11
790 -11
791 -10
792 -17
793 -17
794 -17
795 -17
796 -17
797 -17
798 -17
799 -17
800 -10
801 -17
802 -17
803 -12
804 -12
805 -10
806 -17
807 -10
808 -11
809 -17
810 -11
811 -12
812 -17
813 -24
814 -17
815 -11
816 -11
817 -12
818 -17
819 -12
820 -17
821 -17
822 -17
823 -11
824 -61
825 -17
826 -17
827 -12
828 -17
829 -17
830 -17
831 -27
832 -17
833 -17
834 -17
835 -17
836 -11
837 -17
838 -17
839 -17
840 -17
841 -17
842 -17
843 -25
844 -12
845 -12
846 -12
847 -17
848 -17
849 -12
850 -10
851 -11
852 -17
853 -10
854 -10
855 -11
856 -17
857 -11
858 -17
859 -17
860 -10
861 -10
862 -11
863 -12
864 -17
865 -17
866 -17
867 -17
868 -11
869 -11
870 -53
871 -17
872 -17
873 -17
874 -10
875 -12
876 -17
877 -12
878 -12
879 -17
880 -17
881 -11
882 -17
883 -17
884 -17
885 -12
886 -17
887 -17
888 -17
889 -10
890 -12
891 -11
892 -17
893 -17
894 -17
895 -11
896 -10
897 -14
898 -17
899 -17
900 -10
901 -11
902 -47
903 -17
904 -17
905 -10
906 -17
907 -17
908 -17
909 -17
910 -12
911 -17
912 -17
913 -12
914 -17
915 -10
916 -12
917 -17
918 -17
919 -11
920 -10
921 -11
922 -17
923 -21
924 -12
925 -17
926 -12
927 -17
928 -17
929 -11
930 -17
931 -17
932 -12
933 -11
934 -17
935 -10
936 -11
937 -17
938 -10
939 -42
940 -17
941 -17
942 -11
943 -12
944 -12
945 -12
946 -17
947 -17
948 -11
949 -10
950 -17
951 -11
952 -20
953 -10
954 -17
955 -10
956 -17
957 -12
958 -17
959 -17
960 -17
961 -12
962 -10
963 -10
964 -17
965 -12
966 -11
967 -28
968 -10
969 -12
970 -17
971 -11
972 -17
973 -12
974 -17
975 -17
976 -10
977 -11
978 -12
979 -17
980 -10
981 -17
982 -11
983 -12
984 -17
985 -17
986 -12
987 -11
988 -17
989 -17
990 -10
991 -11
992 -12
993 -12
994 -17
995 -10
996 -10
997 -10
998 -17
999 -10
