0 -13
1 -13
2 -11
3 -12
4 -11
5 -11
6 -11
7 -13
8 -12
9 -13
10 -11
11 -10
12 -13
13 -12
14 -10
15 -13
16 -11
17 -13
18 -13
19 -12
20 -12
21 -12
22 -13
23 -11
24 -13
25 -11
26 -13
27 -13
28 -11
29 -13
30 -11
31 -13
32 -11
33 -11
34 -13
35 -16
36 -13
37 -13
38 -13
39 -17
40 -12
41 -12
42 -11
43 -13
44 -12
45 -13
46 -13
47 -12
48 -12
49 -13
50 -13
51 -12
52 -11
53 -13
54 -11
55 -12
56 -13
57 -12
58 -13
59 -10
60 -11
61 -13
62 -10
63 -13
64 -13
65 -13
66 -13
67 -13
68 -10
69 -12
70 -12
71 -13
72 -13
73 -12
74 -10
75 -13
76 -10
77 -10
78 -10
79 -13
80 -11
81 -13
82 -13
83 -13
84 -13
85 -10
86 -11
87 -11
88 -13
89 -13
90 -13
91 -10
92 -12
93 -11
94 -11
95 -13
96 -13
97 -13
98 -10
99 -13
100 -13
101 -11
102 -12
103 -11
104 -13
105 -12
106 -10
107 -16
108 -10
109 -12
110 -13
111 -10
112 -11
113 -11
114 -10
115 -11
116 -12
117 -12
118 -12
119 -13
120 -13
121 -13
122 -13
123 -11
124 -10
125 -16
126 -13
127 -11
128 -11
129 -13
130 -13
131 -10
132 -11
133 -13
134 -13
135 -10
136 -10
137 -10
138 -10
139 -13
140 -13
141 -13
142 -12
143 -13
144 -10
145 -13
146 -12
147 -12
148 -10
149 -11
150 -16
151 -13
152 -13
153 -12
154 -13
155 -10
156 -11
157 -13
158 -13
159 -11
160 -13
161 -12
162 -13
163 -13
164 -11
165 -19
166 -13
167 -12
168 -13
169 -13
170 -12
171 -13
172 -12
173 -13
174 -11
175 -10
176 -12
177 -12
178 -10
179 -12
180 -12
181 -12
182 -10
183 -13
184 -11
185 -13
186 -10
187 -13
188 -13
189 -10
190 -13
191 -12
192 -11
193 -11
194 -15
195 -13
196 -12
197 -10
198 -11
199 -13
200 -13
201 -13
202 -11
203 -12
204 -13
205 -13
206 -12
207 -13
208 -11
209 -13
210 -12
211 -13
212 -10
213 -11
214 -13
215 -11
216 -10
217 -11
218 -16
219 -11
220 -11
221 -12
222 -11
223 -13
224 -14
225 -12
226 -12
227 -12
228 -10
229 -10
230 -11
231 -12
232 -13
233 -11
234 -11
235 -10
236 -13
237 -12
238 -11
239 -12
240 -13
241 -10
242 -13
243 -13
244 -13
245 -13
246 -12
247 -13
248 -12
249 -11
250 -13
251 -13
252 -10
253 -13
254 -13
255 -13
256 -10
257 -13
258 -13
259 -12
260 -11
261 -10
262 -10
263 -13
264 -10
265 -12
266 -13
267 -12
268 -13
269 -12
270 -13
271 -13
272 -13
273 -12
274 -12
275 -13
276 -12
277 -13
278 -13
279 -13
280 -10
281 -12
282 -13
283 -14
284 -11
285 -10
286 -10
287 -10
288 -12
289 -12
290 -13
291 -13
292 -10
293 -10
294 -10
295 -13
296 -16
297 -13
298 -10
299 -12
300 -13
301 -13
302 -12
303 -10
304 -10
305 -11
306 -12
307 -12
308 -11
309 -13
310 -12
311 -11
312 -13
313 -12
314 -11
315 -15
316 -12
317 -13
318 -11
319 -12
320 -10
321 -11
322 -11
323 -13
324 -10
325 -10
326 -12
327 -13
328 -12
329 -10
330 -12
331 -10
332 -12
333 -13
334 -11
335 -15
336 -10
337 -16
338 -11
339 -10
340 -12
341 -13
342 -13
343 -13
344 -12
345 -10
346 -11
347 -17
348 -13
349 -11
350 -13
351 -12
352 -11
353 -12
354 -11
355 -13
356 -10
357 -11
358 -10
359 -12
360 -10
361 -12
362 -11
363 -12
364 -11
365 -13
366 -11
367 -10
368 -13
369 -13
370 -43
371 -13
372 -11
373 -12
374 -11
375 -12
376 -12
377 -13
378 -11
379 -13
380 -13
381 -10
382 -11
383 -10
384 -13
385 -13
386 -10
387 -13
388 -10
389 -12
390 -12
391 -10
392 -11
393 -13
394 -10
395 -12
396 -11
397 -13
398 -11
399 -13
400 -12
401 -11
402 -12
403 -13
404 -10
405 -13
406 -13
407 -13
408 -12
409 -11
410 -16
411 -13
412 -10
413 -10
414 -12
415 -13
416 -12
417 -12
418 -12
419 -13
420 -10
421 -11
422 -13
423 -12
424 -11
425 -13
426 -12
427 -11
428 -12
429 -10
430 -13
431 -12
432 -12
433 -11
434 -10
435 -10
436 -11
437 -13
438 -12
439 -13
440 -10
441 -10
442 -10
443 -11
444 -13
445 -10
446 -12
447 -11
448 -11
449 -10
450 -10
451 -16
452 -13
453 -13
454 -13
455 -13
456 -13
457 -10
458 -13
459 -13
460 -13
461 -13
462 -12
463 -12
464 -10
465 -12
466 -11
467 -13
468 -10
469 -13
470 -11
471 -19
472 -10
473 -10
474 -12
475 -11
476 -12
477 -13
478 -11
479 -13
480 -10
481 -12
482 -13
483 -13
484 -11
485 -13
486 -10
487 -12
488 -10
489 -11
490 -11
491 -10
492 -13
493 -13
494 -11
495 -10
496 -12
497 -10
498 -10
499 -10
500 -12
501 -12
502 -11
503 -13
504 -13
505 -10
506 -11
507 -11
508 -13
509 -12
510 -10
511 -12
512 -11
513 -10
514 -10
515 -13
516 -13
517 -11
518 -12
519 -12
520 -20
521 -10
522 -11
523 -13
524 -11
525 -11
526 -19
527 -13
528 -11
529 -10
530 -19
531 -11
532 -13
533 -13
534 -10
535 -11
536 -12
537 -12
538 -11
539 -13
540 -13
541 -13
542 -11
543 -10
544 -11
545 -12
546 -13
547 -13
548 -11
549 -12
550 -13
551 -13
552 -10
553 -13
554 -10
555 -12
556 -13
557 -11
558 -10
559 -13
560 -13
561 -10
562 -16
563 -10
564 -10
565 -11
566 -10
567 -13
568 -11
569 -10
570 -12
571 -17
572 -13
573 -11
574 -10
575 -13
576 -12
577 -12
578 -12
579 -10
580 -10
581 -10
582 -10
583 -11
584 -10
585 -10
586 -12
587 -11
588 -13
589 -12
590 -13
591 -11
592 -12
593 -13
594 -13
595 -10
596 -11
597 -13
598 -12
599 -10
600 -10
601 -11
602 -13
603 -10
604 -10
605 -11
606 -13
607 -11
608 -11
609 -13
610 -13
611 -13
612 -13
613 -11
614 -13
615 -12
616 -13
617 -13
618 -10
619 -11
620 -13
621 -13
622 -13
623 -13
624 -13
625 -11
626 -13
627 -10
628 -11
629 -11
630 -12
631 -14
632 -13
633 -13
634 -11
635 -12
636 -11
637 -12
638 -10
639 -11
640 -13
641 -13
642 -12
643 -13
644 -13
645 -12
646 -11
647 -13
648 -13
649 -10
650 -13
651 -12
652 -13
653 -13
654 -10
655 -13
656 -10
657 -11
658 -13
659 -12
660 -12
661 -10
662 -13
663 -11
664 -13
665 -11
666 -10
667 -13
668 -13
669 -13
670 -12
671 -12
672 -10
673 -12
674 -10
675 -13
676 -10
677 -10
678 -11
679 -11
680 -11
681 -12
682 -13
683 -17
684 -10
685 -10
686 -11
687 -11
688 -12
689 -15
690 -13
691 -13
692 -13
693 -13
694 -13
695 -13
696 -13
697 -13
698 -13
699 -12
700 -13
701 -11
702 -14
703 -11
704 -13
705 -13
706 -13
707 -12
708 -13
709 -13
710 -13
711 -10
712 -13
713 -10
714 -13
715 -10
716 -12
717 -11
718 -13
719 -13
720 -13
721 -12
722 -13
723 -12
724 -13
725 -12
726 -10
727 -13
728 -10
729 -10
730 -12
731 -11
732 -13
733 -16
734 -13
735 -10
736 -12
737 -10
738 -10
739 -13
740 -10
741 -11
742 -13
743 -13
744 -12
745 -13
746 -11
747 -11
748 -12
749 -13
750 -12
751 -13
752 -13
753 -13
754 -13
755 -10
756 -12
757 -11
758 -12
759 -12
760 -11
761 -11
762 -10
763 -11
764 -13
765 -10
766 -13
767 -13
768 -10
769 -13
770 -12
771 -12
772 -11
773 -13
774 -13
775 -11
776 -10
777 -12
778 -10
779 -14
780 -16
781 -11
782 -13
783 -10
784 -10
785 -10
786 -12
787 -13
788 -13
789 -10
790 -13
791 -10
792 -13
793 -10
794 -13
795 -13
796 -10
797 -10
798 -12
799 -12
800 -13
801 -11
802 -11
803 -13
804 -13
805 -12
806 -13
807 -10
808 -10
809 -10
810 -10
811 -12
812 -12
813 -15
814 -13
815 -13
816 -12
817 -12
818 -12
819 -13
820 -12
821 -12
822 -13
823 -12
824 -10
825 -12
826 -12
827 -13
828 -13
829 -10
830 -12
831 -11
832 -12
833 -13
834 -13
835 -10
836 -12
837 -13
838 -12
839 -10
840 -10
841 -14
842 -12
843 -10
844 -13
845 -12
846 -13
847 -13
848 -12
849 -12
850 -11
851 -11
852 -10
853 -15
854 -12
855 -10
856 -12
857 -12
858 -10
859 -10
860 -17
861 -10
862 -11
863 -13
864 -12
865 -10
866 -13
867 -17
868 -13
869 -10
870 -13
871 -13
872 -11
873 -12
874 -10
875 -13
876 -12
877 -11
878 -13
879 -10
880 -13
881 -13
882 -13
883 -13
884 -13
885 -12
886 -10
887 -10
888 -17
889 -13
890 -10
891 -13
892 -10
893 -13
894 -13
895 -11
896 -13
897 -10
898 -12
899 -10
900 -12
901 -13
902 -10
903 -11
904 -10
905 -13
906 -11
907 -13
908 -13
909 -13
910 -11
911 -10
912 -11
913 -10
914 -10
915 -10
916 -16
917 -11
918 -11
919 -12
920 -10
921 -11
922 -13
923 -12
924 -13
925 -13
926 -11
927 -17
928 -74
929 -13
930 -16
931 -10
932 -13
933 -11
934 -17
935 -11
936 -12
937 -13
938 -13
939 -11
940 -13
941 -11
942 -13
943 -13
944 -11
945 -12
946 -12
947 -12
948 -12
949 -11
950 -12
951 -10
952 -13
953 -11
954 -13
955 -13
956 -13
957 -10
958 -13
959 -10
960 -13
961 -11
962 -10
963 -13
964 -12
965 -12
966 -13
967 -11
968 -13
969 -13
970 -20
971 -10
972 -13
973 -10
974 -11
975 -12
976 -12
977 -13
978 -13
979 -13
980 -10
981 -11
982 -12
983 -12
984 -13
985 -10
986 -10
987 -12
988 -13
989 -13
990 -10
991 -12
992 -12
993 -12
994 -11
995 -13
996 -13
997 -11
998 -12
999 -13
