0 -10
1 -10
2 -11
3 -17
4 -11
5 -11
6 -17
7 -17
8 -12
9 -11
10 -10
11 -10
12 -10
13 -12
14 -11
15 -17
16 -10
17 -17
18 -11
19 -17
20 -12
21 -11
22 -10
23 -17
24 -20
25 -11
26 -11
27 -12
28 -12
29 -12
30 -10
31 -10
32 -11
33 -12
34 -12
35 -17
36 -17
37 -17
38 -11
39 -10
40 -11
41 -12
42 -17
43 -12
44 -10
45 -17
46 -11
47 -62
48 -14
49 -10
50 -17
51 -17
52 -17
53 -12
54 -17
55 -17
56 -17
57 -17
58 -11
59 -11
60 -17
61 -12
62 -17
63 -17
64 -10
65 -17
66 -12
67 -17
68 -17
69 -21
70 -17
71 -11
72 -10
73 -11
74 -17
75 -10
76 -12
77 -10
78 -11
79 -10
80 -10
81 -12
82 -17
83 -17
84 -11
85 -17
86 -18
87 -10
88 -10
89 -12
90 -10
91 -11
92 -12
93 -17
94 -10
95 -17
96 -12
97 -10
98 -10
99 -11
100 -17
101 -11
102 -17
103 -17
104 -17
105 -17
106 -17
107 -12
108 -17
109 -11
110 -12
111 -11
112 -12
113 -11
114 -12
115 -18
116 -17
117 -12
118 -11
119 -17
120 -10
121 -12
122 -28
123 -12
124 -17
125 -11
126 -12
127 -30
128 -17
129 -10
130 -17
131 -10
132 -11
133 -17
134 -12
135 -12
136 -12
137 -11
138 -10
139 -10
140 -17
141 -10
142 -13
143 -11
144 -17
145 -17
146 -12
147 -17
148 -12
149 -11
150 -12
151 -11
152 -12
153 -12
154 -17
155 -17
156 -10
157 -17
158 -17
159 -11
160 -109
161 -17
162 -12
163 -12
164 -17
165 -10
166 -10
167 -16
168 -17
169 -11
170 -17
171 -10
172 -11
173 -10
174 -17
175 -12
176 -17
177 -12
178 -17
179 -10
180 -12
181 -17
182 -12
183 -17
184 -17
185 -12
186 -17
187 -10
188 -17
189 -17
190 -12
191 -17
192 -34
193 -11
194 -60
195 -10
196 -11
197 -17
198 -10
199 -10
200 -10
201 -17
202 -20
203 -12
204 -12
205 -17
206 -12
207 -17
208 -10
209 -10
210 -11
211 -17
212 -11
213 -12
214 -17
215 -10
216 -17
217 -12
218 -10
219 -17
220 -17
221 -17
222 -10
223 -12
224 -17
225 -10
226 -55
227 -10
228 -11
229 -11
230 -11
231 -17
232 -23
233 -17
234 -21
235 -17
236 -11
237 -10
238 -17
239 -17
240 -17
241 -12
242 -11
243 -17
244 -17
245 -17
246 -17
247 -17
248 -10
249 -11
250 -10
251 -17
252 -17
253 -17
254 -17
255 -17
256 -17
257 -11
258 -11
259 -11
260 -17
261 -17
262 -11
263 -17
264 -12
265 -12
266 -17
267 -17
268 -14
269 -11
270 -17
271 -17
272 -10
273 -20
274 -17
275 -17
276 -12
277 -11
278 -12
279 -11
280 -11
281 -15
282 -12
283 -17
284 -10
285 -12
286 -11
287 -17
288 -39
289 -17
290 -15
291 -12
292 -17
293 -10
294 -17
295 -10
296 -20
297 -10
298 -10
299 -11
300 -54
301 -12
302 -12
303 -11
304 -17
305 -12
306 -10
307 -17
308 -17
309 -17
310 -11
311 -11
312 -10
313 -10
314 -17
315 -10
316 -11
317 -12
318 -11
319 -11
320 -17
321 -10
322 -11
323 -17
324 -17
325 -17
326 -17
327 -10
328 -10
329 -17
330 -11
331 -10
332 -11
333 -17
334 -12
335 -11
336 -10
337 -12
338 -17
339 -17
340 -10
341 -17
342 -17
343 -11
344 -17
345 -17
346 -17
347 -17
348 -11
349 -17
350 -11
351 -12
352 -11
353 -17
354 -12
355 -12
356 -11
357 -17
358 -11
359 -12
360 -12
361 -10
362 -11
363 -17
364 -17
365 -17
366 -17
367 -17
368 -25
369 -11
370 -11
371 -12
372 -11
373 -17
374 -17
375 -12
376 -17
377 -10
378 -10
379 -12
380 -17
381 -11
382 -39
383 -17
384 -11
385 -11
386 -11
387 -12
388 -12
389 -20
390 -12
391 -27
392 -29
393 -17
394 -10
395 -11
396 -17
397 -10
398 -11
399 -10
400 -12
401 -12
402 -10
403 -17
404 -17
405 -10
406 -17
407 -17
408 -11
409 -11
410 -10
411 -12
412 -11
413 -109
414 -11
415 -11
416 -10
417 -10
418 -10
419 -17
420 -10
421 -17
422 -11
423 -11
424 -11
425 -17
426 -10
427 -10
428 -11
429 -17
430 -13
431 -10
432 -12
433 -17
434 -12
435 -17
436 -11
437 -17
438 -17
439 -20
440 -10
441 -17
442 -17
443 -10
444 -11
445 -17
446 -10
447 -17
448 -32
449 -11
450 -10
451 -10
452 -17
453 -11
454 -12
455 -12
456 -17
457 -12
458 -17
459 -17
460 -11
461 -12
462 -17
463 -11
464 -17
465 -17
466 -67
467 -17
468 -17
469 -12
470 -10
471 -17
472 -17
473 -10
474 -10
475 -17
476 -17
477 -10
478 -17
479 -12
480 -17
481 -10
482 -17
483 -11
484 -24
485 -10
486 -10
487 -11
488 -17
489 -11
490 -11
491 -10
492 -17
493 -10
494 -10
495 -9
496 -10
497 -11
498 -17
499 -10
500 -10
501 -17
502 -17
503 -12
504 -11
505 -10
506 -17
507 -10
508 -10
509 -11
510 -12
511 -17
512 -17
513 -10
514 -17
515 -11
516 -10
517 -17
518 -11
519 -11
520 -17
521 -10
522 -12
523 -17
524 -11
525 -17
526 -17
527 -17
528 -41
529 -10
530 -10
531 -17
532 -17
533 -12
534 -17
535 -17
536 -12
537 -17
538 -10
539 -10
540 -12
541 -12
542 -10
543 -10
544 -11
545 -12
546 -11
547 -12
548 -12
549 -17
550 -11
551 -17
552 -17
553 -17
554 -17
555 -17
556 -17
557 -10
558 -11
559 -17
560 -10
561 -10
562 -17
563 -17
564 -17
565 -10
566 -17
567 -12
568 -17
569 -10
570 -10
571 -11
572 -10
573 -17
574 -12
575 -17
576 -11
577 -10
578 -11
579 -17
580 -11
581 -17
582 -17
583 -10
584 -21
585 -12
586 -11
587 -17
588 -10
589 -10
590 -17
591 -12
592 -12
593 -12
594 -10
595 -17
596 -12
597 -12
598 -11
599 -17
600 -11
601 -10
602 -10
603 -17
604 -17
605 -11
606 -12
607 -10
608 -12
609 -12
610 -11
611 -17
612 -11
613 -12
614 -11
615 -17
616 -17
617 -17
618 -11
619 -17
620 -10
621 -11
622 -12
623 -11
624 -17
625 -11
626 -17
627 -10
628 -10
629 -12
630 -17
631 -17
632 -11
633 -11
634 -12
635 -12
636 -17
637 -10
638 -12
639 -25
640 -17
641 -10
642 -10
643 -14
644 -17
645 -17
646 -12
647 -12
648 -17
649 -14
650 -17
651 -10
652 -10
653 -17
654 -11
655 -10
656 -12
657 -17
658 -17
659 -12
660 -28
661 -12
662 -11
663 -13
664 -11
665 -17
666 -10
667 -10
668 -11
669 -17
670 -11
671 -12
672 -17
673 -35
674 -12
675 -17
676 -12
677 -11
678 -17
679 -17
680 -17
681 -11
682 -11
683 -16
684 -10
685 -10
686 -12
687 -13
688 -12
689 -11
690 -10
691 -17
692 -10
693 -10
694 -10
695 -17
696 -10
697 -17
698 -17
699 -11
700 -17
701 -10
702 -10
703 -11
704 -17
705 -19
706 -17
707 -17
708 -17
709 -12
710 -17
711 -11
712 -12
713 -11
714 -12
715 -10
716 -17
717 -11
718 -21
719 -10
720 -16
721 -12
722 -10
723 -12
724 -11
725 -17
726 -17
727 -17
728 -11
729 -32
730 -17
731 -17
732 -17
733 -10
734 -12
735 -11
736 -10
737 -10
738 -17
739 -10
740 -12
741 -10
742 -10
743 -12
744 -12
745 -12
746 -11
747 -17
748 -17
749 -17
750 -17
751 -17
752 -17
753 -12
754 -11
755 -17
756 -19
757 -11
758 -17
759 -17
760 -11
761 -10
762 -12
763 -10
764 -11
765 -17
766 -10
767 -12
768 -11
769 -11
770 -10
771 -17
772 -12
773 -10
774 -12
775 -17
776 -17
777 -41
778 -12
779 -17
780 -12
781 -10
782 -17
783 -11
784 -36
785 -17
786 -17
787 -17
788 -17
789 -16
790 -62
791 -12
792 -11
793 -11
794 -10
795 -12
796 -17
797 -10
798 -17
799 -17
800 -17
801 -10
802 -35
803 -17
804 -17
805 -17
806 -17
807 -17
808 -11
809 -12
810 -10
811 -11
812 -10
813 -17
814 -12
815 -12
816 -12
817 -17
818 -10
819 -17
820 -10
821 -11
822 -17
823 -11
824 -12
825 -17
826 -11
827 -17
828 -10
829 -17
830 -10
831 -12
832 -17
833 -17
834 -12
835 -12
836 -12
837 -11
838 -17
839 -12
840 -17
841 -17
842 -20
843 -12
844 -12
845 -10
846 -12
847 -10
848 -11
849 -11
850 -17
851 -11
852 -11
853 -17
854 -10
855 -11
856 -12
857 -10
858 -11
859 -10
860 -17
861 -17
862 -10
863 -17
864 -10
865 -12
866 -10
867 -17
868 -17
869 -17
870 -12
871 -12
872 -12
873 -17
874 -17
875 -11
876 -12
877 -17
878 -12
879 -10
880 -28
881 -17
882 -10
883 -12
884 -17
885 -12
886 -12
887 -17
888 -11
889 -10
890 -12
891 -12
892 -17
893 -11
894 -12
895 -17
896 -11
897 -11
898 -17
899 -11
900 -17
901 -17
902 -12
903 -17
904 -17
905 -17
906 -11
907 -12
908 -12
909 -10
910 -12
911 -11
912 -12
913 -17
914 -10
915 -18
916 -17
917 -12
918 -17
919 -10
920 -11
921 -17
922 -10
923 -32
924 -17
925 -17
926 -17
927 -17
928 -12
929 -17
930 -11
931 -17
932 -123
933 -17
934 -11
935 -11
936 -17
937 -26
938 -17
939 -12
940 -12
941 -28
942 -10
943 -12
944 -11
945 -11
946 -11
947 -10
948 -10
949 -12
950 -10
951 -25
952 -17
953 -12
954 -17
955 -10
956 -17
957 -10
958 -10
959 -17
960 -10
961 -10
962 -10
963 -17
964 -17
965 -17
966 -12
967 -25
968 -17
969 -17
970 -17
971 -11
972 -12
973 -10
974 -11
975 -12
976 -17
977 -10
978 -11
979 -12
980 -17
981 -10
982 -17
983 -12
984 -17
985 -17
986 -17
987 -10
988 -12
989 -17
990 -17
991 -17
992 -12
993 -17
994 -12
995 -12
996 -27
997 -11
998 -17
999 -12
