0 -13
1 -13
2 -13
3 -12
4 -12
5 -11
6 -11
7 -16
8 -13
9 -10
10 -12
11 -13
12 -12
13 -13
14 -11
15 -12
16 -11
17 -12
18 -11
19 -13
20 -11
21 -12
22 -12
23 -14
24 -13
25 -11
26 -10
27 -13
28 -13
29 -10
30 -14
31 -10
32 -12
33 -11
34 -13
35 -32
36 -13
37 -11
38 -13
39 -13
40 -10
41 -13
42 -11
43 -13
44 -13
45 -13
46 -12
47 -10
48 -11
49 -13
50 -11
51 -13
52 -11
53 -11
54 -13
55 -14
56 -13
57 -11
58 -10
59 -12
60 -10
61 -12
62 -13
63 -13
64 -13
65 -13
66 -11
67 -14
68 -13
69 -12
70 -12
71 -13
72 -13
73 -10
74 -11
75 -12
76 -13
77 -12
78 -11
79 -10
80 -10
81 -11
82 -11
83 -12
84 -13
85 -12
86 -12
87 -12
88 -12
89 -10
90 -17
91 -10
92 -12
93 -16
94 -13
95 -12
96 -11
97 -13
98 -13
99 -10
100 -11
101 -13
102 -11
103 -10
104 -11
105 -11
106 -11
107 -13
108 -14
109 -12
110 -12
111 -13
112 -12
113 -11
114 -13
115 -10
116 -13
117 -13
118 -11
119 -20
120 -13
121 -11
122 -13
123 -10
124 -13
125 -13
126 -12
127 -10
128 -11
129 -17
130 -11
131 -13
132 -10
133 -13
134 -12
135 -11
136 -13
137 -10
138 -13
139 -13
140 -12
141 -12
142 -10
143 -10
144 -11
145 -11
146 -10
147 -14
148 -13
149 -12
150 -12
151 -13
152 -10
153 -13
154 -13
155 -13
156 -10
157 -13
158 -12
159 -13
160 -12
161 -13
162 -13
163 -10
164 -13
165 -10
166 -12
167 -13
168 -10
169 -13
170 -11
171 -13
172 -13
173 -12
174 -12
175 -12
176 -13
177 -10
178 -12
179 -13
180 -13
181 -13
182 -12
183 -12
184 -10
185 -13
186 -10
187 -10
188 -10
189 -11
190 -13
191 -11
192 -10
193 -13
194 -13
195 -10
196 -13
197 -10
198 -11
199 -13
200 -10
201 -11
202 -13
203 -12
204 -13
205 -10
206 -10
207 -13
208 -13
209 -11
210 -10
211 -13
212 -10
213 -11
214 -24
215 -15
216 -10
217 -15
218 -12
219 -11
220 -10
221 -13
222 -12
223 -12
224 -13
225 -13
226 -13
227 -10
228 -13
229 -11
230 -11
231 -11
232 -12
233 -12
234 -13
235 -10
236 -10
237 -12
238 -11
239 -10
240 -10
241 -11
242 -12
243 -10
244 -10
245 -13
246 -10
247 -12
248 -10
249 -13
250 -11
251 -11
252 -37
253 -13
254 -12
255 -13
256 -10
257 -11
258 -13
259 -13
260 -12
261 -12
262 -13
263 -11
264 -10
265 -12
266 -13
267 -10
268 -11
269 -13
270 -11
271 -10
272 -13
273 -11
274 -10
275 -11
276 -10
277 -10
278 -10
279 -12
280 -13
281 -10
282 -13
283 -11
284 -10
285 -18
286 -13
287 -13
288 -13
289 -11
290 -13
291 -10
292 -11
293 -12
294 -13
295 -11
296 -11
297 -11
298 -13
299 -11
300 -13
301 -11
302 -11
303 -10
304 -10
305 -11
306 -12
307 -13
308 -11
309 -11
310 -13
311 -13
312 -12
313 -11
314 -10
315 -10
316 -13
317 -12
318 -13
319 -21
320 -13
321 -13
322 -11
323 -10
324 -10
325 -11
326 -10
327 -13
328 -10
329 -11
330 -11
331 -12
332 -10
333 -13
334 -12
335 -11
336 -12
337 -11
338 -16
339 -10
340 -13
341 -10
342 -13
343 -12
344 -12
345 -11
346 -13
347 -10
348 -10
349 -18
350 -13
351 -13
352 -11
353 -11
354 -12
355 -10
356 -11
357 -13
358 -10
359 -11
360 -13
361 -13
362 -11
363 -10
364 -12
365 -14
366 -11
367 -10
368 -12
369 -12
370 -13
371 -13
372 -12
373 -12
374 -13
375 -11
376 -11
377 -15
378 -10
379 -12
380 -12
381 -16
382 -10
383 -13
384 -10
385 -13
386 -13
387 -10
388 -11
389 -13
390 -13
391 -21
392 -11
393 -11
394 -13
395 -11
396 -10
397 -12
398 -10
399 -11
400 -13
401 -13
402 -13
403 -13
404 -11
405 -12
406 -17
407 -13
408 -13
409 -11
410 -13
411 -13
412 -17
413 -12
414 -11
415 -11
416 -13
417 -13
418 -10
419 -12
420 -12
421 -10
422 -11
423 -13
424 -11
425 -13
426 -11
427 -11
428 -10
429 -13
430 -10
431 -14
432 -12
433 -13
434 -10
435 -10
436 -13
437 -12
438 -10
439 -11
440 -10
441 -11
442 -13
443 -13
444 -12
445 -12
446 -13
447 -13
448 -12
449 -10
450 -11
451 -13
452 -13
453 -11
454 -10
455 -11
456 -13
457 -12
458 -11
459 -10
460 -11
461 -13
462 -10
463 -13
464 -13
465 -13
466 -12
467 -13
468 -12
469 -13
470 -11
471 -12
472 -11
473 -11
474 -11
475 -13
476 -13
477 -12
478 -11
479 -10
480 -17
481 -13
482 -10
483 -16
484 -11
485 -12
486 -12
487 -12
488 -11
489 -13
490 -10
491 -12
492 -13
493 -13
494 -13
495 -10
496 -12
497 -11
498 -12
499 -12
500 -11
501 -13
502 -12
503 -11
504 -13
505 -10
506 -10
507 -11
508 -11
509 -13
510 -11
511 -17
512 -11
513 -13
514 -13
515 -10
516 -13
517 -10
518 -11
519 -10
520 -13
521 -11
522 -10
523 -12
524 -10
525 -12
526 -12
527 -12
528 -17
529 -13
530 -13
531 -13
532 -12
533 -12
534 -13
535 -16
536 -13
537 -10
538 -10
539 -12
540 -10
541 -12
542 -13
543 -12
544 -13
545 -12
546 -13
547 -13
548 -10
549 -13
550 -13
551 -10
552 -13
553 -11
554 -13
555 -12
556 -13
557 -13
558 -13
559 -10
560 -16
561 -10
562 -16
563 -13
564 -13
565 -10
566 -13
567 -10
568 -13
569 -13
570 -13
571 -13
572 -10
573 -13
574 -11
575 -10
576 -10
577 -11
578 -12
579 -12
580 -11
581 -13
582 -11
583 -13
584 -13
585 -11
586 -12
587 -15
588 -11
589 -13
590 -13
591 -12
592 -13
593 -13
594 -10
595 -11
596 -13
597 -12
598 -10
599 -10
600 -12
601 -10
602 -11
603 -13
604 -12
605 -11
606 -12
607 -13
608 -13
609 -12
610 -13
611 -12
612 -11
613 -13
614 -12
615 -13
616 -12
617 -12
618 -10
619 -12
620 -12
621 -10
622 -13
623 -13
624 -13
625 -13
626 -13
627 -10
628 -11
629 -11
630 -10
631 -11
632 -10
633 -12
634 -11
635 -10
636 -10
637 -13
638 -15
639 -12
640 -13
641 -13
642 -12
643 -13
644 -13
645 -13
646 -13
647 -11
648 -13
649 -13
650 -13
651 -12
652 -12
653 -13
654 -11
655 -11
656 -13
657 -13
658 -13
659 -13
660 -12
661 -10
662 -13
663 -10
664 -13
665 -13
666 -13
667 -13
668 -11
669 -13
670 -12
671 -10
672 -13
673 -11
674 -13
675 -11
676 -19
677 -12
678 -13
679 -12
680 -12
681 -16
682 -12
683 -11
684 -11
685 -11
686 -16
687 -12
688 -11
689 -10
690 -13
691 -12
692 -13
693 -12
694 -10
695 -13
696 -13
697 -13
698 -12
699 -13
700 -13
701 -12
702 -13
703 -13
704 -13
705 -10
706 -10
707 -10
708 -13
709 -10
710 -13
711 -12
712 -12
713 -10
714 -11
715 -12
716 -13
717 -12
718 -11
719 -10
720 -11
721 -10
722 -10
723 -12
724 -14
725 -10
726 -10
727 -12
728 -13
729 -13
730 -13
731 -13
732 -10
733 -10
734 -12
735 -9
736 -15
737 -13
738 -13
739 -11
740 -13
741 -13
742 -13
743 -12
744 -11
745 -12
746 -13
747 -10
748 -13
749 -12
750 -10
751 -12
752 -11
753 -12
754 -10
755 -12
756 -10
757 -13
758 -11
759 -12
760 -11
761 -13
762 -10
763 -12
764 -17
765 -13
766 -12
767 -11
768 -13
769 -10
770 -11
771 -13
772 -13
773 -10
774 -12
775 -13
776 -11
777 -13
778 -11
779 -11
780 -13
781 -11
782 -10
783 -13
784 -17
785 -13
786 -11
787 -13
788 -12
789 -11
790 -13
791 -13
792 -13
793 -10
794 -12
795 -13
796 -18
797 -11
798 -10
799 -13
800 -13
801 -13
802 -13
803 -12
804 -11
805 -10
806 -11
807 -14
808 -13
809 -11
810 -11
811 -13
812 -13
813 -13
814 -13
815 -13
816 -13
817 -10
818 -11
819 -13
820 -10
821 -13
822 -12
823 -11
824 -13
825 -11
826 -12
827 -17
828 -11
829 -18
830 -13
831 -13
832 -11
833 -13
834 -11
835 -13
836 -13
837 -13
838 -11
839 -10
840 -13
841 -12
842 -11
843 -12
844 -13
845 -11
846 -11
847 -10
848 -11
849 -10
850 -11
851 -11
852 -10
853 -13
854 -10
855 -12
856 -12
857 -11
858 -13
859 -13
860 -10
861 -12
862 -11
863 -12
864 -17
865 -10
866 -13
867 -11
868 -13
869 -20
870 -12
871 -13
872 -13
873 -12
874 -11
875 -12
876 -11
877 -10
878 -13
879 -13
880 -13
881 -13
882 -13
883 -12
884 -13
885 -13
886 -11
887 -11
888 -12
889 -12
890 -13
891 -13
892 -20
893 -12
894 -12
895 -11
896 -10
897 -13
898 -28
899 -10
900 -13
901 -12
902 -10
903 -10
904 -13
905 -13
906 -13
907 -10
908 -13
909 -13
910 -13
911 -11
912 -13
913 -11
914 -13
915 -13
916 -11
917 -10
918 -13
919 -13
920 -19
921 -13
922 -13
923 -11
924 -12
925 -10
926 -13
927 -12
928 -12
929 -10
930 -11
931 -10
932 -18
933 -10
934 -13
935 -13
936 -13
937 -11
938 -13
939 -11
940 -13
941 -10
942 -10
943 -13
944 -12
945 -13
946 -11
947 -14
948 -10
949 -10
950 -13
951 -12
952 -12
953 -10
954 -12
955 -13
956 -12
957 -10
958 -12
959 -12
960 -12
961 -11
962 -16
963 -15
964 -13
965 -13
966 -10
967 -21
968 -11
969 -13
970 -13
971 -13
972 -11
973 -12
974 -10
975 -13
976 -13
977 -13
978 -12
979 -13
980 -12
981 -12
982 -10
983 -11
984 -13
985 -13
986 -13
987 -10
988 -13
989 -13
990 -12
991 -13
992 -9
993 -12
994 -11
995 -12
996 -10
997 -13
998 -10
999 -9
