0 -10
1 -10
2 -13
3 -13
4 -12
5 -11
6 -10
7 -13
8 -12
9 -13
10 -12
11 -13
12 -14
13 -13
14 -13
15 -12
16 -12
17 -11
18 -13
19 -10
20 -12
21 -11
22 -10
23 -10
24 -12
25 -13
26 -12
27 -13
28 -13
29 -13
30 -13
31 -13
32 -13
33 -13
34 -12
35 -11
36 -13
37 -13
38 -13
39 -10
40 -12
41 -13
42 -14
43 -10
44 -10
45 -11
46 -11
47 -12
48 -12
49 -10
50 -11
51 -10
52 -13
53 -13
54 -11
55 -13
56 -11
57 -11
58 -11
59 -11
60 -11
61 -11
62 -13
63 -10
64 -12
65 -10
66 -11
67 -12
68 -10
69 -11
70 -13
71 -13
72 -13
73 -10
74 -11
75 -10
76 -11
77 -13
78 -11
79 -12
80 -13
81 -13
82 -12
83 -10
84 -10
85 -13
86 -12
87 -12
88 -14
89 -13
90 -11
91 -10
92 -10
93 -13
94 -13
95 -12
96 -13
97 -13
98 -12
99 -11
100 -11
101 -12
102 -12
103 -15
104 -13
105 -13
106 -10
107 -11
108 -13
109 -13
110 -11
111 -12
112 -12
113 -12
114 -13
115 -13
116 -13
117 -10
118 -12
119 -11
120 -12
121 -10
122 -13
123 -13
124 -11
125 -13
126 -11
127 -11
128 -20
129 -17
130 -12
131 -13
132 -12
133 -10
134 -12
135 -13
136 -11
137 -18
138 -13
139 -12
140 -13
141 -15
142 -10
143 -10
144 -16
145 -11
146 -13
147 -13
148 -13
149 -12
150 -13
151 -12
152 -15
153 -11
154 -13
155 -13
156 -13
157 -13
158 -11
159 -13
160 -13
161 -12
162 -12
163 -19
164 -12
165 -12
166 -10
167 -12
168 -13
169 -12
170 -12
171 -12
172 -10
173 -12
174 -12
175 -13
176 -12
177 -12
178 -11
179 -10
180 -11
181 -11
182 -12
183 -13
184 -13
185 -13
186 -10
187 -10
188 -12
189 -11
190 -12
191 -13
192 -13
193 -11
194 -12
195 -10
196 -11
197 -11
198 -10
199 -11
200 -12
201 -13
202 -13
203 -13
204 -12
205 -13
206 -10
207 -12
208 -13
209 -10
210 -10
211 -10
212 -11
213 -13
214 -19
215 -10
216 -12
217 -10
218 -12
219 -11
220 -13
221 -11
222 -13
223 -13
224 -11
225 -13
226 -10
227 -11
228 -13
229 -13
230 -11
231 -12
232 -13
233 -11
234 -11
235 -10
236 -13
237 -13
238 -13
239 -12
240 -12
241 -13
242 -13
243 -13
244 -10
245 -12
246 -13
247 -12
248 -10
249 -13
250 -13
251 -13
252 -13
253 -11
254 -13
255 -13
256 -13
257 -10
258 -13
259 -11
260 -10
261 -11
262 -10
263 -13
264 -12
265 -13
266 -13
267 -13
268 -12
269 -13
270 -10
271 -13
272 -13
273 -13
274 -12
275 -12
276 -11
277 -12
278 -13
279 -13
280 -13
281 -13
282 -13
283 -11
284 -10
285 -11
286 -10
287 -10
288 -12
289 -11
290 -13
291 -10
292 -10
293 -12
294 -12
295 -12
296 -13
297 -12
298 -13
299 -13
300 -13
301 -12
302 -10
303 -11
304 -10
305 -11
306 -13
307 -17
308 -13
309 -13
310 -11
311 -11
312 -11
313 -19
314 -10
315 -13
316 -13
317 -13
318 -11
319 -10
320 -12
321 -13
322 -13
323 -13
324 -12
325 -11
326 -11
327 -13
328 -19
329 -10
330 -11
331 -12
332 -12
333 -11
334 -13
335 -13
336 -11
337 -12
338 -10
339 -11
340 -10
341 -12
342 -10
343 -11
344 -13
345 -13
346 -10
347 -13
348 -13
349 -13
350 -10
351 -12
352 -10
353 -10
354 -11
355 -12
356 -10
357 -13
358 -11
359 -10
360 -11
361 -11
362 -10
363 -12
364 -12
365 -12
366 -12
367 -10
368 -10
369 -13
370 -11
371 -13
372 -13
373 -12
374 -11
375 -13
376 -13
377 -12
378 -10
379 -13
380 -10
381 -10
382 -13
383 -13
384 -10
385 -14
386 -11
387 -13
388 -13
389 -10
390 -12
391 -11
392 -12
393 -13
394 -13
395 -13
396 -10
397 -13
398 -13
399 -12
400 -13
401 -12
402 -13
403 -13
404 -11
405 -11
406 -13
407 -11
408 -13
409 -17
410 -12
411 -13
412 -12
413 -13
414 -13
415 -13
416 -13
417 -13
418 -12
419 -10
420 -10
421 -13
422 -11
423 -10
424 -13
425 -12
426 -12
427 -11
428 -11
429 -11
430 -13
431 -11
432 -11
433 -10
434 -11
435 -13
436 -15
437 -13
438 -12
439 -13
440 -10
441 -12
442 -13
443 -10
444 -12
445 -11
446 -13
447 -9
448 -13
449 -13
450 -17
451 -10
452 -13
453 -11
454 -13
455 -13
456 -13
457 -10
458 -12
459 -11
460 -11
461 -13
462 -13
463 -12
464 -13
465 -13
466 -10
467 -11
468 -10
469 -13
470 -12
471 -10
472 -13
473 -13
474 -10
475 -13
476 -11
477 -11
478 -11
479 -11
480 -10
481 -13
482 -13
483 -13
484 -13
485 -11
486 -13
487 -13
488 -9
489 -12
490 -13
491 -13
492 -13
493 -11
494 -13
495 -10
496 -11
497 -16
498 -10
499 -12
500 -11
501 -10
502 -10
503 -13
504 -13
505 -11
506 -10
507 -10
508 -12
509 -13
510 -11
511 -12
512 -10
513 -10
514 -12
515 -13
516 -14
517 -13
518 -10
519 -12
520 -13
521 -10
522 -13
523 -10
524 -12
525 -13
526 -12
527 -12
528 -13
529 -11
530 -13
531 -12
532 -13
533 -13
534 -12
535 -13
536 -13
537 -12
538 -16
539 -21
540 -10
541 -13
542 -12
543 -13
544 -11
545 -15
546 -12
547 -16
548 -10
549 -13
550 -15
551 -10
552 -13
553 -13
554 -10
555 -11
556 -16
557 -12
558 -10
559 -13
560 -11
561 -10
562 -13
563 -13
564 -10
565 -10
566 -11
567 -12
568 -17
569 -11
570 -12
571 -12
572 -11
573 -11
574 -12
575 -12
576 -12
577 -13
578 -11
579 -11
580 -13
581 -13
582 -11
583 -13
584 -13
585 -13
586 -11
587 -14
588 -13
589 -11
590 -13
591 -13
592 -12
593 -13
594 -12
595 -12
596 -12
597 -13
598 -10
599 -10
600 -11
601 -10
602 -13
603 -10
604 -13
605 -12
606 -13
607 -16
608 -16
609 -12
610 -13
611 -19
612 -13
613 -13
614 -10
615 -12
616 -13
617 -11
618 -13
619 -13
620 -10
621 -13
622 -10
623 -11
624 -10
625 -10
626 -12
627 -13
628 -12
629 -10
630 -11
631 -13
632 -13
633 -13
634 -10
635 -12
636 -12
637 -11
638 -13
639 -13
640 -13
641 -10
642 -11
643 -13
644 -13
645 -13
646 -12
647 -13
648 -12
649 -10
650 -11
651 -14
652 -13
653 -11
654 -17
655 -10
656 -13
657 -14
658 -11
659 -13
660 -13
661 -13
662 -13
663 -11
664 -12
665 -9
666 -10
667 -11
668 -11
669 -12
670 -11
671 -12
672 -13
673 -10
674 -10
675 -12
676 -13
677 -13
678 -11
679 -13
680 -11
681 -12
682 -12
683 -13
684 -12
685 -13
686 -10
687 -13
688 -11
689 -13
690 -13
691 -13
692 -17
693 -10
694 -11
695 -11
696 -12
697 -10
698 -11
699 -13
700 -13
701 -12
702 -13
703 -10
704 -13
705 -10
706 -10
707 -16
708 -13
709 -10
710 -10
711 -11
712 -13
713 -10
714 -10
715 -13
716 -12
717 -12
718 -12
719 -11
720 -10
721 -12
722 -13
723 -12
724 -13
725 -12
726 -13
727 -10
728 -11
729 -12
730 -11
731 -10
732 -12
733 -13
734 -10
735 -13
736 -12
737 -10
738 -12
739 -13
740 -11
741 -13
742 -10
743 -10
744 -13
745 -13
746 -12
747 -13
748 -13
749 -11
750 -13
751 -11
752 -11
753 -12
754 -12
755 -10
756 -13
757 -13
758 -13
759 -10
760 -13
761 -13
762 -10
763 -13
764 -13
765 -12
766 -16
767 -10
768 -12
769 -11
770 -12
771 -13
772 -11
773 -13
774 -14
775 -11
776 -12
777 -13
778 -13
779 -11
780 -13
781 -13
782 -13
783 -13
784 -16
785 -13
786 -10
787 -13
788 -13
789 -12
790 -13
791 -12
792 -13
793 -13
794 -13
795 -13
796 -11
797 -13
798 -11
799 -10
800 -10
801 -13
802 -13
803 -13
804 -10
805 -12
806 -13
807 -12
808 -13
809 -12
810 -11
811 -13
812 -11
813 -13
814 -13
815 -11
816 -10
817 -10
818 -13
819 -13
820 -12
821 -13
822 -11
823 -11
824 -12
825 -13
826 -13
827 -13
828 -13
829 -13
830 -13
831 -13
832 -73
833 -13
834 -17
835 -12
836 -13
837 -13
838 -11
839 -11
840 -10
841 -13
842 -11
843 -12
844 -12
845 -10
846 -13
847 -13
848 -10
849 -15
850 -13
851 -13
852 -13
853 -10
854 -16
855 -13
856 -13
857 -13
858 -11
859 -12
860 -12
861 -12
862 -13
863 -10
864 -13
865 -10
866 -13
867 -13
868 -13
869 -10
870 -12
871 -10
872 -13
873 -12
874 -12
875 -11
876 -13
877 -10
878 -13
879 -10
880 -13
881 -13
882 -10
883 -13
884 -13
885 -13
886 -11
887 -13
888 -13
889 -11
890 -13
891 -13
892 -11
893 -12
894 -12
895 -10
896 -13
897 -13
898 -13
899 -11
900 -12
901 -11
902 -12
903 -13
904 -13
905 -13
906 -10
907 -12
908 -12
909 -11
910 -11
911 -12
912 -13
913 -13
914 -11
915 -11
916 -12
917 -11
918 -13
919 -13
920 -12
921 -13
922 -13
923 -11
924 -13
925 -11
926 -10
927 -11
928 -11
929 -13
930 -11
931 -12
932 -11
933 -13
934 -10
935 -11
936 -11
937 -10
938 -11
939 -11
940 -13
941 -13
942 -11
943 -12
944 -13
945 -11
946 -10
947 -11
948 -12
949 -13
950 -12
951 -13
952 -10
953 -21
954 -12
955 -11
956 -13
957 -11
958 -11
959 -12
960 -12
961 -13
962 -11
963 -11
964 -11
965 -11
966 -11
967 -12
968 -13
969 -13
970 -11
971 -10
972 -12
973 -10
974 -11
975 -11
976 -12
977 -11
978 -12
979 -13
980 -13
981 -12
982 -12
983 -13
984 -10
985 -12
986 -12
987 -10
988 -12
989 -12
990 -13
991 -10
992 -13
993 -11
994 -13
995 -12
996 -11
997 -11
998 -10
999 -10
