0 -12
1 -11
2 -13
3 -11
4 -12
5 -12
6 -93
7 -13
8 -10
9 -13
10 -13
11 -11
12 -10
13 -13
14 -12
15 -11
16 -11
17 -10
18 -13
19 -12
20 -11
21 -13
22 -13
23 -13
24 -10
25 -11
26 -10
27 -11
28 -12
29 -11
30 -12
31 -11
32 -10
33 -13
34 -11
35 -13
36 -10
37 -13
38 -13
39 -20
40 -16
41 -13
42 -12
43 -13
44 -10
45 -10
46 -12
47 -13
48 -11
49 -12
50 -10
51 -11
52 -11
53 -12
54 -13
55 -11
56 -11
57 -12
58 -12
59 -9
60 -11
61 -10
62 -10
63 -12
64 -10
65 -11
66 -12
67 -12
68 -13
69 -10
70 -13
71 -12
72 -18
73 -13
74 -13
75 -13
76 -13
77 -12
78 -11
79 -13
80 -12
81 -11
82 -13
83 -10
84 -11
85 -13
86 -11
87 -13
88 -10
89 -13
90 -11
91 -13
92 -16
93 -12
94 -10
95 -12
96 -12
97 -11
98 -11
99 -13
100 -13
101 -13
102 -10
103 -11
104 -73
105 -13
106 -13
107 -11
108 -20
109 -13
110 -10
111 -11
112 -12
113 -13
114 -13
115 -11
116 -12
117 -11
118 -13
119 -10
120 -13
121 -13
122 -10
123 -13
124 -13
125 -10
126 -13
127 -10
128 -12
129 -12
130 -13
131 -10
132 -12
133 -11
134 -13
135 -10
136 -13
137 -12
138 -13
139 -13
140 -13
141 -12
142 -12
143 -10
144 -12
145 -10
146 -12
147 -11
148 -9
149 -13
150 -13
151 -21
152 -13
153 -12
154 -12
155 -10
156 -13
157 -13
158 -10
159 -12
160 -13
161 -12
162 -12
163 -13
164 -11
165 -12
166 -13
167 -13
168 -12
169 -10
170 -12
171 -13
172 -13
173 -12
174 -12
175 -13
176 -11
177 -13
178 -18
179 -16
180 -10
181 -11
182 -13
183 -13
184 -10
185 -12
186 -13
187 -13
188 -13
189 -11
190 -13
191 -13
192 -13
193 -11
194 -17
195 -12
196 -10
197 -10
198 -11
199 -13
200 -10
201 -11
202 -13
203 -12
204 -13
205 -13
206 -13
207 -11
208 -12
209 -10
210 -13
211 -16
212 -13
213 -10
214 -10
215 -13
216 -13
217 -13
218 -12
219 -13
220 -10
221 -13
222 -10
223 -10
224 -13
225 -13
226 -11
227 -11
228 -14
229 -11
230 -10
231 -10
232 -12
233 -13
234 -13
235 -10
236 -13
237 -11
238 -13
239 -13
240 -10
241 -13
242 -11
243 -10
244 -12
245 -10
246 -12
247 -12
248 -12
249 -12
250 -13
251 -10
252 -11
253 -10
254 -13
255 -10
256 -13
257 -11
258 -12
259 -12
260 -13
261 -12
262 -13
263 -13
264 -12
265 -13
266 -10
267 -13
268 -12
269 -15
270 -13
271 -13
272 -13
273 -15
274 -11
275 -13
276 -13
277 -11
278 -10
279 -13
280 -13
281 -13
282 -11
283 -10
284 -11
285 -10
286 -11
287 -12
288 -11
289 -12
290 -10
291 -16
292 -13
293 -13
294 -13
295 -13
296 -10
297 -13
298 -12
299 -12
300 -13
301 -10
302 -16
303 -11
304 -12
305 -10
306 -10
307 -13
308 -13
309 -13
310 -12
311 -11
312 -11
313 -13
314 -13
315 -11
316 -21
317 -11
318 -13
319 -13
320 -12
321 -13
322 -11
323 -10
324 -12
325 -13
326 -12
327 -13
328 -11
329 -13
330 -12
331 -12
332 -11
333 -10
334 -10
335 -11
336 -11
337 -10
338 -12
339 -12
340 -10
341 -13
342 -11
343 -10
344 -13
345 -13
346 -10
347 -13
348 -13
349 -11
350 -12
351 -13
352 -13
353 -11
354 -12
355 -13
356 -12
357 -11
358 -10
359 -13
360 -11
361 -13
362 -13
363 -12
364 -11
365 -13
366 -12
367 -12
368 -12
369 -10
370 -10
371 -13
372 -12
373 -13
374 -13
375 -10
376 -13
377 -11
378 -13
379 -13
380 -13
381 -12
382 -10
383 -16
384 -12
385 -10
386 -13
387 -13
388 -15
389 -13
390 -12
391 -11
392 -13
393 -11
394 -13
395 -12
396 -10
397 -13
398 -11
399 -11
400 -11
401 -11
402 -10
403 -13
404 -10
405 -10
406 -12
407 -11
408 -11
409 -42
410 -12
411 -12
412 -11
413 -13
414 -12
415 -13
416 -11
417 -14
418 -13
419 -13
420 -12
421 -12
422 -12
423 -12
424 -12
425 -13
426 -10
427 -16
428 -13
429 -13
430 -13
431 -13
432 -10
433 -10
434 -13
435 -12
436 -12
437 -13
438 -13
439 -10
440 -13
441 -13
442 -13
443 -10
444 -13
445 -12
446 -13
447 -13
448 -13
449 -12
450 -13
451 -13
452 -12
453 -14
454 -12
455 -13
456 -10
457 -10
458 -20
459 -13
460 -12
461 -13
462 -13
463 -16
464 -12
465 -13
466 -13
467 -12
468 -13
469 -11
470 -12
471 -10
472 -10
473 -11
474 -11
475 -11
476 -11
477 -10
478 -13
479 -11
480 -10
481 -12
482 -10
483 -13
484 -13
485 -10
486 -15
487 -13
488 -13
489 -12
490 -11
491 -13
492 -11
493 -10
494 -10
495 -12
496 -11
497 -12
498 -13
499 -12
500 -13
501 -12
502 -10
503 -13
504 -13
505 -10
506 -11
507 -13
508 -10
509 -10
510 -11
511 -10
512 -13
513 -10
514 -12
515 -11
516 -10
517 -11
518 -13
519 -11
520 -14
521 -11
522 -11
523 -16
524 -13
525 -10
526 -11
527 -13
528 -13
529 -17
530 -17
531 -10
532 -13
533 -13
534 -13
535 -11
536 -11
537 -12
538 -12
539 -13
540 -11
541 -11
542 -13
543 -12
544 -11
545 -11
546 -13
547 -13
548 -13
549 -11
550 -13
551 -11
552 -13
553 -13
554 -10
555 -11
556 -11
557 -10
558 -13
559 -13
560 -11
561 -10
562 -10
563 -13
564 -11
565 -13
566 -13
567 -13
568 -13
569 -12
570 -13
571 -12
572 -12
573 -11
574 -10
575 -10
576 -12
577 -17
578 -10
579 -12
580 -10
581 -12
582 -12
583 -13
584 -13
585 -13
586 -11
587 -11
588 -10
589 -13
590 -10
591 -11
592 -13
593 -11
594 -11
595 -13
596 -13
597 -10
598 -13
599 -11
600 -12
601 -11
602 -11
603 -13
604 -13
605 -13
606 -13
607 -11
608 -13
609 -13
610 -13
611 -13
612 -13
613 -10
614 -12
615 -13
616 -13
617 -12
618 -10
619 -10
620 -12
621 -11
622 -13
623 -10
624 -12
625 -11
626 -13
627 -13
628 -10
629 -13
630 -10
631 -13
632 -13
633 -13
634 -10
635 -10
636 -12
637 -10
638 -13
639 -13
640 -12
641 -13
642 -11
643 -11
644 -13
645 -13
646 -10
647 -13
648 -11
649 -10
650 -11
651 -13
652 -14
653 -11
654 -13
655 -12
656 -13
657 -12
658 -13
659 -10
660 -11
661 -11
662 -11
663 -13
664 -13
665 -13
666 -13
667 -12
668 -13
669 -11
670 -13
671 -13
672 -11
673 -12
674 -12
675 -12
676 -10
677 -12
678 -10
679 -11
680 -11
681 -13
682 -12
683 -13
684 -13
685 -10
686 -11
687 -13
688 -12
689 -11
690 -13
691 -11
692 -11
693 -10
694 -11
695 -11
696 -13
697 -13
698 -10
699 -13
700 -10
701 -13
702 -13
703 -13
704 -10
705 -11
706 -13
707 -10
708 -12
709 -12
710 -13
711 -13
712 -12
713 -13
714 -13
715 -13
716 -12
717 -10
718 -13
719 -10
720 -11
721 -10
722 -12
723 -10
724 -10
725 -10
726 -14
727 -13
728 -11
729 -12
730 -11
731 -13
732 -13
733 -11
734 -11
735 -13
736 -11
737 -10
738 -10
739 -13
740 -10
741 -13
742 -12
743 -13
744 -10
745 -10
746 -11
747 -13
748 -10
749 -13
750 -13
751 -12
752 -10
753 -13
754 -13
755 -10
756 -12
757 -13
758 -13
759 -15
760 -13
761 -11
762 -10
763 -10
764 -13
765 -11
766 -11
767 -10
768 -13
769 -12
770 -13
771 -10
772 -13
773 -12
774 -11
775 -12
776 -13
777 -10
778 -11
779 -11
780 -13
781 -10
782 -13
783 -11
784 -13
785 -12
786 -13
787 -10
788 -13
789 -11
790 -10
791 -10
792 -13
793 -17
794 -11
795 -13
796 -13
797 -12
798 -13
799 -13
800 -11
801 -17
802 -12
803 -10
804 -10
805 -13
806 -10
807 -10
808 -10
809 -13
810 -10
811 -12
812 -13
813 -12
814 -13
815 -13
816 -13
817 -13
818 -12
819 -13
820 -13
821 -13
822 -43
823 -11
824 -12
825 -13
826 -12
827 -12
828 -13
829 -13
830 -11
831 -12
832 -11
833 -12
834 -11
835 -13
836 -13
837 -10
838 -13
839 -13
840 -13
841 -10
842 -10
843 -13
844 -12
845 -13
846 -12
847 -13
848 -13
849 -10
850 -13
851 -12
852 -11
853 -13
854 -13
855 -16
856 -13
857 -10
858 -11
859 -11
860 -13
861 -12
862 -13
863 -12
864 -13
865 -13
866 -13
867 -12
868 -11
869 -11
870 -13
871 -12
872 -11
873 -11
874 -11
875 -12
876 -12
877 -10
878 -11
879 -10
880 -13
881 -13
882 -13
883 -10
884 -10
885 -11
886 -12
887 -10
888 -15
889 -10
890 -10
891 -12
892 -13
893 -12
894 -10
895 -17
896 -10
897 -13
898 -13
899 -12
900 -13
901 -12
902 -12
903 -13
904 -13
905 -12
906 -13
907 -12
908 -10
909 -12
910 -12
911 -13
912 -10
913 -12
914 -12
915 -10
916 -10
917 -11
918 -10
919 -13
920 -10
921 -10
922 -13
923 -13
924 -13
925 -10
926 -10
927 -13
928 -13
929 -13
930 -13
931 -11
932 -11
933 -13
934 -13
935 -10
936 -11
937 -10
938 -10
939 -13
940 -10
941 -11
942 -13
943 -10
944 -13
945 -11
946 -13
947 -11
948 -10
949 -13
950 -13
951 -13
952 -10
953 -11
954 -12
955 -16
956 -13
957 -12
958 -15
959 -10
960 -13
961 -10
962 -12
963 -10
964 -13
965 -12
966 -13
967 -11
968 -13
969 -10
970 -13
971 -13
972 -10
973 -13
974 -11
975 -13
976 -11
977 -13
978 -13
979 -11
980 -13
981 -12
982 -10
983 -10
984 -13
985 -14
986 -13
987 -13
988 -13
989 -12
990 -13
991 -13
992 -13
993 -11
994 -10
995 -10
996 -13
997 -10
998 -10
999 -11
