0 -13
1 -10
2 -11
3 -13
4 -12
5 -10
6 -13
7 -23
8 -12
9 -12
10 -10
11 -13
12 -13
13 -13
14 -11
15 -13
16 -10
17 -13
18 -13
19 -11
20 -11
21 -13
22 -13
23 -12
24 -13
25 -10
26 -13
27 -17
28 -13
29 -13
30 -12
31 -10
32 -12
33 -11
34 -13
35 -13
36 -13
37 -12
38 -10
39 -12
40 -13
41 -13
42 -10
43 -11
44 -11
45 -10
46 -11
47 -12
48 -11
49 -12
50 -12
51 -13
52 -11
53 -13
54 -13
55 -12
56 -11
57 -13
58 -11
59 -12
60 -10
61 -11
62 -10
63 -12
64 -10
65 -11
66 -13
67 -13
68 -12
69 -12
70 -10
71 -13
72 -13
73 -11
74 -11
75 -13
76 -12
77 -13
78 -10
79 -13
80 -13
81 -11
82 -13
83 -10
84 -13
85 -16
86 -12
87 -13
88 -11
89 -13
90 -10
91 -12
92 -13
93 -10
94 -13
95 -13
96 -10
97 -13
98 -13
99 -10
100 -10
101 -13
102 -12
103 -13
104 -12
105 -10
106 -10
107 -13
108 -21
109 -12
110 -10
111 -13
112 -13
113 -12
114 -16
115 -12
116 -13
117 -10
118 -11
119 -12
120 -12
121 -13
122 -12
123 -11
124 -10
125 -10
126 -12
127 -12
128 -11
129 -15
130 -10
131 -11
132 -12
133 -13
134 -11
135 -11
136 -13
137 -13
138 -10
139 -10
140 -11
141 -12
142 -20
143 -13
144 -10
145 -12
146 -10
147 -10
148 -10
149 -10
150 -13
151 -13
152 -13
153 -11
154 -13
155 -13
156 -13
157 -10
158 -12
159 -13
160 -14
161 -13
162 -11
163 -13
164 -10
165 -10
166 -13
167 -13
168 -13
169 -13
170 -13
171 -13
172 -16
173 -17
174 -13
175 -13
176 -11
177 -17
178 -11
179 -13
180 -13
181 -11
182 -10
183 -13
184 -13
185 -13
186 -10
187 -12
188 -11
189 -12
190 -12
191 -13
192 -13
193 -10
194 -13
195 -13
196 -13
197 -13
198 -13
199 -13
200 -10
201 -10
202 -13
203 -12
204 -13
205 -11
206 -12
207 -10
208 -12
209 -10
210 -13
211 -12
212 -10
213 -13
214 -16
215 -11
216 -13
217 -10
218 -10
219 -13
220 -14
221 -13
222 -12
223 -13
224 -12
225 -12
226 -9
227 -11
228 -12
229 -12
230 -13
231 -12
232 -11
233 -13
234 -10
235 -10
236 -11
237 -13
238 -13
239 -12
240 -13
241 -11
242 -13
243 -11
244 -10
245 -11
246 -13
247 -11
248 -10
249 -13
250 -11
251 -17
252 -11
253 -11
254 -10
255 -11
256 -10
257 -13
258 -11
259 -13
260 -13
261 -13
262 -10
263 -11
264 -13
265 -13
266 -13
267 -10
268 -12
269 -10
270 -11
271 -11
272 -11
273 -10
274 -10
275 -13
276 -13
277 -16
278 -10
279 -13
280 -10
281 -11
282 -10
283 -11
284 -10
285 -12
286 -11
287 -13
288 -13
289 -12
290 -13
291 -12
292 -13
293 -10
294 -13
295 -11
296 -10
297 -13
298 -10
299 -12
300 -12
301 -10
302 -11
303 -13
304 -10
305 -16
306 -11
307 -12
308 -13
309 -13
310 -10
311 -13
312 -12
313 -13
314 -13
315 -11
316 -12
317 -13
318 -12
319 -12
320 -11
321 -12
322 -12
323 -12
324 -12
325 -12
326 -10
327 -10
328 -11
329 -13
330 -11
331 -13
332 -12
333 -10
334 -13
335 -11
336 -13
337 -13
338 -13
339 -13
340 -13
341 -11
342 -12
343 -11
344 -11
345 -11
346 -11
347 -13
348 -13
349 -13
350 -12
351 -13
352 -12
353 -12
354 -13
355 -12
356 -12
357 -10
358 -10
359 -13
360 -13
361 -13
362 -11
363 -11
364 -20
365 -12
366 -10
367 -13
368 -12
369 -10
370 -13
371 -10
372 -13
373 -13
374 -13
375 -10
376 -11
377 -10
378 -12
379 -11
380 -13
381 -13
382 -13
383 -16
384 -12
385 -13
386 -52
387 -10
388 -10
389 -11
390 -13
391 -13
392 -12
393 -10
394 -12
395 -13
396 -10
397 -13
398 -13
399 -13
400 -13
401 -12
402 -13
403 -10
404 -10
405 -13
406 -13
407 -13
408 -14
409 -11
410 -13
411 -12
412 -11
413 -13
414 -10
415 -13
416 -11
417 -11
418 -10
419 -13
420 -10
421 -13
422 -12
423 -13
424 -13
425 -13
426 -13
427 -10
428 -13
429 -10
430 -13
431 -13
432 -13
433 -15
434 -12
435 -13
436 -13
437 -13
438 -18
439 -10
440 -13
441 -12
442 -9
443 -13
444 -13
445 -13
446 -10
447 -12
448 -12
449 -10
450 -12
451 -10
452 -12
453 -13
454 -17
455 -13
456 -15
457 -13
458 -12
459 -13
460 -16
461 -19
462 -13
463 -13
464 -12
465 -11
466 -10
467 -13
468 -13
469 -10
470 -10
471 -13
472 -12
473 -12
474 -13
475 -10
476 -11
477 -13
478 -10
479 -10
480 -12
481 -11
482 -13
483 -11
484 -13
485 -10
486 -13
487 -13
488 -12
489 -10
490 -13
491 -13
492 -13
493 -13
494 -10
495 -11
496 -11
497 -13
498 -13
499 -10
500 -12
501 -13
502 -12
503 -10
504 -12
505 -10
506 -11
507 -13
508 -15
509 -11
510 -10
511 -12
512 -19
513 -12
514 -12
515 -15
516 -13
517 -13
518 -11
519 -11
520 -13
521 -13
522 -16
523 -11
524 -13
525 -11
526 -11
527 -12
528 -13
529 -13
530 -10
531 -12
532 -10
533 -11
534 -13
535 -11
536 -10
537 -11
538 -10
539 -11
540 -13
541 -13
542 -13
543 -15
544 -11
545 -13
546 -11
547 -11
548 -13
549 -11
550 -10
551 -10
552 -13
553 -10
554 -13
555 -13
556 -10
557 -11
558 -12
559 -11
560 -12
561 -11
562 -11
563 -10
564 -13
565 -11
566 -13
567 -13
568 -11
569 -10
570 -11
571 -11
572 -16
573 -13
574 -16
575 -13
576 -13
577 -13
578 -13
579 -10
580 -11
581 -10
582 -13
583 -15
584 -10
585 -13
586 -11
587 -10
588 -12
589 -11
590 -13
591 -11
592 -13
593 -13
594 -12
595 -13
596 -13
597 -13
598 -13
599 -10
600 -12
601 -13
602 -14
603 -13
604 -10
605 -13
606 -10
607 -11
608 -13
609 -12
610 -12
611 -12
612 -10
613 -10
614 -12
615 -10
616 -13
617 -10
618 -11
619 -10
620 -13
621 -12
622 -12
623 -10
624 -13
625 -13
626 -13
627 -10
628 -10
629 -11
630 -11
631 -13
632 -16
633 -13
634 -11
635 -10
636 -11
637 -14
638 -13
639 -12
640 -12
641 -13
642 -13
643 -13
644 -12
645 -11
646 -11
647 -13
648 -13
649 -10
650 -10
651 -10
652 -12
653 -13
654 -13
655 -28
656 -13
657 -12
658 -11
659 -12
660 -13
661 -12
662 -13
663 -13
664 -11
665 -9
666 -13
667 -11
668 -10
669 -16
670 -11
671 -13
672 -13
673 -13
674 -10
675 -13
676 -12
677 -12
678 -10
679 -13
680 -10
681 -13
682 -12
683 -13
684 -10
685 -13
686 -13
687 -13
688 -13
689 -13
690 -12
691 -13
692 -13
693 -11
694 -11
695 -11
696 -10
697 -11
698 -13
699 -12
700 -13
701 -13
702 -13
703 -13
704 -13
705 -13
706 -10
707 -11
708 -11
709 -13
710 -12
711 -11
712 -13
713 -11
714 -12
715 -12
716 -13
717 -10
718 -10
719 -11
720 -13
721 -12
722 -11
723 -13
724 -10
725 -11
726 -10
727 -12
728 -11
729 -13
730 -12
731 -10
732 -13
733 -12
734 -11
735 -13
736 -12
737 -13
738 -11
739 -10
740 -11
741 -10
742 -12
743 -11
744 -17
745 -12
746 -12
747 -11
748 -13
749 -13
750 -12
751 -12
752 -12
753 -12
754 -13
755 -11
756 -11
757 -12
758 -11
759 -13
760 -13
761 -10
762 -12
763 -13
764 -10
765 -12
766 -12
767 -11
768 -13
769 -11
770 -10
771 -10
772 -13
773 -10
774 -11
775 -10
776 -13
777 -13
778 -10
779 -10
780 -12
781 -12
782 -12
783 -10
784 -10
785 -10
786 -11
787 -13
788 -12
789 -13
790 -11
791 -13
792 -13
793 -12
794 -13
795 -13
796 -13
797 -11
798 -13
799 -12
800 -11
801 -12
802 -13
803 -13
804 -13
805 -10
806 -13
807 -13
808 -11
809 -11
810 -12
811 -10
812 -11
813 -10
814 -13
815 -11
816 -11
817 -15
818 -11
819 -11
820 -13
821 -11
822 -11
823 -10
824 -19
825 -13
826 -13
827 -16
828 -12
829 -72
830 -11
831 -12
832 -13
833 -10
834 -10
835 -13
836 -10
837 -13
838 -10
839 -10
840 -11
841 -10
842 -12
843 -11
844 -10
845 -13
846 -13
847 -13
848 -15
849 -11
850 -12
851 -11
852 -10
853 -13
854 -12
855 -10
856 -11
857 -12
858 -10
859 -12
860 -12
861 -16
862 -12
863 -10
864 -13
865 -10
866 -11
867 -11
868 -13
869 -11
870 -12
871 -13
872 -11
873 -11
874 -11
875 -12
876 -11
877 -10
878 -10
879 -11
880 -13
881 -10
882 -10
883 -13
884 -10
885 -10
886 -12
887 -13
888 -10
889 -12
890 -11
891 -13
892 -13
893 -12
894 -15
895 -12
896 -12
897 -11
898 -13
899 -13
900 -13
901 -11
902 -10
903 -13
904 -10
905 -13
906 -10
907 -13
908 -13
909 -12
910 -11
911 -10
912 -12
913 -12
914 -10
915 -12
916 -11
917 -11
918 -11
919 -13
920 -11
921 -10
922 -11
923 -10
924 -10
925 -19
926 -10
927 -12
928 -10
929 -10
930 -13
931 -12
932 -13
933 -13
934 -12
935 -11
936 -12
937 -12
938 -13
939 -13
940 -13
941 -12
942 -10
943 -10
944 -13
945 -10
946 -13
947 -13
948 -12
949 -11
950 -11
951 -11
952 -11
953 -12
954 -12
955 -11
956 -12
957 -13
958 -12
959 -13
960 -11
961 -10
962 -13
963 -10
964 -11
965 -12
966 -10
967 -13
968 -11
969 -11
970 -10
971 -10
972 -17
973 -10
974 -13
975 -12
976 -16
977 -12
978 -13
979 -13
980 -11
981 -13
982 -13
983 -12
984 -13
985 -13
986 -17
987 -13
988 -15
989 -11
990 -11
991 -10
992 -13
993 -11
994 -13
995 -12
996 -10
997 -11
998 -10
999 -13
