0 -11
1 -10
2 -11
3 -10
4 -11
5 -13
6 -11
7 -11
8 -11
9 -12
10 -10
11 -10
12 -10
13 -11
14 -10
15 -10
16 -12
17 -10
18 -12
19 -11
20 -13
21 -13
22 -13
23 -13
24 -13
25 -13
26 -13
27 -13
28 -12
29 -12
30 -12
31 -20
32 -11
33 -12
34 -11
35 -13
36 -13
37 -10
38 -10
39 -13
40 -11
41 -11
42 -10
43 -13
44 -13
45 -10
46 -13
47 -12
48 -10
49 -11
50 -10
51 -11
52 -11
53 -10
54 -12
55 -12
56 -10
57 -13
58 -13
59 -11
60 -13
61 -12
62 -13
63 -13
64 -11
65 -10
66 -13
67 -13
68 -11
69 -10
70 -13
71 -13
72 -13
73 -11
74 -11
75 -12
76 -11
77 -13
78 -13
79 -13
80 -11
81 -11
82 -13
83 -10
84 -10
85 -13
86 -11
87 -12
88 -13
89 -11
90 -11
91 -13
92 -11
93 -13
94 -12
95 -12
96 -10
97 -10
98 -13
99 -10
100 -11
101 -11
102 -12
103 -12
104 -13
105 -11
106 -14
107 -10
108 -13
109 -13
110 -10
111 -12
112 -13
113 -11
114 -10
115 -10
116 -12
117 -11
118 -13
119 -13
120 -12
121 -11
122 -12
123 -13
124 -13
125 -12
126 -11
127 -10
128 -11
129 -12
130 -12
131 -10
132 -10
133 -13
134 -12
135 -11
136 -10
137 -10
138 -13
139 -13
140 -12
141 -13
142 -13
143 -13
144 -11
145 -13
146 -17
147 -13
148 -10
149 -10
150 -13
151 -11
152 -13
153 -13
154 -11
155 -10
156 -12
157 -11
158 -10
159 -10
160 -11
161 -13
162 -10
163 -11
164 -11
165 -13
166 -12
167 -9
168 -10
169 -12
170 -12
171 -13
172 -11
173 -10
174 -10
175 -13
176 -12
177 -11
178 -13
179 -10
180 -13
181 -12
182 -10
183 -10
184 -13
185 -11
186 -13
187 -13
188 -11
189 -12
190 -12
191 -12
192 -13
193 -11
194 -11
195 -12
196 -13
197 -10
198 -10
199 -13
200 -13
201 -11
202 -13
203 -12
204 -13
205 -13
206 -13
207 -10
208 -13
209 -11
210 -13
211 -12
212 -11
213 -13
214 -11
215 -10
216 -12
217 -12
218 -13
219 -10
220 -12
221 -13
222 -11
223 -10
224 -11
225 -12
226 -12
227 -12
228 -10
229 -10
230 -13
231 -12
232 -10
233 -13
234 -13
235 -13
236 -11
237 -10
238 -11
239 -10
240 -10
241 -10
242 -11
243 -10
244 -13
245 -13
246 -14
247 -13
248 -13
249 -12
250 -11
251 -12
252 -10
253 -11
254 -13
255 -10
256 -12
257 -11
258 -11
259 -11
260 -10
261 -10
262 -10
263 -12
264 -12
265 -11
266 -11
267 -12
268 -13
269 -10
270 -10
271 -13
272 -12
273 -13
274 -12
275 -13
276 -11
277 -12
278 -13
279 -12
280 -10
281 -13
282 -13
283 -11
284 -13
285 -12
286 -13
287 -10
288 -33
289 -11
290 -13
291 -13
292 -13
293 -11
294 -14
295 -13
296 -13
297 -13
298 -12
299 -13
300 -12
301 -13
302 -12
303 -12
304 -11
305 -12
306 -12
307 -11
308 -13
309 -13
310 -14
311 -13
312 -10
313 -13
314 -13
315 -11
316 -12
317 -14
318 -13
319 -20
320 -11
321 -10
322 -13
323 -10
324 -13
325 -13
326 -13
327 -13
328 -19
329 -13
330 -13
331 -11
332 -11
333 -12
334 -12
335 -10
336 -10
337 -13
338 -11
339 -13
340 -13
341 -10
342 -13
343 -12
344 -11
345 -12
346 -12
347 -11
348 -11
349 -11
350 -12
351 -13
352 -11
353 -12
354 -12
355 -17
356 -13
357 -10
358 -13
359 -10
360 -10
361 -13
362 -10
363 -13
364 -13
365 -12
366 -12
367 -10
368 -13
369 -10
370 -13
371 -10
372 -13
373 -10
374 -13
375 -11
376 -13
377 -13
378 -13
379 -12
380 -10
381 -10
382 -12
383 -10
384 -10
385 -13
386 -13
387 -11
388 -13
389 -10
390 -13
391 -13
392 -13
393 -13
394 -10
395 -12
396 -10
397 -10
398 -10
399 -13
400 -10
401 -11
402 -10
403 -11
404 -13
405 -10
406 -13
407 -12
408 -12
409 -13
410 -11
411 -11
412 -13
413 -11
414 -10
415 -13
416 -13
417 -13
418 -12
419 -11
420 -10
421 -10
422 -13
423 -13
424 -13
425 -12
426 -11
427 -12
428 -10
429 -13
430 -11
431 -11
432 -13
433 -11
434 -12
435 -12
436 -13
437 -13
438 -11
439 -13
440 -10
441 -13
442 -11
443 -13
444 -12
445 -12
446 -13
447 -12
448 -13
449 -10
450 -12
451 -12
452 -13
453 -12
454 -13
455 -12
456 -12
457 -13
458 -13
459 -13
460 -11
461 -13
462 -13
463 -10
464 -10
465 -13
466 -13
467 -11
468 -11
469 -19
470 -10
471 -14
472 -12
473 -13
474 -10
475 -13
476 -13
477 -10
478 -10
479 -10
480 -20
481 -12
482 -12
483 -13
484 -12
485 -13
486 -11
487 -10
488 -12
489 -11
490 -11
491 -11
492 -11
493 -13
494 -11
495 -12
496 -13
497 -13
498 -13
499 -10
500 -11
501 -12
502 -13
503 -12
504 -10
505 -10
506 -13
507 -12
508 -11
509 -11
510 -11
511 -12
512 -10
513 -12
514 -10
515 -12
516 -11
517 -13
518 -11
519 -13
520 -12
521 -13
522 -13
523 -13
524 -12
525 -12
526 -17
527 -13
528 -12
529 -11
530 -12
531 -12
532 -10
533 -11
534 -12
535 -13
536 -13
537 -13
538 -19
539 -12
540 -12
541 -13
542 -12
543 -12
544 -13
545 -13
546 -11
547 -15
548 -10
549 -13
550 -12
551 -12
552 -13
553 -11
554 -13
555 -11
556 -13
557 -12
558 -11
559 -11
560 -10
561 -11
562 -13
563 -13
564 -13
565 -10
566 -12
567 -10
568 -13
569 -10
570 -12
571 -13
572 -10
573 -10
574 -13
575 -10
576 -12
577 -11
578 -10
579 -12
580 -13
581 -13
582 -13
583 -12
584 -12
585 -11
586 -12
587 -13
588 -11
589 -10
590 -13
591 -10
592 -10
593 -11
594 -11
595 -13
596 -13
597 -13
598 -11
599 -13
600 -11
601 -12
602 -14
603 -12
604 -13
605 -12
606 -11
607 -11
608 -12
609 -10
610 -12
611 -10
612 -13
613 -13
614 -13
615 -13
616 -13
617 -13
618 -13
619 -13
620 -10
621 -13
622 -13
623 -14
624 -13
625 -13
626 -12
627 -11
628 -13
629 -12
630 -12
631 -13
632 -13
633 -17
634 -12
635 -12
636 -11
637 -11
638 -12
639 -11
640 -11
641 -12
642 -10
643 -13
644 -11
645 -13
646 -13
647 -13
648 -10
649 -13
650 -13
651 -13
652 -13
653 -10
654 -13
655 -11
656 -10
657 -12
658 -13
659 -13
660 -13
661 -11
662 -13
663 -11
664 -13
665 -13
666 -10
667 -12
668 -11
669 -12
670 -10
671 -11
672 -10
673 -11
674 -13
675 -12
676 -12
677 -11
678 -13
679 -10
680 -13
681 -12
682 -11
683 -12
684 -11
685 -10
686 -12
687 -13
688 -11
689 -10
690 -13
691 -12
692 -11
693 -12
694 -12
695 -13
696 -12
697 -11
698 -12
699 -11
700 -13
701 -13
702 -13
703 -13
704 -12
705 -13
706 -13
707 -12
708 -16
709 -13
710 -12
711 -12
712 -12
713 -13
714 -13
715 -12
716 -12
717 -11
718 -11
719 -12
720 -11
721 -13
722 -13
723 -11
724 -13
725 -11
726 -11
727 -12
728 -13
729 -16
730 -13
731 -13
732 -10
733 -15
734 -12
735 -12
736 -11
737 -10
738 -12
739 -10
740 -10
741 -17
742 -13
743 -13
744 -11
745 -13
746 -13
747 -11
748 -13
749 -13
750 -13
751 -10
752 -12
753 -13
754 -10
755 -13
756 -10
757 -11
758 -11
759 -12
760 -11
761 -13
762 -13
763 -12
764 -11
765 -12
766 -12
767 -11
768 -13
769 -16
770 -10
771 -13
772 -12
773 -10
774 -10
775 -13
776 -11
777 -13
778 -13
779 -13
780 -13
781 -12
782 -13
783 -13
784 -13
785 -13
786 -13
787 -10
788 -13
789 -10
790 -12
791 -10
792 -10
793 -10
794 -13
795 -13
796 -11
797 -11
798 -13
799 -10
800 -12
801 -13
802 -13
803 -10
804 -12
805 -13
806 -13
807 -11
808 -13
809 -13
810 -14
811 -10
812 -12
813 -10
814 -13
815 -11
816 -13
817 -12
818 -16
819 -10
820 -13
821 -12
822 -11
823 -10
824 -11
825 -11
826 -11
827 -11
828 -13
829 -10
830 -10
831 -13
832 -10
833 -12
834 -12
835 -13
836 -13
837 -10
838 -12
839 -13
840 -13
841 -12
842 -13
843 -13
844 -11
845 -11
846 -12
847 -13
848 -15
849 -11
850 -11
851 -12
852 -12
853 -13
854 -13
855 -15
856 -13
857 -12
858 -11
859 -15
860 -10
861 -10
862 -11
863 -13
864 -11
865 -12
866 -17
867 -13
868 -10
869 -13
870 -10
871 -11
872 -13
873 -12
874 -10
875 -11
876 -12
877 -13
878 -13
879 -11
880 -13
881 -13
882 -11
883 -12
884 -10
885 -13
886 -13
887 -11
888 -12
889 -13
890 -12
891 -10
892 -13
893 -12
894 -12
895 -13
896 -13
897 -13
898 -13
899 -11
900 -13
901 -13
902 -13
903 -12
904 -12
905 -13
906 -15
907 -12
908 -13
909 -11
910 -12
911 -13
912 -13
913 -11
914 -11
915 -11
916 -12
917 -18
918 -13
919 -13
920 -13
921 -11
922 -12
923 -15
924 -13
925 -11
926 -13
927 -12
928 -11
929 -11
930 -13
931 -11
932 -13
933 -13
934 -13
935 -10
936 -12
937 -13
938 -13
939 -10
940 -12
941 -13
942 -13
943 -12
944 -13
945 -10
946 -12
947 -13
948 -12
949 -12
950 -13
951 -13
952 -13
953 -13
954 -10
955 -11
956 -13
957 -13
958 -12
959 -13
960 -11
961 -13
962 -13
963 -11
964 -13
965 -10
966 -12
967 -10
968 -10
969 -12
970 -10
971 -13
972 -12
973 -10
974 -11
975 -12
976 -13
977 -12
978 -11
979 -13
980 -16
981 -10
982 -10
983 -13
984 -12
985 -10
986 -13
987 -11
988 -11
989 -12
990 -10
991 -13
992 -13
993 -12
994 -17
995 -10
996 -10
997 -12
998 -17
999 -10
