0 -13
1 -13
2 -11
3 -17
4 -11
5 -13
6 -13
7 -10
8 -13
9 -12
10 -13
11 -13
12 -10
13 -13
14 -12
15 -13
16 -11
17 -12
18 -11
19 -12
20 -12
21 -11
22 -11
23 -10
24 -13
25 -12
26 -12
27 -12
28 -13
29 -11
30 -11
31 -13
32 -13
33 -11
34 -10
35 -11
36 -10
37 -13
38 -10
39 -11
40 -13
41 -13
42 -13
43 -12
44 -10
45 -13
46 -11
47 -23
48 -10
49 -13
50 -13
51 -13
52 -11
53 -11
54 -13
55 -13
56 -13
57 -13
58 -11
59 -11
60 -13
61 -10
62 -10
63 -13
64 -13
65 -11
66 -10
67 -10
68 -16
69 -12
70 -10
71 -11
72 -12
73 -10
74 -13
75 -13
76 -11
77 -13
78 -10
79 -12
80 -13
81 -13
82 -10
83 -10
84 -10
85 -12
86 -11
87 -11
88 -13
89 -11
90 -13
91 -11
92 -12
93 -14
94 -10
95 -11
96 -12
97 -12
98 -11
99 -10
100 -10
101 -13
102 -13
103 -13
104 -12
105 -11
106 -13
107 -13
108 -10
109 -11
110 -13
111 -10
112 -11
113 -10
114 -11
115 -13
116 -10
117 -11
118 -13
119 -10
120 -17
121 -11
122 -12
123 -13
124 -11
125 -13
126 -13
127 -10
128 -12
129 -13
130 -11
131 -13
132 -12
133 -13
134 -20
135 -13
136 -13
137 -10
138 -11
139 -13
140 -11
141 -12
142 -12
143 -13
144 -11
145 -12
146 -10
147 -13
148 -10
149 -13
150 -12
151 -11
152 -10
153 -13
154 -11
155 -11
156 -13
157 -10
158 -13
159 -13
160 -13
161 -13
162 -10
163 -13
164 -12
165 -11
166 -13
167 -13
168 -12
169 -10
170 -13
171 -12
172 -13
173 -10
174 -12
175 -13
176 -10
177 -13
178 -11
179 -13
180 -11
181 -16
182 -12
183 -11
184 -11
185 -10
186 -11
187 -13
188 -10
189 -14
190 -10
191 -13
192 -10
193 -10
194 -14
195 -13
196 -10
197 -12
198 -13
199 -11
200 -10
201 -25
202 -13
203 -13
204 -20
205 -13
206 -12
207 -11
208 -13
209 -13
210 -13
211 -13
212 -13
213 -12
214 -10
215 -18
216 -13
217 -10
218 -11
219 -11
220 -12
221 -13
222 -13
223 -12
224 -11
225 -11
226 -12
227 -11
228 -11
229 -11
230 -12
231 -11
232 -10
233 -11
234 -13
235 -13
236 -13
237 -12
238 -12
239 -11
240 -13
241 -13
242 -10
243 -10
244 -13
245 -13
246 -10
247 -11
248 -11
249 -10
250 -21
251 -11
252 -11
253 -11
254 -13
255 -10
256 -10
257 -11
258 -13
259 -11
260 -11
261 -11
262 -17
263 -13
264 -12
265 -13
266 -11
267 -12
268 -14
269 -12
270 -12
271 -10
272 -11
273 -12
274 -13
275 -10
276 -12
277 -13
278 -13
279 -13
280 -11
281 -13
282 -10
283 -13
284 -11
285 -17
286 -13
287 -10
288 -13
289 -12
290 -11
291 -13
292 -13
293 -17
294 -10
295 -12
296 -12
297 -13
298 -12
299 -12
300 -13
301 -11
302 -10
303 -15
304 -15
305 -11
306 -13
307 -11
308 -13
309 -12
310 -13
311 -13
312 -10
313 -13
314 -13
315 -13
316 -13
317 -13
318 -10
319 -12
320 -12
321 -10
322 -13
323 -13
324 -13
325 -13
326 -12
327 -10
328 -18
329 -12
330 -12
331 -12
332 -10
333 -12
334 -14
335 -13
336 -11
337 -10
338 -13
339 -12
340 -13
341 -12
342 -13
343 -12
344 -10
345 -13
346 -17
347 -11
348 -13
349 -13
350 -12
351 -12
352 -13
353 -12
354 -11
355 -11
356 -10
357 -13
358 -10
359 -13
360 -12
361 -10
362 -13
363 -11
364 -12
365 -13
366 -13
367 -11
368 -10
369 -12
370 -11
371 -12
372 -13
373 -11
374 -11
375 -13
376 -10
377 -13
378 -12
379 -11
380 -12
381 -13
382 -13
383 -10
384 -12
385 -10
386 -11
387 -9
388 -12
389 -10
390 -13
391 -12
392 -13
393 -11
394 -11
395 -12
396 -13
397 -11
398 -11
399 -12
400 -13
401 -11
402 -16
403 -10
404 -14
405 -13
406 -11
407 -13
408 -13
409 -11
410 -10
411 -12
412 -20
413 -12
414 -13
415 -13
416 -13
417 -21
418 -12
419 -13
420 -10
421 -13
422 -11
423 -11
424 -10
425 -13
426 -13
427 -12
428 -12
429 -13
430 -13
431 -10
432 -13
433 -13
434 -13
435 -13
436 -11
437 -13
438 -10
439 -10
440 -10
441 -13
442 -13
443 -12
444 -13
445 -11
446 -12
447 -10
448 -13
449 -12
450 -13
451 -10
452 -13
453 -10
454 -12
455 -12
456 -13
457 -13
458 -11
459 -10
460 -12
461 -13
462 -13
463 -13
464 -11
465 -13
466 -13
467 -13
468 -12
469 -13
470 -13
471 -11
472 -13
473 -13
474 -10
475 -10
476 -13
477 -10
478 -13
479 -10
480 -13
481 -13
482 -12
483 -13
484 -11
485 -13
486 -12
487 -13
488 -10
489 -13
490 -11
491 -13
492 -20
493 -10
494 -13
495 -10
496 -12
497 -13
498 -14
499 -10
500 -12
501 -13
502 -10
503 -10
504 -13
505 -13
506 -13
507 -13
508 -11
509 -12
510 -12
511 -10
512 -16
513 -11
514 -11
515 -10
516 -10
517 -12
518 -13
519 -12
520 -12
521 -11
522 -10
523 -10
524 -10
525 -10
526 -13
527 -13
528 -13
529 -12
530 -12
531 -11
532 -13
533 -11
534 -13
535 -12
536 -11
537 -13
538 -10
539 -13
540 -10
541 -11
542 -13
543 -11
544 -10
545 -12
546 -13
547 -12
548 -10
549 -12
550 -13
551 -13
552 -12
553 -12
554 -12
555 -13
556 -10
557 -18
558 -13
559 -16
560 -10
561 -10
562 -10
563 -13
564 -11
565 -13
566 -13
567 -14
568 -12
569 -10
570 -10
571 -16
572 -13
573 -11
574 -13
575 -13
576 -13
577 -10
578 -12
579 -13
580 -12
581 -12
582 -13
583 -10
584 -11
585 -10
586 -16
587 -15
588 -13
589 -13
590 -11
591 -12
592 -13
593 -20
594 -13
595 -10
596 -12
597 -12
598 -10
599 -13
600 -10
601 -13
602 -11
603 -11
604 -13
605 -13
606 -11
607 -12
608 -10
609 -11
610 -10
611 -13
612 -10
613 -12
614 -11
615 -11
616 -13
617 -11
618 -11
619 -13
620 -10
621 -11
622 -10
623 -11
624 -11
625 -12
626 -13
627 -11
628 -13
629 -13
630 -10
631 -17
632 -11
633 -13
634 -10
635 -11
636 -13
637 -13
638 -13
639 -10
640 -13
641 -13
642 -10
643 -12
644 -13
645 -10
646 -10
647 -10
648 -13
649 -13
650 -10
651 -11
652 -15
653 -12
654 -10
655 -12
656 -12
657 -13
658 -11
659 -13
660 -13
661 -11
662 -10
663 -11
664 -13
665 -11
666 -12
667 -12
668 -12
669 -13
670 -11
671 -13
672 -11
673 -13
674 -11
675 -13
676 -11
677 -11
678 -11
679 -12
680 -21
681 -10
682 -13
683 -12
684 -12
685 -13
686 -13
687 -11
688 -10
689 -13
690 -13
691 -11
692 -10
693 -13
694 -10
695 -13
696 -10
697 -10
698 -11
699 -12
700 -13
701 -11
702 -11
703 -13
704 -11
705 -11
706 -10
707 -13
708 -13
709 -11
710 -23
711 -11
712 -13
713 -12
714 -13
715 -10
716 -13
717 -13
718 -10
719 -10
720 -12
721 -11
722 -11
723 -11
724 -10
725 -12
726 -10
727 -13
728 -11
729 -12
730 -11
731 -13
732 -12
733 -10
734 -12
735 -11
736 -13
737 -13
738 -12
739 -21
740 -13
741 -13
742 -12
743 -12
744 -12
745 -13
746 -13
747 -10
748 -11
749 -13
750 -11
751 -13
752 -12
753 -13
754 -20
755 -13
756 -13
757 -17
758 -13
759 -10
760 -10
761 -10
762 -10
763 -10
764 -10
765 -11
766 -12
767 -12
768 -10
769 -13
770 -13
771 -13
772 -12
773 -13
774 -10
775 -13
776 -12
777 -10
778 -20
779 -10
780 -13
781 -13
782 -13
783 -13
784 -13
785 -13
786 -10
787 -12
788 -13
789 -10
790 -13
791 -11
792 -11
793 -10
794 -11
795 -13
796 -10
797 -10
798 -13
799 -12
800 -11
801 -13
802 -11
803 -13
804 -12
805 -12
806 -12
807 -12
808 -13
809 -12
810 -12
811 -10
812 -10
813 -13
814 -11
815 -12
816 -12
817 -13
818 -13
819 -13
820 -13
821 -11
822 -12
823 -11
824 -10
825 -13
826 -12
827 -13
828 -11
829 -10
830 -13
831 -13
832 -14
833 -13
834 -13
835 -10
836 -13
837 -10
838 -13
839 -13
840 -13
841 -11
842 -10
843 -11
844 -11
845 -13
846 -10
847 -10
848 -11
849 -17
850 -12
851 -10
852 -16
853 -13
854 -10
855 -13
856 -13
857 -11
858 -13
859 -13
860 -13
861 -11
862 -12
863 -12
864 -13
865 -11
866 -13
867 -13
868 -10
869 -13
870 -13
871 -12
872 -13
873 -11
874 -10
875 -10
876 -11
877 -10
878 -13
879 -10
880 -13
881 -13
882 -11
883 -13
884 -10
885 -13
886 -14
887 -13
888 -10
889 -13
890 -13
891 -11
892 -11
893 -11
894 -12
895 -12
896 -11
897 -13
898 -11
899 -10
900 -16
901 -11
902 -13
903 -10
904 -10
905 -13
906 -13
907 -10
908 -9
909 -13
910 -13
911 -12
912 -10
913 -12
914 -13
915 -12
916 -11
917 -12
918 -13
919 -10
920 -10
921 -12
922 -13
923 -11
924 -12
925 -10
926 -12
927 -12
928 -11
929 -13
930 -12
931 -11
932 -13
933 -11
934 -13
935 -12
936 -13
937 -13
938 -13
939 -12
940 -11
941 -13
942 -13
943 -10
944 -11
945 -10
946 -12
947 -10
948 -13
949 -13
950 -16
951 -10
952 -13
953 -13
954 -10
955 -13
956 -10
957 -11
958 -12
959 -12
960 -12
961 -10
962 -11
963 -13
964 -12
965 -13
966 -11
967 -11
968 -10
969 -10
970 -11
971 -12
972 -13
973 -13
974 -11
975 -13
976 -13
977 -13
978 -11
979 -12
980 -11
981 -12
982 -15
983 -12
984 -10
985 -13
986 -13
987 -10
988 -11
989 -10
990 -11
991 -12
992 -10
993 -12
994 -12
995 -20
996 -13
997 -10
998 -11
999 -11
