0 -11
1 -17
2 -12
3 -17
4 -17
5 -17
6 -11
7 -17
8 -12
9 -12
10 -29
11 -17
12 -12
13 -10
14 -12
15 -17
16 -12
17 -11
18 -17
19 -12
20 -12
21 -12
22 -10
23 -10
24 -12
25 -12
26 -11
27 -12
28 -12
29 -10
30 -10
31 -17
32 -11
33 -17
34 -12
35 -12
36 -17
37 -17
38 -11
39 -10
40 -17
41 -21
42 -17
43 -10
44 -11
45 -10
46 -10
47 -11
48 -17
49 -11
50 -11
51 -12
52 -17
53 -17
54 -11
55 -17
56 -11
57 -11
58 -17
59 -10
60 -12
61 -17
62 -10
63 -12
64 -17
65 -11
66 -10
67 -17
68 -12
69 -17
70 -11
71 -11
72 -17
73 -53
74 -16
75 -10
76 -11
77 -17
78 -11
79 -11
80 -11
81 -17
82 -12
83 -17
84 -11
85 -10
86 -17
87 -17
88 -17
89 -12
90 -17
91 -12
92 -11
93 -10
94 -17
95 -17
96 -11
97 -21
98 -17
99 -17
100 -11
101 -17
102 -10
103 -17
104 -10
105 -17
106 -10
107 -22
108 -17
109 -17
110 -17
111 -11
112 -12
113 -12
114 -17
115 -11
116 -11
117 -17
118 -17
119 -17
120 -17
121 -17
122 -10
123 -11
124 -12
125 -17
126 -11
127 -17
128 -11
129 -11
130 -17
131 -12
132 -17
133 -10
134 -12
135 -12
136 -56
137 -17
138 -10
139 -17
140 -11
141 -11
142 -17
143 -17
144 -12
145 -10
146 -17
147 -11
148 -56
149 -17
150 -11
151 -11
152 -17
153 -12
154 -17
155 -17
156 -11
157 -12
158 -17
159 -12
160 -11
161 -11
162 -11
163 -11
164 -10
165 -17
166 -17
167 -12
168 -12
169 -13
170 -17
171 -12
172 -11
173 -16
174 -11
175 -17
176 -11
177 -12
178 -10
179 -10
180 -11
181 -11
182 -12
183 -10
184 -11
185 -17
186 -10
187 -11
188 -17
189 -10
190 -17
191 -17
192 -17
193 -10
194 -11
195 -17
196 -17
197 -12
198 -10
199 -11
200 -11
201 -11
202 -17
203 -10
204 -10
205 -22
206 -10
207 -12
208 -10
209 -11
210 -12
211 -22
212 -12
213 -10
214 -17
215 -17
216 -17
217 -11
218 -17
219 -17
220 -17
221 -10
222 -11
223 -17
224 -10
225 -14
226 -10
227 -17
228 -23
229 -17
230 -17
231 -11
232 -17
233 -11
234 -15
235 -12
236 -12
237 -12
238 -11
239 -12
240 -10
241 -17
242 -12
243 -10
244 -12
245 -12
246 -10
247 -17
248 -17
249 -10
250 -17
251 -17
252 -11
253 -11
254 -17
255 -17
256 -10
257 -12
258 -47
259 -10
260 -12
261 -12
262 -12
263 -12
264 -10
265 -17
266 -10
267 -11
268 -11
269 -10
270 -17
271 -10
272 -10
273 -12
274 -11
275 -17
276 -17
277 -17
278 -11
279 -17
280 -12
281 -10
282 -11
283 -17
284 -10
285 -10
286 -89
287 -9
288 -17
289 -12
290 -17
291 -64
292 -11
293 -11
294 -17
295 -10
296 -10
297 -17
298 -17
299 -17
300 -17
301 -17
302 -10
303 -17
304 -17
305 -12
306 -11
307 -17
308 -17
309 -17
310 -10
311 -12
312 -17
313 -10
314 -17
315 -10
316 -21
317 -11
318 -12
319 -10
320 -17
321 -10
322 -10
323 -11
324 -17
325 -11
326 -10
327 -12
328 -12
329 -17
330 -12
331 -62
332 -12
333 -65
334 -17
335 -12
336 -12
337 -17
338 -11
339 -31
340 -12
341 -11
342 -10
343 -10
344 -12
345 -12
346 -13
347 -17
348 -17
349 -11
350 -11
351 -11
352 -17
353 -11
354 -11
355 -12
356 -11
357 -10
358 -12
359 -10
360 -12
361 -10
362 -11
363 -12
364 -17
365 -10
366 -21
367 -12
368 -17
369 -17
370 -12
371 -17
372 -10
373 -21
374 -12
375 -17
376 -25
377 -12
378 -17
379 -17
380 -11
381 -12
382 -17
383 -11
384 -17
385 -11
386 -11
387 -10
388 -17
389 -11
390 -11
391 -10
392 -12
393 -17
394 -10
395 -12
396 -17
397 -10
398 -11
399 -17
400 -17
401 -17
402 -10
403 -10
404 -11
405 -10
406 -17
407 -17
408 -11
409 -17
410 -10
411 -17
412 -11
413 -17
414 -10
415 -15
416 -11
417 -10
418 -17
419 -10
420 -11
421 -12
422 -12
423 -17
424 -12
425 -12
426 -11
427 -12
428 -17
429 -10
430 -10
431 -17
432 -13
433 -12
434 -10
435 -10
436 -17
437 -12
438 -17
439 -17
440 -17
441 -12
442 -12
443 -17
444 -11
445 -17
446 -12
447 -12
448 -10
449 -11
450 -17
451 -11
452 -17
453 -10
454 -17
455 -12
456 -10
457 -10
458 -10
459 -10
460 -10
461 -11
462 -42
463 -11
464 -12
465 -17
466 -17
467 -17
468 -17
469 -10
470 -11
471 -11
472 -12
473 -10
474 -15
475 -11
476 -11
477 -17
478 -12
479 -17
480 -17
481 -12
482 -17
483 -15
484 -11
485 -10
486 -12
487 -11
488 -11
489 -17
490 -17
491 -12
492 -12
493 -17
494 -11
495 -17
496 -12
497 -11
498 -10
499 -17
500 -17
501 -10
502 -17
503 -17
504 -11
505 -17
506 -11
507 -17
508 -17
509 -12
510 -12
511 -12
512 -17
513 -12
514 -10
515 -11
516 -12
517 -17
518 -17
519 -17
520 -17
521 -12
522 -10
523 -10
524 -17
525 -17
526 -17
527 -10
528 -12
529 -17
530 -17
531 -11
532 -11
533 -12
534 -17
535 -12
536 -17
537 -17
538 -10
539 -12
540 -16
541 -11
542 -10
543 -11
544 -10
545 -10
546 -17
547 -11
548 -12
549 -12
550 -12
551 -17
552 -11
553 -10
554 -11
555 -17
556 -17
557 -11
558 -17
559 -17
560 -17
561 -17
562 -12
563 -11
564 -17
565 -10
566 -10
567 -17
568 -17
569 -10
570 -17
571 -10
572 -17
573 -17
574 -11
575 -17
576 -18
577 -10
578 -10
579 -12
580 -12
581 -10
582 -17
583 -12
584 -11
585 -17
586 -17
587 -12
588 -11
589 -11
590 -12
591 -12
592 -12
593 -17
594 -17
595 -17
596 -17
597 -10
598 -32
599 -10
600 -17
601 -11
602 -12
603 -11
604 -10
605 -12
606 -10
607 -11
608 -10
609 -11
610 -10
611 -17
612 -11
613 -11
614 -10
615 -17
616 -17
617 -17
618 -12
619 -11
620 -17
621 -17
622 -12
623 -12
624 -17
625 -12
626 -17
627 -17
628 -12
629 -11
630 -10
631 -17
632 -12
633 -10
634 -12
635 -10
636 -10
637 -10
638 -10
639 -17
640 -17
641 -11
642 -11
643 -17
644 -59
645 -13
646 -10
647 -17
648 -12
649 -17
650 -12
651 -11
652 -17
653 -11
654 -11
655 -10
656 -10
657 -17
658 -17
659 -12
660 -10
661 -17
662 -17
663 -11
664 -10
665 -17
666 -11
667 -12
668 -12
669 -40
670 -11
671 -11
672 -10
673 -17
674 -11
675 -11
676 -12
677 -12
678 -12
679 -12
680 -10
681 -12
682 -10
683 -10
684 -11
685 -12
686 -12
687 -10
688 -11
689 -12
690 -17
691 -11
692 -12
693 -10
694 -17
695 -11
696 -17
697 -11
698 -10
699 -17
700 -10
701 -11
702 -11
703 -10
704 -10
705 -12
706 -17
707 -11
708 -17
709 -10
710 -12
711 -12
712 -18
713 -12
714 -17
715 -10
716 -10
717 -12
718 -12
719 -17
720 -10
721 -11
722 -11
723 -11
724 -12
725 -10
726 -17
727 -11
728 -12
729 -12
730 -11
731 -12
732 -17
733 -10
734 -17
735 -17
736 -10
737 -10
738 -17
739 -17
740 -17
741 -10
742 -12
743 -10
744 -10
745 -11
746 -10
747 -11
748 -10
749 -17
750 -17
751 -11
752 -12
753 -11
754 -17
755 -12
756 -10
757 -17
758 -17
759 -35
760 -17
761 -17
762 -10
763 -10
764 -17
765 -17
766 -25
767 -17
768 -17
769 -11
770 -10
771 -11
772 -10
773 -12
774 -11
775 -10
776 -10
777 -10
778 -11
779 -11
780 -10
781 -10
782 -13
783 -12
784 -11
785 -11
786 -11
787 -17
788 -21
789 -12
790 -17
791 -12
792 -11
793 -11
794 -21
795 -32
796 -11
797 -11
798 -12
799 -11
800 -12
801 -10
802 -10
803 -17
804 -17
805 -17
806 -10
807 -12
808 -17
809 -12
810 -10
811 -11
812 -12
813 -17
814 -10
815 -17
816 -27
817 -17
818 -17
819 -11
820 -17
821 -17
822 -11
823 -12
824 -12
825 -21
826 -11
827 -12
828 -10
829 -11
830 -11
831 -12
832 -11
833 -11
834 -10
835 -12
836 -17
837 -17
838 -17
839 -11
840 -17
841 -17
842 -17
843 -11
844 -17
845 -17
846 -10
847 -17
848 -11
849 -10
850 -17
851 -10
852 -17
853 -11
854 -10
855 -11
856 -10
857 -11
858 -17
859 -17
860 -27
861 -17
862 -11
863 -17
864 -11
865 -10
866 -10
867 -17
868 -10
869 -16
870 -17
871 -12
872 -21
873 -12
874 -17
875 -12
876 -17
877 -12
878 -38
879 -12
880 -12
881 -20
882 -10
883 -12
884 -17
885 -11
886 -12
887 -17
888 -11
889 -10
890 -10
891 -10
892 -10
893 -17
894 -12
895 -10
896 -10
897 -17
898 -12
899 -11
900 -12
901 -17
902 -17
903 -11
904 -17
905 -20
906 -17
907 -17
908 -11
909 -10
910 -10
911 -11
912 -17
913 -11
914 -10
915 -10
916 -17
917 -17
918 -11
919 -17
920 -17
921 -17
922 -11
923 -17
924 -11
925 -10
926 -17
927 -17
928 -17
929 -11
930 -11
931 -10
932 -10
933 -10
934 -11
935 -12
936 -17
937 -17
938 -17
939 -11
940 -17
941 -10
942 -10
943 -17
944 -12
945 -12
946 -17
947 -17
948 -17
949 -17
950 -17
951 -12
952 -12
953 -17
954 -17
955 -10
956 -10
957 -17
958 -12
959 -17
960 -11
961 -10
962 -36
963 -17
964 -10
965 -17
966 -26
967 -17
968 -10
969 -10
970 -10
971 -10
972 -17
973 -12
974 -17
975 -11
976 -17
977 -17
978 -10
979 -17
980 -12
981 -17
982 -10
983 -12
984 -10
985 -10
986 -17
987 -11
988 -12
989 -10
990 -11
991 -11
992 -11
993 -11
994 -12
995 -17
996 -10
997 -16
998 -12
999 -12
