0 -10
1 -17
2 -12
3 -17
4 -12
5 -11
6 -17
7 -17
8 -10
9 -10
10 -17
11 -11
12 -10
13 -17
14 -12
15 -18
16 -17
17 -17
18 -17
19 -11
20 -17
21 -11
22 -11
23 -12
24 -12
25 -17
26 -17
27 -11
28 -12
29 -12
30 -12
31 -10
32 -10
33 -17
34 -10
35 -11
36 -12
37 -17
38 -12
39 -17
40 -11
41 -17
42 -12
43 -17
44 -12
45 -17
46 -10
47 -17
48 -11
49 -10
50 -17
51 -11
52 -10
53 -17
54 -17
55 -10
56 -36
57 -10
58 -12
59 -17
60 -10
61 -11
62 -12
63 -12
64 -17
65 -10
66 -10
67 -17
68 -17
69 -10
70 -29
71 -10
72 -11
73 -17
74 -10
75 -12
76 -17
77 -17
78 -11
79 -10
80 -17
81 -12
82 -12
83 -12
84 -44
85 -10
86 -11
87 -11
88 -17
89 -11
90 -12
91 -10
92 -17
93 -10
94 -17
95 -10
96 -10
97 -17
98 -12
99 -12
100 -11
101 -12
102 -17
103 -17
104 -11
105 -17
106 -12
107 -17
108 -12
109 -10
110 -12
111 -12
112 -22
113 -11
114 -17
115 -17
116 -12
117 -17
118 -12
119 -11
120 -19
121 -11
122 -17
123 -10
124 -24
125 -11
126 -10
127 -17
128 -17
129 -10
130 -12
131 -11
132 -17
133 -17
134 -28
135 -17
136 -17
137 -12
138 -10
139 -10
140 -17
141 -17
142 -17
143 -17
144 -10
145 -11
146 -11
147 -10
148 -10
149 -10
150 -17
151 -10
152 -11
153 -17
154 -17
155 -12
156 -17
157 -17
158 -10
159 -17
160 -12
161 -11
162 -12
163 -17
164 -12
165 -17
166 -17
167 -11
168 -17
169 -12
170 -17
171 -17
172 -11
173 -17
174 -13
175 -11
176 -17
177 -11
178 -10
179 -11
180 -10
181 -11
182 -11
183 -17
184 -17
185 -10
186 -17
187 -17
188 -11
189 -17
190 -17
191 -17
192 -17
193 -12
194 -12
195 -12
196 -17
197 -12
198 -11
199 -12
200 -10
201 -10
202 -32
203 -12
204 -17
205 -17
206 -10
207 -12
208 -12
209 -11
210 -17
211 -17
212 -12
213 -11
214 -11
215 -17
216 -17
217 -11
218 -17
219 -17
220 -17
221 -12
222 -17
223 -11
224 -10
225 -12
226 -10
227 -12
228 -10
229 -17
230 -10
231 -12
232 -17
233 -17
234 -16
235 -15
236 -17
237 -17
238 -12
239 -10
240 -17
241 -10
242 -12
243 -17
244 -17
245 -10
246 -17
247 -11
248 -10
249 -10
250 -17
251 -12
252 -10
253 -25
254 -11
255 -12
256 -17
257 -17
258 -10
259 -17
260 -17
261 -17
262 -17
263 -91
264 -17
265 -11
266 -17
267 -18
268 -11
269 -10
270 -17
271 -12
272 -12
273 -10
274 -17
275 -17
276 -11
277 -10
278 -11
279 -10
280 -17
281 -12
282 -11
283 -11
284 -10
285 -10
286 -12
287 -18
288 -17
289 -10
290 -17
291 -17
292 -11
293 -17
294 -17
295 -10
296 -10
297 -12
298 -11
299 -11
300 -17
301 -12
302 -36
303 -17
304 -12
305 -10
306 -10
307 -10
308 -17
309 -17
310 -10
311 -17
312 -12
313 -17
314 -10
315 -18
316 -10
317 -17
318 -17
319 -10
320 -12
321 -28
322 -17
323 -17
324 -69
325 -17
326 -11
327 -10
328 -12
329 -12
330 -17
331 -17
332 -17
333 -12
334 -10
335 -11
336 -10
337 -12
338 -10
339 -11
340 -18
341 -10
342 -12
343 -12
344 -73
345 -17
346 -10
347 -11
348 -17
349 -10
350 -12
351 -11
352 -11
353 -11
354 -10
355 -12
356 -17
357 -11
358 -17
359 -16
360 -10
361 -12
362 -10
363 -11
364 -10
365 -17
366 -17
367 -10
368 -10
369 -17
370 -17
371 -17
372 -10
373 -10
374 -11
375 -10
376 -10
377 -16
378 -17
379 -12
380 -12
381 -17
382 -11
383 -12
384 -12
385 -17
386 -17
387 -11
388 -17
389 -31
390 -12
391 -17
392 -17
393 -11
394 -10
395 -12
396 -10
397 -17
398 -17
399 -11
400 -12
401 -12
402 -11
403 -17
404 -17
405 -17
406 -12
407 -10
408 -12
409 -10
410 -11
411 -17
412 -28
413 -12
414 -17
415 -12
416 -17
417 -17
418 -10
419 -17
420 -10
421 -11
422 -11
423 -17
424 -11
425 -12
426 -10
427 -17
428 -11
429 -12
430 -17
431 -17
432 -10
433 -10
434 -17
435 -12
436 -17
437 -17
438 -17
439 -10
440 -30
441 -12
442 -12
443 -10
444 -11
445 -17
446 -17
447 -11
448 -10
449 -17
450 -11
451 -12
452 -17
453 -12
454 -11
455 -17
456 -12
457 -12
458 -11
459 -17
460 -11
461 -17
462 -17
463 -17
464 -10
465 -17
466 -17
467 -10
468 -12
469 -11
470 -17
471 -10
472 -10
473 -12
474 -10
475 -21
476 -17
477 -10
478 -21
479 -10
480 -17
481 -17
482 -17
483 -12
484 -10
485 -12
486 -11
487 -17
488 -17
489 -14
490 -17
491 -10
492 -11
493 -10
494 -12
495 -17
496 -16
497 -10
498 -17
499 -17
500 -12
501 -10
502 -11
503 -17
504 -11
505 -17
506 -10
507 -12
508 -17
509 -12
510 -12
511 -11
512 -11
513 -17
514 -17
515 -10
516 -17
517 -11
518 -17
519 -11
520 -17
521 -17
522 -17
523 -11
524 -28
525 -11
526 -11
527 -17
528 -21
529 -17
530 -11
531 -11
532 -11
533 -11
534 -17
535 -11
536 -17
537 -10
538 -17
539 -12
540 -16
541 -10
542 -11
543 -11
544 -12
545 -12
546 -10
547 -11
548 -12
549 -17
550 -44
551 -11
552 -10
553 -17
554 -10
555 -11
556 -113
557 -17
558 -17
559 -11
560 -12
561 -10
562 -12
563 -12
564 -10
565 -10
566 -12
567 -17
568 -16
569 -11
570 -17
571 -10
572 -10
573 -12
574 -17
575 -10
576 -11
577 -17
578 -17
579 -12
580 -17
581 -17
582 -17
583 -12
584 -17
585 -17
586 -10
587 -12
588 -17
589 -17
590 -12
591 -11
592 -10
593 -10
594 -10
595 -17
596 -14
597 -12
598 -12
599 -17
600 -12
601 -11
602 -11
603 -17
604 -18
605 -10
606 -10
607 -12
608 -10
609 -17
610 -17
611 -17
612 -11
613 -11
614 -11
615 -17
616 -11
617 -17
618 -18
619 -17
620 -10
621 -17
622 -17
623 -17
624 -11
625 -11
626 -10
627 -10
628 -10
629 -17
630 -17
631 -17
632 -10
633 -12
634 -11
635 -11
636 -17
637 -17
638 -10
639 -17
640 -10
641 -10
642 -17
643 -22
644 -11
645 -25
646 -12
647 -17
648 -17
649 -11
650 -12
651 -17
652 -12
653 -17
654 -11
655 -11
656 -17
657 -17
658 -17
659 -11
660 -17
661 -17
662 -11
663 -12
664 -11
665 -11
666 -11
667 -17
668 -17
669 -12
670 -11
671 -11
672 -11
673 -10
674 -17
675 -22
676 -20
677 -17
678 -10
679 -17
680 -12
681 -17
682 -16
683 -17
684 -11
685 -17
686 -17
687 -17
688 -10
689 -12
690 -17
691 -10
692 -11
693 -11
694 -17
695 -11
696 -12
697 -17
698 -17
699 -12
700 -17
701 -20
702 -17
703 -11
704 -11
705 -12
706 -17
707 -17
708 -17
709 -17
710 -11
711 -11
712 -17
713 -17
714 -17
715 -12
716 -10
717 -17
718 -12
719 -103
720 -17
721 -11
722 -10
723 -11
724 -17
725 -17
726 -17
727 -12
728 -10
729 -10
730 -10
731 -12
732 -10
733 -12
734 -17
735 -17
736 -11
737 -12
738 -11
739 -12
740 -12
741 -12
742 -10
743 -17
744 -17
745 -12
746 -11
747 -10
748 -12
749 -17
750 -17
751 -11
752 -12
753 -17
754 -17
755 -12
756 -17
757 -17
758 -17
759 -11
760 -17
761 -12
762 -12
763 -11
764 -11
765 -11
766 -17
767 -11
768 -10
769 -11
770 -17
771 -11
772 -17
773 -17
774 -12
775 -11
776 -17
777 -17
778 -10
779 -17
780 -17
781 -17
782 -11
783 -17
784 -17
785 -11
786 -17
787 -11
788 -11
789 -17
790 -10
791 -12
792 -10
793 -11
794 -17
795 -11
796 -17
797 -12
798 -12
799 -17
800 -11
801 -17
802 -10
803 -17
804 -17
805 -17
806 -10
807 -17
808 -12
809 -12
810 -17
811 -24
812 -77
813 -17
814 -17
815 -17
816 -12
817 -10
818 -10
819 -10
820 -11
821 -12
822 -24
823 -17
824 -17
825 -17
826 -17
827 -17
828 -11
829 -17
830 -12
831 -17
832 -12
833 -12
834 -11
835 -11
836 -12
837 -11
838 -10
839 -17
840 -17
841 -36
842 -17
843 -12
844 -17
845 -11
846 -12
847 -10
848 -17
849 -10
850 -10
851 -17
852 -11
853 -17
854 -12
855 -10
856 -17
857 -11
858 -12
859 -11
860 -12
861 -12
862 -11
863 -10
864 -11
865 -17
866 -11
867 -17
868 -17
869 -17
870 -17
871 -12
872 -17
873 -10
874 -17
875 -12
876 -10
877 -11
878 -10
879 -12
880 -10
881 -10
882 -17
883 -12
884 -17
885 -10
886 -17
887 -12
888 -18
889 -17
890 -17
891 -15
892 -12
893 -17
894 -12
895 -10
896 -17
897 -10
898 -17
899 -10
900 -17
901 -11
902 -11
903 -17
904 -17
905 -12
906 -10
907 -11
908 -11
909 -17
910 -10
911 -12
912 -18
913 -12
914 -11
915 -10
916 -17
917 -11
918 -12
919 -10
920 -10
921 -17
922 -17
923 -11
924 -11
925 -10
926 -11
927 -17
928 -14
929 -10
930 -14
931 -17
932 -17
933 -12
934 -11
935 -17
936 -17
937 -11
938 -11
939 -11
940 -10
941 -10
942 -12
943 -11
944 -17
945 -11
946 -11
947 -12
948 -11
949 -17
950 -17
951 -11
952 -12
953 -10
954 -10
955 -17
956 -10
957 -11
958 -12
959 -17
960 -17
961 -12
962 -17
963 -13
964 -10
965 -10
966 -12
967 -12
968 -12
969 -17
970 -17
971 -17
972 -12
973 -12
974 -17
975 -10
976 -17
977 -12
978 -12
979 -11
980 -17
981 -12
982 -17
983 -17
984 -12
985 -11
986 -17
987 -10
988 -17
989 -17
990 -17
991 -17
992 -12
993 -12
994 -10
995 -42
996 -10
997 -10
998 -12
999 -10
