0 -12
1 -11
2 -10
3 -12
4 -21
5 -17
6 -12
7 -12
8 -12
9 -17
10 -11
11 -11
12 -12
13 -12
14 -12
15 -11
16 -10
17 -11
18 -10
19 -17
20 -10
21 -20
22 -11
23 -11
24 -12
25 -12
26 -12
27 -10
28 -17
29 -17
30 -11
31 -17
32 -12
33 -17
34 -10
35 -11
36 -11
37 -17
38 -12
39 -17
40 -12
41 -12
42 -12
43 -12
44 -12
45 -11
46 -11
47 -21
48 -11
49 -17
50 -10
51 -10
52 -12
53 -17
54 -12
55 -17
56 -11
57 -11
58 -17
59 -17
60 -11
61 -11
62 -16
63 -10
64 -11
65 -12
66 -10
67 -17
68 -11
69 -11
70 -17
71 -12
72 -12
73 -17
74 -12
75 -57
76 -17
77 -17
78 -10
79 -17
80 -12
81 -10
82 -11
83 -11
84 -11
85 -10
86 -10
87 -11
88 -17
89 -17
90 -11
91 -18
92 -17
93 -11
94 -17
95 -12
96 -12
97 -11
98 -10
99 -11
100 -11
101 -12
102 -11
103 -10
104 -12
105 -10
106 -17
107 -17
108 -12
109 -12
110 -17
111 -11
112 -17
113 -15
114 -17
115 -12
116 -10
117 -10
118 -17
119 -17
120 -12
121 -17
122 -12
123 -17
124 -17
125 -17
126 -17
127 -11
128 -10
129 -11
130 -11
131 -11
132 -10
133 -11
134 -11
135 -10
136 -10
137 -12
138 -10
139 -10
140 -15
141 -12
142 -17
143 -12
144 -12
145 -17
146 -17
147 -17
148 -10
149 -17
150 -17
151 -17
152 -17
153 -11
154 -17
155 -12
156 -10
157 -16
158 -11
159 -11
160 -17
161 -10
162 -10
163 -12
164 -10
165 -17
166 -17
167 -12
168 -10
169 -11
170 -12
171 -12
172 -12
173 -11
174 -12
175 -17
176 -11
177 -10
178 -17
179 -11
180 -17
181 -17
182 -17
183 -10
184 -11
185 -12
186 -11
187 -11
188 -10
189 -11
190 -12
191 -11
192 -28
193 -17
194 -12
195 -17
196 -12
197 -11
198 -17
199 -12
200 -11
201 -17
202 -17
203 -17
204 -12
205 -10
206 -10
207 -10
208 -57
209 -17
210 -17
211 -16
212 -10
213 -17
214 -52
215 -17
216 -17
217 -12
218 -10
219 -11
220 -11
221 -17
222 -17
223 -11
224 -11
225 -11
226 -12
227 -10
228 -12
229 -17
230 -12
231 -13
232 -17
233 -10
234 -18
235 -17
236 -17
237 -11
238 -11
239 -17
240 -17
241 -17
242 -17
243 -17
244 -12
245 -10
246 -17
247 -17
248 -10
249 -11
250 -11
251 -12
252 -12
253 -17
254 -11
255 -10
256 -17
257 -17
258 -10
259 -17
260 -17
261 -10
262 -17
263 -11
264 -17
265 -10
266 -17
267 -12
268 -12
269 -17
270 -17
271 -10
272 -12
273 -11
274 -17
275 -10
276 -17
277 -11
278 -12
279 -12
280 -10
281 -10
282 -12
283 -15
284 -10
285 -10
286 -17
287 -12
288 -10
289 -10
290 -10
291 -12
292 -12
293 -17
294 -10
295 -14
296 -17
297 -27
298 -11
299 -17
300 -17
301 -12
302 -17
303 -12
304 -17
305 -17
306 -17
307 -17
308 -30
309 -14
310 -77
311 -17
312 -11
313 -11
314 -17
315 -12
316 -10
317 -12
318 -10
319 -11
320 -11
321 -12
322 -22
323 -10
324 -12
325 -12
326 -11
327 -10
328 -12
329 -12
330 -10
331 -11
332 -17
333 -12
334 -17
335 -11
336 -10
337 -12
338 -10
339 -17
340 -12
341 -12
342 -11
343 -12
344 -17
345 -12
346 -11
347 -17
348 -17
349 -11
350 -17
351 -11
352 -18
353 -12
354 -17
355 -17
356 -17
357 -24
358 -10
359 -12
360 -10
361 -12
362 -17
363 -17
364 -10
365 -17
366 -12
367 -17
368 -17
369 -17
370 -17
371 -17
372 -11
373 -11
374 -17
375 -17
376 -17
377 -12
378 -12
379 -11
380 -11
381 -11
382 -12
383 -12
384 -12
385 -12
386 -17
387 -27
388 -17
389 -17
390 -17
391 -11
392 -17
393 -11
394 -17
395 -11
396 -9
397 -17
398 -17
399 -11
400 -10
401 -12
402 -17
403 -17
404 -10
405 -17
406 -10
407 -10
408 -10
409 -12
410 -17
411 -10
412 -12
413 -17
414 -10
415 -10
416 -17
417 -12
418 -12
419 -17
420 -17
421 -12
422 -12
423 -11
424 -10
425 -14
426 -11
427 -10
428 -10
429 -10
430 -17
431 -17
432 -17
433 -69
434 -10
435 -17
436 -12
437 -17
438 -50
439 -17
440 -10
441 -17
442 -10
443 -17
444 -17
445 -17
446 -10
447 -11
448 -10
449 -11
450 -17
451 -10
452 -10
453 -10
454 -10
455 -12
456 -17
457 -12
458 -10
459 -17
460 -11
461 -12
462 -17
463 -10
464 -11
465 -12
466 -17
467 -12
468 -11
469 -17
470 -17
471 -17
472 -10
473 -12
474 -10
475 -11
476 -17
477 -11
478 -10
479 -10
480 -15
481 -12
482 -17
483 -17
484 -12
485 -17
486 -17
487 -17
488 -17
489 -17
490 -10
491 -11
492 -10
493 -10
494 -12
495 -10
496 -11
497 -10
498 -11
499 -17
500 -21
501 -10
502 -10
503 -10
504 -17
505 -12
506 -12
507 -17
508 -33
509 -11
510 -13
511 -12
512 -11
513 -12
514 -17
515 -17
516 -12
517 -17
518 -12
519 -10
520 -10
521 -12
522 -11
523 -11
524 -17
525 -12
526 -17
527 -11
528 -12
529 -15
530 -12
531 -17
532 -17
533 -12
534 -17
535 -47
536 -18
537 -17
538 -17
539 -17
540 -11
541 -10
542 -17
543 -17
544 -12
545 -12
546 -10
547 -17
548 -11
549 -17
550 -17
551 -12
552 -12
553 -17
554 -17
555 -12
556 -17
557 -11
558 -11
559 -17
560 -17
561 -12
562 -10
563 -17
564 -10
565 -10
566 -12
567 -11
568 -10
569 -11
570 -17
571 -10
572 -17
573 -12
574 -11
575 -12
576 -11
577 -10
578 -11
579 -17
580 -12
581 -10
582 -12
583 -17
584 -12
585 -22
586 -12
587 -10
588 -11
589 -17
590 -11
591 -11
592 -10
593 -10
594 -11
595 -17
596 -17
597 -11
598 -17
599 -17
600 -16
601 -10
602 -12
603 -12
604 -17
605 -10
606 -10
607 -17
608 -11
609 -10
610 -12
611 -16
612 -10
613 -12
614 -17
615 -17
616 -15
617 -12
618 -14
619 -17
620 -10
621 -17
622 -10
623 -17
624 -11
625 -11
626 -10
627 -12
628 -17
629 -12
630 -17
631 -12
632 -10
633 -12
634 -12
635 -12
636 -17
637 -10
638 -12
639 -10
640 -17
641 -11
642 -11
643 -17
644 -13
645 -10
646 -17
647 -11
648 -11
649 -10
650 -12
651 -11
652 -11
653 -10
654 -17
655 -11
656 -17
657 -11
658 -11
659 -12
660 -17
661 -11
662 -15
663 -12
664 -11
665 -11
666 -15
667 -11
668 -17
669 -17
670 -11
671 -11
672 -11
673 -10
674 -17
675 -17
676 -10
677 -11
678 -17
679 -17
680 -17
681 -17
682 -12
683 -17
684 -10
685 -17
686 -10
687 -11
688 -10
689 -21
690 -55
691 -12
692 -17
693 -42
694 -11
695 -11
696 -10
697 -17
698 -12
699 -12
700 -12
701 -11
702 -10
703 -11
704 -17
705 -17
706 -12
707 -10
708 -17
709 -11
710 -13
711 -17
712 -12
713 -10
714 -17
715 -10
716 -11
717 -17
718 -10
719 -11
720 -11
721 -12
722 -11
723 -12
724 -17
725 -17
726 -10
727 -10
728 -10
729 -11
730 -12
731 -10
732 -17
733 -17
734 -41
735 -17
736 -17
737 -17
738 -12
739 -17
740 -10
741 -17
742 -10
743 -12
744 -10
745 -17
746 -10
747 -17
748 -10
749 -12
750 -11
751 -12
752 -12
753 -11
754 -17
755 -24
756 -11
757 -14
758 -11
759 -17
760 -17
761 -17
762 -17
763 -17
764 -17
765 -11
766 -17
767 -17
768 -17
769 -12
770 -10
771 -17
772 -41
773 -12
774 -10
775 -12
776 -11
777 -12
778 -11
779 -17
780 -12
781 -17
782 -12
783 -17
784 -17
785 -12
786 -11
787 -77
788 -11
789 -10
790 -10
791 -17
792 -11
793 -17
794 -17
795 -17
796 -17
797 -66
798 -10
799 -18
800 -12
801 -17
802 -12
803 -12
804 -12
805 -17
806 -10
807 -17
808 -15
809 -17
810 -12
811 -10
812 -17
813 -12
814 -17
815 -17
816 -14
817 -46
818 -17
819 -11
820 -17
821 -10
822 -17
823 -17
824 -17
825 -17
826 -10
827 -17
828 -11
829 -11
830 -17
831 -17
832 -17
833 -17
834 -17
835 -10
836 -11
837 -14
838 -17
839 -17
840 -10
841 -17
842 -17
843 -17
844 -11
845 -11
846 -17
847 -17
848 -12
849 -17
850 -10
851 -17
852 -17
853 -17
854 -12
855 -10
856 -17
857 -17
858 -10
859 -10
860 -17
861 -10
862 -17
863 -17
864 -17
865 -17
866 -11
867 -10
868 -17
869 -17
870 -14
871 -15
872 -11
873 -10
874 -12
875 -17
876 -17
877 -21
878 -17
879 -12
880 -17
881 -17
882 -17
883 -11
884 -30
885 -17
886 -11
887 -17
888 -10
889 -17
890 -10
891 -17
892 -12
893 -21
894 -10
895 -12
896 -17
897 -17
898 -17
899 -17
900 -17
901 -17
902 -12
903 -11
904 -11
905 -10
906 -17
907 -11
908 -11
909 -12
910 -10
911 -17
912 -11
913 -10
914 -10
915 -12
916 -10
917 -17
918 -10
919 -13
920 -10
921 -17
922 -11
923 -10
924 -17
925 -17
926 -17
927 -12
928 -17
929 -17
930 -17
931 -23
932 -17
933 -12
934 -10
935 -17
936 -17
937 -17
938 -10
939 -10
940 -11
941 -10
942 -11
943 -11
944 -11
945 -11
946 -17
947 -17
948 -12
949 -10
950 -17
951 -17
952 -12
953 -17
954 -10
955 -12
956 -10
957 -12
958 -11
959 -12
960 -17
961 -17
962 -17
963 -11
964 -10
965 -17
966 -17
967 -10
968 -17
969 -13
970 -17
971 -18
972 -12
973 -11
974 -17
975 -17
976 -17
977 -17
978 -17
979 -17
980 -10
981 -17
982 -17
983 -17
984 -17
985 -12
986 -13
987 -12
988 -10
989 -10
990 -17
991 -17
992 -20
993 -11
994 -16
995 -17
996 -17
997 -12
998 -17
999 -17
