0 -10
1 -11
2 -10
3 -17
4 -13
5 -10
6 -10
7 -13
8 -11
9 -11
10 -11
11 -12
12 -11
13 -13
14 -15
15 -10
16 -13
17 -11
18 -10
19 -10
20 -12
21 -15
22 -12
23 -13
24 -13
25 -11
26 -10
27 -10
28 -13
29 -10
30 -13
31 -13
32 -10
33 -11
34 -13
35 -13
36 -17
37 -13
38 -11
39 -13
40 -11
41 -12
42 -13
43 -13
44 -10
45 -10
46 -10
47 -10
48 -13
49 -12
50 -13
51 -13
52 -12
53 -13
54 -13
55 -10
56 -11
57 -11
58 -13
59 -11
60 -13
61 -11
62 -12
63 -10
64 -12
65 -11
66 -10
67 -10
68 -12
69 -13
70 -13
71 -13
72 -11
73 -12
74 -12
75 -11
76 -10
77 -10
78 -12
79 -10
80 -13
81 -10
82 -12
83 -10
84 -13
85 -13
86 -11
87 -11
88 -10
89 -11
90 -10
91 -11
92 -12
93 -12
94 -13
95 -10
96 -13
97 -12
98 -12
99 -10
100 -11
101 -12
102 -16
103 -11
104 -11
105 -13
106 -11
107 -12
108 -13
109 -13
110 -13
111 -13
112 -11
113 -16
114 -11
115 -10
116 -10
117 -11
118 -11
119 -10
120 -11
121 -13
122 -13
123 -12
124 -13
125 -13
126 -13
127 -10
128 -13
129 -12
130 -13
131 -10
132 -10
133 -10
134 -13
135 -10
136 -13
137 -13
138 -13
139 -11
140 -19
141 -10
142 -13
143 -13
144 -10
145 -11
146 -12
147 -11
148 -12
149 -21
150 -12
151 -11
152 -12
153 -10
154 -13
155 -10
156 -10
157 -13
158 -13
159 -10
160 -13
161 -13
162 -11
163 -13
164 -13
165 -10
166 -11
167 -13
168 -12
169 -13
170 -13
171 -13
172 -13
173 -13
174 -13
175 -12
176 -13
177 -10
178 -13
179 -13
180 -14
181 -13
182 -10
183 -11
184 -11
185 -10
186 -13
187 -13
188 -13
189 -11
190 -18
191 -10
192 -12
193 -12
194 -10
195 -12
196 -13
197 -11
198 -13
199 -13
200 -12
201 -13
202 -10
203 -13
204 -13
205 -10
206 -11
207 -13
208 -13
209 -13
210 -11
211 -13
212 -13
213 -12
214 -12
215 -13
216 -13
217 -12
218 -12
219 -10
220 -11
221 -11
222 -13
223 -12
224 -12
225 -11
226 -13
227 -9
228 -13
229 -9
230 -13
231 -13
232 -12
233 -13
234 -12
235 -17
236 -12
237 -13
238 -10
239 -13
240 -11
241 -10
242 -10
243 -12
244 -13
245 -10
246 -13
247 -13
248 -12
249 -13
250 -13
251 -12
252 -10
253 -12
254 -12
255 -13
256 -11
257 -10
258 -13
259 -10
260 -12
261 -13
262 -11
263 -13
264 -13
265 -11
266 -12
267 -13
268 -13
269 -17
270 -11
271 -12
272 -11
273 -11
274 -12
275 -10
276 -17
277 -12
278 -10
279 -12
280 -10
281 -11
282 -10
283 -13
284 -13
285 -11
286 -13
287 -10
288 -14
289 -11
290 -10
291 -13
292 -17
293 -12
294 -10
295 -13
296 -12
297 -10
298 -12
299 -11
300 -11
301 -13
302 -12
303 -13
304 -13
305 -10
306 -13
307 -11
308 -13
309 -11
310 -13
311 -15
312 -13
313 -11
314 -13
315 -10
316 -10
317 -13
318 -13
319 -11
320 -13
321 -10
322 -13
323 -13
324 -13
325 -10
326 -11
327 -13
328 -11
329 -11
330 -11
331 -13
332 -10
333 -13
334 -13
335 -13
336 -12
337 -12
338 -13
339 -11
340 -17
341 -13
342 -13
343 -13
344 -10
345 -12
346 -10
347 -13
348 -12
349 -13
350 -10
351 -11
352 -13
353 -10
354 -11
355 -12
356 -13
357 -102
358 -13
359 -12
360 -15
361 -10
362 -13
363 -12
364 -10
365 -10
366 -11
367 -13
368 -12
369 -13
370 -13
371 -10
372 -12
373 -13
374 -12
375 -10
376 -13
377 -12
378 -13
379 -13
380 -13
381 -12
382 -13
383 -12
384 -13
385 -13
386 -13
387 -12
388 -13
389 -11
390 -13
391 -12
392 -10
393 -10
394 -10
395 -10
396 -10
397 -12
398 -13
399 -11
400 -10
401 -10
402 -13
403 -12
404 -12
405 -13
406 -10
407 -12
408 -10
409 -17
410 -13
411 -16
412 -13
413 -11
414 -11
415 -11
416 -13
417 -13
418 -10
419 -11
420 -17
421 -10
422 -13
423 -12
424 -13
425 -13
426 -12
427 -11
428 -12
429 -11
430 -10
431 -12
432 -11
433 -10
434 -13
435 -12
436 -10
437 -11
438 -10
439 -13
440 -11
441 -13
442 -13
443 -10
444 -13
445 -12
446 -10
447 -12
448 -13
449 -11
450 -12
451 -12
452 -10
453 -13
454 -13
455 -13
456 -13
457 -13
458 -13
459 -12
460 -13
461 -17
462 -10
463 -13
464 -11
465 -13
466 -12
467 -13
468 -17
469 -13
470 -13
471 -13
472 -10
473 -13
474 -12
475 -13
476 -12
477 -10
478 -19
479 -12
480 -12
481 -13
482 -11
483 -13
484 -11
485 -12
486 -13
487 -13
488 -13
489 -11
490 -12
491 -13
492 -11
493 -13
494 -13
495 -13
496 -13
497 -11
498 -10
499 -10
500 -13
501 -13
502 -12
503 -11
504 -13
505 -10
506 -13
507 -12
508 -13
509 -13
510 -12
511 -11
512 -13
513 -11
514 -10
515 -11
516 -11
517 -19
518 -10
519 -13
520 -13
521 -13
522 -12
523 -10
524 -13
525 -12
526 -11
527 -10
528 -13
529 -13
530 -12
531 -13
532 -12
533 -13
534 -11
535 -13
536 -13
537 -13
538 -13
539 -10
540 -13
541 -12
542 -13
543 -13
544 -11
545 -13
546 -13
547 -11
548 -11
549 -10
550 -10
551 -11
552 -13
553 -11
554 -13
555 -11
556 -13
557 -10
558 -11
559 -11
560 -10
561 -10
562 -13
563 -12
564 -10
565 -12
566 -12
567 -13
568 -13
569 -13
570 -12
571 -13
572 -11
573 -12
574 -12
575 -15
576 -13
577 -12
578 -10
579 -15
580 -10
581 -13
582 -11
583 -13
584 -11
585 -13
586 -13
587 -12
588 -11
589 -13
590 -11
591 -12
592 -20
593 -13
594 -10
595 -11
596 -12
597 -13
598 -13
599 -13
600 -11
601 -11
602 -14
603 -10
604 -9
605 -11
606 -11
607 -13
608 -13
609 -10
610 -12
611 -13
612 -11
613 -13
614 -13
615 -13
616 -13
617 -13
618 -10
619 -13
620 -12
621 -13
622 -12
623 -13
624 -12
625 -10
626 -13
627 -12
628 -11
629 -10
630 -13
631 -11
632 -17
633 -13
634 -13
635 -11
636 -12
637 -10
638 -13
639 -13
640 -12
641 -11
642 -12
643 -13
644 -12
645 -13
646 -13
647 -13
648 -13
649 -11
650 -12
651 -13
652 -13
653 -13
654 -10
655 -13
656 -11
657 -12
658 -17
659 -13
660 -12
661 -10
662 -12
663 -13
664 -13
665 -13
666 -12
667 -9
668 -12
669 -13
670 -13
671 -13
672 -12
673 -13
674 -12
675 -19
676 -11
677 -11
678 -13
679 -11
680 -13
681 -10
682 -10
683 -13
684 -12
685 -13
686 -13
687 -13
688 -11
689 -11
690 -10
691 -12
692 -12
693 -10
694 -13
695 -13
696 -12
697 -11
698 -11
699 -13
700 -12
701 -9
702 -11
703 -11
704 -11
705 -13
706 -13
707 -11
708 -11
709 -20
710 -12
711 -13
712 -13
713 -10
714 -12
715 -13
716 -12
717 -13
718 -11
719 -12
720 -11
721 -13
722 -11
723 -11
724 -13
725 -13
726 -13
727 -13
728 -13
729 -13
730 -15
731 -17
732 -12
733 -10
734 -14
735 -10
736 -13
737 -14
738 -13
739 -13
740 -11
741 -10
742 -13
743 -13
744 -13
745 -13
746 -13
747 -10
748 -11
749 -13
750 -15
751 -12
752 -10
753 -11
754 -13
755 -13
756 -19
757 -13
758 -12
759 -22
760 -17
761 -12
762 -10
763 -11
764 -11
765 -13
766 -13
767 -12
768 -14
769 -11
770 -13
771 -12
772 -12
773 -10
774 -11
775 -12
776 -12
777 -13
778 -12
779 -10
780 -13
781 -10
782 -12
783 -12
784 -10
785 -16
786 -13
787 -13
788 -12
789 -10
790 -13
791 -12
792 -10
793 -13
794 -11
795 -13
796 -12
797 -11
798 -10
799 -20
800 -16
801 -13
802 -32
803 -10
804 -11
805 -13
806 -12
807 -10
808 -10
809 -11
810 -13
811 -16
812 -13
813 -11
814 -10
815 -12
816 -10
817 -12
818 -13
819 -10
820 -10
821 -14
822 -12
823 -13
824 -10
825 -11
826 -11
827 -12
828 -10
829 -19
830 -9
831 -10
832 -13
833 -12
834 -13
835 -13
836 -11
837 -13
838 -13
839 -13
840 -12
841 -12
842 -13
843 -12
844 -17
845 -13
846 -13
847 -14
848 -11
849 -10
850 -12
851 -20
852 -10
853 -10
854 -13
855 -13
856 -10
857 -12
858 -11
859 -10
860 -12
861 -12
862 -11
863 -13
864 -10
865 -12
866 -13
867 -11
868 -13
869 -13
870 -13
871 -12
872 -10
873 -13
874 -12
875 -13
876 -13
877 -13
878 -10
879 -13
880 -11
881 -11
882 -10
883 -12
884 -10
885 -11
886 -11
887 -12
888 -12
889 -10
890 -13
891 -13
892 -11
893 -13
894 -10
895 -13
896 -16
897 -11
898 -10
899 -11
900 -13
901 -13
902 -11
903 -12
904 -10
905 -11
906 -13
907 -12
908 -13
909 -12
910 -13
911 -13
912 -13
913 -10
914 -13
915 -12
916 -11
917 -13
918 -12
919 -13
920 -10
921 -11
922 -11
923 -43
924 -13
925 -10
926 -13
927 -12
928 -13
929 -11
930 -13
931 -13
932 -10
933 -13
934 -12
935 -10
936 -13
937 -13
938 -16
939 -13
940 -13
941 -13
942 -10
943 -11
944 -13
945 -12
946 -13
947 -13
948 -11
949 -11
950 -11
951 -13
952 -10
953 -12
954 -10
955 -13
956 -66
957 -10
958 -13
959 -12
960 -12
961 -11
962 -10
963 -11
964 -13
965 -13
966 -11
967 -13
968 -12
969 -11
970 -12
971 -12
972 -11
973 -13
974 -14
975 -12
976 -10
977 -13
978 -13
979 -10
980 -13
981 -10
982 -13
983 -13
984 -13
985 -11
986 -12
987 -13
988 -10
989 -12
990 -10
991 -13
992 -10
993 -13
994 -10
995 -13
996 -13
997 -13
998 -13
999 -12
