0 -11
1 -12
2 -13
3 -11
4 -11
5 -13
6 -11
7 -17
8 -13
9 -13
10 -27
11 -12
12 -13
13 -12
14 -13
15 -11
16 -13
17 -12
18 -11
19 -11
20 -13
21 -12
22 -63
23 -12
24 -11
25 -13
26 -12
27 -10
28 -11
29 -12
30 -13
31 -12
32 -11
33 -10
34 -12
35 -13
36 -10
37 -12
38 -13
39 -12
40 -13
41 -12
42 -11
43 -13
44 -12
45 -10
46 -10
47 -10
48 -11
49 -10
50 -11
51 -13
52 -13
53 -13
54 -11
55 -11
56 -13
57 -10
58 -13
59 -10
60 -10
61 -13
62 -10
63 -10
64 -13
65 -12
66 -11
67 -13
68 -13
69 -13
70 -12
71 -11
72 -15
73 -10
74 -13
75 -12
76 -11
77 -11
78 -10
79 -13
80 -11
81 -11
82 -11
83 -11
84 -12
85 -11
86 -13
87 -13
88 -12
89 -10
90 -11
91 -11
92 -13
93 -12
94 -11
95 -11
96 -13
97 -13
98 -12
99 -11
100 -15
101 -10
102 -12
103 -11
104 -10
105 -10
106 -10
107 -13
108 -13
109 -13
110 -12
111 -10
112 -13
113 -14
114 -13
115 -11
116 -10
117 -13
118 -11
119 -13
120 -12
121 -13
122 -11
123 -13
124 -10
125 -11
126 -12
127 -11
128 -10
129 -10
130 -10
131 -10
132 -13
133 -10
134 -13
135 -13
136 -12
137 -12
138 -13
139 -13
140 -11
141 -12
142 -13
143 -16
144 -13
145 -11
146 -12
147 -12
148 -13
149 -10
150 -12
151 -13
152 -13
153 -11
154 -13
155 -10
156 -13
157 -10
158 -13
159 -13
160 -13
161 -12
162 -13
163 -12
164 -13
165 -12
166 -11
167 -10
168 -13
169 -10
170 -10
171 -12
172 -13
173 -15
174 -10
175 -13
176 -12
177 -13
178 -12
179 -13
180 -12
181 -13
182 -13
183 -11
184 -13
185 -12
186 -12
187 -13
188 -11
189 -12
190 -11
191 -11
192 -13
193 -11
194 -10
195 -11
196 -11
197 -11
198 -10
199 -13
200 -14
201 -13
202 -13
203 -12
204 -13
205 -10
206 -11
207 -13
208 -11
209 -10
210 -13
211 -29
212 -13
213 -17
214 -12
215 -12
216 -12
217 -13
218 -10
219 -13
220 -10
221 -11
222 -12
223 -13
224 -10
225 -11
226 -13
227 -13
228 -13
229 -11
230 -12
231 -13
232 -13
233 -13
234 -11
235 -12
236 -10
237 -13
238 -10
239 -11
240 -17
241 -13
242 -11
243 -10
244 -10
245 -13
246 -10
247 -10
248 -13
249 -11
250 -10
251 -13
252 -13
253 -13
254 -10
255 -13
256 -11
257 -13
258 -13
259 -12
260 -10
261 -12
262 -12
263 -13
264 -10
265 -12
266 -13
267 -13
268 -13
269 -13
270 -13
271 -13
272 -13
273 -13
274 -13
275 -11
276 -13
277 -13
278 -13
279 -13
280 -13
281 -10
282 -10
283 -12
284 -13
285 -14
286 -11
287 -10
288 -13
289 -13
290 -13
291 -13
292 -13
293 -13
294 -11
295 -13
296 -11
297 -12
298 -13
299 -13
300 -13
301 -10
302 -13
303 -13
304 -13
305 -11
306 -13
307 -11
308 -12
309 -13
310 -13
311 -13
312 -13
313 -12
314 -13
315 -10
316 -13
317 -11
318 -12
319 -13
320 -12
321 -13
322 -13
323 -10
324 -13
325 -10
326 -10
327 -13
328 -10
329 -13
330 -11
331 -12
332 -10
333 -11
334 -12
335 -13
336 -11
337 -13
338 -12
339 -10
340 -11
341 -11
342 -10
343 -10
344 -13
345 -10
346 -17
347 -13
348 -10
349 -10
350 -10
351 -11
352 -13
353 -13
354 -12
355 -12
356 -16
357 -10
358 -12
359 -13
360 -10
361 -13
362 -10
363 -13
364 -13
365 -11
366 -13
367 -13
368 -11
369 -13
370 -11
371 -13
372 -12
373 -13
374 -13
375 -13
376 -10
377 -12
378 -13
379 -13
380 -12
381 -11
382 -12
383 -11
384 -13
385 -10
386 -10
387 -13
388 -12
389 -10
390 -12
391 -15
392 -13
393 -10
394 -12
395 -12
396 -11
397 -13
398 -13
399 -13
400 -11
401 -11
402 -13
403 -13
404 -13
405 -14
406 -13
407 -10
408 -12
409 -13
410 -12
411 -12
412 -13
413 -11
414 -10
415 -12
416 -10
417 -12
418 -10
419 -13
420 -11
421 -13
422 -11
423 -16
424 -13
425 -13
426 -12
427 -12
428 -13
429 -13
430 -12
431 -18
432 -12
433 -12
434 -13
435 -10
436 -12
437 -13
438 -13
439 -11
440 -11
441 -13
442 -11
443 -13
444 -13
445 -12
446 -13
447 -10
448 -13
449 -10
450 -10
451 -11
452 -13
453 -12
454 -13
455 -13
456 -13
457 -12
458 -11
459 -13
460 -12
461 -13
462 -12
463 -13
464 -10
465 -13
466 -12
467 -13
468 -13
469 -10
470 -13
471 -13
472 -10
473 -13
474 -17
475 -13
476 -12
477 -13
478 -10
479 -12
480 -13
481 -11
482 -11
483 -11
484 -10
485 -11
486 -13
487 -13
488 -13
489 -12
490 -11
491 -23
492 -13
493 -11
494 -11
495 -10
496 -13
497 -13
498 -13
499 -15
500 -11
501 -11
502 -13
503 -10
504 -10
505 -11
506 -10
507 -11
508 -13
509 -13
510 -13
511 -13
512 -12
513 -10
514 -12
515 -10
516 -10
517 -12
518 -13
519 -12
520 -16
521 -13
522 -11
523 -10
524 -12
525 -13
526 -12
527 -13
528 -13
529 -10
530 -12
531 -13
532 -11
533 -12
534 -13
535 -11
536 -11
537 -16
538 -12
539 -13
540 -13
541 -13
542 -12
543 -13
544 -10
545 -13
546 -12
547 -13
548 -11
549 -13
550 -13
551 -17
552 -15
553 -12
554 -12
555 -13
556 -11
557 -13
558 -13
559 -12
560 -11
561 -12
562 -12
563 -13
564 -13
565 -11
566 -13
567 -13
568 -13
569 -13
570 -11
571 -11
572 -13
573 -13
574 -10
575 -13
576 -12
577 -13
578 -10
579 -13
580 -14
581 -11
582 -12
583 -11
584 -11
585 -12
586 -11
587 -13
588 -13
589 -13
590 -12
591 -13
592 -13
593 -13
594 -13
595 -12
596 -13
597 -12
598 -11
599 -13
600 -13
601 -10
602 -10
603 -13
604 -11
605 -13
606 -12
607 -12
608 -11
609 -13
610 -10
611 -17
612 -13
613 -10
614 -11
615 -13
616 -12
617 -11
618 -10
619 -11
620 -11
621 -12
622 -10
623 -10
624 -10
625 -10
626 -12
627 -11
628 -10
629 -12
630 -11
631 -13
632 -11
633 -12
634 -12
635 -12
636 -13
637 -10
638 -13
639 -11
640 -13
641 -11
642 -13
643 -11
644 -13
645 -12
646 -12
647 -13
648 -11
649 -12
650 -13
651 -13
652 -11
653 -13
654 -13
655 -12
656 -13
657 -11
658 -12
659 -10
660 -13
661 -13
662 -11
663 -11
664 -10
665 -13
666 -10
667 -10
668 -12
669 -10
670 -11
671 -12
672 -10
673 -13
674 -10
675 -13
676 -11
677 -10
678 -11
679 -13
680 -10
681 -13
682 -11
683 -13
684 -13
685 -12
686 -11
687 -12
688 -12
689 -11
690 -13
691 -13
692 -10
693 -12
694 -13
695 -14
696 -10
697 -11
698 -12
699 -11
700 -13
701 -12
702 -12
703 -11
704 -13
705 -13
706 -10
707 -13
708 -12
709 -10
710 -11
711 -10
712 -13
713 -11
714 -11
715 -10
716 -10
717 -11
718 -13
719 -11
720 -10
721 -13
722 -12
723 -12
724 -14
725 -12
726 -11
727 -12
728 -10
729 -12
730 -12
731 -13
732 -12
733 -12
734 -14
735 -11
736 -11
737 -11
738 -13
739 -12
740 -10
741 -12
742 -11
743 -12
744 -10
745 -11
746 -11
747 -10
748 -11
749 -12
750 -12
751 -12
752 -21
753 -12
754 -12
755 -24
756 -10
757 -12
758 -11
759 -10
760 -13
761 -10
762 -11
763 -13
764 -11
765 -11
766 -17
767 -13
768 -13
769 -13
770 -10
771 -10
772 -11
773 -10
774 -13
775 -12
776 -14
777 -13
778 -13
779 -13
780 -10
781 -11
782 -11
783 -13
784 -12
785 -13
786 -10
787 -13
788 -12
789 -10
790 -13
791 -10
792 -13
793 -12
794 -13
795 -13
796 -13
797 -13
798 -12
799 -10
800 -10
801 -10
802 -10
803 -13
804 -13
805 -10
806 -11
807 -11
808 -13
809 -13
810 -13
811 -12
812 -11
813 -11
814 -12
815 -12
816 -13
817 -12
818 -13
819 -13
820 -11
821 -11
822 -12
823 -12
824 -13
825 -12
826 -13
827 -10
828 -13
829 -13
830 -13
831 -10
832 -13
833 -10
834 -13
835 -13
836 -11
837 -11
838 -13
839 -12
840 -12
841 -13
842 -10
843 -11
844 -10
845 -11
846 -13
847 -11
848 -11
849 -13
850 -12
851 -11
852 -10
853 -11
854 -12
855 -12
856 -11
857 -12
858 -12
859 -12
860 -13
861 -12
862 -10
863 -13
864 -10
865 -11
866 -13
867 -11
868 -10
869 -13
870 -10
871 -11
872 -10
873 -12
874 -13
875 -13
876 -11
877 -13
878 -10
879 -11
880 -13
881 -12
882 -13
883 -13
884 -12
885 -10
886 -11
887 -12
888 -13
889 -13
890 -11
891 -10
892 -11
893 -11
894 -12
895 -12
896 -10
897 -12
898 -11
899 -13
900 -11
901 -10
902 -13
903 -12
904 -10
905 -13
906 -10
907 -11
908 -13
909 -11
910 -11
911 -13
912 -10
913 -10
914 -11
915 -13
916 -13
917 -13
918 -13
919 -11
920 -12
921 -10
922 -12
923 -13
924 -12
925 -10
926 -12
927 -13
928 -12
929 -13
930 -13
931 -12
932 -11
933 -13
934 -12
935 -12
936 -11
937 -13
938 -15
939 -11
940 -13
941 -13
942 -12
943 -13
944 -12
945 -10
946 -13
947 -13
948 -11
949 -13
950 -11
951 -13
952 -13
953 -11
954 -13
955 -12
956 -13
957 -13
958 -12
959 -11
960 -13
961 -17
962 -13
963 -13
964 -12
965 -13
966 -10
967 -13
968 -11
969 -13
970 -12
971 -12
972 -13
973 -13
974 -10
975 -13
976 -10
977 -13
978 -13
979 -12
980 -12
981 -13
982 -11
983 -13
984 -13
985 -12
986 -12
987 -10
988 -12
989 -11
990 -11
991 -13
992 -13
993 -11
994 -11
995 -14
996 -10
997 -13
998 -12
999 -13
