0 -16
1 -10
2 -12
3 -13
4 -13
5 -13
6 -12
7 -13
8 -13
9 -12
10 -10
11 -14
12 -13
13 -13
14 -11
15 -12
16 -12
17 -13
18 -10
19 -10
20 -17
21 -13
22 -11
23 -14
24 -13
25 -13
26 -11
27 -12
28 -12
29 -13
30 -13
31 -13
32 -10
33 -11
34 -13
35 -12
36 -13
37 -13
38 -13
39 -13
40 -10
41 -13
42 -13
43 -10
44 -13
45 -12
46 -12
47 -14
48 -10
49 -13
50 -11
51 -10
52 -13
53 -13
54 -10
55 -12
56 -13
57 -12
58 -13
59 -12
60 -10
61 -13
62 -10
63 -12
64 -13
65 -10
66 -10
67 -13
68 -11
69 -10
70 -10
71 -11
72 -10
73 -13
74 -13
75 -13
76 -12
77 -11
78 -17
79 -21
80 -12
81 -13
82 -13
83 -11
84 -10
85 -12
86 -13
87 -10
88 -12
89 -13
90 -17
91 -13
92 -11
93 -13
94 -12
95 -11
96 -13
97 -12
98 -12
99 -13
100 -13
101 -10
102 -12
103 -10
104 -11
105 -13
106 -10
107 -13
108 -10
109 -13
110 -13
111 -10
112 -13
113 -13
114 -12
115 -14
116 -12
117 -11
118 -10
119 -10
120 -10
121 -12
122 -12
123 -12
124 -12
125 -13
126 -12
127 -11
128 -11
129 -12
130 -12
131 -13
132 -12
133 -12
134 -11
135 -13
136 -12
137 -11
138 -13
139 -13
140 -13
141 -10
142 -13
143 -11
144 -10
145 -11
146 -15
147 -13
148 -13
149 -13
150 -12
151 -13
152 -10
153 -13
154 -12
155 -10
156 -13
157 -11
158 -10
159 -13
160 -11
161 -13
162 -13
163 -13
164 -10
165 -15
166 -11
167 -13
168 -12
169 -13
170 -13
171 -13
172 -13
173 -16
174 -11
175 -13
176 -10
177 -11
178 -11
179 -12
180 -11
181 -15
182 -13
183 -13
184 -13
185 -13
186 -13
187 -13
188 -10
189 -13
190 -12
191 -13
192 -12
193 -12
194 -10
195 -13
196 -13
197 -11
198 -13
199 -13
200 -11
201 -11
202 -10
203 -12
204 -13
205 -12
206 -10
207 -11
208 -12
209 -13
210 -13
211 -10
212 -11
213 -12
214 -11
215 -10
216 -13
217 -12
218 -13
219 -13
220 -11
221 -13
222 -10
223 -13
224 -11
225 -13
226 -13
227 -17
228 -11
229 -11
230 -10
231 -13
232 -10
233 -11
234 -10
235 -10
236 -12
237 -13
238 -11
239 -13
240 -13
241 -11
242 -13
243 -13
244 -10
245 -13
246 -13
247 -13
248 -13
249 -13
250 -13
251 -11
252 -10
253 -13
254 -13
255 -10
256 -13
257 -13
258 -10
259 -11
260 -11
261 -10
262 -10
263 -11
264 -13
265 -12
266 -12
267 -10
268 -12
269 -13
270 -10
271 -11
272 -11
273 -12
274 -13
275 -13
276 -13
277 -12
278 -13
279 -12
280 -10
281 -11
282 -13
283 -13
284 -9
285 -12
286 -13
287 -13
288 -11
289 -11
290 -13
291 -13
292 -13
293 -10
294 -11
295 -13
296 -13
297 -10
298 -13
299 -11
300 -11
301 -12
302 -13
303 -10
304 -12
305 -13
306 -10
307 -11
308 -10
309 -10
310 -12
311 -13
312 -10
313 -13
314 -13
315 -11
316 -12
317 -11
318 -13
319 -13
320 -11
321 -13
322 -11
323 -12
324 -10
325 -13
326 -12
327 -13
328 -13
329 -10
330 -13
331 -13
332 -13
333 -12
334 -13
335 -13
336 -11
337 -12
338 -12
339 -11
340 -17
341 -11
342 -12
343 -12
344 -12
345 -13
346 -13
347 -13
348 -13
349 -10
350 -11
351 -11
352 -12
353 -13
354 -13
355 -13
356 -11
357 -11
358 -13
359 -11
360 -12
361 -12
362 -13
363 -13
364 -10
365 -11
366 -10
367 -10
368 -10
369 -11
370 -12
371 -12
372 -12
373 -12
374 -11
375 -13
376 -13
377 -10
378 -14
379 -10
380 -12
381 -12
382 -10
383 -10
384 -12
385 -13
386 -13
387 -18
388 -10
389 -11
390 -13
391 -11
392 -10
393 -13
394 -13
395 -11
396 -12
397 -10
398 -10
399 -10
400 -12
401 -13
402 -10
403 -13
404 -12
405 -13
406 -17
407 -13
408 -11
409 -12
410 -13
411 -13
412 -10
413 -13
414 -10
415 -11
416 -13
417 -13
418 -12
419 -13
420 -13
421 -13
422 -12
423 -11
424 -10
425 -11
426 -13
427 -11
428 -11
429 -13
430 -13
431 -12
432 -11
433 -12
434 -17
435 -13
436 -10
437 -12
438 -11
439 -13
440 -13
441 -12
442 -13
443 -12
444 -12
445 -12
446 -13
447 -12
448 -28
449 -13
450 -13
451 -11
452 -10
453 -13
454 -13
455 -13
456 -12
457 -16
458 -12
459 -11
460 -11
461 -10
462 -11
463 -13
464 -10
465 -11
466 -11
467 -11
468 -13
469 -12
470 -12
471 -11
472 -13
473 -11
474 -11
475 -12
476 -11
477 -11
478 -12
479 -12
480 -19
481 -43
482 -13
483 -13
484 -12
485 -11
486 -11
487 -12
488 -10
489 -13
490 -13
491 -10
492 -12
493 -17
494 -12
495 -13
496 -13
497 -11
498 -11
499 -11
500 -12
501 -11
502 -10
503 -13
504 -10
505 -11
506 -13
507 -12
508 -10
509 -12
510 -12
511 -12
512 -11
513 -12
514 -13
515 -13
516 -12
517 -10
518 -13
519 -13
520 -13
521 -11
522 -13
523 -13
524 -11
525 -10
526 -13
527 -13
528 -17
529 -11
530 -12
531 -11
532 -10
533 -12
534 -10
535 -13
536 -10
537 -11
538 -10
539 -17
540 -13
541 -12
542 -10
543 -13
544 -10
545 -12
546 -10
547 -10
548 -13
549 -12
550 -11
551 -13
552 -13
553 -11
554 -11
555 -10
556 -13
557 -11
558 -16
559 -13
560 -12
561 -12
562 -10
563 -13
564 -12
565 -11
566 -11
567 -12
568 -12
569 -13
570 -12
571 -12
572 -12
573 -13
574 -12
575 -12
576 -10
577 -11
578 -13
579 -11
580 -13
581 -13
582 -13
583 -13
584 -11
585 -13
586 -13
587 -13
588 -10
589 -13
590 -12
591 -13
592 -13
593 -12
594 -11
595 -10
596 -12
597 -13
598 -10
599 -12
600 -13
601 -10
602 -12
603 -14
604 -13
605 -13
606 -11
607 -13
608 -10
609 -11
610 -13
611 -11
612 -10
613 -11
614 -12
615 -13
616 -13
617 -12
618 -10
619 -10
620 -13
621 -11
622 -14
623 -13
624 -11
625 -14
626 -12
627 -12
628 -13
629 -13
630 -13
631 -13
632 -13
633 -13
634 -13
635 -13
636 -12
637 -13
638 -10
639 -10
640 -13
641 -10
642 -13
643 -13
644 -13
645 -13
646 -11
647 -13
648 -10
649 -10
650 -13
651 -11
652 -10
653 -11
654 -13
655 -11
656 -13
657 -10
658 -12
659 -13
660 -13
661 -10
662 -12
663 -13
664 -13
665 -13
666 -13
667 -13
668 -10
669 -13
670 -13
671 -11
672 -10
673 -13
674 -13
675 -13
676 -10
677 -13
678 -11
679 -13
680 -13
681 -12
682 -10
683 -13
684 -12
685 -10
686 -11
687 -10
688 -10
689 -11
690 -13
691 -13
692 -11
693 -19
694 -12
695 -11
696 -12
697 -11
698 -11
699 -13
700 -11
701 -10
702 -12
703 -13
704 -11
705 -13
706 -16
707 -12
708 -10
709 -13
710 -13
711 -13
712 -11
713 -13
714 -10
715 -10
716 -13
717 -13
718 -10
719 -11
720 -11
721 -12
722 -10
723 -12
724 -11
725 -13
726 -17
727 -12
728 -11
729 -13
730 -13
731 -11
732 -13
733 -11
734 -10
735 -13
736 -12
737 -11
738 -10
739 -11
740 -12
741 -12
742 -13
743 -13
744 -11
745 -12
746 -13
747 -13
748 -12
749 -12
750 -11
751 -11
752 -13
753 -13
754 -12
755 -12
756 -13
757 -13
758 -13
759 -13
760 -13
761 -11
762 -13
763 -13
764 -12
765 -12
766 -11
767 -11
768 -11
769 -13
770 -11
771 -12
772 -11
773 -13
774 -10
775 -13
776 -12
777 -13
778 -10
779 -11
780 -10
781 -12
782 -13
783 -10
784 -10
785 -13
786 -13
787 -13
788 -12
789 -13
790 -11
791 -16
792 -12
793 -13
794 -12
795 -11
796 -12
797 -11
798 -13
799 -16
800 -11
801 -13
802 -16
803 -12
804 -13
805 -14
806 -13
807 -12
808 -13
809 -10
810 -11
811 -11
812 -10
813 -11
814 -13
815 -11
816 -13
817 -13
818 -17
819 -11
820 -13
821 -13
822 -51
823 -47
824 -11
825 -13
826 -12
827 -10
828 -11
829 -12
830 -11
831 -13
832 -11
833 -11
834 -11
835 -12
836 -13
837 -13
838 -12
839 -11
840 -16
841 -12
842 -11
843 -13
844 -13
845 -13
846 -13
847 -13
848 -13
849 -11
850 -10
851 -10
852 -13
853 -13
854 -12
855 -10
856 -12
857 -10
858 -13
859 -10
860 -13
861 -12
862 -10
863 -10
864 -13
865 -13
866 -13
867 -12
868 -13
869 -16
870 -12
871 -11
872 -12
873 -13
874 -13
875 -10
876 -13
877 -10
878 -13
879 -13
880 -13
881 -11
882 -13
883 -13
884 -11
885 -10
886 -13
887 -11
888 -12
889 -12
890 -13
891 -11
892 -13
893 -10
894 -13
895 -12
896 -10
897 -14
898 -13
899 -11
900 -10
901 -13
902 -13
903 -12
904 -11
905 -10
906 -13
907 -11
908 -16
909 -12
910 -13
911 -13
912 -10
913 -12
914 -11
915 -13
916 -13
917 -15
918 -12
919 -13
920 -11
921 -13
922 -14
923 -11
924 -17
925 -11
926 -12
927 -12
928 -13
929 -13
930 -12
931 -11
932 -13
933 -10
934 -10
935 -12
936 -10
937 -13
938 -17
939 -12
940 -12
941 -10
942 -13
943 -10
944 -13
945 -11
946 -13
947 -11
948 -12
949 -10
950 -10
951 -11
952 -13
953 -10
954 -11
955 -13
956 -11
957 -20
958 -12
959 -13
960 -10
961 -13
962 -13
963 -13
964 -11
965 -11
966 -13
967 -10
968 -12
969 -13
970 -12
971 -13
972 -13
973 -10
974 -10
975 -11
976 -12
977 -10
978 -13
979 -13
980 -10
981 -13
982 -10
983 -13
984 -10
985 -13
986 -12
987 -10
988 -10
989 -11
990 -10
991 -13
992 -11
993 -13
994 -11
995 -13
996 -10
997 -11
998 -10
999 -13
