0 -12
1 -16
2 -10
3 -13
4 -10
5 -13
6 -11
7 -13
8 -10
9 -10
10 -10
11 -12
12 -12
13 -10
14 -13
15 -12
16 -13
17 -13
18 -13
19 -13
20 -13
21 -13
22 -11
23 -12
24 -12
25 -11
26 -13
27 -11
28 -13
29 -9
30 -11
31 -10
32 -12
33 -13
34 -12
35 -12
36 -15
37 -13
38 -13
39 -12
40 -12
41 -13
42 -13
43 -13
44 -10
45 -13
46 -10
47 -12
48 -11
49 -12
50 -13
51 -12
52 -10
53 -11
54 -10
55 -12
56 -13
57 -13
58 -13
59 -11
60 -12
61 -10
62 -13
63 -11
64 -19
65 -11
66 -11
67 -10
68 -12
69 -12
70 -13
71 -12
72 -12
73 -10
74 -13
75 -13
76 -13
77 -13
78 -15
79 -10
80 -12
81 -11
82 -13
83 -11
84 -13
85 -11
86 -12
87 -12
88 -12
89 -13
90 -11
91 -10
92 -12
93 -10
94 -10
95 -10
96 -11
97 -13
98 -13
99 -20
100 -13
101 -12
102 -11
103 -13
104 -13
105 -11
106 -11
107 -12
108 -10
109 -13
110 -13
111 -13
112 -12
113 -10
114 -10
115 -11
116 -10
117 -12
118 -10
119 -13
120 -11
121 -12
122 -10
123 -10
124 -12
125 -10
126 -13
127 -13
128 -11
129 -13
130 -12
131 -10
132 -11
133 -13
134 -13
135 -13
136 -12
137 -10
138 -14
139 -13
140 -13
141 -12
142 -13
143 -11
144 -13
145 -13
146 -13
147 -11
148 -12
149 -12
150 -13
151 -13
152 -13
153 -12
154 -17
155 -13
156 -13
157 -13
158 -11
159 -16
160 -13
161 -13
162 -12
163 -13
164 -12
165 -13
166 -13
167 -13
168 -13
169 -12
170 -13
171 -13
172 -10
173 -11
174 -23
175 -13
176 -13
177 -13
178 -10
179 -10
180 -12
181 -10
182 -13
183 -13
184 -12
185 -10
186 -12
187 -13
188 -13
189 -10
190 -14
191 -12
192 -13
193 -11
194 -13
195 -11
196 -11
197 -12
198 -10
199 -13
200 -12
201 -13
202 -13
203 -11
204 -11
205 -13
206 -12
207 -11
208 -10
209 -12
210 -13
211 -11
212 -12
213 -13
214 -13
215 -11
216 -11
217 -14
218 -12
219 -10
220 -11
221 -11
222 -13
223 -13
224 -11
225 -13
226 -10
227 -13
228 -12
229 -12
230 -13
231 -13
232 -11
233 -16
234 -12
235 -10
236 -13
237 -13
238 -11
239 -13
240 -12
241 -13
242 -11
243 -13
244 -12
245 -13
246 -11
247 -13
248 -13
249 -11
250 -13
251 -15
252 -10
253 -13
254 -10
255 -11
256 -10
257 -11
258 -12
259 -12
260 -10
261 -13
262 -12
263 -14
264 -10
265 -11
266 -11
267 -11
268 -13
269 -11
270 -11
271 -13
272 -12
273 -13
274 -10
275 -10
276 -11
277 -13
278 -12
279 -13
280 -12
281 -12
282 -10
283 -10
284 -11
285 -13
286 -13
287 -10
288 -12
289 -13
290 -10
291 -13
292 -13
293 -13
294 -11
295 -13
296 -13
297 -11
298 -11
299 -13
300 -12
301 -16
302 -13
303 -11
304 -11
305 -13
306 -13
307 -13
308 -10
309 -11
310 -12
311 -13
312 -12
313 -13
314 -12
315 -10
316 -11
317 -11
318 -10
319 -13
320 -10
321 -11
322 -13
323 -12
324 -13
325 -13
326 -13
327 -12
328 -13
329 -13
330 -12
331 -11
332 -13
333 -13
334 -12
335 -12
336 -18
337 -10
338 -11
339 -12
340 -11
341 -13
342 -11
343 -10
344 -12
345 -12
346 -13
347 -13
348 -10
349 -12
350 -10
351 -12
352 -13
353 -11
354 -11
355 -10
356 -11
357 -10
358 -13
359 -10
360 -10
361 -11
362 -12
363 -12
364 -11
365 -10
366 -13
367 -13
368 -12
369 -13
370 -13
371 -11
372 -11
373 -13
374 -11
375 -10
376 -12
377 -10
378 -12
379 -13
380 -12
381 -12
382 -12
383 -10
384 -10
385 -12
386 -13
387 -13
388 -13
389 -13
390 -13
391 -13
392 -13
393 -13
394 -12
395 -13
396 -10
397 -10
398 -11
399 -13
400 -11
401 -13
402 -13
403 -13
404 -13
405 -13
406 -14
407 -13
408 -13
409 -10
410 -13
411 -11
412 -12
413 -13
414 -10
415 -13
416 -13
417 -13
418 -11
419 -12
420 -12
421 -11
422 -13
423 -10
424 -10
425 -13
426 -13
427 -13
428 -12
429 -13
430 -10
431 -16
432 -13
433 -12
434 -13
435 -13
436 -10
437 -13
438 -10
439 -11
440 -13
441 -12
442 -11
443 -13
444 -11
445 -13
446 -13
447 -13
448 -12
449 -13
450 -12
451 -10
452 -12
453 -11
454 -13
455 -13
456 -13
457 -12
458 -11
459 -20
460 -12
461 -17
462 -13
463 -10
464 -11
465 -13
466 -10
467 -13
468 -13
469 -11
470 -10
471 -12
472 -13
473 -12
474 -13
475 -10
476 -10
477 -12
478 -11
479 -11
480 -13
481 -10
482 -13
483 -13
484 -13
485 -10
486 -10
487 -11
488 -11
489 -12
490 -12
491 -10
492 -11
493 -10
494 -13
495 -13
496 -13
497 -10
498 -13
499 -11
500 -13
501 -11
502 -13
503 -13
504 -14
505 -13
506 -12
507 -13
508 -11
509 -10
510 -13
511 -11
512 -11
513 -11
514 -13
515 -11
516 -11
517 -13
518 -13
519 -13
520 -13
521 -10
522 -13
523 -13
524 -11
525 -10
526 -11
527 -13
528 -13
529 -13
530 -13
531 -10
532 -13
533 -11
534 -13
535 -13
536 -12
537 -13
538 -13
539 -17
540 -13
541 -12
542 -13
543 -12
544 -13
545 -11
546 -12
547 -13
548 -11
549 -11
550 -10
551 -13
552 -13
553 -13
554 -12
555 -12
556 -12
557 -11
558 -12
559 -13
560 -13
561 -13
562 -11
563 -12
564 -12
565 -13
566 -13
567 -13
568 -18
569 -12
570 -12
571 -10
572 -13
573 -12
574 -13
575 -13
576 -13
577 -14
578 -13
579 -13
580 -12
581 -13
582 -11
583 -11
584 -17
585 -13
586 -11
587 -16
588 -11
589 -13
590 -13
591 -13
592 -13
593 -12
594 -13
595 -12
596 -11
597 -13
598 -11
599 -12
600 -11
601 -13
602 -11
603 -12
604 -13
605 -12
606 -10
607 -13
608 -16
609 -13
610 -13
611 -13
612 -13
613 -11
614 -10
615 -12
616 -13
617 -11
618 -12
619 -12
620 -13
621 -11
622 -10
623 -13
624 -12
625 -12
626 -13
627 -13
628 -12
629 -10
630 -10
631 -11
632 -11
633 -13
634 -13
635 -16
636 -13
637 -13
638 -13
639 -13
640 -11
641 -13
642 -13
643 -13
644 -10
645 -13
646 -13
647 -12
648 -11
649 -11
650 -13
651 -10
652 -11
653 -13
654 -10
655 -13
656 -12
657 -11
658 -13
659 -14
660 -11
661 -13
662 -11
663 -13
664 -13
665 -10
666 -10
667 -13
668 -10
669 -10
670 -13
671 -12
672 -11
673 -13
674 -13
675 -12
676 -13
677 -12
678 -13
679 -13
680 -12
681 -13
682 -13
683 -11
684 -12
685 -12
686 -13
687 -11
688 -13
689 -10
690 -13
691 -10
692 -12
693 -10
694 -13
695 -12
696 -13
697 -12
698 -11
699 -12
700 -11
701 -11
702 -12
703 -12
704 -10
705 -13
706 -10
707 -12
708 -13
709 -13
710 -12
711 -10
712 -11
713 -16
714 -10
715 -12
716 -13
717 -13
718 -10
719 -12
720 -13
721 -10
722 -11
723 -11
724 -11
725 -12
726 -12
727 -13
728 -12
729 -13
730 -11
731 -10
732 -10
733 -13
734 -11
735 -13
736 -10
737 -15
738 -13
739 -10
740 -13
741 -10
742 -10
743 -12
744 -10
745 -11
746 -12
747 -13
748 -10
749 -11
750 -10
751 -10
752 -13
753 -10
754 -11
755 -17
756 -11
757 -13
758 -11
759 -13
760 -10
761 -11
762 -12
763 -13
764 -13
765 -12
766 -12
767 -10
768 -11
769 -11
770 -12
771 -10
772 -10
773 -13
774 -13
775 -11
776 -13
777 -13
778 -13
779 -10
780 -13
781 -13
782 -11
783 -12
784 -13
785 -12
786 -12
787 -11
788 -13
789 -13
790 -10
791 -13
792 -15
793 -13
794 -13
795 -12
796 -13
797 -11
798 -10
799 -13
800 -10
801 -13
802 -13
803 -10
804 -13
805 -11
806 -13
807 -10
808 -10
809 -13
810 -12
811 -12
812 -10
813 -13
814 -13
815 -11
816 -12
817 -13
818 -11
819 -13
820 -12
821 -11
822 -10
823 -12
824 -13
825 -11
826 -10
827 -11
828 -13
829 -10
830 -10
831 -10
832 -12
833 -10
834 -11
835 -13
836 -11
837 -11
838 -11
839 -10
840 -13
841 -13
842 -11
843 -10
844 -11
845 -10
846 -11
847 -13
848 -10
849 -11
850 -10
851 -10
852 -13
853 -13
854 -13
855 -10
856 -13
857 -13
858 -13
859 -13
860 -12
861 -13
862 -12
863 -11
864 -13
865 -10
866 -13
867 -11
868 -10
869 -10
870 -11
871 -13
872 -12
873 -11
874 -13
875 -13
876 -12
877 -13
878 -13
879 -13
880 -13
881 -13
882 -11
883 -10
884 -12
885 -10
886 -11
887 -11
888 -13
889 -10
890 -13
891 -12
892 -9
893 -10
894 -10
895 -12
896 -12
897 -11
898 -13
899 -10
900 -14
901 -13
902 -10
903 -12
904 -13
905 -11
906 -10
907 -12
908 -12
909 -11
910 -13
911 -11
912 -10
913 -13
914 -12
915 -13
916 -10
917 -12
918 -11
919 -13
920 -10
921 -11
922 -11
923 -13
924 -13
925 -10
926 -13
927 -13
928 -11
929 -12
930 -10
931 -13
932 -13
933 -13
934 -11
935 -10
936 -15
937 -12
938 -10
939 -10
940 -12
941 -12
942 -13
943 -10
944 -13
945 -11
946 -11
947 -17
948 -13
949 -13
950 -10
951 -10
952 -10
953 -12
954 -12
955 -12
956 -11
957 -13
958 -13
959 -13
960 -12
961 -12
962 -10
963 -13
964 -13
965 -10
966 -12
967 -10
968 -10
969 -12
970 -11
971 -11
972 -10
973 -11
974 -13
975 -13
976 -10
977 -13
978 -13
979 -13
980 -13
981 -11
982 -12
983 -11
984 -13
985 -13
986 -10
987 -12
988 -10
989 -12
990 -11
991 -13
992 -13
993 -13
994 -13
995 -13
996 -13
997 -12
998 -10
999 -12
