0 -13
1 -13
2 -13
3 -10
4 -11
5 -10
6 -13
7 -13
8 -12
9 -10
10 -13
11 -16
12 -13
13 -12
14 -10
15 -12
16 -11
17 -13
18 -16
19 -13
20 -13
21 -12
22 -11
23 -14
24 -10
25 -13
26 -13
27 -10
28 -13
29 -13
30 -13
31 -13
32 -12
33 -12
34 -13
35 -13
36 -11
37 -13
38 -13
39 -11
40 -13
41 -12
42 -15
43 -13
44 -12
45 -11
46 -12
47 -10
48 -11
49 -13
50 -12
51 -16
52 -13
53 -11
54 -13
55 -12
56 -17
57 -10
58 -13
59 -10
60 -13
61 -11
62 -13
63 -15
64 -13
65 -13
66 -10
67 -12
68 -12
69 -11
70 -11
71 -13
72 -11
73 -13
74 -13
75 -12
76 -12
77 -12
78 -10
79 -13
80 -13
81 -10
82 -13
83 -11
84 -10
85 -17
86 -12
87 -10
88 -10
89 -10
90 -13
91 -12
92 -13
93 -13
94 -12
95 -13
96 -10
97 -10
98 -11
99 -13
100 -12
101 -10
102 -13
103 -11
104 -13
105 -12
106 -20
107 -10
108 -13
109 -11
110 -12
111 -10
112 -12
113 -10
114 -11
115 -13
116 -11
117 -13
118 -10
119 -10
120 -13
121 -13
122 -10
123 -13
124 -11
125 -13
126 -11
127 -10
128 -11
129 -11
130 -13
131 -12
132 -11
133 -10
134 -13
135 -13
136 -13
137 -13
138 -10
139 -13
140 -10
141 -16
142 -11
143 -13
144 -10
145 -10
146 -13
147 -12
148 -13
149 -13
150 -12
151 -10
152 -11
153 -13
154 -10
155 -10
156 -13
157 -11
158 -12
159 -10
160 -11
161 -13
162 -10
163 -12
164 -11
165 -13
166 -10
167 -12
168 -13
169 -13
170 -13
171 -11
172 -10
173 -10
174 -13
175 -12
176 -10
177 -12
178 -12
179 -10
180 -11
181 -13
182 -12
183 -13
184 -13
185 -10
186 -12
187 -11
188 -12
189 -16
190 -13
191 -11
192 -10
193 -13
194 -13
195 -10
196 -11
197 -10
198 -13
199 -11
200 -11
201 -13
202 -12
203 -11
204 -13
205 -13
206 -11
207 -12
208 -13
209 -13
210 -11
211 -13
212 -13
213 -11
214 -11
215 -13
216 -10
217 -13
218 -10
219 -13
220 -12
221 -10
222 -12
223 -12
224 -13
225 -10
226 -12
227 -13
228 -10
229 -10
230 -10
231 -10
232 -13
233 -11
234 -12
235 -11
236 -11
237 -10
238 -10
239 -13
240 -11
241 -15
242 -13
243 -13
244 -11
245 -13
246 -12
247 -11
248 -11
249 -11
250 -10
251 -12
252 -11
253 -13
254 -13
255 -10
256 -10
257 -10
258 -11
259 -13
260 -13
261 -12
262 -10
263 -12
264 -13
265 -10
266 -13
267 -12
268 -13
269 -11
270 -12
271 -12
272 -13
273 -11
274 -11
275 -11
276 -13
277 -11
278 -11
279 -12
280 -11
281 -12
282 -11
283 -13
284 -13
285 -13
286 -11
287 -11
288 -9
289 -13
290 -10
291 -13
292 -12
293 -13
294 -17
295 -10
296 -10
297 -10
298 -10
299 -10
300 -13
301 -11
302 -11
303 -11
304 -10
305 -13
306 -17
307 -12
308 -13
309 -14
310 -10
311 -14
312 -12
313 -10
314 -10
315 -13
316 -10
317 -13
318 -13
319 -11
320 -10
321 -10
322 -13
323 -13
324 -13
325 -12
326 -11
327 -13
328 -13
329 -11
330 -10
331 -11
332 -13
333 -13
334 -10
335 -11
336 -10
337 -12
338 -11
339 -11
340 -13
341 -13
342 -13
343 -13
344 -13
345 -13
346 -11
347 -12
348 -12
349 -12
350 -11
351 -13
352 -13
353 -13
354 -11
355 -10
356 -13
357 -13
358 -10
359 -13
360 -13
361 -11
362 -13
363 -13
364 -10
365 -17
366 -15
367 -13
368 -13
369 -13
370 -13
371 -12
372 -12
373 -12
374 -12
375 -9
376 -10
377 -13
378 -12
379 -10
380 -11
381 -10
382 -12
383 -12
384 -12
385 -13
386 -10
387 -13
388 -12
389 -13
390 -12
391 -12
392 -12
393 -11
394 -13
395 -13
396 -12
397 -13
398 -13
399 -13
400 -12
401 -14
402 -13
403 -10
404 -11
405 -13
406 -13
407 -11
408 -13
409 -17
410 -11
411 -11
412 -10
413 -11
414 -13
415 -12
416 -11
417 -12
418 -13
419 -13
420 -11
421 -13
422 -12
423 -10
424 -13
425 -15
426 -13
427 -11
428 -13
429 -11
430 -13
431 -13
432 -11
433 -13
434 -13
435 -12
436 -13
437 -12
438 -11
439 -13
440 -12
441 -12
442 -12
443 -12
444 -13
445 -12
446 -12
447 -10
448 -11
449 -13
450 -11
451 -13
452 -13
453 -12
454 -13
455 -12
456 -13
457 -12
458 -13
459 -12
460 -13
461 -11
462 -12
463 -13
464 -12
465 -11
466 -12
467 -21
468 -12
469 -13
470 -13
471 -10
472 -21
473 -16
474 -13
475 -12
476 -11
477 -13
478 -16
479 -13
480 -13
481 -12
482 -13
483 -12
484 -10
485 -13
486 -10
487 -13
488 -13
489 -13
490 -13
491 -13
492 -13
493 -13
494 -12
495 -11
496 -13
497 -14
498 -17
499 -11
500 -11
501 -13
502 -11
503 -11
504 -10
505 -11
506 -16
507 -13
508 -10
509 -10
510 -11
511 -11
512 -12
513 -10
514 -10
515 -13
516 -10
517 -13
518 -13
519 -13
520 -11
521 -12
522 -11
523 -10
524 -11
525 -13
526 -12
527 -13
528 -11
529 -13
530 -13
531 -11
532 -12
533 -10
534 -10
535 -11
536 -13
537 -10
538 -10
539 -15
540 -13
541 -13
542 -13
543 -12
544 -13
545 -13
546 -11
547 -10
548 -12
549 -13
550 -10
551 -12
552 -12
553 -10
554 -11
555 -13
556 -13
557 -10
558 -10
559 -12
560 -12
561 -13
562 -12
563 -11
564 -13
565 -11
566 -13
567 -11
568 -12
569 -13
570 -11
571 -10
572 -12
573 -10
574 -11
575 -13
576 -13
577 -10
578 -10
579 -10
580 -11
581 -10
582 -10
583 -10
584 -10
585 -12
586 -13
587 -13
588 -11
589 -12
590 -11
591 -12
592 -11
593 -12
594 -13
595 -10
596 -10
597 -13
598 -12
599 -12
600 -12
601 -11
602 -13
603 -10
604 -19
605 -11
606 -10
607 -13
608 -10
609 -11
610 -12
611 -13
612 -11
613 -16
614 -10
615 -43
616 -13
617 -13
618 -11
619 -12
620 -13
621 -12
622 -12
623 -10
624 -12
625 -12
626 -13
627 -13
628 -10
629 -13
630 -13
631 -12
632 -12
633 -13
634 -13
635 -13
636 -10
637 -13
638 -11
639 -11
640 -13
641 -13
642 -16
643 -13
644 -10
645 -11
646 -13
647 -11
648 -13
649 -11
650 -11
651 -12
652 -12
653 -13
654 -13
655 -12
656 -10
657 -13
658 -12
659 -13
660 -10
661 -12
662 -12
663 -11
664 -9
665 -10
666 -13
667 -10
668 -12
669 -11
670 -12
671 -11
672 -11
673 -11
674 -10
675 -11
676 -13
677 -12
678 -10
679 -13
680 -11
681 -17
682 -13
683 -13
684 -13
685 -10
686 -13
687 -17
688 -11
689 -13
690 -11
691 -13
692 -17
693 -12
694 -13
695 -12
696 -13
697 -14
698 -12
699 -10
700 -10
701 -12
702 -12
703 -12
704 -10
705 -16
706 -13
707 -12
708 -13
709 -13
710 -11
711 -13
712 -13
713 -17
714 -10
715 -10
716 -12
717 -13
718 -11
719 -13
720 -11
721 -13
722 -12
723 -13
724 -10
725 -13
726 -11
727 -13
728 -12
729 -10
730 -13
731 -10
732 -11
733 -13
734 -10
735 -13
736 -13
737 -10
738 -10
739 -11
740 -11
741 -13
742 -13
743 -13
744 -13
745 -11
746 -13
747 -12
748 -12
749 -13
750 -13
751 -11
752 -10
753 -10
754 -15
755 -12
756 -11
757 -13
758 -13
759 -10
760 -13
761 -10
762 -13
763 -11
764 -13
765 -12
766 -12
767 -11
768 -12
769 -10
770 -11
771 -11
772 -13
773 -13
774 -12
775 -20
776 -13
777 -12
778 -13
779 -21
780 -13
781 -13
782 -11
783 -13
784 -13
785 -13
786 -11
787 -10
788 -13
789 -10
790 -11
791 -12
792 -10
793 -11
794 -10
795 -13
796 -13
797 -13
798 -11
799 -11
800 -13
801 -13
802 -10
803 -13
804 -13
805 -9
806 -14
807 -13
808 -13
809 -13
810 -11
811 -11
812 -10
813 -10
814 -12
815 -13
816 -10
817 -12
818 -13
819 -12
820 -11
821 -12
822 -13
823 -10
824 -13
825 -13
826 -12
827 -12
828 -11
829 -11
830 -10
831 -13
832 -12
833 -12
834 -13
835 -13
836 -12
837 -11
838 -10
839 -12
840 -13
841 -12
842 -16
843 -10
844 -12
845 -12
846 -11
847 -13
848 -11
849 -17
850 -12
851 -12
852 -13
853 -10
854 -10
855 -13
856 -20
857 -12
858 -12
859 -11
860 -11
861 -10
862 -10
863 -13
864 -11
865 -10
866 -12
867 -13
868 -11
869 -12
870 -13
871 -13
872 -12
873 -13
874 -11
875 -12
876 -13
877 -13
878 -12
879 -11
880 -11
881 -13
882 -13
883 -13
884 -13
885 -10
886 -13
887 -10
888 -10
889 -10
890 -10
891 -10
892 -10
893 -12
894 -11
895 -11
896 -10
897 -10
898 -13
899 -11
900 -13
901 -10
902 -13
903 -10
904 -12
905 -13
906 -11
907 -17
908 -11
909 -10
910 -13
911 -12
912 -13
913 -13
914 -13
915 -13
916 -12
917 -10
918 -13
919 -11
920 -11
921 -13
922 -12
923 -13
924 -10
925 -13
926 -11
927 -13
928 -10
929 -11
930 -12
931 -11
932 -12
933 -13
934 -13
935 -13
936 -13
937 -13
938 -10
939 -12
940 -11
941 -13
942 -13
943 -12
944 -13
945 -13
946 -12
947 -11
948 -13
949 -10
950 -10
951 -11
952 -10
953 -10
954 -12
955 -13
956 -10
957 -13
958 -10
959 -12
960 -10
961 -13
962 -13
963 -12
964 -13
965 -11
966 -11
967 -11
968 -12
969 -12
970 -17
971 -12
972 -10
973 -13
974 -10
975 -11
976 -12
977 -13
978 -11
979 -13
980 -13
981 -11
982 -13
983 -13
984 -13
985 -13
986 -11
987 -13
988 -12
989 -13
990 -12
991 -13
992 -12
993 -13
994 -11
995 -13
996 -13
997 -13
998 -12
999 -10
