0 -12
1 -13
2 -13
3 -13
4 -11
5 -10
6 -12
7 -13
8 -10
9 -13
10 -11
11 -13
12 -10
13 -14
14 -13
15 -10
16 -12
17 -12
18 -11
19 -11
20 -13
21 -10
22 -11
23 -10
24 -12
25 -12
26 -11
27 -13
28 -13
29 -11
30 -13
31 -11
32 -11
33 -15
34 -12
35 -11
36 -12
37 -13
38 -13
39 -13
40 -13
41 -11
42 -13
43 -13
44 -11
45 -13
46 -13
47 -10
48 -13
49 -13
50 -16
51 -12
52 -13
53 -10
54 -13
55 -11
56 -12
57 -13
58 -14
59 -11
60 -13
61 -11
62 -10
63 -11
64 -13
65 -26
66 -13
67 -13
68 -11
69 -11
70 -11
71 -12
72 -13
73 -10
74 -11
75 -11
76 -13
77 -11
78 -11
79 -11
80 -12
81 -11
82 -10
83 -12
84 -13
85 -10
86 -13
87 -13
88 -12
89 -10
90 -13
91 -13
92 -13
93 -10
94 -11
95 -13
96 -15
97 -17
98 -13
99 -13
100 -13
101 -13
102 -11
103 -13
104 -11
105 -13
106 -12
107 -13
108 -10
109 -13
110 -13
111 -12
112 -10
113 -13
114 -11
115 -10
116 -13
117 -12
118 -13
119 -13
120 -11
121 -11
122 -13
123 -13
124 -12
125 -11
126 -11
127 -10
128 -12
129 -12
130 -12
131 -11
132 -17
133 -12
134 -13
135 -11
136 -13
137 -13
138 -10
139 -12
140 -13
141 -13
142 -13
143 -13
144 -11
145 -12
146 -12
147 -13
148 -11
149 -10
150 -11
151 -13
152 -10
153 -10
154 -12
155 -11
156 -12
157 -11
158 -11
159 -13
160 -13
161 -10
162 -13
163 -10
164 -11
165 -11
166 -13
167 -13
168 -11
169 -13
170 -10
171 -10
172 -10
173 -13
174 -13
175 -11
176 -11
177 -12
178 -13
179 -13
180 -16
181 -12
182 -11
183 -11
184 -13
185 -10
186 -12
187 -10
188 -13
189 -13
190 -10
191 -12
192 -13
193 -12
194 -10
195 -12
196 -11
197 -13
198 -11
199 -13
200 -13
201 -10
202 -12
203 -10
204 -11
205 -13
206 -11
207 -12
208 -12
209 -10
210 -13
211 -11
212 -11
213 -11
214 -13
215 -10
216 -13
217 -12
218 -13
219 -74
220 -12
221 -13
222 -13
223 -11
224 -13
225 -13
226 -12
227 -11
228 -12
229 -10
230 -13
231 -10
232 -13
233 -13
234 -11
235 -10
236 -11
237 -13
238 -11
239 -13
240 -11
241 -11
242 -10
243 -14
244 -11
245 -11
246 -11
247 -10
248 -13
249 -10
250 -13
251 -17
252 -36
253 -12
254 -13
255 -13
256 -13
257 -13
258 -10
259 -10
260 -10
261 -12
262 -13
263 -13
264 -11
265 -11
266 -11
267 -13
268 -13
269 -13
270 -13
271 -10
272 -12
273 -13
274 -11
275 -13
276 -13
277 -10
278 -11
279 -10
280 -13
281 -11
282 -13
283 -12
284 -12
285 -11
286 -13
287 -11
288 -13
289 -15
290 -11
291 -11
292 -11
293 -13
294 -13
295 -13
296 -13
297 -10
298 -11
299 -13
300 -13
301 -13
302 -13
303 -12
304 -13
305 -13
306 -13
307 -13
308 -11
309 -11
310 -13
311 -11
312 -11
313 -11
314 -10
315 -13
316 -10
317 -12
318 -10
319 -13
320 -12
321 -13
322 -10
323 -13
324 -10
325 -10
326 -13
327 -11
328 -10
329 -11
330 -11
331 -12
332 -12
333 -13
334 -12
335 -13
336 -13
337 -13
338 -10
339 -14
340 -11
341 -10
342 -10
343 -11
344 -12
345 -10
346 -12
347 -13
348 -10
349 -13
350 -12
351 -12
352 -11
353 -13
354 -20
355 -13
356 -10
357 -10
358 -10
359 -12
360 -13
361 -11
362 -11
363 -12
364 -13
365 -10
366 -11
367 -11
368 -13
369 -13
370 -12
371 -11
372 -11
373 -11
374 -12
375 -12
376 -10
377 -11
378 -13
379 -60
380 -11
381 -25
382 -10
383 -13
384 -11
385 -11
386 -13
387 -10
388 -12
389 -12
390 -11
391 -12
392 -10
393 -12
394 -12
395 -13
396 -12
397 -11
398 -11
399 -10
400 -13
401 -13
402 -12
403 -13
404 -13
405 -12
406 -11
407 -13
408 -12
409 -11
410 -13
411 -12
412 -12
413 -13
414 -13
415 -13
416 -12
417 -11
418 -11
419 -13
420 -13
421 -11
422 -13
423 -11
424 -13
425 -13
426 -13
427 -13
428 -13
429 -10
430 -13
431 -13
432 -12
433 -11
434 -10
435 -12
436 -12
437 -11
438 -13
439 -13
440 -10
441 -10
442 -12
443 -12
444 -13
445 -11
446 -13
447 -13
448 -12
449 -12
450 -13
451 -11
452 -12
453 -12
454 -12
455 -11
456 -11
457 -13
458 -10
459 -13
460 -10
461 -12
462 -13
463 -13
464 -12
465 -13
466 -10
467 -13
468 -12
469 -16
470 -11
471 -11
472 -13
473 -11
474 -13
475 -10
476 -11
477 -10
478 -10
479 -12
480 -13
481 -11
482 -13
483 -10
484 -11
485 -12
486 -11
487 -10
488 -13
489 -11
490 -10
491 -13
492 -10
493 -10
494 -10
495 -69
496 -12
497 -13
498 -13
499 -13
500 -12
501 -10
502 -13
503 -13
504 -13
505 -14
506 -12
507 -11
508 -10
509 -10
510 -11
511 -10
512 -13
513 -13
514 -12
515 -13
516 -11
517 -13
518 -11
519 -11
520 -12
521 -13
522 -16
523 -11
524 -13
525 -10
526 -12
527 -11
528 -11
529 -13
530 -13
531 -10
532 -84
533 -11
534 -12
535 -13
536 -10
537 -10
538 -12
539 -10
540 -13
541 -12
542 -22
543 -13
544 -11
545 -13
546 -13
547 -12
548 -13
549 -10
550 -13
551 -13
552 -11
553 -13
554 -13
555 -11
556 -12
557 -10
558 -10
559 -11
560 -11
561 -13
562 -13
563 -11
564 -11
565 -13
566 -10
567 -11
568 -10
569 -11
570 -13
571 -13
572 -12
573 -13
574 -11
575 -13
576 -10
577 -13
578 -11
579 -11
580 -12
581 -13
582 -12
583 -11
584 -13
585 -10
586 -13
587 -12
588 -13
589 -12
590 -10
591 -13
592 -13
593 -13
594 -13
595 -13
596 -11
597 -13
598 -10
599 -11
600 -13
601 -11
602 -16
603 -10
604 -12
605 -12
606 -13
607 -10
608 -10
609 -13
610 -10
611 -13
612 -10
613 -13
614 -10
615 -11
616 -11
617 -13
618 -12
619 -11
620 -10
621 -12
622 -11
623 -12
624 -10
625 -13
626 -10
627 -23
628 -13
629 -13
630 -13
631 -11
632 -12
633 -11
634 -13
635 -13
636 -13
637 -12
638 -13
639 -13
640 -13
641 -10
642 -13
643 -13
644 -11
645 -13
646 -11
647 -11
648 -11
649 -10
650 -13
651 -10
652 -13
653 -13
654 -10
655 -10
656 -11
657 -12
658 -13
659 -16
660 -10
661 -12
662 -31
663 -13
664 -11
665 -10
666 -13
667 -11
668 -10
669 -12
670 -13
671 -13
672 -13
673 -12
674 -11
675 -13
676 -13
677 -11
678 -13
679 -10
680 -11
681 -12
682 -10
683 -91
684 -11
685 -10
686 -15
687 -13
688 -11
689 -13
690 -10
691 -12
692 -13
693 -12
694 -13
695 -13
696 -13
697 -12
698 -17
699 -13
700 -12
701 -13
702 -13
703 -13
704 -13
705 -12
706 -13
707 -13
708 -12
709 -10
710 -13
711 -11
712 -13
713 -10
714 -11
715 -10
716 -11
717 -11
718 -12
719 -11
720 -12
721 -11
722 -12
723 -12
724 -11
725 -13
726 -12
727 -12
728 -11
729 -13
730 -11
731 -10
732 -13
733 -10
734 -10
735 -11
736 -13
737 -13
738 -13
739 -12
740 -12
741 -12
742 -13
743 -10
744 -13
745 -12
746 -13
747 -13
748 -11
749 -11
750 -13
751 -13
752 -13
753 -13
754 -13
755 -13
756 -13
757 -10
758 -11
759 -13
760 -13
761 -10
762 -10
763 -10
764 -11
765 -11
766 -12
767 -13
768 -10
769 -10
770 -13
771 -14
772 -10
773 -12
774 -12
775 -13
776 -11
777 -10
778 -11
779 -13
780 -13
781 -13
782 -12
783 -12
784 -13
785 -11
786 -12
787 -10
788 -13
789 -10
790 -13
791 -10
792 -12
793 -13
794 -12
795 -24
796 -14
797 -13
798 -11
799 -11
800 -11
801 -13
802 -13
803 -10
804 -13
805 -12
806 -12
807 -12
808 -13
809 -10
810 -12
811 -11
812 -11
813 -13
814 -13
815 -12
816 -12
817 -13
818 -10
819 -13
820 -13
821 -12
822 -13
823 -13
824 -10
825 -13
826 -12
827 -13
828 -13
829 -11
830 -10
831 -13
832 -17
833 -11
834 -12
835 -13
836 -12
837 -11
838 -12
839 -13
840 -12
841 -13
842 -13
843 -14
844 -12
845 -12
846 -11
847 -13
848 -10
849 -10
850 -13
851 -13
852 -12
853 -13
854 -13
855 -11
856 -23
857 -10
858 -10
859 -13
860 -13
861 -12
862 -23
863 -12
864 -12
865 -12
866 -13
867 -13
868 -11
869 -13
870 -13
871 -13
872 -13
873 -13
874 -10
875 -13
876 -12
877 -12
878 -10
879 -11
880 -10
881 -13
882 -16
883 -13
884 -10
885 -10
886 -12
887 -12
888 -63
889 -13
890 -10
891 -11
892 -10
893 -10
894 -10
895 -11
896 -11
897 -13
898 -10
899 -10
900 -13
901 -10
902 -12
903 -13
904 -13
905 -10
906 -12
907 -10
908 -13
909 -13
910 -13
911 -13
912 -13
913 -13
914 -12
915 -11
916 -13
917 -12
918 -11
919 -10
920 -10
921 -13
922 -12
923 -24
924 -17
925 -13
926 -11
927 -13
928 -11
929 -10
930 -13
931 -12
932 -10
933 -13
934 -17
935 -11
936 -13
937 -12
938 -12
939 -11
940 -13
941 -13
942 -13
943 -13
944 -16
945 -12
946 -13
947 -13
948 -13
949 -13
950 -13
951 -13
952 -12
953 -11
954 -13
955 -12
956 -11
957 -13
958 -13
959 -12
960 -11
961 -13
962 -11
963 -12
964 -12
965 -13
966 -13
967 -12
968 -10
969 -12
970 -12
971 -20
972 -10
973 -13
974 -13
975 -11
976 -13
977 -10
978 -12
979 -10
980 -11
981 -12
982 -23
983 -13
984 -11
985 -12
986 -13
987 -16
988 -13
989 -10
990 -11
991 -11
992 -11
993 -12
994 -11
995 -11
996 -10
997 -13
998 -12
999 -13
