0 -488
1 -22
2 -132
3 -2569
4 -152
5 -35
6 -365
7 -200
8 -35
9 -35
10 -70
11 -159
12 -80
13 -35
14 -55
15 -170
16 -22
17 -35
18 -35
19 -587
20 -318
21 -93
22 -110
23 -1883
24 -463
25 -1728
26 -22
27 -1430
28 -1028
29 -535
30 -91
31 -37
32 -54
33 -35
34 -31
35 -35
36 -2543
37 -35
38 -22
39 -193
40 -35
41 -127
42 -135
43 -58
44 -988
45 -178
46 -378
47 -35
48 -35
49 -170
50 -245
51 -35
52 -35
53 -1014
54 -658
55 -188
56 -35
57 -368
58 -28
59 -22
60 -35
61 -1193
62 -66
63 -60
64 -410
65 -410
66 -1945
67 -182
68 -156
69 -149
70 -113
71 -382
72 -22
73 -125
74 -42
75 -503
76 -248
77 -506
78 -26
79 -22
80 -63
81 -35
82 -2898
83 -305
84 -1983
85 -682
86 -185
87 -1228
88 -65
89 -1337
90 -35
91 -13
92 -133
93 -902
94 -358
95 -197
96 -26
97 -152
98 -233
99 -1439
100 -98
101 -557
102 -257
103 -1935
104 -22
105 -145
106 -1598
107 -22
108 -4904
109 -242
110 -35
111 -1003
112 -171
113 -622
114 -232
115 -35
116 -451
117 -5181
118 -255
119 -2357
120 -880
121 -9796
122 -502
123 -51
124 -157
125 -60
126 -140
127 -156
128 -35
129 -112
130 -245
131 -22
132 -35
133 -170
134 -48
135 -115
136 -577
137 -22
138 -157
139 -266
140 -97
141 -105
142 -35
143 -10
144 -38
145 -165
146 -3094
147 -103
148 -376
149 -105
150 -91
151 -89
152 -98
153 -127
154 -35
155 -277
156 -292
157 -669
158 -39
159 -571
160 -43
161 -27
162 -97
163 -32
164 -246
165 -404
166 -71
167 -872
168 -81
169 -98
170 -35
171 -169
172 -603
173 -483
174 -1703
175 -447
176 -43
177 -234
178 -123
179 -1681
180 -63
181 -238
182 -147
183 -35
184 -22
185 -2415
186 -22
187 -93
188 -39
189 -44
190 -88
191 -908
192 -35
193 -35
194 -35
195 -433
196 -184
197 -461
198 -2893
199 -1358
200 -35
201 -89
202 -252
203 -54
204 -22
205 -22
206 -1485
207 -73
208 -280
209 -35
210 -43
211 -661
212 -35
213 -2965
214 -89
215 -35
216 -960
217 -35
218 -22
219 -35
220 -250
221 -22
222 -22
223 -22
224 -306
225 -115
226 -2973
227 -117
228 -112
229 -200
230 -311
231 -52
232 -147
233 -77
234 -64
235 -272
236 -247
237 -101
238 -1114
239 -14
240 -314
241 -93
242 -35
243 -35
244 -35
245 -35
246 -96
247 -22
248 -113
249 -427
250 -74
251 -22
252 -22
253 -367
254 -951
255 -80
256 -35
257 -357
258 -35
259 -1332
260 -252
261 -87
262 -58
263 -132
264 -265
265 -45
266 -47
267 -1857
268 -404
269 -1083
270 -955
271 -85
272 -118
273 -305
274 -35
275 -1318
276 -37
277 -35
278 -39
279 -46
280 -22
281 -775
282 -3868
283 -438
284 -639
285 -51
286 -34
287 -495
288 -32
289 -181
290 -58
291 -213
292 -106
293 -4058
294 -194
295 -37
296 -22
297 -22
298 -119
299 -208
300 -498
301 -35
302 -4070
303 -355
304 -711
305 -85
306 -22
307 -439
308 -22
309 -145
310 -298
311 -305
312 -806
313 -35
314 -43
315 -153
316 -80
317 -35
318 -828
319 -22
320 -22
321 -3850
322 -177
323 -61
324 -140
325 -60
326 -35
327 -35
328 -22
329 -145
330 -2633
331 -35
332 -75
333 -413
334 -16
335 -35
336 -52
337 -281
338 -204
339 -219
340 -369
341 -202
342 -354
343 -108
344 -22
345 -1233
346 -85
347 -22
348 -247
349 -227
350 -4266
351 -258
352 -1290
353 -35
354 -35
355 -70
356 -842
357 -656
358 -2443
359 -35
360 -80
361 -800
362 -35
363 -146
364 -73
365 -523
366 -35
367 -155
368 -22
369 -22
370 -22
371 -230
372 -363
373 -267
374 -22
375 -112
376 -1683
377 -35
378 -237
379 -34
380 -22
381 -60
382 -209
383 -64
384 -22
385 -23
386 -277
387 -102
388 -300
389 -51
390 -163
391 -22
392 -22
393 -35
394 -35
395 -573
396 -22
397 -22
398 -1775
399 -32
400 -138
401 -3585
402 -120
403 -512
404 -4258
405 -90
406 -52
407 -169
408 -224
409 -84
410 -35
411 -101
412 -1619
413 -191
414 -223
415 -46
416 -32
417 -245
418 -2746
419 -94
420 -35
421 -393
422 -88
423 -112
424 -2698
425 -96
426 -281
427 -70
428 -59
429 -240
430 -163
431 -20
432 -35
433 -22
434 -485
435 -163
436 -22
437 -497
438 -35
439 -187
440 -22
441 -745
442 -69
443 -95
444 -32
445 -35
446 -3193
447 -55
448 -35
449 -35
450 -190
451 -35
452 -137
453 -183
454 -1135
455 -35
456 -547
457 -218
458 -22
459 -112
460 -116
461 -194
462 -110
463 -39
464 -35
465 -51
466 -406
467 -305
468 -185
469 -895
470 -158
471 -124
472 -112
473 -35
474 -258
475 -22
476 -1833
477 -98
478 -429
479 -22
480 -195
481 -35
482 -24
483 -1571
484 -22
485 -35
486 -531
487 -109
488 -1809
489 -383
490 -22
491 -461
492 -600
493 -1175
494 -35
495 -92
496 -42
497 -22
498 -83
499 -35
500 -196
501 -58
502 -25
503 -35
504 -525
505 -870
506 -52
507 -212
508 -42
509 -53
510 -35
511 -135
512 -22
513 -68
514 -171
515 -35
516 -35
517 -223
518 -345
519 -22
520 -83
521 -22
522 -1253
523 -58
524 -40
525 -253
526 -35
527 -1203
528 -41
529 -232
530 -37
531 -548
532 -73
533 -355
534 -438
535 -3097
536 -151
537 -562
538 -395
539 -528
540 -185
541 -242
542 -40
543 -35
544 -22
545 -22
546 -65
547 -362
548 -270
549 -242
550 -222
551 -35
552 -586
553 -141
554 -305
555 -162
556 -2903
557 -98
558 -1815
559 -56
560 -2025
561 -1278
562 -1385
563 -330
564 -900
565 -428
566 -35
567 -35
568 -35
569 -1453
570 -255
571 -3225
572 -367
573 -311
574 -22
575 -700
576 -383
577 -58
578 -455
579 -163
580 -22
581 -53
582 -269
583 -22
584 -181
585 -267
586 -904
587 -35
588 -127
589 -346
590 -363
591 -748
592 -2309
593 -101
594 -153
595 -285
596 -280
597 -22
598 -359
599 -22
600 -35
601 -82
602 -360
603 -25
604 -91
605 -160
606 -2054
607 -365
608 -35
609 -1843
610 -35
611 -147
612 -519
613 -2623
614 -3696
615 -35
616 -292
617 -22
618 -150
619 -57
620 -22
621 -181
622 -363
623 -552
624 -84
625 -22
626 -38
627 -613
628 -97
629 -22
630 -37
631 -51
632 -102
633 -125
634 -1440
635 -210
636 -43
637 -35
638 -384
639 -22
640 -177
641 -22
642 -142
643 -21
644 -107
645 -22
646 -71
647 -158
648 -55
649 -35
650 -542
651 -2075
652 -1460
653 -108
654 -336
655 -33
656 -35
657 -326
658 -1626
659 -275
660 -35
661 -68
662 -78
663 -250
664 -362
665 -47
666 -519
667 -35
668 -142
669 -289
670 -24
671 -630
672 -154
673 -38
674 -296
675 -22
676 -35
677 -22
678 -140
679 -35
680 -21
681 -30
682 -35
683 -92
684 -35
685 -64
686 -556
687 -190
688 -66
689 -1148
690 -34
691 -238
692 -35
693 -374
694 -48
695 -1780
696 -35
697 -73
698 -174
699 -22
700 -35
701 -468
702 -217
703 -50
704 -2016
705 -223
706 -117
707 -193
708 -178
709 -2758
710 -432
711 -22
712 -26
713 -35
714 -137
715 -153
716 -79
717 -53
718 -22
719 -626
720 -362
721 -224
722 -35
723 -22
724 -217
725 -187
726 -752
727 -35
728 -444
729 -22
730 -203
731 -97
732 -2848
733 -521
734 -113
735 -74
736 -23
737 -35
738 -35
739 -22
740 -22
741 -35
742 -244
743 -312
744 -96
745 -86
746 -22
747 -35
748 -35
749 -35
750 -35
751 -35
752 -161
753 -60
754 -76
755 -383
756 -1587
757 -40
758 -35
759 -42
760 -256
761 -850
762 -2461
763 -31
764 -22
765 -357
766 -43
767 -35
768 -35
769 -351
770 -47
771 -486
772 -278
773 -88
774 -119
775 -453
776 -885
777 -67
778 -63
779 -35
780 -112
781 -256
782 -408
783 -1373
784 -137
785 -114
786 -35
787 -22
788 -523
789 -35
790 -22
791 -600
792 -507
793 -35
794 -873
795 -206
796 -123
797 -35
798 -781
799 -248
800 -27
801 -147
802 -107
803 -317
804 -274
805 -35
806 -247
807 -772
808 -255
809 -566
810 -22
811 -64
812 -35
813 -1049
814 -390
815 -570
816 -86
817 -22
818 -116
819 -35
820 -35
821 -625
822 -89
823 -35
824 -107
825 -22
826 -568
827 -22
828 -818
829 -205
830 -409
831 -92
832 -35
833 -80
834 -835
835 -374
836 -56
837 -189
838 -35
839 -166
840 -1498
841 -22
842 -146
843 -180
844 -22
845 -22
846 -22
847 -35
848 -22
849 -22
850 -226
851 -563
852 -30
853 -35
854 -1098
855 -47
856 -92
857 -39
858 -35
859 -149
860 -22
861 -165
862 -235
863 -624
864 -33
865 -718
866 -93
867 -84
868 -22
869 -648
870 -176
871 -408
872 -239
873 -87
874 -22
875 -69
876 -223
877 -47
878 -35
879 -117
880 -22
881 -35
882 -159
883 -22
884 -304
885 -335
886 -22
887 -240
888 -35
889 -359
890 -242
891 -224
892 -22
893 -287
894 -36
895 -110
896 -77
897 -46
898 -496
899 -35
900 -96
901 -35
902 -22
903 -37
904 -22
905 -35
906 -99
907 -49
908 -40
909 -35
910 -408
911 -95
912 -227
913 -26
914 -136
915 -245
916 -73
917 -403
918 -90
919 -363
920 -568
921 -22
922 -22
923 -35
924 -22
925 -163
926 -39
927 -38
928 -63
929 -336
930 -26
931 -35
932 -22
933 -22
934 -476
935 -96
936 -97
937 -35
938 -133
939 -264
940 -22
941 -22
942 -682
943 -413
944 -2960
945 -44
946 -24
947 -368
948 -28
949 -38
950 -85
951 -281
952 -820
953 -903
954 -307
955 -665
956 -96
957 -224
958 -235
959 -22
960 -10
961 -115
962 -1865
963 -22
964 -119
965 -118
966 -122
967 -120
968 -53
969 -77
970 -22
971 -22
972 -1415
973 -94
974 -22
975 -557
976 -22
977 -327
978 -22
979 -169
980 -35
981 -2093
982 -47
983 -139
984 -281
985 -35
986 -85
987 -22
988 -226
989 -248
990 -22
991 -73
992 -1260
993 -22
994 -347
995 -309
996 -63
997 -80
998 -373
999 -228
