0 -359
1 -108
2 -264
3 -40
4 -411
5 -490
6 -40
7 -120
8 -60
9 -121
10 -176
11 -1095
12 -40
13 -235
14 -260
15 -210
16 -117
17 -35
18 -152
19 -73
20 -272
21 -267
22 -30
23 -233
24 -105
25 -57
26 -65
27 -40
28 -30
29 -212
30 -493
31 -1011
32 -148
33 -317
34 -174
35 -622
36 -63
37 -297
38 -36
39 -186
40 -468
41 -33
42 -427
43 -168
44 -30
45 -30
46 -30
47 -287
48 -608
49 -497
50 -654
51 -464
52 -64
53 -73
54 -30
55 -196
56 -409
57 -295
58 -537
59 -172
60 -469
61 -152
62 -162
63 -616
64 -251
65 -336
66 -286
67 -76
68 -30
69 -136
70 -78
71 -61
72 -30
73 -216
74 -443
75 -616
76 -119
77 -30
78 -30
79 -544
80 -179
81 -55
82 -447
83 -30
84 -28
85 -207
86 -30
87 -56
88 -102
89 -40
90 -30
91 -76
92 -125
93 -25
94 -322
95 -40
96 -449
97 -30
98 -47
99 -30
100 -82
101 -212
102 -104
103 -40
104 -432
105 -528
106 -80
107 -44
108 -30
109 -40
110 -4119
111 -53
112 -126
113 -255
114 -390
115 -30
116 -164
117 -301
118 -229
119 -410
120 -40
121 -222
122 -302
123 -58
124 -49
125 -166
126 -40
127 -101
128 -285
129 -528
130 -87
131 -30
132 -99
133 -40
134 -51
135 -45
136 -62
137 -262
138 -165
139 -358
140 -40
141 -117
142 -25
143 -40
144 -570
145 -419
146 -47
147 -709
148 -30
149 -895
150 -30
151 -392
152 -40
153 -71
154 -34
155 -257
156 -258
157 -40
158 -83
159 -30
160 -319
161 -481
162 -40
163 -163
164 -260
165 -436
166 -30
167 -56
168 -1231
169 -53
170 -35
171 -119
172 -200
173 -516
174 -30
175 -251
176 -57
177 -30
178 -227
179 -30
180 -40
181 -258
182 -30
183 -279
184 -40
185 -30
186 -464
187 -78
188 -336
189 -200
190 -364
191 -40
192 -768
193 -218
194 -40
195 -353
196 -35
197 -419
198 -11
199 -214
200 -55
201 -30
202 -30
203 -40
204 -40
205 -79
206 -83
207 -37
208 -30
209 -40
210 -40
211 -30
212 -43
213 -179
214 -267
215 -197
216 -40
217 -75
218 -45
219 -472
220 -30
221 -277
222 -280
223 -40
224 -100
225 -219
226 -864
227 -168
228 -614
229 -173
230 -452
231 -506
232 -442
233 -30
234 -383
235 -85
236 -233
237 -40
238 -433
239 -228
240 -218
241 -1140
242 -81
243 -339
244 -142
245 -67
246 -31
247 -222
248 -30
249 -660
250 -186
251 -149
252 -69
253 -394
254 -228
255 -91
256 -206
257 -204
258 -336
259 -222
260 -542
261 -85
262 -30
263 -122
264 -515
265 -40
266 -727
267 -83
268 -41
269 -40
270 -40
271 -40
272 -444
273 -87
274 -30
275 -40
276 -30
277 -333
278 -313
279 -464
280 -316
281 -125
282 -433
283 -179
284 -30
285 -30
286 -40
287 -128
288 -158
289 -25
290 -18
291 -30
292 -666
293 -287
294 -363
295 -238
296 -40
297 -40
298 -30
299 -30
300 -40
301 -31
302 -50
303 -40
304 -101
305 -45
306 -557
307 -40
308 -40
309 -556
310 -99
311 -49
312 -30
313 -26
314 -240
315 -111
316 -30
317 -329
318 -531
319 -95
320 -194
321 -206
322 -440
323 -30
324 -30
325 -377
326 -40
327 -30
328 -256
329 -228
330 -30
331 -28
332 -931
333 -53
334 -30
335 -40
336 -146
337 -30
338 -331
339 -30
340 -40
341 -40
342 -277
343 -29
344 -30
345 -40
346 -392
347 -40
348 -30
349 -155
350 -159
351 -30
352 -30
353 -95
354 -582
355 -130
356 -105
357 -40
358 -40
359 -30
360 -66
361 -95
362 -260
363 -40
364 -30
365 -198
366 -143
367 -222
368 -40
369 -30
370 -40
371 -30
372 -720
373 -21
374 -180
375 -269
376 -91
377 -40
378 -311
379 -60
380 -40
381 -653
382 -30
383 -184
384 -30
385 -19
386 -22
387 -513
388 -74
389 -30
390 -165
391 -119
392 -92
393 -255
394 -40
395 -40
396 -564
397 -308
398 -605
399 -67
400 -73
401 -40
402 -446
403 -266
404 -40
405 -104
406 -115
407 -41
408 -40
409 -30
410 -40
411 -457
412 -97
413 -831
414 -125
415 -312
416 -632
417 -388
418 -80
419 -168
420 -32
421 -101
422 -45
423 -30
424 -35
425 -37
426 -30
427 -30
428 -213
429 -281
430 -126
431 -40
432 -235
433 -7571
434 -62
435 -809
436 -412
437 -35
438 -103
439 -32
440 -83
441 -164
442 -30
443 -530
444 -40
445 -131
446 -150
447 -1592
448 -30
449 -30
450 -150
451 -40
452 -94
453 -326
454 -498
455 -40
456 -98
457 -237
458 -40
459 -46
460 -515
461 -24
462 -40
463 -137
464 -403
465 -157
466 -367
467 -62
468 -103
469 -435
470 -374
471 -513
472 -733
473 -680
474 -40
475 -30
476 -166
477 -595
478 -36
479 -40
480 -49
481 -40
482 -602
483 -63
484 -97
485 -238
486 -37
487 -117
488 -245
489 -35
490 -40
491 -120
492 -40
493 -942
494 -87
495 -34
496 -129
497 -142
498 -237
499 -44
500 -30
501 -348
502 -211
503 -815
504 -841
505 -94
506 -30
507 -503
508 -40
509 -40
510 -71
511 -262
512 -125
513 -29
514 -351
515 -30
516 -243
517 -423
518 -123
519 -50
520 -137
521 -40
522 -63
523 -60
524 -445
525 -49
526 -203
527 -54
528 -137
529 -40
530 -45
531 -52
532 -2233
533 -147
534 -294
535 -144
536 -400
537 -255
538 -179
539 -124
540 -780
541 -40
542 -40
543 -30
544 -66
545 -184
546 -260
547 -246
548 -54
549 -351
550 -446
551 -40
552 -40
553 -40
554 -841
555 -30
556 -42
557 -79
558 -35
559 -40
560 -299
561 -368
562 -40
563 -30
564 -77
565 -108
566 -187
567 -186
568 -43
569 -244
570 -52
571 -58
572 -30
573 -60
574 -194
575 -183
576 -40
577 -447
578 -996
579 -195
580 -40
581 -627
582 -16
583 -129
584 -30
585 -287
586 -51
587 -30
588 -777
589 -455
590 -65
591 -32
592 -56
593 -30
594 -124
595 -228
596 -199
597 -84
598 -127
599 -27
600 -311
601 -73
602 -404
603 -118
604 -650
605 -206
606 -248
607 -43
608 -461
609 -240
610 -463
611 -233
612 -30
613 -161
614 -40
615 -240
616 -205
617 -207
618 -335
619 -107
620 -30
621 -117
622 -44
623 -506
624 -40
625 -30
626 -30
627 -40
628 -40
629 -40
630 -40
631 -457
632 -30
633 -40
634 -141
635 -196
636 -256
637 -25
638 -442
639 -30
640 -117
641 -30
642 -286
643 -73
644 -40
645 -353
646 -632
647 -412
648 -311
649 -40
650 -30
651 -319
652 -30
653 -276
654 -148
655 -468
656 -30
657 -30
658 -260
659 -30
660 -331
661 -114
662 -376
663 -119
664 -130
665 -39
666 -40
667 -442
668 -195
669 -158
670 -33
671 -30
672 -73
673 -529
674 -30
675 -215
676 -129
677 -453
678 -539
679 -33
680 -79
681 -344
682 -34
683 -30
684 -40
685 -40
686 -710
687 -30
688 -30
689 -40
690 -78
691 -109
692 -116
693 -444
694 -40
695 -771
696 -816
697 -40
698 -573
699 -58
700 -40
701 -351
702 -30
703 -30
704 -122
705 -108
706 -307
707 -43
708 -575
709 -108
710 -241
711 -30
712 -368
713 -52
714 -209
715 -187
716 -192
717 -15
718 -348
719 -142
720 -140
721 -250
722 -328
723 -40
724 -154
725 -373
726 -291
727 -30
728 -42
729 -250
730 -30
731 -18
732 -30
733 -56
734 -227
735 -50
736 -30
737 -30
738 -164
739 -16
740 -31
741 -71
742 -52
743 -30
744 -316
745 -214
746 -191
747 -742
748 -366
749 -98
750 -156
751 -157
752 -562
753 -48
754 -447
755 -155
756 -195
757 -30
758 -88
759 -18
760 -379
761 -67
762 -142
763 -114
764 -85
765 -220
766 -399
767 -108
768 -161
769 -30
770 -18
771 -119
772 -183
773 -40
774 -30
775 -149
776 -40
777 -36
778 -72
779 -140
780 -601
781 -35
782 -543
783 -30
784 -71
785 -63
786 -534
787 -40
788 -30
789 -300
790 -40
791 -30
792 -40
793 -142
794 -40
795 -129
796 -149
797 -30
798 -229
799 -40
800 -42
801 -30
802 -79
803 -347
804 -40
805 -303
806 -64
807 -30
808 -230
809 -167
810 -40
811 -189
812 -40
813 -58
814 -40
815 -159
816 -127
817 -302
818 -30
819 -30
820 -30
821 -82
822 -40
823 -107
824 -132
825 -102
826 -342
827 -30
828 -40
829 -213
830 -106
831 -94
832 -432
833 -151
834 -143
835 -138
836 -315
837 -40
838 -315
839 -77
840 -200
841 -55
842 -25
843 -170
844 -123
845 -166
846 -86
847 -157
848 -136
849 -30
850 -236
851 -249
852 -107
853 -101
854 -34
855 -293
856 -40
857 -30
858 -67
859 -119
860 -30
861 -138
862 -362
863 -30
864 -94
865 -105
866 -102
867 -309
868 -30
869 -44
870 -95
871 -41
872 -41
873 -72
874 -191
875 -119
876 -804
877 -196
878 -392
879 -181
880 -937
881 -40
882 -341
883 -447
884 -55
885 -30
886 -30
887 -129
888 -40
889 -30
890 -444
891 -68
892 -58
893 -160
894 -64
895 -30
896 -81
897 -52
898 -904
899 -229
900 -200
901 -240
902 -231
903 -232
904 -314
905 -2887
906 -634
907 -80
908 -34
909 -30
910 -191
911 -270
912 -416
913 -242
914 -355
915 -561
916 -7
917 -30
918 -82
919 -203
920 -193
921 -276
922 -40
923 -40
924 -384
925 -186
926 -681
927 -270
928 -198
929 -82
930 -35
931 -496
932 -324
933 -41
934 -129
935 -251
936 -37
937 -60
938 -195
939 -30
940 -40
941 -40
942 -30
943 -30
944 -40
945 -139
946 -66
947 -242
948 -30
949 -40
950 -274
951 -112
952 -759
953 -96
954 -30
955 -45
956 -484
957 -30
958 -30
959 -219
960 -34
961 -32
962 -119
963 -489
964 -40
965 -1146
966 -266
967 -30
968 -162
969 -48
970 -40
971 -344
972 -616
973 -136
974 -38
975 -376
976 -328
977 -143
978 -18
979 -181
980 -451
981 -40
982 -214
983 -342
984 -304
985 -30
986 -47
987 -150
988 -86
989 -40
990 -283
991 -56
992 -34
993 -40
994 -101
995 -793
996 -63
997 -105
998 -164
999 -202
