0 -443
1 -33
2 -33
3 -33
4 -241
5 -33
6 -85
7 -29
8 -323
9 -76
10 -371
11 -23
12 -23
13 -91
14 -35
15 -35
16 -33
17 -23
18 -168
19 -226
20 -35
21 -23
22 -35
23 -23
24 -300
25 -298
26 -33
27 -35
28 -109
29 -165
30 -252
31 -23
32 -168
33 -23
34 -471
35 -1208
36 -35
37 -23
38 -48
39 -23
40 -223
41 -293
42 -23
43 -185
44 -33
45 -28
46 -23
47 -385
48 -863
49 -260
50 -87
51 -23
52 -81
53 -23
54 -195
55 -26
56 -305
57 -69
58 -33
59 -453
60 -239
61 -131
62 -164
63 -35
64 -35
65 -373
66 -23
67 -48
68 -148
69 -30
70 -34
71 -23
72 -23
73 -23
74 -140
75 -73
76 -33
77 -23
78 -23
79 -315
80 -155
81 -35
82 -137
83 -32
84 -30
85 -33
86 -226
87 -35
88 -33
89 -17
90 -71
91 -35
92 -191
93 -33
94 -28
95 -234
96 -318
97 -35
98 -178
99 -115
100 -487
101 -23
102 -2324
103 -151
104 -99
105 -51
106 -516
107 -23
108 -58
109 -136
110 -39
111 -468
112 -169
113 -36
114 -131
115 -378
116 -102
117 -236
118 -7
119 -47
120 -161
121 -126
122 -23
123 -33
124 -401
125 -487
126 -33
127 -96
128 -35
129 -35
130 -48
131 -173
132 -346
133 -153
134 -277
135 -65
136 -285
137 -748
138 -35
139 -35
140 -35
141 -78
142 -550
143 -35
144 -296
145 -33
146 -35
147 -33
148 -20
149 -28
150 -554
151 -35
152 -35
153 -451
154 -84
155 -21
156 -33
157 -23
158 -35
159 -41
160 -171
161 -23
162 -132
163 -131
164 -35
165 -77
166 -23
167 -45
168 -23
169 -262
170 -35
171 -33
172 -70
173 -85
174 -33
175 -47
176 -358
177 -35
178 -271
179 -23
180 -182
181 -35
182 -454
183 -35
184 -35
185 -163
186 -35
187 -53
188 -168
189 -829
190 -84
191 -320
192 -23
193 -35
194 -35
195 -629
196 -23
197 -35
198 -183
199 -23
200 -152
201 -172
202 -35
203 -91
204 -231
205 -67
206 -372
207 -105
208 -148
209 -357
210 -23
211 -94
212 -51
213 -152
214 -186
215 -103
216 -8
217 -23
218 -33
219 -579
220 -35
221 -33
222 -46
223 -35
224 -13
225 -212
226 -33
227 -380
228 -33
229 -23
230 -35
231 -454
232 -35
233 -348
234 -98
235 -33
236 -77
237 -563
238 -35
239 -79
240 -33
241 -72
242 -106
243 -505
244 -35
245 -39
246 -33
247 -29
248 -528
249 -33
250 -94
251 -33
252 -23
253 -68
254 -35
255 -50
256 -149
257 -83
258 -29
259 -33
260 -33
261 -47
262 -23
263 -35
264 -29
265 -64
266 -33
267 -23
268 -271
269 -23
270 -556
271 -33
272 -33
273 -578
274 -35
275 -35
276 -344
277 -293
278 -271
279 -339
280 -35
281 -112
282 -35
283 -95
284 -499
285 -35
286 -218
287 -37
288 -557
289 -592
290 -183
291 -35
292 -150
293 -33
294 -278
295 -33
296 -33
297 -35
298 -354
299 -665
300 -35
301 -261
302 -157
303 -112
304 -156
305 -59
306 -23
307 -31
308 -30
309 -33
310 -23
311 -35
312 -379
313 -191
314 -322
315 -23
316 -23
317 -273
318 -33
319 -74
320 -325
321 -199
322 -416
323 -22
324 -35
325 -546
326 -33
327 -35
328 -45
329 -35
330 -96
331 -23
332 -46
333 -33
334 -139
335 -314
336 -35
337 -33
338 -23
339 -33
340 -23
341 -771
342 -160
343 -23
344 -261
345 -33
346 -23
347 -108
348 -23
349 -22
350 -57
351 -35
352 -47
353 -23
354 -31
355 -35
356 -169
357 -49
358 -35
359 -35
360 -641
361 -57
362 -23
363 -33
364 -136
365 -179
366 -204
367 -33
368 -198
369 -35
370 -35
371 -137
372 -84
373 -515
374 -35
375 -146
376 -73
377 -90
378 -239
379 -271
380 -30
381 -132
382 -40
383 -35
384 -33
385 -23
386 -23
387 -506
388 -294
389 -35
390 -336
391 -33
392 -35
393 -277
394 -178
395 -151
396 -275
397 -23
398 -76
399 -138
400 -35
401 -171
402 -33
403 -23
404 -23
405 -50
406 -905
407 -35
408 -124
409 -35
410 -33
411 -353
412 -29
413 -327
414 -94
415 -23
416 -179
417 -35
418 -50
419 -23
420 -33
421 -23
422 -35
423 -33
424 -94
425 -33
426 -23
427 -50
428 -211
429 -53
430 -123
431 -93
432 -173
433 -68
434 -19
435 -33
436 -98
437 -23
438 -23
439 -119
440 -171
441 -23
442 -35
443 -23
444 -35
445 -47
446 -698
447 -163
448 -142
449 -466
450 -222
451 -33
452 -35
453 -61
454 -23
455 -332
456 -214
457 -33
458 -377
459 -101
460 -67
461 -23
462 -23
463 -43
464 -23
465 -35
466 -400
467 -32
468 -23
469 -38
470 -43
471 -127
472 -23
473 -252
474 -23
475 -497
476 -23
477 -33
478 -442
479 -246
480 -33
481 -54
482 -23
483 -216
484 -32
485 -250
486 -87
487 -601
488 -510
489 -78
490 -297
491 -33
492 -205
493 -196
494 -38
495 -390
496 -23
497 -292
498 -269
499 -33
500 -341
501 -23
502 -93
503 -33
504 -115
505 -115
506 -33
507 -23
508 -178
509 -102
510 -319
511 -306
512 -100
513 -23
514 -30
515 -35
516 -23
517 -23
518 -28
519 -23
520 -33
521 -270
522 -35
523 -33
524 -412
525 -23
526 -490
527 -403
528 -23
529 -35
530 -630
531 -149
532 -23
533 -23
534 -35
535 -23
536 -267
537 -33
538 -35
539 -33
540 -23
541 -296
542 -109
543 -203
544 -70
545 -264
546 -147
547 -35
548 -79
549 -35
550 -33
551 -35
552 -23
553 -186
554 -350
555 -35
556 -600
557 -758
558 -183
559 -23
560 -35
561 -28
562 -678
563 -33
564 -528
565 -35
566 -173
567 -155
568 -148
569 -52
570 -137
571 -31
572 -23
573 -29
574 -35
575 -33
576 -33
577 -33
578 -168
579 -35
580 -45
581 -23
582 -33
583 -100
584 -38
585 -403
586 -39
587 -33
588 -35
589 -23
590 -35
591 -23
592 -35
593 -663
594 -41
595 -246
596 -193
597 -301
598 -254
599 -122
600 -23
601 -219
602 -135
603 -23
604 -120
605 -35
606 -126
607 -67
608 -33
609 -79
610 -46
611 -30
612 -33
613 -33
614 -23
615 -232
616 -47
617 -364
618 -251
619 -432
620 -23
621 -94
622 -23
623 -68
624 -142
625 -23
626 -33
627 -284
628 -82
629 -35
630 -52
631 -136
632 -142
633 -554
634 -24
635 -23
636 -33
637 -234
638 -81
639 -66
640 -35
641 -91
642 -115
643 -185
644 -124
645 -232
646 -304
647 -35
648 -381
649 -33
650 -105
651 -158
652 -132
653 -33
654 -128
655 -23
656 -165
657 -1529
658 -23
659 -25
660 -85
661 -33
662 -140
663 -104
664 -66
665 -418
666 -23
667 -41
668 -61
669 -33
670 -33
671 -50
672 -33
673 -1830
674 -33
675 -235
676 -35
677 -293
678 -136
679 -189
680 -35
681 -35
682 -337
683 -35
684 -365
685 -33
686 -34
687 -23
688 -833
689 -742
690 -595
691 -101
692 -90
693 -90
694 -33
695 -23
696 -33
697 -96
698 -23
699 -201
700 -97
701 -69
702 -71
703 -303
704 -33
705 -180
706 -377
707 -88
708 -134
709 -219
710 -128
711 -26
712 -449
713 -134
714 -35
715 -82
716 -242
717 -23
718 -72
719 -84
720 -35
721 -29
722 -144
723 -246
724 -102
725 -543
726 -33
727 -33
728 -109
729 -282
730 -97
731 -50
732 -37
733 -26
734 -54
735 -264
736 -23
737 -35
738 -23
739 -124
740 -23
741 -35
742 -398
743 -178
744 -157
745 -167
746 -119
747 -91
748 -803
749 -49
750 -35
751 -33
752 -394
753 -33
754 -35
755 -23
756 -33
757 -35
758 -35
759 -102
760 -128
761 -673
762 -33
763 -33
764 -132
765 -247
766 -84
767 -65
768 -23
769 -701
770 -23
771 -50
772 -197
773 -33
774 -222
775 -172
776 -39
777 -250
778 -35
779 -297
780 -258
781 -157
782 -57
783 -23
784 -396
785 -23
786 -35
787 -218
788 -58
789 -271
790 -1943
791 -114
792 -33
793 -80
794 -68
795 -78
796 -35
797 -23
798 -257
799 -452
800 -305
801 -35
802 -35
803 -72
804 -138
805 -40
806 -307
807 -35
808 -506
809 -23
810 -461
811 -468
812 -33
813 -37
814 -59
815 -33
816 -33
817 -192
818 -453
819 -23
820 -33
821 -337
822 -40
823 -153
824 -23
825 -23
826 -33
827 -168
828 -33
829 -35
830 -84
831 -33
832 -41
833 -83
834 -690
835 -35
836 -252
837 -314
838 -403
839 -440
840 -33
841 -118
842 -400
843 -33
844 -190
845 -33
846 -307
847 -120
848 -41
849 -333
850 -33
851 -275
852 -272
853 -33
854 -68
855 -424
856 -134
857 -102
858 -266
859 -23
860 -23
861 -1384
862 -23
863 -33
864 -71
865 -44
866 -52
867 -23
868 -192
869 -35
870 -438
871 -33
872 -87
873 -23
874 -23
875 -23
876 -35
877 -150
878 -35
879 -212
880 -387
881 -147
882 -396
883 -33
884 -23
885 -165
886 -35
887 -33
888 -23
889 -33
890 -78
891 -105
892 -126
893 -169
894 -160
895 -97
896 -407
897 -33
898 -182
899 -382
900 -35
901 -34
902 -23
903 -191
904 -1071
905 -35
906 -85
907 -81
908 -35
909 -55
910 -231
911 -95
912 -297
913 -33
914 -66
915 -33
916 -23
917 -33
918 -72
919 -23
920 -69
921 -75
922 -39
923 -35
924 -322
925 -26
926 -90
927 -33
928 -191
929 -175
930 -266
931 -23
932 -220
933 -33
934 -41
935 -33
936 -23
937 -69
938 -33
939 -273
940 -143
941 -287
942 -62
943 -23
944 -31
945 -23
946 -68
947 -23
948 -13
949 -12
950 -129
951 -33
952 -1516
953 -20
954 -106
955 -23
956 -124
957 -318
958 -139
959 -33
960 -349
961 -143
962 -244
963 -23
964 -213
965 -35
966 -33
967 -33
968 -25
969 -14
970 -23
971 -67
972 -53
973 -515
974 -150
975 -123
976 -58
977 -35
978 -23
979 -57
980 -119
981 -288
982 -33
983 -23
984 -35
985 -115
986 -170
987 -81
988 -635
989 -95
990 -23
991 -124
992 -35
993 -23
994 -44
995 -150
996 -202
997 -504
998 -40
999 -343
