0 -222
1 -33
2 -161
3 -33
4 -33
5 -881
6 -52
7 -185
8 -269
9 -1164
10 -33
11 -648
12 -113
13 -111
14 -23
15 -121
16 -41
17 -335
18 -573
19 -33
20 -94
21 -249
22 -125
23 -158
24 -1088
25 -475
26 -185
27 -43
28 -274
29 -561
30 -292
31 -212
32 -173
33 -61
34 -904
35 -71
36 -19
37 -70
38 -632
39 -228
40 -98
41 -266
42 -33
43 -80
44 -33
45 -23
46 -76
47 -169
48 -49
49 -96
50 -33
51 -370
52 -33
53 -224
54 -116
55 -137
56 -23
57 -259
58 -33
59 -49
60 -33
61 -72
62 -33
63 -223
64 -12
65 -598
66 -23
67 -33
68 -387
69 -347
70 -1461
71 -90
72 -23
73 -23
74 -140
75 -310
76 -23
77 -179
78 -23
79 -23
80 -149
81 -23
82 -143
83 -469
84 -254
85 -202
86 -27
87 -408
88 -33
89 -33
90 -256
91 -632
92 -122
93 -291
94 -110
95 -541
96 -160
97 -81
98 -107
99 -155
100 -98
101 -55
102 -225
103 -174
104 -647
105 -33
106 -478
107 -210
108 -23
109 -91
110 -388
111 -336
112 -274
113 -23
114 -33
115 -124
116 -278
117 -594
118 -33
119 -40
120 -268
121 -33
122 -496
123 -33
124 -436
125 -19
126 -526
127 -33
128 -295
129 -241
130 -201
131 -109
132 -23
133 -361
134 -144
135 -12
136 -23
137 -23
138 -23
139 -538
140 -33
141 -312
142 -285
143 -23
144 -390
145 -804
146 -76
147 -264
148 -197
149 -23
150 -23
151 -259
152 -23
153 -116
154 -23
155 -203
156 -144
157 -71
158 -235
159 -555
160 -425
161 -217
162 -113
163 -563
164 -190
165 -338
166 -64
167 -170
168 -33
169 -250
170 -67
171 -131
172 -165
173 -33
174 -172
175 -23
176 -23
177 -144
178 -382
179 -225
180 -271
181 -28
182 -131
183 -33
184 -316
185 -209
186 -33
187 -23
188 -202
189 -82
190 -165
191 -83
192 -43
193 -33
194 -23
195 -312
196 -56
197 -167
198 -55
199 -49
200 -162
201 -192
202 -38
203 -76
204 -290
205 -182
206 -182
207 -248
208 -80
209 -23
210 -70
211 -419
212 -189
213 -307
214 -463
215 -33
216 -64
217 -92
218 -150
219 -121
220 -23
221 -23
222 -33
223 -156
224 -29
225 -437
226 -33
227 -23
228 -277
229 -23
230 -226
231 -75
232 -29
233 -33
234 -243
235 -33
236 -641
237 -23
238 -33
239 -11
240 -33
241 -834
242 -142
243 -14
244 -186
245 -233
246 -475
247 -29
248 -91
249 -113
250 -366
251 -33
252 -65
253 -204
254 -221
255 -399
256 -624
257 -62
258 -23
259 -211
260 -33
261 -352
262 -51
263 -99
264 -199
265 -165
266 -161
267 -62
268 -563
269 -172
270 -289
271 -220
272 -161
273 -24
274 -150
275 -37
276 -23
277 -136
278 -237
279 -246
280 -33
281 -135
282 -58
283 -23
284 -36
285 -196
286 -499
287 -57
288 -23
289 -322
290 -33
291 -23
292 -23
293 -74
294 -488
295 -874
296 -33
297 -119
298 -188
299 -23
300 -48
301 -23
302 -394
303 -432
304 -35
305 -283
306 -91
307 -219
308 -618
309 -33
310 -23
311 -33
312 -173
313 -581
314 -277
315 -83
316 -134
317 -151
318 -23
319 -40
320 -589
321 -284
322 -101
323 -305
324 -111
325 -133
326 -37
327 -23
328 -133
329 -279
330 -218
331 -267
332 -515
333 -466
334 -72
335 -323
336 -24
337 -123
338 -23
339 -235
340 -396
341 -23
342 -1422
343 -258
344 -33
345 -730
346 -23
347 -139
348 -23
349 -225
350 -128
351 -246
352 -207
353 -32
354 -201
355 -245
356 -102
357 -187
358 -33
359 -254
360 -56
361 -187
362 -33
363 -40
364 -116
365 -129
366 -253
367 -445
368 -33
369 -33
370 -546
371 -23
372 -135
373 -371
374 -33
375 -800
376 -247
377 -342
378 -56
379 -273
380 -33
381 -168
382 -33
383 -180
384 -105
385 -376
386 -38
387 -23
388 -346
389 -120
390 -920
391 -23
392 -623
393 -191
394 -326
395 -84
396 -41
397 -33
398 -58
399 -415
400 -245
401 -33
402 -456
403 -30
404 -28
405 -578
406 -98
407 -65
408 -135
409 -313
410 -314
411 -33
412 -33
413 -179
414 -30
415 -152
416 -33
417 -33
418 -447
419 -258
420 -23
421 -224
422 -200
423 -370
424 -118
425 -251
426 -439
427 -407
428 -33
429 -353
430 -74
431 -350
432 -33
433 -367
434 -310
435 -156
436 -154
437 -67
438 -299
439 -33
440 -238
441 -172
442 -39
443 -245
444 -33
445 -167
446 -185
447 -286
448 -200
449 -424
450 -96
451 -23
452 -411
453 -214
454 -52
455 -33
456 -33
457 -75
458 -33
459 -33
460 -67
461 -50
462 -149
463 -23
464 -279
465 -134
466 -33
467 -173
468 -340
469 -254
470 -27
471 -509
472 -149
473 -420
474 -163
475 -367
476 -231
477 -190
478 -33
479 -23
480 -33
481 -141
482 -451
483 -263
484 -122
485 -87
486 -210
487 -101
488 -262
489 -33
490 -311
491 -505
492 -428
493 -23
494 -80
495 -23
496 -235
497 -247
498 -205
499 -23
500 -111
501 -33
502 -482
503 -111
504 -278
505 -203
506 -33
507 -129
508 -33
509 -23
510 -69
511 -134
512 -332
513 -142
514 -209
515 -309
516 -312
517 -33
518 -18
519 -35
520 -78
521 -28
522 -33
523 -23
524 -407
525 -180
526 -162
527 -212
528 -23
529 -269
530 -34
531 -237
532 -33
533 -258
534 -248
535 -23
536 -480
537 -378
538 -484
539 -33
540 -23
541 -171
542 -171
543 -33
544 -33
545 -69
546 -241
547 -49
548 -206
549 -726
550 -77
551 -243
552 -23
553 -23
554 -511
555 -356
556 -194
557 -203
558 -176
559 -147
560 -27
561 -427
562 -307
563 -120
564 -23
565 -89
566 -474
567 -50
568 -290
569 -33
570 -33
571 -48
572 -124
573 -23
574 -80
575 -40
576 -138
577 -138
578 -215
579 -567
580 -253
581 -103
582 -69
583 -281
584 -23
585 -25
586 -744
587 -213
588 -233
589 -125
590 -23
591 -207
592 -328
593 -23
594 -178
595 -298
596 -144
597 -134
598 -74
599 -29
600 -554
601 -23
602 -23
603 -295
604 -34
605 -212
606 -745
607 -354
608 -77
609 -567
610 -54
611 -247
612 -151
613 -33
614 -307
615 -511
616 -66
617 -89
618 -126
619 -223
620 -33
621 -414
622 -33
623 -33
624 -52
625 -452
626 -34
627 -90
628 -134
629 -33
630 -465
631 -250
632 -159
633 -294
634 -194
635 -35
636 -72
637 -33
638 -553
639 -23
640 -52
641 -23
642 -232
643 -311
644 -113
645 -222
646 -225
647 -70
648 -528
649 -135
650 -299
651 -62
652 -33
653 -129
654 -838
655 -177
656 -33
657 -451
658 -484
659 -175
660 -23
661 -153
662 -94
663 -33
664 -247
665 -1047
666 -23
667 -173
668 -42
669 -178
670 -33
671 -23
672 -23
673 -529
674 -193
675 -282
676 -326
677 -721
678 -623
679 -23
680 -23
681 -543
682 -33
683 -200
684 -72
685 -605
686 -33
687 -255
688 -32
689 -803
690 -33
691 -33
692 -23
693 -23
694 -94
695 -76
696 -30
697 -349
698 -451
699 -411
700 -33
701 -114
702 -76
703 -49
704 -159
705 -376
706 -45
707 -161
708 -393
709 -382
710 -190
711 -223
712 -123
713 -23
714 -630
715 -75
716 -70
717 -33
718 -91
719 -1028
720 -300
721 -62
722 -113
723 -10
724 -23
725 -434
726 -163
727 -400
728 -495
729 -49
730 -17
731 -335
732 -81
733 -296
734 -33
735 -23
736 -93
737 -137
738 -61
739 -33
740 -117
741 -33
742 -347
743 -33
744 -218
745 -27
746 -33
747 -77
748 -576
749 -33
750 -62
751 -281
752 -23
753 -196
754 -23
755 -266
756 -113
757 -33
758 -191
759 -83
760 -95
761 -33
762 -217
763 -50
764 -240
765 -283
766 -44
767 -120
768 -305
769 -518
770 -89
771 -1350
772 -23
773 -23
774 -33
775 -49
776 -64
777 -80
778 -27
779 -383
780 -94
781 -367
782 -23
783 -33
784 -73
785 -23
786 -92
787 -23
788 -158
789 -218
790 -108
791 -178
792 -51
793 -16
794 -23
795 -27
796 -33
797 -57
798 -120
799 -69
800 -61
801 -65
802 -23
803 -111
804 -275
805 -117
806 -186
807 -157
808 -105
809 -68
810 -109
811 -33
812 -367
813 -1270
814 -622
815 -35
816 -23
817 -23
818 -664
819 -85
820 -80
821 -312
822 -34
823 -170
824 -179
825 -28
826 -68
827 -540
828 -62
829 -613
830 -23
831 -584
832 -125
833 -14
834 -397
835 -23
836 -1642
837 -23
838 -1191
839 -23
840 -61
841 -23
842 -363
843 -122
844 -31
845 -95
846 -160
847 -33
848 -78
849 -48
850 -307
851 -146
852 -311
853 -33
854 -294
855 -23
856 -23
857 -18
858 -97
859 -24
860 -192
861 -801
862 -40
863 -86
864 -152
865 -617
866 -33
867 -209
868 -23
869 -345
870 -48
871 -60
872 -23
873 -398
874 -429
875 -763
876 -197
877 -122
878 -23
879 -104
880 -99
881 -45
882 -100
883 -64
884 -493
885 -34
886 -42
887 -121
888 -101
889 -33
890 -122
891 -33
892 -41
893 -144
894 -23
895 -23
896 -163
897 -344
898 -173
899 -33
900 -23
901 -121
902 -379
903 -168
904 -156
905 -33
906 -308
907 -33
908 -72
909 -193
910 -116
911 -262
912 -37
913 -85
914 -48
915 -206
916 -23
917 -352
918 -101
919 -33
920 -21
921 -369
922 -65
923 -244
924 -55
925 -33
926 -33
927 -71
928 -686
929 -223
930 -23
931 -23
932 -532
933 -385
934 -33
935 -401
936 -250
937 -147
938 -23
939 -166
940 -193
941 -201
942 -329
943 -69
944 -521
945 -429
946 -23
947 -23
948 -222
949 -173
950 -32
951 -136
952 -106
953 -66
954 -183
955 -178
956 -33
957 -204
958 -33
959 -405
960 -132
961 -101
962 -33
963 -625
964 -39
965 -97
966 -427
967 -221
968 -153
969 -281
970 -168
971 -69
972 -13
973 -1843
974 -23
975 -198
976 -33
977 -276
978 -96
979 -724
980 -104
981 -102
982 -23
983 -32
984 -712
985 -32
986 -94
987 -23
988 -1141
989 -23
990 -432
991 -520
992 -33
993 -500
994 -153
995 -354
996 -33
997 -343
998 -33
999 -56
