0 -33
1 -13693
2 -33
3 -33
4 -33
5 -450
6 -87
7 -32
8 -144
9 -32
10 -33
11 -33
12 -257
13 -33
14 -32
15 -2778
16 -32
17 -33
18 -98
19 -32
20 -23
21 -60
22 -23
23 -23
24 -32
25 -71
26 -33
27 -903
28 -147
29 -466
30 -23
31 -23
32 -33
33 -729
34 -32
35 -32
36 -32
37 -443
38 -117
39 -169
40 -23
41 -380
42 -326
43 -54
44 -147
45 -32
46 -500
47 -63
48 -33
49 -53
50 -32
51 -33
52 -32
53 -374
54 -317
55 -23
56 -33
57 -33
58 -198
59 -32
60 -80
61 -33
62 -23
63 -32
64 -95
65 -38
66 -102
67 -54
68 -73
69 -23
70 -337
71 -23
72 -278
73 -23
74 -120
75 -135
76 -624
77 -32
78 -987
79 -108
80 -2321
81 -23
82 -386
83 -668
84 -50
85 -33
86 -33
87 -625
88 -23
89 -300
90 -401
91 -32
92 -32
93 -23
94 -149
95 -23
96 -262
97 -454
98 -33
99 -598
100 -32
101 -59
102 -211
103 -23
104 -372
105 -33
106 -23
107 -489
108 -44
109 -117
110 -135
111 -32
112 -1449
113 -32
114 -32
115 -70
116 -889
117 -355
118 -32
119 -55
120 -33
121 -73
122 -33
123 -23
124 -360
125 -32
126 -23
127 -23
128 -394
129 -207
130 -52
131 -32
132 -23
133 -33
134 -33
135 -46
136 -185
137 -82
138 -130
139 -783
140 -215
141 -369
142 -33
143 -305
144 -23
145 -465
146 -32
147 -359
148 -32
149 -32
150 -154
151 -23
152 -33
153 -103
154 -84
155 -130
156 -33
157 -33
158 -50
159 -32
160 -141
161 -713
162 -32
163 -314
164 -401
165 -42
166 -90
167 -350
168 -67
169 -203
170 -89
171 -33
172 -32
173 -151
174 -68
175 -282
176 -9
177 -32
178 -130
179 -454
180 -33
181 -52
182 -32
183 -596
184 -905
185 -33
186 -300
187 -1366
188 -23
189 -3067
190 -360
191 -169
192 -32
193 -23
194 -341
195 -23
196 -32
197 -82
198 -33
199 -33
200 -66
201 -33
202 -63
203 -23
204 -33
205 -138
206 -33
207 -96
208 -23
209 -23
210 -33
211 -84
212 -23
213 -7336
214 -1003
215 -70
216 -23
217 -33
218 -23
219 -33
220 -2775
221 -307
222 -51
223 -33
224 -33
225 -33
226 -33
227 -23
228 -32
229 -313
230 -32
231 -730
232 -1220
233 -66
234 -299
235 -33
236 -23
237 -24
238 -370
239 -23
240 -783
241 -135
242 -997
243 -812
244 -207
245 -96
246 -39
247 -23
248 -32
249 -141
250 -33
251 -278
252 -32
253 -33
254 -4172
255 -280
256 -23
257 -204
258 -33
259 -16
260 -32
261 -23
262 -33
263 -71
264 -242
265 -32
266 -32
267 -23
268 -78
269 -23
270 -96
271 -206
272 -123
273 -198
274 -449
275 -78
276 -32
277 -33
278 -32
279 -796
280 -150
281 -166
282 -32
283 -23
284 -32
285 -214
286 -76
287 -32
288 -32
289 -87
290 -762
291 -32
292 -178
293 -23
294 -33
295 -33
296 -41
297 -376
298 -941
299 -23
300 -3446
301 -139
302 -122
303 -416
304 -32
305 -73
306 -32
307 -66
308 -42
309 -33
310 -23
311 -217
312 -1053
313 -418
314 -53
315 -60
316 -699
317 -219
318 -89
319 -119
320 -605
321 -32
322 -156
323 -1443
324 -23
325 -245
326 -44
327 -3645
328 -23
329 -194
330 -137
331 -51
332 -23
333 -33
334 -23
335 -240
336 -37
337 -279
338 -33
339 -33
340 -2845
341 -1767
342 -42
343 -108
344 -347
345 -32
346 -564
347 -142
348 -749
349 -110
350 -33
351 -32
352 -708
353 -23
354 -36
355 -74
356 -167
357 -33
358 -23
359 -33
360 -232
361 -32
362 -33
363 -32
364 -26
365 -32
366 -206
367 -32
368 -23
369 -67
370 -23
371 -60
372 -114
373 -33
374 -32
375 -33
376 -117
377 -345
378 -302
379 -23
380 -23
381 -33
382 -349
383 -55
384 -32
385 -82
386 -33
387 -147
388 -23
389 -32
390 -77
391 -239
392 -154
393 -149
394 -59
395 -198
396 -68
397 -33
398 -68
399 -92
400 -33
401 -409
402 -253
403 -23
404 -211
405 -53
406 -23
407 -218
408 -33
409 -231
410 -23
411 -33
412 -116
413 -140
414 -23
415 -1741
416 -255
417 -23
418 -32
419 -270
420 -148
421 -189
422 -59
423 -91
424 -23
425 -278
426 -23
427 -443
428 -521
429 -23
430 -110
431 -33
432 -32
433 -21
434 -267
435 -33
436 -31
437 -32
438 -242
439 -104
440 -32
441 -23
442 -23
443 -32
444 -481
445 -222
446 -33
447 -33
448 -85
449 -70
450 -93
451 -32
452 -446
453 -99
454 -33
455 -416
456 -23
457 -197
458 -32
459 -32
460 -23
461 -249
462 -116
463 -202
464 -129
465 -296
466 -54
467 -32
468 -33
469 -23
470 -405
471 -348
472 -33
473 -167
474 -413
475 -32
476 -193
477 -32
478 -35
479 -253
480 -33
481 -393
482 -23
483 -23
484 -33
485 -23
486 -23
487 -251
488 -188
489 -215
490 -23
491 -23
492 -62
493 -23
494 -229
495 -23
496 -23
497 -33
498 -574
499 -23
500 -23
501 -23
502 -171
503 -32
504 -124
505 -23
506 -161
507 -551
508 -23
509 -1048
510 -513
511 -195
512 -35
513 -33
514 -59
515 -33
516 -353
517 -28
518 -136
519 -148
520 -130
521 -396
522 -432
523 -33
524 -49
525 -32
526 -32
527 -52
528 -57
529 -379
530 -150
531 -32
532 -254
533 -32
534 -128
535 -126
536 -33
537 -248
538 -54
539 -64
540 -23
541 -32
542 -62
543 -154
544 -33
545 -23
546 -23
547 -222
548 -129
549 -49
550 -332
551 -292
552 -333
553 -147
554 -23
555 -2353
556 -23
557 -23
558 -206
559 -375
560 -1069
561 -206
562 -23
563 -39
564 -32
565 -448
566 -184
567 -33
568 -53
569 -1356
570 -32
571 -23
572 -32
573 -33
574 -299
575 -365
576 -104
577 -184
578 -62
579 -75
580 -73
581 -4562
582 -33
583 -99
584 -23
585 -57
586 -427
587 -222
588 -1177
589 -163
590 -90
591 -23
592 -33
593 -32
594 -368
595 -23
596 -23
597 -356
598 -176
599 -32
600 -32
601 -186
602 -28
603 -129
604 -33
605 -23
606 -23
607 -221
608 -48
609 -23
610 -602
611 -32
612 -77
613 -71
614 -599
615 -79
616 -170
617 -189
618 -51
619 -122
620 -92
621 -33
622 -23
623 -32
624 -79
625 -132
626 -204
627 -1250
628 -146
629 -33
630 -236
631 -146
632 -32
633 -318
634 -88
635 -193
636 -105
637 -33
638 -23
639 -664
640 -32
641 -23
642 -33
643 -23
644 -62
645 -33
646 -23
647 -23
648 -70
649 -23
650 -32
651 -119
652 -23
653 -359
654 -32
655 -33
656 -278
657 -33
658 -299
659 -508
660 -33
661 -68
662 -54
663 -41
664 -37
665 -43
666 -235
667 -32
668 -662
669 -32
670 -208
671 -32
672 -32
673 -33
674 -33
675 -430
676 -215
677 -32
678 -212
679 -33
680 -266
681 -37
682 -164
683 -23
684 -33
685 -32
686 -23
687 -128
688 -49
689 -216
690 -302
691 -23
692 -41
693 -11449
694 -11
695 -33
696 -33
697 -134
698 -32
699 -194
700 -202
701 -44
702 -228
703 -35
704 -23
705 -374
706 -55
707 -110
708 -58
709 -284
710 -171
711 -427
712 -32
713 -65
714 -100
715 -572
716 -71
717 -386
718 -28
719 -33
720 -572
721 -89
722 -23
723 -924
724 -23
725 -2573
726 -192
727 -343
728 -292
729 -33
730 -670
731 -23
732 -23
733 -226
734 -112
735 -33
736 -1329
737 -268
738 -33
739 -259
740 -33
741 -23
742 -685
743 -273
744 -45
745 -266
746 -161
747 -423
748 -65
749 -33
750 -33
751 -32
752 -32
753 -171
754 -33
755 -32
756 -42
757 -143
758 -32
759 -52
760 -32
761 -32
762 -145
763 -33
764 -1187
765 -33
766 -32
767 -303
768 -23
769 -33
770 -444
771 -45
772 -121
773 -1854
774 -196
775 -83
776 -84
777 -278
778 -23
779 -24
780 -412
781 -762
782 -368
783 -167
784 -33
785 -159
786 -3697
787 -72
788 -2807
789 -33
790 -331
791 -110
792 -180
793 -33
794 -23
795 -121
796 -32
797 -239
798 -539
799 -23
800 -193
801 -346
802 -33
803 -32
804 -116
805 -33
806 -32
807 -23
808 -23
809 -23
810 -33
811 -33
812 -23
813 -33
814 -33
815 -372
816 -194
817 -24
818 -32
819 -32
820 -58
821 -143
822 -554
823 -88
824 -23
825 -33
826 -23
827 -23
828 -40
829 -266
830 -23
831 -34
832 -258
833 -95
834 -96
835 -33
836 -193
837 -238
838 -33
839 -303
840 -33
841 -32
842 -39
843 -239
844 -120
845 -58
846 -250
847 -33
848 -23
849 -32
850 -1640
851 -32
852 -23
853 -32
854 -207
855 -38
856 -285
857 -1212
858 -158
859 -32
860 -187
861 -33
862 -23
863 -347
864 -356
865 -33
866 -94
867 -125
868 -33
869 -23
870 -23
871 -308
872 -36
873 -33
874 -32
875 -38
876 -87
877 -161
878 -147
879 -23
880 -23
881 -473
882 -342
883 -32
884 -24
885 -642
886 -109
887 -23
888 -32
889 -32
890 -35
891 -33
892 -501
893 -100
894 -178
895 -277
896 -45
897 -207
898 -33
899 -21
900 -33
901 -142
902 -23
903 -32
904 -23
905 -35
906 -453
907 -23
908 -35
909 -691
910 -102
911 -105
912 -121
913 -23
914 -32
915 -33
916 -23
917 -32
918 -33
919 -57
920 -23
921 -33
922 -23
923 -188
924 -97
925 -33
926 -273
927 -274
928 -33
929 -57
930 -226
931 -23
932 -159
933 -314
934 -148
935 -206
936 -266
937 -23
938 -325
939 -33
940 -42
941 -495
942 -23
943 -23
944 -23
945 -3698
946 -23
947 -305
948 -64
949 -33
950 -33
951 -84
952 -23
953 -23
954 -23
955 -685
956 -46
957 -594
958 -375
959 -23
960 -308
961 -431
962 -353
963 -227
964 -32
965 -43
966 -530
967 -32
968 -33
969 -130
970 -31
971 -428
972 -33
973 -466
974 -23
975 -23
976 -269
977 -329
978 -32
979 -272
980 -195
981 -166
982 -513
983 -32
984 -256
985 -23
986 -32
987 -182
988 -23
989 -23
990 -2008
991 -210
992 -69
993 -149
994 -823
995 -32
996 -847
997 -3685
998 -112
999 -32
