0 -44
1 -169
2 -124
3 -435
4 -434
5 -829
6 -22
7 -81
8 -608
9 -23
10 -22
11 -208
12 -35
13 -49
14 -22
15 -35
16 -35
17 -36
18 -63
19 -35
20 -45
21 -511
22 -608
23 -251
24 -270
25 -703
26 -1337
27 -22
28 -40
29 -224
30 -347
31 -22
32 -216
33 -35
34 -22
35 -60
36 -186
37 -516
38 -898
39 -35
40 -1598
41 -316
42 -183
43 -758
44 -136
45 -85
46 -79
47 -170
48 -227
49 -151
50 -799
51 -285
52 -348
53 -493
54 -35
55 -258
56 -150
57 -203
58 -261
59 -90
60 -22
61 -158
62 -426
63 -158
64 -2218
65 -3003
66 -412
67 -283
68 -141
69 -22
70 -83
71 -22
72 -14
73 -35
74 -172
75 -174
76 -71
77 -35
78 -140
79 -611
80 -70
81 -252
82 -23
83 -472
84 -965
85 -62
86 -956
87 -101
88 -234
89 -30
90 -2538
91 -103
92 -179
93 -349
94 -45
95 -27
96 -22
97 -380
98 -143
99 -4017
100 -41
101 -988
102 -35
103 -137
104 -175
105 -928
106 -335
107 -483
108 -453
109 -22
110 -41
111 -22
112 -458
113 -121
114 -1093
115 -1070
116 -157
117 -605
118 -121
119 -22
120 -1066
121 -65
122 -341
123 -22
124 -35
125 -45
126 -22
127 -22
128 -1363
129 -22
130 -82
131 -63
132 -2382
133 -186
134 -338
135 -229
136 -1838
137 -378
138 -22
139 -78
140 -288
141 -183
142 -321
143 -968
144 -255
145 -56
146 -349
147 -499
148 -52
149 -57
150 -551
151 -23
152 -22
153 -30
154 -35
155 -22
156 -22
157 -178
158 -103
159 -83
160 -22
161 -22
162 -179
163 -190
164 -61
165 -22
166 -65
167 -223
168 -160
169 -22
170 -22
171 -214
172 -201
173 -98
174 -174
175 -48
176 -77
177 -121
178 -35
179 -263
180 -320
181 -55
182 -42
183 -22
184 -22
185 -3691
186 -134
187 -121
188 -90
189 -49
190 -316
191 -267
192 -139
193 -643
194 -35
195 -133
196 -78
197 -22
198 -118
199 -51
200 -124
201 -328
202 -705
203 -22
204 -41
205 -115
206 -210
207 -22
208 -329
209 -51
210 -184
211 -183
212 -165
213 -246
214 -149
215 -22
216 -67
217 -880
218 -99
219 -58
220 -710
221 -76
222 -35
223 -540
224 -233
225 -59
226 -271
227 -48
228 -272
229 -142
230 -315
231 -410
232 -35
233 -35
234 -35
235 -126
236 -212
237 -158
238 -224
239 -1008
240 -154
241 -488
242 -594
243 -466
244 -23
245 -31
246 -2773
247 -36
248 -1307
249 -78
250 -48
251 -225
252 -275
253 -54
254 -448
255 -30
256 -548
257 -104
258 -303
259 -90
260 -440
261 -22
262 -59
263 -180
264 -223
265 -58
266 -35
267 -60
268 -35
269 -22
270 -234
271 -488
272 -21
273 -728
274 -22
275 -1503
276 -144
277 -35
278 -4284
279 -27
280 -47
281 -99
282 -685
283 -22
284 -339
285 -40
286 -35
287 -50
288 -108
289 -378
290 -61
291 -22
292 -22
293 -167
294 -174
295 -22
296 -29
297 -96
298 -284
299 -54
300 -257
301 -22
302 -77
303 -35
304 -113
305 -44
306 -37
307 -131
308 -22
309 -2175
310 -318
311 -473
312 -148
313 -2140
314 -35
315 -81
316 -536
317 -1380
318 -219
319 -849
320 -237
321 -22
322 -115
323 -35
324 -598
325 -422
326 -154
327 -906
328 -915
329 -188
330 -1882
331 -1598
332 -747
333 -221
334 -238
335 -22
336 -22
337 -22
338 -67
339 -76
340 -35
341 -38
342 -22
343 -143
344 -148
345 -44
346 -101
347 -79
348 -35
349 -140
350 -40
351 -35
352 -165
353 -98
354 -104
355 -648
356 -22
357 -78
358 -158
359 -117
360 -901
361 -35
362 -1358
363 -403
364 -57
365 -35
366 -35
367 -76
368 -22
369 -35
370 -188
371 -22
372 -153
373 -610
374 -211
375 -126
376 -234
377 -22
378 -256
379 -22
380 -95
381 -937
382 -87
383 -140
384 -608
385 -266
386 -271
387 -22
388 -35
389 -124
390 -2687
391 -202
392 -76
393 -306
394 -163
395 -162
396 -35
397 -765
398 -22
399 -442
400 -65
401 -22
402 -113
403 -420
404 -128
405 -918
406 -22
407 -258
408 -35
409 -105
410 -67
411 -22
412 -22
413 -33
414 -848
415 -255
416 -772
417 -35
418 -35
419 -42
420 -216
421 -220
422 -219
423 -2285
424 -1243
425 -558
426 -35
427 -185
428 -88
429 -38
430 -1480
431 -380
432 -93
433 -2103
434 -1155
435 -183
436 -573
437 -35
438 -157
439 -71
440 -317
441 -900
442 -542
443 -483
444 -35
445 -18
446 -806
447 -22
448 -35
449 -201
450 -22
451 -150
452 -790
453 -332
454 -37
455 -60
456 -31
457 -34
458 -22
459 -22
460 -35
461 -76
462 -710
463 -22
464 -273
465 -226
466 -238
467 -440
468 -723
469 -375
470 -606
471 -83
472 -349
473 -22
474 -35
475 -574
476 -190
477 -1638
478 -178
479 -22
480 -35
481 -22
482 -35
483 -220
484 -218
485 -104
486 -38
487 -35
488 -32
489 -164
490 -48
491 -22
492 -491
493 -42
494 -1072
495 -530
496 -273
497 -871
498 -226
499 -135
500 -311
501 -1040
502 -142
503 -627
504 -22
505 -35
506 -155
507 -444
508 -35
509 -22
510 -254
511 -91
512 -22
513 -630
514 -3573
515 -22
516 -513
517 -376
518 -172
519 -208
520 -237
521 -92
522 -22
523 -305
524 -35
525 -68
526 -145
527 -213
528 -58
529 -35
530 -22
531 -948
532 -125
533 -22
534 -409
535 -22
536 -22
537 -808
538 -35
539 -22
540 -22
541 -166
542 -35
543 -553
544 -22
545 -48
546 -35
547 -87
548 -75
549 -22
550 -237
551 -232
552 -241
553 -538
554 -22
555 -81
556 -35
557 -288
558 -57
559 -339
560 -35
561 -22
562 -113
563 -225
564 -9
565 -273
566 -37
567 -34
568 -598
569 -35
570 -122
571 -268
572 -278
573 -330
574 -22
575 -35
576 -79
577 -843
578 -35
579 -132
580 -322
581 -106
582 -101
583 -35
584 -22
585 -39
586 -31
587 -479
588 -35
589 -35
590 -376
591 -239
592 -63
593 -1963
594 -22
595 -685
596 -139
597 -159
598 -22
599 -22
600 -116
601 -204
602 -752
603 -35
604 -1045
605 -35
606 -22
607 -72
608 -70
609 -35
610 -87
611 -73
612 -164
613 -21
614 -22
615 -22
616 -80
617 -22
618 -291
619 -420
620 -123
621 -22
622 -35
623 -4307
624 -168
625 -35
626 -54
627 -310
628 -110
629 -125
630 -35
631 -22
632 -35
633 -22
634 -148
635 -35
636 -336
637 -213
638 -1997
639 -42
640 -488
641 -580
642 -348
643 -75
644 -494
645 -103
646 -35
647 -78
648 -250
649 -35
650 -268
651 -176
652 -35
653 -35
654 -31
655 -35
656 -22
657 -88
658 -146
659 -24
660 -35
661 -1885
662 -1123
663 -275
664 -141
665 -165
666 -35
667 -22
668 -377
669 -35
670 -35
671 -413
672 -35
673 -196
674 -893
675 -22
676 -155
677 -20
678 -35
679 -22
680 -22
681 -22
682 -35
683 -278
684 -1415
685 -367
686 -370
687 -978
688 -4575
689 -22
690 -104
691 -22
692 -198
693 -94
694 -190
695 -136
696 -31
697 -35
698 -347
699 -1060
700 -52
701 -35
702 -49
703 -117
704 -87
705 -438
706 -76
707 -335
708 -1173
709 -264
710 -1012
711 -190
712 -82
713 -388
714 -98
715 -3943
716 -35
717 -365
718 -22
719 -22
720 -2244
721 -132
722 -251
723 -22
724 -397
725 -1945
726 -304
727 -424
728 -35
729 -165
730 -53
731 -443
732 -120
733 -3058
734 -196
735 -22
736 -115
737 -21
738 -35
739 -44
740 -24
741 -35
742 -38
743 -38
744 -22
745 -764
746 -28
747 -168
748 -35
749 -78
750 -22
751 -550
752 -210
753 -35
754 -22
755 -176
756 -803
757 -167
758 -153
759 -188
760 -138
761 -1468
762 -22
763 -22
764 -205
765 -35
766 -295
767 -22
768 -135
769 -286
770 -77
771 -357
772 -22
773 -2483
774 -35
775 -637
776 -316
777 -211
778 -168
779 -522
780 -463
781 -130
782 -22
783 -827
784 -128
785 -1545
786 -653
787 -36
788 -334
789 -440
790 -22
791 -35
792 -105
793 -35
794 -35
795 -35
796 -36
797 -22
798 -35
799 -35
800 -228
801 -39
802 -1973
803 -55
804 -123
805 -22
806 -203
807 -1050
808 -1243
809 -120
810 -140
811 -35
812 -36
813 -27
814 -43
815 -394
816 -197
817 -179
818 -90
819 -35
820 -110
821 -856
822 -83
823 -405
824 -493
825 -336
826 -960
827 -134
828 -22
829 -188
830 -323
831 -22
832 -35
833 -148
834 -22
835 -22
836 -35
837 -249
838 -599
839 -202
840 -1365
841 -35
842 -56
843 -417
844 -22
845 -22
846 -321
847 -48
848 -78
849 -100
850 -533
851 -97
852 -165
853 -80
854 -137
855 -568
856 -30
857 -22
858 -4333
859 -35
860 -2724
861 -35
862 -250
863 -675
864 -354
865 -22
866 -22
867 -35
868 -2250
869 -250
870 -295
871 -35
872 -1501
873 -60
874 -407
875 -241
876 -35
877 -233
878 -93
879 -1184
880 -118
881 -190
882 -112
883 -58
884 -214
885 -35
886 -544
887 -22
888 -35
889 -22
890 -593
891 -27
892 -127
893 -34
894 -35
895 -1498
896 -152
897 -358
898 -170
899 -22
900 -359
901 -1098
902 -1384
903 -22
904 -85
905 -23
906 -22
907 -110
908 -22
909 -187
910 -471
911 -384
912 -22
913 -52
914 -33
915 -35
916 -35
917 -76
918 -171
919 -465
920 -22
921 -103
922 -684
923 -131
924 -584
925 -90
926 -95
927 -401
928 -43
929 -28
930 -35
931 -424
932 -646
933 -111
934 -42
935 -215
936 -85
937 -145
938 -1913
939 -35
940 -708
941 -578
942 -35
943 -26
944 -119
945 -99
946 -89
947 -511
948 -468
949 -64
950 -22
951 -128
952 -22
953 -35
954 -22
955 -77
956 -34
957 -221
958 -22
959 -22
960 -30
961 -71
962 -1493
963 -122
964 -136
965 -163
966 -22
967 -35
968 -1405
969 -564
970 -42
971 -100
972 -29
973 -22
974 -35
975 -130
976 -22
977 -22
978 -167
979 -22
980 -374
981 -521
982 -354
983 -273
984 -22
985 -1400
986 -90
987 -132
988 -218
989 -41
990 -22
991 -110
992 -57
993 -369
994 -64
995 -638
996 -35
997 -47
998 -55
999 -148
