0 -324
1 -225
2 -23
3 -168
4 -40
5 -89
6 -124
7 -33
8 -267
9 -484
10 -48
11 -23
12 -23
13 -213
14 -34
15 -35
16 -33
17 -306
18 -34
19 -23
20 -101
21 -23
22 -23
23 -29
24 -370
25 -23
26 -114
27 -284
28 -55
29 -23
30 -791
31 -33
32 -159
33 -35
34 -35
35 -35
36 -64
37 -78
38 -23
39 -475
40 -37
41 -23
42 -35
43 -35
44 -232
45 -42
46 -35
47 -33
48 -23
49 -23
50 -23
51 -150
52 -390
53 -33
54 -33
55 -33
56 -23
57 -73
58 -97
59 -531
60 -97
61 -239
62 -33
63 -23
64 -33
65 -65
66 -23
67 -23
68 -23
69 -132
70 -41
71 -23
72 -182
73 -23
74 -352
75 -25
76 -23
77 -33
78 -158
79 -47
80 -23
81 -307
82 -101
83 -23
84 -23
85 -35
86 -33
87 -35
88 -42
89 -33
90 -304
91 -23
92 -23
93 -143
94 -33
95 -53
96 -44
97 -90
98 -35
99 -23
100 -33
101 -101
102 -175
103 -32
104 -64
105 -282
106 -246
107 -180
108 -23
109 -126
110 -35
111 -33
112 -35
113 -23
114 -33
115 -182
116 -2046
117 -23
118 -321
119 -138
120 -52
121 -71
122 -23
123 -229
124 -23
125 -23
126 -50
127 -35
128 -732
129 -113
130 -202
131 -33
132 -35
133 -158
134 -23
135 -182
136 -35
137 -145
138 -232
139 -139
140 -38
141 -392
142 -35
143 -35
144 -35
145 -35
146 -168
147 -33
148 -102
149 -33
150 -424
151 -233
152 -23
153 -356
154 -23
155 -35
156 -52
157 -253
158 -33
159 -35
160 -382
161 -23
162 -293
163 -201
164 -133
165 -35
166 -35
167 -109
168 -37
169 -35
170 -294
171 -118
172 -35
173 -100
174 -33
175 -33
176 -35
177 -35
178 -651
179 -33
180 -33
181 -187
182 -50
183 -384
184 -81
185 -369
186 -233
187 -540
188 -237
189 -31
190 -212
191 -51
192 -23
193 -98
194 -35
195 -244
196 -455
197 -611
198 -23
199 -78
200 -28
201 -33
202 -33
203 -280
204 -90
205 -76
206 -23
207 -62
208 -33
209 -35
210 -27
211 -46
212 -459
213 -189
214 -23
215 -30
216 -61
217 -401
218 -35
219 -330
220 -31
221 -143
222 -281
223 -100
224 -33
225 -35
226 -164
227 -41
228 -2698
229 -23
230 -23
231 -399
232 -35
233 -23
234 -114
235 -35
236 -68
237 -368
238 -344
239 -189
240 -126
241 -209
242 -41
243 -33
244 -553
245 -147
246 -122
247 -23
248 -33
249 -266
250 -23
251 -33
252 -30
253 -35
254 -349
255 -246
256 -104
257 -49
258 -56
259 -57
260 -208
261 -366
262 -135
263 -44
264 -330
265 -54
266 -153
267 -407
268 -33
269 -81
270 -94
271 -33
272 -23
273 -23
274 -33
275 -33
276 -71
277 -253
278 -35
279 -485
280 -615
281 -33
282 -128
283 -36
284 -180
285 -35
286 -49
287 -138
288 -35
289 -130
290 -23
291 -23
292 -33
293 -43
294 -233
295 -35
296 -23
297 -48
298 -23
299 -128
300 -269
301 -166
302 -23
303 -209
304 -371
305 -39
306 -138
307 -654
308 -72
309 -92
310 -1209
311 -33
312 -401
313 -33
314 -35
315 -250
316 -127
317 -38
318 -33
319 -47
320 -356
321 -56
322 -35
323 -290
324 -23
325 -1253
326 -49
327 -423
328 -103
329 -33
330 -35
331 -172
332 -106
333 -663
334 -35
335 -338
336 -35
337 -31
338 -23
339 -101
340 -23
341 -102
342 -207
343 -123
344 -213
345 -183
346 -86
347 -23
348 -205
349 -35
350 -223
351 -23
352 -35
353 -245
354 -33
355 -23
356 -55
357 -35
358 -266
359 -33
360 -23
361 -27
362 -65
363 -33
364 -33
365 -33
366 -83
367 -60
368 -224
369 -315
370 -330
371 -113
372 -35
373 -35
374 -536
375 -205
376 -32
377 -363
378 -33
379 -63
380 -141
381 -134
382 -89
383 -158
384 -142
385 -23
386 -287
387 -43
388 -35
389 -678
390 -247
391 -23
392 -382
393 -33
394 -99
395 -23
396 -243
397 -33
398 -217
399 -35
400 -35
401 -74
402 -56
403 -123
404 -33
405 -66
406 -68
407 -255
408 -35
409 -104
410 -370
411 -23
412 -33
413 -35
414 -35
415 -35
416 -441
417 -119
418 -84
419 -2745
420 -152
421 -35
422 -35
423 -182
424 -33
425 -23
426 -77
427 -39
428 -42
429 -73
430 -23
431 -91
432 -23
433 -104
434 -76
435 -23
436 -100
437 -23
438 -23
439 -455
440 -108
441 -35
442 -67
443 -23
444 -40
445 -23
446 -302
447 -33
448 -1154
449 -35
450 -23
451 -358
452 -81
453 -732
454 -578
455 -40
456 -47
457 -96
458 -150
459 -33
460 -35
461 -317
462 -209
463 -34
464 -33
465 -276
466 -35
467 -33
468 -378
469 -571
470 -46
471 -23
472 -199
473 -35
474 -46
475 -75
476 -536
477 -133
478 -53
479 -33
480 -67
481 -260
482 -226
483 -35
484 -35
485 -80
486 -222
487 -23
488 -444
489 -172
490 -33
491 -172
492 -164
493 -23
494 -56
495 -23
496 -35
497 -413
498 -122
499 -35
500 -23
501 -180
502 -88
503 -775
504 -35
505 -35
506 -35
507 -33
508 -32
509 -128
510 -33
511 -23
512 -224
513 -130
514 -35
515 -137
516 -114
517 -135
518 -139
519 -33
520 -36
521 -36
522 -33
523 -23
524 -23
525 -23
526 -172
527 -400
528 -117
529 -23
530 -35
531 -33
532 -36
533 -33
534 -23
535 -35
536 -380
537 -35
538 -33
539 -154
540 -84
541 -907
542 -33
543 -35
544 -1360
545 -62
546 -437
547 -23
548 -262
549 -188
550 -33
551 -35
552 -23
553 -23
554 -58
555 -34
556 -179
557 -88
558 -222
559 -96
560 -172
561 -64
562 -30
563 -57
564 -86
565 -548
566 -35
567 -33
568 -81
569 -35
570 -113
571 -33
572 -33
573 -26
574 -35
575 -558
576 -58
577 -35
578 -360
579 -33
580 -98
581 -178
582 -148
583 -104
584 -33
585 -33
586 -50
587 -25
588 -559
589 -33
590 -196
591 -33
592 -35
593 -33
594 -23
595 -86
596 -35
597 -35
598 -69
599 -23
600 -33
601 -23
602 -94
603 -209
604 -35
605 -109
606 -35
607 -84
608 -33
609 -306
610 -29
611 -479
612 -121
613 -238
614 -99
615 -41
616 -33
617 -97
618 -84
619 -49
620 -33
621 -287
622 -35
623 -1310
624 -161
625 -394
626 -500
627 -86
628 -45
629 -33
630 -108
631 -59
632 -190
633 -35
634 -181
635 -191
636 -91
637 -184
638 -109
639 -129
640 -35
641 -35
642 -15
643 -35
644 -163
645 -36
646 -226
647 -33
648 -381
649 -414
650 -33
651 -581
652 -155
653 -35
654 -33
655 -35
656 -199
657 -23
658 -233
659 -23
660 -36
661 -77
662 -35
663 -273
664 -35
665 -154
666 -33
667 -42
668 -33
669 -35
670 -123
671 -99
672 -376
673 -115
674 -135
675 -162
676 -35
677 -35
678 -33
679 -188
680 -170
681 -23
682 -459
683 -33
684 -23
685 -250
686 -35
687 -23
688 -511
689 -408
690 -35
691 -23
692 -583
693 -423
694 -370
695 -45
696 -70
697 -463
698 -30
699 -23
700 -70
701 -162
702 -192
703 -354
704 -426
705 -306
706 -167
707 -279
708 -23
709 -221
710 -148
711 -35
712 -48
713 -343
714 -71
715 -23
716 -293
717 -35
718 -70
719 -35
720 -169
721 -111
722 -23
723 -206
724 -33
725 -35
726 -49
727 -23
728 -128
729 -145
730 -105
731 -33
732 -23
733 -98
734 -33
735 -161
736 -84
737 -35
738 -23
739 -23
740 -24
741 -25
742 -33
743 -72
744 -35
745 -162
746 -23
747 -455
748 -104
749 -33
750 -417
751 -35
752 -139
753 -587
754 -33
755 -66
756 -175
757 -35
758 -215
759 -50
760 -37
761 -147
762 -116
763 -189
764 -349
765 -33
766 -412
767 -34
768 -343
769 -33
770 -198
771 -90
772 -35
773 -23
774 -37
775 -24
776 -39
777 -186
778 -33
779 -23
780 -154
781 -23
782 -23
783 -23
784 -247
785 -35
786 -23
787 -23
788 -45
789 -996
790 -257
791 -35
792 -62
793 -312
794 -115
795 -341
796 -135
797 -957
798 -117
799 -83
800 -180
801 -55
802 -57
803 -677
804 -35
805 -33
806 -35
807 -85
808 -23
809 -23
810 -478
811 -79
812 -35
813 -35
814 -465
815 -271
816 -23
817 -33
818 -61
819 -23
820 -729
821 -89
822 -41
823 -74
824 -192
825 -245
826 -66
827 -35
828 -23
829 -33
830 -23
831 -81
832 -35
833 -33
834 -390
835 -166
836 -35
837 -80
838 -33
839 -35
840 -33
841 -84
842 -35
843 -294
844 -241
845 -33
846 -39
847 -349
848 -23
849 -23
850 -23
851 -137
852 -77
853 -35
854 -33
855 -283
856 -270
857 -128
858 -33
859 -33
860 -203
861 -264
862 -33
863 -33
864 -205
865 -151
866 -35
867 -35
868 -108
869 -23
870 -33
871 -33
872 -23
873 -23
874 -49
875 -488
876 -35
877 -89
878 -23
879 -23
880 -23
881 -70
882 -39
883 -27
884 -72
885 -321
886 -35
887 -33
888 -107
889 -46
890 -35
891 -326
892 -204
893 -2228
894 -407
895 -173
896 -72
897 -23
898 -33
899 -35
900 -141
901 -35
902 -217
903 -558
904 -33
905 -35
906 -23
907 -355
908 -169
909 -52
910 -275
911 -231
912 -115
913 -169
914 -391
915 -374
916 -28
917 -33
918 -26
919 -508
920 -35
921 -35
922 -408
923 -148
924 -330
925 -23
926 -33
927 -477
928 -45
929 -94
930 -64
931 -133
932 -23
933 -33
934 -124
935 -33
936 -37
937 -90
938 -35
939 -35
940 -33
941 -185
942 -35
943 -23
944 -134
945 -43
946 -35
947 -35
948 -33
949 -35
950 -337
951 -33
952 -14
953 -33
954 -35
955 -139
956 -23
957 -23
958 -33
959 -60
960 -107
961 -201
962 -23
963 -231
964 -35
965 -242
966 -35
967 -23
968 -82
969 -1589
970 -33
971 -23
972 -284
973 -543
974 -42
975 -35
976 -310
977 -63
978 -33
979 -35
980 -35
981 -150
982 -35
983 -255
984 -35
985 -48
986 -98
987 -33
988 -73
989 -122
990 -23
991 -35
992 -234
993 -281
994 -344
995 -280
996 -72
997 -151
998 -33
999 -33
