0 -1805
1 -3509
2 -27
3 -5613
4 -128
5 -307
6 -314
7 -2585
8 -525
9 -47
10 -63
11 -967
12 -384
13 -533
14 -170
15 -795
16 -2091
17 -227
18 -1438
19 -47
20 -55
21 -1891
22 -1622
23 -95
24 -1834
25 -78
26 -305
27 -187
28 -886
29 -810
30 -158
31 -244
32 -228
33 -1868
34 -284
35 -492
36 -89
37 -489
38 -862
39 -4162
40 -81
41 -165
42 -2313
43 -4953
44 -527
45 -509
46 -93
47 -241
48 -420
49 -2532
50 -753
51 -674
52 -270
53 -793
54 -4047
55 -581
56 -1158
57 -948
58 -3690
59 -48
60 -1059
61 -120
62 -4631
63 -2120
64 -69
65 -69
66 -650
67 -161
68 -423
69 -986
70 -5055
71 -2117
72 -52
73 -179
74 -3496
75 -1797
76 -809
77 -89
78 -1691
79 -2930
80 -334
81 -393
82 -233
83 -3869
84 -76
85 -1943
86 -354
87 -478
88 -760
89 -44
90 -2304
91 -3019
92 -146
93 -431
94 -548
95 -1626
96 -230
97 -3681
98 -350
99 -95
100 -1477
101 -156
102 -76
103 -80
104 -541
105 -1662
106 -400
107 -64
108 -1488
109 -777
110 -224
111 -4884
112 -254
113 -418
114 -125
115 -210
116 -151
117 -228
118 -3659
119 -2284
120 -254
121 -955
122 -161
123 -107
124 -4383
125 -211
126 -197
127 -1778
128 -36
129 -155
130 -2066
131 -214
132 -219
133 -203
134 -661
135 -107
136 -169
137 -268
138 -219
139 -84
140 -440
141 -63
142 -714
143 -348
144 -398
145 -113
146 -1499
147 -3501
148 -146
149 -133
150 -189
151 -828
152 -1097
153 -39
154 -617
155 -1172
156 -290
157 -1501
158 -754
159 -8688
160 -303
161 -128
162 -29
163 -154
164 -1773
165 -772
166 -200
167 -363
168 -97
169 -94
170 -861
171 -290
172 -4135
173 -53
174 -118
175 -146
176 -246
177 -87
178 -470
179 -4429
180 -1869
181 -1026
182 -283
183 -891
184 -70
185 -1277
186 -294
187 -1979
188 -59
189 -149
190 -1902
191 -559
192 -2293
193 -271
194 -2626
195 -235
196 -650
197 -1219
198 -225
199 -2423
200 -2135
201 -82
202 -1236
203 -526
204 -126
205 -245
206 -59
207 -721
208 -345
209 -493
210 -3399
211 -50
212 -390
213 -479
214 -1377
215 -194
216 -314
217 -5524
218 -146
219 -1825
220 -427
221 -3909
222 -71
223 -216
224 -131
225 -7950
226 -780
227 -824
228 -583
229 -2860
230 -527
231 -61
232 -1897
233 -3106
234 -299
235 -691
236 -2775
237 -2535
238 -128
239 -383
240 -101
241 -105
242 -430
243 -603
244 -138
245 -1829
246 -172
247 -2187
248 -440
249 -559
250 -2261
251 -1600
252 -2163
253 -4105
254 -1105
255 -56
256 -276
257 -217
258 -521
259 -2728
260 -3221
261 -173
262 -72
263 -31
264 -491
265 -237
266 -1916
267 -172
268 -595
269 -451
270 -3701
271 -2600
272 -4497
273 -95
274 -232
275 -3258
276 -167
277 -471
278 -578
279 -1670
280 -205
281 -392
282 -147
283 -116
284 -214
285 -349
286 -3302
287 -2613
288 -1170
289 -213
290 -982
291 -988
292 -2175
293 -155
294 -2803
295 -2708
296 -804
297 -6433
298 -8716
299 -2407
300 -670
301 -929
302 -607
303 -727
304 -1511
305 -86
306 -1913
307 -260
308 -210
309 -445
310 -722
311 -32
312 -128
313 -186
314 -4491
315 -913
316 -2171
317 -2575
318 -691
319 -4334
320 -936
321 -2919
322 -553
323 -331
324 -1156
325 -1154
326 -215
327 -460
328 -189
329 -190
330 -190
331 -136
332 -255
333 -321
334 -138
335 -728
336 -2159
337 -1246
338 -6566
339 -558
340 -809
341 -256
342 -1105
343 -40
344 -1666
345 -199
346 -1389
347 -95
348 -136
349 -1523
350 -3368
351 -233
352 -933
353 -154
354 -1946
355 -818
356 -75
357 -2094
358 -1646
359 -233
360 -267
361 -4987
362 -2969
363 -647
364 -353
365 -2942
366 -847
367 -133
368 -400
369 -98
370 -2190
371 -4653
372 -58
373 -83
374 -435
375 -2839
376 -4269
377 -2540
378 -106
379 -558
380 -336
381 -1928
382 -424
383 -249
384 -72
385 -2108
386 -1392
387 -1572
388 -987
389 -301
390 -665
391 -172
392 -109
393 -95
394 -768
395 -694
396 -10206
397 -80
398 -2312
399 -63
400 -384
401 -305
402 -831
403 -46
404 -638
405 -264
406 -4293
407 -266
408 -4592
409 -1071
410 -5096
411 -1276
412 -125
413 -333
414 -1106
415 -574
416 -1215
417 -283
418 -4837
419 -87
420 -218
421 -3523
422 -1190
423 -247
424 -691
425 -2297
426 -178
427 -2687
428 -124
429 -730
430 -1331
431 -2539
432 -76
433 -172
434 -1355
435 -73
436 -174
437 -69
438 -844
439 -66
440 -827
441 -506
442 -1462
443 -295
444 -163
445 -277
446 -498
447 -669
448 -3066
449 -60
450 -158
451 -2024
452 -1327
453 -502
454 -1583
455 -34
456 -2149
457 -3049
458 -180
459 -88
460 -120
461 -185
462 -451
463 -19
464 -55
465 -6192
466 -160
467 -240
468 -456
469 -1330
470 -5015
471 -11486
472 -910
473 -107
474 -2026
475 -764
476 -214
477 -4682
478 -126
479 -734
480 -336
481 -132
482 -105
483 -535
484 -1837
485 -3737
486 -135
487 -69
488 -144
489 -3171
490 -1820
491 -8805
492 -2971
493 -246
494 -1942
495 -825
496 -88
497 -279
498 -1789
499 -370
500 -838
501 -81
502 -91
503 -105
504 -195
505 -1510
506 -675
507 -1099
508 -889
509 -257
510 -2972
511 -8095
512 -312
513 -2215
514 -454
515 -710
516 -590
517 -824
518 -1703
519 -3388
520 -179
521 -118
522 -111
523 -253
524 -96
525 -371
526 -580
527 -1152
528 -818
529 -79
530 -419
531 -512
532 -1229
533 -642
534 -87
535 -772
536 -43
537 -253
538 -306
539 -239
540 -632
541 -501
542 -231
543 -1400
544 -246
545 -68
546 -1146
547 -273
548 -2651
549 -1500
550 -182
551 -69
552 -3486
553 -796
554 -3635
555 -2847
556 -80
557 -463
558 -458
559 -60
560 -3395
561 -936
562 -104
563 -912
564 -653
565 -1094
566 -591
567 -829
568 -549
569 -1979
570 -312
571 -1956
572 -7163
573 -601
574 -1610
575 -244
576 -157
577 -110
578 -52
579 -233
580 -1183
581 -1845
582 -417
583 -348
584 -71
585 -1769
586 -1475
587 -118
588 -500
589 -1674
590 -50
591 -112
592 -909
593 -735
594 -1160
595 -349
596 -89
597 -101
598 -764
599 -1396
600 -571
601 -26
602 -2545
603 -529
604 -429
605 -89
606 -5425
607 -649
608 -926
609 -353
610 -2244
611 -2553
612 -193
613 -265
614 -3748
615 -3258
616 -930
617 -37
618 -369
619 -145
620 -1066
621 -1599
622 -145
623 -694
624 -3008
625 -346
626 -1591
627 -178
628 -7423
629 -275
630 -1892
631 -4970
632 -154
633 -1758
634 -19
635 -231
636 -345
637 -321
638 -1209
639 -90
640 -84
641 -319
642 -1269
643 -93
644 -95
645 -513
646 -75
647 -1322
648 -28
649 -736
650 -149
651 -176
652 -377
653 -617
654 -1993
655 -518
656 -112
657 -680
658 -2033
659 -1928
660 -96
661 -283
662 -47
663 -7420
664 -54
665 -483
666 -1227
667 -578
668 -99
669 -96
670 -126
671 -1402
672 -3621
673 -287
674 -267
675 -1256
676 -801
677 -1453
678 -219
679 -2031
680 -3973
681 -550
682 -4837
683 -2533
684 -90
685 -317
686 -764
687 -74
688 -1256
689 -85
690 -1791
691 -567
692 -2635
693 -939
694 -210
695 -97
696 -2281
697 -184
698 -4014
699 -5006
700 -922
701 -1361
702 -20
703 -138
704 -876
705 -1276
706 -1524
707 -2480
708 -3647
709 -781
710 -145
711 -1058
712 -304
713 -688
714 -180
715 -3996
716 -3885
717 -268
718 -366
719 -1965
720 -531
721 -2421
722 -350
723 -162
724 -3796
725 -53
726 -404
727 -81
728 -2111
729 -224
730 -2805
731 -79
732 -84
733 -277
734 -40
735 -754
736 -6176
737 -54
738 -278
739 -203
740 -2587
741 -79
742 -5828
743 -9194
744 -747
745 -2938
746 -47
747 -211
748 -1178
749 -145
750 -430
751 -107
752 -206
753 -419
754 -361
755 -151
756 -1141
757 -95
758 -77
759 -955
760 -182
761 -4022
762 -1148
763 -1330
764 -411
765 -716
766 -433
767 -715
768 -1275
769 -1614
770 -1170
771 -3116
772 -3046
773 -2619
774 -1752
775 -171
776 -38
777 -30
778 -1776
779 -97
780 -265
781 -3409
782 -986
783 -205
784 -361
785 -106
786 -144
787 -5156
788 -1004
789 -197
790 -192
791 -200
792 -192
793 -117
794 -77
795 -1045
796 -40
797 -272
798 -88
799 -61
800 -799
801 -805
802 -566
803 -5388
804 -1348
805 -1369
806 -336
807 -522
808 -755
809 -229
810 -46
811 -125
812 -1183
813 -231
814 -221
815 -51
816 -400
817 -259
818 -71
819 -36
820 -283
821 -1240
822 -51
823 -174
824 -153
825 -2189
826 -19
827 -4415
828 -271
829 -298
830 -3790
831 -4674
832 -227
833 -671
834 -963
835 -760
836 -323
837 -113
838 -142
839 -253
840 -116
841 -478
842 -39
843 -73
844 -955
845 -795
846 -380
847 -1004
848 -779
849 -483
850 -489
851 -2344
852 -160
853 -874
854 -3877
855 -360
856 -1263
857 -615
858 -989
859 -60
860 -2006
861 -246
862 -1068
863 -599
864 -724
865 -870
866 -360
867 -143
868 -259
869 -83
870 -100
871 -60
872 -4878
873 -677
874 -3524
875 -146
876 -639
877 -1161
878 -136
879 -56
880 -2423
881 -394
882 -352
883 -333
884 -583
885 -1793
886 -446
887 -2696
888 -867
889 -5175
890 -304
891 -585
892 -1667
893 -174
894 -795
895 -2961
896 -1555
897 -570
898 -1677
899 -538
900 -5509
901 -149
902 -4263
903 -130
904 -3421
905 -320
906 -2770
907 -4579
908 -602
909 -1276
910 -7001
911 -3114
912 -1959
913 -584
914 -237
915 -190
916 -110
917 -994
918 -117
919 -48
920 -56
921 -87
922 -2073
923 -288
924 -461
925 -2174
926 -2497
927 -1005
928 -376
929 -2009
930 -537
931 -478
932 -114
933 -6152
934 -57
935 -285
936 -152
937 -902
938 -40
939 -261
940 -439
941 -147
942 -3108
943 -187
944 -99
945 -159
946 -58
947 -4601
948 -1156
949 -3971
950 -47
951 -2467
952 -371
953 -62
954 -411
955 -3704
956 -152
957 -42
958 -2297
959 -3132
960 -1791
961 -2514
962 -31
963 -1029
964 -1422
965 -193
966 -153
967 -310
968 -409
969 -3045
970 -2801
971 -2990
972 -329
973 -69
974 -1231
975 -2309
976 -60
977 -269
978 -81
979 -494
980 -46
981 -3290
982 -436
983 -98
984 -44
985 -1245
986 -778
987 -1946
988 -286
989 -1236
990 -168
991 -5383
992 -445
993 -77
994 -661
995 -556
996 -742
997 -163
998 -104
999 -80
