0 -156
1 -33
2 -905
3 -153
4 -33
5 -138
6 -609
7 -83
8 -399
9 -33
10 -23
11 -23
12 -72
13 -1438
14 -23
15 -5978
16 -99
17 -396
18 -520
19 -33
20 -39
21 -23
22 -228
23 -33
24 -779
25 -156
26 -818
27 -96
28 -377
29 -23
30 -33
31 -446
32 -79
33 -33
34 -210
35 -458
36 -195
37 -166
38 -33
39 -33
40 -132
41 -333
42 -533
43 -23
44 -152
45 -97
46 -190
47 -114
48 -313
49 -229
50 -241
51 -43
52 -33
53 -367
54 -327
55 -180
56 -275
57 -23
58 -104
59 -224
60 -536
61 -32
62 -352
63 -153
64 -2013
65 -24
66 -75
67 -354
68 -33
69 -480
70 -281
71 -519
72 -55
73 -152
74 -33
75 -74
76 -293
77 -88
78 -69
79 -147
80 -60
81 -486
82 -29
83 -413
84 -23
85 -33
86 -195
87 -34
88 -155
89 -51
90 -33
91 -48
92 -5044
93 -33
94 -23
95 -33
96 -23
97 -72
98 -608
99 -261
100 -23
101 -33
102 -182
103 -322
104 -123
105 -367
106 -32
107 -53
108 -311
109 -55
110 -137
111 -547
112 -143
113 -211
114 -234
115 -138
116 -125
117 -33
118 -463
119 -383
120 -235
121 -231
122 -355
123 -365
124 -177
125 -27
126 -506
127 -23
128 -181
129 -28
130 -33
131 -73
132 -64
133 -162
134 -28
135 -566
136 -197
137 -605
138 -33
139 -1354
140 -33
141 -315
142 -33
143 -141
144 -592
145 -3182
146 -606
147 -231
148 -189
149 -109
150 -270
151 -717
152 -592
153 -502
154 -161
155 -61
156 -33
157 -2554
158 -33
159 -65
160 -230
161 -470
162 -37
163 -366
164 -18
165 -27
166 -96
167 -81
168 -243
169 -1162
170 -33
171 -37
172 -350
173 -480
174 -86
175 -23
176 -82
177 -91
178 -105
179 -412
180 -210
181 -33
182 -30
183 -82
184 -81
185 -499
186 -336
187 -23
188 -690
189 -355
190 -1666
191 -196
192 -131
193 -385
194 -23
195 -357
196 -769
197 -110
198 -152
199 -268
200 -69
201 -133
202 -301
203 -33
204 -426
205 -367
206 -354
207 -23
208 -41
209 -871
210 -72
211 -261
212 -33
213 -44
214 -591
215 -1220
216 -287
217 -518
218 -1808
219 -178
220 -130
221 -925
222 -346
223 -23
224 -89
225 -130
226 -33
227 -33
228 -33
229 -39
230 -159
231 -208
232 -626
233 -193
234 -172
235 -319
236 -277
237 -72
238 -270
239 -53
240 -189
241 -306
242 -150
243 -93
244 -117
245 -292
246 -23
247 -37
248 -643
249 -33
250 -16
251 -458
252 -33
253 -62
254 -491
255 -33
256 -33
257 -603
258 -33
259 -176
260 -70
261 -208
262 -707
263 -486
264 -308
265 -56
266 -29
267 -117
268 -159
269 -296
270 -186
271 -33
272 -219
273 -197
274 -23
275 -201
276 -131
277 -23
278 -106
279 -77
280 -33
281 -117
282 -23
283 -47
284 -347
285 -33
286 -280
287 -371
288 -113
289 -41
290 -106
291 -52
292 -136
293 -33
294 -33
295 -191
296 -23
297 -23
298 -48
299 -46
300 -33
301 -141
302 -394
303 -23
304 -128
305 -89
306 -23
307 -552
308 -218
309 -55
310 -23
311 -131
312 -23
313 -66
314 -23
315 -33
316 -33
317 -35
318 -384
319 -33
320 -220
321 -23
322 -339
323 -38
324 -302
325 -33
326 -220
327 -23
328 -300
329 -221
330 -44
331 -57
332 -111
333 -117
334 -33
335 -36
336 -43
337 -653
338 -446
339 -544
340 -399
341 -23
342 -28
343 -190
344 -82
345 -185
346 -23
347 -546
348 -253
349 -46
350 -147
351 -424
352 -197
353 -33
354 -272
355 -400
356 -33
357 -585
358 -33
359 -141
360 -33
361 -229
362 -23
363 -23
364 -171
365 -23
366 -84
367 -69
368 -33
369 -51
370 -317
371 -33
372 -117
373 -34
374 -23
375 -67
376 -111
377 -33
378 -653
379 -727
380 -220
381 -440
382 -33
383 -23
384 -286
385 -113
386 -467
387 -28
388 -265
389 -33
390 -282
391 -2153
392 -262
393 -33
394 -1879
395 -217
396 -114
397 -33
398 -606
399 -182
400 -23
401 -31
402 -33
403 -77
404 -33
405 -34
406 -48
407 -33
408 -7
409 -533
410 -23
411 -9
412 -271
413 -155
414 -33
415 -225
416 -51
417 -27
418 -29
419 -321
420 -1042
421 -23
422 -962
423 -471
424 -130
425 -87
426 -33
427 -23
428 -287
429 -23
430 -35
431 -666
432 -216
433 -33
434 -123
435 -239
436 -23
437 -252
438 -234
439 -105
440 -483
441 -376
442 -23
443 -194
444 -503
445 -23
446 -121
447 -23
448 -72
449 -354
450 -57
451 -213
452 -38
453 -23
454 -38
455 -555
456 -262
457 -33
458 -23
459 -33
460 -72
461 -241
462 -23
463 -102
464 -119
465 -202
466 -123
467 -33
468 -354
469 -23
470 -33
471 -164
472 -112
473 -41
474 -220
475 -173
476 -464
477 -90
478 -309
479 -140
480 -40
481 -956
482 -609
483 -23
484 -176
485 -23
486 -23
487 -532
488 -171
489 -104
490 -224
491 -276
492 -23
493 -23
494 -58
495 -352
496 -236
497 -384
498 -54
499 -121
500 -214
501 -23
502 -32
503 -538
504 -33
505 -23
506 -79
507 -757
508 -172
509 -65
510 -251
511 -442
512 -379
513 -376
514 -818
515 -323
516 -1043
517 -37
518 -33
519 -33
520 -448
521 -217
522 -18
523 -82
524 -555
525 -34
526 -77
527 -454
528 -186
529 -54
530 -72
531 -483
532 -49
533 -59
534 -33
535 -23
536 -63
537 -33
538 -246
539 -33
540 -23
541 -27
542 -23
543 -33
544 -190
545 -212
546 -111
547 -33
548 -95
549 -262
550 -33
551 -168
552 -253
553 -475
554 -197
555 -182
556 -150
557 -730
558 -360
559 -33
560 -191
561 -348
562 -33
563 -295
564 -108
565 -199
566 -23
567 -23
568 -14
569 -139
570 -23
571 -95
572 -23
573 -33
574 -160
575 -506
576 -229
577 -153
578 -36
579 -23
580 -23
581 -102
582 -405
583 -33
584 -49
585 -235
586 -478
587 -33
588 -23
589 -214
590 -23
591 -57
592 -23
593 -116
594 -427
595 -159
596 -310
597 -14
598 -111
599 -52
600 -23
601 -23
602 -33
603 -108
604 -287
605 -580
606 -301
607 -584
608 -150
609 -104
610 -396
611 -596
612 -432
613 -19
614 -23
615 -118
616 -33
617 -119
618 -460
619 -533
620 -71
621 -645
622 -272
623 -26
624 -184
625 -183
626 -54
627 -38
628 -33
629 -121
630 -33
631 -228
632 -235
633 -33
634 -23
635 -89
636 -128
637 -33
638 -211
639 -545
640 -148
641 -291
642 -35
643 -380
644 -220
645 -54
646 -106
647 -167
648 -23
649 -888
650 -101
651 -23
652 -33
653 -28
654 -186
655 -33
656 -59
657 -58
658 -145
659 -33
660 -157
661 -23
662 -332
663 -108
664 -285
665 -221
666 -364
667 -205
668 -33
669 -296
670 -448
671 -29
672 -142
673 -23
674 -117
675 -69
676 -33
677 -33
678 -146
679 -23
680 -124
681 -221
682 -44
683 -62
684 -108
685 -46
686 -409
687 -45
688 -225
689 -68
690 -42
691 -105
692 -143
693 -84
694 -33
695 -23
696 -33
697 -37
698 -284
699 -260
700 -191
701 -33
702 -33
703 -252
704 -39
705 -290
706 -142
707 -23
708 -23
709 -230
710 -461
711 -33
712 -33
713 -33
714 -148
715 -33
716 -23
717 -107
718 -56
719 -58
720 -283
721 -191
722 -110
723 -55
724 -33
725 -225
726 -518
727 -1061
728 -79
729 -143
730 -33
731 -733
732 -33
733 -125
734 -23
735 -234
736 -362
737 -128
738 -215
739 -469
740 -73
741 -146
742 -33
743 -24
744 -81
745 -90
746 -346
747 -226
748 -201
749 -555
750 -303
751 -23
752 -23
753 -77
754 -33
755 -263
756 -228
757 -411
758 -23
759 -125
760 -70
761 -101
762 -99
763 -295
764 -33
765 -817
766 -138
767 -23
768 -401
769 -65
770 -80
771 -257
772 -152
773 -106
774 -448
775 -33
776 -589
777 -614
778 -623
779 -667
780 -202
781 -156
782 -112
783 -243
784 -23
785 -315
786 -422
787 -146
788 -368
789 -621
790 -223
791 -49
792 -828
793 -97
794 -33
795 -23
796 -582
797 -23
798 -615
799 -222
800 -119
801 -33
802 -660
803 -43
804 -33
805 -33
806 -401
807 -33
808 -139
809 -363
810 -501
811 -86
812 -23
813 -226
814 -71
815 -168
816 -220
817 -1356
818 -563
819 -23
820 -108
821 -897
822 -23
823 -249
824 -23
825 -33
826 -159
827 -114
828 -23
829 -34
830 -212
831 -33
832 -200
833 -63
834 -23
835 -92
836 -107
837 -23
838 -1035
839 -151
840 -23
841 -9
842 -33
843 -34
844 -26
845 -509
846 -72
847 -34
848 -200
849 -49
850 -552
851 -130
852 -23
853 -536
854 -23
855 -33
856 -602
857 -147
858 -33
859 -130
860 -33
861 -98
862 -195
863 -65
864 -431
865 -54
866 -364
867 -23
868 -133
869 -222
870 -243
871 -23
872 -75
873 -33
874 -23
875 -530
876 -33
877 -23
878 -146
879 -62
880 -652
881 -370
882 -23
883 -33
884 -545
885 -189
886 -92
887 -416
888 -398
889 -26
890 -222
891 -422
892 -84
893 -33
894 -675
895 -21
896 -33
897 -255
898 -256
899 -65
900 -23
901 -97
902 -359
903 -156
904 -23
905 -244
906 -40
907 -48
908 -95
909 -110
910 -23
911 -765
912 -33
913 -96
914 -300
915 -118
916 -241
917 -49
918 -23
919 -230
920 -487
921 -411
922 -224
923 -33
924 -794
925 -33
926 -106
927 -23
928 -384
929 -182
930 -466
931 -498
932 -23
933 -133
934 -475
935 -33
936 -866
937 -33
938 -327
939 -37
940 -544
941 -59
942 -956
943 -81
944 -80
945 -83
946 -810
947 -192
948 -134
949 -157
950 -161
951 -33
952 -23
953 -33
954 -23
955 -33
956 -23
957 -45
958 -239
959 -736
960 -23
961 -513
962 -24
963 -9
964 -33
965 -33
966 -127
967 -175
968 -83
969 -280
970 -23
971 -23
972 -23
973 -23
974 -303
975 -235
976 -204
977 -115
978 -199
979 -1200
980 -33
981 -23
982 -408
983 -28
984 -45
985 -151
986 -65
987 -281
988 -57
989 -105
990 -50
991 -315
992 -189
993 -105
994 -249
995 -158
996 -105
997 -60
998 -66
999 -23
