0 -32
1 -918
2 -702
3 -97
4 -38
5 -72
6 -69
7 -188
8 -246
9 -56
10 -33
11 -185
12 -142
13 -37
14 -106
15 -167
16 -39
17 -685
18 -262
19 -446
20 -52
21 -383
22 -33
23 -123
24 -33
25 -446
26 -191
27 -125
28 -20
29 -545
30 -23
31 -276
32 -65
33 -18
34 -91
35 -248
36 -27
37 -23
38 -34
39 -122
40 -23
41 -65
42 -48
43 -223
44 -92
45 -267
46 -54
47 -559
48 -195
49 -593
50 -41
51 -197
52 -201
53 -267
54 -248
55 -234
56 -304
57 -231
58 -230
59 -23
60 -654
61 -23
62 -207
63 -33
64 -129
65 -41
66 -23
67 -387
68 -33
69 -429
70 -23
71 -33
72 -33
73 -33
74 -385
75 -21
76 -508
77 -101
78 -139
79 -197
80 -23
81 -59
82 -299
83 -12
84 -34
85 -430
86 -144
87 -23
88 -19
89 -164
90 -33
91 -1355
92 -119
93 -33
94 -288
95 -153
96 -86
97 -33
98 -472
99 -477
100 -176
101 -499
102 -33
103 -120
104 -33
105 -43
106 -23
107 -23
108 -23
109 -33
110 -293
111 -168
112 -74
113 -184
114 -547
115 -34
116 -548
117 -257
118 -206
119 -141
120 -474
121 -56
122 -33
123 -272
124 -169
125 -24
126 -137
127 -144
128 -127
129 -255
130 -26
131 -179
132 -863
133 -196
134 -54
135 -23
136 -107
137 -50
138 -23
139 -252
140 -37
141 -23
142 -54
143 -445
144 -251
145 -181
146 -258
147 -504
148 -194
149 -122
150 -82
151 -165
152 -252
153 -27
154 -23
155 -368
156 -100
157 -33
158 -851
159 -361
160 -67
161 -33
162 -303
163 -156
164 -23
165 -34
166 -39
167 -244
168 -33
169 -297
170 -167
171 -29
172 -23
173 -98
174 -23
175 -553
176 -21
177 -315
178 -186
179 -23
180 -137
181 -53
182 -868
183 -435
184 -149
185 -169
186 -33
187 -131
188 -46
189 -31
190 -251
191 -230
192 -33
193 -248
194 -20
195 -23
196 -147
197 -110
198 -24
199 -319
200 -33
201 -476
202 -33
203 -33
204 -33
205 -33
206 -33
207 -41
208 -200
209 -33
210 -744
211 -33
212 -96
213 -97
214 -301
215 -436
216 -33
217 -282
218 -214
219 -230
220 -63
221 -398
222 -75
223 -23
224 -23
225 -589
226 -46
227 -23
228 -113
229 -158
230 -33
231 -75
232 -14
233 -69
234 -19
235 -33
236 -33
237 -153
238 -18
239 -23
240 -23
241 -33
242 -59
243 -257
244 -23
245 -220
246 -33
247 -33
248 -159
249 -109
250 -1050
251 -461
252 -62
253 -256
254 -34
255 -684
256 -177
257 -33
258 -607
259 -77
260 -122
261 -227
262 -451
263 -53
264 -304
265 -14
266 -579
267 -33
268 -23
269 -85
270 -59
271 -144
272 -64
273 -185
274 -33
275 -31
276 -23
277 -135
278 -23
279 -23
280 -313
281 -648
282 -307
283 -33
284 -23
285 -33
286 -23
287 -23
288 -1001
289 -199
290 -330
291 -81
292 -33
293 -129
294 -208
295 -39
296 -578
297 -33
298 -23
299 -238
300 -152
301 -272
302 -164
303 -23
304 -234
305 -29
306 -23
307 -418
308 -33
309 -60
310 -33
311 -33
312 -349
313 -52
314 -38
315 -276
316 -159
317 -83
318 -163
319 -497
320 -189
321 -86
322 -33
323 -524
324 -33
325 -33
326 -33
327 -540
328 -48
329 -83
330 -190
331 -23
332 -521
333 -283
334 -200
335 -187
336 -92
337 -33
338 -747
339 -202
340 -161
341 -8
342 -293
343 -31
344 -67
345 -33
346 -482
347 -43
348 -9
349 -23
350 -782
351 -23
352 -563
353 -23
354 -161
355 -23
356 -106
357 -23
358 -20
359 -51
360 -53
361 -23
362 -207
363 -211
364 -106
365 -15
366 -43
367 -154
368 -126
369 -242
370 -43
371 -189
372 -46
373 -78
374 -383
375 -23
376 -92
377 -23
378 -438
379 -408
380 -147
381 -23
382 -660
383 -37
384 -296
385 -318
386 -96
387 -76
388 -27
389 -23
390 -35
391 -96
392 -48
393 -23
394 -23
395 -68
396 -154
397 -581
398 -23
399 -492
400 -200
401 -43
402 -247
403 -91
404 -23
405 -531
406 -256
407 -33
408 -33
409 -80
410 -208
411 -724
412 -33
413 -195
414 -215
415 -95
416 -49
417 -36
418 -33
419 -132
420 -125
421 -33
422 -23
423 -108
424 -106
425 -77
426 -33
427 -33
428 -91
429 -65
430 -452
431 -70
432 -101
433 -33
434 -394
435 -33
436 -33
437 -23
438 -40
439 -228
440 -85
441 -23
442 -109
443 -23
444 -115
445 -259
446 -66
447 -23
448 -134
449 -23
450 -23
451 -146
452 -472
453 -68
454 -33
455 -135
456 -198
457 -215
458 -160
459 -59
460 -23
461 -33
462 -194
463 -431
464 -337
465 -753
466 -68
467 -342
468 -23
469 -33
470 -337
471 -120
472 -47
473 -300
474 -259
475 -23
476 -114
477 -116
478 -179
479 -133
480 -336
481 -600
482 -169
483 -103
484 -140
485 -960
486 -33
487 -207
488 -150
489 -59
490 -677
491 -192
492 -147
493 -520
494 -309
495 -73
496 -221
497 -122
498 -260
499 -491
500 -33
501 -238
502 -36
503 -143
504 -631
505 -99
506 -16
507 -47
508 -86
509 -142
510 -93
511 -37
512 -320
513 -33
514 -63
515 -543
516 -33
517 -235
518 -568
519 -148
520 -66
521 -95
522 -33
523 -113
524 -257
525 -346
526 -33
527 -54
528 -450
529 -712
530 -293
531 -74
532 -104
533 -446
534 -526
535 -72
536 -57
537 -414
538 -23
539 -23
540 -33
541 -494
542 -47
543 -236
544 -559
545 -33
546 -234
547 -23
548 -41
549 -275
550 -170
551 -641
552 -533
553 -171
554 -136
555 -69
556 -60
557 -266
558 -309
559 -314
560 -490
561 -23
562 -23
563 -162
564 -155
565 -95
566 -33
567 -505
568 -110
569 -90
570 -18
571 -23
572 -33
573 -181
574 -33
575 -61
576 -33
577 -102
578 -357
579 -358
580 -23
581 -145
582 -106
583 -141
584 -766
585 -40
586 -72
587 -538
588 -302
589 -336
590 -41
591 -22
592 -23
593 -224
594 -46
595 -3204
596 -33
597 -23
598 -718
599 -116
600 -23
601 -528
602 -23
603 -29
604 -128
605 -61
606 -33
607 -33
608 -485
609 -231
610 -389
611 -42
612 -30
613 -99
614 -221
615 -206
616 -426
617 -79
618 -33
619 -23
620 -125
621 -23
622 -23
623 -23
624 -96
625 -33
626 -287
627 -33
628 -129
629 -93
630 -23
631 -281
632 -101
633 -92
634 -23
635 -23
636 -23
637 -222
638 -324
639 -24
640 -23
641 -32
642 -66
643 -23
644 -441
645 -302
646 -182
647 -88
648 -37
649 -85
650 -97
651 -33
652 -233
653 -23
654 -106
655 -159
656 -40
657 -46
658 -292
659 -159
660 -229
661 -65
662 -23
663 -33
664 -161
665 -260
666 -315
667 -261
668 -25
669 -23
670 -225
671 -777
672 -76
673 -33
674 -219
675 -427
676 -226
677 -53
678 -173
679 -174
680 -133
681 -23
682 -33
683 -135
684 -118
685 -23
686 -125
687 -23
688 -512
689 -237
690 -187
691 -766
692 -23
693 -660
694 -385
695 -33
696 -389
697 -683
698 -170
699 -271
700 -176
701 -24
702 -737
703 -116
704 -33
705 -264
706 -101
707 -13
708 -193
709 -111
710 -23
711 -96
712 -566
713 -136
714 -112
715 -23
716 -33
717 -33
718 -139
719 -33
720 -24
721 -23
722 -92
723 -33
724 -33
725 -23
726 -339
727 -15
728 -68
729 -94
730 -471
731 -654
732 -361
733 -831
734 -177
735 -23
736 -14
737 -36
738 -23
739 -49
740 -104
741 -99
742 -52
743 -536
744 -228
745 -40
746 -51
747 -120
748 -62
749 -23
750 -273
751 -23
752 -201
753 -301
754 -33
755 -33
756 -498
757 -23
758 -439
759 -134
760 -612
761 -95
762 -33
763 -23
764 -121
765 -23
766 -149
767 -33
768 -33
769 -178
770 -225
771 -635
772 -33
773 -24
774 -320
775 -293
776 -256
777 -23
778 -33
779 -738
780 -23
781 -940
782 -265
783 -217
784 -65
785 -222
786 -760
787 -230
788 -53
789 -187
790 -510
791 -793
792 -119
793 -23
794 -112
795 -23
796 -33
797 -85
798 -143
799 -33
800 -33
801 -23
802 -33
803 -115
804 -525
805 -28
806 -411
807 -109
808 -99
809 -33
810 -439
811 -23
812 -89
813 -23
814 -84
815 -23
816 -197
817 -134
818 -298
819 -23
820 -23
821 -23
822 -159
823 -33
824 -33
825 -23
826 -75
827 -282
828 -362
829 -135
830 -33
831 -441
832 -403
833 -528
834 -86
835 -367
836 -33
837 -142
838 -55
839 -463
840 -122
841 -23
842 -127
843 -460
844 -172
845 -82
846 -108
847 -144
848 -243
849 -33
850 -57
851 -490
852 -131
853 -80
854 -58
855 -326
856 -23
857 -155
858 -23
859 -224
860 -33
861 -208
862 -152
863 -33
864 -206
865 -220
866 -119
867 -59
868 -122
869 -153
870 -27
871 -152
872 -62
873 -33
874 -761
875 -41
876 -81
877 -45
878 -23
879 -99
880 -167
881 -524
882 -420
883 -251
884 -257
885 -23
886 -23
887 -227
888 -23
889 -33
890 -37
891 -214
892 -50
893 -181
894 -33
895 -239
896 -33
897 -23
898 -134
899 -304
900 -33
901 -120
902 -33
903 -435
904 -31
905 -329
906 -26
907 -425
908 -114
909 -33
910 -81
911 -195
912 -41
913 -46
914 -23
915 -549
916 -33
917 -83
918 -50
919 -50
920 -1090
921 -147
922 -220
923 -106
924 -517
925 -79
926 -26
927 -100
928 -138
929 -63
930 -30
931 -288
932 -77
933 -363
934 -59
935 -128
936 -201
937 -722
938 -354
939 -53
940 -82
941 -23
942 -371
943 -87
944 -498
945 -218
946 -39
947 -483
948 -809
949 -42
950 -321
951 -346
952 -23
953 -561
954 -136
955 -80
956 -592
957 -112
958 -33
959 -276
960 -33
961 -127
962 -177
963 -161
964 -74
965 -318
966 -226
967 -26
968 -63
969 -214
970 -875
971 -447
972 -201
973 -44
974 -128
975 -232
976 -150
977 -105
978 -502
979 -23
980 -179
981 -220
982 -47
983 -23
984 -62
985 -242
986 -188
987 -381
988 -354
989 -211
990 -276
991 -342
992 -412
993 -257
994 -20
995 -133
996 -11
997 -64
998 -401
999 -88
