0 -39
1 -157
2 -1334
3 -132
4 -269
5 -109
6 -39
7 -32
8 -237
9 -32
10 -78
11 -303
12 -32
13 -181
14 -739
15 -32
16 -414
17 -169
18 -294
19 -401
20 -32
21 -122
22 -337
23 -231
24 -47
25 -39
26 -32
27 -252
28 -877
29 -39
30 -1158
31 -124
32 -449
33 -1873
34 -144
35 -175
36 -231
37 -573
38 -439
39 -39
40 -193
41 -35
42 -165
43 -230
44 -388
45 -32
46 -983
47 -39
48 -128
49 -468
50 -105
51 -229
52 -1865
53 -421
54 -5016
55 -32
56 -186
57 -4762
58 -32
59 -440
60 -39
61 -152
62 -951
63 -111
64 -2755
65 -32
66 -150
67 -2000
68 -1187
69 -266
70 -77
71 -39
72 -138
73 -214
74 -39
75 -382
76 -44
77 -465
78 -114
79 -39
80 -487
81 -883
82 -278
83 -547
84 -374
85 -39
86 -138
87 -32
88 -37
89 -32
90 -176
91 -32
92 -207
93 -39
94 -80
95 -43
96 -627
97 -207
98 -966
99 -525
100 -1008
101 -29
102 -555
103 -295
104 -29
105 -32
106 -702
107 -490
108 -163
109 -450
110 -39
111 -39
112 -32
113 -32
114 -554
115 -918
116 -305
117 -39
118 -32
119 -349
120 -150
121 -306
122 -63
123 -200
124 -53
125 -138
126 -212
127 -13
128 -245
129 -32
130 -112
131 -32
132 -352
133 -243
134 -927
135 -663
136 -415
137 -227
138 -453
139 -1361
140 -39
141 -32
142 -347
143 -806
144 -1491
145 -30
146 -39
147 -358
148 -47
149 -32
150 -39
151 -39
152 -101
153 -201
154 -237
155 -370
156 -32
157 -134
158 -308
159 -32
160 -2391
161 -39
162 -39
163 -203
164 -622
165 -182
166 -113
167 -584
168 -1608
169 -32
170 -39
171 -51
172 -1253
173 -94
174 -32
175 -39
176 -32
177 -196
178 -32
179 -32
180 -39
181 -39
182 -39
183 -32
184 -31
185 -345
186 -338
187 -157
188 -1194
189 -65
190 -32
191 -39
192 -158
193 -39
194 -369
195 -95
196 -3710
197 -3062
198 -420
199 -101
200 -243
201 -1759
202 -149
203 -32
204 -141
205 -39
206 -39
207 -58
208 -32
209 -96
210 -39
211 -73
212 -397
213 -3653
214 -48
215 -1768
216 -496
217 -39
218 -2955
219 -81
220 -344
221 -542
222 -82
223 -234
224 -352
225 -81
226 -767
227 -231
228 -284
229 -233
230 -141
231 -334
232 -32
233 -2263
234 -39
235 -494
236 -320
237 -38
238 -1474
239 -400
240 -428
241 -580
242 -569
243 -32
244 -101
245 -32
246 -1366
247 -266
248 -553
249 -373
250 -48
251 -32
252 -160
253 -353
254 -71
255 -42
256 -39
257 -26
258 -192
259 -134
260 -145
261 -230
262 -286
263 -116
264 -75
265 -252
266 -3250
267 -171
268 -168
269 -39
270 -35
271 -625
272 -519
273 -80
274 -32
275 -447
276 -204
277 -45
278 -2445
279 -604
280 -586
281 -527
282 -39
283 -39
284 -3066
285 -176
286 -102
287 -330
288 -118
289 -140
290 -131
291 -39
292 -138
293 -242
294 -31
295 -32
296 -288
297 -307
298 -2320
299 -3361
300 -1166
301 -107
302 -2472
303 -188
304 -1100
305 -972
306 -38
307 -2112
308 -32
309 -268
310 -154
311 -32
312 -243
313 -82
314 -77
315 -888
316 -32
317 -39
318 -343
319 -32
320 -1483
321 -39
322 -41
323 -3343
324 -84
325 -39
326 -46
327 -12
328 -263
329 -559
330 -1477
331 -39
332 -2642
333 -6766
334 -476
335 -32
336 -119
337 -3389
338 -654
339 -32
340 -32
341 -28
342 -2248
343 -179
344 -1430
345 -161
346 -120
347 -368
348 -65
349 -217
350 -184
351 -181
352 -133
353 -2090
354 -349
355 -402
356 -194
357 -39
358 -958
359 -400
360 -39
361 -32
362 -623
363 -1365
364 -32
365 -39
366 -1494
367 -32
368 -39
369 -3107
370 -112
371 -97
372 -801
373 -19
374 -32
375 -413
376 -141
377 -71
378 -167
379 -39
380 -39
381 -291
382 -951
383 -470
384 -1228
385 -104
386 -58
387 -497
388 -182
389 -1042
390 -39
391 -313
392 -483
393 -29
394 -515
395 -374
396 -39
397 -28
398 -39
399 -77
400 -140
401 -4128
402 -1496
403 -77
404 -729
405 -274
406 -192
407 -488
408 -33
409 -115
410 -666
411 -32
412 -232
413 -102
414 -39
415 -126
416 -32
417 -99
418 -651
419 -480
420 -110
421 -32
422 -39
423 -102
424 -114
425 -406
426 -254
427 -575
428 -39
429 -39
430 -570
431 -3168
432 -384
433 -114
434 -32
435 -386
436 -39
437 -66
438 -164
439 -2232
440 -39
441 -959
442 -24
443 -39
444 -39
445 -32
446 -221
447 -6113
448 -360
449 -134
450 -86
451 -617
452 -32
453 -454
454 -108
455 -3632
456 -39
457 -380
458 -258
459 -39
460 -448
461 -516
462 -39
463 -2648
464 -124
465 -175
466 -39
467 -706
468 -2728
469 -128
470 -39
471 -152
472 -32
473 -263
474 -32
475 -189
476 -259
477 -39
478 -207
479 -380
480 -477
481 -4045
482 -53
483 -39
484 -23
485 -746
486 -610
487 -274
488 -3338
489 -146
490 -2111
491 -788
492 -32
493 -684
494 -80
495 -184
496 -597
497 -1334
498 -166
499 -57
500 -578
501 -194
502 -1396
503 -32
504 -39
505 -133
506 -2418
507 -307
508 -590
509 -52
510 -98
511 -182
512 -71
513 -39
514 -39
515 -1361
516 -292
517 -54
518 -631
519 -32
520 -32
521 -39
522 -315
523 -396
524 -33
525 -272
526 -39
527 -415
528 -108
529 -1837
530 -468
531 -265
532 -3027
533 -39
534 -4367
535 -235
536 -1628
537 -185
538 -39
539 -29
540 -39
541 -2634
542 -44
543 -106
544 -154
545 -21
546 -1550
547 -184
548 -109
549 -28
550 -138
551 -32
552 -39
553 -146
554 -644
555 -1139
556 -1081
557 -89
558 -1111
559 -333
560 -708
561 -267
562 -59
563 -32
564 -32
565 -83
566 -32
567 -39
568 -909
569 -33
570 -129
571 -748
572 -52
573 -99
574 -502
575 -722
576 -39
577 -39
578 -39
579 -86
580 -223
581 -598
582 -289
583 -39
584 -324
585 -61
586 -187
587 -881
588 -733
589 -64
590 -180
591 -39
592 -825
593 -809
594 -41
595 -121
596 -1776
597 -96
598 -39
599 -353
600 -39
601 -1276
602 -32
603 -1888
604 -39
605 -39
606 -587
607 -928
608 -32
609 -39
610 -39
611 -39
612 -363
613 -67
614 -58
615 -32
616 -320
617 -21
618 -173
619 -39
620 -94
621 -500
622 -313
623 -160
624 -438
625 -39
626 -524
627 -4408
628 -34
629 -112
630 -545
631 -526
632 -273
633 -51
634 -4591
635 -973
636 -197
637 -243
638 -390
639 -32
640 -176
641 -865
642 -1131
643 -39
644 -42
645 -300
646 -309
647 -184
648 -160
649 -1314
650 -4887
651 -39
652 -39
653 -327
654 -39
655 -6529
656 -781
657 -256
658 -32
659 -41
660 -114
661 -474
662 -199
663 -266
664 -141
665 -495
666 -474
667 -32
668 -407
669 -258
670 -1091
671 -276
672 -39
673 -913
674 -125
675 -32
676 -131
677 -477
678 -1239
679 -116
680 -1440
681 -131
682 -29
683 -39
684 -127
685 -32
686 -32
687 -196
688 -111
689 -271
690 -5814
691 -39
692 -369
693 -32
694 -27
695 -1343
696 -366
697 -1952
698 -340
699 -39
700 -164
701 -52
702 -413
703 -130
704 -32
705 -76
706 -40
707 -39
708 -84
709 -39
710 -462
711 -42
712 -32
713 -300
714 -39
715 -94
716 -46
717 -2525
718 -335
719 -122
720 -32
721 -32
722 -32
723 -3242
724 -39
725 -32
726 -423
727 -39
728 -222
729 -39
730 -54
731 -39
732 -290
733 -206
734 -104
735 -461
736 -32
737 -32
738 -565
739 -32
740 -33
741 -32
742 -312
743 -39
744 -66
745 -39
746 -265
747 -59
748 -49
749 -32
750 -3975
751 -325
752 -126
753 -32
754 -240
755 -155
756 -491
757 -102
758 -152
759 -52
760 -32
761 -83
762 -331
763 -39
764 -250
765 -175
766 -1664
767 -32
768 -101
769 -39
770 -39
771 -250
772 -240
773 -32
774 -39
775 -907
776 -30
777 -1550
778 -238
779 -263
780 -73
781 -62
782 -102
783 -39
784 -3305
785 -1716
786 -799
787 -623
788 -73
789 -39
790 -39
791 -2967
792 -1828
793 -140
794 -392
795 -147
796 -56
797 -6831
798 -1754
799 -13
800 -170
801 -3037
802 -439
803 -88
804 -626
805 -39
806 -564
807 -2567
808 -153
809 -307
810 -421
811 -303
812 -97
813 -40
814 -65
815 -506
816 -31
817 -276
818 -141
819 -424
820 -861
821 -166
822 -32
823 -305
824 -3651
825 -116
826 -32
827 -3697
828 -574
829 -28
830 -39
831 -4482
832 -129
833 -421
834 -582
835 -39
836 -39
837 -102
838 -2656
839 -522
840 -39
841 -39
842 -39
843 -375
844 -378
845 -100
846 -206
847 -117
848 -75
849 -360
850 -39
851 -39
852 -1679
853 -32
854 -32
855 -32
856 -2149
857 -261
858 -124
859 -32
860 -301
861 -154
862 -31
863 -39
864 -2751
865 -179
866 -35
867 -32
868 -32
869 -380
870 -67
871 -39
872 -89
873 -441
874 -32
875 -688
876 -237
877 -1152
878 -464
879 -32
880 -87
881 -202
882 -423
883 -36
884 -358
885 -32
886 -73
887 -48
888 -140
889 -342
890 -39
891 -76
892 -33
893 -1172
894 -477
895 -39
896 -436
897 -32
898 -1957
899 -135
900 -1368
901 -400
902 -32
903 -222
904 -84
905 -762
906 -39
907 -32
908 -32
909 -144
910 -326
911 -49
912 -36
913 -42
914 -2382
915 -279
916 -39
917 -32
918 -548
919 -644
920 -39
921 -32
922 -92
923 -201
924 -447
925 -64
926 -240
927 -32
928 -519
929 -1468
930 -1162
931 -156
932 -110
933 -103
934 -76
935 -384
936 -39
937 -830
938 -39
939 -32
940 -307
941 -173
942 -321
943 -298
944 -249
945 -39
946 -32
947 -32
948 -790
949 -605
950 -116
951 -285
952 -63
953 -1131
954 -206
955 -39
956 -110
957 -32
958 -419
959 -39
960 -39
961 -2134
962 -393
963 -131
964 -78
965 -577
966 -32
967 -39
968 -32
969 -32
970 -227
971 -32
972 -32
973 -8164
974 -1375
975 -970
976 -2452
977 -54
978 -329
979 -151
980 -39
981 -206
982 -242
983 -40
984 -39
985 -565
986 -39
987 -141
988 -664
989 -74
990 -553
991 -32
992 -32
993 -98
994 -70
995 -212
996 -859
997 -134
998 -98
999 -173
