0 -32
1 -38
2 -33
3 -377
4 -318
5 -439
6 -33
7 -78
8 -75
9 -191
10 -32
11 -210
12 -33
13 -33
14 -32
15 -32
16 -33
17 -65
18 -238
19 -46
20 -32
21 -159
22 -121
23 -149
24 -33
25 -61
26 -32
27 -33
28 -33
29 -33
30 -295
31 -33
32 -475
33 -334
34 -32
35 -106
36 -107
37 -117
38 -263
39 -33
40 -49
41 -32
42 -517
43 -172
44 -411
45 -349
46 -33
47 -124
48 -90
49 -241
50 -32
51 -32
52 -531
53 -33
54 -161
55 -33
56 -233
57 -32
58 -38
59 -216
60 -32
61 -175
62 -152
63 -88
64 -33
65 -32
66 -33
67 -169
68 -89
69 -33
70 -417
71 -479
72 -111
73 -31
74 -178
75 -276
76 -44
77 -32
78 -143
79 -33
80 -398
81 -414
82 -32
83 -33
84 -88
85 -496
86 -710
87 -258
88 -69
89 -33
90 -124
91 -32
92 -32
93 -124
94 -82
95 -164
96 -32
97 -33
98 -32
99 -62
100 -32
101 -1193
102 -135
103 -32
104 -692
105 -591
106 -79
107 -404
108 -33
109 -930
110 -33
111 -98
112 -248
113 -268
114 -32
115 -70
116 -54
117 -328
118 -163
119 -32
120 -33
121 -33
122 -73
123 -33
124 -679
125 -33
126 -230
127 -33
128 -22
129 -33
130 -165
131 -33
132 -38
133 -283
134 -32
135 -20
136 -32
137 -211
138 -161
139 -33
140 -33
141 -33
142 -32
143 -33
144 -499
145 -123
146 -32
147 -33
148 -33
149 -32
150 -32
151 -33
152 -33
153 -1236
154 -32
155 -401
156 -1077
157 -788
158 -32
159 -33
160 -32
161 -33
162 -32
163 -35
164 -501
165 -33
166 -23
167 -32
168 -227
169 -33
170 -106
171 -87
172 -33
173 -92
174 -19
175 -43
176 -33
177 -32
178 -33
179 -159
180 -47
181 -237
182 -32
183 -47
184 -261
185 -33
186 -33
187 -27
188 -32
189 -64
190 -3565
191 -1545
192 -903
193 -32
194 -35
195 -32
196 -38
197 -32
198 -33
199 -30
200 -117
201 -382
202 -3060
203 -33
204 -336
205 -33
206 -33
207 -33
208 -280
209 -33
210 -32
211 -358
212 -152
213 -319
214 -32
215 -304
216 -73
217 -357
218 -630
219 -33
220 -74
221 -537
222 -129
223 -33
224 -106
225 -33
226 -364
227 -33
228 -33
229 -32
230 -33
231 -33
232 -775
233 -327
234 -198
235 -32
236 -59
237 -52
238 -33
239 -704
240 -238
241 -511
242 -33
243 -33
244 -179
245 -138
246 -333
247 -129
248 -53
249 -285
250 -32
251 -70
252 -33
253 -22
254 -378
255 -132
256 -717
257 -60
258 -32
259 -32
260 -32
261 -796
262 -315
263 -32
264 -32
265 -48
266 -32
267 -339
268 -1358
269 -221
270 -380
271 -33
272 -33
273 -33
274 -33
275 -265
276 -33
277 -1115
278 -641
279 -32
280 -44
281 -32
282 -33
283 -286
284 -33
285 -70
286 -33
287 -34
288 -32
289 -33
290 -283
291 -122
292 -115
293 -573
294 -32
295 -32
296 -37
297 -90
298 -116
299 -275
300 -33
301 -32
302 -262
303 -102
304 -60
305 -157
306 -33
307 -74
308 -33
309 -903
310 -274
311 -85
312 -32
313 -116
314 -1437
315 -547
316 -182
317 -33
318 -3058
319 -95
320 -33
321 -1586
322 -33
323 -143
324 -273
325 -32
326 -32
327 -1191
328 -32
329 -158
330 -223
331 -94
332 -33
333 -628
334 -33
335 -32
336 -475
337 -81
338 -33
339 -421
340 -440
341 -155
342 -33
343 -33
344 -193
345 -33
346 -81
347 -33
348 -33
349 -43
350 -32
351 -63
352 -326
353 -60
354 -342
355 -33
356 -33
357 -32
358 -33
359 -306
360 -33
361 -33
362 -924
363 -722
364 -148
365 -209
366 -33
367 -283
368 -33
369 -33
370 -33
371 -32
372 -33
373 -33
374 -146
375 -33
376 -503
377 -726
378 -32
379 -447
380 -33
381 -33
382 -33
383 -32
384 -33
385 -33
386 -571
387 -182
388 -132
389 -33
390 -33
391 -117
392 -96
393 -280
394 -42
395 -33
396 -33
397 -162
398 -291
399 -388
400 -301
401 -32
402 -33
403 -830
404 -82
405 -32
406 -236
407 -593
408 -32
409 -80
410 -986
411 -141
412 -418
413 -858
414 -33
415 -32
416 -418
417 -32
418 -33
419 -33
420 -62
421 -33
422 -33
423 -33
424 -157
425 -119
426 -240
427 -32
428 -33
429 -474
430 -75
431 -32
432 -32
433 -119
434 -33
435 -148
436 -33
437 -23
438 -55
439 -43
440 -207
441 -105
442 -33
443 -2267
444 -501
445 -33
446 -33
447 -33
448 -147
449 -33
450 -32
451 -33
452 -38
453 -33
454 -707
455 -429
456 -33
457 -32
458 -130
459 -77
460 -100
461 -173
462 -228
463 -92
464 -47
465 -156
466 -33
467 -31
468 -33
469 -575
470 -84
471 -451
472 -33
473 -33
474 -55
475 -33
476 -33
477 -33
478 -124
479 -90
480 -103
481 -393
482 -33
483 -139
484 -32
485 -33
486 -33
487 -1231
488 -32
489 -50
490 -45
491 -140
492 -32
493 -387
494 -33
495 -33
496 -33
497 -33
498 -33
499 -31
500 -33
501 -33
502 -33
503 -33
504 -33
505 -32
506 -568
507 -174
508 -370
509 -33
510 -65
511 -32
512 -33
513 -33
514 -262
515 -214
516 -32
517 -33
518 -853
519 -145
520 -406
521 -85
522 -33
523 -91
524 -58
525 -33
526 -191
527 -111
528 -33
529 -32
530 -32
531 -23
532 -77
533 -53
534 -33
535 -33
536 -33
537 -236
538 -33
539 -510
540 -99
541 -71
542 -431
543 -660
544 -112
545 -1043
546 -62
547 -306
548 -32
549 -94
550 -44
551 -33
552 -315
553 -33
554 -79
555 -19
556 -33
557 -138
558 -317
559 -33
560 -32
561 -543
562 -472
563 -38
564 -32
565 -33
566 -153
567 -127
568 -32
569 -33
570 -83
571 -176
572 -694
573 -182
574 -33
575 -103
576 -112
577 -150
578 -203
579 -45
580 -53
581 -33
582 -158
583 -258
584 -55
585 -553
586 -42
587 -53
588 -496
589 -29
590 -61
591 -231
592 -32
593 -420
594 -768
595 -32
596 -130
597 -312
598 -41
599 -214
600 -38
601 -33
602 -267
603 -33
604 -156
605 -1956
606 -288
607 -336
608 -226
609 -52
610 -33
611 -33
612 -33
613 -33
614 -654
615 -32
616 -144
617 -410
618 -351
619 -33
620 -33
621 -33
622 -33
623 -33
624 -70
625 -279
626 -33
627 -33
628 -33
629 -32
630 -32
631 -184
632 -639
633 -51
634 -860
635 -82
636 -32
637 -32
638 -33
639 -350
640 -33
641 -32
642 -678
643 -32
644 -33
645 -327
646 -48
647 -33
648 -43
649 -35
650 -33
651 -200
652 -33
653 -323
654 -35
655 -448
656 -153
657 -33
658 -164
659 -105
660 -33
661 -464
662 -32
663 -33
664 -350
665 -77
666 -407
667 -207
668 -429
669 -128
670 -44
671 -355
672 -440
673 -32
674 -33
675 -66
676 -788
677 -162
678 -32
679 -612
680 -33
681 -48
682 -63
683 -297
684 -197
685 -191
686 -106
687 -33
688 -536
689 -212
690 -178
691 -564
692 -189
693 -418
694 -447
695 -33
696 -35
697 -532
698 -533
699 -545
700 -34
701 -33
702 -33
703 -259
704 -33
705 -91
706 -48
707 -33
708 -33
709 -1630
710 -66
711 -810
712 -393
713 -177
714 -33
715 -32
716 -33
717 -185
718 -33
719 -33
720 -231
721 -145
722 -27
723 -25
724 -492
725 -1058
726 -879
727 -32
728 -110
729 -33
730 -284
731 -221
732 -681
733 -145
734 -33
735 -238
736 -32
737 -29
738 -912
739 -602
740 -33
741 -82
742 -32
743 -78
744 -592
745 -4109
746 -252
747 -32
748 -358
749 -32
750 -129
751 -32
752 -43
753 -87
754 -296
755 -1182
756 -32
757 -229
758 -32
759 -33
760 -628
761 -33
762 -247
763 -33
764 -32
765 -45
766 -33
767 -35
768 -249
769 -24
770 -32
771 -128
772 -107
773 -32
774 -459
775 -301
776 -30
777 -220
778 -32
779 -54
780 -116
781 -32
782 -3354
783 -70
784 -33
785 -1029
786 -589
787 -32
788 -65
789 -33
790 -30
791 -245
792 -33
793 -33
794 -612
795 -32
796 -33
797 -33
798 -32
799 -196
800 -32
801 -88
802 -1095
803 -260
804 -32
805 -209
806 -32
807 -33
808 -113
809 -906
810 -82
811 -32
812 -167
813 -32
814 -43
815 -547
816 -164
817 -33
818 -39
819 -109
820 -33
821 -32
822 -218
823 -220
824 -33
825 -32
826 -32
827 -32
828 -108
829 -26
830 -33
831 -442
832 -3508
833 -40
834 -146
835 -30
836 -711
837 -224
838 -325
839 -97
840 -307
841 -274
842 -324
843 -116
844 -199
845 -2313
846 -154
847 -663
848 -37
849 -33
850 -155
851 -501
852 -33
853 -33
854 -63
855 -32
856 -242
857 -196
858 -32
859 -52
860 -810
861 -32
862 -136
863 -344
864 -33
865 -274
866 -33
867 -146
868 -39
869 -506
870 -33
871 -355
872 -126
873 -3761
874 -310
875 -41
876 -32
877 -659
878 -121
879 -33
880 -98
881 -33
882 -32
883 -33
884 -26
885 -150
886 -26
887 -168
888 -83
889 -55
890 -32
891 -9
892 -188
893 -696
894 -32
895 -38
896 -8341
897 -260
898 -33
899 -33
900 -321
901 -32
902 -159
903 -38
904 -293
905 -77
906 -106
907 -114
908 -32
909 -53
910 -33
911 -239
912 -33
913 -33
914 -329
915 -33
916 -33
917 -33
918 -33
919 -517
920 -32
921 -33
922 -499
923 -52
924 -33
925 -106
926 -502
927 -33
928 -322
929 -505
930 -32
931 -363
932 -435
933 -32
934 -33
935 -33
936 -32
937 -123
938 -315
939 -33
940 -92
941 -2262
942 -96
943 -33
944 -32
945 -32
946 -180
947 -32
948 -75
949 -213
950 -443
951 -33
952 -80
953 -33
954 -62
955 -38
956 -274
957 -166
958 -490
959 -26
960 -75
961 -33
962 -35
963 -33
964 -33
965 -35
966 -210
967 -382
968 -169
969 -683
970 -32
971 -289
972 -32
973 -136
974 -216
975 -33
976 -101
977 -33
978 -78
979 -168
980 -95
981 -128
982 -33
983 -479
984 -118
985 -143
986 -33
987 -79
988 -33
989 -33
990 -33
991 -852
992 -1276
993 -7154
994 -85
995 -32
996 -32
997 -1918
998 -32
999 -33
