0 -227
1 -693
2 -33
3 -189
4 -54
5 -407
6 -33
7 -25
8 -162
9 -741
10 -236
11 -363
12 -76
13 -56
14 -23
15 -23
16 -373
17 -470
18 -178
19 -47
20 -180
21 -23
22 -182
23 -33
24 -24
25 -283
26 -161
27 -144
28 -12
29 -352
30 -80
31 -33
32 -187
33 -23
34 -31
35 -56
36 -79
37 -101
38 -135
39 -438
40 -79
41 -33
42 -265
43 -33
44 -244
45 -162
46 -35
47 -33
48 -33
49 -23
50 -23
51 -16
52 -234
53 -26
54 -79
55 -59
56 -93
57 -103
58 -23
59 -33
60 -105
61 -23
62 -822
63 -33
64 -47
65 -23
66 -130
67 -462
68 -23
69 -61
70 -177
71 -508
72 -216
73 -89
74 -173
75 -425
76 -33
77 -33
78 -72
79 -228
80 -339
81 -86
82 -23
83 -168
84 -177
85 -33
86 -255
87 -23
88 -364
89 -48
90 -33
91 -33
92 -480
93 -261
94 -17
95 -110
96 -426
97 -75
98 -228
99 -50
100 -63
101 -106
102 -153
103 -67
104 -412
105 -23
106 -23
107 -23
108 -398
109 -23
110 -57
111 -33
112 -21
113 -176
114 -26
115 -23
116 -33
117 -15
118 -148
119 -139
120 -34
121 -33
122 -911
123 -33
124 -71
125 -33
126 -115
127 -305
128 -684
129 -330
130 -105
131 -91
132 -24
133 -39
134 -31
135 -63
136 -441
137 -33
138 -347
139 -33
140 -226
141 -368
142 -201
143 -33
144 -23
145 -1376
146 -556
147 -202
148 -385
149 -33
150 -457
151 -23
152 -610
153 -275
154 -298
155 -23
156 -327
157 -188
158 -33
159 -37
160 -23
161 -67
162 -23
163 -533
164 -268
165 -596
166 -38
167 -145
168 -345
169 -99
170 -23
171 -33
172 -88
173 -102
174 -33
175 -73
176 -72
177 -348
178 -50
179 -448
180 -266
181 -33
182 -54
183 -27
184 -283
185 -278
186 -50
187 -23
188 -23
189 -23
190 -402
191 -1192
192 -109
193 -32
194 -163
195 -38
196 -23
197 -189
198 -428
199 -66
200 -342
201 -23
202 -599
203 -230
204 -23
205 -503
206 -33
207 -365
208 -33
209 -720
210 -261
211 -374
212 -23
213 -25
214 -172
215 -656
216 -23
217 -28
218 -207
219 -58
220 -33
221 -232
222 -579
223 -142
224 -23
225 -33
226 -33
227 -33
228 -23
229 -1211
230 -33
231 -33
232 -87
233 -168
234 -33
235 -98
236 -96
237 -103
238 -320
239 -179
240 -357
241 -23
242 -86
243 -262
244 -246
245 -78
246 -45
247 -365
248 -1123
249 -33
250 -4888
251 -334
252 -315
253 -139
254 -980
255 -63
256 -33
257 -45
258 -519
259 -172
260 -440
261 -84
262 -314
263 -252
264 -524
265 -29
266 -23
267 -15
268 -338
269 -33
270 -188
271 -234
272 -33
273 -23
274 -266
275 -23
276 -653
277 -23
278 -561
279 -33
280 -33
281 -23
282 -458
283 -549
284 -68
285 -118
286 -593
287 -243
288 -24
289 -23
290 -33
291 -213
292 -372
293 -23
294 -42
295 -43
296 -33
297 -60
298 -23
299 -33
300 -298
301 -33
302 -33
303 -33
304 -510
305 -254
306 -77
307 -22
308 -86
309 -160
310 -23
311 -502
312 -23
313 -51
314 -145
315 -237
316 -52
317 -33
318 -215
319 -300
320 -33
321 -108
322 -338
323 -158
324 -209
325 -197
326 -343
327 -112
328 -33
329 -243
330 -33
331 -124
332 -270
333 -24
334 -123
335 -79
336 -130
337 -23
338 -130
339 -242
340 -288
341 -184
342 -33
343 -119
344 -388
345 -23
346 -33
347 -259
348 -123
349 -33
350 -45
351 -33
352 -289
353 -204
354 -23
355 -499
356 -55
357 -336
358 -82
359 -23
360 -380
361 -276
362 -26
363 -33
364 -353
365 -343
366 -68
367 -26
368 -622
369 -259
370 -23
371 -33
372 -99
373 -33
374 -785
375 -23
376 -135
377 -573
378 -833
379 -140
380 -255
381 -81
382 -179
383 -33
384 -287
385 -324
386 -29
387 -348
388 -31
389 -415
390 -182
391 -33
392 -92
393 -162
394 -123
395 -33
396 -33
397 -33
398 -95
399 -383
400 -130
401 -780
402 -232
403 -138
404 -23
405 -33
406 -976
407 -33
408 -604
409 -87
410 -114
411 -372
412 -146
413 -20
414 -33
415 -498
416 -86
417 -160
418 -169
419 -90
420 -29
421 -23
422 -171
423 -25
424 -23
425 -117
426 -766
427 -274
428 -304
429 -69
430 -33
431 -123
432 -115
433 -453
434 -34
435 -68
436 -23
437 -219
438 -33
439 -33
440 -163
441 -23
442 -23
443 -163
444 -42
445 -23
446 -9
447 -310
448 -1120
449 -23
450 -89
451 -205
452 -275
453 -33
454 -343
455 -61
456 -317
457 -52
458 -28
459 -119
460 -644
461 -42
462 -56
463 -436
464 -256
465 -111
466 -115
467 -33
468 -227
469 -290
470 -215
471 -33
472 -396
473 -197
474 -77
475 -101
476 -27
477 -539
478 -121
479 -198
480 -116
481 -166
482 -131
483 -71
484 -15
485 -527
486 -239
487 -550
488 -23
489 -33
490 -23
491 -19
492 -638
493 -156
494 -33
495 -428
496 -489
497 -9
498 -27
499 -33
500 -23
501 -23
502 -552
503 -28
504 -111
505 -106
506 -33
507 -182
508 -32
509 -216
510 -261
511 -23
512 -33
513 -23
514 -33
515 -183
516 -2651
517 -361
518 -252
519 -685
520 -23
521 -23
522 -56
523 -255
524 -149
525 -107
526 -257
527 -443
528 -48
529 -380
530 -83
531 -16
532 -1019
533 -527
534 -23
535 -110
536 -105
537 -187
538 -23
539 -161
540 -33
541 -149
542 -23
543 -88
544 -33
545 -348
546 -637
547 -387
548 -94
549 -385
550 -33
551 -25
552 -624
553 -838
554 -197
555 -145
556 -141
557 -81
558 -23
559 -694
560 -754
561 -119
562 -183
563 -62
564 -435
565 -215
566 -31
567 -279
568 -33
569 -33
570 -50
571 -28
572 -23
573 -31
574 -93
575 -157
576 -103
577 -33
578 -33
579 -96
580 -33
581 -126
582 -23
583 -23
584 -33
585 -247
586 -746
587 -213
588 -135
589 -255
590 -319
591 -97
592 -63
593 -268
594 -139
595 -486
596 -163
597 -133
598 -240
599 -33
600 -218
601 -208
602 -205
603 -203
604 -23
605 -51
606 -499
607 -33
608 -23
609 -293
610 -273
611 -43
612 -23
613 -118
614 -41
615 -408
616 -245
617 -45
618 -135
619 -60
620 -23
621 -127
622 -38
623 -359
624 -137
625 -395
626 -27
627 -39
628 -23
629 -23
630 -321
631 -23
632 -44
633 -23
634 -23
635 -72
636 -23
637 -331
638 -33
639 -33
640 -154
641 -286
642 -1015
643 -786
644 -92
645 -74
646 -23
647 -170
648 -324
649 -33
650 -186
651 -212
652 -162
653 -23
654 -242
655 -31
656 -33
657 -105
658 -323
659 -23
660 -73
661 -50
662 -31
663 -29
664 -823
665 -234
666 -247
667 -23
668 -54
669 -341
670 -83
671 -74
672 -121
673 -84
674 -23
675 -1019
676 -264
677 -52
678 -154
679 -23
680 -182
681 -37
682 -23
683 -149
684 -21
685 -47
686 -33
687 -383
688 -23
689 -19
690 -13
691 -77
692 -120
693 -199
694 -737
695 -416
696 -23
697 -23
698 -598
699 -246
700 -23
701 -78
702 -36
703 -71
704 -189
705 -34
706 -99
707 -23
708 -23
709 -29
710 -57
711 -33
712 -33
713 -200
714 -23
715 -23
716 -116
717 -209
718 -55
719 -113
720 -33
721 -112
722 -33
723 -102
724 -366
725 -53
726 -64
727 -23
728 -93
729 -601
730 -472
731 -28
732 -89
733 -249
734 -377
735 -301
736 -23
737 -33
738 -23
739 -18
740 -33
741 -214
742 -45
743 -23
744 -240
745 -382
746 -48
747 -197
748 -33
749 -70
750 -81
751 -210
752 -215
753 -23
754 -33
755 -23
756 -33
757 -23
758 -43
759 -99
760 -438
761 -127
762 -335
763 -33
764 -279
765 -176
766 -33
767 -195
768 -33
769 -688
770 -240
771 -284
772 -71
773 -37
774 -35
775 -23
776 -261
777 -23
778 -33
779 -33
780 -254
781 -23
782 -26
783 -488
784 -23
785 -33
786 -81
787 -93
788 -23
789 -350
790 -1583
791 -23
792 -36
793 -107
794 -292
795 -219
796 -153
797 -294
798 -23
799 -124
800 -189
801 -33
802 -423
803 -27
804 -47
805 -33
806 -980
807 -87
808 -196
809 -74
810 -23
811 -33
812 -563
813 -130
814 -1096
815 -33
816 -27
817 -328
818 -177
819 -439
820 -252
821 -232
822 -3434
823 -33
824 -61
825 -126
826 -161
827 -182
828 -185
829 -127
830 -134
831 -33
832 -23
833 -316
834 -175
835 -33
836 -33
837 -315
838 -231
839 -240
840 -475
841 -32
842 -118
843 -118
844 -36
845 -476
846 -190
847 -142
848 -33
849 -537
850 -59
851 -61
852 -205
853 -33
854 -33
855 -385
856 -730
857 -331
858 -33
859 -23
860 -943
861 -368
862 -33
863 -34
864 -106
865 -23
866 -56
867 -27
868 -92
869 -284
870 -65
871 -33
872 -19
873 -26
874 -94
875 -190
876 -257
877 -199
878 -33
879 -23
880 -96
881 -33
882 -160
883 -33
884 -672
885 -23
886 -60
887 -33
888 -27
889 -33
890 -351
891 -305
892 -43
893 -33
894 -33
895 -135
896 -529
897 -355
898 -42
899 -23
900 -196
901 -47
902 -677
903 -689
904 -225
905 -23
906 -129
907 -326
908 -33
909 -72
910 -34
911 -78
912 -501
913 -177
914 -33
915 -650
916 -33
917 -33
918 -757
919 -33
920 -124
921 -23
922 -14
923 -33
924 -249
925 -286
926 -23
927 -33
928 -271
929 -33
930 -23
931 -39
932 -152
933 -33
934 -33
935 -292
936 -341
937 -33
938 -32
939 -33
940 -33
941 -62
942 -596
943 -751
944 -169
945 -33
946 -198
947 -370
948 -23
949 -23
950 -335
951 -101
952 -33
953 -56
954 -223
955 -78
956 -33
957 -23
958 -301
959 -155
960 -314
961 -70
962 -165
963 -33
964 -33
965 -40
966 -56
967 -33
968 -130
969 -538
970 -23
971 -23
972 -23
973 -23
974 -375
975 -122
976 -123
977 -71
978 -216
979 -131
980 -23
981 -273
982 -33
983 -33
984 -33
985 -23
986 -446
987 -53
988 -33
989 -23
990 -364
991 -266
992 -441
993 -35
994 -511
995 -33
996 -85
997 -117
998 -16
999 -42
