0 -61
1 -353
2 -289
3 -36
4 -62
5 -111
6 -146
7 -37
8 -33
9 -33
10 -33
11 -2712
12 -266
13 -33
14 -33
15 -35
16 -303
17 -122
18 -81
19 -33
20 -34
21 -559
22 -29
23 -145
24 -140
25 -33
26 -274
27 -73
28 -96
29 -86
30 -1386
31 -159
32 -137
33 -900
34 -46
35 -102
36 -33
37 -45
38 -69
39 -12
40 -35
41 -263
42 -688
43 -118
44 -197
45 -111
46 -33
47 -696
48 -312
49 -73
50 -33
51 -207
52 -216
53 -176
54 -67
55 -35
56 -30
57 -863
58 -250
59 -202
60 -420
61 -555
62 -45
63 -80
64 -27
65 -185
66 -319
67 -773
68 -139
69 -577
70 -33
71 -260
72 -33
73 -92
74 -256
75 -142
76 -951
77 -377
78 -67
79 -35
80 -2040
81 -127
82 -197
83 -980
84 -1036
85 -35
86 -481
87 -282
88 -33
89 -121
90 -129
91 -35
92 -81
93 -35
94 -33
95 -33
96 -33
97 -461
98 -35
99 -38
100 -394
101 -250
102 -141
103 -50
104 -232
105 -35
106 -81
107 -579
108 -33
109 -33
110 -3727
111 -241
112 -35
113 -387
114 -87
115 -384
116 -33
117 -101
118 -514
119 -35
120 -300
121 -35
122 -93
123 -757
124 -1620
125 -268
126 -117
127 -35
128 -195
129 -191
130 -31
131 -35
132 -113
133 -907
134 -35
135 -109
136 -35
137 -35
138 -33
139 -35
140 -35
141 -451
142 -326
143 -167
144 -35
145 -124
146 -105
147 -33
148 -165
149 -234
150 -55
151 -1189
152 -377
153 -35
154 -33
155 -33
156 -201
157 -251
158 -343
159 -128
160 -755
161 -63
162 -35
163 -159
164 -228
165 -27
166 -153
167 -523
168 -16
169 -50
170 -33
171 -755
172 -35
173 -317
174 -667
175 -35
176 -35
177 -253
178 -37
179 -35
180 -363
181 -6341
182 -35
183 -77
184 -1005
185 -2039
186 -124
187 -1249
188 -35
189 -357
190 -33
191 -2388
192 -467
193 -84
194 -697
195 -169
196 -282
197 -33
198 -198
199 -35
200 -33
201 -156
202 -254
203 -295
204 -40
205 -33
206 -995
207 -318
208 -182
209 -35
210 -687
211 -295
212 -35
213 -375
214 -252
215 -124
216 -434
217 -109
218 -222
219 -223
220 -251
221 -228
222 -6589
223 -239
224 -33
225 -94
226 -33
227 -70
228 -108
229 -122
230 -3184
231 -322
232 -117
233 -35
234 -282
235 -172
236 -33
237 -63
238 -1125
239 -33
240 -133
241 -479
242 -60
243 -35
244 -35
245 -339
246 -783
247 -35
248 -2624
249 -33
250 -33
251 -470
252 -522
253 -35
254 -33
255 -390
256 -1139
257 -15
258 -39
259 -106
260 -33
261 -2878
262 -570
263 -424
264 -36
265 -7462
266 -494
267 -35
268 -34
269 -460
270 -272
271 -474
272 -1113
273 -38
274 -141
275 -110
276 -33
277 -33
278 -35
279 -26
280 -223
281 -231
282 -83
283 -497
284 -151
285 -43
286 -33
287 -1736
288 -149
289 -81
290 -360
291 -171
292 -235
293 -1062
294 -1148
295 -169
296 -25
297 -75
298 -116
299 -507
300 -5224
301 -760
302 -1178
303 -33
304 -36
305 -237
306 -111
307 -33
308 -46
309 -426
310 -58
311 -424
312 -183
313 -45
314 -33
315 -53
316 -58
317 -35
318 -172
319 -33
320 -141
321 -40
322 -556
323 -180
324 -271
325 -215
326 -33
327 -35
328 -398
329 -246
330 -196
331 -32
332 -139
333 -249
334 -338
335 -636
336 -166
337 -33
338 -64
339 -164
340 -205
341 -347
342 -1132
343 -33
344 -102
345 -319
346 -1184
347 -33
348 -64
349 -118
350 -1569
351 -2084
352 -210
353 -33
354 -35
355 -525
356 -34
357 -107
358 -250
359 -99
360 -2843
361 -35
362 -288
363 -339
364 -229
365 -428
366 -601
367 -33
368 -971
369 -19
370 -68
371 -33
372 -33
373 -1248
374 -33
375 -494
376 -267
377 -79
378 -978
379 -71
380 -35
381 -102
382 -202
383 -203
384 -126
385 -35
386 -234
387 -669
388 -205
389 -232
390 -93
391 -203
392 -319
393 -35
394 -33
395 -142
396 -35
397 -71
398 -33
399 -345
400 -132
401 -180
402 -367
403 -35
404 -35
405 -78
406 -179
407 -270
408 -281
409 -802
410 -94
411 -446
412 -1720
413 -124
414 -33
415 -285
416 -33
417 -2018
418 -33
419 -317
420 -694
421 -741
422 -775
423 -33
424 -911
425 -33
426 -33
427 -282
428 -108
429 -33
430 -53
431 -1204
432 -170
433 -66
434 -1633
435 -33
436 -486
437 -128
438 -1534
439 -33
440 -35
441 -230
442 -100
443 -125
444 -50
445 -786
446 -179
447 -1117
448 -33
449 -35
450 -316
451 -150
452 -33
453 -352
454 -266
455 -35
456 -33
457 -35
458 -104
459 -33
460 -67
461 -432
462 -292
463 -50
464 -455
465 -141
466 -33
467 -191
468 -91
469 -92
470 -39
471 -35
472 -35
473 -35
474 -83
475 -204
476 -222
477 -33
478 -35
479 -55
480 -249
481 -33
482 -95
483 -169
484 -2467
485 -87
486 -33
487 -343
488 -35
489 -3085
490 -87
491 -1994
492 -35
493 -33
494 -35
495 -259
496 -199
497 -814
498 -35
499 -35
500 -255
501 -33
502 -1036
503 -35
504 -535
505 -88
506 -33
507 -64
508 -1734
509 -409
510 -35
511 -816
512 -189
513 -2451
514 -268
515 -265
516 -33
517 -449
518 -33
519 -703
520 -33
521 -282
522 -2503
523 -262
524 -33
525 -38
526 -235
527 -114
528 -310
529 -145
530 -113
531 -133
532 -35
533 -417
534 -35
535 -50
536 -35
537 -76
538 -93
539 -192
540 -35
541 -378
542 -699
543 -154
544 -257
545 -33
546 -735
547 -243
548 -264
549 -284
550 -2274
551 -33
552 -35
553 -289
554 -35
555 -125
556 -421
557 -33
558 -35
559 -334
560 -191
561 -35
562 -652
563 -747
564 -35
565 -474
566 -33
567 -38
568 -33
569 -947
570 -118
571 -161
572 -257
573 -658
574 -1221
575 -32
576 -656
577 -519
578 -202
579 -33
580 -21
581 -455
582 -88
583 -507
584 -456
585 -496
586 -34
587 -33
588 -106
589 -33
590 -481
591 -235
592 -182
593 -162
594 -127
595 -445
596 -431
597 -35
598 -1176
599 -33
600 -134
601 -37
602 -411
603 -135
604 -519
605 -343
606 -66
607 -143
608 -113
609 -489
610 -859
611 -35
612 -35
613 -149
614 -904
615 -116
616 -46
617 -33
618 -35
619 -492
620 -308
621 -33
622 -341
623 -663
624 -33
625 -101
626 -59
627 -2116
628 -110
629 -1472
630 -123
631 -38
632 -357
633 -33
634 -974
635 -685
636 -164
637 -50
638 -201
639 -122
640 -1351
641 -40
642 -844
643 -52
644 -82
645 -238
646 -329
647 -199
648 -33
649 -508
650 -33
651 -33
652 -202
653 -488
654 -30
655 -3024
656 -92
657 -39
658 -539
659 -33
660 -357
661 -2649
662 -61
663 -35
664 -33
665 -116
666 -477
667 -294
668 -304
669 -35
670 -218
671 -33
672 -33
673 -43
674 -33
675 -40
676 -35
677 -35
678 -35
679 -170
680 -522
681 -5395
682 -597
683 -208
684 -52
685 -35
686 -33
687 -33
688 -1211
689 -151
690 -434
691 -35
692 -104
693 -25
694 -89
695 -360
696 -81
697 -222
698 -471
699 -33
700 -37
701 -923
702 -109
703 -264
704 -218
705 -1186
706 -241
707 -508
708 -151
709 -35
710 -361
711 -2428
712 -107
713 -487
714 -124
715 -35
716 -102
717 -428
718 -33
719 -33
720 -378
721 -41
722 -33
723 -129
724 -507
725 -152
726 -106
727 -666
728 -38
729 -182
730 -329
731 -53
732 -37
733 -240
734 -72
735 -773
736 -342
737 -525
738 -1165
739 -33
740 -409
741 -154
742 -35
743 -58
744 -336
745 -33
746 -33
747 -35
748 -111
749 -187
750 -275
751 -33
752 -33
753 -4110
754 -444
755 -35
756 -191
757 -352
758 -115
759 -33
760 -120
761 -191
762 -4852
763 -33
764 -120
765 -21
766 -33
767 -33
768 -295
769 -426
770 -191
771 -1738
772 -54
773 -500
774 -292
775 -35
776 -33
777 -33
778 -33
779 -113
780 -459
781 -1577
782 -443
783 -280
784 -405
785 -58
786 -35
787 -103
788 -75
789 -1675
790 -189
791 -33
792 -573
793 -391
794 -35
795 -122
796 -778
797 -384
798 -1266
799 -505
800 -33
801 -36
802 -12
803 -173
804 -35
805 -10
806 -6260
807 -746
808 -294
809 -35
810 -178
811 -34
812 -545
813 -63
814 -87
815 -210
816 -35
817 -376
818 -33
819 -108
820 -151
821 -48
822 -121
823 -3834
824 -43
825 -387
826 -35
827 -510
828 -35
829 -33
830 -557
831 -719
832 -33
833 -61
834 -2781
835 -961
836 -33
837 -37
838 -1572
839 -1321
840 -33
841 -35
842 -367
843 -33
844 -336
845 -35
846 -107
847 -189
848 -315
849 -124
850 -50
851 -35
852 -49
853 -33
854 -396
855 -1582
856 -38
857 -4784
858 -35
859 -33
860 -382
861 -213
862 -245
863 -203
864 -41
865 -33
866 -1067
867 -561
868 -33
869 -228
870 -645
871 -161
872 -242
873 -1723
874 -164
875 -71
876 -124
877 -1154
878 -35
879 -43
880 -183
881 -135
882 -164
883 -393
884 -35
885 -101
886 -35
887 -167
888 -227
889 -35
890 -35
891 -35
892 -951
893 -40
894 -185
895 -69
896 -498
897 -222
898 -32
899 -33
900 -490
901 -33
902 -166
903 -417
904 -256
905 -209
906 -33
907 -40
908 -111
909 -33
910 -35
911 -373
912 -436
913 -1023
914 -1823
915 -120
916 -33
917 -234
918 -35
919 -570
920 -181
921 -33
922 -98
923 -33
924 -33
925 -236
926 -34
927 -401
928 -54
929 -35
930 -35
931 -248
932 -33
933 -518
934 -35
935 -875
936 -33
937 -355
938 -35
939 -2104
940 -98
941 -44
942 -215
943 -2781
944 -157
945 -33
946 -83
947 -29
948 -35
949 -1232
950 -1296
951 -35
952 -120
953 -300
954 -34
955 -174
956 -395
957 -225
958 -98
959 -464
960 -999
961 -1704
962 -35
963 -33
964 -546
965 -148
966 -139
967 -421
968 -421
969 -35
970 -33
971 -361
972 -74
973 -267
974 -360
975 -335
976 -3356
977 -44
978 -35
979 -118
980 -148
981 -525
982 -33
983 -33
984 -67
985 -89
986 -1278
987 -296
988 -313
989 -33
990 -35
991 -54
992 -238
993 -415
994 -1930
995 -259
996 -202
997 -62
998 -707
999 -2183
