0 -33
1 -75
2 -36
3 -264
4 -95
5 -134
6 -33
7 -118
8 -359
9 -265
10 -238
11 -233
12 -104
13 -633
14 -287
15 -98
16 -23
17 -23
18 -127
19 -685
20 -23
21 -243
22 -38
23 -34
24 -395
25 -33
26 -61
27 -101
28 -95
29 -254
30 -33
31 -52
32 -182
33 -23
34 -471
35 -34
36 -116
37 -23
38 -40
39 -53
40 -166
41 -23
42 -38
43 -10
44 -33
45 -92
46 -352
47 -23
48 -66
49 -551
50 -245
51 -794
52 -197
53 -83
54 -58
55 -23
56 -23
57 -114
58 -39
59 -23
60 -33
61 -215
62 -23
63 -33
64 -33
65 -91
66 -331
67 -106
68 -29
69 -38
70 -165
71 -207
72 -33
73 -86
74 -35
75 -155
76 -84
77 -563
78 -76
79 -177
80 -33
81 -85
82 -541
83 -333
84 -23
85 -55
86 -23
87 -159
88 -44
89 -27
90 -74
91 -312
92 -510
93 -14
94 -654
95 -33
96 -134
97 -33
98 -40
99 -908
100 -81
101 -200
102 -23
103 -23
104 -473
105 -274
106 -99
107 -179
108 -657
109 -680
110 -263
111 -33
112 -363
113 -120
114 -100
115 -29
116 -33
117 -272
118 -525
119 -759
120 -23
121 -40
122 -306
123 -383
124 -23
125 -376
126 -233
127 -33
128 -78
129 -23
130 -23
131 -92
132 -208
133 -465
134 -85
135 -104
136 -23
137 -397
138 -42
139 -33
140 -652
141 -163
142 -207
143 -23
144 -650
145 -24
146 -33
147 -143
148 -33
149 -42
150 -23
151 -63
152 -33
153 -273
154 -23
155 -35
156 -380
157 -94
158 -36
159 -64
160 -312
161 -73
162 -140
163 -905
164 -567
165 -105
166 -118
167 -285
168 -138
169 -95
170 -69
171 -116
172 -140
173 -23
174 -49
175 -105
176 -345
177 -100
178 -183
179 -417
180 -375
181 -325
182 -191
183 -541
184 -46
185 -33
186 -64
187 -113
188 -382
189 -578
190 -1673
191 -170
192 -75
193 -23
194 -54
195 -554
196 -52
197 -96
198 -15
199 -82
200 -23
201 -195
202 -19
203 -184
204 -20
205 -127
206 -250
207 -186
208 -362
209 -37
210 -33
211 -449
212 -272
213 -33
214 -36
215 -238
216 -125
217 -417
218 -33
219 -100
220 -107
221 -113
222 -33
223 -213
224 -26
225 -143
226 -33
227 -262
228 -28
229 -196
230 -240
231 -23
232 -175
233 -397
234 -131
235 -215
236 -47
237 -23
238 -876
239 -33
240 -23
241 -23
242 -682
243 -255
244 -23
245 -211
246 -70
247 -97
248 -29
249 -23
250 -21
251 -97
252 -86
253 -701
254 -33
255 -33
256 -66
257 -23
258 -53
259 -34
260 -92
261 -33
262 -23
263 -23
264 -23
265 -315
266 -23
267 -23
268 -319
269 -352
270 -393
271 -89
272 -23
273 -221
274 -88
275 -22
276 -116
277 -70
278 -186
279 -231
280 -229
281 -866
282 -187
283 -33
284 -251
285 -400
286 -23
287 -23
288 -392
289 -16
290 -673
291 -33
292 -348
293 -433
294 -288
295 -35
296 -33
297 -406
298 -23
299 -108
300 -376
301 -33
302 -475
303 -186
304 -33
305 -129
306 -23
307 -392
308 -203
309 -845
310 -23
311 -25
312 -23
313 -155
314 -275
315 -62
316 -365
317 -33
318 -33
319 -244
320 -23
321 -14
322 -69
323 -212
324 -132
325 -33
326 -67
327 -33
328 -371
329 -38
330 -153
331 -118
332 -23
333 -70
334 -230
335 -415
336 -121
337 -292
338 -491
339 -23
340 -13
341 -33
342 -23
343 -240
344 -719
345 -227
346 -121
347 -343
348 -23
349 -352
350 -23
351 -112
352 -29
353 -359
354 -23
355 -39
356 -23
357 -272
358 -23
359 -41
360 -170
361 -38
362 -23
363 -23
364 -33
365 -23
366 -124
367 -92
368 -33
369 -23
370 -30
371 -40
372 -23
373 -752
374 -33
375 -647
376 -30
377 -33
378 -28
379 -101
380 -63
381 -21
382 -23
383 -23
384 -229
385 -28
386 -254
387 -23
388 -209
389 -33
390 -91
391 -23
392 -605
393 -33
394 -33
395 -23
396 -130
397 -473
398 -23
399 -242
400 -250
401 -289
402 -222
403 -11
404 -144
405 -69
406 -33
407 -115
408 -264
409 -23
410 -456
411 -33
412 -82
413 -13
414 -23
415 -341
416 -157
417 -89
418 -29
419 -85
420 -385
421 -150
422 -280
423 -40
424 -184
425 -102
426 -23
427 -394
428 -33
429 -62
430 -33
431 -72
432 -242
433 -149
434 -33
435 -103
436 -33
437 -33
438 -211
439 -244
440 -61
441 -23
442 -81
443 -20
444 -60
445 -260
446 -33
447 -432
448 -33
449 -33
450 -388
451 -25
452 -262
453 -282
454 -23
455 -33
456 -59
457 -33
458 -132
459 -206
460 -281
461 -320
462 -425
463 -23
464 -75
465 -77
466 -23
467 -362
468 -23
469 -33
470 -364
471 -34
472 -181
473 -23
474 -33
475 -220
476 -46
477 -114
478 -139
479 -33
480 -140
481 -33
482 -23
483 -44
484 -23
485 -2450
486 -288
487 -67
488 -27
489 -23
490 -99
491 -23
492 -34
493 -36
494 -33
495 -162
496 -193
497 -629
498 -38
499 -446
500 -23
501 -435
502 -23
503 -84
504 -239
505 -206
506 -96
507 -159
508 -100
509 -86
510 -226
511 -79
512 -50
513 -187
514 -378
515 -508
516 -79
517 -23
518 -34
519 -182
520 -39
521 -33
522 -182
523 -477
524 -27
525 -106
526 -131
527 -24
528 -24
529 -151
530 -23
531 -446
532 -33
533 -231
534 -33
535 -33
536 -28
537 -254
538 -182
539 -290
540 -391
541 -338
542 -264
543 -33
544 -23
545 -121
546 -33
547 -254
548 -248
549 -33
550 -33
551 -23
552 -68
553 -31
554 -23
555 -220
556 -51
557 -426
558 -33
559 -518
560 -23
561 -483
562 -33
563 -244
564 -119
565 -277
566 -23
567 -100
568 -23
569 -16
570 -220
571 -171
572 -115
573 -79
574 -156
575 -37
576 -101
577 -242
578 -138
579 -327
580 -312
581 -153
582 -183
583 -77
584 -339
585 -23
586 -33
587 -33
588 -105
589 -91
590 -139
591 -189
592 -139
593 -295
594 -45
595 -21
596 -9
597 -84
598 -23
599 -33
600 -33
601 -33
602 -253
603 -160
604 -33
605 -248
606 -33
607 -33
608 -865
609 -33
610 -30
611 -39
612 -92
613 -300
614 -37
615 -415
616 -120
617 -33
618 -474
619 -206
620 -237
621 -33
622 -322
623 -75
624 -33
625 -147
626 -239
627 -457
628 -74
629 -360
630 -23
631 -735
632 -238
633 -73
634 -23
635 -140
636 -33
637 -48
638 -67
639 -23
640 -405
641 -263
642 -33
643 -146
644 -198
645 -208
646 -55
647 -193
648 -16
649 -51
650 -23
651 -495
652 -64
653 -23
654 -33
655 -71
656 -116
657 -194
658 -413
659 -264
660 -47
661 -245
662 -182
663 -785
664 -203
665 -174
666 -33
667 -517
668 -94
669 -248
670 -125
671 -344
672 -29
673 -23
674 -172
675 -113
676 -205
677 -116
678 -88
679 -18
680 -132
681 -20
682 -510
683 -131
684 -415
685 -33
686 -101
687 -154
688 -33
689 -153
690 -42
691 -251
692 -23
693 -33
694 -23
695 -23
696 -144
697 -33
698 -23
699 -412
700 -219
701 -530
702 -653
703 -23
704 -23
705 -147
706 -33
707 -23
708 -25
709 -23
710 -91
711 -120
712 -63
713 -192
714 -108
715 -136
716 -23
717 -74
718 -33
719 -23
720 -223
721 -51
722 -33
723 -23
724 -172
725 -23
726 -387
727 -441
728 -23
729 -553
730 -157
731 -242
732 -23
733 -342
734 -23
735 -272
736 -30
737 -33
738 -85
739 -292
740 -290
741 -238
742 -33
743 -173
744 -23
745 -108
746 -141
747 -175
748 -23
749 -279
750 -223
751 -23
752 -33
753 -134
754 -336
755 -188
756 -331
757 -367
758 -130
759 -23
760 -55
761 -25
762 -175
763 -516
764 -243
765 -23
766 -33
767 -23
768 -309
769 -129
770 -33
771 -394
772 -23
773 -198
774 -23
775 -214
776 -128
777 -235
778 -23
779 -120
780 -264
781 -23
782 -157
783 -132
784 -105
785 -23
786 -872
787 -33
788 -118
789 -204
790 -11
791 -308
792 -23
793 -33
794 -30
795 -181
796 -23
797 -557
798 -33
799 -1834
800 -105
801 -82
802 -247
803 -227
804 -33
805 -23
806 -110
807 -128
808 -298
809 -71
810 -149
811 -51
812 -33
813 -38
814 -42
815 -45
816 -159
817 -23
818 -347
819 -661
820 -749
821 -23
822 -23
823 -582
824 -12
825 -162
826 -33
827 -416
828 -183
829 -106
830 -23
831 -386
832 -33
833 -33
834 -32
835 -320
836 -23
837 -33
838 -33
839 -23
840 -23
841 -97
842 -23
843 -23
844 -23
845 -23
846 -150
847 -77
848 -23
849 -208
850 -23
851 -162
852 -23
853 -101
854 -252
855 -111
856 -168
857 -23
858 -46
859 -98
860 -33
861 -49
862 -23
863 -147
864 -9
865 -160
866 -34
867 -59
868 -332
869 -114
870 -63
871 -33
872 -140
873 -124
874 -257
875 -22
876 -600
877 -170
878 -23
879 -98
880 -321
881 -465
882 -33
883 -223
884 -33
885 -89
886 -132
887 -68
888 -23
889 -549
890 -132
891 -33
892 -249
893 -33
894 -327
895 -137
896 -33
897 -33
898 -55
899 -23
900 -321
901 -182
902 -33
903 -130
904 -203
905 -23
906 -24
907 -490
908 -564
909 -436
910 -124
911 -23
912 -23
913 -23
914 -12
915 -649
916 -87
917 -23
918 -23
919 -166
920 -23
921 -224
922 -37
923 -194
924 -68
925 -250
926 -378
927 -172
928 -33
929 -33
930 -66
931 -33
932 -33
933 -23
934 -207
935 -425
936 -368
937 -46
938 -99
939 -33
940 -61
941 -141
942 -23
943 -23
944 -130
945 -48
946 -120
947 -236
948 -33
949 -33
950 -277
951 -275
952 -103
953 -72
954 -23
955 -33
956 -519
957 -29
958 -291
959 -466
960 -23
961 -440
962 -414
963 -421
964 -26
965 -23
966 -130
967 -31
968 -270
969 -220
970 -428
971 -23
972 -26
973 -37
974 -101
975 -122
976 -55
977 -335
978 -88
979 -123
980 -23
981 -396
982 -107
983 -113
984 -318
985 -402
986 -120
987 -82
988 -66
989 -325
990 -23
991 -313
992 -815
993 -570
994 -33
995 -178
996 -277
997 -552
998 -286
999 -33
