0 -57
1 -111
2 -514
3 -1170
4 -51
5 -267
6 -57
7 -43
8 -129
9 -487
10 -57
11 -52
12 -293
13 -51
14 -179
15 -191
16 -70
17 -130
18 -52
19 -276
20 -43
21 -52
22 -43
23 -52
24 -301
25 -58
26 -51
27 -57
28 -646
29 -51
30 -51
31 -192
32 -91
33 -51
34 -27
35 -359
36 -102
37 -52
38 -1754
39 -52
40 -95
41 -51
42 -211
43 -51
44 -837
45 -51
46 -43
47 -51
48 -52
49 -52
50 -52
51 -52
52 -57
53 -51
54 -398
55 -87
56 -43
57 -247
58 -46
59 -57
60 -522
61 -57
62 -76
63 -51
64 -521
65 -51
66 -57
67 -67
68 -51
69 -154
70 -192
71 -216
72 -52
73 -56
74 -51
75 -286
76 -43
77 -64
78 -595
79 -310
80 -56
81 -51
82 -43
83 -43
84 -96
85 -217
86 -51
87 -57
88 -82
89 -52
90 -51
91 -57
92 -52
93 -28
94 -290
95 -57
96 -1629
97 -67
98 -48
99 -492
100 -43
101 -57
102 -831
103 -52
104 -504
105 -43
106 -44
107 -52
108 -125
109 -57
110 -77
111 -52
112 -43
113 -240
114 -57
115 -57
116 -57
117 -647
118 -57
119 -51
120 -51
121 -57
122 -444
123 -158
124 -51
125 -251
126 -52
127 -57
128 -1633
129 -57
130 -191
131 -266
132 -57
133 -59
134 -43
135 -93
136 -43
137 -52
138 -43
139 -156
140 -43
141 -51
142 -57
143 -599
144 -183
145 -51
146 -52
147 -57
148 -43
149 -1145
150 -57
151 -551
152 -361
153 -57
154 -217
155 -51
156 -56
157 -52
158 -57
159 -52
160 -51
161 -43
162 -1352
163 -52
164 -51
165 -52
166 -51
167 -459
168 -147
169 -52
170 -126
171 -163
172 -57
173 -51
174 -181
175 -43
176 -57
177 -992
178 -51
179 -266
180 -57
181 -51
182 -43
183 -180
184 -52
185 -156
186 -43
187 -106
188 -444
189 -367
190 -123
191 -57
192 -57
193 -51
194 -904
195 -52
196 -52
197 -124
198 -52
199 -43
200 -80
201 -51
202 -51
203 -1046
204 -129
205 -57
206 -275
207 -187
208 -155
209 -51
210 -57
211 -57
212 -57
213 -150
214 -103
215 -52
216 -95
217 -51
218 -110
219 -470
220 -52
221 -52
222 -382
223 -302
224 -36
225 -43
226 -52
227 -78
228 -52
229 -51
230 -57
231 -51
232 -256
233 -52
234 -43
235 -52
236 -43
237 -51
238 -43
239 -97
240 -43
241 -47
242 -281
243 -62
244 -57
245 -22
246 -57
247 -54
248 -227
249 -52
250 -123
251 -51
252 -459
253 -670
254 -57
255 -174
256 -57
257 -115
258 -51
259 -52
260 -57
261 -530
262 -589
263 -96
264 -51
265 -201
266 -43
267 -52
268 -52
269 -57
270 -57
271 -132
272 -51
273 -110
274 -53
275 -143
276 -43
277 -51
278 -51
279 -43
280 -51
281 -51
282 -51
283 -128
284 -52
285 -57
286 -43
287 -62
288 -188
289 -43
290 -57
291 -43
292 -52
293 -57
294 -454
295 -57
296 -43
297 -52
298 -51
299 -51
300 -57
301 -337
302 -57
303 -87
304 -549
305 -57
306 -480
307 -147
308 -261
309 -395
310 -52
311 -51
312 -43
313 -57
314 -133
315 -367
316 -57
317 -362
318 -51
319 -43
320 -151
321 -51
322 -43
323 -43
324 -440
325 -410
326 -81
327 -43
328 -43
329 -283
330 -43
331 -57
332 -88
333 -584
334 -328
335 -215
336 -52
337 -22
338 -106
339 -43
340 -57
341 -57
342 -52
343 -51
344 -87
345 -43
346 -51
347 -550
348 -126
349 -43
350 -352
351 -51
352 -299
353 -53
354 -51
355 -80
356 -52
357 -462
358 -225
359 -43
360 -1513
361 -96
362 -87
363 -1013
364 -57
365 -761
366 -57
367 -52
368 -51
369 -43
370 -52
371 -354
372 -43
373 -43
374 -162
375 -561
376 -669
377 -176
378 -43
379 -51
380 -52
381 -51
382 -206
383 -52
384 -90
385 -151
386 -121
387 -47
388 -52
389 -57
390 -52
391 -75
392 -43
393 -57
394 -43
395 -137
396 -51
397 -102
398 -57
399 -43
400 -43
401 -57
402 -51
403 -89
404 -43
405 -433
406 -57
407 -57
408 -51
409 -51
410 -43
411 -73
412 -43
413 -52
414 -183
415 -41
416 -51
417 -43
418 -57
419 -245
420 -57
421 -36
422 -43
423 -57
424 -85
425 -184
426 -783
427 -561
428 -104
429 -62
430 -51
431 -80
432 -43
433 -57
434 -86
435 -43
436 -52
437 -210
438 -51
439 -51
440 -119
441 -52
442 -424
443 -51
444 -159
445 -51
446 -43
447 -505
448 -52
449 -52
450 -369
451 -52
452 -43
453 -164
454 -57
455 -43
456 -57
457 -1052
458 -71
459 -57
460 -186
461 -271
462 -203
463 -52
464 -43
465 -59
466 -16
467 -52
468 -51
469 -4180
470 -43
471 -149
472 -52
473 -100
474 -52
475 -248
476 -43
477 -84
478 -51
479 -57
480 -94
481 -52
482 -52
483 -415
484 -57
485 -43
486 -51
487 -43
488 -52
489 -82
490 -273
491 -198
492 -52
493 -192
494 -52
495 -52
496 -52
497 -52
498 -205
499 -43
500 -57
501 -251
502 -52
503 -574
504 -3095
505 -189
506 -57
507 -90
508 -109
509 -819
510 -13
511 -57
512 -51
513 -52
514 -52
515 -806
516 -57
517 -51
518 -43
519 -52
520 -51
521 -374
522 -142
523 -79
524 -406
525 -43
526 -52
527 -53
528 -43
529 -57
530 -57
531 -186
532 -283
533 -47
534 -51
535 -277
536 -240
537 -62
538 -51
539 -52
540 -622
541 -51
542 -25
543 -51
544 -57
545 -52
546 -62
547 -57
548 -57
549 -52
550 -202
551 -270
552 -73
553 -52
554 -279
555 -52
556 -57
557 -52
558 -52
559 -468
560 -71
561 -51
562 -1250
563 -51
564 -43
565 -43
566 -1772
567 -49
568 -79
569 -52
570 -57
571 -43
572 -57
573 -372
574 -663
575 -29
576 -51
577 -89
578 -43
579 -51
580 -138
581 -43
582 -51
583 -57
584 -48
585 -52
586 -51
587 -51
588 -52
589 -28
590 -52
591 -41
592 -332
593 -57
594 -57
595 -44
596 -51
597 -102
598 -7
599 -52
600 -57
601 -43
602 -802
603 -43
604 -564
605 -412
606 -1459
607 -51
608 -52
609 -795
610 -43
611 -43
612 -91
613 -43
614 -52
615 -1075
616 -198
617 -45
618 -43
619 -57
620 -51
621 -51
622 -108
623 -674
624 -128
625 -57
626 -45
627 -43
628 -51
629 -222
630 -151
631 -74
632 -51
633 -43
634 -55
635 -241
636 -270
637 -210
638 -57
639 -52
640 -121
641 -52
642 -51
643 -257
644 -57
645 -57
646 -183
647 -52
648 -52
649 -161
650 -52
651 -46
652 -51
653 -43
654 -43
655 -62
656 -51
657 -51
658 -57
659 -95
660 -51
661 -56
662 -718
663 -36
664 -43
665 -81
666 -185
667 -57
668 -33
669 -57
670 -51
671 -142
672 -174
673 -51
674 -51
675 -37
676 -52
677 -57
678 -447
679 -57
680 -43
681 -370
682 -127
683 -51
684 -52
685 -2929
686 -43
687 -53
688 -51
689 -57
690 -52
691 -4339
692 -54
693 -3092
694 -903
695 -51
696 -43
697 -51
698 -43
699 -155
700 -258
701 -57
702 -51
703 -59
704 -43
705 -57
706 -57
707 -188
708 -631
709 -52
710 -52
711 -43
712 -54
713 -151
714 -57
715 -57
716 -178
717 -43
718 -51
719 -52
720 -276
721 -219
722 -43
723 -2397
724 -154
725 -362
726 -47
727 -66
728 -52
729 -52
730 -57
731 -67
732 -43
733 -52
734 -51
735 -57
736 -57
737 -56
738 -51
739 -105
740 -135
741 -43
742 -2466
743 -57
744 -57
745 -148
746 -43
747 -52
748 -51
749 -134
750 -57
751 -57
752 -43
753 -137
754 -131
755 -43
756 -43
757 -76
758 -397
759 -52
760 -167
761 -43
762 -43
763 -51
764 -120
765 -4074
766 -52
767 -52
768 -51
769 -5060
770 -521
771 -46
772 -43
773 -43
774 -518
775 -62
776 -43
777 -51
778 -57
779 -43
780 -65
781 -52
782 -102
783 -57
784 -211
785 -51
786 -51
787 -65
788 -52
789 -51
790 -58
791 -52
792 -52
793 -96
794 -52
795 -43
796 -43
797 -51
798 -52
799 -7853
800 -214
801 -52
802 -43
803 -51
804 -337
805 -51
806 -51
807 -171
808 -43
809 -51
810 -51
811 -57
812 -43
813 -52
814 -57
815 -43
816 -43
817 -51
818 -43
819 -47
820 -51
821 -216
822 -89
823 -97
824 -52
825 -51
826 -52
827 -199
828 -57
829 -34
830 -57
831 -648
832 -498
833 -57
834 -57
835 -7401
836 -51
837 -57
838 -51
839 -276
840 -51
841 -57
842 -51
843 -41
844 -52
845 -36
846 -437
847 -52
848 -52
849 -185
850 -67
851 -377
852 -51
853 -52
854 -265
855 -52
856 -57
857 -47
858 -57
859 -68
860 -57
861 -490
862 -167
863 -35
864 -57
865 -179
866 -145
867 -761
868 -231
869 -175
870 -141
871 -52
872 -85
873 -4896
874 -178
875 -51
876 -51
877 -43
878 -51
879 -61
880 -57
881 -57
882 -190
883 -43
884 -62
885 -57
886 -402
887 -51
888 -297
889 -211
890 -258
891 -57
892 -1865
893 -427
894 -529
895 -3682
896 -2589
897 -56
898 -62
899 -52
900 -43
901 -101
902 -51
903 -78
904 -51
905 -1960
906 -122
907 -432
908 -57
909 -51
910 -408
911 -57
912 -371
913 -57
914 -43
915 -52
916 -51
917 -473
918 -51
919 -217
920 -51
921 -51
922 -307
923 -53
924 -247
925 -52
926 -1152
927 -320
928 -52
929 -39
930 -108
931 -52
932 -43
933 -145
934 -43
935 -51
936 -70
937 -43
938 -1275
939 -57
940 -57
941 -87
942 -57
943 -51
944 -181
945 -51
946 -255
947 -51
948 -52
949 -43
950 -52
951 -43
952 -62
953 -51
954 -51
955 -172
956 -52
957 -261
958 -51
959 -664
960 -52
961 -428
962 -43
963 -52
964 -487
965 -50
966 -270
967 -50
968 -95
969 -51
970 -1064
971 -58
972 -42
973 -227
974 -51
975 -43
976 -52
977 -57
978 -43
979 -52
980 -319
981 -116
982 -105
983 -57
984 -51
985 -57
986 -43
987 -229
988 -47
989 -158
990 -43
991 -51
992 -100
993 -66
994 -51
995 -354
996 -90
997 -171
998 -52
999 -52
