0 -43
1 -246
2 -43
3 -43
4 -3464
5 -33
6 -2674
7 -364
8 -348
9 -57
10 -1380
11 -606
12 -43
13 -408
14 -529
15 -593
16 -415
17 -216
18 -989
19 -154
20 -57
21 -43
22 -52
23 -43
24 -490
25 -42
26 -205
27 -249
28 -92
29 -1886
30 -43
31 -138
32 -6913
33 -43
34 -543
35 -207
36 -913
37 -43
38 -261
39 -52
40 -214
41 -43
42 -52
43 -52
44 -386
45 -52
46 -52
47 -391
48 -52
49 -51
50 -57
51 -516
52 -43
53 -57
54 -57
55 -289
56 -52
57 -87
58 -269
59 -51
60 -39
61 -52
62 -51
63 -84
64 -286
65 -51
66 -51
67 -173
68 -56
69 -51
70 -57
71 -39
72 -52
73 -437
74 -435
75 -51
76 -57
77 -51
78 -51
79 -97
80 -52
81 -57
82 -475
83 -14
84 -68
85 -52
86 -317
87 -43
88 -131
89 -52
90 -52
91 -57
92 -43
93 -58
94 -425
95 -57
96 -151
97 -266
98 -43
99 -43
100 -628
101 -42
102 -51
103 -77
104 -57
105 -78
106 -51
107 -173
108 -57
109 -43
110 -57
111 -52
112 -43
113 -300
114 -43
115 -51
116 -231
117 -182
118 -57
119 -51
120 -71
121 -69
122 -55
123 -46
124 -340
125 -57
126 -57
127 -475
128 -51
129 -103
130 -51
131 -260
132 -52
133 -57
134 -198
135 -73
136 -243
137 -1183
138 -51
139 -565
140 -51
141 -51
142 -156
143 -160
144 -43
145 -249
146 -51
147 -293
148 -57
149 -51
150 -52
151 -927
152 -43
153 -57
154 -51
155 -57
156 -111
157 -878
158 -68
159 -122
160 -196
161 -51
162 -193
163 -113
164 -52
165 -52
166 -52
167 -500
168 -43
169 -57
170 -140
171 -57
172 -51
173 -43
174 -59
175 -346
176 -52
177 -965
178 -159
179 -51
180 -51
181 -80
182 -52
183 -43
184 -166
185 -52
186 -52
187 -52
188 -57
189 -51
190 -57
191 -52
192 -573
193 -57
194 -57
195 -199
196 -116
197 -128
198 -43
199 -334
200 -43
201 -348
202 -431
203 -51
204 -43
205 -277
206 -43
207 -57
208 -92
209 -91
210 -562
211 -262
212 -51
213 -51
214 -43
215 -51
216 -43
217 -43
218 -52
219 -57
220 -51
221 -460
222 -185
223 -57
224 -60
225 -59
226 -77
227 -52
228 -150
229 -57
230 -43
231 -43
232 -57
233 -155
234 -205
235 -453
236 -52
237 -51
238 -273
239 -43
240 -359
241 -65
242 -51
243 -238
244 -64
245 -43
246 -60
247 -77
248 -52
249 -51
250 -506
251 -11
252 -57
253 -1961
254 -51
255 -143
256 -57
257 -43
258 -51
259 -259
260 -272
261 -51
262 -180
263 -64
264 -51
265 -24
266 -291
267 -57
268 -43
269 -57
270 -57
271 -57
272 -636
273 -43
274 -671
275 -51
276 -116
277 -52
278 -67
279 -138
280 -47
281 -57
282 -224
283 -77
284 -52
285 -29
286 -61
287 -57
288 -57
289 -190
290 -43
291 -57
292 -52
293 -57
294 -43
295 -201
296 -345
297 -43
298 -46
299 -52
300 -51
301 -43
302 -169
303 -688
304 -52
305 -52
306 -24
307 -52
308 -180
309 -51
310 -56
311 -57
312 -57
313 -52
314 -43
315 -52
316 -373
317 -51
318 -57
319 -124
320 -210
321 -52
322 -43
323 -57
324 -51
325 -306
326 -52
327 -52
328 -33
329 -303
330 -43
331 -43
332 -327
333 -52
334 -126
335 -52
336 -57
337 -247
338 -43
339 -150
340 -43
341 -43
342 -43
343 -57
344 -52
345 -25
346 -72
347 -136
348 -146
349 -51
350 -51
351 -51
352 -101
353 -43
354 -135
355 -518
356 -51
357 -52
358 -43
359 -78
360 -57
361 -57
362 -185
363 -51
364 -57
365 -1443
366 -104
367 -313
368 -64
369 -43
370 -85
371 -51
372 -84
373 -542
374 -43
375 -57
376 -59
377 -57
378 -253
379 -218
380 -51
381 -52
382 -43
383 -249
384 -228
385 -52
386 -43
387 -57
388 -52
389 -57
390 -201
391 -57
392 -372
393 -668
394 -243
395 -57
396 -57
397 -57
398 -51
399 -31
400 -51
401 -51
402 -283
403 -57
404 -51
405 -43
406 -61
407 -219
408 -43
409 -28
410 -51
411 -318
412 -981
413 -61
414 -990
415 -57
416 -41
417 -84
418 -57
419 -51
420 -52
421 -57
422 -77
423 -52
424 -51
425 -107
426 -51
427 -43
428 -57
429 -52
430 -57
431 -43
432 -51
433 -57
434 -334
435 -122
436 -52
437 -51
438 -174
439 -57
440 -248
441 -43
442 -52
443 -294
444 -51
445 -136
446 -76
447 -73
448 -66
449 -52
450 -143
451 -43
452 -57
453 -43
454 -51
455 -291
456 -40
457 -146
458 -8489
459 -594
460 -51
461 -419
462 -43
463 -54
464 -247
465 -57
466 -52
467 -321
468 -99
469 -57
470 -43
471 -122
472 -52
473 -43
474 -52
475 -1733
476 -1578
477 -43
478 -43
479 -33
480 -43
481 -57
482 -327
483 -55
484 -111
485 -57
486 -210
487 -51
488 -123
489 -43
490 -52
491 -51
492 -44
493 -52
494 -57
495 -109
496 -166
497 -392
498 -223
499 -224
500 -51
501 -140
502 -43
503 -51
504 -622
505 -30
506 -51
507 -501
508 -53
509 -55
510 -281
511 -245
512 -90
513 -52
514 -52
515 -44
516 -337
517 -52
518 -52
519 -114
520 -57
521 -120
522 -337
523 -57
524 -51
525 -57
526 -51
527 -84
528 -43
529 -57
530 -57
531 -304
532 -52
533 -212
534 -57
535 -51
536 -223
537 -52
538 -56
539 -52
540 -299
541 -31
542 -62
543 -305
544 -729
545 -57
546 -57
547 -54
548 -113
549 -977
550 -52
551 -488
552 -342
553 -57
554 -261
555 -242
556 -225
557 -76
558 -90
559 -52
560 -770
561 -42
562 -57
563 -43
564 -43
565 -51
566 -57
567 -43
568 -52
569 -43
570 -380
571 -52
572 -53
573 -52
574 -442
575 -130
576 -250
577 -43
578 -118
579 -142
580 -211
581 -52
582 -51
583 -51
584 -57
585 -170
586 -57
587 -43
588 -85
589 -167
590 -57
591 -51
592 -126
593 -57
594 -52
595 -185
596 -46
597 -51
598 -50
599 -185
600 -497
601 -51
602 -43
603 -212
604 -57
605 -252
606 -52
607 -110
608 -51
609 -258
610 -48
611 -43
612 -81
613 -27
614 -57
615 -43
616 -129
617 -127
618 -281
619 -167
620 -51
621 -79
622 -52
623 -49
624 -76
625 -51
626 -52
627 -43
628 -57
629 -193
630 -57
631 -278
632 -293
633 -43
634 -667
635 -52
636 -52
637 -51
638 -367
639 -52
640 -142
641 -51
642 -42
643 -57
644 -51
645 -52
646 -43
647 -52
648 -62
649 -58
650 -43
651 -569
652 -108
653 -57
654 -51
655 -278
656 -247
657 -52
658 -57
659 -52
660 -43
661 -524
662 -43
663 -52
664 -43
665 -365
666 -57
667 -51
668 -64
669 -52
670 -162
671 -633
672 -43
673 -52
674 -387
675 -90
676 -43
677 -51
678 -57
679 -625
680 -43
681 -43
682 -184
683 -65
684 -51
685 -57
686 -205
687 -504
688 -51
689 -57
690 -74
691 -190
692 -197
693 -51
694 -51
695 -187
696 -51
697 -538
698 -23
699 -441
700 -52
701 -51
702 -52
703 -52
704 -176
705 -135
706 -51
707 -57
708 -52
709 -51
710 -141
711 -43
712 -57
713 -446
714 -57
715 -43
716 -51
717 -57
718 -52
719 -878
720 -62
721 -73
722 -315
723 -57
724 -43
725 -368
726 -51
727 -195
728 -52
729 -51
730 -60
731 -51
732 -43
733 -57
734 -426
735 -43
736 -181
737 -380
738 -43
739 -57
740 -85
741 -70
742 -52
743 -51
744 -51
745 -51
746 -368
747 -43
748 -57
749 -1209
750 -52
751 -266
752 -55
753 -85
754 -57
755 -137
756 -57
757 -43
758 -77
759 -57
760 -66
761 -51
762 -35
763 -57
764 -227
765 -951
766 -57
767 -51
768 -43
769 -43
770 -192
771 -57
772 -51
773 -51
774 -52
775 -43
776 -467
777 -52
778 -832
779 -154
780 -584
781 -43
782 -117
783 -52
784 -51
785 -52
786 -186
787 -57
788 -57
789 -60
790 -378
791 -338
792 -83
793 -43
794 -42
795 -366
796 -172
797 -135
798 -44
799 -52
800 -43
801 -338
802 -365
803 -177
804 -139
805 -222
806 -57
807 -52
808 -52
809 -72
810 -147
811 -56
812 -321
813 -366
814 -52
815 -51
816 -282
817 -57
818 -57
819 -52
820 -57
821 -62
822 -342
823 -57
824 -51
825 -51
826 -193
827 -43
828 -52
829 -57
830 -52
831 -57
832 -43
833 -65
834 -126
835 -301
836 -57
837 -30
838 -51
839 -57
840 -62
841 -57
842 -326
843 -191
844 -577
845 -235
846 -52
847 -43
848 -51
849 -52
850 -139
851 -124
852 -880
853 -527
854 -43
855 -718
856 -149
857 -51
858 -214
859 -43
860 -215
861 -66
862 -270
863 -52
864 -52
865 -357
866 -51
867 -52
868 -57
869 -101
870 -57
871 -57
872 -175
873 -287
874 -43
875 -57
876 -57
877 -35
878 -43
879 -444
880 -307
881 -166
882 -52
883 -43
884 -87
885 -52
886 -49
887 -43
888 -57
889 -238
890 -182
891 -43
892 -57
893 -99
894 -43
895 -52
896 -57
897 -356
898 -345
899 -51
900 -273
901 -57
902 -227
903 -43
904 -52
905 -33
906 -51
907 -51
908 -129
909 -57
910 -43
911 -51
912 -51
913 -303
914 -51
915 -57
916 -241
917 -28
918 -51
919 -56
920 -57
921 -52
922 -121
923 -111
924 -218
925 -51
926 -238
927 -248
928 -57
929 -52
930 -41
931 -778
932 -160
933 -43
934 -43
935 -53
936 -57
937 -64
938 -52
939 -62
940 -51
941 -52
942 -43
943 -43
944 -62
945 -76
946 -43
947 -52
948 -140
949 -52
950 -51
951 -47
952 -61
953 -43
954 -133
955 -51
956 -57
957 -57
958 -51
959 -638
960 -57
961 -40
962 -299
963 -196
964 -104
965 -156
966 -185
967 -155
968 -138
969 -336
970 -453
971 -43
972 -43
973 -38
974 -43
975 -52
976 -43
977 -137
978 -52
979 -51
980 -58
981 -189
982 -52
983 -399
984 -165
985 -52
986 -215
987 -480
988 -76
989 -52
990 -43
991 -52
992 -253
993 -57
994 -51
995 -79
996 -51
997 -57
998 -57
999 -52
