0 -201
1 -118
2 -41
3 -94
4 -449
5 -243
6 -424
7 -72
8 -23
9 -157
10 -23
11 -114
12 -335
13 -136
14 -382
15 -33
16 -125
17 -109
18 -48
19 -189
20 -23
21 -394
22 -351
23 -46
24 -33
25 -273
26 -226
27 -47
28 -33
29 -688
30 -269
31 -23
32 -1128
33 -632
34 -854
35 -30
36 -903
37 -23
38 -128
39 -33
40 -473
41 -137
42 -296
43 -86
44 -103
45 -33
46 -91
47 -102
48 -686
49 -126
50 -1067
51 -569
52 -162
53 -75
54 -164
55 -56
56 -406
57 -521
58 -1486
59 -297
60 -171
61 -34
62 -68
63 -24
64 -250
65 -840
66 -33
67 -259
68 -353
69 -23
70 -23
71 -534
72 -1222
73 -150
74 -33
75 -23
76 -55
77 -236
78 -33
79 -196
80 -648
81 -50
82 -107
83 -38
84 -171
85 -23
86 -88
87 -33
88 -569
89 -33
90 -111
91 -135
92 -66
93 -334
94 -106
95 -663
96 -165
97 -192
98 -179
99 -43
100 -33
101 -341
102 -137
103 -26
104 -77
105 -23
106 -227
107 -32
108 -82
109 -53
110 -23
111 -281
112 -36
113 -643
114 -33
115 -73
116 -23
117 -133
118 -28
119 -50
120 -42
121 -33
122 -146
123 -33
124 -33
125 -69
126 -33
127 -28
128 -33
129 -82
130 -221
131 -257
132 -86
133 -171
134 -23
135 -23
136 -23
137 -373
138 -407
139 -492
140 -68
141 -432
142 -41
143 -260
144 -44
145 -23
146 -155
147 -109
148 -332
149 -506
150 -80
151 -456
152 -92
153 -420
154 -416
155 -184
156 -30
157 -256
158 -158
159 -23
160 -824
161 -33
162 -55
163 -714
164 -30
165 -189
166 -681
167 -33
168 -572
169 -830
170 -177
171 -39
172 -32
173 -192
174 -255
175 -33
176 -80
177 -290
178 -454
179 -118
180 -55
181 -27
182 -33
183 -33
184 -23
185 -209
186 -225
187 -26
188 -105
189 -33
190 -84
191 -208
192 -38
193 -130
194 -23
195 -23
196 -657
197 -23
198 -23
199 -184
200 -70
201 -32
202 -192
203 -102
204 -298
205 -27
206 -149
207 -33
208 -130
209 -122
210 -581
211 -99
212 -2743
213 -112
214 -33
215 -33
216 -23
217 -33
218 -23
219 -199
220 -74
221 -346
222 -498
223 -33
224 -23
225 -172
226 -215
227 -165
228 -23
229 -191
230 -33
231 -163
232 -656
233 -341
234 -53
235 -209
236 -33
237 -113
238 -80
239 -127
240 -33
241 -428
242 -75
243 -90
244 -17
245 -116
246 -33
247 -23
248 -176
249 -927
250 -239
251 -152
252 -172
253 -50
254 -1115
255 -590
256 -172
257 -23
258 -27
259 -23
260 -23
261 -33
262 -33
263 -100
264 -134
265 -544
266 -33
267 -23
268 -260
269 -23
270 -23
271 -105
272 -127
273 -77
274 -23
275 -203
276 -67
277 -418
278 -217
279 -216
280 -552
281 -23
282 -53
283 -331
284 -250
285 -33
286 -31
287 -253
288 -33
289 -34
290 -14
291 -33
292 -47
293 -23
294 -33
295 -189
296 -23
297 -711
298 -162
299 -381
300 -23
301 -178
302 -17
303 -23
304 -23
305 -28
306 -79
307 -196
308 -351
309 -77
310 -646
311 -23
312 -64
313 -254
314 -23
315 -33
316 -220
317 -152
318 -75
319 -124
320 -173
321 -99
322 -268
323 -67
324 -515
325 -23
326 -36
327 -98
328 -33
329 -318
330 -245
331 -221
332 -626
333 -23
334 -95
335 -338
336 -33
337 -106
338 -927
339 -23
340 -506
341 -237
342 -166
343 -759
344 -178
345 -28
346 -499
347 -23
348 -239
349 -376
350 -85
351 -33
352 -354
353 -105
354 -33
355 -117
356 -414
357 -134
358 -23
359 -128
360 -48
361 -191
362 -139
363 -286
364 -249
365 -39
366 -96
367 -357
368 -33
369 -689
370 -33
371 -23
372 -581
373 -23
374 -23
375 -435
376 -33
377 -33
378 -121
379 -358
380 -47
381 -141
382 -33
383 -507
384 -908
385 -86
386 -312
387 -33
388 -50
389 -239
390 -183
391 -288
392 -268
393 -23
394 -50
395 -23
396 -133
397 -146
398 -433
399 -296
400 -23
401 -23
402 -183
403 -79
404 -80
405 -282
406 -37
407 -632
408 -380
409 -87
410 -35
411 -316
412 -34
413 -535
414 -117
415 -23
416 -254
417 -1419
418 -272
419 -23
420 -211
421 -23
422 -541
423 -147
424 -545
425 -141
426 -201
427 -1515
428 -234
429 -217
430 -106
431 -23
432 -119
433 -33
434 -23
435 -33
436 -33
437 -133
438 -39
439 -23
440 -33
441 -69
442 -23
443 -231
444 -61
445 -74
446 -489
447 -11
448 -504
449 -93
450 -161
451 -180
452 -177
453 -33
454 -125
455 -577
456 -212
457 -300
458 -19
459 -1007
460 -89
461 -534
462 -310
463 -363
464 -100
465 -324
466 -234
467 -125
468 -410
469 -23
470 -23
471 -23
472 -1208
473 -277
474 -193
475 -372
476 -33
477 -489
478 -23
479 -831
480 -92
481 -142
482 -31
483 -33
484 -466
485 -971
486 -144
487 -23
488 -16
489 -596
490 -69
491 -46
492 -33
493 -159
494 -32
495 -162
496 -419
497 -33
498 -33
499 -299
500 -360
501 -74
502 -37
503 -33
504 -33
505 -48
506 -239
507 -156
508 -484
509 -759
510 -363
511 -449
512 -73
513 -33
514 -23
515 -69
516 -79
517 -23
518 -33
519 -636
520 -111
521 -851
522 -302
523 -393
524 -129
525 -275
526 -23
527 -219
528 -677
529 -408
530 -42
531 -9
532 -23
533 -23
534 -287
535 -918
536 -419
537 -44
538 -33
539 -23
540 -33
541 -23
542 -320
543 -49
544 -505
545 -56
546 -31
547 -90
548 -252
549 -45
550 -39
551 -39
552 -39
553 -708
554 -44
555 -169
556 -33
557 -220
558 -223
559 -33
560 -85
561 -1533
562 -80
563 -33
564 -327
565 -23
566 -59
567 -33
568 -53
569 -210
570 -312
571 -220
572 -150
573 -54
574 -121
575 -301
576 -178
577 -33
578 -79
579 -947
580 -33
581 -431
582 -23
583 -35
584 -23
585 -266
586 -33
587 -705
588 -23
589 -127
590 -21
591 -205
592 -317
593 -33
594 -33
595 -23
596 -156
597 -439
598 -236
599 -442
600 -68
601 -249
602 -23
603 -86
604 -33
605 -113
606 -321
607 -33
608 -23
609 -187
610 -403
611 -139
612 -141
613 -33
614 -23
615 -171
616 -73
617 -105
618 -33
619 -441
620 -23
621 -242
622 -33
623 -143
624 -786
625 -186
626 -394
627 -33
628 -58
629 -33
630 -133
631 -33
632 -262
633 -33
634 -175
635 -33
636 -269
637 -19
638 -33
639 -23
640 -23
641 -74
642 -59
643 -23
644 -14
645 -38
646 -151
647 -364
648 -33
649 -40
650 -244
651 -157
652 -893
653 -245
654 -197
655 -27
656 -23
657 -32
658 -23
659 -213
660 -119
661 -127
662 -33
663 -23
664 -18
665 -221
666 -33
667 -229
668 -224
669 -33
670 -127
671 -286
672 -424
673 -111
674 -44
675 -256
676 -259
677 -359
678 -33
679 -23
680 -154
681 -509
682 -62
683 -23
684 -23
685 -77
686 -252
687 -146
688 -33
689 -800
690 -33
691 -89
692 -246
693 -468
694 -23
695 -203
696 -33
697 -33
698 -1157
699 -111
700 -23
701 -776
702 -77
703 -76
704 -48
705 -821
706 -284
707 -579
708 -33
709 -95
710 -190
711 -69
712 -284
713 -199
714 -230
715 -165
716 -325
717 -170
718 -33
719 -75
720 -1068
721 -25
722 -106
723 -178
724 -33
725 -220
726 -48
727 -33
728 -119
729 -335
730 -121
731 -89
732 -247
733 -23
734 -50
735 -98
736 -127
737 -23
738 -106
739 -67
740 -18
741 -33
742 -621
743 -309
744 -347
745 -82
746 -27
747 -182
748 -2324
749 -50
750 -443
751 -223
752 -111
753 -62
754 -139
755 -247
756 -244
757 -23
758 -153
759 -488
760 -33
761 -33
762 -305
763 -33
764 -33
765 -511
766 -27
767 -468
768 -45
769 -315
770 -329
771 -362
772 -78
773 -163
774 -111
775 -272
776 -440
777 -140
778 -23
779 -139
780 -66
781 -23
782 -23
783 -30
784 -23
785 -97
786 -33
787 -683
788 -24
789 -65
790 -24
791 -23
792 -95
793 -18
794 -168
795 -23
796 -33
797 -762
798 -147
799 -76
800 -144
801 -343
802 -23
803 -437
804 -472
805 -16
806 -218
807 -131
808 -255
809 -23
810 -317
811 -169
812 -42
813 -92
814 -242
815 -351
816 -394
817 -38
818 -54
819 -23
820 -427
821 -149
822 -664
823 -452
824 -33
825 -31
826 -151
827 -493
828 -34
829 -464
830 -73
831 -33
832 -38
833 -487
834 -909
835 -23
836 -423
837 -398
838 -257
839 -355
840 -23
841 -58
842 -398
843 -136
844 -33
845 -77
846 -211
847 -175
848 -275
849 -23
850 -252
851 -23
852 -477
853 -433
854 -33
855 -23
856 -530
857 -111
858 -23
859 -169
860 -275
861 -258
862 -133
863 -66
864 -320
865 -23
866 -100
867 -134
868 -696
869 -509
870 -33
871 -53
872 -469
873 -1022
874 -29
875 -148
876 -227
877 -318
878 -647
879 -434
880 -33
881 -23
882 -335
883 -252
884 -76
885 -33
886 -409
887 -104
888 -27
889 -110
890 -180
891 -431
892 -33
893 -154
894 -173
895 -253
896 -153
897 -101
898 -443
899 -356
900 -45
901 -23
902 -148
903 -33
904 -236
905 -276
906 -882
907 -23
908 -255
909 -23
910 -83
911 -283
912 -33
913 -21
914 -126
915 -23
916 -418
917 -33
918 -242
919 -23
920 -33
921 -47
922 -217
923 -33
924 -386
925 -435
926 -96
927 -33
928 -33
929 -114
930 -287
931 -23
932 -69
933 -722
934 -136
935 -23
936 -23
937 -1133
938 -33
939 -81
940 -23
941 -33
942 -44
943 -33
944 -112
945 -110
946 -155
947 -502
948 -820
949 -330
950 -128
951 -23
952 -232
953 -81
954 -185
955 -333
956 -50
957 -33
958 -23
959 -23
960 -1086
961 -23
962 -75
963 -277
964 -477
965 -33
966 -33
967 -251
968 -120
969 -379
970 -103
971 -23
972 -173
973 -33
974 -23
975 -23
976 -566
977 -79
978 -23
979 -91
980 -281
981 -38
982 -318
983 -34
984 -381
985 -207
986 -33
987 -33
988 -623
989 -116
990 -31
991 -46
992 -23
993 -49
994 -33
995 -33
996 -210
997 -97
998 -61
999 -594
