0 -63
1 -151
2 -358
3 -140
4 -1289
5 -382
6 -88
7 -1271
8 -2062
9 -1487
10 -1866
11 -37
12 -108
13 -680
14 -89
15 -8
16 -336
17 -37
18 -67
19 -441
20 -795
21 -569
22 -1222
23 -1116
24 -1235
25 -37
26 -2681
27 -2100
28 -1160
29 -225
30 -37
31 -90
32 -210
33 -66
34 -37
35 -456
36 -516
37 -90
38 -37
39 -37
40 -7143
41 -305
42 -37
43 -47
44 -129
45 -258
46 -37
47 -37
48 -513
49 -304
50 -249
51 -2471
52 -147
53 -55
54 -436
55 -681
56 -1123
57 -1599
58 -1293
59 -230
60 -43
61 -200
62 -6306
63 -1925
64 -320
65 -329
66 -1215
67 -56
68 -1188
69 -947
70 -4547
71 -269
72 -37
73 -1941
74 -473
75 -325
76 -63
77 -465
78 -142
79 -2117
80 -3359
81 -581
82 -160
83 -238
84 -292
85 -736
86 -37
87 -178
88 -992
89 -1165
90 -1956
91 -126
92 -37
93 -4147
94 -37
95 -213
96 -4532
97 -150
98 -294
99 -37
100 -2511
101 -3015
102 -3104
103 -74
104 -111
105 -1277
106 -1725
107 -1501
108 -2884
109 -37
110 -425
111 -290
112 -367
113 -371
114 -4706
115 -485
116 -1430
117 -453
118 -575
119 -855
120 -95
121 -37
122 -389
123 -245
124 -363
125 -37
126 -988
127 -235
128 -3758
129 -252
130 -1625
131 -574
132 -4929
133 -2825
134 -1323
135 -1469
136 -1611
137 -107
138 -608
139 -37
140 -207
141 -2375
142 -303
143 -158
144 -54
145 -171
146 -37
147 -248
148 -2338
149 -313
150 -213
151 -568
152 -360
153 -288
154 -170
155 -712
156 -1384
157 -37
158 -509
159 -320
160 -156
161 -3852
162 -37
163 -37
164 -585
165 -37
166 -662
167 -37
168 -175
169 -173
170 -40
171 -37
172 -839
173 -872
174 -436
175 -37
176 -185
177 -415
178 -182
179 -37
180 -216
181 -680
182 -55
183 -37
184 -7508
185 -200
186 -37
187 -440
188 -537
189 -166
190 -532
191 -5918
192 -333
193 -146
194 -91
195 -311
196 -90
197 -105
198 -2088
199 -143
200 -241
201 -39
202 -3073
203 -37
204 -318
205 -37
206 -37
207 -430
208 -267
209 -296
210 -83
211 -63
212 -772
213 -90
214 -384
215 -37
216 -326
217 -484
218 -231
219 -206
220 -249
221 -128
222 -104
223 -2396
224 -3210
225 -436
226 -48
227 -67
228 -37
229 -153
230 -55
231 -340
232 -1511
233 -37
234 -321
235 -37
236 -88
237 -2420
238 -218
239 -529
240 -348
241 -37
242 -30
243 -85
244 -1284
245 -37
246 -1272
247 -210
248 -145
249 -40
250 -215
251 -123
252 -1823
253 -92
254 -994
255 -112
256 -137
257 -55
258 -342
259 -569
260 -69
261 -2512
262 -879
263 -127
264 -626
265 -2192
266 -806
267 -2937
268 -51
269 -37
270 -518
271 -65
272 -104
273 -243
274 -119
275 -37
276 -3120
277 -120
278 -636
279 -205
280 -1430
281 -37
282 -37
283 -37
284 -1115
285 -72
286 -37
287 -37
288 -253
289 -296
290 -559
291 -35
292 -2757
293 -1586
294 -403
295 -468
296 -717
297 -42
298 -1266
299 -237
300 -691
301 -3205
302 -228
303 -155
304 -155
305 -1317
306 -95
307 -451
308 -288
309 -255
310 -31
311 -268
312 -1110
313 -43
314 -525
315 -232
316 -1928
317 -1572
318 -1224
319 -1445
320 -119
321 -441
322 -369
323 -626
324 -91
325 -1976
326 -37
327 -2993
328 -156
329 -377
330 -167
331 -55
332 -343
333 -1491
334 -72
335 -511
336 -2403
337 -1978
338 -154
339 -1565
340 -975
341 -161
342 -3932
343 -7208
344 -176
345 -37
346 -464
347 -1503
348 -817
349 -259
350 -142
351 -143
352 -817
353 -2107
354 -1925
355 -353
356 -115
357 -57
358 -46
359 -43
360 -48
361 -241
362 -330
363 -34
364 -625
365 -3589
366 -679
367 -3750
368 -362
369 -85
370 -936
371 -122
372 -86
373 -652
374 -53
375 -37
376 -37
377 -206
378 -37
379 -32
380 -87
381 -5182
382 -327
383 -405
384 -83
385 -275
386 -68
387 -679
388 -3052
389 -37
390 -47
391 -2147
392 -2235
393 -2432
394 -896
395 -3503
396 -569
397 -3540
398 -2865
399 -6829
400 -231
401 -554
402 -810
403 -1841
404 -4121
405 -144
406 -372
407 -37
408 -37
409 -199
410 -4784
411 -188
412 -406
413 -2089
414 -37
415 -1257
416 -625
417 -794
418 -37
419 -37
420 -223
421 -688
422 -332
423 -4108
424 -37
425 -73
426 -56
427 -213
428 -144
429 -43
430 -82
431 -179
432 -644
433 -7838
434 -466
435 -928
436 -37
437 -123
438 -4118
439 -2037
440 -231
441 -33
442 -43
443 -443
444 -1147
445 -884
446 -37
447 -431
448 -349
449 -480
450 -222
451 -740
452 -597
453 -1378
454 -142
455 -72
456 -37
457 -1013
458 -145
459 -959
460 -97
461 -5417
462 -408
463 -697
464 -3069
465 -75
466 -112
467 -2930
468 -355
469 -37
470 -303
471 -48
472 -7337
473 -2632
474 -1577
475 -37
476 -813
477 -91
478 -589
479 -1425
480 -719
481 -37
482 -59
483 -81
484 -5999
485 -515
486 -465
487 -37
488 -1604
489 -174
490 -275
491 -481
492 -201
493 -665
494 -3447
495 -37
496 -192
497 -209
498 -5334
499 -362
500 -1668
501 -677
502 -824
503 -211
504 -39
505 -37
506 -37
507 -396
508 -37
509 -4673
510 -37
511 -356
512 -109
513 -37
514 -172
515 -666
516 -97
517 -1828
518 -175
519 -217
520 -749
521 -2941
522 -591
523 -318
524 -567
525 -1881
526 -284
527 -46
528 -428
529 -792
530 -2432
531 -707
532 -1116
533 -37
534 -526
535 -44
536 -2434
537 -737
538 -37
539 -33
540 -383
541 -622
542 -2169
543 -104
544 -378
545 -1292
546 -283
547 -635
548 -3331
549 -428
550 -377
551 -1117
552 -57
553 -1922
554 -664
555 -37
556 -3632
557 -193
558 -225
559 -45
560 -37
561 -300
562 -587
563 -1371
564 -4830
565 -37
566 -3101
567 -316
568 -191
569 -3139
570 -65
571 -37
572 -683
573 -112
574 -282
575 -1552
576 -165
577 -37
578 -186
579 -339
580 -1927
581 -420
582 -37
583 -77
584 -351
585 -199
586 -37
587 -37
588 -2174
589 -621
590 -37
591 -37
592 -37
593 -465
594 -186
595 -959
596 -216
597 -37
598 -62
599 -37
600 -313
601 -169
602 -130
603 -2804
604 -2585
605 -9
606 -132
607 -37
608 -2111
609 -599
610 -533
611 -121
612 -2553
613 -244
614 -297
615 -1779
616 -37
617 -37
618 -147
619 -174
620 -37
621 -627
622 -37
623 -596
624 -998
625 -769
626 -3510
627 -145
628 -3386
629 -1151
630 -421
631 -1563
632 -1111
633 -170
634 -148
635 -342
636 -1934
637 -37
638 -1064
639 -132
640 -1443
641 -103
642 -6139
643 -570
644 -61
645 -153
646 -37
647 -4444
648 -37
649 -1444
650 -108
651 -129
652 -257
653 -416
654 -162
655 -2057
656 -2051
657 -1176
658 -168
659 -988
660 -197
661 -2809
662 -101
663 -143
664 -85
665 -2947
666 -157
667 -1634
668 -367
669 -380
670 -74
671 -403
672 -131
673 -954
674 -190
675 -145
676 -1630
677 -958
678 -37
679 -1171
680 -3378
681 -366
682 -1964
683 -35
684 -752
685 -2413
686 -37
687 -37
688 -636
689 -417
690 -595
691 -580
692 -975
693 -1215
694 -121
695 -1059
696 -180
697 -307
698 -3457
699 -4152
700 -855
701 -405
702 -77
703 -261
704 -134
705 -4911
706 -37
707 -49
708 -37
709 -37
710 -267
711 -37
712 -37
713 -57
714 -148
715 -309
716 -106
717 -1524
718 -3054
719 -73
720 -295
721 -843
722 -76
723 -1328
724 -1437
725 -2705
726 -2423
727 -37
728 -37
729 -37
730 -155
731 -116
732 -37
733 -101
734 -323
735 -6885
736 -1370
737 -65
738 -254
739 -1054
740 -37
741 -561
742 -42
743 -147
744 -635
745 -37
746 -29
747 -1796
748 -866
749 -59
750 -5411
751 -1797
752 -967
753 -37
754 -152
755 -37
756 -239
757 -1293
758 -1390
759 -557
760 -2188
761 -266
762 -4510
763 -208
764 -58
765 -518
766 -195
767 -56
768 -558
769 -336
770 -92
771 -155
772 -208
773 -91
774 -850
775 -246
776 -37
777 -201
778 -779
779 -877
780 -163
781 -293
782 -4898
783 -2676
784 -228
785 -136
786 -372
787 -2469
788 -331
789 -1447
790 -397
791 -448
792 -328
793 -37
794 -385
795 -777
796 -1155
797 -37
798 -37
799 -603
800 -3769
801 -4450
802 -324
803 -4134
804 -5584
805 -37
806 -475
807 -37
808 -52
809 -35
810 -2337
811 -664
812 -53
813 -2866
814 -86
815 -834
816 -118
817 -452
818 -371
819 -63
820 -354
821 -45
822 -930
823 -293
824 -37
825 -77
826 -1434
827 -130
828 -2568
829 -768
830 -37
831 -2421
832 -1535
833 -397
834 -806
835 -37
836 -681
837 -114
838 -534
839 -245
840 -158
841 -1962
842 -3582
843 -42
844 -1071
845 -654
846 -106
847 -836
848 -315
849 -2435
850 -37
851 -37
852 -10898
853 -1224
854 -116
855 -37
856 -4238
857 -401
858 -1753
859 -37
860 -1109
861 -2931
862 -157
863 -505
864 -182
865 -52
866 -1063
867 -964
868 -233
869 -396
870 -458
871 -694
872 -257
873 -973
874 -409
875 -3362
876 -152
877 -815
878 -388
879 -97
880 -100
881 -2926
882 -37
883 -225
884 -318
885 -2874
886 -917
887 -254
888 -592
889 -395
890 -45
891 -5336
892 -3383
893 -812
894 -284
895 -168
896 -956
897 -104
898 -332
899 -37
900 -37
901 -378
902 -1935
903 -2355
904 -406
905 -2047
906 -392
907 -37
908 -100
909 -156
910 -452
911 -700
912 -1683
913 -118
914 -8062
915 -276
916 -37
917 -179
918 -716
919 -220
920 -691
921 -122
922 -237
923 -747
924 -39
925 -110
926 -76
927 -84
928 -173
929 -89
930 -1121
931 -37
932 -3547
933 -1936
934 -195
935 -37
936 -416
937 -4646
938 -7505
939 -166
940 -2233
941 -226
942 -288
943 -554
944 -127
945 -239
946 -37
947 -440
948 -99
949 -241
950 -53
951 -283
952 -357
953 -424
954 -377
955 -67
956 -700
957 -338
958 -933
959 -1968
960 -37
961 -37
962 -230
963 -3676
964 -340
965 -568
966 -95
967 -553
968 -37
969 -37
970 -736
971 -3292
972 -678
973 -37
974 -71
975 -388
976 -11169
977 -75
978 -29
979 -6573
980 -843
981 -199
982 -37
983 -3875
984 -581
985 -1591
986 -37
987 -115
988 -2660
989 -2196
990 -174
991 -687
992 -3992
993 -4519
994 -181
995 -99
996 -37
997 -37
998 -37
999 -255
