0 -74
1 -102
2 -23
3 -35
4 -43
5 -97
6 -40
7 -28
8 -33
9 -307
10 -151
11 -35
12 -511
13 -35
14 -65
15 -73
16 -35
17 -105
18 -844
19 -236
20 -221
21 -33
22 -35
23 -35
24 -795
25 -45
26 -62
27 -40
28 -23
29 -23
30 -33
31 -299
32 -23
33 -324
34 -33
35 -501
36 -119
37 -152
38 -33
39 -33
40 -292
41 -250
42 -33
43 -35
44 -23
45 -154
46 -102
47 -293
48 -23
49 -77
50 -35
51 -34
52 -33
53 -23
54 -169
55 -297
56 -389
57 -137
58 -23
59 -246
60 -33
61 -107
62 -33
63 -259
64 -23
65 -109
66 -96
67 -33
68 -149
69 -89
70 -33
71 -63
72 -159
73 -33
74 -406
75 -434
76 -40
77 -91
78 -424
79 -125
80 -256
81 -33
82 -123
83 -35
84 -35
85 -33
86 -62
87 -35
88 -35
89 -23
90 -23
91 -166
92 -179
93 -720
94 -37
95 -41
96 -35
97 -457
98 -23
99 -161
100 -33
101 -33
102 -33
103 -33
104 -23
105 -35
106 -210
107 -60
108 -245
109 -111
110 -56
111 -35
112 -130
113 -23
114 -19
115 -35
116 -23
117 -35
118 -171
119 -388
120 -33
121 -23
122 -35
123 -34
124 -35
125 -80
126 -39
127 -35
128 -269
129 -23
130 -178
131 -34
132 -185
133 -33
134 -98
135 -35
136 -34
137 -35
138 -43
139 -35
140 -437
141 -23
142 -33
143 -23
144 -23
145 -189
146 -23
147 -23
148 -160
149 -117
150 -35
151 -406
152 -62
153 -23
154 -37
155 -40
156 -33
157 -69
158 -105
159 -23
160 -207
161 -23
162 -566
163 -323
164 -133
165 -166
166 -74
167 -168
168 -471
169 -195
170 -146
171 -33
172 -33
173 -35
174 -120
175 -235
176 -157
177 -193
178 -27
179 -23
180 -217
181 -145
182 -35
183 -43
184 -38
185 -59
186 -267
187 -148
188 -52
189 -35
190 -228
191 -246
192 -208
193 -594
194 -33
195 -353
196 -35
197 -23
198 -109
199 -161
200 -162
201 -413
202 -47
203 -302
204 -35
205 -31
206 -23
207 -43
208 -23
209 -314
210 -127
211 -29
212 -23
213 -33
214 -33
215 -23
216 -260
217 -59
218 -111
219 -8
220 -23
221 -46
222 -33
223 -15
224 -38
225 -39
226 -23
227 -349
228 -393
229 -48
230 -33
231 -35
232 -27
233 -35
234 -35
235 -35
236 -103
237 -555
238 -64
239 -479
240 -23
241 -81
242 -35
243 -196
244 -156
245 -39
246 -198
247 -131
248 -23
249 -33
250 -457
251 -54
252 -25
253 -35
254 -89
255 -35
256 -35
257 -319
258 -162
259 -65
260 -33
261 -106
262 -196
263 -105
264 -33
265 -155
266 -35
267 -695
268 -220
269 -35
270 -330
271 -23
272 -314
273 -276
274 -269
275 -35
276 -362
277 -432
278 -35
279 -35
280 -103
281 -27
282 -23
283 -35
284 -90
285 -35
286 -35
287 -14
288 -35
289 -103
290 -292
291 -234
292 -27
293 -3365
294 -96
295 -33
296 -193
297 -20
298 -45
299 -489
300 -66
301 -35
302 -23
303 -48
304 -35
305 -23
306 -249
307 -486
308 -350
309 -115
310 -219
311 -33
312 -33
313 -66
314 -35
315 -23
316 -30
317 -35
318 -23
319 -33
320 -89
321 -23
322 -35
323 -23
324 -405
325 -491
326 -300
327 -23
328 -46
329 -26
330 -29
331 -33
332 -26
333 -36
334 -107
335 -227
336 -58
337 -35
338 -83
339 -346
340 -168
341 -79
342 -35
343 -150
344 -23
345 -139
346 -76
347 -35
348 -146
349 -220
350 -151
351 -214
352 -184
353 -35
354 -721
355 -561
356 -131
357 -35
358 -23
359 -61
360 -214
361 -23
362 -54
363 -23
364 -71
365 -35
366 -39
367 -505
368 -23
369 -23
370 -124
371 -223
372 -80
373 -33
374 -322
375 -127
376 -353
377 -47
378 -33
379 -23
380 -38
381 -395
382 -35
383 -76
384 -123
385 -50
386 -100
387 -105
388 -246
389 -165
390 -23
391 -23
392 -179
393 -1103
394 -409
395 -23
396 -65
397 -23
398 -35
399 -33
400 -55
401 -38
402 -33
403 -204
404 -122
405 -824
406 -54
407 -234
408 -33
409 -33
410 -48
411 -27
412 -23
413 -33
414 -35
415 -176
416 -102
417 -32
418 -23
419 -35
420 -329
421 -134
422 -185
423 -27
424 -33
425 -35
426 -253
427 -33
428 -33
429 -42
430 -108
431 -35
432 -23
433 -226
434 -46
435 -35
436 -157
437 -33
438 -33
439 -746
440 -23
441 -41
442 -92
443 -35
444 -319
445 -191
446 -33
447 -107
448 -80
449 -284
450 -113
451 -23
452 -47
453 -134
454 -9
455 -65
456 -338
457 -35
458 -68
459 -65
460 -131
461 -206
462 -33
463 -23
464 -23
465 -100
466 -216
467 -23
468 -33
469 -35
470 -23
471 -61
472 -35
473 -33
474 -78
475 -161
476 -244
477 -23
478 -37
479 -33
480 -175
481 -120
482 -105
483 -435
484 -35
485 -191
486 -35
487 -33
488 -149
489 -624
490 -35
491 -42
492 -83
493 -37
494 -1870
495 -23
496 -126
497 -35
498 -35
499 -23
500 -85
501 -190
502 -179
503 -33
504 -160
505 -39
506 -107
507 -98
508 -351
509 -33
510 -61
511 -196
512 -134
513 -2610
514 -33
515 -23
516 -465
517 -23
518 -254
519 -33
520 -23
521 -80
522 -542
523 -33
524 -35
525 -251
526 -33
527 -33
528 -40
529 -23
530 -29
531 -23
532 -144
533 -35
534 -1299
535 -453
536 -257
537 -23
538 -58
539 -33
540 -254
541 -469
542 -145
543 -33
544 -333
545 -54
546 -205
547 -161
548 -270
549 -35
550 -140
551 -35
552 -23
553 -35
554 -33
555 -33
556 -249
557 -305
558 -35
559 -61
560 -23
561 -35
562 -33
563 -35
564 -211
565 -52
566 -33
567 -33
568 -28
569 -33
570 -35
571 -242
572 -42
573 -245
574 -33
575 -35
576 -57
577 -23
578 -120
579 -111
580 -209
581 -95
582 -33
583 -33
584 -35
585 -582
586 -125
587 -35
588 -98
589 -23
590 -80
591 -149
592 -241
593 -35
594 -35
595 -35
596 -447
597 -23
598 -33
599 -130
600 -23
601 -218
602 -27
603 -66
604 -53
605 -556
606 -105
607 -287
608 -31
609 -189
610 -30
611 -203
612 -692
613 -107
614 -71
615 -35
616 -33
617 -540
618 -160
619 -35
620 -33
621 -33
622 -302
623 -35
624 -33
625 -35
626 -242
627 -130
628 -35
629 -31
630 -78
631 -23
632 -35
633 -222
634 -35
635 -202
636 -158
637 -39
638 -55
639 -61
640 -310
641 -87
642 -115
643 -35
644 -35
645 -78
646 -33
647 -217
648 -23
649 -133
650 -33
651 -80
652 -35
653 -55
654 -269
655 -256
656 -87
657 -1270
658 -423
659 -127
660 -79
661 -23
662 -23
663 -243
664 -258
665 -33
666 -121
667 -150
668 -675
669 -115
670 -299
671 -35
672 -313
673 -710
674 -23
675 -159
676 -76
677 -91
678 -35
679 -356
680 -33
681 -35
682 -35
683 -259
684 -31
685 -193
686 -52
687 -53
688 -30
689 -172
690 -33
691 -33
692 -58
693 -51
694 -132
695 -46
696 -108
697 -504
698 -184
699 -238
700 -17
701 -35
702 -23
703 -23
704 -140
705 -185
706 -35
707 -35
708 -25
709 -291
710 -112
711 -327
712 -23
713 -223
714 -35
715 -249
716 -33
717 -127
718 -616
719 -35
720 -33
721 -35
722 -75
723 -59
724 -49
725 -88
726 -246
727 -123
728 -97
729 -82
730 -33
731 -23
732 -34
733 -33
734 -33
735 -557
736 -35
737 -182
738 -23
739 -23
740 -9
741 -35
742 -23
743 -75
744 -23
745 -435
746 -35
747 -126
748 -585
749 -23
750 -84
751 -62
752 -23
753 -598
754 -33
755 -641
756 -638
757 -33
758 -80
759 -63
760 -35
761 -118
762 -270
763 -23
764 -165
765 -104
766 -157
767 -51
768 -74
769 -229
770 -23
771 -23
772 -138
773 -33
774 -35
775 -418
776 -66
777 -33
778 -35
779 -581
780 -33
781 -71
782 -168
783 -23
784 -35
785 -170
786 -77
787 -81
788 -23
789 -35
790 -202
791 -268
792 -35
793 -35
794 -22
795 -35
796 -23
797 -33
798 -140
799 -33
800 -225
801 -195
802 -23
803 -123
804 -139
805 -115
806 -266
807 -88
808 -33
809 -35
810 -35
811 -917
812 -33
813 -23
814 -112
815 -33
816 -33
817 -162
818 -33
819 -228
820 -33
821 -91
822 -98
823 -44
824 -27
825 -386
826 -23
827 -35
828 -256
829 -438
830 -64
831 -23
832 -176
833 -33
834 -23
835 -35
836 -23
837 -60
838 -130
839 -35
840 -4375
841 -23
842 -41
843 -205
844 -45
845 -127
846 -35
847 -35
848 -23
849 -23
850 -23
851 -24
852 -293
853 -35
854 -35
855 -35
856 -534
857 -183
858 -165
859 -33
860 -30
861 -81
862 -208
863 -185
864 -97
865 -34
866 -59
867 -38
868 -35
869 -325
870 -94
871 -93
872 -35
873 -117
874 -368
875 -49
876 -237
877 -23
878 -52
879 -190
880 -33
881 -71
882 -88
883 -33
884 -133
885 -242
886 -49
887 -33
888 -111
889 -100
890 -35
891 -33
892 -35
893 -35
894 -33
895 -35
896 -34
897 -132
898 -34
899 -33
900 -35
901 -254
902 -172
903 -35
904 -87
905 -15
906 -655
907 -23
908 -62
909 -574
910 -33
911 -785
912 -224
913 -35
914 -33
915 -15
916 -36
917 -377
918 -40
919 -33
920 -35
921 -37
922 -156
923 -23
924 -37
925 -23
926 -35
927 -23
928 -40
929 -35
930 -40
931 -33
932 -278
933 -35
934 -158
935 -23
936 -697
937 -289
938 -33
939 -35
940 -23
941 -23
942 -612
943 -39
944 -23
945 -30
946 -371
947 -592
948 -172
949 -185
950 -71
951 -72
952 -92
953 -1388
954 -33
955 -33
956 -23
957 -906
958 -167
959 -23
960 -11
961 -141
962 -23
963 -436
964 -33
965 -33
966 -48
967 -682
968 -63
969 -33
970 -493
971 -33
972 -33
973 -124
974 -23
975 -234
976 -35
977 -56
978 -404
979 -23
980 -384
981 -325
982 -97
983 -329
984 -231
985 -56
986 -265
987 -23
988 -131
989 -349
990 -35
991 -497
992 -33
993 -24
994 -23
995 -473
996 -230
997 -23
998 -42
999 -33
