0 -229
1 -175
2 -385
3 -509
4 -3083
5 -530
6 -29
7 -35
8 -232
9 -35
10 -29
11 -197
12 -230
13 -66
14 -35
15 -125
16 -29
17 -310
18 -39
19 -103
20 -226
21 -34
22 -10
23 -29
24 -95
25 -255
26 -35
27 -322
28 -12
29 -39
30 -227
31 -821
32 -689
33 -959
34 -35
35 -68
36 -164
37 -44
38 -102
39 -573
40 -35
41 -301
42 -246
43 -35
44 -29
45 -35
46 -538
47 -35
48 -129
49 -3182
50 -309
51 -151
52 -22
53 -1592
54 -388
55 -135
56 -1095
57 -191
58 -423
59 -29
60 -225
61 -363
62 -1469
63 -35
64 -196
65 -707
66 -4753
67 -35
68 -67
69 -35
70 -263
71 -358
72 -111
73 -294
74 -540
75 -299
76 -2685
77 -198
78 -35
79 -32
80 -865
81 -38
82 -29
83 -62
84 -358
85 -2401
86 -35
87 -458
88 -325
89 -92
90 -117
91 -105
92 -507
93 -770
94 -92
95 -35
96 -1311
97 -33
98 -76
99 -436
100 -121
101 -658
102 -224
103 -141
104 -35
105 -29
106 -543
107 -568
108 -78
109 -404
110 -456
111 -151
112 -29
113 -146
114 -108
115 -209
116 -29
117 -35
118 -35
119 -156
120 -33
121 -39
122 -453
123 -543
124 -103
125 -126
126 -68
127 -12
128 -29
129 -35
130 -183
131 -68
132 -35
133 -458
134 -35
135 -157
136 -54
137 -201
138 -545
139 -105
140 -284
141 -211
142 -29
143 -165
144 -35
145 -29
146 -700
147 -29
148 -596
149 -44
150 -55
151 -132
152 -35
153 -297
154 -789
155 -10065
156 -239
157 -11
158 -59
159 -139
160 -40
161 -29
162 -149
163 -3299
164 -46
165 -29
166 -540
167 -141
168 -2231
169 -233
170 -1294
171 -35
172 -35
173 -2369
174 -424
175 -36
176 -72
177 -73
178 -135
179 -21
180 -29
181 -35
182 -104
183 -29
184 -10
185 -43
186 -29
187 -110
188 -35
189 -104
190 -2034
191 -184
192 -240
193 -13
194 -95
195 -35
196 -192
197 -142
198 -1719
199 -799
200 -24
201 -67
202 -71
203 -196
204 -29
205 -29
206 -48
207 -145
208 -35
209 -653
210 -69
211 -29
212 -205
213 -997
214 -35
215 -111
216 -29
217 -402
218 -35
219 -3805
220 -280
221 -485
222 -234
223 -35
224 -29
225 -29
226 -70
227 -28
228 -29
229 -351
230 -29
231 -529
232 -35
233 -278
234 -73
235 -35
236 -86
237 -233
238 -52
239 -35
240 -235
241 -30
242 -141
243 -38
244 -3059
245 -186
246 -579
247 -81
248 -29
249 -664
250 -197
251 -35
252 -64
253 -35
254 -446
255 -342
256 -169
257 -1014
258 -35
259 -16
260 -99
261 -33
262 -127
263 -35
264 -245
265 -70
266 -35
267 -29
268 -214
269 -53
270 -231
271 -144
272 -463
273 -64
274 -245
275 -195
276 -29
277 -413
278 -333
279 -81
280 -171
281 -186
282 -16
283 -157
284 -138
285 -551
286 -35
287 -1612
288 -35
289 -654
290 -395
291 -32
292 -52
293 -29
294 -35
295 -79
296 -183
297 -12
298 -120
299 -232
300 -35
301 -1911
302 -127
303 -431
304 -165
305 -78
306 -141
307 -139
308 -2604
309 -207
310 -32
311 -549
312 -76
313 -3195
314 -35
315 -154
316 -1469
317 -29
318 -38
319 -311
320 -35
321 -33
322 -373
323 -68
324 -29
325 -388
326 -834
327 -202
328 -79
329 -215
330 -43
331 -52
332 -406
333 -192
334 -202
335 -214
336 -137
337 -222
338 -29
339 -95
340 -248
341 -725
342 -29
343 -957
344 -660
345 -143
346 -44
347 -35
348 -70
349 -285
350 -35
351 -451
352 -110
353 -35
354 -120
355 -41
356 -29
357 -139
358 -32
359 -41
360 -1040
361 -35
362 -19
363 -229
364 -43
365 -1920
366 -222
367 -265
368 -71
369 -191
370 -223
371 -83
372 -29
373 -97
374 -173
375 -35
376 -375
377 -29
378 -34
379 -199
380 -719
381 -157
382 -240
383 -29
384 -35
385 -35
386 -148
387 -129
388 -29
389 -2813
390 -29
391 -35
392 -212
393 -358
394 -158
395 -35
396 -44
397 -189
398 -339
399 -213
400 -255
401 -108
402 -257
403 -196
404 -63
405 -144
406 -313
407 -246
408 -229
409 -714
410 -41
411 -61
412 -887
413 -35
414 -1122
415 -120
416 -3412
417 -29
418 -286
419 -78
420 -208
421 -58
422 -66
423 -87
424 -19
425 -24
426 -111
427 -1164
428 -35
429 -213
430 -29
431 -374
432 -48
433 -29
434 -468
435 -294
436 -409
437 -29
438 -40
439 -81
440 -38
441 -151
442 -594
443 -35
444 -524
445 -442
446 -65
447 -52
448 -4424
449 -35
450 -70
451 -904
452 -235
453 -297
454 -2262
455 -655
456 -1004
457 -249
458 -13
459 -29
460 -157
461 -515
462 -800
463 -33
464 -220
465 -913
466 -82
467 -3621
468 -29
469 -1423
470 -59
471 -402
472 -35
473 -180
474 -94
475 -134
476 -416
477 -29
478 -35
479 -522
480 -29
481 -430
482 -29
483 -257
484 -17
485 -29
486 -266
487 -263
488 -29
489 -35
490 -51
491 -112
492 -96
493 -110
494 -35
495 -2026
496 -393
497 -532
498 -29
499 -80
500 -37
501 -29
502 -159
503 -3634
504 -72
505 -287
506 -29
507 -447
508 -222
509 -35
510 -69
511 -845
512 -59
513 -139
514 -93
515 -206
516 -956
517 -476
518 -25
519 -44
520 -378
521 -35
522 -29
523 -88
524 -187
525 -167
526 -444
527 -34
528 -408
529 -1556
530 -109
531 -29
532 -145
533 -29
534 -432
535 -52
536 -44
537 -29
538 -1175
539 -35
540 -103
541 -89
542 -723
543 -29
544 -34
545 -102
546 -29
547 -859
548 -35
549 -163
550 -15
551 -22
552 -12792
553 -35
554 -35
555 -35
556 -905
557 -969
558 -272
559 -35
560 -29
561 -38
562 -29
563 -437
564 -35
565 -35
566 -43
567 -132
568 -208
569 -400
570 -29
571 -22
572 -35
573 -29
574 -97
575 -35
576 -554
577 -221
578 -29
579 -29
580 -258
581 -939
582 -35
583 -29
584 -123
585 -35
586 -129
587 -20
588 -52
589 -354
590 -406
591 -541
592 -1462
593 -87
594 -34
595 -357
596 -456
597 -379
598 -280
599 -42
600 -2988
601 -206
602 -29
603 -32
604 -35
605 -70
606 -49
607 -35
608 -29
609 -3617
610 -480
611 -787
612 -235
613 -1109
614 -131
615 -9
616 -29
617 -815
618 -153
619 -3251
620 -35
621 -267
622 -1796
623 -75
624 -1884
625 -26
626 -35
627 -55
628 -96
629 -114
630 -38
631 -205
632 -401
633 -29
634 -37
635 -229
636 -567
637 -206
638 -288
639 -1246
640 -358
641 -226
642 -102
643 -345
644 -73
645 -75
646 -39
647 -2943
648 -142
649 -29
650 -250
651 -35
652 -35
653 -110
654 -236
655 -118
656 -35
657 -313
658 -2098
659 -65
660 -35
661 -55
662 -261
663 -142
664 -35
665 -2002
666 -29
667 -114
668 -472
669 -29
670 -171
671 -148
672 -61
673 -46
674 -375
675 -175
676 -29
677 -160
678 -35
679 -35
680 -35
681 -156
682 -7
683 -120
684 -274
685 -29
686 -172
687 -35
688 -128
689 -80
690 -152
691 -29
692 -155
693 -61
694 -558
695 -35
696 -2003
697 -298
698 -78
699 -299
700 -50
701 -158
702 -173
703 -47
704 -699
705 -27
706 -892
707 -47
708 -12
709 -185
710 -132
711 -580
712 -14
713 -283
714 -29
715 -29
716 -192
717 -29
718 -2796
719 -1912
720 -323
721 -97
722 -205
723 -126
724 -119
725 -453
726 -115
727 -29
728 -401
729 -1873
730 -176
731 -41
732 -35
733 -35
734 -79
735 -29
736 -951
737 -165
738 -35
739 -925
740 -35
741 -29
742 -27
743 -29
744 -35
745 -35
746 -83
747 -45
748 -1721
749 -333
750 -220
751 -182
752 -854
753 -630
754 -242
755 -340
756 -35
757 -152
758 -932
759 -29
760 -1108
761 -43
762 -35
763 -505
764 -29
765 -195
766 -559
767 -35
768 -207
769 -31
770 -105
771 -780
772 -6025
773 -469
774 -29
775 -176
776 -122
777 -623
778 -417
779 -131
780 -148
781 -35
782 -673
783 -35
784 -437
785 -84
786 -461
787 -29
788 -255
789 -394
790 -267
791 -308
792 -27
793 -227
794 -173
795 -91
796 -45
797 -739
798 -157
799 -29
800 -119
801 -1237
802 -99
803 -171
804 -858
805 -35
806 -412
807 -35
808 -957
809 -61
810 -4056
811 -35
812 -405
813 -249
814 -29
815 -122
816 -35
817 -35
818 -74
819 -1066
820 -369
821 -123
822 -35
823 -95
824 -29
825 -35
826 -34
827 -538
828 -29
829 -226
830 -347
831 -276
832 -37
833 -110
834 -74
835 -35
836 -143
837 -35
838 -370
839 -747
840 -43
841 -319
842 -267
843 -35
844 -932
845 -1044
846 -1669
847 -133
848 -139
849 -217
850 -92
851 -2115
852 -1626
853 -79
854 -29
855 -231
856 -243
857 -427
858 -305
859 -331
860 -158
861 -478
862 -229
863 -53
864 -243
865 -66
866 -98
867 -22
868 -56
869 -29
870 -112
871 -74
872 -35
873 -538
874 -121
875 -72
876 -184
877 -43
878 -35
879 -82
880 -300
881 -3116
882 -41
883 -370
884 -29
885 -933
886 -261
887 -103
888 -35
889 -46
890 -38
891 -82
892 -108
893 -29
894 -73
895 -495
896 -35
897 -672
898 -35
899 -35
900 -633
901 -43
902 -40
903 -35
904 -35
905 -29
906 -168
907 -80
908 -150
909 -9533
910 -66
911 -168
912 -409
913 -240
914 -29
915 -35
916 -535
917 -15
918 -45
919 -28
920 -828
921 -103
922 -38
923 -35
924 -353
925 -125
926 -29
927 -29
928 -307
929 -35
930 -522
931 -29
932 -334
933 -35
934 -49
935 -142
936 -99
937 -106
938 -2182
939 -253
940 -131
941 -46
942 -161
943 -477
944 -3559
945 -64
946 -244
947 -1997
948 -133
949 -163
950 -35
951 -132
952 -29
953 -269
954 -92
955 -461
956 -173
957 -147
958 -259
959 -25
960 -29
961 -29
962 -35
963 -1550
964 -809
965 -42
966 -159
967 -29
968 -35
969 -29
970 -29
971 -35
972 -52
973 -29
974 -1815
975 -96
976 -35
977 -50
978 -121
979 -35
980 -237
981 -35
982 -29
983 -541
984 -99
985 -293
986 -112
987 -35
988 -66
989 -211
990 -29
991 -310
992 -86
993 -29
994 -29
995 -102
996 -309
997 -1069
998 -35
999 -217
