0 -33
1 -23
2 -107
3 -35
4 -37
5 -73
6 -23
7 -440
8 -23
9 -179
10 -35
11 -33
12 -205
13 -44
14 -239
15 -35
16 -63
17 -33
18 -515
19 -338
20 -175
21 -35
22 -258
23 -166
24 -23
25 -33
26 -23
27 -79
28 -106
29 -715
30 -35
31 -85
32 -35
33 -945
34 -443
35 -335
36 -3451
37 -286
38 -56
39 -529
40 -709
41 -33
42 -23
43 -1199
44 -141
45 -223
46 -110
47 -397
48 -120
49 -35
50 -23
51 -35
52 -35
53 -637
54 -399
55 -47
56 -35
57 -40
58 -338
59 -137
60 -33
61 -39
62 -319
63 -35
64 -35
65 -35
66 -23
67 -83
68 -103
69 -271
70 -188
71 -32
72 -50
73 -33
74 -227
75 -215
76 -195
77 -625
78 -263
79 -23
80 -35
81 -166
82 -468
83 -33
84 -23
85 -165
86 -223
87 -1178
88 -99
89 -472
90 -291
91 -915
92 -33
93 -205
94 -42
95 -225
96 -33
97 -109
98 -41
99 -139
100 -527
101 -119
102 -33
103 -50
104 -33
105 -36
106 -23
107 -129
108 -951
109 -134
110 -537
111 -641
112 -35
113 -329
114 -33
115 -81
116 -22
117 -23
118 -229
119 -63
120 -23
121 -23
122 -843
123 -279
124 -33
125 -149
126 -353
127 -59
128 -736
129 -271
130 -23
131 -117
132 -35
133 -66
134 -71
135 -60
136 -33
137 -370
138 -114
139 -560
140 -23
141 -33
142 -157
143 -610
144 -1168
145 -23
146 -909
147 -35
148 -35
149 -35
150 -340
151 -35
152 -35
153 -525
154 -494
155 -575
156 -37
157 -35
158 -238
159 -23
160 -89
161 -23
162 -134
163 -261
164 -161
165 -274
166 -259
167 -33
168 -95
169 -51
170 -40
171 -137
172 -23
173 -567
174 -26
175 -232
176 -33
177 -218
178 -33
179 -8
180 -44
181 -33
182 -578
183 -173
184 -670
185 -584
186 -451
187 -242
188 -23
189 -149
190 -62
191 -28
192 -35
193 -23
194 -33
195 -151
196 -86
197 -23
198 -56
199 -35
200 -42
201 -142
202 -247
203 -46
204 -33
205 -238
206 -243
207 -197
208 -322
209 -41
210 -481
211 -35
212 -35
213 -156
214 -222
215 -23
216 -23
217 -309
218 -32
219 -33
220 -219
221 -35
222 -60
223 -373
224 -66
225 -35
226 -45
227 -747
228 -27
229 -114
230 -170
231 -33
232 -25
233 -387
234 -23
235 -35
236 -1117
237 -340
238 -38
239 -39
240 -35
241 -36
242 -23
243 -12
244 -35
245 -10
246 -23
247 -329
248 -23
249 -99
250 -32
251 -33
252 -159
253 -623
254 -23
255 -243
256 -43
257 -35
258 -125
259 -590
260 -35
261 -540
262 -171
263 -33
264 -176
265 -163
266 -150
267 -108
268 -576
269 -544
270 -169
271 -35
272 -41
273 -23
274 -145
275 -33
276 -213
277 -666
278 -239
279 -23
280 -20
281 -184
282 -113
283 -66
284 -122
285 -364
286 -38
287 -23
288 -679
289 -148
290 -123
291 -33
292 -454
293 -359
294 -33
295 -35
296 -994
297 -35
298 -871
299 -111
300 -57
301 -23
302 -175
303 -132
304 -546
305 -337
306 -33
307 -145
308 -35
309 -23
310 -35
311 -33
312 -64
313 -33
314 -31
315 -13
316 -23
317 -119
318 -204
319 -35
320 -35
321 -279
322 -166
323 -68
324 -33
325 -153
326 -229
327 -719
328 -35
329 -121
330 -35
331 -33
332 -88
333 -35
334 -100
335 -35
336 -74
337 -407
338 -276
339 -33
340 -35
341 -605
342 -140
343 -353
344 -172
345 -209
346 -35
347 -23
348 -67
349 -214
350 -285
351 -332
352 -33
353 -223
354 -33
355 -18
356 -55
357 -102
358 -383
359 -251
360 -33
361 -91
362 -33
363 -33
364 -124
365 -447
366 -23
367 -42
368 -35
369 -303
370 -35
371 -125
372 -156
373 -23
374 -33
375 -348
376 -33
377 -187
378 -23
379 -483
380 -23
381 -269
382 -655
383 -424
384 -542
385 -256
386 -81
387 -39
388 -33
389 -298
390 -542
391 -99
392 -43
393 -133
394 -118
395 -65
396 -781
397 -193
398 -33
399 -119
400 -37
401 -23
402 -73
403 -47
404 -720
405 -130
406 -35
407 -33
408 -261
409 -23
410 -483
411 -35
412 -184
413 -272
414 -326
415 -23
416 -50
417 -33
418 -35
419 -271
420 -180
421 -33
422 -640
423 -420
424 -269
425 -84
426 -23
427 -35
428 -168
429 -510
430 -365
431 -33
432 -199
433 -33
434 -147
435 -833
436 -1663
437 -52
438 -23
439 -625
440 -328
441 -35
442 -23
443 -294
444 -33
445 -35
446 -611
447 -196
448 -1295
449 -495
450 -248
451 -23
452 -42
453 -23
454 -23
455 -33
456 -23
457 -93
458 -84
459 -33
460 -35
461 -133
462 -23
463 -224
464 -193
465 -33
466 -513
467 -77
468 -138
469 -33
470 -23
471 -487
472 -61
473 -23
474 -35
475 -40
476 -140
477 -27
478 -888
479 -372
480 -320
481 -495
482 -129
483 -34
484 -33
485 -23
486 -1580
487 -576
488 -28
489 -159
490 -455
491 -121
492 -382
493 -23
494 -193
495 -189
496 -2165
497 -100
498 -302
499 -23
500 -330
501 -23
502 -23
503 -35
504 -23
505 -24
506 -35
507 -35
508 -33
509 -517
510 -193
511 -35
512 -640
513 -110
514 -555
515 -314
516 -215
517 -478
518 -33
519 -58
520 -61
521 -612
522 -23
523 -35
524 -35
525 -193
526 -149
527 -933
528 -46
529 -216
530 -158
531 -596
532 -334
533 -27
534 -35
535 -439
536 -108
537 -862
538 -638
539 -33
540 -504
541 -74
542 -222
543 -23
544 -164
545 -59
546 -367
547 -268
548 -340
549 -286
550 -72
551 -33
552 -35
553 -35
554 -55
555 -197
556 -432
557 -35
558 -187
559 -35
560 -33
561 -108
562 -325
563 -23
564 -35
565 -112
566 -161
567 -181
568 -35
569 -292
570 -918
571 -35
572 -128
573 -31
574 -33
575 -1049
576 -33
577 -23
578 -469
579 -33
580 -23
581 -188
582 -133
583 -309
584 -46
585 -33
586 -489
587 -33
588 -33
589 -41
590 -61
591 -437
592 -702
593 -35
594 -23
595 -33
596 -421
597 -23
598 -23
599 -33
600 -635
601 -35
602 -703
603 -131
604 -142
605 -384
606 -491
607 -33
608 -23
609 -23
610 -428
611 -140
612 -110
613 -175
614 -276
615 -680
616 -41
617 -33
618 -414
619 -33
620 -57
621 -793
622 -778
623 -1209
624 -334
625 -423
626 -35
627 -33
628 -35
629 -57
630 -256
631 -23
632 -35
633 -316
634 -168
635 -371
636 -23
637 -99
638 -23
639 -415
640 -33
641 -41
642 -120
643 -1352
644 -81
645 -35
646 -601
647 -91
648 -33
649 -229
650 -23
651 -35
652 -66
653 -23
654 -35
655 -256
656 -35
657 -368
658 -76
659 -33
660 -35
661 -330
662 -209
663 -23
664 -269
665 -113
666 -33
667 -108
668 -33
669 -126
670 -35
671 -235
672 -35
673 -35
674 -110
675 -33
676 -45
677 -23
678 -187
679 -35
680 -60
681 -65
682 -33
683 -376
684 -23
685 -35
686 -33
687 -309
688 -259
689 -33
690 -447
691 -126
692 -459
693 -684
694 -87
695 -35
696 -135
697 -74
698 -23
699 -35
700 -1625
701 -60
702 -671
703 -43
704 -80
705 -33
706 -726
707 -1006
708 -293
709 -917
710 -219
711 -33
712 -12
713 -23
714 -23
715 -35
716 -33
717 -449
718 -33
719 -378
720 -314
721 -244
722 -23
723 -661
724 -33
725 -1319
726 -152
727 -33
728 -114
729 -23
730 -297
731 -32
732 -33
733 -35
734 -115
735 -23
736 -469
737 -35
738 -112
739 -71
740 -35
741 -23
742 -394
743 -145
744 -35
745 -23
746 -172
747 -170
748 -23
749 -753
750 -227
751 -788
752 -80
753 -481
754 -60
755 -23
756 -190
757 -155
758 -153
759 -65
760 -23
761 -630
762 -23
763 -559
764 -267
765 -23
766 -33
767 -127
768 -1141
769 -98
770 -23
771 -538
772 -116
773 -356
774 -35
775 -453
776 -570
777 -68
778 -284
779 -36
780 -168
781 -54
782 -33
783 -120
784 -370
785 -35
786 -435
787 -35
788 -42
789 -23
790 -35
791 -33
792 -33
793 -323
794 -87
795 -78
796 -95
797 -1140
798 -35
799 -262
800 -23
801 -34
802 -170
803 -153
804 -83
805 -45
806 -33
807 -57
808 -829
809 -540
810 -390
811 -35
812 -35
813 -70
814 -439
815 -33
816 -439
817 -440
818 -30
819 -33
820 -477
821 -35
822 -83
823 -35
824 -138
825 -390
826 -116
827 -743
828 -35
829 -33
830 -33
831 -206
832 -326
833 -23
834 -33
835 -299
836 -23
837 -35
838 -405
839 -267
840 -33
841 -23
842 -195
843 -260
844 -27
845 -33
846 -291
847 -23
848 -35
849 -33
850 -653
851 -33
852 -23
853 -29
854 -133
855 -408
856 -411
857 -245
858 -33
859 -35
860 -35
861 -23
862 -894
863 -35
864 -187
865 -375
866 -35
867 -35
868 -611
869 -33
870 -35
871 -270
872 -35
873 -23
874 -23
875 -193
876 -35
877 -33
878 -202
879 -477
880 -120
881 -474
882 -47
883 -23
884 -23
885 -118
886 -660
887 -33
888 -147
889 -33
890 -23
891 -19
892 -33
893 -33
894 -35
895 -29
896 -35
897 -23
898 -23
899 -162
900 -23
901 -76
902 -483
903 -177
904 -35
905 -101
906 -402
907 -168
908 -123
909 -204
910 -87
911 -429
912 -33
913 -33
914 -250
915 -35
916 -163
917 -56
918 -35
919 -51
920 -66
921 -35
922 -229
923 -143
924 -144
925 -266
926 -33
927 -157
928 -359
929 -155
930 -77
931 -23
932 -35
933 -174
934 -71
935 -263
936 -126
937 -35
938 -35
939 -96
940 -196
941 -35
942 -395
943 -33
944 -51
945 -68
946 -112
947 -280
948 -35
949 -202
950 -275
951 -621
952 -33
953 -35
954 -23
955 -98
956 -510
957 -69
958 -109
959 -129
960 -187
961 -324
962 -2398
963 -23
964 -35
965 -377
966 -30
967 -35
968 -35
969 -319
970 -40
971 -33
972 -33
973 -35
974 -244
975 -320
976 -33
977 -33
978 -35
979 -107
980 -23
981 -33
982 -33
983 -296
984 -35
985 -35
986 -52
987 -393
988 -33
989 -181
990 -261
991 -845
992 -32
993 -317
994 -242
995 -33
996 -133
997 -33
998 -33
999 -248
