0 -34
1 -27
2 -349
3 -35
4 -458
5 -35
6 -146
7 -261
8 -23
9 -367
10 -314
11 -33
12 -43
13 -33
14 -526
15 -41
16 -125
17 -33
18 -33
19 -63
20 -429
21 -283
22 -77
23 -45
24 -92
25 -33
26 -329
27 -23
28 -23
29 -35
30 -955
31 -46
32 -269
33 -35
34 -234
35 -252
36 -23
37 -53
38 -302
39 -23
40 -199
41 -35
42 -179
43 -54
44 -913
45 -322
46 -171
47 -33
48 -35
49 -23
50 -226
51 -101
52 -33
53 -196
54 -47
55 -166
56 -23
57 -33
58 -518
59 -392
60 -35
61 -1674
62 -271
63 -33
64 -33
65 -624
66 -189
67 -33
68 -23
69 -869
70 -33
71 -35
72 -35
73 -28
74 -25
75 -33
76 -35
77 -561
78 -189
79 -33
80 -35
81 -101
82 -35
83 -72
84 -23
85 -47
86 -290
87 -35
88 -23
89 -114
90 -33
91 -239
92 -33
93 -35
94 -246
95 -35
96 -33
97 -197
98 -30
99 -33
100 -23
101 -23
102 -23
103 -382
104 -23
105 -455
106 -167
107 -35
108 -704
109 -127
110 -86
111 -33
112 -35
113 -408
114 -59
115 -115
116 -23
117 -23
118 -23
119 -1248
120 -35
121 -34
122 -23
123 -23
124 -33
125 -46
126 -323
127 -139
128 -23
129 -143
130 -265
131 -35
132 -84
133 -33
134 -868
135 -74
136 -67
137 -17
138 -157
139 -35
140 -424
141 -186
142 -35
143 -1133
144 -136
145 -99
146 -114
147 -23
148 -33
149 -35
150 -98
151 -33
152 -156
153 -23
154 -33
155 -35
156 -45
157 -33
158 -132
159 -33
160 -455
161 -33
162 -5455
163 -23
164 -1113
165 -171
166 -32
167 -329
168 -23
169 -33
170 -150
171 -69
172 -35
173 -287
174 -288
175 -166
176 -33
177 -58
178 -112
179 -271
180 -125
181 -171
182 -2114
183 -204
184 -33
185 -33
186 -159
187 -23
188 -33
189 -35
190 -215
191 -150
192 -35
193 -32
194 -35
195 -566
196 -23
197 -175
198 -33
199 -33
200 -35
201 -40
202 -595
203 -23
204 -35
205 -33
206 -838
207 -35
208 -55
209 -35
210 -57
211 -44
212 -469
213 -150
214 -23
215 -23
216 -345
217 -393
218 -23
219 -154
220 -33
221 -76
222 -33
223 -35
224 -120
225 -116
226 -120
227 -156
228 -122
229 -173
230 -799
231 -33
232 -217
233 -215
234 -96
235 -83
236 -27
237 -90
238 -104
239 -36
240 -233
241 -35
242 -23
243 -352
244 -180
245 -119
246 -942
247 -35
248 -35
249 -35
250 -95
251 -23
252 -33
253 -165
254 -35
255 -35
256 -308
257 -23
258 -616
259 -217
260 -722
261 -39
262 -30
263 -23
264 -33
265 -123
266 -271
267 -33
268 -62
269 -23
270 -215
271 -35
272 -158
273 -296
274 -35
275 -151
276 -146
277 -161
278 -35
279 -44
280 -84
281 -25
282 -33
283 -69
284 -347
285 -35
286 -25
287 -141
288 -191
289 -183
290 -23
291 -33
292 -133
293 -354
294 -35
295 -23
296 -87
297 -33
298 -33
299 -35
300 -35
301 -140
302 -33
303 -23
304 -33
305 -44
306 -23
307 -53
308 -23
309 -70
310 -23
311 -162
312 -61
313 -86
314 -383
315 -156
316 -195
317 -33
318 -175
319 -59
320 -35
321 -35
322 -371
323 -23
324 -35
325 -33
326 -33
327 -145
328 -23
329 -35
330 -23
331 -23
332 -41
333 -35
334 -70
335 -184
336 -69
337 -23
338 -50
339 -199
340 -297
341 -23
342 -166
343 -53
344 -23
345 -200
346 -64
347 -23
348 -25
349 -33
350 -59
351 -33
352 -23
353 -23
354 -107
355 -33
356 -64
357 -263
358 -33
359 -53
360 -139
361 -35
362 -23
363 -33
364 -33
365 -33
366 -35
367 -69
368 -172
369 -35
370 -358
371 -838
372 -167
373 -157
374 -148
375 -35
376 -85
377 -33
378 -35
379 -519
380 -24
381 -100
382 -33
383 -85
384 -33
385 -35
386 -100
387 -496
388 -33
389 -97
390 -35
391 -311
392 -280
393 -90
394 -44
395 -35
396 -129
397 -215
398 -90
399 -23
400 -355
401 -23
402 -35
403 -247
404 -406
405 -23
406 -145
407 -127
408 -43
409 -115
410 -219
411 -33
412 -651
413 -179
414 -23
415 -181
416 -239
417 -23
418 -33
419 -36
420 -207
421 -35
422 -127
423 -115
424 -33
425 -155
426 -33
427 -23
428 -332
429 -33
430 -23
431 -151
432 -75
433 -23
434 -63
435 -41
436 -33
437 -127
438 -70
439 -299
440 -156
441 -145
442 -185
443 -35
444 -35
445 -77
446 -23
447 -395
448 -23
449 -23
450 -33
451 -213
452 -33
453 -33
454 -23
455 -336
456 -35
457 -23
458 -329
459 -23
460 -140
461 -172
462 -116
463 -35
464 -99
465 -3916
466 -35
467 -159
468 -63
469 -27
470 -466
471 -23
472 -33
473 -36
474 -126
475 -107
476 -379
477 -151
478 -209
479 -33
480 -23
481 -62
482 -240
483 -23
484 -33
485 -23
486 -141
487 -86
488 -33
489 -35
490 -611
491 -97
492 -35
493 -39
494 -338
495 -44
496 -33
497 -64
498 -23
499 -85
500 -33
501 -178
502 -643
503 -391
504 -35
505 -341
506 -139
507 -23
508 -33
509 -202
510 -438
511 -33
512 -23
513 -33
514 -47
515 -520
516 -48
517 -60
518 -126
519 -59
520 -35
521 -93
522 -113
523 -33
524 -14
525 -35
526 -35
527 -23
528 -23
529 -230
530 -143
531 -275
532 -35
533 -33
534 -237
535 -68
536 -35
537 -73
538 -53
539 -23
540 -90
541 -23
542 -62
543 -33
544 -156
545 -272
546 -94
547 -630
548 -35
549 -162
550 -23
551 -179
552 -142
553 -35
554 -372
555 -23
556 -33
557 -395
558 -35
559 -35
560 -8
561 -33
562 -35
563 -36
564 -35
565 -71
566 -23
567 -74
568 -299
569 -23
570 -66
571 -269
572 -23
573 -33
574 -381
575 -23
576 -78
577 -155
578 -42
579 -255
580 -35
581 -28
582 -214
583 -554
584 -233
585 -33
586 -251
587 -35
588 -23
589 -33
590 -38
591 -35
592 -82
593 -140
594 -150
595 -96
596 -110
597 -331
598 -219
599 -249
600 -552
601 -125
602 -103
603 -33
604 -33
605 -253
606 -33
607 -35
608 -33
609 -42
610 -33
611 -141
612 -12
613 -308
614 -42
615 -385
616 -30
617 -35
618 -182
619 -75
620 -341
621 -157
622 -33
623 -43
624 -151
625 -534
626 -47
627 -35
628 -264
629 -197
630 -46
631 -422
632 -23
633 -61
634 -40
635 -574
636 -45
637 -35
638 -35
639 -505
640 -33
641 -119
642 -23
643 -61
644 -518
645 -165
646 -967
647 -88
648 -54
649 -204
650 -23
651 -315
652 -35
653 -23
654 -23
655 -35
656 -17
657 -35
658 -114
659 -480
660 -23
661 -146
662 -72
663 -33
664 -274
665 -402
666 -33
667 -234
668 -501
669 -33
670 -124
671 -95
672 -33
673 -33
674 -35
675 -23
676 -23
677 -23
678 -35
679 -68
680 -52
681 -215
682 -382
683 -23
684 -64
685 -234
686 -33
687 -91
688 -94
689 -301
690 -749
691 -142
692 -34
693 -143
694 -66
695 -35
696 -326
697 -83
698 -23
699 -35
700 -262
701 -23
702 -413
703 -33
704 -300
705 -49
706 -85
707 -50
708 -324
709 -33
710 -23
711 -183
712 -233
713 -478
714 -33
715 -33
716 -23
717 -33
718 -47
719 -48
720 -35
721 -95
722 -33
723 -23
724 -253
725 -138
726 -314
727 -56
728 -33
729 -35
730 -35
731 -378
732 -171
733 -17
734 -190
735 -76
736 -40
737 -33
738 -602
739 -78
740 -223
741 -438
742 -109
743 -23
744 -35
745 -3981
746 -52
747 -173
748 -35
749 -23
750 -176
751 -35
752 -66
753 -169
754 -33
755 -33
756 -33
757 -33
758 -351
759 -184
760 -23
761 -23
762 -305
763 -192
764 -333
765 -25
766 -23
767 -182
768 -35
769 -23
770 -33
771 -52
772 -103
773 -23
774 -139
775 -23
776 -165
777 -23
778 -66
779 -15
780 -155
781 -33
782 -557
783 -270
784 -34
785 -23
786 -288
787 -128
788 -2488
789 -637
790 -156
791 -35
792 -187
793 -122
794 -35
795 -245
796 -238
797 -35
798 -142
799 -205
800 -312
801 -250
802 -35
803 -65
804 -33
805 -35
806 -35
807 -35
808 -35
809 -193
810 -33
811 -35
812 -23
813 -223
814 -33
815 -35
816 -81
817 -419
818 -33
819 -184
820 -33
821 -23
822 -23
823 -35
824 -35
825 -33
826 -23
827 -141
828 -33
829 -35
830 -47
831 -79
832 -384
833 -45
834 -23
835 -23
836 -380
837 -16
838 -258
839 -33
840 -133
841 -150
842 -90
843 -23
844 -29
845 -71
846 -33
847 -33
848 -340
849 -58
850 -328
851 -23
852 -59
853 -56
854 -369
855 -61
856 -624
857 -297
858 -127
859 -23
860 -35
861 -35
862 -372
863 -97
864 -31
865 -60
866 -203
867 -369
868 -35
869 -77
870 -33
871 -23
872 -67
873 -603
874 -46
875 -95
876 -41
877 -285
878 -96
879 -35
880 -94
881 -23
882 -275
883 -229
884 -25
885 -35
886 -33
887 -314
888 -91
889 -35
890 -35
891 -33
892 -154
893 -166
894 -117
895 -39
896 -112
897 -164
898 -84
899 -155
900 -372
901 -33
902 -23
903 -93
904 -33
905 -35
906 -688
907 -104
908 -244
909 -294
910 -49
911 -23
912 -32
913 -158
914 -678
915 -573
916 -33
917 -33
918 -33
919 -35
920 -39
921 -33
922 -35
923 -517
924 -203
925 -313
926 -33
927 -209
928 -35
929 -220
930 -408
931 -34
932 -19
933 -71
934 -23
935 -32
936 -373
937 -33
938 -33
939 -23
940 -571
941 -158
942 -192
943 -35
944 -102
945 -23
946 -35
947 -23
948 -155
949 -35
950 -97
951 -23
952 -33
953 -664
954 -24
955 -33
956 -35
957 -37
958 -54
959 -40
960 -121
961 -210
962 -78
963 -35
964 -32
965 -30
966 -99
967 -23
968 -38
969 -30
970 -209
971 -765
972 -35
973 -84
974 -43
975 -145
976 -122
977 -33
978 -820
979 -23
980 -240
981 -222
982 -35
983 -510
984 -142
985 -124
986 -23
987 -35
988 -244
989 -32
990 -2339
991 -78
992 -86
993 -75
994 -35
995 -35
996 -35
997 -170
998 -23
999 -110
