0 -38
1 -575
2 -30
3 -104
4 -354
5 -43
6 -185
7 -33
8 -23
9 -41
10 -123
11 -77
12 -299
13 -379
14 -143
15 -1898
16 -47
17 -23
18 -297
19 -392
20 -62
21 -389
22 -83
23 -221
24 -197
25 -33
26 -295
27 -67
28 -512
29 -91
30 -367
31 -345
32 -33
33 -576
34 -322
35 -66
36 -198
37 -128
38 -122
39 -335
40 -79
41 -283
42 -33
43 -101
44 -581
45 -33
46 -414
47 -23
48 -23
49 -71
50 -31
51 -23
52 -84
53 -33
54 -135
55 -118
56 -137
57 -23
58 -332
59 -23
60 -125
61 -23
62 -409
63 -625
64 -279
65 -400
66 -23
67 -208
68 -250
69 -232
70 -461
71 -164
72 -34
73 -33
74 -33
75 -113
76 -252
77 -33
78 -33
79 -50
80 -33
81 -422
82 -201
83 -109
84 -94
85 -73
86 -33
87 -177
88 -490
89 -33
90 -215
91 -442
92 -510
93 -89
94 -110
95 -714
96 -135
97 -244
98 -526
99 -145
100 -28
101 -157
102 -23
103 -33
104 -81
105 -689
106 -33
107 -25
108 -233
109 -545
110 -32
111 -23
112 -174
113 -61
114 -313
115 -65
116 -23
117 -23
118 -33
119 -109
120 -23
121 -30
122 -393
123 -235
124 -73
125 -33
126 -450
127 -501
128 -33
129 -33
130 -23
131 -492
132 -26
133 -85
134 -451
135 -356
136 -33
137 -23
138 -68
139 -917
140 -33
141 -467
142 -28
143 -298
144 -33
145 -69
146 -117
147 -43
148 -69
149 -45
150 -389
151 -343
152 -642
153 -73
154 -33
155 -27
156 -39
157 -33
158 -33
159 -212
160 -47
161 -33
162 -248
163 -330
164 -33
165 -197
166 -52
167 -25
168 -45
169 -23
170 -33
171 -33
172 -51
173 -80
174 -23
175 -23
176 -255
177 -453
178 -261
179 -130
180 -20
181 -23
182 -33
183 -631
184 -101
185 -23
186 -176
187 -33
188 -141
189 -322
190 -609
191 -574
192 -33
193 -38
194 -133
195 -396
196 -103
197 -201
198 -33
199 -10
200 -23
201 -369
202 -212
203 -65
204 -666
205 -31
206 -399
207 -191
208 -269
209 -23
210 -23
211 -23
212 -466
213 -65
214 -189
215 -67
216 -204
217 -67
218 -22
219 -1311
220 -33
221 -230
222 -98
223 -23
224 -248
225 -90
226 -271
227 -33
228 -147
229 -23
230 -39
231 -33
232 -33
233 -23
234 -207
235 -23
236 -23
237 -407
238 -130
239 -79
240 -102
241 -228
242 -43
243 -23
244 -58
245 -157
246 -286
247 -54
248 -390
249 -73
250 -225
251 -28
252 -112
253 -131
254 -70
255 -330
256 -41
257 -261
258 -264
259 -464
260 -234
261 -69
262 -380
263 -33
264 -479
265 -26
266 -23
267 -230
268 -395
269 -23
270 -28
271 -428
272 -543
273 -71
274 -241
275 -239
276 -23
277 -33
278 -33
279 -143
280 -33
281 -30
282 -33
283 -59
284 -23
285 -209
286 -212
287 -33
288 -349
289 -219
290 -33
291 -23
292 -284
293 -259
294 -381
295 -23
296 -106
297 -616
298 -335
299 -23
300 -23
301 -23
302 -34
303 -23
304 -532
305 -42
306 -191
307 -57
308 -34
309 -23
310 -301
311 -24
312 -315
313 -33
314 -302
315 -248
316 -33
317 -162
318 -901
319 -298
320 -33
321 -56
322 -254
323 -283
324 -463
325 -368
326 -187
327 -33
328 -183
329 -154
330 -69
331 -612
332 -33
333 -228
334 -161
335 -282
336 -298
337 -356
338 -33
339 -33
340 -36
341 -103
342 -175
343 -23
344 -23
345 -163
346 -129
347 -140
348 -430
349 -33
350 -423
351 -28
352 -23
353 -106
354 -122
355 -23
356 -441
357 -505
358 -98
359 -95
360 -201
361 -33
362 -117
363 -472
364 -636
365 -33
366 -33
367 -121
368 -482
369 -125
370 -90
371 -49
372 -23
373 -33
374 -24
375 -141
376 -90
377 -71
378 -39
379 -35
380 -33
381 -23
382 -88
383 -33
384 -636
385 -244
386 -33
387 -23
388 -130
389 -89
390 -33
391 -122
392 -33
393 -23
394 -356
395 -59
396 -185
397 -23
398 -54
399 -33
400 -33
401 -56
402 -216
403 -33
404 -55
405 -23
406 -23
407 -23
408 -189
409 -67
410 -717
411 -223
412 -2880
413 -33
414 -155
415 -33
416 -72
417 -372
418 -34
419 -206
420 -264
421 -33
422 -310
423 -23
424 -23
425 -87
426 -220
427 -161
428 -382
429 -27
430 -410
431 -33
432 -27
433 -374
434 -49
435 -93
436 -203
437 -33
438 -68
439 -23
440 -23
441 -92
442 -148
443 -26
444 -147
445 -316
446 -378
447 -23
448 -398
449 -33
450 -165
451 -23
452 -355
453 -123
454 -33
455 -289
456 -85
457 -62
458 -23
459 -33
460 -23
461 -596
462 -81
463 -33
464 -280
465 -23
466 -23
467 -30
468 -66
469 -33
470 -95
471 -23
472 -61
473 -383
474 -222
475 -103
476 -327
477 -178
478 -23
479 -279
480 -300
481 -23
482 -50
483 -419
484 -33
485 -23
486 -246
487 -23
488 -76
489 -591
490 -210
491 -62
492 -39
493 -274
494 -47
495 -408
496 -674
497 -190
498 -219
499 -33
500 -81
501 -520
502 -43
503 -32
504 -129
505 -629
506 -48
507 -33
508 -84
509 -213
510 -33
511 -23
512 -160
513 -71
514 -2002
515 -23
516 -729
517 -33
518 -342
519 -33
520 -379
521 -23
522 -168
523 -33
524 -241
525 -169
526 -127
527 -68
528 -12
529 -498
530 -23
531 -707
532 -79
533 -48
534 -509
535 -242
536 -141
537 -286
538 -33
539 -433
540 -593
541 -94
542 -131
543 -23
544 -70
545 -111
546 -445
547 -238
548 -406
549 -198
550 -73
551 -207
552 -693
553 -960
554 -172
555 -80
556 -33
557 -42
558 -586
559 -33
560 -60
561 -280
562 -421
563 -23
564 -541
565 -158
566 -101
567 -23
568 -33
569 -33
570 -152
571 -102
572 -23
573 -23
574 -56
575 -638
576 -33
577 -23
578 -90
579 -288
580 -33
581 -287
582 -172
583 -427
584 -389
585 -33
586 -79
587 -33
588 -405
589 -614
590 -77
591 -86
592 -27
593 -23
594 -23
595 -492
596 -128
597 -147
598 -280
599 -33
600 -302
601 -202
602 -246
603 -33
604 -263
605 -23
606 -25
607 -375
608 -67
609 -215
610 -195
611 -97
612 -23
613 -67
614 -92
615 -280
616 -353
617 -263
618 -64
619 -439
620 -425
621 -468
622 -32
623 -182
624 -33
625 -149
626 -69
627 -40
628 -33
629 -601
630 -34
631 -96
632 -56
633 -119
634 -23
635 -51
636 -39
637 -32
638 -78
639 -33
640 -30
641 -91
642 -1114
643 -23
644 -378
645 -33
646 -34
647 -162
648 -33
649 -23
650 -33
651 -33
652 -354
653 -104
654 -444
655 -413
656 -213
657 -23
658 -125
659 -107
660 -842
661 -145
662 -95
663 -131
664 -157
665 -23
666 -670
667 -168
668 -33
669 -24
670 -407
671 -93
672 -169
673 -111
674 -148
675 -33
676 -915
677 -33
678 -942
679 -23
680 -58
681 -23
682 -131
683 -285
684 -384
685 -231
686 -23
687 -392
688 -24
689 -23
690 -152
691 -111
692 -250
693 -695
694 -33
695 -23
696 -33
697 -23
698 -279
699 -342
700 -239
701 -151
702 -146
703 -33
704 -23
705 -48
706 -240
707 -31
708 -68
709 -56
710 -23
711 -34
712 -84
713 -332
714 -33
715 -253
716 -34
717 -224
718 -418
719 -23
720 -35
721 -117
722 -1113
723 -118
724 -106
725 -461
726 -86
727 -33
728 -279
729 -491
730 -36
731 -722
732 -146
733 -60
734 -501
735 -27
736 -54
737 -81
738 -33
739 -197
740 -54
741 -789
742 -73
743 -37
744 -341
745 -249
746 -33
747 -214
748 -23
749 -201
750 -590
751 -33
752 -15
753 -23
754 -555
755 -128
756 -167
757 -23
758 -33
759 -198
760 -45
761 -225
762 -23
763 -33
764 -188
765 -644
766 -72
767 -254
768 -168
769 -157
770 -33
771 -186
772 -18
773 -23
774 -41
775 -257
776 -725
777 -33
778 -33
779 -105
780 -509
781 -204
782 -23
783 -580
784 -316
785 -182
786 -23
787 -153
788 -23
789 -19
790 -348
791 -208
792 -22
793 -590
794 -33
795 -23
796 -335
797 -843
798 -23
799 -23
800 -1043
801 -266
802 -377
803 -33
804 -878
805 -48
806 -23
807 -511
808 -22
809 -33
810 -23
811 -85
812 -33
813 -23
814 -135
815 -33
816 -64
817 -110
818 -93
819 -81
820 -75
821 -164
822 -162
823 -180
824 -60
825 -23
826 -79
827 -301
828 -33
829 -79
830 -83
831 -49
832 -87
833 -90
834 -8
835 -365
836 -296
837 -29
838 -919
839 -733
840 -261
841 -93
842 -111
843 -23
844 -335
845 -326
846 -42
847 -46
848 -128
849 -56
850 -33
851 -407
852 -177
853 -457
854 -72
855 -23
856 -217
857 -40
858 -293
859 -935
860 -166
861 -982
862 -357
863 -703
864 -33
865 -33
866 -265
867 -529
868 -33
869 -33
870 -337
871 -58
872 -23
873 -231
874 -31
875 -121
876 -62
877 -396
878 -33
879 -23
880 -208
881 -190
882 -33
883 -33
884 -157
885 -34
886 -239
887 -255
888 -366
889 -90
890 -148
891 -189
892 -33
893 -23
894 -78
895 -435
896 -37
897 -127
898 -269
899 -541
900 -23
901 -125
902 -71
903 -33
904 -33
905 -431
906 -23
907 -373
908 -438
909 -185
910 -99
911 -33
912 -293
913 -113
914 -511
915 -33
916 -109
917 -140
918 -168
919 -518
920 -168
921 -33
922 -166
923 -242
924 -23
925 -42
926 -120
927 -76
928 -386
929 -246
930 -541
931 -238
932 -599
933 -23
934 -115
935 -556
936 -510
937 -171
938 -415
939 -201
940 -88
941 -117
942 -33
943 -42
944 -23
945 -36
946 -23
947 -180
948 -33
949 -373
950 -23
951 -405
952 -250
953 -23
954 -37
955 -131
956 -188
957 -165
958 -156
959 -33
960 -527
961 -395
962 -91
963 -33
964 -365
965 -23
966 -23
967 -358
968 -120
969 -131
970 -228
971 -33
972 -110
973 -243
974 -947
975 -99
976 -76
977 -414
978 -16
979 -76
980 -190
981 -23
982 -41
983 -40
984 -223
985 -33
986 -111
987 -33
988 -97
989 -29
990 -146
991 -467
992 -26
993 -92
994 -154
995 -41
996 -15
997 -33
998 -23
999 -29
