0 -144
1 -96
2 -33
3 -33
4 -33
5 -72
6 -35
7 -33
8 -35
9 -665
10 -33
11 -35
12 -1361
13 -33
14 -199
15 -33
16 -222
17 -28
18 -35
19 -33
20 -31
21 -229
22 -78
23 -1565
24 -54
25 -22
26 -35
27 -140
28 -33
29 -22
30 -281
31 -262
32 -35
33 -35
34 -35
35 -22
36 -102
37 -35
38 -22
39 -22
40 -37
41 -22
42 -82
43 -67
44 -86
45 -22
46 -83
47 -323
48 -170
49 -59
50 -30
51 -138
52 -296
53 -497
54 -125
55 -360
56 -35
57 -35
58 -45
59 -33
60 -35
61 -484
62 -22
63 -102
64 -22
65 -35
66 -35
67 -737
68 -33
69 -150
70 -57
71 -118
72 -22
73 -39
74 -147
75 -244
76 -99
77 -22
78 -261
79 -170
80 -945
81 -44
82 -252
83 -45
84 -63
85 -603
86 -22
87 -22
88 -188
89 -35
90 -76
91 -35
92 -239
93 -2709
94 -2492
95 -33
96 -55
97 -22
98 -36
99 -44
100 -22
101 -33
102 -229
103 -253
104 -64
105 -284
106 -158
107 -22
108 -35
109 -35
110 -22
111 -462
112 -146
113 -145
114 -35
115 -35
116 -78
117 -1266
118 -22
119 -447
120 -2590
121 -136
122 -33
123 -29
124 -22
125 -94
126 -389
127 -385
128 -33
129 -96
130 -294
131 -22
132 -22
133 -352
134 -269
135 -23
136 -308
137 -35
138 -202
139 -35
140 -64
141 -115
142 -35
143 -128
144 -22
145 -22
146 -22
147 -22
148 -148
149 -174
150 -3475
151 -22
152 -35
153 -142
154 -130
155 -64
156 -214
157 -229
158 -22
159 -35
160 -221
161 -156
162 -22
163 -22
164 -33
165 -193
166 -215
167 -62
168 -48
169 -5756
170 -153
171 -53
172 -46
173 -30
174 -34
175 -35
176 -138
177 -22
178 -37
179 -370
180 -35
181 -28
182 -518
183 -473
184 -2290
185 -192
186 -377
187 -35
188 -33
189 -13
190 -342
191 -98
192 -22
193 -22
194 -38
195 -188
196 -46
197 -22
198 -138
199 -146
200 -108
201 -384
202 -417
203 -257
204 -3134
205 -22
206 -35
207 -403
208 -35
209 -35
210 -112
211 -257
212 -22
213 -178
214 -421
215 -258
216 -22
217 -35
218 -1239
219 -35
220 -370
221 -112
222 -33
223 -35
224 -424
225 -280
226 -109
227 -134
228 -210
229 -22
230 -56
231 -33
232 -251
233 -158
234 -22
235 -226
236 -585
237 -35
238 -362
239 -33
240 -22
241 -254
242 -41
243 -22
244 -40
245 -19
246 -35
247 -261
248 -35
249 -89
250 -554
251 -32
252 -33
253 -67
254 -35
255 -89
256 -72
257 -262
258 -35
259 -55
260 -33
261 -85
262 -35
263 -22
264 -22
265 -22
266 -76
267 -22
268 -82
269 -177
270 -40
271 -33
272 -1039
273 -33
274 -20
275 -179
276 -35
277 -562
278 -212
279 -22
280 -120
281 -1871
282 -22
283 -60
284 -101
285 -54
286 -169
287 -33
288 -23
289 -173
290 -22
291 -107
292 -344
293 -33
294 -33
295 -47
296 -216
297 -35
298 -151
299 -58
300 -199
301 -124
302 -24
303 -60
304 -22
305 -98
306 -509
307 -97
308 -445
309 -22
310 -166
311 -491
312 -210
313 -33
314 -117
315 -225
316 -22
317 -224
318 -256
319 -14
320 -31
321 -22
322 -33
323 -110
324 -65
325 -288
326 -58
327 -33
328 -326
329 -22
330 -33
331 -219
332 -255
333 -33
334 -22
335 -141
336 -48
337 -35
338 -35
339 -306
340 -35
341 -444
342 -22
343 -35
344 -22
345 -87
346 -33
347 -91
348 -49
349 -33
350 -54
351 -150
352 -1233
353 -122
354 -33
355 -22
356 -22
357 -241
358 -33
359 -35
360 -417
361 -548
362 -22
363 -35
364 -33
365 -267
366 -71
367 -159
368 -75
369 -35
370 -17
371 -35
372 -35
373 -22
374 -22
375 -22
376 -22
377 -33
378 -82
379 -33
380 -33
381 -22
382 -1597
383 -143
384 -119
385 -110
386 -22
387 -128
388 -22
389 -213
390 -208
391 -193
392 -402
393 -33
394 -33
395 -220
396 -146
397 -22
398 -405
399 -14
400 -118
401 -162
402 -172
403 -22
404 -33
405 -97
406 -27
407 -22
408 -24
409 -1673
410 -468
411 -35
412 -35
413 -2956
414 -289
415 -196
416 -35
417 -22
418 -47
419 -286
420 -35
421 -399
422 -144
423 -213
424 -33
425 -33
426 -33
427 -454
428 -96
429 -100
430 -199
431 -41
432 -30
433 -109
434 -132
435 -209
436 -22
437 -14
438 -138
439 -22
440 -33
441 -43
442 -33
443 -35
444 -33
445 -180
446 -476
447 -33
448 -81
449 -33
450 -418
451 -27
452 -56
453 -181
454 -22
455 -122
456 -336
457 -22
458 -67
459 -33
460 -33
461 -171
462 -30
463 -1282
464 -87
465 -27
466 -33
467 -35
468 -22
469 -175
470 -82
471 -35
472 -61
473 -22
474 -42
475 -98
476 -35
477 -71
478 -42
479 -22
480 -249
481 -183
482 -294
483 -35
484 -33
485 -888
486 -197
487 -77
488 -22
489 -33
490 -22
491 -134
492 -439
493 -22
494 -15
495 -180
496 -35
497 -33
498 -390
499 -55
500 -136
501 -22
502 -35
503 -35
504 -118
505 -393
506 -22
507 -474
508 -22
509 -35
510 -146
511 -172
512 -35
513 -33
514 -470
515 -85
516 -33
517 -33
518 -121
519 -22
520 -81
521 -56
522 -27
523 -35
524 -241
525 -187
526 -133
527 -362
528 -33
529 -22
530 -35
531 -424
532 -22
533 -35
534 -271
535 -41
536 -195
537 -106
538 -29
539 -199
540 -456
541 -165
542 -22
543 -33
544 -101
545 -144
546 -124
547 -35
548 -460
549 -42
550 -35
551 -37
552 -899
553 -33
554 -946
555 -375
556 -35
557 -64
558 -127
559 -35
560 -22
561 -43
562 -22
563 -165
564 -35
565 -110
566 -22
567 -35
568 -36
569 -552
570 -22
571 -24
572 -223
573 -170
574 -33
575 -125
576 -54
577 -638
578 -37
579 -135
580 -33
581 -33
582 -35
583 -33
584 -34
585 -99
586 -43
587 -391
588 -290
589 -111
590 -88
591 -162
592 -105
593 -50
594 -169
595 -472
596 -35
597 -237
598 -35
599 -250
600 -205
601 -35
602 -22
603 -157
604 -35
605 -138
606 -35
607 -191
608 -360
609 -566
610 -22
611 -56
612 -22
613 -22
614 -110
615 -338
616 -253
617 -42
618 -33
619 -35
620 -33
621 -33
622 -22
623 -78
624 -629
625 -73
626 -102
627 -42
628 -35
629 -152
630 -34
631 -33
632 -22
633 -35
634 -35
635 -35
636 -32
637 -62
638 -22
639 -33
640 -35
641 -121
642 -349
643 -570
644 -35
645 -241
646 -45
647 -306
648 -463
649 -195
650 -53
651 -22
652 -35
653 -325
654 -245
655 -74
656 -83
657 -33
658 -35
659 -39
660 -177
661 -35
662 -122
663 -432
664 -136
665 -98
666 -22
667 -51
668 -235
669 -35
670 -24
671 -22
672 -76
673 -35
674 -33
675 -35
676 -440
677 -33
678 -33
679 -93
680 -434
681 -150
682 -290
683 -35
684 -35
685 -94
686 -130
687 -199
688 -58
689 -860
690 -33
691 -22
692 -443
693 -23
694 -887
695 -27
696 -22
697 -156
698 -85
699 -22
700 -443
701 -134
702 -33
703 -402
704 -33
705 -120
706 -25
707 -22
708 -328
709 -45
710 -294
711 -101
712 -534
713 -177
714 -33
715 -33
716 -33
717 -275
718 -46
719 -126
720 -22
721 -22
722 -22
723 -62
724 -35
725 -35
726 -191
727 -52
728 -616
729 -33
730 -739
731 -652
732 -35
733 -123
734 -307
735 -223
736 -33
737 -342
738 -22
739 -157
740 -22
741 -94
742 -238
743 -22
744 -82
745 -35
746 -35
747 -33
748 -40
749 -33
750 -196
751 -232
752 -35
753 -105
754 -22
755 -90
756 -388
757 -232
758 -35
759 -95
760 -137
761 -171
762 -35
763 -263
764 -35
765 -337
766 -140
767 -34
768 -1147
769 -35
770 -33
771 -35
772 -22
773 -239
774 -35
775 -45
776 -22
777 -127
778 -22
779 -363
780 -22
781 -42
782 -35
783 -35
784 -79
785 -186
786 -326
787 -287
788 -816
789 -35
790 -66
791 -31
792 -153
793 -267
794 -85
795 -525
796 -289
797 -33
798 -33
799 -35
800 -64
801 -147
802 -35
803 -261
804 -33
805 -35
806 -192
807 -187
808 -437
809 -33
810 -22
811 -178
812 -22
813 -22
814 -35
815 -208
816 -430
817 -53
818 -189
819 -33
820 -22
821 -33
822 -47
823 -211
824 -33
825 -22
826 -466
827 -574
828 -33
829 -195
830 -22
831 -240
832 -357
833 -56
834 -99
835 -92
836 -35
837 -31
838 -1160
839 -22
840 -142
841 -82
842 -33
843 -191
844 -270
845 -96
846 -402
847 -152
848 -82
849 -22
850 -315
851 -193
852 -238
853 -215
854 -77
855 -127
856 -42
857 -257
858 -157
859 -238
860 -46
861 -35
862 -22
863 -26
864 -126
865 -195
866 -711
867 -35
868 -35
869 -515
870 -96
871 -33
872 -121
873 -241
874 -33
875 -35
876 -112
877 -119
878 -22
879 -496
880 -480
881 -198
882 -22
883 -22
884 -35
885 -117
886 -33
887 -280
888 -35
889 -363
890 -70
891 -43
892 -48
893 -114
894 -22
895 -22
896 -258
897 -326
898 -22
899 -16
900 -35
901 -257
902 -33
903 -22
904 -35
905 -135
906 -63
907 -35
908 -117
909 -86
910 -23
911 -35
912 -202
913 -100
914 -33
915 -340
916 -74
917 -160
918 -347
919 -35
920 -106
921 -35
922 -22
923 -35
924 -77
925 -33
926 -122
927 -35
928 -22
929 -35
930 -26
931 -22
932 -35
933 -33
934 -670
935 -33
936 -57
937 -33
938 -35
939 -66
940 -165
941 -22
942 -33
943 -93
944 -22
945 -35
946 -120
947 -35
948 -57
949 -92
950 -33
951 -2628
952 -294
953 -33
954 -545
955 -94
956 -35
957 -90
958 -290
959 -229
960 -22
961 -22
962 -33
963 -2119
964 -277
965 -35
966 -22
967 -22
968 -240
969 -123
970 -35
971 -35
972 -241
973 -449
974 -22
975 -101
976 -656
977 -52
978 -35
979 -1574
980 -22
981 -357
982 -33
983 -33
984 -1261
985 -40
986 -29
987 -153
988 -33
989 -3628
990 -193
991 -33
992 -35
993 -33
994 -35
995 -35
996 -300
997 -230
998 -22
999 -22
