0 -23
1 -23
2 -33
3 -249
4 -35
5 -23
6 -227
7 -23
8 -37
9 -95
10 -33
11 -81
12 -501
13 -293
14 -23
15 -23
16 -35
17 -87
18 -21
19 -61
20 -425
21 -23
22 -33
23 -323
24 -23
25 -35
26 -672
27 -277
28 -27
29 -23
30 -35
31 -33
32 -23
33 -928
34 -33
35 -23
36 -54
37 -35
38 -88
39 -33
40 -496
41 -35
42 -35
43 -161
44 -371
45 -33
46 -33
47 -23
48 -139
49 -164
50 -155
51 -93
52 -153
53 -23
54 -33
55 -23
56 -33
57 -35
58 -180
59 -229
60 -35
61 -43
62 -171
63 -177
64 -337
65 -246
66 -28
67 -662
68 -33
69 -63
70 -35
71 -23
72 -33
73 -68
74 -23
75 -58
76 -72
77 -286
78 -141
79 -39
80 -170
81 -17
82 -64
83 -23
84 -78
85 -44
86 -172
87 -122
88 -33
89 -23
90 -33
91 -31
92 -23
93 -23
94 -23
95 -73
96 -35
97 -33
98 -577
99 -178
100 -223
101 -235
102 -351
103 -672
104 -35
105 -21
106 -544
107 -43
108 -33
109 -183
110 -154
111 -9
112 -32
113 -33
114 -113
115 -74
116 -23
117 -35
118 -35
119 -24
120 -33
121 -79
122 -614
123 -23
124 -539
125 -265
126 -31
127 -28
128 -74
129 -33
130 -23
131 -35
132 -35
133 -33
134 -35
135 -35
136 -72
137 -161
138 -33
139 -33
140 -35
141 -27
142 -253
143 -46
144 -35
145 -33
146 -35
147 -23
148 -390
149 -165
150 -24
151 -163
152 -63
153 -35
154 -831
155 -23
156 -150
157 -31
158 -34
159 -33
160 -321
161 -188
162 -23
163 -107
164 -35
165 -12
166 -33
167 -140
168 -33
169 -33
170 -33
171 -271
172 -264
173 -23
174 -33
175 -106
176 -200
177 -80
178 -129
179 -155
180 -23
181 -33
182 -70
183 -33
184 -33
185 -745
186 -41
187 -176
188 -469
189 -38
190 -35
191 -33
192 -35
193 -36
194 -38
195 -23
196 -35
197 -33
198 -97
199 -35
200 -35
201 -353
202 -264
203 -33
204 -29
205 -126
206 -177
207 -111
208 -156
209 -102
210 -33
211 -607
212 -306
213 -269
214 -390
215 -73
216 -117
217 -23
218 -58
219 -182
220 -33
221 -48
222 -33
223 -279
224 -94
225 -58
226 -36
227 -62
228 -65
229 -444
230 -369
231 -430
232 -23
233 -78
234 -66
235 -33
236 -242
237 -33
238 -61
239 -47
240 -573
241 -152
242 -35
243 -286
244 -66
245 -59
246 -35
247 -44
248 -35
249 -23
250 -23
251 -178
252 -545
253 -106
254 -35
255 -143
256 -1297
257 -77
258 -281
259 -202
260 -305
261 -46
262 -927
263 -60
264 -33
265 -36
266 -109
267 -23
268 -35
269 -64
270 -35
271 -28
272 -23
273 -35
274 -23
275 -33
276 -397
277 -97
278 -33
279 -33
280 -23
281 -390
282 -132
283 -33
284 -33
285 -35
286 -332
287 -33
288 -19
289 -106
290 -26
291 -23
292 -142
293 -35
294 -10
295 -33
296 -36
297 -35
298 -23
299 -23
300 -208
301 -33
302 -602
303 -33
304 -33
305 -411
306 -387
307 -23
308 -33
309 -33
310 -35
311 -35
312 -284
313 -35
314 -178
315 -35
316 -77
317 -23
318 -59
319 -33
320 -383
321 -35
322 -250
323 -135
324 -33
325 -39
326 -35
327 -289
328 -592
329 -440
330 -90
331 -35
332 -32
333 -70
334 -167
335 -262
336 -250
337 -126
338 -33
339 -95
340 -52
341 -328
342 -23
343 -35
344 -40
345 -26
346 -177
347 -259
348 -33
349 -129
350 -35
351 -497
352 -34
353 -172
354 -33
355 -23
356 -33
357 -23
358 -160
359 -23
360 -419
361 -23
362 -55
363 -756
364 -139
365 -243
366 -524
367 -51
368 -23
369 -265
370 -147
371 -35
372 -35
373 -23
374 -35
375 -54
376 -23
377 -382
378 -23
379 -133
380 -36
381 -40
382 -284
383 -35
384 -35
385 -35
386 -33
387 -350
388 -197
389 -110
390 -21
391 -137
392 -37
393 -66
394 -107
395 -23
396 -438
397 -376
398 -225
399 -72
400 -33
401 -33
402 -591
403 -150
404 -33
405 -35
406 -33
407 -111
408 -52
409 -35
410 -33
411 -39
412 -419
413 -87
414 -23
415 -33
416 -35
417 -23
418 -144
419 -35
420 -176
421 -35
422 -35
423 -23
424 -122
425 -179
426 -486
427 -33
428 -23
429 -26
430 -81
431 -23
432 -985
433 -39
434 -134
435 -33
436 -33
437 -167
438 -329
439 -456
440 -192
441 -33
442 -23
443 -106
444 -23
445 -92
446 -23
447 -174
448 -176
449 -39
450 -64
451 -35
452 -23
453 -475
454 -195
455 -23
456 -89
457 -33
458 -103
459 -23
460 -73
461 -66
462 -271
463 -23
464 -111
465 -35
466 -24
467 -473
468 -35
469 -468
470 -23
471 -391
472 -35
473 -735
474 -39
475 -35
476 -137
477 -23
478 -23
479 -191
480 -23
481 -1026
482 -338
483 -44
484 -33
485 -156
486 -33
487 -326
488 -94
489 -458
490 -23
491 -336
492 -54
493 -128
494 -33
495 -33
496 -37
497 -33
498 -33
499 -162
500 -185
501 -209
502 -35
503 -39
504 -35
505 -33
506 -256
507 -35
508 -23
509 -33
510 -50
511 -33
512 -23
513 -325
514 -39
515 -98
516 -51
517 -33
518 -23
519 -33
520 -401
521 -35
522 -84
523 -33
524 -23
525 -33
526 -320
527 -38
528 -193
529 -35
530 -33
531 -192
532 -179
533 -23
534 -35
535 -33
536 -119
537 -35
538 -33
539 -39
540 -35
541 -161
542 -47
543 -23
544 -86
545 -33
546 -187
547 -35
548 -184
549 -177
550 -33
551 -35
552 -200
553 -33
554 -23
555 -56
556 -23
557 -271
558 -53
559 -214
560 -282
561 -99
562 -140
563 -23
564 -35
565 -86
566 -33
567 -514
568 -23
569 -88
570 -96
571 -47
572 -32
573 -202
574 -35
575 -342
576 -423
577 -36
578 -74
579 -35
580 -35
581 -664
582 -35
583 -60
584 -35
585 -35
586 -139
587 -35
588 -23
589 -158
590 -33
591 -40
592 -33
593 -132
594 -349
595 -35
596 -35
597 -166
598 -35
599 -396
600 -629
601 -29
602 -35
603 -171
604 -33
605 -34
606 -138
607 -381
608 -23
609 -33
610 -57
611 -328
612 -338
613 -33
614 -35
615 -35
616 -62
617 -446
618 -114
619 -9
620 -185
621 -742
622 -23
623 -394
624 -413
625 -185
626 -35
627 -33
628 -380
629 -33
630 -155
631 -33
632 -23
633 -108
634 -427
635 -23
636 -178
637 -23
638 -23
639 -574
640 -23
641 -116
642 -128
643 -35
644 -33
645 -165
646 -33
647 -235
648 -114
649 -23
650 -208
651 -297
652 -33
653 -222
654 -102
655 -33
656 -132
657 -35
658 -43
659 -24
660 -23
661 -23
662 -177
663 -23
664 -33
665 -140
666 -208
667 -23
668 -33
669 -33
670 -61
671 -102
672 -685
673 -476
674 -92
675 -159
676 -149
677 -33
678 -114
679 -426
680 -23
681 -211
682 -99
683 -97
684 -64
685 -169
686 -23
687 -23
688 -35
689 -282
690 -328
691 -655
692 -54
693 -61
694 -253
695 -34
696 -41
697 -54
698 -33
699 -1425
700 -24
701 -23
702 -271
703 -320
704 -161
705 -195
706 -1167
707 -650
708 -288
709 -121
710 -354
711 -138
712 -33
713 -35
714 -575
715 -401
716 -69
717 -74
718 -33
719 -35
720 -41
721 -23
722 -23
723 -35
724 -388
725 -41
726 -24
727 -23
728 -33
729 -77
730 -342
731 -187
732 -33
733 -128
734 -731
735 -113
736 -33
737 -35
738 -23
739 -72
740 -401
741 -149
742 -112
743 -33
744 -64
745 -61
746 -120
747 -1401
748 -325
749 -482
750 -84
751 -251
752 -33
753 -34
754 -23
755 -220
756 -338
757 -489
758 -23
759 -23
760 -35
761 -883
762 -1213
763 -48
764 -35
765 -458
766 -134
767 -138
768 -40
769 -291
770 -23
771 -257
772 -31
773 -224
774 -106
775 -23
776 -33
777 -35
778 -106
779 -23
780 -23
781 -23
782 -235
783 -35
784 -40
785 -35
786 -92
787 -652
788 -39
789 -184
790 -35
791 -39
792 -23
793 -210
794 -23
795 -349
796 -220
797 -33
798 -35
799 -286
800 -35
801 -180
802 -35
803 -338
804 -43
805 -127
806 -33
807 -33
808 -33
809 -35
810 -33
811 -33
812 -23
813 -35
814 -404
815 -35
816 -80
817 -45
818 -35
819 -23
820 -33
821 -219
822 -23
823 -116
824 -127
825 -82
826 -423
827 -487
828 -235
829 -33
830 -139
831 -140
832 -35
833 -33
834 -99
835 -120
836 -23
837 -33
838 -115
839 -23
840 -676
841 -35
842 -29
843 -23
844 -51
845 -293
846 -195
847 -23
848 -32
849 -199
850 -253
851 -633
852 -161
853 -23
854 -246
855 -23
856 -263
857 -37
858 -347
859 -23
860 -247
861 -52
862 -163
863 -33
864 -33
865 -260
866 -23
867 -117
868 -23
869 -35
870 -209
871 -213
872 -33
873 -33
874 -489
875 -72
876 -33
877 -23
878 -85
879 -47
880 -33
881 -412
882 -72
883 -33
884 -31
885 -162
886 -23
887 -314
888 -18
889 -379
890 -160
891 -90
892 -23
893 -35
894 -49
895 -148
896 -33
897 -54
898 -35
899 -45
900 -23
901 -34
902 -370
903 -178
904 -23
905 -138
906 -33
907 -646
908 -33
909 -23
910 -203
911 -23
912 -263
913 -336
914 -198
915 -60
916 -35
917 -35
918 -23
919 -358
920 -193
921 -35
922 -58
923 -323
924 -35
925 -403
926 -178
927 -35
928 -79
929 -35
930 -33
931 -35
932 -132
933 -500
934 -69
935 -23
936 -33
937 -96
938 -500
939 -33
940 -23
941 -155
942 -33
943 -490
944 -71
945 -35
946 -33
947 -210
948 -35
949 -23
950 -35
951 -23
952 -33
953 -357
954 -154
955 -219
956 -241
957 -132
958 -218
959 -229
960 -572
961 -198
962 -35
963 -155
964 -280
965 -23
966 -33
967 -33
968 -1001
969 -23
970 -113
971 -33
972 -167
973 -145
974 -33
975 -33
976 -35
977 -39
978 -233
979 -35
980 -55
981 -354
982 -34
983 -9
984 -141
985 -33
986 -121
987 -136
988 -35
989 -23
990 -23
991 -125
992 -104
993 -33
994 -35
995 -35
996 -27
997 -394
998 -65
999 -33
