0 -14
1 -124
2 -118
3 -261
4 -23
5 -35
6 -574
7 -826
8 -35
9 -147
10 -35
11 -23
12 -35
13 -73
14 -209
15 -35
16 -33
17 -23
18 -177
19 -85
20 -33
21 -33
22 -77
23 -144
24 -89
25 -33
26 -23
27 -83
28 -33
29 -23
30 -33
31 -23
32 -23
33 -35
34 -35
35 -308
36 -166
37 -70
38 -577
39 -453
40 -78
41 -33
42 -211
43 -318
44 -198
45 -35
46 -33
47 -29
48 -23
49 -35
50 -19
51 -23
52 -33
53 -33
54 -33
55 -301
56 -23
57 -33
58 -20
59 -61
60 -33
61 -35
62 -23
63 -377
64 -114
65 -57
66 -24
67 -383
68 -78
69 -241
70 -349
71 -23
72 -23
73 -33
74 -35
75 -246
76 -129
77 -33
78 -35
79 -539
80 -84
81 -399
82 -332
83 -349
84 -384
85 -23
86 -115
87 -35
88 -133
89 -145
90 -240
91 -364
92 -321
93 -79
94 -212
95 -342
96 -35
97 -132
98 -33
99 -23
100 -457
101 -111
102 -33
103 -35
104 -200
105 -449
106 -35
107 -33
108 -65
109 -23
110 -33
111 -114
112 -492
113 -33
114 -39
115 -40
116 -12
117 -190
118 -17
119 -23
120 -23
121 -33
122 -19
123 -225
124 -53
125 -158
126 -33
127 -231
128 -74
129 -271
130 -900
131 -35
132 -35
133 -587
134 -33
135 -528
136 -32
137 -455
138 -769
139 -23
140 -35
141 -35
142 -212
143 -377
144 -35
145 -35
146 -430
147 -510
148 -33
149 -33
150 -35
151 -299
152 -106
153 -400
154 -45
155 -35
156 -124
157 -88
158 -33
159 -23
160 -33
161 -33
162 -23
163 -249
164 -637
165 -340
166 -35
167 -308
168 -33
169 -167
170 -30
171 -23
172 -33
173 -33
174 -193
175 -136
176 -35
177 -88
178 -450
179 -401
180 -23
181 -320
182 -54
183 -35
184 -45
185 -59
186 -200
187 -23
188 -35
189 -28
190 -351
191 -140
192 -406
193 -34
194 -101
195 -35
196 -33
197 -337
198 -84
199 -70
200 -501
201 -412
202 -33
203 -409
204 -33
205 -33
206 -550
207 -197
208 -33
209 -35
210 -68
211 -33
212 -136
213 -93
214 -443
215 -34
216 -35
217 -231
218 -360
219 -123
220 -63
221 -199
222 -31
223 -162
224 -156
225 -150
226 -33
227 -33
228 -23
229 -22
230 -584
231 -23
232 -23
233 -166
234 -53
235 -35
236 -23
237 -456
238 -30
239 -204
240 -23
241 -25
242 -26
243 -33
244 -1024
245 -63
246 -103
247 -23
248 -23
249 -40
250 -23
251 -166
252 -396
253 -23
254 -810
255 -1937
256 -307
257 -186
258 -23
259 -33
260 -258
261 -84
262 -162
263 -465
264 -33
265 -186
266 -35
267 -33
268 -539
269 -419
270 -175
271 -566
272 -106
273 -542
274 -50
275 -43
276 -145
277 -33
278 -134
279 -305
280 -257
281 -138
282 -113
283 -35
284 -102
285 -35
286 -49
287 -35
288 -263
289 -23
290 -23
291 -82
292 -855
293 -73
294 -60
295 -23
296 -24
297 -23
298 -169
299 -46
300 -54
301 -38
302 -147
303 -446
304 -251
305 -35
306 -33
307 -23
308 -302
309 -35
310 -389
311 -58
312 -815
313 -239
314 -35
315 -258
316 -124
317 -200
318 -242
319 -1868
320 -346
321 -62
322 -33
323 -302
324 -80
325 -33
326 -35
327 -265
328 -55
329 -80
330 -851
331 -407
332 -79
333 -35
334 -145
335 -23
336 -23
337 -33
338 -319
339 -23
340 -117
341 -33
342 -33
343 -104
344 -84
345 -55
346 -35
347 -33
348 -70
349 -177
350 -33
351 -56
352 -33
353 -35
354 -35
355 -54
356 -292
357 -23
358 -67
359 -59
360 -65
361 -33
362 -35
363 -134
364 -23
365 -38
366 -35
367 -33
368 -65
369 -49
370 -144
371 -23
372 -23
373 -223
374 -23
375 -40
376 -35
377 -23
378 -74
379 -33
380 -33
381 -33
382 -36
383 -877
384 -362
385 -130
386 -19
387 -109
388 -88
389 -627
390 -35
391 -37
392 -59
393 -33
394 -499
395 -33
396 -23
397 -1102
398 -23
399 -152
400 -33
401 -134
402 -163
403 -35
404 -217
405 -23
406 -187
407 -23
408 -23
409 -37
410 -33
411 -789
412 -148
413 -23
414 -1280
415 -72
416 -33
417 -43
418 -28
419 -35
420 -33
421 -79
422 -44
423 -33
424 -201
425 -111
426 -23
427 -136
428 -33
429 -182
430 -23
431 -35
432 -23
433 -54
434 -36
435 -29
436 -499
437 -123
438 -44
439 -216
440 -170
441 -126
442 -33
443 -23
444 -23
445 -51
446 -33
447 -35
448 -23
449 -33
450 -286
451 -93
452 -592
453 -23
454 -35
455 -23
456 -105
457 -205
458 -223
459 -142
460 -56
461 -100
462 -205
463 -35
464 -35
465 -23
466 -54
467 -132
468 -33
469 -502
470 -33
471 -281
472 -126
473 -232
474 -23
475 -35
476 -258
477 -82
478 -35
479 -172
480 -37
481 -23
482 -533
483 -35
484 -473
485 -64
486 -286
487 -274
488 -33
489 -33
490 -23
491 -380
492 -72
493 -374
494 -33
495 -277
496 -356
497 -106
498 -35
499 -687
500 -23
501 -35
502 -62
503 -33
504 -69
505 -33
506 -326
507 -180
508 -24
509 -412
510 -1490
511 -23
512 -889
513 -33
514 -220
515 -302
516 -218
517 -164
518 -87
519 -208
520 -133
521 -315
522 -45
523 -36
524 -291
525 -66
526 -172
527 -23
528 -33
529 -35
530 -23
531 -33
532 -23
533 -23
534 -23
535 -266
536 -167
537 -77
538 -151
539 -312
540 -276
541 -36
542 -23
543 -33
544 -123
545 -23
546 -162
547 -83
548 -33
549 -52
550 -326
551 -132
552 -63
553 -35
554 -106
555 -429
556 -35
557 -845
558 -146
559 -35
560 -125
561 -23
562 -318
563 -144
564 -312
565 -23
566 -38
567 -35
568 -35
569 -272
570 -35
571 -23
572 -69
573 -305
574 -148
575 -305
576 -35
577 -35
578 -23
579 -654
580 -552
581 -180
582 -33
583 -33
584 -65
585 -76
586 -27
587 -33
588 -33
589 -77
590 -33
591 -33
592 -76
593 -35
594 -33
595 -33
596 -35
597 -299
598 -454
599 -33
600 -161
601 -41
602 -46
603 -154
604 -123
605 -38
606 -33
607 -53
608 -23
609 -321
610 -35
611 -321
612 -103
613 -550
614 -33
615 -99
616 -23
617 -411
618 -33
619 -69
620 -33
621 -87
622 -65
623 -156
624 -87
625 -23
626 -120
627 -522
628 -35
629 -120
630 -33
631 -35
632 -23
633 -33
634 -18
635 -23
636 -455
637 -81
638 -64
639 -33
640 -35
641 -23
642 -42
643 -23
644 -43
645 -577
646 -23
647 -472
648 -172
649 -316
650 -44
651 -263
652 -35
653 -77
654 -43
655 -80
656 -33
657 -23
658 -53
659 -23
660 -33
661 -35
662 -152
663 -23
664 -23
665 -35
666 -255
667 -128
668 -133
669 -33
670 -161
671 -33
672 -35
673 -35
674 -153
675 -110
676 -86
677 -13
678 -63
679 -35
680 -56
681 -261
682 -1325
683 -23
684 -43
685 -35
686 -586
687 -35
688 -37
689 -174
690 -1876
691 -63
692 -35
693 -82
694 -23
695 -23
696 -23
697 -59
698 -85
699 -71
700 -489
701 -35
702 -459
703 -91
704 -35
705 -23
706 -33
707 -1127
708 -362
709 -33
710 -131
711 -23
712 -297
713 -297
714 -35
715 -33
716 -33
717 -109
718 -210
719 -451
720 -23
721 -23
722 -416
723 -35
724 -23
725 -35
726 -72
727 -27
728 -137
729 -37
730 -35
731 -35
732 -23
733 -33
734 -19
735 -39
736 -33
737 -380
738 -135
739 -50
740 -59
741 -35
742 -96
743 -148
744 -311
745 -35
746 -33
747 -23
748 -40
749 -35
750 -8
751 -767
752 -35
753 -89
754 -154
755 -74
756 -68
757 -478
758 -100
759 -35
760 -23
761 -33
762 -33
763 -207
764 -285
765 -23
766 -35
767 -99
768 -432
769 -84
770 -47
771 -194
772 -33
773 -129
774 -371
775 -268
776 -32
777 -77
778 -35
779 -35
780 -189
781 -35
782 -82
783 -269
784 -35
785 -35
786 -104
787 -35
788 -23
789 -103
790 -56
791 -23
792 -735
793 -149
794 -395
795 -174
796 -76
797 -29
798 -52
799 -23
800 -40
801 -407
802 -23
803 -327
804 -84
805 -192
806 -49
807 -23
808 -33
809 -35
810 -59
811 -102
812 -167
813 -33
814 -35
815 -35
816 -52
817 -243
818 -23
819 -92
820 -245
821 -1003
822 -170
823 -35
824 -204
825 -23
826 -35
827 -34
828 -199
829 -35
830 -350
831 -23
832 -112
833 -23
834 -174
835 -3106
836 -466
837 -84
838 -35
839 -413
840 -35
841 -218
842 -26
843 -261
844 -35
845 -33
846 -521
847 -60
848 -65
849 -508
850 -35
851 -35
852 -35
853 -33
854 -35
855 -173
856 -189
857 -35
858 -146
859 -270
860 -538
861 -153
862 -23
863 -33
864 -150
865 -35
866 -210
867 -35
868 -143
869 -35
870 -171
871 -193
872 -135
873 -35
874 -23
875 -78
876 -165
877 -67
878 -27
879 -93
880 -144
881 -35
882 -154
883 -421
884 -29
885 -262
886 -31
887 -33
888 -35
889 -69
890 -35
891 -23
892 -31
893 -234
894 -93
895 -33
896 -35
897 -35
898 -225
899 -137
900 -35
901 -496
902 -209
903 -146
904 -484
905 -23
906 -33
907 -53
908 -107
909 -33
910 -604
911 -33
912 -35
913 -266
914 -289
915 -23
916 -297
917 -442
918 -40
919 -286
920 -122
921 -33
922 -38
923 -115
924 -47
925 -113
926 -99
927 -527
928 -309
929 -52
930 -363
931 -164
932 -469
933 -35
934 -544
935 -23
936 -33
937 -23
938 -41
939 -230
940 -101
941 -23
942 -35
943 -23
944 -35
945 -665
946 -35
947 -33
948 -33
949 -80
950 -23
951 -26
952 -45
953 -23
954 -270
955 -38
956 -23
957 -35
958 -48
959 -336
960 -35
961 -432
962 -211
963 -65
964 -72
965 -112
966 -27
967 -35
968 -148
969 -32
970 -158
971 -122
972 -23
973 -35
974 -126
975 -195
976 -23
977 -33
978 -773
979 -190
980 -11
981 -62
982 -23
983 -35
984 -90
985 -74
986 -74
987 -39
988 -328
989 -33
990 -91
991 -23
992 -678
993 -33
994 -222
995 -262
996 -23
997 -33
998 -426
999 -42
