0 -164
1 -96
2 -121
3 -37
4 -282
5 -33
6 -50
7 -90
8 -23
9 -157
10 -893
11 -28
12 -97
13 -50
14 -32
15 -23
16 -23
17 -23
18 -1097
19 -264
20 -23
21 -75
22 -35
23 -115
24 -33
25 -216
26 -33
27 -75
28 -33
29 -725
30 -90
31 -34
32 -28
33 -35
34 -77
35 -349
36 -127
37 -477
38 -34
39 -66
40 -224
41 -35
42 -33
43 -23
44 -704
45 -33
46 -35
47 -33
48 -56
49 -23
50 -70
51 -27
52 -35
53 -128
54 -28
55 -23
56 -618
57 -59
58 -65
59 -1030
60 -35
61 -175
62 -33
63 -35
64 -36
65 -321
66 -107
67 -33
68 -585
69 -35
70 -35
71 -68
72 -43
73 -1095
74 -61
75 -405
76 -146
77 -35
78 -33
79 -30
80 -160
81 -47
82 -513
83 -293
84 -209
85 -574
86 -81
87 -23
88 -33
89 -32
90 -83
91 -46
92 -35
93 -33
94 -53
95 -165
96 -65
97 -167
98 -76
99 -145
100 -35
101 -15
102 -191
103 -270
104 -56
105 -121
106 -52
107 -57
108 -35
109 -23
110 -33
111 -327
112 -482
113 -305
114 -377
115 -120
116 -23
117 -94
118 -50
119 -71
120 -33
121 -362
122 -613
123 -214
124 -35
125 -33
126 -270
127 -35
128 -33
129 -33
130 -244
131 -23
132 -33
133 -385
134 -33
135 -2001
136 -35
137 -26
138 -33
139 -257
140 -333
141 -341
142 -35
143 -35
144 -33
145 -93
146 -33
147 -182
148 -36
149 -23
150 -33
151 -23
152 -23
153 -23
154 -35
155 -250
156 -23
157 -23
158 -23
159 -159
160 -107
161 -140
162 -33
163 -246
164 -63
165 -35
166 -74
167 -723
168 -168
169 -35
170 -35
171 -86
172 -222
173 -35
174 -266
175 -57
176 -256
177 -65
178 -180
179 -293
180 -33
181 -28
182 -33
183 -33
184 -143
185 -51
186 -35
187 -76
188 -154
189 -82
190 -23
191 -34
192 -35
193 -85
194 -118
195 -137
196 -23
197 -39
198 -33
199 -389
200 -66
201 -89
202 -75
203 -138
204 -30
205 -446
206 -23
207 -103
208 -327
209 -347
210 -53
211 -173
212 -23
213 -439
214 -42
215 -34
216 -72
217 -63
218 -252
219 -23
220 -319
221 -23
222 -23
223 -35
224 -33
225 -33
226 -23
227 -79
228 -158
229 -54
230 -35
231 -33
232 -23
233 -330
234 -140
235 -35
236 -35
237 -52
238 -33
239 -199
240 -33
241 -35
242 -33
243 -45
244 -33
245 -46
246 -180
247 -35
248 -310
249 -33
250 -61
251 -170
252 -209
253 -35
254 -797
255 -33
256 -35
257 -33
258 -45
259 -599
260 -268
261 -26
262 -27
263 -35
264 -23
265 -50
266 -56
267 -67
268 -17
269 -38
270 -23
271 -999
272 -112
273 -1108
274 -47
275 -35
276 -87
277 -232
278 -23
279 -89
280 -408
281 -23
282 -55
283 -33
284 -716
285 -35
286 -134
287 -58
288 -232
289 -33
290 -108
291 -35
292 -590
293 -33
294 -23
295 -112
296 -35
297 -33
298 -33
299 -142
300 -189
301 -387
302 -35
303 -27
304 -428
305 -218
306 -33
307 -101
308 -35
309 -33
310 -35
311 -296
312 -615
313 -23
314 -33
315 -33
316 -35
317 -471
318 -33
319 -33
320 -23
321 -60
322 -20
323 -35
324 -368
325 -23
326 -184
327 -69
328 -35
329 -23
330 -51
331 -113
332 -342
333 -129
334 -33
335 -179
336 -23
337 -149
338 -60
339 -219
340 -23
341 -35
342 -69
343 -33
344 -70
345 -78
346 -316
347 -35
348 -33
349 -35
350 -354
351 -31
352 -35
353 -54
354 -30
355 -33
356 -23
357 -272
358 -35
359 -30
360 -33
361 -679
362 -337
363 -163
364 -53
365 -345
366 -539
367 -23
368 -507
369 -115
370 -94
371 -61
372 -638
373 -23
374 -264
375 -90
376 -111
377 -23
378 -105
379 -35
380 -33
381 -33
382 -35
383 -90
384 -35
385 -35
386 -33
387 -27
388 -23
389 -132
390 -23
391 -71
392 -457
393 -58
394 -38
395 -23
396 -77
397 -105
398 -241
399 -364
400 -33
401 -277
402 -33
403 -33
404 -283
405 -207
406 -377
407 -57
408 -56
409 -321
410 -256
411 -33
412 -147
413 -33
414 -35
415 -33
416 -33
417 -144
418 -35
419 -53
420 -23
421 -33
422 -154
423 -23
424 -191
425 -143
426 -85
427 -170
428 -33
429 -23
430 -23
431 -290
432 -232
433 -525
434 -98
435 -33
436 -33
437 -58
438 -252
439 -23
440 -35
441 -23
442 -34
443 -118
444 -468
445 -33
446 -121
447 -35
448 -155
449 -151
450 -35
451 -123
452 -55
453 -33
454 -126
455 -65
456 -35
457 -33
458 -162
459 -164
460 -541
461 -213
462 -51
463 -65
464 -365
465 -25
466 -33
467 -23
468 -23
469 -35
470 -35
471 -162
472 -23
473 -393
474 -80
475 -348
476 -110
477 -33
478 -23
479 -35
480 -89
481 -232
482 -307
483 -104
484 -67
485 -95
486 -248
487 -35
488 -96
489 -35
490 -89
491 -326
492 -32
493 -23
494 -23
495 -199
496 -179
497 -253
498 -113
499 -35
500 -201
501 -23
502 -47
503 -35
504 -145
505 -194
506 -69
507 -358
508 -49
509 -142
510 -23
511 -33
512 -35
513 -35
514 -33
515 -184
516 -473
517 -35
518 -465
519 -117
520 -227
521 -52
522 -146
523 -33
524 -69
525 -549
526 -33
527 -23
528 -70
529 -23
530 -169
531 -23
532 -23
533 -434
534 -36
535 -145
536 -352
537 -23
538 -196
539 -35
540 -31
541 -270
542 -95
543 -27
544 -126
545 -435
546 -97
547 -35
548 -926
549 -705
550 -35
551 -343
552 -23
553 -294
554 -121
555 -23
556 -67
557 -691
558 -29
559 -129
560 -357
561 -102
562 -33
563 -55
564 -23
565 -58
566 -33
567 -33
568 -149
569 -40
570 -39
571 -121
572 -65
573 -42
574 -23
575 -23
576 -31
577 -168
578 -125
579 -23
580 -450
581 -97
582 -35
583 -35
584 -119
585 -23
586 -48
587 -54
588 -307
589 -408
590 -33
591 -401
592 -612
593 -23
594 -218
595 -35
596 -849
597 -9
598 -100
599 -33
600 -33
601 -91
602 -91
603 -33
604 -106
605 -33
606 -23
607 -553
608 -309
609 -35
610 -33
611 -33
612 -249
613 -379
614 -123
615 -33
616 -23
617 -115
618 -178
619 -23
620 -199
621 -741
622 -78
623 -33
624 -33
625 -35
626 -128
627 -33
628 -166
629 -23
630 -23
631 -55
632 -23
633 -39
634 -35
635 -33
636 -79
637 -39
638 -186
639 -6297
640 -436
641 -159
642 -33
643 -206
644 -33
645 -118
646 -167
647 -116
648 -35
649 -271
650 -35
651 -23
652 -33
653 -23
654 -37
655 -23
656 -99
657 -209
658 -35
659 -293
660 -23
661 -35
662 -90
663 -23
664 -33
665 -78
666 -23
667 -206
668 -70
669 -256
670 -35
671 -264
672 -603
673 -329
674 -35
675 -23
676 -76
677 -447
678 -96
679 -23
680 -35
681 -50
682 -325
683 -35
684 -169
685 -33
686 -63
687 -33
688 -23
689 -68
690 -129
691 -23
692 -72
693 -106
694 -33
695 -33
696 -35
697 -233
698 -35
699 -33
700 -75
701 -35
702 -134
703 -339
704 -23
705 -23
706 -528
707 -23
708 -226
709 -35
710 -24
711 -41
712 -27
713 -70
714 -23
715 -23
716 -35
717 -471
718 -190
719 -39
720 -32
721 -33
722 -163
723 -192
724 -272
725 -36
726 -140
727 -32
728 -989
729 -95
730 -242
731 -24
732 -23
733 -189
734 -614
735 -298
736 -83
737 -35
738 -23
739 -35
740 -34
741 -208
742 -23
743 -35
744 -297
745 -118
746 -89
747 -234
748 -39
749 -715
750 -229
751 -32
752 -33
753 -81
754 -229
755 -116
756 -24
757 -47
758 -116
759 -33
760 -191
761 -33
762 -253
763 -366
764 -35
765 -33
766 -23
767 -35
768 -219
769 -129
770 -29
771 -24
772 -104
773 -33
774 -394
775 -291
776 -95
777 -35
778 -24
779 -33
780 -570
781 -41
782 -31
783 -344
784 -23
785 -342
786 -95
787 -173
788 -353
789 -23
790 -33
791 -33
792 -77
793 -73
794 -35
795 -217
796 -153
797 -23
798 -33
799 -23
800 -33
801 -72
802 -88
803 -35
804 -280
805 -125
806 -33
807 -33
808 -35
809 -685
810 -109
811 -47
812 -35
813 -23
814 -125
815 -33
816 -33
817 -82
818 -33
819 -23
820 -174
821 -126
822 -359
823 -133
824 -35
825 -33
826 -23
827 -33
828 -23
829 -33
830 -23
831 -56
832 -994
833 -250
834 -56
835 -198
836 -423
837 -35
838 -92
839 -29
840 -164
841 -146
842 -33
843 -399
844 -35
845 -191
846 -35
847 -333
848 -107
849 -231
850 -23
851 -35
852 -24
853 -33
854 -23
855 -108
856 -98
857 -71
858 -23
859 -23
860 -120
861 -89
862 -259
863 -59
864 -412
865 -529
866 -35
867 -735
868 -23
869 -34
870 -33
871 -35
872 -168
873 -23
874 -14
875 -33
876 -33
877 -38
878 -334
879 -37
880 -564
881 -234
882 -33
883 -149
884 -195
885 -33
886 -105
887 -91
888 -169
889 -87
890 -102
891 -205
892 -33
893 -35
894 -33
895 -76
896 -33
897 -35
898 -35
899 -33
900 -374
901 -241
902 -23
903 -23
904 -211
905 -23
906 -34
907 -11
908 -33
909 -35
910 -31
911 -134
912 -194
913 -33
914 -83
915 -389
916 -174
917 -33
918 -38
919 -35
920 -54
921 -188
922 -33
923 -35
924 -306
925 -100
926 -646
927 -920
928 -33
929 -206
930 -76
931 -35
932 -33
933 -122
934 -187
935 -185
936 -324
937 -68
938 -306
939 -35
940 -463
941 -100
942 -1013
943 -255
944 -124
945 -23
946 -88
947 -35
948 -637
949 -35
950 -23
951 -35
952 -23
953 -352
954 -226
955 -33
956 -88
957 -47
958 -34
959 -361
960 -324
961 -387
962 -34
963 -71
964 -35
965 -132
966 -217
967 -223
968 -69
969 -23
970 -595
971 -43
972 -35
973 -140
974 -23
975 -35
976 -33
977 -35
978 -67
979 -100
980 -33
981 -42
982 -46
983 -232
984 -29
985 -23
986 -23
987 -240
988 -23
989 -33
990 -35
991 -338
992 -53
993 -23
994 -23
995 -102
996 -33
997 -33
998 -460
999 -370
