0 -294
1 -151
2 -136
3 -152
4 -102
5 -109
6 -229
7 -77
8 -56
9 -1673
10 -23
11 -39
12 -152
13 -33
14 -23
15 -85
16 -281
17 -273
18 -23
19 -424
20 -23
21 -33
22 -305
23 -376
24 -479
25 -463
26 -362
27 -23
28 -420
29 -594
30 -33
31 -33
32 -121
33 -159
34 -121
35 -73
36 -23
37 -535
38 -44
39 -102
40 -33
41 -103
42 -85
43 -589
44 -455
45 -90
46 -162
47 -107
48 -72
49 -23
50 -23
51 -178
52 -236
53 -220
54 -250
55 -331
56 -33
57 -344
58 -454
59 -99
60 -16
61 -291
62 -369
63 -260
64 -722
65 -95
66 -191
67 -10
68 -294
69 -387
70 -94
71 -82
72 -149
73 -33
74 -126
75 -11
76 -33
77 -74
78 -125
79 -68
80 -287
81 -478
82 -276
83 -36
84 -154
85 -335
86 -45
87 -231
88 -206
89 -30
90 -258
91 -369
92 -237
93 -98
94 -23
95 -285
96 -23
97 -1599
98 -88
99 -23
100 -82
101 -46
102 -413
103 -33
104 -149
105 -630
106 -182
107 -11
108 -476
109 -213
110 -242
111 -91
112 -623
113 -33
114 -108
115 -37
116 -58
117 -303
118 -1125
119 -175
120 -87
121 -1113
122 -59
123 -46
124 -557
125 -309
126 -255
127 -140
128 -302
129 -19
130 -68
131 -98
132 -69
133 -23
134 -33
135 -205
136 -427
137 -111
138 -202
139 -23
140 -33
141 -1040
142 -382
143 -329
144 -158
145 -252
146 -16
147 -102
148 -23
149 -33
150 -23
151 -371
152 -24
153 -33
154 -33
155 -128
156 -561
157 -86
158 -667
159 -156
160 -23
161 -58
162 -45
163 -370
164 -317
165 -213
166 -23
167 -89
168 -50
169 -423
170 -180
171 -307
172 -431
173 -33
174 -345
175 -23
176 -33
177 -28
178 -23
179 -33
180 -675
181 -71
182 -33
183 -193
184 -267
185 -44
186 -92
187 -33
188 -268
189 -23
190 -35
191 -23
192 -75
193 -188
194 -206
195 -503
196 -19
197 -127
198 -23
199 -172
200 -195
201 -58
202 -191
203 -527
204 -426
205 -126
206 -33
207 -933
208 -814
209 -109
210 -23
211 -47
212 -33
213 -33
214 -23
215 -387
216 -23
217 -50
218 -229
219 -136
220 -129
221 -131
222 -30
223 -55
224 -32
225 -315
226 -13
227 -308
228 -305
229 -23
230 -431
231 -23
232 -23
233 -67
234 -307
235 -245
236 -17
237 -33
238 -33
239 -23
240 -33
241 -8
242 -181
243 -440
244 -160
245 -284
246 -46
247 -161
248 -223
249 -106
250 -33
251 -153
252 -266
253 -23
254 -40
255 -51
256 -23
257 -125
258 -23
259 -84
260 -242
261 -326
262 -240
263 -33
264 -101
265 -73
266 -209
267 -448
268 -403
269 -480
270 -196
271 -83
272 -492
273 -176
274 -71
275 -270
276 -683
277 -576
278 -683
279 -23
280 -23
281 -196
282 -163
283 -176
284 -253
285 -183
286 -267
287 -144
288 -33
289 -218
290 -33
291 -237
292 -110
293 -33
294 -253
295 -216
296 -106
297 -123
298 -30
299 -251
300 -263
301 -132
302 -944
303 -220
304 -294
305 -22
306 -609
307 -209
308 -359
309 -186
310 -189
311 -134
312 -101
313 -449
314 -47
315 -33
316 -33
317 -30
318 -133
319 -23
320 -134
321 -87
322 -60
323 -33
324 -185
325 -311
326 -227
327 -23
328 -25
329 -33
330 -60
331 -127
332 -233
333 -156
334 -71
335 -33
336 -385
337 -33
338 -460
339 -212
340 -73
341 -61
342 -164
343 -14
344 -23
345 -147
346 -309
347 -116
348 -78
349 -13
350 -23
351 -106
352 -119
353 -199
354 -23
355 -68
356 -23
357 -241
358 -23
359 -87
360 -23
361 -58
362 -23
363 -396
364 -40
365 -111
366 -138
367 -833
368 -208
369 -23
370 -61
371 -33
372 -14
373 -111
374 -130
375 -104
376 -33
377 -23
378 -152
379 -1009
380 -382
381 -328
382 -146
383 -36
384 -19
385 -83
386 -70
387 -47
388 -189
389 -529
390 -33
391 -86
392 -84
393 -120
394 -223
395 -137
396 -23
397 -33
398 -89
399 -33
400 -154
401 -23
402 -179
403 -33
404 -379
405 -399
406 -297
407 -23
408 -785
409 -313
410 -23
411 -193
412 -23
413 -136
414 -33
415 -274
416 -90
417 -42
418 -23
419 -288
420 -112
421 -126
422 -33
423 -507
424 -33
425 -401
426 -33
427 -70
428 -96
429 -448
430 -27
431 -89
432 -23
433 -33
434 -290
435 -423
436 -33
437 -33
438 -92
439 -33
440 -23
441 -204
442 -149
443 -79
444 -33
445 -17
446 -446
447 -43
448 -23
449 -119
450 -33
451 -151
452 -111
453 -204
454 -181
455 -172
456 -472
457 -358
458 -23
459 -119
460 -33
461 -437
462 -33
463 -205
464 -258
465 -23
466 -38
467 -110
468 -23
469 -134
470 -148
471 -23
472 -142
473 -224
474 -23
475 -223
476 -65
477 -817
478 -305
479 -650
480 -83
481 -338
482 -304
483 -50
484 -23
485 -33
486 -277
487 -18
488 -93
489 -516
490 -93
491 -57
492 -33
493 -23
494 -901
495 -597
496 -183
497 -23
498 -1023
499 -33
500 -96
501 -105
502 -354
503 -23
504 -282
505 -154
506 -23
507 -24
508 -83
509 -411
510 -59
511 -68
512 -478
513 -584
514 -60
515 -33
516 -48
517 -242
518 -275
519 -323
520 -23
521 -23
522 -390
523 -33
524 -33
525 -18
526 -23
527 -37
528 -247
529 -325
530 -790
531 -745
532 -77
533 -121
534 -455
535 -55
536 -354
537 -33
538 -33
539 -60
540 -33
541 -51
542 -143
543 -33
544 -206
545 -236
546 -161
547 -181
548 -25
549 -173
550 -88
551 -23
552 -23
553 -33
554 -33
555 -31
556 -92
557 -23
558 -23
559 -33
560 -52
561 -58
562 -195
563 -23
564 -33
565 -79
566 -37
567 -482
568 -589
569 -33
570 -206
571 -135
572 -308
573 -185
574 -71
575 -81
576 -359
577 -517
578 -67
579 -33
580 -37
581 -675
582 -33
583 -640
584 -23
585 -39
586 -40
587 -43
588 -393
589 -52
590 -23
591 -187
592 -326
593 -23
594 -610
595 -240
596 -320
597 -71
598 -86
599 -218
600 -38
601 -33
602 -623
603 -23
604 -23
605 -295
606 -90
607 -375
608 -33
609 -637
610 -8
611 -76
612 -23
613 -23
614 -296
615 -44
616 -203
617 -171
618 -23
619 -23
620 -98
621 -19
622 -381
623 -23
624 -23
625 -124
626 -33
627 -33
628 -33
629 -41
630 -39
631 -192
632 -629
633 -23
634 -47
635 -523
636 -153
637 -23
638 -303
639 -33
640 -57
641 -52
642 -23
643 -572
644 -299
645 -174
646 -341
647 -43
648 -33
649 -91
650 -597
651 -162
652 -163
653 -152
654 -33
655 -23
656 -123
657 -127
658 -250
659 -224
660 -140
661 -23
662 -129
663 -134
664 -33
665 -143
666 -221
667 -107
668 -260
669 -155
670 -50
671 -373
672 -23
673 -50
674 -33
675 -110
676 -33
677 -208
678 -1101
679 -23
680 -44
681 -461
682 -10
683 -87
684 -397
685 -180
686 -290
687 -297
688 -73
689 -607
690 -33
691 -458
692 -60
693 -33
694 -624
695 -44
696 -107
697 -177
698 -270
699 -120
700 -23
701 -60
702 -58
703 -23
704 -117
705 -33
706 -89
707 -422
708 -195
709 -181
710 -206
711 -33
712 -165
713 -259
714 -23
715 -330
716 -33
717 -209
718 -643
719 -73
720 -37
721 -18
722 -142
723 -35
724 -51
725 -386
726 -470
727 -33
728 -100
729 -376
730 -1253
731 -105
732 -504
733 -120
734 -23
735 -33
736 -109
737 -33
738 -300
739 -33
740 -87
741 -56
742 -180
743 -3679
744 -248
745 -119
746 -27
747 -560
748 -27
749 -26
750 -73
751 -23
752 -33
753 -73
754 -343
755 -62
756 -101
757 -135
758 -49
759 -518
760 -119
761 -47
762 -242
763 -100
764 -33
765 -28
766 -53
767 -23
768 -44
769 -281
770 -128
771 -246
772 -93
773 -14
774 -238
775 -289
776 -1102
777 -118
778 -243
779 -461
780 -723
781 -986
782 -33
783 -80
784 -83
785 -23
786 -37
787 -33
788 -262
789 -496
790 -43
791 -527
792 -88
793 -289
794 -388
795 -43
796 -23
797 -23
798 -105
799 -128
800 -59
801 -251
802 -161
803 -718
804 -193
805 -27
806 -125
807 -152
808 -137
809 -23
810 -123
811 -252
812 -23
813 -319
814 -330
815 -425
816 -33
817 -23
818 -33
819 -588
820 -33
821 -138
822 -38
823 -106
824 -242
825 -21
826 -112
827 -161
828 -296
829 -33
830 -146
831 -373
832 -170
833 -173
834 -479
835 -239
836 -33
837 -23
838 -1058
839 -73
840 -50
841 -33
842 -206
843 -33
844 -33
845 -23
846 -103
847 -336
848 -33
849 -23
850 -180
851 -460
852 -175
853 -32
854 -265
855 -50
856 -33
857 -33
858 -395
859 -23
860 -208
861 -23
862 -615
863 -23
864 -240
865 -33
866 -134
867 -748
868 -314
869 -120
870 -33
871 -33
872 -235
873 -67
874 -160
875 -23
876 -81
877 -253
878 -33
879 -564
880 -81
881 -54
882 -23
883 -79
884 -33
885 -47
886 -122
887 -342
888 -686
889 -124
890 -33
891 -354
892 -69
893 -609
894 -276
895 -23
896 -190
897 -23
898 -23
899 -33
900 -33
901 -27
902 -259
903 -221
904 -14
905 -157
906 -53
907 -143
908 -33
909 -402
910 -114
911 -101
912 -58
913 -23
914 -23
915 -33
916 -105
917 -206
918 -595
919 -32
920 -33
921 -341
922 -201
923 -76
924 -822
925 -73
926 -728
927 -335
928 -79
929 -33
930 -74
931 -78
932 -475
933 -23
934 -604
935 -74
936 -63
937 -33
938 -94
939 -238
940 -37
941 -187
942 -602
943 -55
944 -195
945 -33
946 -33
947 -39
948 -761
949 -287
950 -23
951 -33
952 -258
953 -730
954 -39
955 -33
956 -33
957 -93
958 -41
959 -23
960 -329
961 -23
962 -301
963 -264
964 -341
965 -23
966 -308
967 -330
968 -23
969 -12
970 -23
971 -33
972 -142
973 -33
974 -298
975 -289
976 -23
977 -205
978 -282
979 -1375
980 -23
981 -136
982 -163
983 -33
984 -33
985 -33
986 -54
987 -23
988 -23
989 -23
990 -137
991 -361
992 -33
993 -30
994 -42
995 -23
996 -1221
997 -304
998 -42
999 -23
