0 -647
1 -7
2 -258
3 -60
4 -168
5 -161
6 -138
7 -325
8 -371
9 -14
10 -208
11 -1116
12 -606
13 -401
14 -262
15 -61
16 -264
17 -21
18 -1552
19 -64
20 -2078
21 -153
22 -407
23 -2430
24 -1776
25 -164
26 -178
27 -24
28 -240
29 -105
30 -442
31 -52
32 -239
33 -292
34 -50
35 -119
36 -35
37 -451
38 -616
39 -22
40 -91
41 -39
42 -3544
43 -41
44 -92
45 -7
46 -1716
47 -11
48 -20
49 -15
50 -1097
51 -20
52 -326
53 -470
54 -606
55 -53
56 -221
57 -402
58 -123
59 -295
60 -7
61 -4080
62 -1675
63 -93
64 -45
65 -489
66 -79
67 -308
68 -612
69 -382
70 -299
71 -241
72 -763
73 -184
74 -642
75 -135
76 -15
77 -191
78 -260
79 -209
80 -1363
81 -631
82 -731
83 -202
84 -2673
85 -320
86 -1400
87 -60
88 -98
89 -190
90 -253
91 -706
92 -145
93 -123
94 -1514
95 -207
96 -52
97 -34
98 -461
99 -457
100 -451
101 -12
102 -336
103 -888
104 -19
105 -3031
106 -6638
107 -15
108 -203
109 -208
110 -138
111 -1884
112 -527
113 -438
114 -387
115 -39
116 -7648
117 -449
118 -15
119 -23
120 -158
121 -1091
122 -206
123 -502
124 -1104
125 -31
126 -29
127 -229
128 -1190
129 -7
130 -150
131 -333
132 -257
133 -16
134 -24
135 -447
136 -1454
137 -49
138 -18
139 -838
140 -108
141 -327
142 -15
143 -516
144 -20
145 -1140
146 -4237
147 -264
148 -1158
149 -13
150 -6181
151 -451
152 -478
153 -576
154 -122
155 -21
156 -1033
157 -12
158 -66
159 -21
160 -170
161 -70
162 -231
163 -3263
164 -29
165 -39
166 -28
167 -42
168 -103
169 -19
170 -77
171 -36
172 -79
173 -1474
174 -24
175 -658
176 -152
177 -43
178 -550
179 -38
180 -210
181 -1546
182 -225
183 -595
184 -66
185 -518
186 -8
187 -207
188 -23
189 -373
190 -892
191 -613
192 -625
193 -448
194 -381
195 -9
196 -2328
197 -480
198 -681
199 -1518
200 -2067
201 -120
202 -34
203 -617
204 -615
205 -655
206 -39
207 -2795
208 -272
209 -2884
210 -1225
211 -535
212 -433
213 -55
214 -888
215 -19
216 -1237
217 -22
218 -18
219 -2336
220 -163
221 -37
222 -188
223 -122
224 -258
225 -683
226 -109
227 -2390
228 -90
229 -238
230 -22
231 -1034
232 -26
233 -100
234 -1218
235 -124
236 -420
237 -261
238 -591
239 -7429
240 -810
241 -864
242 -366
243 -1578
244 -76
245 -3146
246 -125
247 -574
248 -12
249 -424
250 -7
251 -19
252 -20
253 -22
254 -530
255 -18
256 -124
257 -314
258 -205
259 -800
260 -34
261 -1480
262 -3091
263 -19
264 -385
265 -746
266 -321
267 -14
268 -307
269 -572
270 -305
271 -16
272 -67
273 -67
274 -1419
275 -349
276 -1070
277 -156
278 -1603
279 -298
280 -436
281 -448
282 -246
283 -2989
284 -11
285 -48
286 -58
287 -2974
288 -79
289 -355
290 -46
291 -145
292 -3840
293 -177
294 -16
295 -37
296 -169
297 -40
298 -71
299 -9
300 -41
301 -231
302 -65
303 -311
304 -3411
305 -3419
306 -372
307 -184
308 -1164
309 -18
310 -278
311 -51
312 -70
313 -175
314 -238
315 -120
316 -459
317 -906
318 -7
319 -30
320 -22
321 -59
322 -183
323 -113
324 -222
325 -30
326 -923
327 -24
328 -34
329 -2126
330 -1228
331 -26
332 -82
333 -29
334 -47
335 -524
336 -116
337 -15
338 -278
339 -774
340 -12
341 -2404
342 -7504
343 -1292
344 -824
345 -309
346 -117
347 -502
348 -632
349 -367
350 -12
351 -703
352 -1190
353 -62
354 -143
355 -150
356 -359
357 -176
358 -138
359 -15
360 -301
361 -29
362 -3407
363 -1156
364 -314
365 -361
366 -530
367 -27
368 -1437
369 -77
370 -230
371 -402
372 -382
373 -79
374 -7
375 -547
376 -2508
377 -2585
378 -322
379 -18
380 -405
381 -4126
382 -539
383 -16
384 -430
385 -295
386 -2075
387 -299
388 -2694
389 -423
390 -16
391 -29
392 -1307
393 -820
394 -58
395 -2066
396 -81
397 -1049
398 -196
399 -2105
400 -140
401 -171
402 -482
403 -270
404 -63
405 -71
406 -368
407 -417
408 -114
409 -331
410 -805
411 -44
412 -536
413 -563
414 -801
415 -15
416 -2341
417 -13
418 -686
419 -260
420 -1767
421 -240
422 -143
423 -257
424 -57
425 -4658
426 -13
427 -34
428 -29
429 -726
430 -411
431 -20
432 -53
433 -500
434 -3057
435 -63
436 -249
437 -113
438 -23
439 -258
440 -446
441 -175
442 -67
443 -2023
444 -100
445 -619
446 -131
447 -89
448 -222
449 -623
450 -12
451 -280
452 -1310
453 -766
454 -4027
455 -8
456 -510
457 -358
458 -140
459 -140
460 -537
461 -46
462 -654
463 -2962
464 -143
465 -147
466 -3465
467 -400
468 -163
469 -28
470 -788
471 -44
472 -179
473 -507
474 -702
475 -808
476 -39
477 -14
478 -151
479 -39
480 -411
481 -611
482 -39
483 -132
484 -943
485 -32
486 -157
487 -484
488 -25
489 -609
490 -125
491 -447
492 -1844
493 -2099
494 -305
495 -491
496 -707
497 -1504
498 -34
499 -12
500 -103
501 -2355
502 -167
503 -4103
504 -4643
505 -1866
506 -8
507 -11
508 -142
509 -35
510 -21
511 -40
512 -273
513 -94
514 -4425
515 -7
516 -25
517 -782
518 -108
519 -2135
520 -3718
521 -4200
522 -39
523 -23
524 -364
525 -2232
526 -213
527 -567
528 -26
529 -1335
530 -308
531 -293
532 -12
533 -285
534 -72
535 -18
536 -328
537 -15
538 -81
539 -74
540 -8
541 -269
542 -61
543 -1226
544 -1032
545 -39
546 -10
547 -133
548 -602
549 -187
550 -2557
551 -278
552 -8
553 -809
554 -12
555 -8
556 -797
557 -158
558 -6398
559 -105
560 -415
561 -1971
562 -438
563 -80
564 -1339
565 -294
566 -54
567 -64
568 -28
569 -1176
570 -1435
571 -237
572 -33
573 -86
574 -11
575 -26
576 -3066
577 -28
578 -150
579 -352
580 -21
581 -12
582 -211
583 -1106
584 -18
585 -114
586 -327
587 -7856
588 -130
589 -12
590 -42
591 -2385
592 -34
593 -24
594 -1896
595 -422
596 -1939
597 -29
598 -686
599 -95
600 -180
601 -552
602 -233
603 -842
604 -167
605 -16
606 -1021
607 -2995
608 -29
609 -24
610 -674
611 -2668
612 -74
613 -238
614 -2145
615 -105
616 -1020
617 -1436
618 -269
619 -48
620 -94
621 -107
622 -147
623 -12
624 -32
625 -438
626 -10
627 -3670
628 -12
629 -12
630 -176
631 -89
632 -2520
633 -31
634 -394
635 -170
636 -338
637 -439
638 -60
639 -488
640 -6848
641 -860
642 -383
643 -835
644 -19
645 -53
646 -51
647 -216
648 -17
649 -4906
650 -334
651 -805
652 -176
653 -179
654 -111
655 -73
656 -25
657 -1362
658 -4136
659 -372
660 -318
661 -519
662 -249
663 -624
664 -2197
665 -132
666 -21
667 -4787
668 -377
669 -1298
670 -1903
671 -915
672 -2019
673 -345
674 -48
675 -80
676 -2104
677 -1822
678 -297
679 -528
680 -598
681 -304
682 -279
683 -585
684 -659
685 -408
686 -290
687 -76
688 -462
689 -38
690 -6460
691 -637
692 -20
693 -83
694 -490
695 -517
696 -153
697 -12
698 -34
699 -1402
700 -9
701 -1537
702 -928
703 -283
704 -453
705 -307
706 -24
707 -1786
708 -1703
709 -1932
710 -518
711 -7
712 -504
713 -318
714 -39
715 -300
716 -1082
717 -345
718 -20
719 -36
720 -213
721 -1209
722 -242
723 -1838
724 -873
725 -67
726 -423
727 -992
728 -605
729 -24
730 -227
731 -34
732 -206
733 -39
734 -1103
735 -705
736 -38
737 -14
738 -126
739 -40
740 -63
741 -50
742 -2080
743 -26
744 -373
745 -596
746 -154
747 -1187
748 -5515
749 -2509
750 -39
751 -223
752 -789
753 -25
754 -15
755 -8
756 -15
757 -1947
758 -313
759 -4232
760 -34
761 -567
762 -359
763 -308
764 -8
765 -3255
766 -107
767 -4419
768 -238
769 -37
770 -532
771 -366
772 -1990
773 -32
774 -21
775 -213
776 -443
777 -3465
778 -783
779 -874
780 -12
781 -15
782 -76
783 -12
784 -427
785 -124
786 -370
787 -295
788 -2197
789 -1250
790 -2030
791 -6113
792 -241
793 -621
794 -241
795 -22
796 -275
797 -74
798 -80
799 -318
800 -409
801 -402
802 -288
803 -414
804 -2659
805 -16
806 -979
807 -1814
808 -908
809 -34
810 -20
811 -238
812 -84
813 -55
814 -83
815 -401
816 -323
817 -216
818 -503
819 -133
820 -177
821 -410
822 -420
823 -495
824 -390
825 -14
826 -358
827 -525
828 -318
829 -208
830 -371
831 -2772
832 -261
833 -55
834 -612
835 -7563
836 -77
837 -561
838 -59
839 -19
840 -404
841 -9254
842 -805
843 -4428
844 -238
845 -267
846 -605
847 -11
848 -28
849 -243
850 -11
851 -698
852 -136
853 -366
854 -147
855 -92
856 -38
857 -8
858 -4764
859 -366
860 -132
861 -29
862 -32
863 -716
864 -60
865 -313
866 -872
867 -39
868 -293
869 -91
870 -251
871 -21
872 -211
873 -46
874 -1632
875 -81
876 -522
877 -712
878 -508
879 -6435
880 -5366
881 -370
882 -330
883 -804
884 -579
885 -15
886 -230
887 -990
888 -411
889 -24
890 -464
891 -1914
892 -2270
893 -33
894 -681
895 -24
896 -7853
897 -103
898 -2642
899 -229
900 -630
901 -131
902 -36
903 -15
904 -243
905 -138
906 -373
907 -15
908 -37
909 -9
910 -34
911 -23
912 -298
913 -1643
914 -79
915 -145
916 -265
917 -91
918 -37
919 -2002
920 -19
921 -287
922 -128
923 -308
924 -134
925 -27
926 -119
927 -175
928 -1183
929 -203
930 -4928
931 -121
932 -70
933 -50
934 -235
935 -790
936 -899
937 -16
938 -19
939 -357
940 -1286
941 -7
942 -11
943 -324
944 -2215
945 -1979
946 -221
947 -170
948 -1188
949 -57
950 -338
951 -233
952 -237
953 -683
954 -1259
955 -92
956 -32
957 -792
958 -351
959 -413
960 -785
961 -48
962 -2542
963 -285
964 -71
965 -76
966 -203
967 -462
968 -26
969 -48
970 -1242
971 -868
972 -194
973 -877
974 -184
975 -281
976 -105
977 -101
978 -3950
979 -7
980 -5138
981 -1372
982 -13
983 -525
984 -21
985 -5915
986 -495
987 -194
988 -1655
989 -54
990 -82
991 -28
992 -24
993 -170
994 -11
995 -312
996 -47
997 -288
998 -23
999 -2462
