0 -280
1 -23
2 -33
3 -129
4 -187
5 -41
6 -199
7 -23
8 -23
9 -472
10 -250
11 -23
12 -637
13 -80
14 -46
15 -23
16 -33
17 -536
18 -23
19 -141
20 -23
21 -23
22 -34
23 -321
24 -23
25 -357
26 -67
27 -559
28 -23
29 -33
30 -374
31 -103
32 -75
33 -134
34 -103
35 -115
36 -257
37 -512
38 -121
39 -38
40 -112
41 -23
42 -164
43 -23
44 -327
45 -247
46 -186
47 -202
48 -130
49 -33
50 -39
51 -148
52 -147
53 -23
54 -620
55 -456
56 -387
57 -188
58 -413
59 -184
60 -100
61 -197
62 -33
63 -170
64 -153
65 -181
66 -23
67 -234
68 -176
69 -23
70 -32
71 -135
72 -230
73 -2998
74 -158
75 -35
76 -18
77 -88
78 -33
79 -23
80 -145
81 -1356
82 -550
83 -83
84 -107
85 -27
86 -115
87 -202
88 -33
89 -13
90 -32
91 -146
92 -332
93 -23
94 -189
95 -33
96 -136
97 -33
98 -33
99 -265
100 -65
101 -213
102 -693
103 -33
104 -296
105 -599
106 -178
107 -30
108 -33
109 -242
110 -48
111 -33
112 -58
113 -269
114 -75
115 -200
116 -33
117 -74
118 -23
119 -163
120 -128
121 -23
122 -109
123 -156
124 -247
125 -88
126 -141
127 -910
128 -126
129 -22
130 -91
131 -136
132 -70
133 -23
134 -118
135 -211
136 -103
137 -406
138 -140
139 -66
140 -54
141 -23
142 -387
143 -29
144 -320
145 -23
146 -473
147 -54
148 -38
149 -321
150 -155
151 -60
152 -23
153 -403
154 -198
155 -338
156 -66
157 -181
158 -33
159 -364
160 -33
161 -453
162 -383
163 -273
164 -23
165 -39
166 -54
167 -501
168 -113
169 -33
170 -605
171 -152
172 -24
173 -23
174 -23
175 -358
176 -126
177 -33
178 -313
179 -24
180 -33
181 -184
182 -289
183 -81
184 -135
185 -386
186 -33
187 -517
188 -533
189 -12
190 -392
191 -23
192 -198
193 -193
194 -178
195 -161
196 -130
197 -322
198 -86
199 -41
200 -106
201 -86
202 -23
203 -23
204 -108
205 -56
206 -123
207 -371
208 -23
209 -49
210 -23
211 -96
212 -45
213 -58
214 -33
215 -315
216 -532
217 -46
218 -345
219 -512
220 -23
221 -164
222 -206
223 -33
224 -451
225 -88
226 -27
227 -132
228 -1033
229 -194
230 -23
231 -98
232 -317
233 -496
234 -71
235 -211
236 -140
237 -583
238 -72
239 -147
240 -33
241 -90
242 -193
243 -63
244 -35
245 -137
246 -402
247 -346
248 -287
249 -207
250 -310
251 -94
252 -531
253 -23
254 -137
255 -33
256 -311
257 -312
258 -1322
259 -23
260 -49
261 -108
262 -40
263 -345
264 -33
265 -35
266 -180
267 -60
268 -33
269 -139
270 -424
271 -502
272 -23
273 -33
274 -33
275 -408
276 -377
277 -120
278 -1351
279 -157
280 -53
281 -464
282 -82
283 -258
284 -397
285 -52
286 -33
287 -83
288 -26
289 -101
290 -141
291 -1010
292 -92
293 -111
294 -33
295 -244
296 -23
297 -94
298 -289
299 -314
300 -23
301 -107
302 -23
303 -256
304 -371
305 -222
306 -33
307 -132
308 -23
309 -309
310 -809
311 -228
312 -33
313 -305
314 -23
315 -398
316 -187
317 -384
318 -18
319 -164
320 -259
321 -100
322 -30
323 -238
324 -23
325 -398
326 -122
327 -1028
328 -55
329 -126
330 -526
331 -170
332 -20
333 -33
334 -340
335 -88
336 -31
337 -33
338 -33
339 -123
340 -372
341 -165
342 -36
343 -371
344 -97
345 -208
346 -86
347 -79
348 -33
349 -346
350 -110
351 -111
352 -471
353 -150
354 -163
355 -268
356 -31
357 -201
358 -454
359 -33
360 -208
361 -104
362 -107
363 -773
364 -119
365 -350
366 -91
367 -317
368 -23
369 -160
370 -23
371 -120
372 -23
373 -23
374 -90
375 -198
376 -50
377 -33
378 -37
379 -59
380 -331
381 -23
382 -33
383 -241
384 -127
385 -23
386 -23
387 -1408
388 -126
389 -469
390 -23
391 -254
392 -89
393 -292
394 -70
395 -138
396 -23
397 -343
398 -423
399 -44
400 -37
401 -441
402 -77
403 -236
404 -56
405 -609
406 -41
407 -217
408 -19
409 -23
410 -101
411 -132
412 -33
413 -145
414 -142
415 -252
416 -33
417 -181
418 -210
419 -183
420 -160
421 -560
422 -33
423 -180
424 -59
425 -65
426 -156
427 -168
428 -76
429 -84
430 -70
431 -246
432 -289
433 -141
434 -101
435 -23
436 -22
437 -33
438 -392
439 -234
440 -33
441 -98
442 -556
443 -184
444 -147
445 -145
446 -197
447 -195
448 -603
449 -155
450 -33
451 -23
452 -37
453 -83
454 -255
455 -200
456 -316
457 -33
458 -78
459 -308
460 -31
461 -136
462 -33
463 -137
464 -59
465 -23
466 -212
467 -33
468 -23
469 -169
470 -966
471 -58
472 -312
473 -441
474 -33
475 -23
476 -98
477 -74
478 -265
479 -50
480 -39
481 -41
482 -179
483 -169
484 -96
485 -335
486 -1582
487 -33
488 -23
489 -167
490 -184
491 -81
492 -2525
493 -854
494 -23
495 -33
496 -255
497 -38
498 -98
499 -426
500 -64
501 -58
502 -136
503 -159
504 -23
505 -399
506 -43
507 -81
508 -79
509 -178
510 -23
511 -161
512 -157
513 -79
514 -367
515 -261
516 -141
517 -33
518 -33
519 -74
520 -362
521 -33
522 -33
523 -233
524 -33
525 -227
526 -23
527 -30
528 -23
529 -183
530 -138
531 -33
532 -227
533 -33
534 -236
535 -354
536 -33
537 -155
538 -23
539 -80
540 -404
541 -218
542 -107
543 -23
544 -23
545 -77
546 -126
547 -23
548 -836
549 -28
550 -220
551 -39
552 -23
553 -10
554 -33
555 -83
556 -697
557 -27
558 -492
559 -33
560 -137
561 -89
562 -349
563 -22
564 -423
565 -23
566 -267
567 -104
568 -45
569 -238
570 -423
571 -23
572 -9
573 -148
574 -102
575 -452
576 -505
577 -33
578 -360
579 -78
580 -33
581 -33
582 -23
583 -97
584 -255
585 -45
586 -42
587 -1072
588 -33
589 -31
590 -23
591 -159
592 -235
593 -860
594 -229
595 -33
596 -33
597 -67
598 -87
599 -137
600 -33
601 -23
602 -27
603 -119
604 -33
605 -23
606 -105
607 -836
608 -116
609 -378
610 -167
611 -33
612 -23
613 -33
614 -23
615 -33
616 -183
617 -45
618 -33
619 -33
620 -33
621 -442
622 -263
623 -150
624 -283
625 -282
626 -1617
627 -23
628 -186
629 -50
630 -121
631 -23
632 -33
633 -44
634 -310
635 -23
636 -93
637 -492
638 -351
639 -33
640 -33
641 -23
642 -33
643 -23
644 -507
645 -23
646 -33
647 -385
648 -199
649 -112
650 -23
651 -41
652 -218
653 -30
654 -76
655 -195
656 -600
657 -48
658 -305
659 -286
660 -25
661 -159
662 -33
663 -199
664 -314
665 -23
666 -444
667 -189
668 -18
669 -39
670 -347
671 -148
672 -48
673 -23
674 -667
675 -42
676 -148
677 -253
678 -33
679 -102
680 -142
681 -84
682 -82
683 -262
684 -117
685 -381
686 -152
687 -23
688 -103
689 -33
690 -81
691 -92
692 -33
693 -54
694 -102
695 -62
696 -673
697 -33
698 -367
699 -282
700 -422
701 -28
702 -53
703 -33
704 -111
705 -23
706 -23
707 -33
708 -33
709 -223
710 -541
711 -18
712 -129
713 -403
714 -315
715 -42
716 -23
717 -33
718 -23
719 -356
720 -323
721 -23
722 -23
723 -172
724 -18
725 -33
726 -33
727 -23
728 -195
729 -23
730 -143
731 -647
732 -33
733 -33
734 -122
735 -60
736 -33
737 -92
738 -72
739 -375
740 -336
741 -316
742 -1776
743 -145
744 -116
745 -300
746 -159
747 -23
748 -21
749 -78
750 -133
751 -23
752 -23
753 -218
754 -23
755 -209
756 -23
757 -108
758 -54
759 -81
760 -38
761 -64
762 -494
763 -364
764 -33
765 -23
766 -33
767 -477
768 -69
769 -124
770 -33
771 -668
772 -403
773 -347
774 -213
775 -23
776 -23
777 -81
778 -200
779 -105
780 -186
781 -222
782 -23
783 -23
784 -33
785 -27
786 -77
787 -33
788 -240
789 -33
790 -347
791 -272
792 -249
793 -128
794 -359
795 -33
796 -22
797 -33
798 -182
799 -55
800 -34
801 -208
802 -39
803 -23
804 -23
805 -49
806 -144
807 -129
808 -149
809 -309
810 -44
811 -23
812 -307
813 -23
814 -324
815 -105
816 -295
817 -18
818 -23
819 -23
820 -458
821 -533
822 -311
823 -504
824 -133
825 -73
826 -27
827 -23
828 -328
829 -23
830 -33
831 -404
832 -33
833 -210
834 -65
835 -412
836 -33
837 -33
838 -50
839 -232
840 -38
841 -29
842 -52
843 -44
844 -33
845 -23
846 -74
847 -33
848 -301
849 -23
850 -106
851 -33
852 -256
853 -246
854 -23
855 -183
856 -599
857 -23
858 -28
859 -454
860 -26
861 -59
862 -33
863 -148
864 -23
865 -33
866 -235
867 -407
868 -33
869 -142
870 -634
871 -286
872 -23
873 -23
874 -35
875 -496
876 -78
877 -130
878 -1637
879 -23
880 -159
881 -301
882 -33
883 -182
884 -35
885 -33
886 -75
887 -23
888 -165
889 -420
890 -51
891 -765
892 -33
893 -33
894 -23
895 -33
896 -228
897 -1285
898 -33
899 -22
900 -33
901 -396
902 -33
903 -33
904 -170
905 -23
906 -25
907 -34
908 -39
909 -676
910 -556
911 -178
912 -53
913 -23
914 -23
915 -33
916 -135
917 -33
918 -183
919 -33
920 -280
921 -33
922 -33
923 -190
924 -185
925 -110
926 -47
927 -123
928 -194
929 -138
930 -23
931 -183
932 -23
933 -191
934 -40
935 -93
936 -173
937 -30
938 -153
939 -56
940 -152
941 -33
942 -23
943 -220
944 -278
945 -23
946 -169
947 -539
948 -33
949 -188
950 -23
951 -33
952 -33
953 -138
954 -30
955 -164
956 -61
957 -395
958 -400
959 -54
960 -36
961 -177
962 -24
963 -33
964 -249
965 -23
966 -23
967 -164
968 -201
969 -33
970 -403
971 -264
972 -23
973 -31
974 -464
975 -143
976 -529
977 -71
978 -29
979 -293
980 -23
981 -19
982 -48
983 -23
984 -456
985 -106
986 -232
987 -147
988 -411
989 -75
990 -23
991 -563
992 -348
993 -306
994 -33
995 -55
996 -33
997 -135
998 -223
999 -33
