0 -150
1 -51
2 -734
3 -118
4 -8
5 -64
6 -224
7 -213
8 -23
9 -23
10 -60
11 -23
12 -331
13 -23
14 -130
15 -984
16 -43
17 -326
18 -33
19 -216
20 -86
21 -88
22 -44
23 -98
24 -23
25 -23
26 -33
27 -253
28 -135
29 -33
30 -64
31 -467
32 -23
33 -105
34 -534
35 -23
36 -62
37 -138
38 -1742
39 -30
40 -58
41 -558
42 -218
43 -33
44 -92
45 -23
46 -96
47 -308
48 -234
49 -23
50 -23
51 -206
52 -23
53 -43
54 -254
55 -33
56 -33
57 -121
58 -124
59 -62
60 -23
61 -1060
62 -40
63 -23
64 -33
65 -27
66 -165
67 -33
68 -723
69 -23
70 -23
71 -216
72 -87
73 -83
74 -23
75 -23
76 -264
77 -257
78 -172
79 -844
80 -9
81 -18
82 -231
83 -183
84 -33
85 -23
86 -463
87 -137
88 -33
89 -475
90 -23
91 -74
92 -23
93 -1208
94 -33
95 -33
96 -186
97 -350
98 -23
99 -85
100 -220
101 -409
102 -23
103 -338
104 -228
105 -33
106 -84
107 -23
108 -142
109 -549
110 -287
111 -675
112 -310
113 -167
114 -291
115 -111
116 -33
117 -23
118 -229
119 -148
120 -131
121 -46
122 -23
123 -156
124 -500
125 -242
126 -272
127 -110
128 -75
129 -35
130 -190
131 -109
132 -18
133 -141
134 -23
135 -112
136 -33
137 -74
138 -204
139 -33
140 -73
141 -23
142 -23
143 -512
144 -140
145 -49
146 -59
147 -316
148 -34
149 -33
150 -142
151 -91
152 -60
153 -33
154 -49
155 -328
156 -33
157 -142
158 -33
159 -165
160 -163
161 -419
162 -168
163 -33
164 -50
165 -191
166 -23
167 -388
168 -33
169 -39
170 -349
171 -66
172 -33
173 -243
174 -23
175 -123
176 -75
177 -23
178 -23
179 -33
180 -136
181 -59
182 -461
183 -23
184 -111
185 -173
186 -59
187 -307
188 -58
189 -343
190 -81
191 -33
192 -117
193 -317
194 -64
195 -104
196 -258
197 -33
198 -23
199 -230
200 -136
201 -380
202 -23
203 -33
204 -41
205 -121
206 -33
207 -33
208 -417
209 -32
210 -23
211 -59
212 -45
213 -34
214 -563
215 -33
216 -187
217 -143
218 -639
219 -34
220 -23
221 -158
222 -23
223 -65
224 -41
225 -23
226 -49
227 -156
228 -187
229 -33
230 -332
231 -430
232 -240
233 -23
234 -33
235 -160
236 -114
237 -606
238 -33
239 -44
240 -42
241 -23
242 -33
243 -23
244 -33
245 -23
246 -47
247 -33
248 -337
249 -33
250 -298
251 -41
252 -139
253 -23
254 -146
255 -472
256 -33
257 -41
258 -23
259 -51
260 -55
261 -68
262 -94
263 -69
264 -142
265 -913
266 -40
267 -21
268 -23
269 -226
270 -67
271 -174
272 -78
273 -512
274 -12
275 -162
276 -33
277 -61
278 -21
279 -23
280 -103
281 -44
282 -546
283 -23
284 -229
285 -33
286 -539
287 -205
288 -33
289 -714
290 -36
291 -40
292 -23
293 -122
294 -23
295 -42
296 -33
297 -614
298 -788
299 -261
300 -248
301 -102
302 -200
303 -135
304 -217
305 -153
306 -33
307 -23
308 -76
309 -395
310 -23
311 -202
312 -16
313 -33
314 -649
315 -14
316 -67
317 -23
318 -133
319 -307
320 -80
321 -48
322 -411
323 -243
324 -33
325 -347
326 -450
327 -305
328 -44
329 -36
330 -379
331 -23
332 -37
333 -267
334 -23
335 -23
336 -131
337 -23
338 -265
339 -61
340 -214
341 -97
342 -219
343 -23
344 -23
345 -23
346 -136
347 -801
348 -850
349 -340
350 -335
351 -33
352 -33
353 -487
354 -90
355 -33
356 -115
357 -161
358 -37
359 -33
360 -24
361 -33
362 -393
363 -23
364 -99
365 -323
366 -33
367 -131
368 -33
369 -12
370 -294
371 -22
372 -33
373 -33
374 -399
375 -33
376 -88
377 -74
378 -226
379 -33
380 -33
381 -23
382 -257
383 -83
384 -279
385 -69
386 -105
387 -41
388 -87
389 -23
390 -33
391 -292
392 -285
393 -255
394 -66
395 -33
396 -186
397 -431
398 -61
399 -353
400 -84
401 -33
402 -33
403 -959
404 -33
405 -23
406 -91
407 -33
408 -109
409 -627
410 -196
411 -187
412 -592
413 -32
414 -24
415 -229
416 -99
417 -36
418 -143
419 -508
420 -33
421 -23
422 -23
423 -294
424 -33
425 -277
426 -217
427 -31
428 -88
429 -83
430 -148
431 -133
432 -23
433 -49
434 -33
435 -468
436 -218
437 -66
438 -150
439 -14
440 -293
441 -282
442 -177
443 -165
444 -23
445 -73
446 -33
447 -148
448 -100
449 -23
450 -23
451 -23
452 -95
453 -347
454 -23
455 -326
456 -224
457 -511
458 -23
459 -33
460 -23
461 -23
462 -88
463 -61
464 -96
465 -705
466 -42
467 -33
468 -60
469 -331
470 -23
471 -583
472 -305
473 -40
474 -21
475 -224
476 -20
477 -30
478 -281
479 -124
480 -1520
481 -234
482 -187
483 -64
484 -322
485 -33
486 -54
487 -245
488 -793
489 -315
490 -33
491 -23
492 -77
493 -710
494 -94
495 -23
496 -99
497 -240
498 -92
499 -230
500 -33
501 -150
502 -310
503 -221
504 -274
505 -23
506 -243
507 -138
508 -23
509 -273
510 -33
511 -172
512 -23
513 -807
514 -160
515 -130
516 -23
517 -546
518 -23
519 -185
520 -33
521 -23
522 -95
523 -605
524 -23
525 -257
526 -21
527 -23
528 -23
529 -100
530 -152
531 -23
532 -33
533 -251
534 -35
535 -668
536 -95
537 -33
538 -192
539 -33
540 -211
541 -64
542 -158
543 -651
544 -1072
545 -23
546 -258
547 -221
548 -242
549 -185
550 -99
551 -39
552 -33
553 -398
554 -125
555 -33
556 -23
557 -230
558 -33
559 -433
560 -182
561 -304
562 -42
563 -300
564 -33
565 -23
566 -177
567 -161
568 -105
569 -33
570 -49
571 -234
572 -200
573 -470
574 -831
575 -176
576 -751
577 -23
578 -836
579 -85
580 -415
581 -41
582 -583
583 -33
584 -158
585 -23
586 -300
587 -23
588 -92
589 -371
590 -47
591 -33
592 -40
593 -490
594 -455
595 -23
596 -470
597 -33
598 -88
599 -55
600 -196
601 -272
602 -353
603 -23
604 -958
605 -35
606 -93
607 -53
608 -271
609 -23
610 -23
611 -23
612 -152
613 -213
614 -200
615 -192
616 -292
617 -897
618 -297
619 -33
620 -42
621 -29
622 -508
623 -107
624 -199
625 -468
626 -170
627 -23
628 -106
629 -583
630 -289
631 -33
632 -140
633 -280
634 -167
635 -249
636 -72
637 -23
638 -77
639 -23
640 -158
641 -37
642 -55
643 -33
644 -26
645 -23
646 -33
647 -445
648 -630
649 -194
650 -33
651 -110
652 -244
653 -39
654 -320
655 -183
656 -67
657 -901
658 -294
659 -245
660 -33
661 -255
662 -230
663 -82
664 -304
665 -787
666 -33
667 -328
668 -289
669 -161
670 -509
671 -242
672 -65
673 -409
674 -255
675 -52
676 -67
677 -787
678 -228
679 -54
680 -23
681 -33
682 -46
683 -33
684 -39
685 -820
686 -298
687 -125
688 -156
689 -654
690 -274
691 -33
692 -171
693 -125
694 -99
695 -508
696 -1395
697 -31
698 -416
699 -33
700 -23
701 -166
702 -415
703 -33
704 -23
705 -138
706 -197
707 -84
708 -230
709 -23
710 -73
711 -219
712 -443
713 -99
714 -89
715 -23
716 -48
717 -88
718 -33
719 -38
720 -23
721 -70
722 -23
723 -460
724 -33
725 -673
726 -23
727 -240
728 -141
729 -306
730 -134
731 -301
732 -23
733 -240
734 -225
735 -33
736 -136
737 -14
738 -33
739 -62
740 -33
741 -375
742 -29
743 -234
744 -179
745 -385
746 -23
747 -189
748 -142
749 -23
750 -23
751 -66
752 -33
753 -33
754 -132
755 -291
756 -92
757 -176
758 -183
759 -385
760 -268
761 -411
762 -23
763 -231
764 -33
765 -313
766 -118
767 -229
768 -23
769 -280
770 -41
771 -164
772 -439
773 -33
774 -70
775 -81
776 -260
777 -141
778 -633
779 -232
780 -420
781 -23
782 -287
783 -224
784 -122
785 -33
786 -116
787 -819
788 -869
789 -23
790 -48
791 -23
792 -999
793 -71
794 -110
795 -30
796 -118
797 -238
798 -590
799 -23
800 -141
801 -97
802 -23
803 -33
804 -139
805 -47
806 -36
807 -106
808 -175
809 -33
810 -23
811 -30
812 -594
813 -91
814 -29
815 -301
816 -322
817 -66
818 -98
819 -247
820 -45
821 -999
822 -33
823 -33
824 -234
825 -43
826 -110
827 -256
828 -773
829 -33
830 -59
831 -33
832 -141
833 -134
834 -47
835 -83
836 -33
837 -165
838 -23
839 -94
840 -107
841 -55
842 -33
843 -134
844 -188
845 -149
846 -33
847 -33
848 -176
849 -486
850 -930
851 -310
852 -454
853 -207
854 -25
855 -38
856 -711
857 -74
858 -373
859 -185
860 -218
861 -23
862 -608
863 -40
864 -31
865 -68
866 -180
867 -54
868 -91
869 -192
870 -84
871 -88
872 -154
873 -33
874 -23
875 -23
876 -33
877 -104
878 -598
879 -133
880 -33
881 -665
882 -16
883 -356
884 -359
885 -51
886 -173
887 -508
888 -214
889 -33
890 -23
891 -153
892 -38
893 -269
894 -33
895 -33
896 -475
897 -23
898 -339
899 -33
900 -70
901 -689
902 -23
903 -177
904 -203
905 -111
906 -33
907 -27
908 -117
909 -33
910 -33
911 -33
912 -304
913 -33
914 -148
915 -23
916 -493
917 -36
918 -23
919 -34
920 -188
921 -115
922 -267
923 -581
924 -23
925 -23
926 -33
927 -3344
928 -108
929 -162
930 -33
931 -122
932 -152
933 -125
934 -23
935 -33
936 -135
937 -74
938 -46
939 -88
940 -29
941 -724
942 -50
943 -21
944 -59
945 -25
946 -33
947 -80
948 -202
949 -43
950 -23
951 -33
952 -37
953 -23
954 -23
955 -38
956 -51
957 -422
958 -446
959 -303
960 -243
961 -558
962 -87
963 -200
964 -70
965 -121
966 -334
967 -378
968 -161
969 -530
970 -124
971 -183
972 -249
973 -236
974 -23
975 -360
976 -659
977 -443
978 -154
979 -168
980 -150
981 -310
982 -23
983 -200
984 -38
985 -601
986 -543
987 -84
988 -23
989 -30
990 -260
991 -230
992 -32
993 -33
994 -408
995 -46
996 -33
997 -23
998 -541
999 -82
