0 -55
1 -55
2 -55
3 -83
4 -199
5 -150
6 -55
7 -55
8 -50
9 -60
10 -1031
11 -30
12 -225
13 -573
14 -38
15 -242
16 -89
17 -468
18 -924
19 -374
20 -298
21 -402
22 -72
23 -160
24 -240
25 -582
26 -3676
27 -320
28 -198
29 -86
30 -256
31 -235
32 -219
33 -4284
34 -108
35 -443
36 -55
37 -368
38 -65
39 -31
40 -42
41 -60
42 -146
43 -43
44 -55
45 -228
46 -130
47 -55
48 -82
49 -99
50 -74
51 -155
52 -55
53 -299
54 -621
55 -261
56 -315
57 -197
58 -49
59 -559
60 -60
61 -591
62 -55
63 -2922
64 -350
65 -494
66 -445
67 -98
68 -66
69 -55
70 -180
71 -32
72 -81
73 -592
74 -184
75 -207
76 -55
77 -44
78 -313
79 -48
80 -282
81 -368
82 -310
83 -55
84 -55
85 -32
86 -570
87 -366
88 -65
89 -73
90 -454
91 -280
92 -152
93 -161
94 -1290
95 -41
96 -259
97 -242
98 -610
99 -480
100 -42
101 -55
102 -64
103 -56
104 -157
105 -75
106 -954
107 -112
108 -63
109 -75
110 -284
111 -94
112 -375
113 -902
114 -219
115 -6238
116 -662
117 -854
118 -59
119 -87
120 -319
121 -299
122 -91
123 -55
124 -639
125 -68
126 -502
127 -358
128 -520
129 -55
130 -56
131 -509
132 -32
133 -754
134 -139
135 -202
136 -55
137 -140
138 -153
139 -253
140 -510
141 -289
142 -159
143 -313
144 -223
145 -55
146 -171
147 -109
148 -55
149 -671
150 -334
151 -53
152 -554
153 -254
154 -187
155 -335
156 -415
157 -184
158 -170
159 -658
160 -379
161 -1247
162 -55
163 -362
164 -683
165 -102
166 -137
167 -837
168 -298
169 -55
170 -390
171 -902
172 -55
173 -39
174 -136
175 -41
176 -582
177 -135
178 -506
179 -65
180 -1207
181 -231
182 -56
183 -55
184 -79
185 -106
186 -512
187 -223
188 -175
189 -89
190 -81
191 -269
192 -273
193 -8
194 -105
195 -608
196 -151
197 -70
198 -26
199 -24
200 -195
201 -80
202 -96
203 -457
204 -88
205 -75
206 -55
207 -669
208 -216
209 -326
210 -210
211 -300
212 -166
213 -94
214 -282
215 -340
216 -156
217 -453
218 -55
219 -35
220 -116
221 -115
222 -54
223 -217
224 -2705
225 -155
226 -60
227 -148
228 -56
229 -592
230 -64
231 -319
232 -409
233 -364
234 -69
235 -1372
236 -48
237 -577
238 -55
239 -337
240 -279
241 -220
242 -55
243 -79
244 -59
245 -646
246 -223
247 -121
248 -70
249 -1804
250 -84
251 -55
252 -431
253 -55
254 -55
255 -122
256 -218
257 -154
258 -37
259 -1350
260 -76
261 -330
262 -498
263 -310
264 -55
265 -205
266 -281
267 -283
268 -419
269 -214
270 -66
271 -84
272 -39
273 -78
274 -547
275 -540
276 -3282
277 -419
278 -48
279 -592
280 -65
281 -55
282 -184
283 -138
284 -849
285 -55
286 -2081
287 -55
288 -178
289 -19
290 -516
291 -55
292 -129
293 -207
294 -514
295 -213
296 -33
297 -868
298 -121
299 -22
300 -63
301 -152
302 -597
303 -55
304 -85
305 -123
306 -463
307 -355
308 -164
309 -161
310 -36
311 -132
312 -389
313 -100
314 -695
315 -79
316 -45
317 -145
318 -46
319 -207
320 -201
321 -55
322 -176
323 -114
324 -394
325 -553
326 -370
327 -169
328 -307
329 -1293
330 -702
331 -55
332 -469
333 -455
334 -450
335 -95
336 -156
337 -578
338 -29
339 -55
340 -61
341 -55
342 -273
343 -1389
344 -55
345 -605
346 -194
347 -579
348 -122
349 -55
350 -1262
351 -411
352 -74
353 -188
354 -56
355 -570
356 -673
357 -148
358 -55
359 -55
360 -87
361 -378
362 -76
363 -981
364 -55
365 -74
366 -246
367 -96
368 -93
369 -55
370 -116
371 -86
372 -614
373 -55
374 -55
375 -161
376 -398
377 -158
378 -190
379 -59
380 -26
381 -367
382 -190
383 -141
384 -412
385 -313
386 -61
387 -119
388 -212
389 -27
390 -1006
391 -378
392 -55
393 -55
394 -55
395 -81
396 -167
397 -94
398 -105
399 -68
400 -287
401 -55
402 -124
403 -2127
404 -72
405 -339
406 -199
407 -31
408 -56
409 -54
410 -2585
411 -148
412 -55
413 -360
414 -79
415 -33
416 -50
417 -200
418 -185
419 -117
420 -148
421 -146
422 -234
423 -55
424 -38
425 -361
426 -55
427 -50
428 -55
429 -51
430 -202
431 -278
432 -436
433 -185
434 -442
435 -331
436 -353
437 -207
438 -546
439 -116
440 -98
441 -242
442 -100
443 -81
444 -409
445 -686
446 -297
447 -657
448 -85
449 -167
450 -137
451 -355
452 -58
453 -101
454 -275
455 -98
456 -300
457 -1505
458 -631
459 -55
460 -232
461 -161
462 -839
463 -266
464 -553
465 -99
466 -55
467 -25
468 -230
469 -407
470 -39
471 -83
472 -20
473 -92
474 -218
475 -184
476 -344
477 -653
478 -1000
479 -411
480 -376
481 -42
482 -87
483 -55
484 -69
485 -340
486 -1541
487 -632
488 -506
489 -82
490 -320
491 -55
492 -1554
493 -78
494 -70
495 -15
496 -299
497 -289
498 -45
499 -24
500 -87
501 -96
502 -204
503 -6022
504 -514
505 -423
506 -167
507 -114
508 -778
509 -75
510 -79
511 -629
512 -1155
513 -70
514 -55
515 -391
516 -205
517 -43
518 -991
519 -55
520 -274
521 -109
522 -173
523 -212
524 -323
525 -862
526 -271
527 -597
528 -640
529 -200
530 -84
531 -78
532 -191
533 -191
534 -748
535 -408
536 -55
537 -266
538 -773
539 -55
540 -107
541 -187
542 -236
543 -592
544 -150
545 -202
546 -74
547 -382
548 -81
549 -145
550 -375
551 -368
552 -140
553 -504
554 -136
555 -56
556 -32
557 -45
558 -117
559 -125
560 -55
561 -55
562 -591
563 -167
564 -330
565 -903
566 -168
567 -66
568 -458
569 -509
570 -61
571 -55
572 -267
573 -488
574 -182
575 -106
576 -91
577 -56
578 -284
579 -350
580 -181
581 -292
582 -60
583 -55
584 -575
585 -422
586 -77
587 -167
588 -253
589 -214
590 -1087
591 -204
592 -55
593 -305
594 -55
595 -186
596 -55
597 -61
598 -154
599 -816
600 -39
601 -55
602 -55
603 -326
604 -100
605 -356
606 -236
607 -132
608 -17
609 -263
610 -34
611 -55
612 -61
613 -122
614 -95
615 -264
616 -185
617 -24
618 -248
619 -858
620 -514
621 -146
622 -58
623 -55
624 -34
625 -934
626 -65
627 -784
628 -33
629 -157
630 -221
631 -113
632 -295
633 -112
634 -55
635 -202
636 -199
637 -110
638 -55
639 -112
640 -30
641 -90
642 -472
643 -27
644 -1884
645 -35
646 -255
647 -332
648 -207
649 -111
650 -31
651 -55
652 -718
653 -53
654 -55
655 -55
656 -437
657 -113
658 -58
659 -25
660 -6882
661 -172
662 -41
663 -202
664 -55
665 -963
666 -437
667 -177
668 -79
669 -99
670 -41
671 -267
672 -55
673 -365
674 -232
675 -294
676 -406
677 -244
678 -1032
679 -90
680 -184
681 -34
682 -55
683 -101
684 -456
685 -55
686 -202
687 -80
688 -110
689 -105
690 -233
691 -1349
692 -138
693 -695
694 -939
695 -55
696 -55
697 -55
698 -426
699 -79
700 -308
701 -55
702 -60
703 -30
704 -347
705 -70
706 -307
707 -1196
708 -169
709 -820
710 -66
711 -218
712 -125
713 -416
714 -617
715 -62
716 -249
717 -483
718 -65
719 -329
720 -67
721 -69
722 -95
723 -471
724 -208
725 -293
726 -55
727 -81
728 -55
729 -257
730 -55
731 -541
732 -113
733 -119
734 -711
735 -55
736 -510
737 -55
738 -72
739 -89
740 -63
741 -90
742 -55
743 -55
744 -59
745 -55
746 -983
747 -45
748 -188
749 -227
750 -55
751 -853
752 -311
753 -70
754 -241
755 -724
756 -61
757 -117
758 -249
759 -462
760 -31
761 -37
762 -68
763 -82
764 -52
765 -4183
766 -336
767 -83
768 -55
769 -98
770 -91
771 -1563
772 -55
773 -162
774 -224
775 -768
776 -28
777 -345
778 -2321
779 -55
780 -284
781 -123
782 -55
783 -777
784 -67
785 -567
786 -626
787 -102
788 -63
789 -614
790 -55
791 -311
792 -413
793 -55
794 -55
795 -358
796 -729
797 -104
798 -882
799 -260
800 -219
801 -362
802 -450
803 -1339
804 -676
805 -462
806 -1129
807 -70
808 -59
809 -55
810 -178
811 -39
812 -4135
813 -256
814 -2286
815 -83
816 -124
817 -250
818 -1132
819 -189
820 -128
821 -37
822 -55
823 -269
824 -55
825 -198
826 -75
827 -176
828 -812
829 -166
830 -488
831 -29
832 -1325
833 -88
834 -205
835 -45
836 -293
837 -148
838 -401
839 -55
840 -51
841 -619
842 -202
843 -551
844 -159
845 -366
846 -460
847 -300
848 -55
849 -275
850 -131
851 -35
852 -108
853 -234
854 -116
855 -894
856 -615
857 -451
858 -35
859 -67
860 -55
861 -1036
862 -174
863 -247
864 -189
865 -208
866 -241
867 -31
868 -197
869 -2480
870 -912
871 -55
872 -36
873 -27
874 -196
875 -99
876 -110
877 -67
878 -122
879 -55
880 -399
881 -122
882 -875
883 -132
884 -55
885 -55
886 -380
887 -854
888 -1139
889 -284
890 -98
891 -319
892 -74
893 -316
894 -679
895 -42
896 -48
897 -89
898 -1130
899 -540
900 -223
901 -152
902 -579
903 -501
904 -486
905 -277
906 -667
907 -85
908 -243
909 -129
910 -55
911 -175
912 -43
913 -55
914 -352
915 -1025
916 -551
917 -686
918 -3828
919 -175
920 -55
921 -390
922 -648
923 -98
924 -212
925 -385
926 -303
927 -244
928 -63
929 -456
930 -30
931 -88
932 -99
933 -687
934 -488
935 -353
936 -1855
937 -665
938 -958
939 -264
940 -58
941 -42
942 -55
943 -304
944 -57
945 -362
946 -50
947 -148
948 -3278
949 -162
950 -3633
951 -50
952 -56
953 -7593
954 -69
955 -185
956 -21
957 -311
958 -42
959 -239
960 -55
961 -305
962 -321
963 -394
964 -343
965 -565
966 -874
967 -605
968 -253
969 -597
970 -1302
971 -77
972 -92
973 -502
974 -25
975 -600
976 -146
977 -180
978 -260
979 -133
980 -69
981 -75
982 -478
983 -213
984 -231
985 -55
986 -26
987 -1740
988 -141
989 -306
990 -55
991 -485
992 -117
993 -1047
994 -347
995 -114
996 -418
997 -1626
998 -70
999 -103
