0 -965
1 -83
2 -240
3 -328
4 -137
5 -23
6 -23
7 -151
8 -114
9 -68
10 -33
11 -151
12 -102
13 -56
14 -61
15 -536
16 -23
17 -23
18 -41
19 -430
20 -271
21 -374
22 -12
23 -23
24 -155
25 -23
26 -43
27 -197
28 -566
29 -321
30 -93
31 -300
32 -23
33 -107
34 -23
35 -110
36 -108
37 -33
38 -33
39 -94
40 -238
41 -87
42 -318
43 -41
44 -422
45 -143
46 -23
47 -239
48 -33
49 -88
50 -394
51 -103
52 -33
53 -56
54 -23
55 -23
56 -83
57 -295
58 -336
59 -23
60 -24
61 -33
62 -71
63 -245
64 -79
65 -342
66 -254
67 -48
68 -196
69 -366
70 -283
71 -285
72 -102
73 -12
74 -33
75 -33
76 -192
77 -33
78 -302
79 -160
80 -23
81 -108
82 -33
83 -33
84 -347
85 -302
86 -33
87 -39
88 -271
89 -46
90 -152
91 -495
92 -88
93 -105
94 -208
95 -149
96 -103
97 -23
98 -71
99 -23
100 -134
101 -373
102 -253
103 -310
104 -429
105 -48
106 -23
107 -23
108 -23
109 -176
110 -498
111 -23
112 -69
113 -23
114 -770
115 -33
116 -92
117 -75
118 -60
119 -271
120 -33
121 -156
122 -15
123 -23
124 -33
125 -405
126 -111
127 -186
128 -545
129 -23
130 -137
131 -296
132 -285
133 -327
134 -260
135 -161
136 -33
137 -33
138 -23
139 -694
140 -25
141 -81
142 -15
143 -316
144 -33
145 -23
146 -55
147 -344
148 -38
149 -25
150 -1023
151 -153
152 -404
153 -176
154 -183
155 -427
156 -33
157 -14
158 -181
159 -23
160 -23
161 -23
162 -240
163 -80
164 -33
165 -453
166 -43
167 -712
168 -23
169 -216
170 -23
171 -115
172 -60
173 -48
174 -44
175 -421
176 -226
177 -560
178 -159
179 -193
180 -33
181 -23
182 -253
183 -41
184 -40
185 -231
186 -160
187 -23
188 -29
189 -23
190 -20
191 -150
192 -23
193 -17
194 -282
195 -23
196 -176
197 -23
198 -1850
199 -33
200 -33
201 -171
202 -23
203 -117
204 -23
205 -33
206 -123
207 -23
208 -23
209 -336
210 -33
211 -33
212 -14
213 -75
214 -667
215 -193
216 -22
217 -371
218 -46
219 -33
220 -37
221 -329
222 -161
223 -659
224 -33
225 -431
226 -316
227 -301
228 -167
229 -40
230 -23
231 -43
232 -97
233 -33
234 -122
235 -83
236 -51
237 -121
238 -20
239 -232
240 -45
241 -33
242 -296
243 -194
244 -114
245 -23
246 -336
247 -106
248 -70
249 -282
250 -33
251 -23
252 -384
253 -136
254 -243
255 -43
256 -392
257 -24
258 -23
259 -273
260 -23
261 -59
262 -23
263 -203
264 -222
265 -250
266 -119
267 -701
268 -153
269 -23
270 -65
271 -284
272 -74
273 -259
274 -73
275 -33
276 -23
277 -488
278 -584
279 -36
280 -33
281 -33
282 -133
283 -23
284 -23
285 -327
286 -103
287 -36
288 -23
289 -453
290 -91
291 -114
292 -179
293 -39
294 -238
295 -270
296 -201
297 -33
298 -225
299 -27
300 -452
301 -259
302 -48
303 -247
304 -204
305 -275
306 -292
307 -477
308 -53
309 -261
310 -33
311 -218
312 -129
313 -23
314 -33
315 -130
316 -213
317 -23
318 -35
319 -23
320 -258
321 -135
322 -33
323 -31
324 -91
325 -43
326 -252
327 -789
328 -460
329 -108
330 -23
331 -33
332 -23
333 -48
334 -63
335 -156
336 -89
337 -497
338 -154
339 -33
340 -215
341 -102
342 -41
343 -154
344 -199
345 -152
346 -23
347 -189
348 -101
349 -23
350 -194
351 -23
352 -232
353 -33
354 -164
355 -23
356 -282
357 -288
358 -23
359 -155
360 -54
361 -167
362 -57
363 -162
364 -40
365 -197
366 -33
367 -33
368 -116
369 -696
370 -392
371 -354
372 -33
373 -433
374 -819
375 -965
376 -106
377 -32
378 -51
379 -218
380 -63
381 -158
382 -33
383 -57
384 -144
385 -33
386 -23
387 -210
388 -33
389 -84
390 -466
391 -600
392 -226
393 -23
394 -23
395 -144
396 -23
397 -326
398 -42
399 -10
400 -33
401 -114
402 -962
403 -133
404 -88
405 -160
406 -27
407 -117
408 -33
409 -35
410 -23
411 -134
412 -1154
413 -94
414 -149
415 -23
416 -171
417 -9
418 -163
419 -1034
420 -236
421 -347
422 -23
423 -73
424 -36
425 -106
426 -358
427 -408
428 -51
429 -275
430 -23
431 -153
432 -235
433 -33
434 -184
435 -1062
436 -236
437 -33
438 -239
439 -125
440 -23
441 -55
442 -426
443 -179
444 -127
445 -100
446 -186
447 -158
448 -123
449 -256
450 -359
451 -33
452 -258
453 -72
454 -47
455 -23
456 -86
457 -32
458 -132
459 -664
460 -463
461 -136
462 -33
463 -159
464 -33
465 -136
466 -92
467 -23
468 -81
469 -223
470 -28
471 -309
472 -33
473 -24
474 -78
475 -98
476 -47
477 -33
478 -77
479 -104
480 -1043
481 -277
482 -140
483 -23
484 -23
485 -33
486 -23
487 -112
488 -23
489 -23
490 -54
491 -33
492 -310
493 -665
494 -114
495 -110
496 -232
497 -28
498 -23
499 -7
500 -38
501 -23
502 -678
503 -276
504 -66
505 -145
506 -164
507 -23
508 -70
509 -96
510 -23
511 -23
512 -96
513 -301
514 -361
515 -85
516 -376
517 -163
518 -109
519 -158
520 -270
521 -116
522 -746
523 -147
524 -23
525 -44
526 -38
527 -232
528 -72
529 -23
530 -33
531 -83
532 -52
533 -23
534 -342
535 -207
536 -21
537 -616
538 -23
539 -113
540 -525
541 -210
542 -43
543 -173
544 -395
545 -141
546 -354
547 -103
548 -110
549 -208
550 -41
551 -89
552 -54
553 -291
554 -23
555 -23
556 -78
557 -23
558 -89
559 -204
560 -40
561 -23
562 -33
563 -73
564 -55
565 -186
566 -83
567 -178
568 -286
569 -472
570 -342
571 -89
572 -23
573 -33
574 -40
575 -80
576 -33
577 -183
578 -277
579 -394
580 -178
581 -128
582 -9
583 -182
584 -183
585 -214
586 -67
587 -33
588 -113
589 -55
590 -720
591 -76
592 -98
593 -33
594 -80
595 -608
596 -33
597 -23
598 -210
599 -23
600 -53
601 -33
602 -33
603 -23
604 -123
605 -272
606 -275
607 -33
608 -23
609 -583
610 -530
611 -194
612 -45
613 -374
614 -319
615 -101
616 -46
617 -23
618 -33
619 -625
620 -233
621 -404
622 -172
623 -654
624 -316
625 -127
626 -23
627 -23
628 -83
629 -33
630 -127
631 -23
632 -23
633 -23
634 -149
635 -12
636 -37
637 -152
638 -33
639 -104
640 -23
641 -297
642 -22
643 -371
644 -23
645 -307
646 -64
647 -261
648 -466
649 -1202
650 -33
651 -97
652 -92
653 -39
654 -326
655 -109
656 -33
657 -33
658 -212
659 -57
660 -23
661 -41
662 -23
663 -23
664 -33
665 -76
666 -33
667 -169
668 -692
669 -246
670 -131
671 -390
672 -190
673 -23
674 -108
675 -315
676 -51
677 -144
678 -639
679 -28
680 -197
681 -334
682 -63
683 -172
684 -544
685 -1056
686 -102
687 -52
688 -14
689 -121
690 -28
691 -33
692 -662
693 -33
694 -360
695 -14
696 -33
697 -46
698 -298
699 -23
700 -49
701 -251
702 -150
703 -75
704 -146
705 -221
706 -492
707 -34
708 -248
709 -46
710 -23
711 -45
712 -24
713 -23
714 -38
715 -23
716 -154
717 -21
718 -171
719 -33
720 -163
721 -148
722 -488
723 -14
724 -23
725 -118
726 -24
727 -33
728 -33
729 -396
730 -33
731 -42
732 -104
733 -773
734 -280
735 -232
736 -113
737 -1006
738 -30
739 -30
740 -33
741 -505
742 -33
743 -84
744 -23
745 -33
746 -596
747 -250
748 -182
749 -33
750 -23
751 -78
752 -145
753 -144
754 -23
755 -274
756 -379
757 -389
758 -33
759 -184
760 -153
761 -33
762 -33
763 -23
764 -23
765 -23
766 -292
767 -164
768 -23
769 -216
770 -150
771 -23
772 -23
773 -41
774 -70
775 -228
776 -115
777 -139
778 -23
779 -241
780 -23
781 -371
782 -78
783 -131
784 -23
785 -105
786 -33
787 -305
788 -265
789 -27
790 -52
791 -23
792 -296
793 -580
794 -136
795 -33
796 -4624
797 -106
798 -744
799 -134
800 -33
801 -147
802 -551
803 -205
804 -89
805 -248
806 -67
807 -204
808 -225
809 -33
810 -520
811 -47
812 -159
813 -201
814 -92
815 -92
816 -55
817 -107
818 -32
819 -111
820 -237
821 -33
822 -35
823 -239
824 -23
825 -19
826 -142
827 -57
828 -167
829 -55
830 -33
831 -855
832 -18
833 -23
834 -848
835 -389
836 -479
837 -204
838 -47
839 -87
840 -33
841 -98
842 -283
843 -23
844 -290
845 -223
846 -226
847 -33
848 -104
849 -179
850 -23
851 -78
852 -33
853 -177
854 -38
855 -137
856 -256
857 -522
858 -13
859 -495
860 -34
861 -144
862 -233
863 -142
864 -33
865 -708
866 -100
867 -340
868 -33
869 -33
870 -105
871 -23
872 -30
873 -23
874 -154
875 -81
876 -592
877 -33
878 -33
879 -629
880 -482
881 -189
882 -91
883 -23
884 -194
885 -47
886 -97
887 -33
888 -135
889 -13
890 -23
891 -23
892 -109
893 -23
894 -47
895 -129
896 -55
897 -208
898 -106
899 -27
900 -259
901 -202
902 -122
903 -33
904 -28
905 -139
906 -23
907 -33
908 -227
909 -18
910 -74
911 -23
912 -23
913 -73
914 -23
915 -33
916 -33
917 -322
918 -33
919 -295
920 -549
921 -101
922 -576
923 -286
924 -193
925 -417
926 -23
927 -333
928 -33
929 -70
930 -33
931 -23
932 -1131
933 -249
934 -266
935 -58
936 -103
937 -311
938 -187
939 -569
940 -290
941 -850
942 -43
943 -33
944 -159
945 -123
946 -402
947 -33
948 -172
949 -225
950 -117
951 -19
952 -13
953 -23
954 -71
955 -325
956 -160
957 -197
958 -19
959 -732
960 -242
961 -33
962 -23
963 -11
964 -1192
965 -273
966 -231
967 -267
968 -849
969 -81
970 -102
971 -33
972 -23
973 -23
974 -463
975 -53
976 -72
977 -32
978 -155
979 -353
980 -193
981 -33
982 -100
983 -23
984 -58
985 -52
986 -33
987 -152
988 -33
989 -104
990 -55
991 -33
992 -81
993 -33
994 -81
995 -740
996 -199
997 -76
998 -33
999 -243
