0 -32
1 -751
2 -248
3 -84
4 -450
5 -52
6 -117
7 -608
8 -49
9 -342
10 -467
11 -1582
12 -571
13 -150
14 -56
15 -39
16 -249
17 -574
18 -135
19 -39
20 -119
21 -405
22 -39
23 -502
24 -402
25 -145
26 -421
27 -39
28 -87
29 -143
30 -234
31 -195
32 -39
33 -168
34 -32
35 -331
36 -30
37 -120
38 -39
39 -77
40 -39
41 -175
42 -782
43 -106
44 -361
45 -32
46 -721
47 -39
48 -218
49 -325
50 -39
51 -224
52 -777
53 -39
54 -39
55 -405
56 -32
57 -39
58 -39
59 -30
60 -88
61 -392
62 -32
63 -298
64 -39
65 -62
66 -67
67 -360
68 -32
69 -490
70 -471
71 -39
72 -946
73 -32
74 -62
75 -32
76 -37
77 -88
78 -346
79 -224
80 -103
81 -696
82 -377
83 -372
84 -32
85 -131
86 -39
87 -32
88 -39
89 -90
90 -334
91 -78
92 -161
93 -125
94 -3902
95 -235
96 -39
97 -149
98 -696
99 -1318
100 -1226
101 -39
102 -64
103 -644
104 -500
105 -678
106 -39
107 -153
108 -32
109 -39
110 -86
111 -39
112 -549
113 -39
114 -229
115 -47
116 -202
117 -171
118 -39
119 -36
120 -67
121 -199
122 -403
123 -38
124 -84
125 -82
126 -133
127 -32
128 -54
129 -52
130 -89
131 -32
132 -32
133 -32
134 -220
135 -204
136 -39
137 -140
138 -32
139 -77
140 -248
141 -32
142 -51
143 -94
144 -39
145 -113
146 -435
147 -39
148 -668
149 -52
150 -595
151 -21
152 -135
153 -32
154 -49
155 -39
156 -32
157 -224
158 -135
159 -522
160 -32
161 -465
162 -39
163 -27
164 -21
165 -30
166 -32
167 -534
168 -277
169 -32
170 -63
171 -44
172 -39
173 -35
174 -324
175 -357
176 -517
177 -381
178 -60
179 -39
180 -84
181 -68
182 -81
183 -381
184 -32
185 -45
186 -68
187 -416
188 -32
189 -356
190 -607
191 -262
192 -39
193 -73
194 -214
195 -1194
196 -33
197 -187
198 -39
199 -97
200 -549
201 -514
202 -137
203 -32
204 -39
205 -113
206 -383
207 -354
208 -32
209 -70
210 -234
211 -26
212 -39
213 -154
214 -323
215 -213
216 -39
217 -39
218 -95
219 -231
220 -265
221 -79
222 -39
223 -125
224 -88
225 -232
226 -83
227 -252
228 -69
229 -529
230 -365
231 -664
232 -39
233 -45
234 -32
235 -39
236 -39
237 -665
238 -760
239 -87
240 -170
241 -246
242 -143
243 -32
244 -360
245 -32
246 -110
247 -60
248 -39
249 -505
250 -39
251 -59
252 -47
253 -127
254 -172
255 -32
256 -553
257 -32
258 -98
259 -70
260 -158
261 -286
262 -237
263 -360
264 -39
265 -39
266 -87
267 -32
268 -147
269 -40
270 -1213
271 -39
272 -33
273 -211
274 -39
275 -39
276 -39
277 -482
278 -70
279 -154
280 -37
281 -376
282 -39
283 -421
284 -64
285 -520
286 -32
287 -450
288 -39
289 -1196
290 -164
291 -32
292 -39
293 -189
294 -689
295 -679
296 -32
297 -130
298 -32
299 -147
300 -63
301 -484
302 -216
303 -75
304 -538
305 -396
306 -32
307 -399
308 -95
309 -38
310 -132
311 -161
312 -49
313 -134
314 -59
315 -277
316 -394
317 -87
318 -32
319 -195
320 -169
321 -39
322 -32
323 -1048
324 -118
325 -344
326 -49
327 -1690
328 -663
329 -32
330 -360
331 -126
332 -97
333 -40
334 -93
335 -135
336 -368
337 -225
338 -161
339 -75
340 -499
341 -233
342 -39
343 -39
344 -91
345 -111
346 -86
347 -826
348 -70
349 -459
350 -39
351 -34
352 -235
353 -230
354 -402
355 -188
356 -133
357 -343
358 -39
359 -609
360 -32
361 -32
362 -36
363 -136
364 -32
365 -75
366 -39
367 -128
368 -39
369 -572
370 -91
371 -39
372 -39
373 -71
374 -282
375 -633
376 -277
377 -37
378 -39
379 -25
380 -116
381 -32
382 -255
383 -39
384 -601
385 -39
386 -237
387 -39
388 -588
389 -189
390 -281
391 -68
392 -97
393 -255
394 -39
395 -32
396 -51
397 -274
398 -243
399 -42
400 -492
401 -110
402 -32
403 -961
404 -32
405 -274
406 -39
407 -32
408 -983
409 -358
410 -369
411 -36
412 -39
413 -241
414 -42
415 -32
416 -32
417 -294
418 -74
419 -139
420 -39
421 -32
422 -97
423 -169
424 -32
425 -151
426 -23
427 -405
428 -554
429 -930
430 -141
431 -140
432 -165
433 -39
434 -79
435 -39
436 -650
437 -39
438 -410
439 -240
440 -1642
441 -374
442 -149
443 -462
444 -96
445 -161
446 -32
447 -692
448 -320
449 -39
450 -108
451 -125
452 -83
453 -32
454 -288
455 -32
456 -39
457 -59
458 -322
459 -385
460 -259
461 -71
462 -235
463 -69
464 -44
465 -143
466 -275
467 -296
468 -174
469 -146
470 -39
471 -191
472 -146
473 -32
474 -735
475 -30
476 -44
477 -142
478 -219
479 -1727
480 -39
481 -129
482 -97
483 -39
484 -54
485 -39
486 -467
487 -39
488 -252
489 -456
490 -563
491 -45
492 -39
493 -39
494 -41
495 -79
496 -106
497 -314
498 -39
499 -146
500 -108
501 -49
502 -61
503 -224
504 -169
505 -439
506 -774
507 -39
508 -126
509 -251
510 -332
511 -230
512 -67
513 -45
514 -220
515 -254
516 -630
517 -251
518 -285
519 -99
520 -27
521 -468
522 -120
523 -193
524 -39
525 -166
526 -233
527 -749
528 -234
529 -175
530 -90
531 -571
532 -32
533 -32
534 -62
535 -134
536 -285
537 -87
538 -39
539 -145
540 -352
541 -449
542 -39
543 -255
544 -506
545 -878
546 -39
547 -32
548 -39
549 -46
550 -114
551 -32
552 -69
553 -224
554 -596
555 -104
556 -39
557 -73
558 -643
559 -47
560 -189
561 -280
562 -90
563 -272
564 -297
565 -39
566 -142
567 -147
568 -39
569 -919
570 -126
571 -176
572 -124
573 -117
574 -183
575 -703
576 -32
577 -89
578 -32
579 -39
580 -175
581 -399
582 -67
583 -32
584 -410
585 -205
586 -39
587 -357
588 -86
589 -126
590 -39
591 -373
592 -280
593 -38
594 -105
595 -39
596 -418
597 -498
598 -422
599 -45
600 -32
601 -39
602 -32
603 -32
604 -39
605 -622
606 -479
607 -32
608 -31
609 -289
610 -408
611 -32
612 -32
613 -248
614 -784
615 -145
616 -263
617 -356
618 -39
619 -39
620 -171
621 -207
622 -222
623 -123
624 -32
625 -306
626 -238
627 -32
628 -48
629 -32
630 -32
631 -39
632 -187
633 -270
634 -103
635 -532
636 -155
637 -90
638 -32
639 -2409
640 -39
641 -258
642 -39
643 -32
644 -191
645 -32
646 -330
647 -201
648 -219
649 -71
650 -105
651 -32
652 -42
653 -393
654 -49
655 -32
656 -42
657 -59
658 -268
659 -320
660 -208
661 -17
662 -138
663 -98
664 -117
665 -430
666 -419
667 -15
668 -39
669 -39
670 -28
671 -41
672 -39
673 -72
674 -39
675 -32
676 -32
677 -405
678 -1105
679 -61
680 -203
681 -210
682 -118
683 -429
684 -39
685 -39
686 -291
687 -88
688 -32
689 -62
690 -157
691 -234
692 -409
693 -39
694 -68
695 -32
696 -512
697 -140
698 -39
699 -32
700 -421
701 -133
702 -111
703 -57
704 -32
705 -446
706 -33
707 -32
708 -92
709 -249
710 -161
711 -126
712 -49
713 -12
714 -122
715 -224
716 -18
717 -32
718 -46
719 -82
720 -32
721 -332
722 -39
723 -132
724 -184
725 -101
726 -284
727 -22
728 -385
729 -205
730 -39
731 -106
732 -39
733 -378
734 -275
735 -380
736 -234
737 -138
738 -582
739 -90
740 -218
741 -32
742 -607
743 -115
744 -472
745 -228
746 -230
747 -228
748 -32
749 -39
750 -40
751 -36
752 -323
753 -39
754 -104
755 -176
756 -139
757 -231
758 -39
759 -337
760 -32
761 -32
762 -39
763 -197
764 -322
765 -32
766 -125
767 -102
768 -32
769 -32
770 -39
771 -195
772 -39
773 -266
774 -90
775 -46
776 -274
777 -39
778 -32
779 -32
780 -246
781 -1478
782 -355
783 -468
784 -179
785 -96
786 -159
787 -41
788 -415
789 -32
790 -38
791 -265
792 -32
793 -32
794 -445
795 -39
796 -32
797 -687
798 -39
799 -137
800 -208
801 -259
802 -129
803 -203
804 -304
805 -32
806 -32
807 -244
808 -48
809 -32
810 -245
811 -32
812 -136
813 -32
814 -65
815 -42
816 -261
817 -417
818 -208
819 -122
820 -498
821 -248
822 -39
823 -32
824 -602
825 -294
826 -47
827 -189
828 -1228
829 -64
830 -251
831 -39
832 -170
833 -248
834 -92
835 -137
836 -74
837 -366
838 -409
839 -219
840 -120
841 -107
842 -516
843 -257
844 -37
845 -76
846 -21
847 -384
848 -243
849 -32
850 -39
851 -77
852 -32
853 -123
854 -44
855 -139
856 -240
857 -656
858 -32
859 -860
860 -193
861 -39
862 -260
863 -78
864 -442
865 -126
866 -148
867 -99
868 -39
869 -53
870 -126
871 -106
872 -524
873 -39
874 -235
875 -39
876 -218
877 -429
878 -29
879 -217
880 -76
881 -373
882 -223
883 -244
884 -193
885 -523
886 -248
887 -39
888 -89
889 -407
890 -390
891 -60
892 -14
893 -277
894 -25
895 -28
896 -35
897 -194
898 -262
899 -556
900 -74
901 -218
902 -119
903 -346
904 -280
905 -413
906 -39
907 -39
908 -505
909 -161
910 -39
911 -83
912 -73
913 -515
914 -545
915 -32
916 -230
917 -128
918 -165
919 -231
920 -39
921 -498
922 -429
923 -69
924 -192
925 -325
926 -39
927 -236
928 -705
929 -39
930 -62
931 -235
932 -1095
933 -72
934 -218
935 -315
936 -54
937 -32
938 -39
939 -185
940 -84
941 -148
942 -132
943 -39
944 -32
945 -147
946 -514
947 -56
948 -161
949 -80
950 -134
951 -58
952 -61
953 -174
954 -110
955 -305
956 -35
957 -206
958 -39
959 -56
960 -101
961 -39
962 -138
963 -45
964 -666
965 -1106
966 -565
967 -32
968 -48
969 -246
970 -39
971 -39
972 -72
973 -102
974 -65
975 -52
976 -1225
977 -80
978 -151
979 -385
980 -556
981 -408
982 -39
983 -222
984 -423
985 -39
986 -32
987 -171
988 -158
989 -39
990 -222
991 -495
992 -39
993 -744
994 -138
995 -162
996 -29
997 -313
998 -26
999 -39
