0 -23
1 -424
2 -515
3 -35
4 -33
5 -209
6 -33
7 -35
8 -109
9 -25
10 -23
11 -33
12 -267
13 -328
14 -157
15 -205
16 -106
17 -353
18 -35
19 -23
20 -23
21 -23
22 -45
23 -321
24 -35
25 -52
26 -802
27 -23
28 -308
29 -23
30 -300
31 -35
32 -113
33 -35
34 -373
35 -106
36 -35
37 -33
38 -33
39 -23
40 -135
41 -24
42 -34
43 -35
44 -328
45 -102
46 -33
47 -340
48 -35
49 -27
50 -35
51 -35
52 -326
53 -84
54 -177
55 -41
56 -110
57 -76
58 -191
59 -23
60 -35
61 -33
62 -387
63 -456
64 -294
65 -23
66 -252
67 -85
68 -218
69 -56
70 -23
71 -33
72 -189
73 -60
74 -89
75 -214
76 -125
77 -45
78 -35
79 -33
80 -35
81 -356
82 -33
83 -35
84 -33
85 -344
86 -23
87 -35
88 -567
89 -287
90 -33
91 -23
92 -23
93 -35
94 -405
95 -35
96 -39
97 -73
98 -42
99 -24
100 -35
101 -70
102 -249
103 -553
104 -35
105 -27
106 -141
107 -23
108 -35
109 -205
110 -159
111 -461
112 -494
113 -405
114 -23
115 -27
116 -43
117 -239
118 -33
119 -38
120 -23
121 -130
122 -15
123 -23
124 -35
125 -30
126 -31
127 -23
128 -211
129 -425
130 -46
131 -171
132 -42
133 -220
134 -34
135 -261
136 -58
137 -159
138 -505
139 -33
140 -33
141 -120
142 -23
143 -35
144 -23
145 -33
146 -23
147 -33
148 -35
149 -304
150 -310
151 -146
152 -176
153 -118
154 -136
155 -35
156 -270
157 -61
158 -72
159 -35
160 -38
161 -35
162 -37
163 -192
164 -23
165 -23
166 -118
167 -27
168 -219
169 -41
170 -64
171 -33
172 -246
173 -23
174 -163
175 -122
176 -50
177 -23
178 -2070
179 -33
180 -264
181 -37
182 -33
183 -60
184 -99
185 -383
186 -33
187 -35
188 -98
189 -35
190 -152
191 -30
192 -30
193 -364
194 -505
195 -157
196 -200
197 -23
198 -86
199 -366
200 -42
201 -135
202 -435
203 -403
204 -347
205 -45
206 -23
207 -167
208 -268
209 -37
210 -110
211 -35
212 -148
213 -33
214 -32
215 -35
216 -46
217 -33
218 -28
219 -23
220 -23
221 -35
222 -23
223 -23
224 -406
225 -347
226 -224
227 -23
228 -1161
229 -389
230 -35
231 -23
232 -23
233 -64
234 -23
235 -72
236 -423
237 -25
238 -35
239 -23
240 -35
241 -583
242 -390
243 -23
244 -97
245 -23
246 -23
247 -268
248 -33
249 -137
250 -29
251 -144
252 -225
253 -23
254 -81
255 -29
256 -33
257 -23
258 -243
259 -233
260 -407
261 -33
262 -33
263 -265
264 -35
265 -53
266 -23
267 -27
268 -33
269 -142
270 -492
271 -142
272 -241
273 -82
274 -175
275 -43
276 -447
277 -23
278 -166
279 -113
280 -416
281 -119
282 -33
283 -23
284 -38
285 -35
286 -23
287 -35
288 -95
289 -69
290 -63
291 -124
292 -161
293 -35
294 -35
295 -33
296 -17
297 -101
298 -35
299 -24
300 -33
301 -31
302 -35
303 -35
304 -23
305 -107
306 -23
307 -641
308 -35
309 -322
310 -385
311 -35
312 -33
313 -23
314 -35
315 -199
316 -65
317 -33
318 -174
319 -99
320 -27
321 -359
322 -59
323 -183
324 -24
325 -173
326 -163
327 -1145
328 -23
329 -57
330 -86
331 -359
332 -92
333 -35
334 -652
335 -584
336 -35
337 -46
338 -33
339 -145
340 -23
341 -37
342 -128
343 -23
344 -33
345 -161
346 -23
347 -101
348 -92
349 -135
350 -168
351 -10
352 -33
353 -226
354 -118
355 -33
356 -40
357 -35
358 -610
359 -33
360 -319
361 -34
362 -23
363 -35
364 -54
365 -23
366 -87
367 -124
368 -213
369 -238
370 -35
371 -23
372 -35
373 -205
374 -108
375 -408
376 -33
377 -162
378 -35
379 -138
380 -23
381 -35
382 -23
383 -35
384 -402
385 -66
386 -35
387 -163
388 -23
389 -137
390 -159
391 -97
392 -464
393 -35
394 -38
395 -35
396 -67
397 -154
398 -35
399 -33
400 -33
401 -256
402 -23
403 -476
404 -35
405 -275
406 -119
407 -189
408 -23
409 -35
410 -33
411 -176
412 -569
413 -33
414 -150
415 -336
416 -23
417 -380
418 -147
419 -35
420 -23
421 -171
422 -139
423 -33
424 -441
425 -23
426 -279
427 -33
428 -138
429 -35
430 -23
431 -23
432 -206
433 -23
434 -65
435 -35
436 -143
437 -35
438 -33
439 -35
440 -646
441 -105
442 -55
443 -468
444 -23
445 -35
446 -33
447 -35
448 -198
449 -205
450 -33
451 -33
452 -31
453 -279
454 -138
455 -223
456 -225
457 -172
458 -77
459 -194
460 -30
461 -59
462 -74
463 -466
464 -202
465 -96
466 -129
467 -116
468 -134
469 -33
470 -105
471 -190
472 -279
473 -99
474 -23
475 -165
476 -23
477 -35
478 -33
479 -33
480 -23
481 -207
482 -23
483 -35
484 -31
485 -88
486 -23
487 -489
488 -56
489 -92
490 -284
491 -35
492 -23
493 -35
494 -23
495 -315
496 -33
497 -92
498 -33
499 -560
500 -31
501 -207
502 -194
503 -159
504 -500
505 -117
506 -23
507 -217
508 -39
509 -33
510 -40
511 -144
512 -66
513 -234
514 -82
515 -41
516 -35
517 -185
518 -27
519 -29
520 -83
521 -720
522 -228
523 -23
524 -70
525 -535
526 -33
527 -23
528 -145
529 -418
530 -36
531 -472
532 -33
533 -165
534 -77
535 -63
536 -33
537 -267
538 -124
539 -35
540 -35
541 -35
542 -33
543 -550
544 -172
545 -1797
546 -64
547 -55
548 -92
549 -33
550 -35
551 -153
552 -33
553 -23
554 -35
555 -32
556 -23
557 -35
558 -23
559 -33
560 -41
561 -59
562 -33
563 -364
564 -24
565 -35
566 -344
567 -499
568 -302
569 -35
570 -35
571 -90
572 -58
573 -16
574 -171
575 -70
576 -35
577 -516
578 -259
579 -161
580 -33
581 -515
582 -80
583 -129
584 -33
585 -763
586 -162
587 -23
588 -245
589 -35
590 -180
591 -232
592 -146
593 -23
594 -443
595 -314
596 -388
597 -23
598 -23
599 -173
600 -102
601 -126
602 -35
603 -33
604 -33
605 -60
606 -33
607 -35
608 -161
609 -49
610 -507
611 -23
612 -281
613 -163
614 -72
615 -33
616 -105
617 -251
618 -555
619 -216
620 -23
621 -198
622 -35
623 -125
624 -66
625 -35
626 -149
627 -306
628 -23
629 -23
630 -33
631 -23
632 -67
633 -101
634 -55
635 -490
636 -24
637 -153
638 -35
639 -41
640 -35
641 -33
642 -103
643 -35
644 -71
645 -58
646 -35
647 -23
648 -151
649 -138
650 -23
651 -33
652 -148
653 -228
654 -33
655 -362
656 -33
657 -33
658 -496
659 -330
660 -23
661 -51
662 -35
663 -345
664 -23
665 -270
666 -58
667 -23
668 -33
669 -160
670 -308
671 -23
672 -386
673 -23
674 -33
675 -33
676 -35
677 -33
678 -35
679 -219
680 -78
681 -94
682 -23
683 -84
684 -235
685 -23
686 -320
687 -104
688 -33
689 -109
690 -295
691 -511
692 -54
693 -817
694 -256
695 -33
696 -33
697 -41
698 -334
699 -23
700 -35
701 -52
702 -60
703 -23
704 -28
705 -35
706 -67
707 -77
708 -23
709 -284
710 -33
711 -83
712 -83
713 -33
714 -307
715 -35
716 -33
717 -23
718 -143
719 -23
720 -35
721 -286
722 -1754
723 -29
724 -33
725 -33
726 -55
727 -33
728 -323
729 -33
730 -33
731 -135
732 -35
733 -62
734 -163
735 -691
736 -23
737 -203
738 -35
739 -50
740 -224
741 -1380
742 -46
743 -33
744 -35
745 -23
746 -52
747 -33
748 -165
749 -33
750 -230
751 -220
752 -79
753 -403
754 -27
755 -33
756 -23
757 -33
758 -165
759 -95
760 -35
761 -45
762 -23
763 -587
764 -30
765 -33
766 -55
767 -123
768 -33
769 -218
770 -11
771 -442
772 -25
773 -74
774 -50
775 -23
776 -33
777 -33
778 -33
779 -33
780 -35
781 -33
782 -75
783 -39
784 -44
785 -135
786 -145
787 -35
788 -51
789 -33
790 -23
791 -23
792 -35
793 -33
794 -23
795 -103
796 -41
797 -390
798 -53
799 -226
800 -395
801 -1901
802 -35
803 -33
804 -23
805 -33
806 -49
807 -170
808 -262
809 -170
810 -35
811 -32
812 -23
813 -153
814 -23
815 -299
816 -116
817 -74
818 -34
819 -33
820 -245
821 -38
822 -648
823 -247
824 -209
825 -247
826 -227
827 -750
828 -216
829 -20
830 -467
831 -141
832 -33
833 -92
834 -23
835 -35
836 -33
837 -35
838 -23
839 -215
840 -23
841 -361
842 -132
843 -332
844 -23
845 -179
846 -48
847 -123
848 -227
849 -35
850 -33
851 -176
852 -359
853 -158
854 -485
855 -33
856 -35
857 -23
858 -182
859 -162
860 -348
861 -35
862 -35
863 -35
864 -150
865 -33
866 -51
867 -432
868 -227
869 -224
870 -20
871 -33
872 -71
873 -35
874 -139
875 -145
876 -303
877 -33
878 -620
879 -23
880 -23
881 -597
882 -32
883 -208
884 -200
885 -33
886 -329
887 -35
888 -23
889 -23
890 -72
891 -27
892 -23
893 -35
894 -23
895 -33
896 -49
897 -35
898 -74
899 -162
900 -137
901 -447
902 -379
903 -23
904 -33
905 -26
906 -33
907 -62
908 -23
909 -98
910 -23
911 -726
912 -224
913 -37
914 -358
915 -94
916 -23
917 -2161
918 -238
919 -23
920 -22
921 -35
922 -48
923 -72
924 -120
925 -109
926 -251
927 -23
928 -23
929 -396
930 -35
931 -34
932 -36
933 -20
934 -35
935 -23
936 -265
937 -23
938 -106
939 -303
940 -67
941 -377
942 -33
943 -33
944 -389
945 -711
946 -222
947 -351
948 -35
949 -136
950 -33
951 -244
952 -424
953 -23
954 -91
955 -446
956 -68
957 -52
958 -458
959 -27
960 -23
961 -31
962 -32
963 -23
964 -35
965 -23
966 -23
967 -23
968 -88
969 -37
970 -35
971 -152
972 -93
973 -72
974 -177
975 -198
976 -139
977 -190
978 -199
979 -23
980 -23
981 -302
982 -35
983 -40
984 -210
985 -63
986 -63
987 -35
988 -28
989 -442
990 -51
991 -139
992 -61
993 -316
994 -23
995 -35
996 -59
997 -92
998 -23
999 -29
