0 -75
1 -247
2 -33
3 -23
4 -11
5 -33
6 -23
7 -35
8 -86
9 -140
10 -35
11 -35
12 -35
13 -33
14 -313
15 -33
16 -173
17 -33
18 -53
19 -23
20 -35
21 -35
22 -159
23 -319
24 -165
25 -193
26 -399
27 -452
28 -309
29 -110
30 -305
31 -33
32 -66
33 -35
34 -259
35 -35
36 -162
37 -50
38 -39
39 -91
40 -35
41 -35
42 -26
43 -284
44 -33
45 -23
46 -1439
47 -711
48 -116
49 -40
50 -33
51 -228
52 -114
53 -174
54 -33
55 -33
56 -72
57 -1170
58 -147
59 -137
60 -90
61 -142
62 -359
63 -185
64 -33
65 -35
66 -281
67 -258
68 -35
69 -104
70 -219
71 -23
72 -294
73 -149
74 -33
75 -139
76 -44
77 -23
78 -23
79 -453
80 -75
81 -23
82 -491
83 -74
84 -23
85 -206
86 -33
87 -319
88 -29
89 -1014
90 -35
91 -177
92 -92
93 -18
94 -37
95 -35
96 -35
97 -58
98 -35
99 -174
100 -118
101 -23
102 -51
103 -33
104 -217
105 -287
106 -23
107 -33
108 -254
109 -23
110 -99
111 -105
112 -23
113 -104
114 -231
115 -35
116 -403
117 -574
118 -520
119 -23
120 -146
121 -51
122 -23
123 -128
124 -34
125 -311
126 -31
127 -33
128 -33
129 -82
130 -101
131 -378
132 -33
133 -181
134 -89
135 -553
136 -23
137 -33
138 -186
139 -116
140 -181
141 -23
142 -28
143 -33
144 -500
145 -35
146 -211
147 -35
148 -30
149 -30
150 -35
151 -199
152 -42
153 -23
154 -61
155 -143
156 -192
157 -324
158 -110
159 -365
160 -33
161 -70
162 -105
163 -396
164 -287
165 -35
166 -124
167 -50
168 -23
169 -311
170 -60
171 -23
172 -33
173 -45
174 -535
175 -35
176 -99
177 -57
178 -35
179 -730
180 -185
181 -215
182 -33
183 -164
184 -153
185 -141
186 -35
187 -35
188 -1896
189 -381
190 -23
191 -144
192 -23
193 -253
194 -35
195 -47
196 -474
197 -33
198 -35
199 -159
200 -35
201 -23
202 -268
203 -186
204 -51
205 -40
206 -64
207 -33
208 -35
209 -428
210 -196
211 -95
212 -35
213 -23
214 -33
215 -151
216 -35
217 -83
218 -90
219 -254
220 -33
221 -33
222 -35
223 -87
224 -33
225 -23
226 -35
227 -24
228 -35
229 -191
230 -35
231 -33
232 -23
233 -31
234 -48
235 -27
236 -211
237 -639
238 -35
239 -57
240 -85
241 -33
242 -152
243 -126
244 -514
245 -87
246 -395
247 -139
248 -23
249 -18
250 -23
251 -95
252 -463
253 -235
254 -279
255 -36
256 -113
257 -295
258 -58
259 -124
260 -23
261 -36
262 -35
263 -428
264 -33
265 -33
266 -76
267 -81
268 -33
269 -261
270 -41
271 -73
272 -46
273 -35
274 -193
275 -43
276 -1081
277 -33
278 -34
279 -35
280 -450
281 -33
282 -29
283 -323
284 -44
285 -23
286 -130
287 -107
288 -112
289 -33
290 -166
291 -133
292 -62
293 -66
294 -66
295 -294
296 -499
297 -197
298 -23
299 -149
300 -23
301 -314
302 -210
303 -35
304 -85
305 -35
306 -81
307 -374
308 -58
309 -354
310 -19
311 -125
312 -463
313 -54
314 -105
315 -101
316 -23
317 -40
318 -112
319 -30
320 -414
321 -35
322 -273
323 -270
324 -221
325 -35
326 -31
327 -63
328 -35
329 -766
330 -35
331 -146
332 -160
333 -45
334 -35
335 -33
336 -23
337 -31
338 -204
339 -237
340 -228
341 -103
342 -23
343 -137
344 -35
345 -33
346 -497
347 -78
348 -438
349 -45
350 -33
351 -157
352 -23
353 -33
354 -219
355 -197
356 -23
357 -35
358 -583
359 -10
360 -69
361 -46
362 -33
363 -275
364 -706
365 -23
366 -76
367 -46
368 -139
369 -221
370 -105
371 -594
372 -132
373 -136
374 -35
375 -35
376 -259
377 -389
378 -59
379 -23
380 -173
381 -377
382 -33
383 -139
384 -169
385 -281
386 -60
387 -23
388 -33
389 -74
390 -547
391 -108
392 -33
393 -33
394 -35
395 -35
396 -60
397 -379
398 -35
399 -135
400 -35
401 -192
402 -53
403 -74
404 -23
405 -33
406 -33
407 -284
408 -23
409 -23
410 -35
411 -33
412 -185
413 -42
414 -117
415 -134
416 -56
417 -82
418 -35
419 -33
420 -35
421 -303
422 -35
423 -45
424 -23
425 -23
426 -40
427 -33
428 -76
429 -275
430 -129
431 -267
432 -33
433 -103
434 -196
435 -224
436 -2670
437 -192
438 -35
439 -23
440 -35
441 -274
442 -189
443 -10
444 -287
445 -23
446 -653
447 -211
448 -95
449 -23
450 -280
451 -183
452 -30
453 -210
454 -23
455 -870
456 -35
457 -101
458 -310
459 -193
460 -332
461 -307
462 -33
463 -28
464 -23
465 -79
466 -35
467 -1046
468 -104
469 -198
470 -1055
471 -33
472 -225
473 -262
474 -90
475 -104
476 -35
477 -32
478 -33
479 -23
480 -33
481 -34
482 -33
483 -142
484 -354
485 -23
486 -63
487 -254
488 -906
489 -33
490 -45
491 -562
492 -73
493 -23
494 -23
495 -30
496 -35
497 -170
498 -104
499 -74
500 -23
501 -33
502 -23
503 -23
504 -251
505 -33
506 -23
507 -267
508 -394
509 -130
510 -69
511 -35
512 -196
513 -120
514 -312
515 -131
516 -600
517 -56
518 -313
519 -403
520 -441
521 -112
522 -35
523 -45
524 -23
525 -267
526 -26
527 -68
528 -609
529 -33
530 -128
531 -33
532 -23
533 -377
534 -177
535 -23
536 -254
537 -28
538 -23
539 -31
540 -23
541 -90
542 -26
543 -35
544 -35
545 -35
546 -167
547 -147
548 -67
549 -315
550 -54
551 -201
552 -33
553 -23
554 -331
555 -23
556 -19
557 -604
558 -33
559 -516
560 -322
561 -35
562 -51
563 -253
564 -183
565 -35
566 -229
567 -86
568 -35
569 -35
570 -129
571 -446
572 -174
573 -33
574 -655
575 -92
576 -23
577 -43
578 -213
579 -33
580 -35
581 -42
582 -33
583 -69
584 -23
585 -154
586 -233
587 -50
588 -777
589 -197
590 -82
591 -505
592 -383
593 -23
594 -192
595 -177
596 -95
597 -23
598 -23
599 -169
600 -376
601 -39
602 -35
603 -35
604 -43
605 -23
606 -36
607 -267
608 -710
609 -35
610 -268
611 -223
612 -117
613 -204
614 -35
615 -49
616 -167
617 -390
618 -23
619 -230
620 -33
621 -23
622 -57
623 -280
624 -35
625 -162
626 -87
627 -84
628 -35
629 -239
630 -110
631 -23
632 -35
633 -146
634 -33
635 -40
636 -23
637 -57
638 -35
639 -49
640 -40
641 -35
642 -219
643 -33
644 -35
645 -188
646 -23
647 -267
648 -110
649 -35
650 -47
651 -92
652 -33
653 -57
654 -89
655 -118
656 -314
657 -33
658 -445
659 -353
660 -547
661 -391
662 -172
663 -287
664 -35
665 -136
666 -503
667 -33
668 -47
669 -33
670 -133
671 -35
672 -423
673 -626
674 -267
675 -61
676 -85
677 -23
678 -73
679 -119
680 -506
681 -291
682 -27
683 -24
684 -33
685 -33
686 -33
687 -472
688 -33
689 -236
690 -249
691 -133
692 -33
693 -33
694 -23
695 -23
696 -70
697 -33
698 -187
699 -57
700 -36
701 -239
702 -23
703 -46
704 -33
705 -33
706 -310
707 -35
708 -23
709 -47
710 -93
711 -58
712 -184
713 -319
714 -428
715 -212
716 -301
717 -30
718 -23
719 -33
720 -191
721 -23
722 -23
723 -146
724 -35
725 -35
726 -35
727 -35
728 -18
729 -1206
730 -118
731 -35
732 -185
733 -31
734 -259
735 -115
736 -213
737 -33
738 -598
739 -23
740 -85
741 -33
742 -27
743 -35
744 -191
745 -40
746 -181
747 -52
748 -35
749 -587
750 -293
751 -33
752 -804
753 -75
754 -70
755 -23
756 -73
757 -33
758 -23
759 -35
760 -131
761 -19
762 -566
763 -131
764 -23
765 -252
766 -23
767 -1186
768 -188
769 -71
770 -276
771 -54
772 -23
773 -195
774 -453
775 -144
776 -225
777 -23
778 -35
779 -23
780 -87
781 -35
782 -33
783 -33
784 -201
785 -114
786 -33
787 -18
788 -33
789 -276
790 -9
791 -23
792 -379
793 -199
794 -35
795 -78
796 -32
797 -472
798 -28
799 -23
800 -129
801 -89
802 -84
803 -215
804 -537
805 -35
806 -33
807 -33
808 -23
809 -33
810 -38
811 -41
812 -167
813 -33
814 -128
815 -57
816 -57
817 -60
818 -407
819 -39
820 -77
821 -39
822 -23
823 -138
824 -23
825 -23
826 -60
827 -33
828 -35
829 -33
830 -56
831 -33
832 -34
833 -35
834 -227
835 -19
836 -61
837 -507
838 -23
839 -190
840 -109
841 -110
842 -33
843 -784
844 -33
845 -35
846 -33
847 -33
848 -243
849 -36
850 -35
851 -65
852 -423
853 -218
854 -23
855 -368
856 -321
857 -8
858 -95
859 -111
860 -33
861 -33
862 -454
863 -35
864 -33
865 -200
866 -204
867 -23
868 -326
869 -692
870 -23
871 -33
872 -346
873 -163
874 -23
875 -33
876 -43
877 -35
878 -41
879 -35
880 -35
881 -35
882 -70
883 -33
884 -159
885 -33
886 -23
887 -144
888 -33
889 -33
890 -380
891 -23
892 -35
893 -50
894 -121
895 -345
896 -33
897 -228
898 -35
899 -33
900 -248
901 -33
902 -23
903 -113
904 -97
905 -76
906 -46
907 -35
908 -35
909 -47
910 -133
911 -121
912 -141
913 -127
914 -23
915 -23
916 -33
917 -90
918 -33
919 -274
920 -27
921 -101
922 -91
923 -33
924 -402
925 -130
926 -33
927 -225
928 -440
929 -23
930 -23
931 -1087
932 -200
933 -23
934 -242
935 -33
936 -109
937 -35
938 -33
939 -171
940 -235
941 -34
942 -187
943 -170
944 -33
945 -23
946 -33
947 -306
948 -35
949 -313
950 -33
951 -738
952 -143
953 -2465
954 -71
955 -191
956 -67
957 -35
958 -225
959 -35
960 -61
961 -193
962 -25
963 -78
964 -413
965 -278
966 -366
967 -35
968 -377
969 -35
970 -35
971 -33
972 -31
973 -388
974 -23
975 -33
976 -35
977 -88
978 -102
979 -23
980 -246
981 -35
982 -435
983 -35
984 -342
985 -33
986 -169
987 -38
988 -404
989 -247
990 -1998
991 -26
992 -30
993 -23
994 -35
995 -549
996 -107
997 -23
998 -1374
999 -80
