0 -254
1 -826
2 -866
3 -36
4 -33
5 -109
6 -608
7 -120
8 -181
9 -250
10 -87
11 -35
12 -33
13 -538
14 -23
15 -185
16 -23
17 -23
18 -33
19 -33
20 -373
21 -180
22 -53
23 -312
24 -72
25 -23
26 -55
27 -236
28 -215
29 -23
30 -104
31 -33
32 -559
33 -114
34 -23
35 -821
36 -236
37 -23
38 -131
39 -23
40 -641
41 -216
42 -23
43 -64
44 -23
45 -195
46 -153
47 -549
48 -333
49 -347
50 -33
51 -456
52 -23
53 -23
54 -207
55 -257
56 -304
57 -339
58 -23
59 -197
60 -99
61 -33
62 -357
63 -33
64 -213
65 -482
66 -264
67 -96
68 -33
69 -23
70 -62
71 -1079
72 -81
73 -37
74 -33
75 -119
76 -216
77 -33
78 -423
79 -58
80 -55
81 -161
82 -33
83 -330
84 -179
85 -38
86 -221
87 -210
88 -233
89 -241
90 -585
91 -351
92 -191
93 -33
94 -135
95 -84
96 -33
97 -132
98 -39
99 -51
100 -67
101 -33
102 -297
103 -624
104 -230
105 -23
106 -52
107 -124
108 -33
109 -175
110 -18
111 -412
112 -33
113 -541
114 -23
115 -153
116 -59
117 -958
118 -372
119 -225
120 -23
121 -348
122 -64
123 -91
124 -23
125 -283
126 -23
127 -23
128 -136
129 -169
130 -44
131 -525
132 -21
133 -33
134 -56
135 -191
136 -375
137 -583
138 -33
139 -36
140 -23
141 -69
142 -180
143 -42
144 -416
145 -50
146 -87
147 -20
148 -23
149 -293
150 -23
151 -23
152 -278
153 -217
154 -33
155 -23
156 -23
157 -22
158 -70
159 -23
160 -23
161 -43
162 -29
163 -234
164 -330
165 -86
166 -159
167 -499
168 -55
169 -89
170 -35
171 -239
172 -701
173 -425
174 -33
175 -946
176 -33
177 -118
178 -235
179 -23
180 -33
181 -71
182 -102
183 -546
184 -235
185 -837
186 -1347
187 -157
188 -33
189 -1232
190 -890
191 -33
192 -23
193 -33
194 -23
195 -3628
196 -179
197 -352
198 -33
199 -35
200 -23
201 -33
202 -33
203 -33
204 -33
205 -28
206 -23
207 -114
208 -179
209 -60
210 -232
211 -23
212 -33
213 -350
214 -198
215 -23
216 -23
217 -23
218 -58
219 -64
220 -224
221 -23
222 -431
223 -231
224 -164
225 -23
226 -206
227 -139
228 -280
229 -48
230 -47
231 -33
232 -79
233 -23
234 -113
235 -201
236 -54
237 -325
238 -187
239 -189
240 -33
241 -33
242 -188
243 -69
244 -81
245 -69
246 -115
247 -92
248 -449
249 -33
250 -28
251 -204
252 -150
253 -757
254 -23
255 -189
256 -494
257 -128
258 -41
259 -23
260 -338
261 -192
262 -178
263 -33
264 -346
265 -112
266 -33
267 -70
268 -246
269 -61
270 -84
271 -57
272 -417
273 -30
274 -152
275 -512
276 -391
277 -29
278 -361
279 -24
280 -286
281 -172
282 -265
283 -33
284 -174
285 -313
286 -100
287 -249
288 -294
289 -393
290 -382
291 -33
292 -57
293 -183
294 -33
295 -44
296 -221
297 -60
298 -118
299 -169
300 -57
301 -117
302 -89
303 -113
304 -178
305 -33
306 -231
307 -33
308 -23
309 -23
310 -91
311 -346
312 -54
313 -129
314 -407
315 -33
316 -233
317 -524
318 -44
319 -391
320 -38
321 -23
322 -45
323 -33
324 -107
325 -191
326 -23
327 -42
328 -23
329 -32
330 -650
331 -273
332 -36
333 -23
334 -219
335 -441
336 -630
337 -165
338 -705
339 -23
340 -1136
341 -335
342 -87
343 -67
344 -544
345 -114
346 -33
347 -125
348 -257
349 -23
350 -33
351 -550
352 -23
353 -36
354 -475
355 -23
356 -141
357 -212
358 -86
359 -222
360 -705
361 -293
362 -136
363 -314
364 -871
365 -23
366 -33
367 -35
368 -314
369 -177
370 -28
371 -31
372 -117
373 -53
374 -216
375 -23
376 -23
377 -33
378 -23
379 -140
380 -201
381 -105
382 -76
383 -186
384 -358
385 -23
386 -23
387 -188
388 -33
389 -629
390 -275
391 -26
392 -388
393 -123
394 -84
395 -396
396 -95
397 -263
398 -259
399 -278
400 -47
401 -34
402 -23
403 -465
404 -53
405 -43
406 -623
407 -30
408 -23
409 -118
410 -245
411 -62
412 -361
413 -219
414 -693
415 -23
416 -138
417 -178
418 -778
419 -118
420 -23
421 -39
422 -33
423 -919
424 -33
425 -49
426 -33
427 -33
428 -30
429 -23
430 -94
431 -142
432 -130
433 -141
434 -78
435 -33
436 -222
437 -196
438 -23
439 -276
440 -208
441 -436
442 -44
443 -26
444 -78
445 -23
446 -23
447 -23
448 -265
449 -100
450 -122
451 -33
452 -33
453 -23
454 -88
455 -152
456 -88
457 -37
458 -20
459 -139
460 -23
461 -333
462 -1204
463 -352
464 -30
465 -269
466 -201
467 -205
468 -88
469 -32
470 -446
471 -169
472 -192
473 -177
474 -57
475 -31
476 -33
477 -168
478 -38
479 -33
480 -122
481 -58
482 -33
483 -645
484 -33
485 -482
486 -23
487 -176
488 -28
489 -78
490 -188
491 -156
492 -24
493 -54
494 -142
495 -33
496 -663
497 -336
498 -453
499 -92
500 -126
501 -41
502 -169
503 -190
504 -33
505 -23
506 -132
507 -580
508 -71
509 -154
510 -494
511 -23
512 -68
513 -33
514 -33
515 -56
516 -33
517 -38
518 -33
519 -944
520 -42
521 -33
522 -260
523 -711
524 -507
525 -33
526 -119
527 -23
528 -39
529 -95
530 -33
531 -98
532 -48
533 -254
534 -32
535 -33
536 -187
537 -377
538 -23
539 -33
540 -185
541 -298
542 -293
543 -23
544 -274
545 -82
546 -27
547 -33
548 -172
549 -65
550 -269
551 -33
552 -33
553 -281
554 -23
555 -23
556 -122
557 -24
558 -53
559 -311
560 -479
561 -77
562 -33
563 -141
564 -313
565 -23
566 -111
567 -44
568 -46
569 -33
570 -144
571 -33
572 -219
573 -23
574 -33
575 -113
576 -436
577 -171
578 -107
579 -33
580 -33
581 -111
582 -23
583 -40
584 -191
585 -32
586 -23
587 -94
588 -41
589 -309
590 -23
591 -629
592 -126
593 -410
594 -469
595 -193
596 -139
597 -29
598 -819
599 -10
600 -125
601 -3396
602 -23
603 -33
604 -402
605 -23
606 -288
607 -33
608 -341
609 -606
610 -285
611 -72
612 -33
613 -33
614 -107
615 -162
616 -204
617 -23
618 -256
619 -127
620 -33
621 -309
622 -114
623 -23
624 -103
625 -119
626 -33
627 -430
628 -100
629 -368
630 -23
631 -241
632 -247
633 -33
634 -107
635 -600
636 -176
637 -193
638 -287
639 -171
640 -268
641 -78
642 -33
643 -23
644 -161
645 -227
646 -109
647 -255
648 -23
649 -23
650 -198
651 -144
652 -29
653 -219
654 -60
655 -33
656 -1192
657 -560
658 -197
659 -366
660 -212
661 -119
662 -435
663 -511
664 -1060
665 -348
666 -195
667 -483
668 -33
669 -33
670 -53
671 -232
672 -485
673 -368
674 -182
675 -122
676 -658
677 -33
678 -261
679 -672
680 -161
681 -61
682 -420
683 -473
684 -409
685 -444
686 -410
687 -214
688 -23
689 -33
690 -46
691 -238
692 -1227
693 -23
694 -37
695 -226
696 -23
697 -23
698 -23
699 -23
700 -220
701 -929
702 -111
703 -792
704 -33
705 -80
706 -23
707 -33
708 -46
709 -23
710 -657
711 -181
712 -78
713 -23
714 -33
715 -160
716 -544
717 -33
718 -23
719 -76
720 -23
721 -58
722 -23
723 -56
724 -683
725 -23
726 -35
727 -306
728 -21
729 -183
730 -90
731 -1556
732 -378
733 -107
734 -33
735 -199
736 -312
737 -23
738 -498
739 -47
740 -23
741 -135
742 -144
743 -431
744 -23
745 -30
746 -321
747 -33
748 -23
749 -74
750 -193
751 -278
752 -274
753 -704
754 -33
755 -23
756 -23
757 -23
758 -186
759 -54
760 -33
761 -323
762 -24
763 -23
764 -59
765 -463
766 -248
767 -698
768 -170
769 -145
770 -520
771 -128
772 -142
773 -23
774 -411
775 -121
776 -53
777 -30
778 -44
779 -188
780 -23
781 -33
782 -179
783 -86
784 -260
785 -118
786 -27
787 -23
788 -33
789 -33
790 -357
791 -33
792 -1945
793 -23
794 -222
795 -361
796 -23
797 -61
798 -23
799 -23
800 -23
801 -23
802 -209
803 -137
804 -417
805 -137
806 -79
807 -35
808 -113
809 -307
810 -33
811 -33
812 -397
813 -537
814 -23
815 -33
816 -227
817 -154
818 -372
819 -180
820 -4907
821 -219
822 -430
823 -82
824 -805
825 -98
826 -109
827 -33
828 -177
829 -63
830 -59
831 -135
832 -162
833 -76
834 -23
835 -122
836 -431
837 -44
838 -529
839 -23
840 -23
841 -44
842 -33
843 -103
844 -23
845 -220
846 -95
847 -23
848 -33
849 -193
850 -23
851 -137
852 -31
853 -16
854 -262
855 -179
856 -313
857 -117
858 -45
859 -52
860 -23
861 -101
862 -12
863 -118
864 -67
865 -170
866 -33
867 -33
868 -33
869 -377
870 -23
871 -293
872 -568
873 -541
874 -123
875 -33
876 -156
877 -34
878 -195
879 -58
880 -33
881 -382
882 -33
883 -515
884 -2240
885 -297
886 -33
887 -169
888 -826
889 -33
890 -149
891 -88
892 -33
893 -831
894 -323
895 -332
896 -338
897 -23
898 -164
899 -313
900 -331
901 -213
902 -33
903 -75
904 -326
905 -90
906 -70
907 -330
908 -67
909 -23
910 -59
911 -95
912 -477
913 -85
914 -75
915 -70
916 -177
917 -243
918 -23
919 -27
920 -189
921 -438
922 -38
923 -33
924 -40
925 -353
926 -700
927 -68
928 -174
929 -23
930 -24
931 -172
932 -159
933 -584
934 -125
935 -246
936 -126
937 -581
938 -2426
939 -23
940 -137
941 -33
942 -310
943 -110
944 -23
945 -227
946 -33
947 -114
948 -148
949 -129
950 -23
951 -23
952 -23
953 -233
954 -33
955 -24
956 -128
957 -366
958 -73
959 -33
960 -151
961 -25
962 -384
963 -143
964 -315
965 -33
966 -31
967 -77
968 -389
969 -26
970 -346
971 -141
972 -547
973 -474
974 -924
975 -336
976 -1850
977 -315
978 -269
979 -348
980 -61
981 -39
982 -24
983 -37
984 -66
985 -29
986 -67
987 -900
988 -374
989 -8905
990 -470
991 -103
992 -40
993 -38
994 -33
995 -9
996 -33
997 -33
998 -286
999 -33
