0 -37
1 -221
2 -133
3 -81
4 -459
5 -34
6 -34
7 -184
8 -37
9 -22
10 -34
11 -34
12 -123
13 -273
14 -34
15 -317
16 -35
17 -34
18 -276
19 -37
20 -107
21 -334
22 -22
23 -162
24 -35
25 -34
26 -37
27 -1420
28 -37
29 -35
30 -35
31 -175
32 -37
33 -35
34 -37
35 -56
36 -22
37 -24
38 -367
39 -37
40 -37
41 -24
42 -25
43 -22
44 -34
45 -24
46 -37
47 -24
48 -24
49 -37
50 -24
51 -37
52 -35
53 -306
54 -22
55 -1129
56 -90
57 -34
58 -24
59 -34
60 -796
61 -1446
62 -77
63 -22
64 -366
65 -35
66 -35
67 -35
68 -37
69 -37
70 -35
71 -199
72 -37
73 -34
74 -24
75 -678
76 -22
77 -24
78 -776
79 -223
80 -22
81 -34
82 -24
83 -24
84 -34
85 -37
86 -22
87 -34
88 -22
89 -34
90 -34
91 -214
92 -34
93 -191
94 -3338
95 -66
96 -35
97 -37
98 -201
99 -1036
100 -173
101 -34
102 -34
103 -37
104 -22
105 -22
106 -24
107 -34
108 -36
109 -37
110 -35
111 -24
112 -37
113 -231
114 -22
115 -24
116 -35
117 -22
118 -37
119 -237
120 -34
121 -155
122 -214
123 -35
124 -24
125 -35
126 -34
127 -35
128 -22
129 -35
130 -37
131 -537
132 -35
133 -37
134 -39
135 -34
136 -22
137 -126
138 -35
139 -2038
140 -22
141 -9459
142 -37
143 -35
144 -24
145 -35
146 -24
147 -35
148 -513
149 -34
150 -34
151 -34
152 -556
153 -349
154 -24
155 -35
156 -199
157 -22
158 -24
159 -37
160 -37
161 -747
162 -106
163 -2804
164 -193
165 -22
166 -37
167 -20
168 -555
169 -37
170 -24
171 -171
172 -35
173 -35
174 -24
175 -88
176 -37
177 -182
178 -34
179 -37
180 -34
181 -34
182 -24
183 -37
184 -886
185 -33
186 -306
187 -756
188 -24
189 -29
190 -589
191 -24
192 -24
193 -34
194 -34
195 -22
196 -521
197 -1259
198 -42
199 -34
200 -22
201 -165
202 -35
203 -34
204 -37
205 -370
206 -34
207 -673
208 -35
209 -37
210 -383
211 -37
212 -357
213 -22
214 -34
215 -35
216 -24
217 -29
218 -22
219 -258
220 -34
221 -24
222 -256
223 -34
224 -95
225 -37
226 -34
227 -40
228 -37
229 -37
230 -263
231 -37
232 -134
233 -34
234 -24
235 -35
236 -459
237 -24
238 -593
239 -24
240 -35
241 -35
242 -178
243 -35
244 -22
245 -1213
246 -35
247 -69
248 -24
249 -42
250 -1090
251 -24
252 -828
253 -24
254 -22
255 -24
256 -22
257 -28
258 -22
259 -152
260 -34
261 -35
262 -35
263 -22
264 -37
265 -24
266 -22
267 -22
268 -504
269 -37
270 -2210
271 -24
272 -222
273 -35
274 -2455
275 -22
276 -24
277 -34
278 -24
279 -24
280 -24
281 -35
282 -103
283 -153
284 -34
285 -18
286 -22
287 -410
288 -64
289 -1143
290 -34
291 -187
292 -34
293 -23
294 -24
295 -22
296 -52
297 -34
298 -37
299 -35
300 -816
301 -34
302 -22
303 -34
304 -37
305 -37
306 -35
307 -34
308 -35
309 -35
310 -37
311 -1360
312 -117
313 -24
314 -3432
315 -34
316 -420
317 -29
318 -984
319 -395
320 -367
321 -65
322 -1275
323 -23
324 -24
325 -35
326 -34
327 -35
328 -38
329 -608
330 -35
331 -34
332 -34
333 -34
334 -35
335 -34
336 -24
337 -22
338 -24
339 -24
340 -34
341 -34
342 -34
343 -35
344 -3074
345 -37
346 -35
347 -1650
348 -34
349 -37
350 -1024
351 -37
352 -193
353 -200
354 -22
355 -340
356 -35
357 -37
358 -37
359 -37
360 -24
361 -22
362 -35
363 -95
364 -24
365 -698
366 -34
367 -252
368 -418
369 -22
370 -184
371 -141
372 -35
373 -34
374 -460
375 -24
376 -76
377 -40
378 -664
379 -24
380 -35
381 -34
382 -22
383 -1776
384 -37
385 -34
386 -37
387 -35
388 -22
389 -24
390 -24
391 -43
392 -34
393 -34
394 -34
395 -24
396 -24
397 -22
398 -22
399 -37
400 -24
401 -61
402 -22
403 -37
404 -1218
405 -22
406 -34
407 -34
408 -19
409 -37
410 -34
411 -34
412 -35
413 -1350
414 -1819
415 -37
416 -37
417 -24
418 -5520
419 -22
420 -22
421 -37
422 -2053
423 -34
424 -34
425 -24
426 -34
427 -201
428 -22
429 -40
430 -35
431 -1325
432 -297
433 -533
434 -22
435 -37
436 -47
437 -34
438 -52
439 -621
440 -34
441 -22
442 -22
443 -22
444 -35
445 -303
446 -37
447 -145
448 -37
449 -34
450 -24
451 -449
452 -739
453 -22
454 -37
455 -72
456 -22
457 -37
458 -35
459 -34
460 -22
461 -37
462 -319
463 -37
464 -37
465 -34
466 -34
467 -37
468 -37
469 -34
470 -122
471 -384
472 -269
473 -52
474 -34
475 -37
476 -45
477 -50
478 -22
479 -37
480 -4434
481 -368
482 -470
483 -22
484 -93
485 -6404
486 -274
487 -70
488 -37
489 -21
490 -38
491 -34
492 -163
493 -35
494 -37
495 -416
496 -37
497 -37
498 -35
499 -24
500 -37
501 -120
502 -34
503 -35
504 -37
505 -37
506 -22
507 -37
508 -35
509 -24
510 -24
511 -103
512 -24
513 -37
514 -142
515 -556
516 -34
517 -34
518 -35
519 -35
520 -37
521 -22
522 -209
523 -35
524 -30
525 -35
526 -1267
527 -225
528 -22
529 -175
530 -35
531 -1195
532 -24
533 -155
534 -405
535 -24
536 -35
537 -22
538 -34
539 -24
540 -34
541 -923
542 -282
543 -24
544 -22
545 -37
546 -81
547 -22
548 -22
549 -37
550 -37
551 -35
552 -24
553 -24
554 -138
555 -34
556 -22
557 -34
558 -34
559 -35
560 -1462
561 -35
562 -226
563 -254
564 -34
565 -31
566 -24
567 -34
568 -37
569 -24
570 -35
571 -24
572 -383
573 -483
574 -22
575 -248
576 -35
577 -34
578 -45
579 -350
580 -2818
581 -1118
582 -24
583 -34
584 -24
585 -815
586 -42
587 -35
588 -22
589 -24
590 -35
591 -63
592 -110
593 -86
594 -254
595 -989
596 -22
597 -26
598 -37
599 -35
600 -35
601 -35
602 -706
603 -35
604 -34
605 -253
606 -22
607 -34
608 -37
609 -37
610 -34
611 -37
612 -24
613 -34
614 -24
615 -241
616 -24
617 -35
618 -34
619 -3962
620 -34
621 -35
622 -22
623 -538
624 -24
625 -24
626 -24
627 -24
628 -303
629 -35
630 -471
631 -24
632 -37
633 -35
634 -34
635 -429
636 -124
637 -24
638 -22
639 -34
640 -599
641 -224
642 -24
643 -398
644 -34
645 -5847
646 -24
647 -43
648 -220
649 -35
650 -101
651 -34
652 -24
653 -35
654 -24
655 -159
656 -37
657 -35
658 -35
659 -35
660 -22
661 -391
662 -35
663 -37
664 -432
665 -24
666 -405
667 -24
668 -34
669 -1316
670 -35
671 -377
672 -22
673 -22
674 -134
675 -22
676 -141
677 -35
678 -61
679 -24
680 -375
681 -29
682 -1074
683 -37
684 -24
685 -35
686 -798
687 -34
688 -35
689 -22
690 -34
691 -34
692 -218
693 -574
694 -329
695 -562
696 -35
697 -207
698 -35
699 -22
700 -35
701 -169
702 -34
703 -35
704 -34
705 -5090
706 -22
707 -335
708 -116
709 -37
710 -34
711 -24
712 -939
713 -37
714 -34
715 -22
716 -22
717 -34
718 -214
719 -22
720 -3384
721 -112
722 -22
723 -24
724 -37
725 -529
726 -35
727 -4915
728 -34
729 -132
730 -35
731 -1739
732 -34
733 -24
734 -37
735 -346
736 -24
737 -34
738 -24
739 -260
740 -37
741 -37
742 -22
743 -37
744 -35
745 -43
746 -24
747 -35
748 -22
749 -2193
750 -185
751 -37
752 -34
753 -37
754 -35
755 -34
756 -24
757 -35
758 -34
759 -24
760 -35
761 -35
762 -37
763 -34
764 -34
765 -22
766 -34
767 -37
768 -37
769 -24
770 -34
771 -239
772 -24
773 -37
774 -38
775 -22
776 -37
777 -22
778 -24
779 -22
780 -24
781 -34
782 -24
783 -24
784 -37
785 -24
786 -168
787 -34
788 -192
789 -24
790 -37
791 -37
792 -122
793 -22
794 -37
795 -35
796 -34
797 -24
798 -24
799 -37
800 -34
801 -24
802 -22
803 -34
804 -34
805 -37
806 -37
807 -24
808 -22
809 -34
810 -24
811 -34
812 -141
813 -24
814 -360
815 -37
816 -141
817 -620
818 -35
819 -37
820 -5200
821 -37
822 -75
823 -52
824 -36
825 -338
826 -34
827 -74
828 -34
829 -37
830 -37
831 -856
832 -1862
833 -928
834 -24
835 -140
836 -24
837 -22
838 -24
839 -22
840 -37
841 -24
842 -24
843 -37
844 -1388
845 -24
846 -1073
847 -22
848 -64
849 -221
850 -101
851 -37
852 -88
853 -104
854 -37
855 -22
856 -24
857 -22
858 -34
859 -37
860 -24
861 -2035
862 -260
863 -24
864 -125
865 -161
866 -49
867 -169
868 -767
869 -37
870 -33
871 -34
872 -37
873 -24
874 -37
875 -35
876 -350
877 -34
878 -37
879 -126
880 -35
881 -34
882 -364
883 -35
884 -24
885 -37
886 -22
887 -344
888 -139
889 -37
890 -801
891 -24
892 -37
893 -22
894 -255
895 -22
896 -786
897 -35
898 -151
899 -331
900 -389
901 -77
902 -24
903 -730
904 -386
905 -160
906 -34
907 -133
908 -6435
909 -24
910 -93
911 -37
912 -26
913 -24
914 -155
915 -35
916 -22
917 -323
918 -389
919 -3334
920 -932
921 -22
922 -37
923 -22
924 -1034
925 -34
926 -4145
927 -37
928 -34
929 -24
930 -35
931 -24
932 -22
933 -43
934 -35
935 -35
936 -37
937 -24
938 -24
939 -89
940 -901
941 -37
942 -22
943 -37
944 -1948
945 -105
946 -522
947 -24
948 -22
949 -22
950 -2266
951 -321
952 -22
953 -37
954 -35
955 -37
956 -22
957 -34
958 -43
959 -37
960 -22
961 -77
962 -24
963 -375
964 -22
965 -35
966 -37
967 -39
968 -37
969 -34
970 -22
971 -24
972 -181
973 -76
974 -52
975 -22
976 -35
977 -34
978 -37
979 -35
980 -1643
981 -997
982 -24
983 -34
984 -35
985 -151
986 -237
987 -373
988 -120
989 -35
990 -22
991 -37
992 -34
993 -24
994 -24
995 -1051
996 -390
997 -33
998 -37
999 -35
