0 -47
1 -94
2 -143
3 -47
4 -374
5 -46
6 -176
7 -47
8 -47
9 -46
10 -52
11 -38
12 -253
13 -46
14 -38
15 -46
16 -47
17 -46
18 -52
19 -307
20 -38
21 -29
22 -84
23 -52
24 -232
25 -49
26 -41
27 -56
28 -639
29 -106
30 -47
31 -38
32 -47
33 -46
34 -52
35 -46
36 -167
37 -47
38 -47
39 -474
40 -52
41 -52
42 -52
43 -146
44 -187
45 -65
46 -193
47 -41
48 -402
49 -47
50 -52
51 -47
52 -47
53 -52
54 -46
55 -47
56 -47
57 -52
58 -555
59 -47
60 -38
61 -603
62 -36
63 -46
64 -150
65 -29
66 -38
67 -47
68 -46
69 -52
70 -38
71 -438
72 -378
73 -256
74 -46
75 -38
76 -52
77 -52
78 -28
79 -38
80 -47
81 -146
82 -100
83 -61
84 -256
85 -47
86 -46
87 -88
88 -46
89 -47
90 -47
91 -139
92 -585
93 -78
94 -47
95 -220
96 -38
97 -52
98 -215
99 -52
100 -38
101 -46
102 -79
103 -144
104 -216
105 -52
106 -47
107 -122
108 -309
109 -145
110 -207
111 -120
112 -52
113 -336
114 -201
115 -47
116 -70
117 -46
118 -46
119 -47
120 -59
121 -46
122 -110
123 -52
124 -38
125 -266
126 -48
127 -47
128 -47
129 -350
130 -38
131 -47
132 -47
133 -47
134 -93
135 -180
136 -52
137 -47
138 -254
139 -417
140 -38
141 -38
142 -333
143 -72
144 -46
145 -136
146 -127
147 -38
148 -52
149 -47
150 -421
151 -52
152 -52
153 -51
154 -38
155 -47
156 -47
157 -47
158 -47
159 -38
160 -38
161 -46
162 -43
163 -74
164 -47
165 -407
166 -47
167 -217
168 -161
169 -47
170 -47
171 -52
172 -309
173 -308
174 -38
175 -106
176 -52
177 -526
178 -469
179 -196
180 -38
181 -64
182 -495
183 -47
184 -52
185 -153
186 -51
187 -46
188 -47
189 -52
190 -247
191 -38
192 -52
193 -38
194 -90
195 -46
196 -226
197 -99
198 -152
199 -47
200 -282
201 -70
202 -47
203 -675
204 -46
205 -47
206 -189
207 -52
208 -114
209 -47
210 -436
211 -52
212 -52
213 -186
214 -47
215 -52
216 -125
217 -64
218 -38
219 -34
220 -46
221 -187
222 -38
223 -87
224 -47
225 -46
226 -38
227 -204
228 -2052
229 -52
230 -47
231 -109
232 -52
233 -44
234 -46
235 -47
236 -52
237 -415
238 -278
239 -38
240 -38
241 -966
242 -52
243 -46
244 -38
245 -3676
246 -19
247 -46
248 -38
249 -67
250 -47
251 -103
252 -52
253 -89
254 -662
255 -46
256 -47
257 -28
258 -347
259 -59
260 -47
261 -43
262 -38
263 -183
264 -53
265 -343
266 -213
267 -47
268 -52
269 -46
270 -47
271 -187
272 -1630
273 -241
274 -211
275 -465
276 -52
277 -46
278 -258
279 -38
280 -38
281 -53
282 -467
283 -52
284 -47
285 -47
286 -46
287 -188
288 -236
289 -46
290 -47
291 -27
292 -125
293 -52
294 -47
295 -52
296 -242
297 -284
298 -173
299 -182
300 -47
301 -38
302 -52
303 -52
304 -52
305 -319
306 -55
307 -46
308 -196
309 -214
310 -47
311 -52
312 -38
313 -38
314 -302
315 -144
316 -38
317 -47
318 -82
319 -254
320 -47
321 -47
322 -46
323 -52
324 -42
325 -52
326 -52
327 -47
328 -47
329 -38
330 -52
331 -336
332 -52
333 -47
334 -126
335 -46
336 -52
337 -47
338 -47
339 -148
340 -188
341 -99
342 -38
343 -46
344 -38
345 -114
346 -46
347 -46
348 -47
349 -47
350 -72
351 -421
352 -625
353 -38
354 -46
355 -1698
356 -46
357 -122
358 -46
359 -38
360 -460
361 -46
362 -42
363 -52
364 -19
365 -113
366 -52
367 -53
368 -38
369 -38
370 -52
371 -52
372 -47
373 -46
374 -234
375 -47
376 -514
377 -56
378 -38
379 -46
380 -38
381 -38
382 -52
383 -38
384 -47
385 -38
386 -52
387 -45
388 -187
389 -52
390 -33
391 -52
392 -38
393 -174
394 -38
395 -223
396 -57
397 -205
398 -54
399 -46
400 -102
401 -47
402 -134
403 -52
404 -637
405 -46
406 -38
407 -261
408 -46
409 -148
410 -1574
411 -46
412 -298
413 -47
414 -46
415 -35
416 -867
417 -532
418 -61
419 -47
420 -117
421 -118
422 -562
423 -47
424 -47
425 -135
426 -46
427 -66
428 -117
429 -38
430 -131
431 -107
432 -43
433 -114
434 -43
435 -450
436 -47
437 -68
438 -107
439 -209
440 -46
441 -47
442 -273
443 -47
444 -389
445 -47
446 -226
447 -38
448 -67
449 -30
450 -46
451 -38
452 -47
453 -52
454 -38
455 -251
456 -330
457 -48
458 -153
459 -68
460 -38
461 -46
462 -47
463 -38
464 -659
465 -46
466 -53
467 -47
468 -38
469 -52
470 -214
471 -588
472 -52
473 -38
474 -52
475 -115
476 -47
477 -46
478 -47
479 -370
480 -90
481 -46
482 -66
483 -78
484 -52
485 -136
486 -52
487 -204
488 -33
489 -47
490 -46
491 -46
492 -46
493 -46
494 -211
495 -47
496 -131
497 -100
498 -52
499 -255
500 -52
501 -47
502 -73
503 -502
504 -83
505 -38
506 -46
507 -481
508 -46
509 -139
510 -518
511 -47
512 -47
513 -72
514 -67
515 -38
516 -58
517 -793
518 -38
519 -292
520 -46
521 -46
522 -47
523 -52
524 -38
525 -52
526 -52
527 -229
528 -110
529 -931
530 -47
531 -54
532 -47
533 -46
534 -46
535 -38
536 -46
537 -215
538 -52
539 -52
540 -47
541 -378
542 -38
543 -99
544 -30
545 -38
546 -38
547 -43
548 -52
549 -38
550 -517
551 -398
552 -233
553 -47
554 -38
555 -47
556 -33
557 -217
558 -48
559 -152
560 -253
561 -290
562 -38
563 -112
564 -319
565 -47
566 -46
567 -47
568 -2769
569 -38
570 -46
571 -47
572 -38
573 -1984
574 -54
575 -43
576 -38
577 -38
578 -38
579 -47
580 -38
581 -416
582 -46
583 -238
584 -52
585 -47
586 -46
587 -122
588 -46
589 -79
590 -45
591 -47
592 -101
593 -52
594 -434
595 -38
596 -46
597 -292
598 -38
599 -52
600 -99
601 -159
602 -52
603 -38
604 -247
605 -71
606 -46
607 -46
608 -47
609 -420
610 -86
611 -46
612 -139
613 -38
614 -191
615 -38
616 -38
617 -52
618 -52
619 -46
620 -52
621 -52
622 -76
623 -38
624 -46
625 -52
626 -38
627 -52
628 -47
629 -38
630 -182
631 -47
632 -47
633 -524
634 -38
635 -47
636 -148
637 -52
638 -93
639 -52
640 -47
641 -36
642 -38
643 -108
644 -488
645 -103
646 -46
647 -38
648 -155
649 -198
650 -536
651 -258
652 -38
653 -362
654 -259
655 -271
656 -47
657 -52
658 -47
659 -38
660 -46
661 -38
662 -38
663 -54
664 -46
665 -52
666 -47
667 -52
668 -46
669 -38
670 -38
671 -46
672 -46
673 -47
674 -52
675 -46
676 -47
677 -52
678 -47
679 -47
680 -38
681 -77
682 -143
683 -758
684 -851
685 -47
686 -452
687 -1439
688 -47
689 -111
690 -52
691 -120
692 -46
693 -54
694 -52
695 -331
696 -46
697 -161
698 -47
699 -46
700 -450
701 -38
702 -38
703 -38
704 -38
705 -46
706 -46
707 -201
708 -405
709 -130
710 -47
711 -523
712 -46
713 -46
714 -52
715 -548
716 -644
717 -61
718 -259
719 -109
720 -168
721 -127
722 -814
723 -315
724 -90
725 -72
726 -459
727 -46
728 -46
729 -195
730 -74
731 -66
732 -38
733 -52
734 -52
735 -46
736 -47
737 -98
738 -47
739 -99
740 -57
741 -46
742 -388
743 -310
744 -47
745 -222
746 -190
747 -26
748 -420
749 -52
750 -309
751 -142
752 -46
753 -38
754 -47
755 -46
756 -52
757 -46
758 -47
759 -38
760 -46
761 -199
762 -46
763 -244
764 -285
765 -46
766 -52
767 -740
768 -46
769 -46
770 -70
771 -46
772 -47
773 -47
774 -77
775 -44
776 -46
777 -52
778 -53
779 -38
780 -47
781 -1818
782 -46
783 -3020
784 -38
785 -51
786 -47
787 -46
788 -52
789 -46
790 -213
791 -47
792 -96
793 -52
794 -136
795 -118
796 -46
797 -52
798 -431
799 -47
800 -47
801 -526
802 -38
803 -356
804 -46
805 -52
806 -47
807 -268
808 -46
809 -47
810 -46
811 -47
812 -52
813 -28
814 -47
815 -52
816 -215
817 -46
818 -52
819 -47
820 -334
821 -38
822 -325
823 -684
824 -46
825 -38
826 -94
827 -47
828 -52
829 -52
830 -38
831 -52
832 -46
833 -34
834 -38
835 -110
836 -46
837 -213
838 -46
839 -117
840 -46
841 -47
842 -155
843 -52
844 -749
845 -244
846 -105
847 -38
848 -43
849 -193
850 -38
851 -193
852 -34
853 -55
854 -117
855 -52
856 -273
857 -196
858 -38
859 -157
860 -38
861 -110
862 -47
863 -38
864 -51
865 -215
866 -38
867 -78
868 -46
869 -243
870 -52
871 -46
872 -52
873 -52
874 -46
875 -47
876 -497
877 -52
878 -52
879 -52
880 -47
881 -226
882 -58
883 -46
884 -149
885 -47
886 -38
887 -46
888 -252
889 -38
890 -167
891 -68
892 -52
893 -159
894 -38
895 -46
896 -38
897 -104
898 -56
899 -38
900 -47
901 -422
902 -52
903 -47
904 -96
905 -62
906 -46
907 -1320
908 -5081
909 -46
910 -119
911 -194
912 -371
913 -52
914 -147
915 -38
916 -38
917 -165
918 -424
919 -52
920 -424
921 -47
922 -1523
923 -54
924 -47
925 -38
926 -46
927 -37
928 -46
929 -168
930 -38
931 -52
932 -46
933 -52
934 -52
935 -181
936 -61
937 -24
938 -83
939 -78
940 -47
941 -709
942 -99
943 -81
944 -111
945 -52
946 -47
947 -51
948 -47
949 -197
950 -47
951 -87
952 -46
953 -72
954 -38
955 -35
956 -46
957 -46
958 -329
959 -52
960 -38
961 -47
962 -211
963 -183
964 -184
965 -52
966 -38
967 -52
968 -46
969 -52
970 -46
971 -38
972 -52
973 -46
974 -47
975 -683
976 -46
977 -38
978 -46
979 -38
980 -473
981 -46
982 -47
983 -52
984 -47
985 -47
986 -46
987 -47
988 -173
989 -85
990 -174
991 -38
992 -47
993 -134
994 -52
995 -182
996 -373
997 -47
998 -46
999 -439
