0 -55
1 -33
2 -23
3 -33
4 -33
5 -677
6 -59
7 -408
8 -652
9 -233
10 -365
11 -250
12 -155
13 -124
14 -23
15 -286
16 -61
17 -272
18 -435
19 -33
20 -33
21 -250
22 -73
23 -93
24 -353
25 -23
26 -33
27 -152
28 -33
29 -23
30 -41
31 -408
32 -31
33 -84
34 -116
35 -43
36 -118
37 -116
38 -23
39 -150
40 -148
41 -268
42 -73
43 -33
44 -3530
45 -129
46 -198
47 -75
48 -27
49 -702
50 -37
51 -23
52 -23
53 -149
54 -23
55 -193
56 -65
57 -23
58 -23
59 -23
60 -109
61 -34
62 -23
63 -23
64 -135
65 -220
66 -658
67 -26
68 -34
69 -216
70 -258
71 -241
72 -57
73 -145
74 -18
75 -33
76 -53
77 -127
78 -105
79 -580
80 -1397
81 -68
82 -542
83 -33
84 -209
85 -45
86 -23
87 -145
88 -135
89 -322
90 -321
91 -33
92 -602
93 -141
94 -23
95 -48
96 -69
97 -47
98 -700
99 -191
100 -33
101 -413
102 -465
103 -1616
104 -23
105 -332
106 -50
107 -45
108 -844
109 -24
110 -128
111 -438
112 -355
113 -279
114 -349
115 -735
116 -33
117 -284
118 -114
119 -33
120 -460
121 -190
122 -39
123 -452
124 -244
125 -411
126 -132
127 -779
128 -192
129 -33
130 -224
131 -23
132 -33
133 -577
134 -372
135 -33
136 -35
137 -77
138 -23
139 -30
140 -113
141 -431
142 -58
143 -219
144 -118
145 -33
146 -53
147 -278
148 -460
149 -33
150 -1269
151 -172
152 -185
153 -52
154 -367
155 -23
156 -186
157 -57
158 -29
159 -53
160 -33
161 -148
162 -33
163 -110
164 -41
165 -23
166 -42
167 -157
168 -257
169 -457
170 -236
171 -821
172 -33
173 -33
174 -36
175 -92
176 -221
177 -23
178 -64
179 -23
180 -29
181 -23
182 -678
183 -240
184 -108
185 -344
186 -38
187 -385
188 -85
189 -193
190 -23
191 -193
192 -67
193 -23
194 -379
195 -465
196 -363
197 -656
198 -190
199 -111
200 -224
201 -304
202 -228
203 -95
204 -23
205 -86
206 -33
207 -85
208 -58
209 -23
210 -23
211 -160
212 -239
213 -23
214 -214
215 -23
216 -23
217 -283
218 -23
219 -119
220 -141
221 -115
222 -1833
223 -33
224 -368
225 -33
226 -899
227 -33
228 -120
229 -451
230 -362
231 -33
232 -679
233 -23
234 -33
235 -172
236 -23
237 -34
238 -23
239 -358
240 -106
241 -395
242 -29
243 -90
244 -23
245 -240
246 -58
247 -113
248 -23
249 -33
250 -197
251 -23
252 -44
253 -33
254 -324
255 -520
256 -40
257 -34
258 -23
259 -23
260 -33
261 -241
262 -320
263 -33
264 -593
265 -66
266 -127
267 -23
268 -33
269 -886
270 -33
271 -46
272 -114
273 -36
274 -252
275 -95
276 -118
277 -33
278 -83
279 -137
280 -33
281 -23
282 -33
283 -265
284 -31
285 -180
286 -160
287 -60
288 -211
289 -33
290 -33
291 -888
292 -58
293 -230
294 -302
295 -23
296 -494
297 -1545
298 -76
299 -23
300 -33
301 -33
302 -314
303 -77
304 -229
305 -114
306 -92
307 -103
308 -437
309 -784
310 -223
311 -46
312 -33
313 -189
314 -1227
315 -484
316 -205
317 -71
318 -33
319 -33
320 -40
321 -128
322 -23
323 -23
324 -367
325 -685
326 -577
327 -688
328 -787
329 -373
330 -33
331 -61
332 -23
333 -325
334 -23
335 -131
336 -964
337 -23
338 -33
339 -51
340 -210
341 -405
342 -231
343 -83
344 -465
345 -50
346 -33
347 -23
348 -59
349 -33
350 -176
351 -560
352 -140
353 -35
354 -222
355 -135
356 -23
357 -387
358 -139
359 -238
360 -197
361 -67
362 -222
363 -23
364 -87
365 -57
366 -33
367 -23
368 -94
369 -38
370 -563
371 -256
372 -149
373 -316
374 -553
375 -275
376 -33
377 -33
378 -56
379 -282
380 -230
381 -108
382 -33
383 -704
384 -23
385 -23
386 -23
387 -72
388 -98
389 -92
390 -226
391 -421
392 -65
393 -315
394 -905
395 -553
396 -77
397 -23
398 -33
399 -233
400 -156
401 -393
402 -201
403 -146
404 -23
405 -310
406 -464
407 -240
408 -378
409 -390
410 -196
411 -100
412 -247
413 -33
414 -38
415 -33
416 -63
417 -55
418 -23
419 -203
420 -55
421 -52
422 -990
423 -149
424 -387
425 -69
426 -184
427 -79
428 -340
429 -380
430 -141
431 -40
432 -261
433 -31
434 -613
435 -23
436 -588
437 -366
438 -114
439 -34
440 -372
441 -147
442 -578
443 -49
444 -175
445 -23
446 -19
447 -184
448 -18
449 -49
450 -78
451 -467
452 -47
453 -95
454 -342
455 -33
456 -99
457 -234
458 -33
459 -234
460 -282
461 -33
462 -232
463 -69
464 -225
465 -291
466 -33
467 -33
468 -72
469 -267
470 -38
471 -486
472 -163
473 -118
474 -44
475 -318
476 -23
477 -138
478 -39
479 -23
480 -71
481 -230
482 -23
483 -23
484 -33
485 -36
486 -35
487 -548
488 -583
489 -209
490 -1089
491 -23
492 -23
493 -1065
494 -68
495 -120
496 -79
497 -46
498 -23
499 -297
500 -34
501 -32
502 -87
503 -133
504 -44
505 -616
506 -33
507 -125
508 -221
509 -498
510 -292
511 -116
512 -33
513 -33
514 -46
515 -288
516 -97
517 -349
518 -142
519 -103
520 -204
521 -23
522 -322
523 -150
524 -25
525 -110
526 -194
527 -582
528 -153
529 -122
530 -3300
531 -637
532 -390
533 -454
534 -26
535 -51
536 -23
537 -174
538 -196
539 -121
540 -348
541 -699
542 -23
543 -190
544 -156
545 -33
546 -23
547 -33
548 -33
549 -243
550 -167
551 -460
552 -104
553 -496
554 -23
555 -665
556 -144
557 -33
558 -23
559 -201
560 -23
561 -447
562 -231
563 -99
564 -33
565 -33
566 -33
567 -29
568 -33
569 -122
570 -189
571 -62
572 -129
573 -37
574 -279
575 -427
576 -120
577 -454
578 -33
579 -27
580 -417
581 -163
582 -33
583 -22
584 -23
585 -70
586 -293
587 -28
588 -84
589 -33
590 -93
591 -33
592 -269
593 -178
594 -23
595 -171
596 -195
597 -64
598 -70
599 -28
600 -109
601 -77
602 -87
603 -374
604 -23
605 -202
606 -196
607 -89
608 -23
609 -222
610 -143
611 -119
612 -33
613 -23
614 -317
615 -23
616 -95
617 -23
618 -181
619 -77
620 -70
621 -64
622 -142
623 -201
624 -100
625 -394
626 -459
627 -87
628 -232
629 -146
630 -877
631 -58
632 -594
633 -72
634 -33
635 -27
636 -163
637 -16
638 -33
639 -593
640 -33
641 -319
642 -142
643 -119
644 -33
645 -37
646 -33
647 -190
648 -23
649 -87
650 -317
651 -49
652 -33
653 -204
654 -283
655 -33
656 -504
657 -17
658 -23
659 -62
660 -47
661 -33
662 -56
663 -23
664 -23
665 -23
666 -264
667 -74
668 -163
669 -33
670 -354
671 -533
672 -593
673 -33
674 -680
675 -448
676 -33
677 -425
678 -22
679 -35
680 -23
681 -53
682 -218
683 -33
684 -97
685 -556
686 -249
687 -23
688 -53
689 -33
690 -85
691 -44
692 -185
693 -23
694 -94
695 -472
696 -19
697 -899
698 -77
699 -180
700 -33
701 -418
702 -336
703 -99
704 -387
705 -160
706 -233
707 -33
708 -351
709 -33
710 -19
711 -1295
712 -324
713 -287
714 -233
715 -292
716 -33
717 -75
718 -23
719 -33
720 -30
721 -33
722 -143
723 -104
724 -238
725 -1056
726 -134
727 -425
728 -191
729 -145
730 -77
731 -33
732 -142
733 -315
734 -96
735 -33
736 -564
737 -35
738 -525
739 -106
740 -129
741 -498
742 -41
743 -210
744 -176
745 -43
746 -33
747 -338
748 -372
749 -23
750 -136
751 -23
752 -62
753 -335
754 -92
755 -23
756 -745
757 -434
758 -29
759 -33
760 -46
761 -340
762 -133
763 -143
764 -116
765 -23
766 -23
767 -53
768 -23
769 -163
770 -207
771 -82
772 -23
773 -106
774 -35
775 -91
776 -41
777 -141
778 -33
779 -23
780 -143
781 -234
782 -31
783 -33
784 -1146
785 -55
786 -33
787 -53
788 -33
789 -22
790 -555
791 -23
792 -40
793 -80
794 -161
795 -240
796 -23
797 -33
798 -177
799 -123
800 -142
801 -44
802 -212
803 -36
804 -92
805 -88
806 -23
807 -35
808 -151
809 -188
810 -700
811 -140
812 -607
813 -696
814 -122
815 -89
816 -87
817 -23
818 -23
819 -679
820 -267
821 -299
822 -23
823 -311
824 -33
825 -44
826 -98
827 -55
828 -48
829 -33
830 -179
831 -367
832 -300
833 -201
834 -23
835 -33
836 -145
837 -277
838 -23
839 -23
840 -23
841 -67
842 -23
843 -142
844 -228
845 -228
846 -249
847 -759
848 -33
849 -145
850 -10
851 -113
852 -23
853 -33
854 -1013
855 -134
856 -23
857 -45
858 -123
859 -184
860 -23
861 -132
862 -68
863 -8
864 -33
865 -477
866 -33
867 -33
868 -48
869 -33
870 -265
871 -576
872 -59
873 -23
874 -85
875 -97
876 -33
877 -117
878 -23
879 -111
880 -48
881 -23
882 -258
883 -33
884 -896
885 -330
886 -79
887 -604
888 -258
889 -432
890 -232
891 -138
892 -453
893 -130
894 -440
895 -23
896 -9
897 -105
898 -115
899 -65
900 -936
901 -182
902 -92
903 -50
904 -47
905 -60
906 -23
907 -358
908 -99
909 -99
910 -33
911 -82
912 -23
913 -207
914 -115
915 -23
916 -40
917 -106
918 -108
919 -174
920 -531
921 -332
922 -33
923 -33
924 -23
925 -117
926 -231
927 -1713
928 -183
929 -188
930 -48
931 -155
932 -13
933 -33
934 -756
935 -65
936 -144
937 -23
938 -599
939 -335
940 -159
941 -308
942 -233
943 -230
944 -175
945 -133
946 -23
947 -27
948 -23
949 -51
950 -23
951 -123
952 -242
953 -23
954 -187
955 -58
956 -108
957 -143
958 -33
959 -520
960 -317
961 -677
962 -153
963 -128
964 -114
965 -169
966 -106
967 -92
968 -644
969 -33
970 -208
971 -291
972 -693
973 -932
974 -33
975 -64
976 -900
977 -301
978 -33
979 -387
980 -141
981 -345
982 -565
983 -23
984 -167
985 -219
986 -758
987 -326
988 -33
989 -167
990 -159
991 -220
992 -556
993 -52
994 -66
995 -317
996 -137
997 -666
998 -33
999 -262
