0 -37
1 -235
2 -5203
3 -365
4 -226
5 -1892
6 -265
7 -151
8 -2850
9 -2615
10 -2096
11 -91
12 -1651
13 -1152
14 -137
15 -51
16 -47
17 -1423
18 -15
19 -124
20 -47
21 -107
22 -45
23 -7135
24 -79
25 -2850
26 -4728
27 -47
28 -362
29 -511
30 -38
31 -47
32 -2808
33 -1602
34 -340
35 -125
36 -3068
37 -322
38 -47
39 -66
40 -607
41 -43
42 -66
43 -51
44 -4963
45 -1127
46 -202
47 -1201
48 -2122
49 -303
50 -1765
51 -47
52 -75
53 -850
54 -47
55 -47
56 -5962
57 -72
58 -47
59 -6434
60 -6117
61 -151
62 -3027
63 -8467
64 -4062
65 -4640
66 -47
67 -47
68 -188
69 -117
70 -3032
71 -246
72 -1838
73 -1232
74 -465
75 -5152
76 -1345
77 -3284
78 -47
79 -1195
80 -4450
81 -3803
82 -47
83 -66
84 -47
85 -47
86 -1137
87 -47
88 -3736
89 -47
90 -752
91 -47
92 -187
93 -1255
94 -271
95 -312
96 -3249
97 -471
98 -1654
99 -33
100 -3357
101 -163
102 -1702
103 -293
104 -47
105 -1952
106 -28
107 -57
108 -2541
109 -4257
110 -122
111 -7088
112 -103
113 -279
114 -50
115 -5261
116 -3575
117 -144
118 -303
119 -130
120 -22
121 -7234
122 -3779
123 -47
124 -4227
125 -2224
126 -440
127 -42
128 -1695
129 -102
130 -14865
131 -148
132 -47
133 -470
134 -140
135 -18
136 -4932
137 -30
138 -4745
139 -1989
140 -202
141 -3514
142 -610
143 -362
144 -5220
145 -270
146 -34
147 -240
148 -68
149 -50
150 -767
151 -47
152 -47
153 -227
154 -107
155 -1179
156 -47
157 -658
158 -400
159 -5013
160 -286
161 -7906
162 -57
163 -6971
164 -47
165 -52
166 -278
167 -1447
168 -47
169 -5418
170 -452
171 -333
172 -154
173 -109
174 -10035
175 -4563
176 -64
177 -81
178 -1513
179 -518
180 -98
181 -44
182 -2457
183 -353
184 -106
185 -443
186 -171
187 -3500
188 -2445
189 -3972
190 -47
191 -47
192 -8941
193 -216
194 -422
195 -7137
196 -3070
197 -352
198 -47
199 -47
200 -678
201 -2068
202 -1648
203 -2209
204 -1736
205 -3134
206 -240
207 -5413
208 -439
209 -4443
210 -138
211 -134
212 -77
213 -6530
214 -88
215 -930
216 -139
217 -253
218 -207
219 -2673
220 -55
221 -5647
222 -160
223 -53
224 -6997
225 -47
226 -560
227 -281
228 -305
229 -503
230 -7210
231 -783
232 -384
233 -232
234 -47
235 -1965
236 -133
237 -284
238 -47
239 -9391
240 -36
241 -3003
242 -104
243 -906
244 -47
245 -5185
246 -1229
247 -491
248 -47
249 -2102
250 -77
251 -99
252 -84
253 -2378
254 -47
255 -64
256 -47
257 -134
258 -353
259 -987
260 -1473
261 -268
262 -915
263 -47
264 -47
265 -47
266 -112
267 -1801
268 -2204
269 -780
270 -47
271 -8173
272 -546
273 -47
274 -2317
275 -47
276 -6305
277 -303
278 -99
279 -355
280 -1026
281 -256
282 -244
283 -793
284 -1078
285 -471
286 -627
287 -162
288 -168
289 -398
290 -109
291 -250
292 -47
293 -1049
294 -5739
295 -47
296 -4121
297 -652
298 -47
299 -1226
300 -378
301 -364
302 -47
303 -47
304 -2132
305 -42
306 -433
307 -360
308 -397
309 -4177
310 -1683
311 -47
312 -81
313 -4045
314 -3100
315 -47
316 -87
317 -99
318 -40
319 -47
320 -47
321 -1950
322 -2016
323 -5538
324 -30
325 -94
326 -89
327 -43
328 -2784
329 -4299
330 -343
331 -62
332 -3845
333 -47
334 -2669
335 -482
336 -3019
337 -448
338 -74
339 -47
340 -1161
341 -109
342 -360
343 -646
344 -4092
345 -135
346 -1435
347 -170
348 -97
349 -48
350 -47
351 -165
352 -131
353 -61
354 -857
355 -1180
356 -620
357 -210
358 -5610
359 -482
360 -91
361 -993
362 -175
363 -89
364 -108
365 -1087
366 -94
367 -4437
368 -6410
369 -2697
370 -942
371 -2353
372 -3684
373 -2079
374 -47
375 -3972
376 -9330
377 -3974
378 -37
379 -24
380 -61
381 -11
382 -731
383 -22
384 -707
385 -390
386 -2766
387 -62
388 -47
389 -192
390 -825
391 -144
392 -35
393 -82
394 -47
395 -3993
396 -521
397 -7024
398 -86
399 -6413
400 -1983
401 -3326
402 -1021
403 -5308
404 -91
405 -79
406 -47
407 -1109
408 -393
409 -1416
410 -47
411 -47
412 -289
413 -72
414 -2806
415 -266
416 -78
417 -1260
418 -71
419 -2809
420 -18
421 -98
422 -273
423 -47
424 -5477
425 -60
426 -1608
427 -404
428 -84
429 -158
430 -136
431 -432
432 -47
433 -1657
434 -144
435 -5331
436 -246
437 -47
438 -3335
439 -669
440 -109
441 -227
442 -3117
443 -196
444 -3306
445 -284
446 -3322
447 -1871
448 -324
449 -66
450 -2896
451 -143
452 -141
453 -2128
454 -177
455 -47
456 -95
457 -4288
458 -4360
459 -43
460 -1988
461 -60
462 -134
463 -4033
464 -2016
465 -4781
466 -3257
467 -2598
468 -61
469 -300
470 -6453
471 -5678
472 -47
473 -6449
474 -17
475 -1325
476 -1696
477 -387
478 -213
479 -4225
480 -82
481 -273
482 -249
483 -1256
484 -81
485 -47
486 -217
487 -938
488 -117
489 -16
490 -1062
491 -47
492 -128
493 -62
494 -706
495 -4260
496 -127
497 -64
498 -87
499 -31
500 -3095
501 -47
502 -732
503 -44
504 -279
505 -146
506 -198
507 -8327
508 -398
509 -2533
510 -47
511 -3991
512 -349
513 -949
514 -51
515 -307
516 -88
517 -29
518 -47
519 -4161
520 -3118
521 -222
522 -211
523 -91
524 -77
525 -47
526 -47
527 -56
528 -142
529 -3223
530 -4895
531 -276
532 -4347
533 -54
534 -335
535 -1779
536 -2946
537 -3877
538 -207
539 -47
540 -369
541 -47
542 -8424
543 -3459
544 -180
545 -442
546 -132
547 -48
548 -20
549 -2636
550 -57
551 -942
552 -765
553 -47
554 -3801
555 -5885
556 -66
557 -787
558 -47
559 -204
560 -237
561 -57
562 -47
563 -202
564 -745
565 -474
566 -1298
567 -8890
568 -34
569 -125
570 -6682
571 -123
572 -179
573 -2356
574 -1640
575 -52
576 -2407
577 -249
578 -38
579 -9
580 -1435
581 -2281
582 -1524
583 -189
584 -557
585 -6337
586 -370
587 -102
588 -47
589 -187
590 -83
591 -248
592 -4543
593 -142
594 -4813
595 -52
596 -283
597 -1924
598 -3842
599 -28
600 -2654
601 -41
602 -56
603 -65
604 -101
605 -47
606 -71
607 -22
608 -246
609 -125
610 -78
611 -906
612 -47
613 -3878
614 -2180
615 -379
616 -115
617 -47
618 -156
619 -47
620 -1765
621 -1315
622 -2060
623 -30
624 -325
625 -65
626 -225
627 -1275
628 -617
629 -202
630 -999
631 -162
632 -135
633 -1398
634 -65
635 -93
636 -3199
637 -63
638 -166
639 -325
640 -279
641 -47
642 -47
643 -3937
644 -4582
645 -3220
646 -1032
647 -47
648 -3189
649 -39
650 -2165
651 -2439
652 -47
653 -231
654 -673
655 -3483
656 -6348
657 -47
658 -768
659 -3990
660 -1335
661 -159
662 -47
663 -6899
664 -497
665 -47
666 -1765
667 -225
668 -353
669 -45
670 -2502
671 -2160
672 -79
673 -39
674 -2249
675 -80
676 -5771
677 -51
678 -2189
679 -485
680 -127
681 -55
682 -2208
683 -452
684 -239
685 -64
686 -4519
687 -47
688 -47
689 -64
690 -1936
691 -939
692 -958
693 -4939
694 -2765
695 -260
696 -47
697 -105
698 -97
699 -176
700 -2552
701 -1592
702 -264
703 -47
704 -235
705 -6211
706 -213
707 -36
708 -3389
709 -47
710 -381
711 -94
712 -188
713 -6249
714 -461
715 -372
716 -473
717 -82
718 -337
719 -877
720 -3090
721 -35
722 -5616
723 -3839
724 -43
725 -2767
726 -140
727 -297
728 -47
729 -315
730 -1465
731 -5973
732 -135
733 -4928
734 -1390
735 -2710
736 -2802
737 -1264
738 -173
739 -4500
740 -153
741 -648
742 -2827
743 -47
744 -28
745 -171
746 -184
747 -2506
748 -4147
749 -7341
750 -47
751 -4692
752 -125
753 -5419
754 -2967
755 -96
756 -5401
757 -130
758 -47
759 -123
760 -96
761 -47
762 -4820
763 -334
764 -269
765 -7075
766 -1477
767 -70
768 -194
769 -2281
770 -649
771 -2680
772 -4804
773 -3102
774 -299
775 -3045
776 -109
777 -47
778 -7012
779 -47
780 -337
781 -4752
782 -921
783 -1217
784 -2707
785 -1543
786 -332
787 -3538
788 -45
789 -47
790 -345
791 -54
792 -7926
793 -2690
794 -1223
795 -51
796 -153
797 -559
798 -822
799 -466
800 -47
801 -196
802 -1968
803 -65
804 -6476
805 -4642
806 -4834
807 -1536
808 -1031
809 -4027
810 -47
811 -7753
812 -213
813 -93
814 -5988
815 -47
816 -47
817 -529
818 -2069
819 -111
820 -5030
821 -2162
822 -200
823 -263
824 -3209
825 -212
826 -156
827 -1647
828 -167
829 -47
830 -361
831 -37
832 -189
833 -2219
834 -1380
835 -7848
836 -68
837 -2319
838 -4499
839 -1504
840 -804
841 -323
842 -1222
843 -213
844 -271
845 -47
846 -33
847 -47
848 -47
849 -7719
850 -47
851 -114
852 -8600
853 -117
854 -1349
855 -47
856 -3022
857 -2884
858 -370
859 -238
860 -447
861 -4689
862 -2231
863 -80
864 -3362
865 -53
866 -3116
867 -245
868 -182
869 -4428
870 -2614
871 -47
872 -153
873 -3311
874 -121
875 -114
876 -153
877 -113
878 -48
879 -47
880 -56
881 -49
882 -29
883 -87
884 -47
885 -154
886 -5265
887 -47
888 -3492
889 -7214
890 -1934
891 -192
892 -156
893 -3824
894 -385
895 -47
896 -503
897 -2799
898 -522
899 -158
900 -1046
901 -468
902 -23
903 -309
904 -337
905 -637
906 -792
907 -2848
908 -72
909 -90
910 -227
911 -47
912 -3764
913 -1367
914 -6868
915 -2177
916 -578
917 -948
918 -3644
919 -3443
920 -5365
921 -2029
922 -5092
923 -4304
924 -22
925 -47
926 -100
927 -1192
928 -236
929 -747
930 -1509
931 -3325
932 -616
933 -1854
934 -47
935 -48
936 -3431
937 -3074
938 -2025
939 -702
940 -2918
941 -4375
942 -355
943 -1966
944 -73
945 -5856
946 -217
947 -4349
948 -311
949 -1404
950 -47
951 -273
952 -2346
953 -43
954 -427
955 -47
956 -3257
957 -176
958 -237
959 -58
960 -47
961 -440
962 -3657
963 -47
964 -125
965 -41
966 -498
967 -47
968 -47
969 -2181
970 -1705
971 -7824
972 -198
973 -377
974 -3664
975 -514
976 -488
977 -101
978 -47
979 -230
980 -281
981 -124
982 -47
983 -2572
984 -894
985 -6649
986 -6466
987 -5141
988 -2800
989 -417
990 -92
991 -47
992 -47
993 -1788
994 -91
995 -5604
996 -24
997 -890
998 -3500
999 -388
