0 -964
1 -180
2 -96
3 -133
4 -61
5 -326
6 -116
7 -214
8 -542
9 -33
10 -23
11 -159
12 -23
13 -107
14 -205
15 -23
16 -33
17 -39
18 -585
19 -33
20 -23
21 -88
22 -33
23 -166
24 -130
25 -23
26 -341
27 -279
28 -281
29 -385
30 -897
31 -23
32 -256
33 -358
34 -51
35 -28
36 -508
37 -78
38 -718
39 -337
40 -23
41 -265
42 -255
43 -38
44 -615
45 -67
46 -59
47 -326
48 -236
49 -395
50 -33
51 -190
52 -324
53 -25
54 -351
55 -23
56 -65
57 -177
58 -142
59 -52
60 -168
61 -315
62 -33
63 -464
64 -619
65 -195
66 -33
67 -191
68 -654
69 -33
70 -23
71 -317
72 -30
73 -91
74 -148
75 -33
76 -236
77 -319
78 -166
79 -37
80 -33
81 -283
82 -261
83 -34
84 -288
85 -111
86 -33
87 -61
88 -155
89 -218
90 -669
91 -23
92 -60
93 -143
94 -410
95 -33
96 -309
97 -346
98 -727
99 -23
100 -314
101 -33
102 -154
103 -498
104 -883
105 -33
106 -283
107 -115
108 -37
109 -23
110 -33
111 -23
112 -33
113 -200
114 -23
115 -23
116 -23
117 -94
118 -159
119 -343
120 -682
121 -83
122 -75
123 -167
124 -131
125 -43
126 -108
127 -276
128 -251
129 -280
130 -33
131 -214
132 -33
133 -23
134 -628
135 -185
136 -23
137 -33
138 -681
139 -339
140 -33
141 -23
142 -347
143 -81
144 -23
145 -33
146 -203
147 -134
148 -90
149 -14
150 -185
151 -958
152 -108
153 -23
154 -319
155 -333
156 -23
157 -109
158 -656
159 -65
160 -450
161 -23
162 -172
163 -33
164 -24
165 -757
166 -472
167 -122
168 -137
169 -33
170 -249
171 -126
172 -311
173 -132
174 -556
175 -135
176 -82
177 -867
178 -796
179 -83
180 -342
181 -113
182 -131
183 -33
184 -33
185 -23
186 -136
187 -172
188 -69
189 -33
190 -23
191 -23
192 -200
193 -372
194 -94
195 -315
196 -31
197 -33
198 -30
199 -342
200 -65
201 -33
202 -1281
203 -149
204 -33
205 -61
206 -55
207 -23
208 -23
209 -52
210 -45
211 -33
212 -79
213 -56
214 -52
215 -1096
216 -92
217 -23
218 -313
219 -28
220 -772
221 -166
222 -214
223 -248
224 -123
225 -56
226 -207
227 -33
228 -653
229 -23
230 -33
231 -23
232 -33
233 -1932
234 -140
235 -295
236 -34
237 -293
238 -33
239 -56
240 -33
241 -450
242 -145
243 -41
244 -21
245 -92
246 -23
247 -215
248 -138
249 -299
250 -23
251 -23
252 -125
253 -29
254 -57
255 -23
256 -96
257 -242
258 -94
259 -23
260 -71
261 -23
262 -143
263 -72
264 -167
265 -88
266 -25
267 -573
268 -49
269 -50
270 -191
271 -330
272 -114
273 -72
274 -454
275 -82
276 -29
277 -161
278 -231
279 -406
280 -152
281 -23
282 -520
283 -152
284 -23
285 -71
286 -23
287 -147
288 -11
289 -287
290 -200
291 -367
292 -89
293 -23
294 -177
295 -101
296 -149
297 -254
298 -94
299 -33
300 -144
301 -132
302 -33
303 -429
304 -406
305 -39
306 -46
307 -33
308 -23
309 -579
310 -33
311 -57
312 -33
313 -37
314 -23
315 -23
316 -111
317 -177
318 -28
319 -79
320 -186
321 -33
322 -178
323 -46
324 -234
325 -324
326 -33
327 -88
328 -82
329 -143
330 -399
331 -33
332 -155
333 -42
334 -25
335 -436
336 -336
337 -64
338 -147
339 -23
340 -465
341 -62
342 -120
343 -27
344 -341
345 -33
346 -23
347 -259
348 -53
349 -330
350 -32
351 -291
352 -89
353 -1925
354 -42
355 -187
356 -337
357 -108
358 -312
359 -1162
360 -227
361 -33
362 -289
363 -252
364 -23
365 -33
366 -33
367 -129
368 -352
369 -59
370 -155
371 -33
372 -514
373 -68
374 -23
375 -44
376 -1634
377 -23
378 -134
379 -51
380 -124
381 -176
382 -89
383 -611
384 -134
385 -586
386 -86
387 -126
388 -195
389 -819
390 -47
391 -27
392 -23
393 -23
394 -102
395 -23
396 -113
397 -33
398 -107
399 -59
400 -33
401 -333
402 -71
403 -297
404 -58
405 -127
406 -82
407 -33
408 -774
409 -142
410 -27
411 -138
412 -23
413 -141
414 -41
415 -23
416 -26
417 -15
418 -193
419 -140
420 -112
421 -56
422 -318
423 -23
424 -57
425 -375
426 -13
427 -133
428 -23
429 -26
430 -23
431 -224
432 -23
433 -33
434 -111
435 -44
436 -81
437 -10
438 -433
439 -48
440 -525
441 -569
442 -279
443 -33
444 -23
445 -23
446 -129
447 -369
448 -100
449 -237
450 -33
451 -304
452 -23
453 -23
454 -242
455 -356
456 -399
457 -33
458 -33
459 -37
460 -87
461 -159
462 -579
463 -51
464 -64
465 -168
466 -71
467 -23
468 -137
469 -205
470 -72
471 -23
472 -33
473 -602
474 -460
475 -35
476 -80
477 -205
478 -177
479 -243
480 -458
481 -110
482 -519
483 -23
484 -84
485 -334
486 -33
487 -414
488 -23
489 -60
490 -23
491 -231
492 -68
493 -264
494 -38
495 -33
496 -45
497 -214
498 -229
499 -62
500 -195
501 -240
502 -33
503 -341
504 -92
505 -33
506 -54
507 -38
508 -20
509 -806
510 -396
511 -54
512 -210
513 -33
514 -25
515 -193
516 -164
517 -118
518 -125
519 -85
520 -125
521 -1350
522 -23
523 -27
524 -253
525 -80
526 -33
527 -13
528 -33
529 -476
530 -23
531 -33
532 -265
533 -101
534 -27
535 -33
536 -44
537 -14
538 -415
539 -74
540 -187
541 -23
542 -520
543 -191
544 -33
545 -258
546 -271
547 -456
548 -338
549 -423
550 -185
551 -509
552 -56
553 -35
554 -107
555 -276
556 -30
557 -228
558 -257
559 -269
560 -380
561 -103
562 -23
563 -818
564 -8
565 -304
566 -838
567 -399
568 -438
569 -28
570 -41
571 -53
572 -33
573 -483
574 -25
575 -62
576 -62
577 -273
578 -70
579 -33
580 -197
581 -33
582 -44
583 -33
584 -593
585 -114
586 -23
587 -581
588 -160
589 -169
590 -102
591 -462
592 -216
593 -76
594 -33
595 -33
596 -181
597 -254
598 -305
599 -23
600 -271
601 -9
602 -277
603 -240
604 -141
605 -30
606 -167
607 -250
608 -522
609 -244
610 -27
611 -287
612 -33
613 -133
614 -64
615 -352
616 -311
617 -23
618 -33
619 -397
620 -33
621 -62
622 -186
623 -33
624 -442
625 -33
626 -23
627 -439
628 -23
629 -23
630 -42
631 -302
632 -33
633 -52
634 -23
635 -23
636 -33
637 -23
638 -56
639 -129
640 -45
641 -984
642 -126
643 -106
644 -407
645 -76
646 -137
647 -33
648 -28
649 -33
650 -33
651 -27
652 -271
653 -27
654 -25
655 -296
656 -136
657 -212
658 -83
659 -23
660 -33
661 -73
662 -50
663 -108
664 -23
665 -33
666 -28
667 -42
668 -130
669 -23
670 -298
671 -66
672 -218
673 -116
674 -735
675 -123
676 -33
677 -271
678 -23
679 -35
680 -170
681 -33
682 -207
683 -321
684 -141
685 -171
686 -103
687 -67
688 -147
689 -23
690 -86
691 -38
692 -33
693 -326
694 -137
695 -173
696 -56
697 -1579
698 -133
699 -105
700 -170
701 -374
702 -81
703 -140
704 -49
705 -442
706 -211
707 -41
708 -881
709 -382
710 -103
711 -596
712 -33
713 -27
714 -284
715 -377
716 -33
717 -34
718 -292
719 -377
720 -23
721 -33
722 -23
723 -23
724 -30
725 -570
726 -33
727 -23
728 -23
729 -23
730 -501
731 -33
732 -30
733 -390
734 -33
735 -33
736 -350
737 -266
738 -252
739 -543
740 -363
741 -275
742 -288
743 -27
744 -113
745 -226
746 -44
747 -37
748 -150
749 -244
750 -534
751 -23
752 -424
753 -78
754 -696
755 -33
756 -531
757 -23
758 -141
759 -149
760 -254
761 -895
762 -107
763 -107
764 -33
765 -266
766 -94
767 -458
768 -86
769 -45
770 -204
771 -23
772 -168
773 -23
774 -23
775 -73
776 -33
777 -33
778 -33
779 -33
780 -122
781 -20
782 -23
783 -162
784 -55
785 -33
786 -676
787 -33
788 -108
789 -758
790 -290
791 -33
792 -23
793 -23
794 -156
795 -23
796 -163
797 -33
798 -98
799 -37
800 -57
801 -43
802 -33
803 -43
804 -98
805 -245
806 -33
807 -123
808 -71
809 -15
810 -239
811 -33
812 -406
813 -23
814 -23
815 -77
816 -263
817 -70
818 -33
819 -56
820 -260
821 -318
822 -284
823 -33
824 -580
825 -307
826 -41
827 -330
828 -530
829 -463
830 -64
831 -55
832 -48
833 -286
834 -472
835 -23
836 -33
837 -520
838 -201
839 -173
840 -33
841 -23
842 -312
843 -55
844 -278
845 -447
846 -34
847 -217
848 -23
849 -99
850 -100
851 -108
852 -238
853 -85
854 -24
855 -23
856 -326
857 -376
858 -142
859 -33
860 -346
861 -336
862 -387
863 -155
864 -99
865 -58
866 -574
867 -324
868 -1403
869 -186
870 -410
871 -101
872 -418
873 -183
874 -24
875 -33
876 -30
877 -23
878 -287
879 -148
880 -33
881 -39
882 -756
883 -33
884 -23
885 -37
886 -381
887 -57
888 -325
889 -86
890 -41
891 -118
892 -94
893 -33
894 -113
895 -504
896 -33
897 -129
898 -618
899 -136
900 -158
901 -148
902 -23
903 -123
904 -216
905 -33
906 -23
907 -48
908 -483
909 -85
910 -401
911 -93
912 -1177
913 -33
914 -436
915 -23
916 -37
917 -40
918 -33
919 -421
920 -338
921 -26
922 -33
923 -33
924 -148
925 -33
926 -164
927 -57
928 -479
929 -267
930 -152
931 -10
932 -279
933 -94
934 -115
935 -128
936 -729
937 -170
938 -230
939 -57
940 -33
941 -341
942 -168
943 -23
944 -35
945 -33
946 -55
947 -327
948 -182
949 -23
950 -23
951 -205
952 -23
953 -33
954 -33
955 -48
956 -273
957 -154
958 -33
959 -108
960 -33
961 -184
962 -23
963 -138
964 -94
965 -33
966 -333
967 -385
968 -306
969 -111
970 -623
971 -261
972 -37
973 -153
974 -96
975 -23
976 -56
977 -201
978 -808
979 -43
980 -216
981 -50
982 -23
983 -422
984 -130
985 -23
986 -23
987 -494
988 -37
989 -62
990 -284
991 -110
992 -284
993 -303
994 -23
995 -23
996 -23
997 -117
998 -1336
999 -308
