0 -78
1 -144
2 -533
3 -33
4 -165
5 -264
6 -14
7 -31
8 -101
9 -187
10 -113
11 -26
12 -33
13 -193
14 -76
15 -137
16 -237
17 -110
18 -30
19 -33
20 -566
21 -107
22 -247
23 -166
24 -150
25 -23
26 -33
27 -172
28 -29
29 -23
30 -33
31 -224
32 -369
33 -48
34 -147
35 -187
36 -213
37 -119
38 -239
39 -82
40 -73
41 -371
42 -420
43 -110
44 -23
45 -565
46 -33
47 -203
48 -23
49 -100
50 -359
51 -25
52 -35
53 -203
54 -83
55 -176
56 -58
57 -193
58 -37
59 -173
60 -71
61 -206
62 -1140
63 -39
64 -65
65 -253
66 -242
67 -357
68 -33
69 -41
70 -82
71 -23
72 -77
73 -94
74 -23
75 -108
76 -23
77 -280
78 -42
79 -159
80 -226
81 -31
82 -322
83 -33
84 -166
85 -3024
86 -811
87 -228
88 -46
89 -33
90 -23
91 -23
92 -550
93 -23
94 -559
95 -130
96 -33
97 -168
98 -33
99 -549
100 -258
101 -293
102 -543
103 -33
104 -81
105 -54
106 -231
107 -152
108 -56
109 -113
110 -166
111 -504
112 -88
113 -165
114 -64
115 -24
116 -33
117 -300
118 -135
119 -129
120 -301
121 -23
122 -23
123 -38
124 -144
125 -23
126 -60
127 -77
128 -619
129 -315
130 -576
131 -335
132 -727
133 -232
134 -110
135 -558
136 -150
137 -2883
138 -33
139 -54
140 -36
141 -23
142 -33
143 -23
144 -185
145 -23
146 -118
147 -130
148 -207
149 -54
150 -361
151 -67
152 -33
153 -185
154 -97
155 -444
156 -68
157 -86
158 -33
159 -34
160 -36
161 -155
162 -33
163 -180
164 -65
165 -339
166 -46
167 -77
168 -29
169 -33
170 -37
171 -84
172 -23
173 -486
174 -195
175 -33
176 -567
177 -23
178 -561
179 -42
180 -33
181 -130
182 -355
183 -137
184 -23
185 -224
186 -34
187 -298
188 -962
189 -181
190 -261
191 -33
192 -34
193 -24
194 -175
195 -135
196 -73
197 -122
198 -439
199 -269
200 -1208
201 -56
202 -1263
203 -133
204 -57
205 -57
206 -267
207 -33
208 -32
209 -72
210 -334
211 -109
212 -22
213 -1120
214 -33
215 -257
216 -1067
217 -103
218 -23
219 -23
220 -129
221 -150
222 -23
223 -312
224 -439
225 -437
226 -344
227 -33
228 -220
229 -142
230 -23
231 -33
232 -33
233 -33
234 -580
235 -83
236 -182
237 -376
238 -179
239 -238
240 -144
241 -23
242 -208
243 -148
244 -224
245 -188
246 -267
247 -210
248 -216
249 -132
250 -23
251 -150
252 -33
253 -52
254 -52
255 -144
256 -23
257 -257
258 -26
259 -255
260 -204
261 -129
262 -543
263 -608
264 -71
265 -23
266 -65
267 -78
268 -23
269 -23
270 -33
271 -51
272 -333
273 -146
274 -33
275 -51
276 -1736
277 -39
278 -148
279 -23
280 -132
281 -620
282 -243
283 -188
284 -103
285 -33
286 -171
287 -96
288 -33
289 -111
290 -23
291 -700
292 -23
293 -108
294 -843
295 -26
296 -59
297 -115
298 -23
299 -23
300 -237
301 -1264
302 -20
303 -111
304 -33
305 -151
306 -98
307 -23
308 -190
309 -313
310 -177
311 -236
312 -33
313 -33
314 -272
315 -81
316 -26
317 -139
318 -137
319 -23
320 -33
321 -33
322 -149
323 -181
324 -23
325 -60
326 -191
327 -144
328 -33
329 -567
330 -436
331 -33
332 -531
333 -429
334 -33
335 -33
336 -351
337 -194
338 -33
339 -166
340 -154
341 -373
342 -26
343 -224
344 -159
345 -531
346 -178
347 -358
348 -23
349 -33
350 -113
351 -287
352 -470
353 -41
354 -230
355 -330
356 -339
357 -23
358 -119
359 -227
360 -210
361 -131
362 -511
363 -103
364 -364
365 -23
366 -140
367 -389
368 -23
369 -366
370 -132
371 -36
372 -704
373 -112
374 -290
375 -228
376 -109
377 -34
378 -607
379 -38
380 -30
381 -337
382 -33
383 -256
384 -522
385 -100
386 -1414
387 -111
388 -59
389 -120
390 -321
391 -43
392 -347
393 -40
394 -325
395 -168
396 -33
397 -645
398 -151
399 -510
400 -546
401 -113
402 -88
403 -116
404 -103
405 -181
406 -33
407 -236
408 -59
409 -23
410 -359
411 -23
412 -157
413 -993
414 -446
415 -26
416 -1000
417 -200
418 -168
419 -147
420 -33
421 -26
422 -348
423 -382
424 -23
425 -73
426 -23
427 -104
428 -208
429 -38
430 -23
431 -99
432 -89
433 -186
434 -159
435 -55
436 -23
437 -172
438 -224
439 -21
440 -23
441 -153
442 -128
443 -80
444 -33
445 -33
446 -29
447 -23
448 -441
449 -257
450 -156
451 -206
452 -43
453 -495
454 -33
455 -208
456 -149
457 -178
458 -136
459 -57
460 -233
461 -248
462 -302
463 -39
464 -71
465 -103
466 -298
467 -23
468 -36
469 -128
470 -98
471 -23
472 -23
473 -33
474 -229
475 -236
476 -160
477 -241
478 -256
479 -23
480 -90
481 -49
482 -33
483 -196
484 -33
485 -410
486 -782
487 -43
488 -33
489 -23
490 -178
491 -444
492 -23
493 -23
494 -365
495 -60
496 -59
497 -408
498 -64
499 -41
500 -243
501 -33
502 -239
503 -33
504 -33
505 -41
506 -199
507 -213
508 -205
509 -323
510 -88
511 -33
512 -23
513 -128
514 -124
515 -74
516 -298
517 -23
518 -353
519 -489
520 -33
521 -138
522 -23
523 -92
524 -304
525 -1186
526 -33
527 -442
528 -198
529 -291
530 -561
531 -210
532 -301
533 -125
534 -50
535 -33
536 -240
537 -85
538 -33
539 -241
540 -14
541 -143
542 -1022
543 -33
544 -57
545 -23
546 -132
547 -332
548 -33
549 -33
550 -350
551 -116
552 -86
553 -40
554 -23
555 -23
556 -23
557 -97
558 -365
559 -23
560 -237
561 -57
562 -28
563 -23
564 -176
565 -234
566 -59
567 -98
568 -370
569 -261
570 -1054
571 -179
572 -33
573 -311
574 -395
575 -1222
576 -813
577 -33
578 -831
579 -107
580 -396
581 -33
582 -294
583 -271
584 -209
585 -62
586 -52
587 -189
588 -33
589 -815
590 -174
591 -91
592 -752
593 -450
594 -401
595 -322
596 -33
597 -78
598 -23
599 -393
600 -97
601 -145
602 -35
603 -23
604 -202
605 -135
606 -314
607 -219
608 -106
609 -223
610 -561
611 -23
612 -34
613 -317
614 -23
615 -33
616 -76
617 -27
618 -614
619 -244
620 -62
621 -29
622 -23
623 -159
624 -203
625 -558
626 -204
627 -33
628 -223
629 -65
630 -146
631 -751
632 -753
633 -33
634 -33
635 -174
636 -33
637 -205
638 -23
639 -134
640 -23
641 -148
642 -198
643 -33
644 -214
645 -581
646 -153
647 -240
648 -84
649 -33
650 -129
651 -797
652 -472
653 -184
654 -159
655 -183
656 -79
657 -23
658 -46
659 -2082
660 -23
661 -309
662 -112
663 -85
664 -176
665 -728
666 -27
667 -212
668 -171
669 -207
670 -97
671 -33
672 -143
673 -197
674 -142
675 -267
676 -225
677 -23
678 -23
679 -353
680 -72
681 -23
682 -23
683 -565
684 -23
685 -766
686 -69
687 -297
688 -154
689 -33
690 -104
691 -390
692 -68
693 -12
694 -373
695 -194
696 -259
697 -121
698 -642
699 -129
700 -23
701 -718
702 -379
703 -23
704 -162
705 -216
706 -23
707 -149
708 -211
709 -936
710 -80
711 -113
712 -33
713 -161
714 -33
715 -553
716 -250
717 -385
718 -512
719 -284
720 -112
721 -13
722 -51
723 -132
724 -253
725 -242
726 -23
727 -477
728 -33
729 -80
730 -33
731 -23
732 -202
733 -23
734 -130
735 -23
736 -114
737 -435
738 -248
739 -309
740 -95
741 -144
742 -180
743 -23
744 -210
745 -489
746 -169
747 -33
748 -468
749 -14
750 -33
751 -23
752 -197
753 -56
754 -23
755 -153
756 -1034
757 -129
758 -28
759 -150
760 -33
761 -318
762 -23
763 -33
764 -23
765 -51
766 -350
767 -289
768 -330
769 -155
770 -100
771 -157
772 -80
773 -249
774 -59
775 -50
776 -25
777 -483
778 -201
779 -95
780 -314
781 -23
782 -326
783 -472
784 -442
785 -23
786 -23
787 -33
788 -446
789 -521
790 -382
791 -248
792 -501
793 -102
794 -122
795 -215
796 -782
797 -61
798 -23
799 -38
800 -554
801 -68
802 -542
803 -322
804 -23
805 -124
806 -212
807 -56
808 -340
809 -191
810 -282
811 -33
812 -753
813 -1975
814 -33
815 -384
816 -23
817 -373
818 -436
819 -140
820 -40
821 -23
822 -28
823 -23
824 -44
825 -375
826 -69
827 -26
828 -23
829 -23
830 -23
831 -340
832 -228
833 -27
834 -33
835 -322
836 -223
837 -974
838 -522
839 -70
840 -33
841 -360
842 -213
843 -280
844 -33
845 -143
846 -77
847 -33
848 -36
849 -33
850 -97
851 -268
852 -23
853 -23
854 -255
855 -33
856 -46
857 -33
858 -23
859 -322
860 -175
861 -184
862 -148
863 -23
864 -33
865 -99
866 -62
867 -219
868 -14
869 -232
870 -27
871 -307
872 -31
873 -257
874 -133
875 -80
876 -149
877 -23
878 -140
879 -33
880 -244
881 -23
882 -552
883 -33
884 -42
885 -33
886 -115
887 -659
888 -119
889 -284
890 -78
891 -23
892 -57
893 -23
894 -166
895 -40
896 -762
897 -203
898 -74
899 -630
900 -23
901 -50
902 -67
903 -314
904 -167
905 -247
906 -441
907 -23
908 -101
909 -565
910 -1011
911 -44
912 -23
913 -220
914 -33
915 -429
916 -84
917 -23
918 -33
919 -33
920 -194
921 -54
922 -33
923 -125
924 -23
925 -33
926 -57
927 -126
928 -338
929 -44
930 -31
931 -23
932 -33
933 -33
934 -363
935 -33
936 -562
937 -135
938 -23
939 -264
940 -174
941 -428
942 -120
943 -33
944 -100
945 -33
946 -158
947 -936
948 -126
949 -31
950 -61
951 -231
952 -117
953 -150
954 -133
955 -61
956 -81
957 -201
958 -72
959 -435
960 -38
961 -180
962 -122
963 -23
964 -33
965 -23
966 -116
967 -10
968 -41
969 -237
970 -236
971 -105
972 -230
973 -89
974 -133
975 -107
976 -177
977 -33
978 -33
979 -540
980 -33
981 -33
982 -192
983 -23
984 -639
985 -139
986 -177
987 -40
988 -374
989 -232
990 -132
991 -33
992 -23
993 -46
994 -129
995 -200
996 -23
997 -472
998 -70
999 -67
