0 -1484
1 -92
2 -35
3 -143
4 -35
5 -40
6 -33
7 -33
8 -494
9 -35
10 -47
11 -35
12 -111
13 -33
14 -33
15 -68
16 -852
17 -85
18 -51
19 -72
20 -966
21 -468
22 -35
23 -149
24 -166
25 -8643
26 -35
27 -35
28 -33
29 -35
30 -237
31 -58
32 -54
33 -83
34 -723
35 -33
36 -528
37 -236
38 -57
39 -22
40 -35
41 -188
42 -15
43 -279
44 -33
45 -35
46 -30
47 -35
48 -35
49 -512
50 -33
51 -48
52 -33
53 -321
54 -109
55 -45
56 -84
57 -154
58 -760
59 -35
60 -529
61 -403
62 -33
63 -33
64 -80
65 -31
66 -78
67 -71
68 -61
69 -33
70 -272
71 -153
72 -597
73 -33
74 -73
75 -120
76 -47
77 -31
78 -124
79 -378
80 -215
81 -35
82 -76
83 -354
84 -163
85 -1765
86 -399
87 -97
88 -146
89 -33
90 -72
91 -396
92 -33
93 -88
94 -270
95 -581
96 -134
97 -904
98 -316
99 -1380
100 -47
101 -171
102 -943
103 -35
104 -30
105 -79
106 -33
107 -85
108 -393
109 -1158
110 -33
111 -35
112 -614
113 -33
114 -33
115 -33
116 -2675
117 -394
118 -33
119 -49
120 -185
121 -37
122 -414
123 -1879
124 -33
125 -35
126 -463
127 -169
128 -33
129 -229
130 -35
131 -105
132 -61
133 -396
134 -42
135 -87
136 -193
137 -33
138 -69
139 -35
140 -32
141 -95
142 -35
143 -586
144 -35
145 -390
146 -33
147 -472
148 -35
149 -34
150 -298
151 -100
152 -33
153 -148
154 -56
155 -229
156 -100
157 -33
158 -203
159 -309
160 -296
161 -345
162 -24
163 -238
164 -35
165 -224
166 -33
167 -44
168 -362
169 -134
170 -35
171 -316
172 -35
173 -33
174 -2960
175 -118
176 -159
177 -33
178 -33
179 -35
180 -35
181 -35
182 -33
183 -1470
184 -55
185 -101
186 -317
187 -208
188 -35
189 -49
190 -33
191 -35
192 -207
193 -47
194 -33
195 -148
196 -112
197 -60
198 -35
199 -156
200 -35
201 -35
202 -543
203 -189
204 -194
205 -165
206 -888
207 -148
208 -33
209 -39
210 -2092
211 -35
212 -35
213 -33
214 -32
215 -43
216 -23
217 -70
218 -345
219 -33
220 -105
221 -203
222 -193
223 -316
224 -284
225 -126
226 -33
227 -47
228 -505
229 -35
230 -105
231 -1254
232 -175
233 -56
234 -111
235 -33
236 -597
237 -33
238 -184
239 -57
240 -229
241 -166
242 -972
243 -1037
244 -33
245 -61
246 -2717
247 -80
248 -732
249 -65
250 -844
251 -139
252 -51
253 -33
254 -47
255 -209
256 -169
257 -33
258 -418
259 -162
260 -182
261 -33
262 -598
263 -290
264 -89
265 -122
266 -984
267 -168
268 -933
269 -425
270 -404
271 -227
272 -52
273 -95
274 -35
275 -33
276 -254
277 -280
278 -52
279 -35
280 -56
281 -33
282 -127
283 -231
284 -35
285 -126
286 -43
287 -238
288 -49
289 -129
290 -336
291 -207
292 -33
293 -115
294 -33
295 -516
296 -365
297 -94
298 -133
299 -35
300 -82
301 -33
302 -91
303 -2738
304 -199
305 -522
306 -33
307 -392
308 -33
309 -294
310 -35
311 -35
312 -348
313 -1897
314 -169
315 -35
316 -35
317 -74
318 -6248
319 -35
320 -33
321 -40
322 -191
323 -5255
324 -33
325 -61
326 -41
327 -424
328 -42
329 -35
330 -100
331 -1889
332 -67
333 -35
334 -153
335 -33
336 -336
337 -449
338 -597
339 -106
340 -1239
341 -133
342 -357
343 -207
344 -140
345 -143
346 -147
347 -20
348 -35
349 -35
350 -3071
351 -119
352 -518
353 -59
354 -33
355 -33
356 -35
357 -33
358 -33
359 -114
360 -33
361 -117
362 -33
363 -3453
364 -84
365 -94
366 -149
367 -363
368 -149
369 -35
370 -1133
371 -33
372 -40
373 -433
374 -35
375 -395
376 -870
377 -246
378 -2676
379 -476
380 -33
381 -88
382 -33
383 -46
384 -182
385 -467
386 -56
387 -1338
388 -33
389 -286
390 -50
391 -768
392 -1674
393 -44
394 -394
395 -508
396 -35
397 -517
398 -529
399 -2839
400 -694
401 -259
402 -31
403 -35
404 -416
405 -626
406 -833
407 -149
408 -33
409 -4901
410 -33
411 -29
412 -242
413 -86
414 -389
415 -186
416 -4047
417 -457
418 -1705
419 -79
420 -121
421 -33
422 -877
423 -64
424 -82
425 -161
426 -35
427 -319
428 -314
429 -84
430 -35
431 -33
432 -2314
433 -35
434 -33
435 -902
436 -35
437 -56
438 -225
439 -2139
440 -55
441 -264
442 -35
443 -407
444 -1172
445 -60
446 -222
447 -304
448 -132
449 -344
450 -36
451 -35
452 -3002
453 -767
454 -580
455 -673
456 -33
457 -109
458 -35
459 -33
460 -351
461 -544
462 -63
463 -281
464 -33
465 -301
466 -35
467 -52
468 -4483
469 -33
470 -2129
471 -133
472 -76
473 -198
474 -182
475 -33
476 -90
477 -192
478 -718
479 -179
480 -35
481 -481
482 -2758
483 -1225
484 -125
485 -103
486 -305
487 -33
488 -35
489 -464
490 -109
491 -950
492 -33
493 -486
494 -110
495 -33
496 -212
497 -123
498 -35
499 -325
500 -35
501 -37
502 -221
503 -35
504 -457
505 -33
506 -449
507 -329
508 -522
509 -33
510 -1597
511 -272
512 -366
513 -21
514 -33
515 -42
516 -208
517 -76
518 -53
519 -33
520 -997
521 -35
522 -296
523 -22
524 -56
525 -415
526 -118
527 -33
528 -35
529 -519
530 -35
531 -33
532 -96
533 -313
534 -35
535 -35
536 -35
537 -213
538 -144
539 -31
540 -340
541 -2889
542 -310
543 -36
544 -776
545 -35
546 -292
547 -334
548 -81
549 -243
550 -566
551 -37
552 -16
553 -36
554 -156
555 -1256
556 -235
557 -270
558 -164
559 -16
560 -127
561 -470
562 -33
563 -1082
564 -715
565 -57
566 -48
567 -474
568 -645
569 -820
570 -39
571 -35
572 -35
573 -35
574 -120
575 -78
576 -33
577 -320
578 -410
579 -725
580 -211
581 -35
582 -305
583 -154
584 -67
585 -35
586 -124
587 -35
588 -147
589 -79
590 -411
591 -297
592 -33
593 -277
594 -5243
595 -2403
596 -275
597 -237
598 -372
599 -1471
600 -319
601 -229
602 -155
603 -743
604 -33
605 -1986
606 -74
607 -139
608 -44
609 -35
610 -33
611 -148
612 -331
613 -44
614 -35
615 -300
616 -153
617 -292
618 -205
619 -137
620 -214
621 -35
622 -251
623 -508
624 -121
625 -1903
626 -113
627 -155
628 -110
629 -35
630 -252
631 -33
632 -35
633 -491
634 -146
635 -1912
636 -277
637 -26
638 -33
639 -33
640 -35
641 -367
642 -129
643 -104
644 -362
645 -227
646 -33
647 -651
648 -92
649 -35
650 -121
651 -7266
652 -31
653 -35
654 -3341
655 -33
656 -245
657 -559
658 -62
659 -1078
660 -35
661 -33
662 -964
663 -1014
664 -41
665 -33
666 -33
667 -126
668 -12
669 -1886
670 -71
671 -35
672 -500
673 -39
674 -490
675 -199
676 -61
677 -33
678 -263
679 -35
680 -129
681 -9
682 -25
683 -182
684 -280
685 -740
686 -33
687 -157
688 -64
689 -150
690 -35
691 -35
692 -272
693 -35
694 -188
695 -177
696 -842
697 -160
698 -417
699 -520
700 -169
701 -112
702 -2883
703 -355
704 -493
705 -394
706 -110
707 -122
708 -98
709 -933
710 -35
711 -1380
712 -695
713 -39
714 -83
715 -78
716 -221
717 -177
718 -33
719 -33
720 -7365
721 -35
722 -33
723 -40
724 -32
725 -52
726 -78
727 -116
728 -46
729 -33
730 -127
731 -2196
732 -35
733 -1525
734 -284
735 -603
736 -5752
737 -203
738 -356
739 -330
740 -20
741 -152
742 -125
743 -131
744 -190
745 -35
746 -156
747 -403
748 -432
749 -782
750 -82
751 -387
752 -86
753 -102
754 -107
755 -33
756 -412
757 -150
758 -144
759 -33
760 -18
761 -560
762 -80
763 -61
764 -582
765 -205
766 -125
767 -33
768 -205
769 -107
770 -118
771 -296
772 -72
773 -35
774 -35
775 -35
776 -33
777 -62
778 -215
779 -126
780 -35
781 -140
782 -595
783 -487
784 -344
785 -35
786 -204
787 -417
788 -429
789 -52
790 -547
791 -60
792 -196
793 -135
794 -167
795 -2896
796 -110
797 -53
798 -187
799 -35
800 -33
801 -122
802 -23
803 -34
804 -100
805 -245
806 -35
807 -542
808 -34
809 -35
810 -88
811 -110
812 -35
813 -745
814 -30
815 -33
816 -253
817 -96
818 -35
819 -84
820 -502
821 -3549
822 -35
823 -120
824 -35
825 -101
826 -491
827 -465
828 -33
829 -195
830 -708
831 -33
832 -87
833 -33
834 -693
835 -2182
836 -340
837 -179
838 -234
839 -81
840 -33
841 -260
842 -145
843 -33
844 -2727
845 -1294
846 -204
847 -103
848 -33
849 -150
850 -53
851 -151
852 -3931
853 -153
854 -33
855 -165
856 -33
857 -300
858 -82
859 -56
860 -195
861 -549
862 -153
863 -152
864 -277
865 -35
866 -312
867 -62
868 -99
869 -69
870 -35
871 -35
872 -39
873 -178
874 -709
875 -35
876 -86
877 -2337
878 -35
879 -70
880 -568
881 -384
882 -399
883 -19
884 -135
885 -238
886 -45
887 -121
888 -362
889 -796
890 -436
891 -33
892 -34
893 -232
894 -274
895 -148
896 -449
897 -35
898 -72
899 -35
900 -174
901 -33
902 -185
903 -138
904 -152
905 -33
906 -33
907 -65
908 -35
909 -368
910 -79
911 -1116
912 -485
913 -90
914 -33
915 -155
916 -33
917 -82
918 -58
919 -35
920 -350
921 -35
922 -399
923 -35
924 -165
925 -33
926 -74
927 -577
928 -34
929 -108
930 -643
931 -219
932 -329
933 -411
934 -44
935 -33
936 -22
937 -42
938 -416
939 -405
940 -25
941 -288
942 -7931
943 -43
944 -280
945 -49
946 -33
947 -491
948 -260
949 -29
950 -52
951 -3517
952 -33
953 -599
954 -12
955 -49
956 -258
957 -258
958 -35
959 -483
960 -31
961 -495
962 -339
963 -34
964 -35
965 -33
966 -759
967 -6187
968 -113
969 -33
970 -235
971 -35
972 -33
973 -35
974 -797
975 -33
976 -1180
977 -301
978 -35
979 -190
980 -303
981 -35
982 -72
983 -198
984 -35
985 -218
986 -164
987 -33
988 -33
989 -134
990 -93
991 -64
992 -557
993 -520
994 -137
995 -35
996 -2265
997 -138
998 -83
999 -658
