0 -282
1 -176
2 -119
3 -44
4 -35
5 -1123
6 -267
7 -22
8 -45
9 -2523
10 -53
11 -12
12 -35
13 -539
14 -35
15 -1263
16 -1373
17 -35
18 -1933
19 -417
20 -168
21 -669
22 -189
23 -22
24 -240
25 -237
26 -137
27 -655
28 -104
29 -65
30 -22
31 -207
32 -790
33 -35
34 -39
35 -35
36 -14
37 -35
38 -35
39 -304
40 -35
41 -651
42 -35
43 -35
44 -77
45 -82
46 -22
47 -22
48 -39
49 -22
50 -22
51 -139
52 -193
53 -97
54 -414
55 -299
56 -40
57 -47
58 -22
59 -808
60 -599
61 -147
62 -81
63 -77
64 -350
65 -20
66 -43
67 -1758
68 -35
69 -208
70 -23
71 -1745
72 -201
73 -35
74 -923
75 -22
76 -310
77 -99
78 -320
79 -22
80 -151
81 -35
82 -670
83 -35
84 -35
85 -189
86 -543
87 -1220
88 -26
89 -436
90 -139
91 -215
92 -326
93 -22
94 -22
95 -22
96 -348
97 -744
98 -403
99 -634
100 -35
101 -66
102 -112
103 -44
104 -56
105 -1024
106 -80
107 -22
108 -242
109 -35
110 -17
111 -97
112 -155
113 -94
114 -197
115 -53
116 -349
117 -303
118 -35
119 -275
120 -35
121 -80
122 -35
123 -35
124 -850
125 -35
126 -35
127 -288
128 -60
129 -2225
130 -593
131 -302
132 -200
133 -35
134 -299
135 -1090
136 -75
137 -238
138 -970
139 -41
140 -370
141 -22
142 -452
143 -64
144 -60
145 -697
146 -35
147 -41
148 -35
149 -22
150 -37
151 -72
152 -514
153 -473
154 -728
155 -35
156 -352
157 -71
158 -433
159 -331
160 -106
161 -314
162 -35
163 -138
164 -49
165 -206
166 -569
167 -220
168 -2696
169 -2915
170 -1441
171 -408
172 -35
173 -24
174 -35
175 -63
176 -681
177 -22
178 -87
179 -35
180 -216
181 -35
182 -22
183 -22
184 -3200
185 -67
186 -371
187 -345
188 -612
189 -22
190 -993
191 -109
192 -22
193 -180
194 -42
195 -35
196 -22
197 -3242
198 -22
199 -35
200 -22
201 -414
202 -1005
203 -100
204 -35
205 -64
206 -35
207 -52
208 -22
209 -887
210 -166
211 -575
212 -183
213 -22
214 -1051
215 -35
216 -33
217 -245
218 -264
219 -340
220 -728
221 -128
222 -224
223 -35
224 -109
225 -75
226 -66
227 -35
228 -37
229 -130
230 -603
231 -40
232 -246
233 -255
234 -78
235 -2281
236 -35
237 -195
238 -490
239 -35
240 -39
241 -56
242 -391
243 -1308
244 -99
245 -75
246 -22
247 -261
248 -73
249 -22
250 -227
251 -97
252 -151
253 -1479
254 -35
255 -203
256 -22
257 -29
258 -43
259 -22
260 -35
261 -35
262 -152
263 -35
264 -35
265 -198
266 -144
267 -77
268 -35
269 -22
270 -164
271 -35
272 -69
273 -229
274 -22
275 -210
276 -576
277 -323
278 -3396
279 -22
280 -59
281 -810
282 -22
283 -214
284 -98
285 -133
286 -35
287 -1365
288 -35
289 -938
290 -3168
291 -22
292 -35
293 -140
294 -22
295 -35
296 -148
297 -118
298 -61
299 -90
300 -129
301 -838
302 -9
303 -1003
304 -83
305 -35
306 -35
307 -35
308 -213
309 -324
310 -22
311 -380
312 -778
313 -332
314 -229
315 -2008
316 -184
317 -138
318 -438
319 -35
320 -169
321 -111
322 -153
323 -52
324 -603
325 -148
326 -35
327 -102
328 -22
329 -118
330 -208
331 -211
332 -129
333 -130
334 -35
335 -505
336 -1027
337 -22
338 -189
339 -58
340 -97
341 -22
342 -22
343 -83
344 -55
345 -258
346 -74
347 -238
348 -1912
349 -107
350 -22
351 -45
352 -185
353 -35
354 -83
355 -127
356 -151
357 -35
358 -22
359 -35
360 -12
361 -22
362 -1573
363 -136
364 -22
365 -162
366 -295
367 -63
368 -211
369 -226
370 -394
371 -1808
372 -138
373 -35
374 -167
375 -22
376 -35
377 -533
378 -353
379 -22
380 -39
381 -35
382 -252
383 -22
384 -49
385 -141
386 -426
387 -110
388 -43
389 -35
390 -35
391 -324
392 -284
393 -34
394 -22
395 -126
396 -35
397 -112
398 -79
399 -42
400 -35
401 -40
402 -215
403 -116
404 -96
405 -243
406 -35
407 -87
408 -204
409 -208
410 -22
411 -22
412 -2563
413 -123
414 -22
415 -394
416 -158
417 -251
418 -35
419 -22
420 -1505
421 -320
422 -108
423 -355
424 -22
425 -423
426 -27
427 -22
428 -35
429 -170
430 -101
431 -22
432 -22
433 -313
434 -91
435 -676
436 -77
437 -694
438 -260
439 -54
440 -35
441 -530
442 -86
443 -709
444 -280
445 -43
446 -544
447 -36
448 -203
449 -61
450 -208
451 -138
452 -460
453 -840
454 -22
455 -185
456 -1038
457 -5243
458 -673
459 -335
460 -109
461 -1513
462 -115
463 -92
464 -35
465 -138
466 -134
467 -22
468 -22
469 -1085
470 -1035
471 -1293
472 -139
473 -35
474 -80
475 -297
476 -59
477 -1263
478 -89
479 -302
480 -35
481 -1198
482 -22
483 -382
484 -46
485 -62
486 -282
487 -22
488 -193
489 -100
490 -43
491 -896
492 -35
493 -35
494 -97
495 -35
496 -101
497 -38
498 -153
499 -840
500 -204
501 -5308
502 -575
503 -86
504 -476
505 -52
506 -35
507 -35
508 -17
509 -22
510 -40
511 -128
512 -22
513 -35
514 -22
515 -22
516 -133
517 -22
518 -118
519 -22
520 -337
521 -110
522 -29
523 -35
524 -22
525 -22
526 -592
527 -35
528 -46
529 -592
530 -88
531 -35
532 -64
533 -35
534 -22
535 -368
536 -2193
537 -22
538 -1033
539 -356
540 -151
541 -22
542 -414
543 -93
544 -107
545 -14
546 -46
547 -100
548 -151
549 -398
550 -1298
551 -1498
552 -326
553 -92
554 -35
555 -35
556 -673
557 -63
558 -254
559 -22
560 -39
561 -237
562 -58
563 -22
564 -211
565 -110
566 -196
567 -251
568 -58
569 -808
570 -172
571 -187
572 -35
573 -29
574 -35
575 -173
576 -235
577 -35
578 -508
579 -91
580 -324
581 -139
582 -60
583 -66
584 -270
585 -658
586 -35
587 -52
588 -107
589 -348
590 -421
591 -53
592 -35
593 -35
594 -140
595 -35
596 -2505
597 -35
598 -22
599 -299
600 -2475
601 -148
602 -35
603 -508
604 -666
605 -46
606 -2018
607 -115
608 -45
609 -148
610 -203
611 -66
612 -318
613 -22
614 -61
615 -35
616 -22
617 -333
618 -194
619 -35
620 -1225
621 -37
622 -353
623 -35
624 -35
625 -226
626 -368
627 -160
628 -2110
629 -212
630 -37
631 -22
632 -83
633 -326
634 -35
635 -22
636 -351
637 -368
638 -621
639 -261
640 -411
641 -234
642 -41
643 -29
644 -35
645 -35
646 -128
647 -255
648 -18
649 -405
650 -26
651 -155
652 -22
653 -590
654 -601
655 -52
656 -35
657 -35
658 -256
659 -32
660 -1761
661 -197
662 -129
663 -119
664 -22
665 -99
666 -1400
667 -151
668 -246
669 -73
670 -78
671 -273
672 -147
673 -162
674 -815
675 -204
676 -39
677 -175
678 -35
679 -106
680 -79
681 -22
682 -22
683 -22
684 -203
685 -24
686 -455
687 -35
688 -297
689 -22
690 -48
691 -3277
692 -58
693 -357
694 -459
695 -41
696 -1178
697 -120
698 -506
699 -35
700 -22
701 -169
702 -228
703 -868
704 -226
705 -678
706 -1458
707 -22
708 -1453
709 -154
710 -22
711 -353
712 -22
713 -31
714 -356
715 -98
716 -308
717 -22
718 -422
719 -327
720 -35
721 -900
722 -187
723 -206
724 -1599
725 -222
726 -2030
727 -664
728 -256
729 -371
730 -55
731 -639
732 -35
733 -156
734 -35
735 -427
736 -146
737 -98
738 -267
739 -22
740 -164
741 -42
742 -473
743 -229
744 -268
745 -260
746 -76
747 -35
748 -35
749 -40
750 -803
751 -22
752 -35
753 -196
754 -4668
755 -31
756 -35
757 -17
758 -331
759 -293
760 -22
761 -22
762 -1650
763 -148
764 -326
765 -284
766 -134
767 -22
768 -35
769 -401
770 -113
771 -216
772 -321
773 -35
774 -35
775 -35
776 -303
777 -35
778 -4238
779 -15
780 -329
781 -35
782 -22
783 -35
784 -321
785 -17
786 -108
787 -641
788 -22
789 -22
790 -22
791 -98
792 -35
793 -886
794 -1165
795 -1217
796 -1163
797 -93
798 -44
799 -319
800 -61
801 -1231
802 -300
803 -35
804 -22
805 -27
806 -856
807 -1388
808 -24
809 -35
810 -283
811 -35
812 -346
813 -22
814 -24
815 -35
816 -82
817 -35
818 -22
819 -45
820 -60
821 -35
822 -148
823 -638
824 -126
825 -22
826 -865
827 -277
828 -95
829 -22
830 -236
831 -665
832 -22
833 -96
834 -526
835 -67
836 -90
837 -35
838 -3736
839 -56
840 -30
841 -200
842 -136
843 -324
844 -22
845 -35
846 -312
847 -124
848 -80
849 -583
850 -35
851 -1810
852 -93
853 -131
854 -192
855 -22
856 -380
857 -162
858 -840
859 -868
860 -35
861 -78
862 -75
863 -61
864 -35
865 -70
866 -191
867 -35
868 -22
869 -192
870 -297
871 -708
872 -145
873 -44
874 -256
875 -373
876 -630
877 -250
878 -175
879 -35
880 -56
881 -1495
882 -35
883 -22
884 -22
885 -22
886 -274
887 -3335
888 -1138
889 -578
890 -340
891 -1416
892 -1833
893 -327
894 -539
895 -22
896 -22
897 -35
898 -1033
899 -22
900 -33
901 -2828
902 -253
903 -35
904 -191
905 -194
906 -134
907 -35
908 -35
909 -755
910 -24
911 -35
912 -412
913 -107
914 -35
915 -442
916 -35
917 -35
918 -193
919 -952
920 -104
921 -26
922 -81
923 -558
924 -30
925 -22
926 -1354
927 -1995
928 -207
929 -402
930 -22
931 -433
932 -153
933 -273
934 -22
935 -32
936 -35
937 -45
938 -138
939 -282
940 -35
941 -35
942 -24
943 -35
944 -42
945 -22
946 -215
947 -22
948 -810
949 -3223
950 -38
951 -317
952 -637
953 -2380
954 -633
955 -31
956 -26
957 -22
958 -253
959 -983
960 -316
961 -35
962 -22
963 -221
964 -381
965 -610
966 -114
967 -35
968 -95
969 -347
970 -35
971 -2185
972 -22
973 -35
974 -35
975 -108
976 -161
977 -35
978 -257
979 -22
980 -35
981 -353
982 -35
983 -73
984 -473
985 -990
986 -29
987 -285
988 -180
989 -91
990 -155
991 -109
992 -35
993 -865
994 -1323
995 -35
996 -37
997 -241
998 -182
999 -48
