0 -59
1 -43
2 -33
3 -230
4 -42
5 -28
6 -165
7 -33
8 -105
9 -23
10 -68
11 -279
12 -419
13 -35
14 -76
15 -23
16 -89
17 -23
18 -147
19 -197
20 -322
21 -23
22 -33
23 -128
24 -205
25 -23
26 -118
27 -296
28 -54
29 -512
30 -35
31 -197
32 -43
33 -80
34 -33
35 -450
36 -129
37 -55
38 -69
39 -23
40 -921
41 -96
42 -179
43 -129
44 -24
45 -48
46 -517
47 -202
48 -74
49 -35
50 -252
51 -35
52 -245
53 -157
54 -55
55 -158
56 -35
57 -33
58 -33
59 -35
60 -35
61 -33
62 -26
63 -35
64 -35
65 -33
66 -35
67 -35
68 -575
69 -152
70 -31
71 -23
72 -33
73 -130
74 -305
75 -16
76 -35
77 -33
78 -18
79 -188
80 -506
81 -172
82 -346
83 -90
84 -115
85 -35
86 -67
87 -43
88 -113
89 -23
90 -458
91 -42
92 -23
93 -109
94 -82
95 -762
96 -23
97 -33
98 -23
99 -35
100 -322
101 -216
102 -23
103 -23
104 -16
105 -221
106 -23
107 -35
108 -85
109 -225
110 -23
111 -133
112 -33
113 -251
114 -23
115 -350
116 -150
117 -30
118 -35
119 -199
120 -34
121 -58
122 -257
123 -58
124 -670
125 -312
126 -208
127 -331
128 -23
129 -127
130 -522
131 -33
132 -35
133 -136
134 -151
135 -71
136 -23
137 -91
138 -265
139 -208
140 -261
141 -351
142 -23
143 -23
144 -330
145 -155
146 -33
147 -94
148 -35
149 -26
150 -50
151 -92
152 -33
153 -217
154 -23
155 -243
156 -174
157 -362
158 -33
159 -50
160 -33
161 -57
162 -35
163 -195
164 -23
165 -35
166 -23
167 -298
168 -67
169 -35
170 -420
171 -202
172 -471
173 -23
174 -23
175 -23
176 -79
177 -191
178 -55
179 -35
180 -35
181 -89
182 -80
183 -35
184 -154
185 -43
186 -33
187 -383
188 -27
189 -433
190 -112
191 -33
192 -35
193 -23
194 -23
195 -92
196 -503
197 -57
198 -145
199 -641
200 -33
201 -33
202 -177
203 -101
204 -23
205 -35
206 -35
207 -29
208 -28
209 -92
210 -217
211 -23
212 -98
213 -35
214 -44
215 -129
216 -35
217 -45
218 -39
219 -42
220 -137
221 -24
222 -766
223 -81
224 -207
225 -32
226 -33
227 -58
228 -40
229 -23
230 -33
231 -33
232 -35
233 -114
234 -47
235 -278
236 -531
237 -33
238 -33
239 -179
240 -406
241 -30
242 -576
243 -23
244 -224
245 -64
246 -162
247 -138
248 -191
249 -35
250 -23
251 -648
252 -353
253 -864
254 -35
255 -33
256 -223
257 -23
258 -23
259 -143
260 -240
261 -69
262 -23
263 -33
264 -33
265 -23
266 -125
267 -23
268 -35
269 -362
270 -23
271 -67
272 -23
273 -270
274 -33
275 -23
276 -35
277 -33
278 -33
279 -123
280 -45
281 -33
282 -23
283 -151
284 -35
285 -56
286 -33
287 -35
288 -33
289 -482
290 -158
291 -628
292 -257
293 -44
294 -139
295 -35
296 -23
297 -100
298 -303
299 -131
300 -33
301 -35
302 -93
303 -23
304 -131
305 -170
306 -139
307 -33
308 -33
309 -23
310 -502
311 -410
312 -68
313 -524
314 -23
315 -35
316 -33
317 -381
318 -23
319 -35
320 -184
321 -35
322 -35
323 -90
324 -23
325 -43
326 -40
327 -33
328 -61
329 -408
330 -427
331 -2102
332 -129
333 -713
334 -147
335 -33
336 -23
337 -65
338 -55
339 -84
340 -23
341 -244
342 -33
343 -23
344 -525
345 -95
346 -182
347 -47
348 -185
349 -199
350 -241
351 -499
352 -33
353 -33
354 -109
355 -23
356 -23
357 -46
358 -266
359 -504
360 -33
361 -38
362 -314
363 -195
364 -35
365 -23
366 -158
367 -301
368 -71
369 -549
370 -23
371 -33
372 -35
373 -448
374 -217
375 -104
376 -35
377 -23
378 -35
379 -87
380 -33
381 -35
382 -57
383 -35
384 -23
385 -35
386 -306
387 -185
388 -23
389 -316
390 -76
391 -35
392 -33
393 -887
394 -138
395 -23
396 -23
397 -35
398 -33
399 -33
400 -36
401 -35
402 -23
403 -367
404 -23
405 -37
406 -342
407 -146
408 -35
409 -200
410 -23
411 -35
412 -109
413 -109
414 -134
415 -33
416 -418
417 -33
418 -33
419 -165
420 -302
421 -167
422 -348
423 -23
424 -189
425 -23
426 -53
427 -57
428 -181
429 -33
430 -185
431 -98
432 -295
433 -35
434 -230
435 -23
436 -23
437 -62
438 -35
439 -23
440 -35
441 -3249
442 -142
443 -33
444 -214
445 -363
446 -35
447 -122
448 -35
449 -36
450 -305
451 -33
452 -361
453 -33
454 -23
455 -564
456 -364
457 -23
458 -35
459 -130
460 -82
461 -31
462 -23
463 -33
464 -26
465 -34
466 -33
467 -448
468 -62
469 -54
470 -16
471 -655
472 -34
473 -446
474 -23
475 -364
476 -66
477 -33
478 -76
479 -23
480 -35
481 -75
482 -33
483 -32
484 -23
485 -35
486 -23
487 -33
488 -55
489 -26
490 -156
491 -81
492 -35
493 -39
494 -293
495 -156
496 -23
497 -23
498 -33
499 -35
500 -33
501 -23
502 -33
503 -393
504 -586
505 -218
506 -136
507 -117
508 -35
509 -423
510 -89
511 -35
512 -483
513 -73
514 -66
515 -33
516 -70
517 -33
518 -77
519 -432
520 -35
521 -77
522 -194
523 -33
524 -23
525 -33
526 -33
527 -454
528 -35
529 -160
530 -254
531 -83
532 -102
533 -23
534 -35
535 -23
536 -33
537 -136
538 -243
539 -23
540 -33
541 -40
542 -23
543 -113
544 -33
545 -166
546 -35
547 -466
548 -431
549 -40
550 -251
551 -207
552 -214
553 -234
554 -28
555 -35
556 -33
557 -399
558 -29
559 -35
560 -142
561 -111
562 -496
563 -263
564 -437
565 -168
566 -33
567 -35
568 -138
569 -104
570 -584
571 -167
572 -35
573 -379
574 -35
575 -33
576 -188
577 -219
578 -74
579 -170
580 -32
581 -35
582 -308
583 -33
584 -35
585 -35
586 -33
587 -23
588 -162
589 -47
590 -331
591 -35
592 -335
593 -273
594 -24
595 -100
596 -86
597 -40
598 -79
599 -263
600 -103
601 -35
602 -33
603 -37
604 -33
605 -35
606 -33
607 -257
608 -106
609 -38
610 -57
611 -59
612 -35
613 -49
614 -30
615 -138
616 -966
617 -424
618 -115
619 -33
620 -33
621 -184
622 -141
623 -36
624 -23
625 -33
626 -290
627 -23
628 -247
629 -26
630 -23
631 -33
632 -731
633 -38
634 -23
635 -33
636 -35
637 -35
638 -23
639 -35
640 -50
641 -33
642 -232
643 -33
644 -160
645 -52
646 -33
647 -336
648 -554
649 -81
650 -35
651 -492
652 -114
653 -191
654 -6182
655 -35
656 -33
657 -36
658 -165
659 -914
660 -88
661 -55
662 -23
663 -35
664 -33
665 -35
666 -35
667 -179
668 -49
669 -33
670 -335
671 -105
672 -33
673 -35
674 -31
675 -35
676 -93
677 -55
678 -34
679 -201
680 -23
681 -300
682 -94
683 -23
684 -296
685 -463
686 -23
687 -83
688 -1752
689 -33
690 -227
691 -174
692 -84
693 -35
694 -65
695 -72
696 -162
697 -35
698 -41
699 -287
700 -33
701 -801
702 -23
703 -263
704 -380
705 -18
706 -33
707 -87
708 -326
709 -256
710 -33
711 -87
712 -37
713 -24
714 -23
715 -136
716 -23
717 -237
718 -33
719 -215
720 -886
721 -23
722 -41
723 -35
724 -23
725 -35
726 -501
727 -92
728 -43
729 -181
730 -35
731 -23
732 -33
733 -38
734 -170
735 -33
736 -178
737 -168
738 -67
739 -493
740 -35
741 -35
742 -75
743 -258
744 -35
745 -50
746 -104
747 -371
748 -161
749 -23
750 -33
751 -323
752 -80
753 -1296
754 -108
755 -78
756 -23
757 -264
758 -202
759 -178
760 -98
761 -33
762 -23
763 -261
764 -267
765 -128
766 -33
767 -342
768 -35
769 -101
770 -33
771 -1456
772 -23
773 -321
774 -101
775 -33
776 -35
777 -23
778 -33
779 -23
780 -35
781 -55
782 -304
783 -878
784 -35
785 -23
786 -35
787 -33
788 -324
789 -23
790 -281
791 -23
792 -33
793 -295
794 -116
795 -266
796 -182
797 -23
798 -23
799 -195
800 -363
801 -25
802 -35
803 -218
804 -45
805 -33
806 -69
807 -82
808 -177
809 -33
810 -429
811 -174
812 -444
813 -23
814 -23
815 -106
816 -33
817 -23
818 -249
819 -118
820 -118
821 -124
822 -180
823 -502
824 -66
825 -182
826 -183
827 -61
828 -23
829 -35
830 -33
831 -33
832 -262
833 -296
834 -33
835 -65
836 -151
837 -249
838 -35
839 -247
840 -306
841 -204
842 -23
843 -35
844 -268
845 -207
846 -37
847 -33
848 -246
849 -124
850 -33
851 -35
852 -340
853 -33
854 -604
855 -197
856 -325
857 -66
858 -33
859 -121
860 -35
861 -114
862 -268
863 -123
864 -322
865 -35
866 -35
867 -201
868 -23
869 -33
870 -27
871 -33
872 -56
873 -184
874 -35
875 -70
876 -86
877 -23
878 -23
879 -8
880 -33
881 -174
882 -33
883 -103
884 -23
885 -190
886 -23
887 -35
888 -106
889 -33
890 -90
891 -23
892 -33
893 -35
894 -131
895 -277
896 -43
897 -183
898 -33
899 -47
900 -56
901 -35
902 -33
903 -35
904 -35
905 -72
906 -442
907 -38
908 -229
909 -23
910 -33
911 -97
912 -94
913 -35
914 -120
915 -376
916 -43
917 -35
918 -35
919 -205
920 -35
921 -66
922 -311
923 -153
924 -23
925 -827
926 -121
927 -35
928 -33
929 -23
930 -273
931 -33
932 -139
933 -35
934 -46
935 -197
936 -222
937 -104
938 -206
939 -35
940 -372
941 -23
942 -35
943 -23
944 -87
945 -214
946 -369
947 -238
948 -91
949 -33
950 -258
951 -741
952 -185
953 -35
954 -143
955 -23
956 -163
957 -52
958 -33
959 -35
960 -35
961 -246
962 -68
963 -215
964 -66
965 -479
966 -35
967 -35
968 -189
969 -33
970 -33
971 -240
972 -33
973 -148
974 -164
975 -87
976 -489
977 -50
978 -441
979 -23
980 -35
981 -315
982 -33
983 -121
984 -23
985 -23
986 -151
987 -33
988 -481
989 -23
990 -87
991 -40
992 -23
993 -23
994 -23
995 -35
996 -65
997 -317
998 -170
999 -106
