0 -33
1 -44
2 -105
3 -127
4 -17
5 -173
6 -30
7 -38
8 -120
9 -33
10 -163
11 -65
12 -23
13 -186
14 -23
15 -114
16 -134
17 -227
18 -1136
19 -52
20 -33
21 -466
22 -23
23 -58
24 -23
25 -794
26 -296
27 -136
28 -182
29 -50
30 -417
31 -23
32 -70
33 -23
34 -48
35 -31
36 -469
37 -62
38 -33
39 -33
40 -94
41 -137
42 -284
43 -33
44 -616
45 -33
46 -23
47 -55
48 -525
49 -23
50 -727
51 -158
52 -119
53 -18
54 -177
55 -832
56 -173
57 -76
58 -669
59 -33
60 -270
61 -34
62 -39
63 -45
64 -33
65 -390
66 -33
67 -210
68 -131
69 -33
70 -23
71 -202
72 -657
73 -49
74 -23
75 -23
76 -141
77 -660
78 -186
79 -23
80 -60
81 -146
82 -343
83 -140
84 -33
85 -411
86 -1097
87 -23
88 -207
89 -59
90 -125
91 -33
92 -338
93 -388
94 -89
95 -465
96 -132
97 -33
98 -52
99 -252
100 -238
101 -172
102 -217
103 -87
104 -114
105 -111
106 -578
107 -221
108 -184
109 -59
110 -363
111 -33
112 -380
113 -458
114 -77
115 -209
116 -291
117 -346
118 -128
119 -96
120 -35
121 -73
122 -33
123 -49
124 -216
125 -53
126 -138
127 -88
128 -79
129 -100
130 -100
131 -33
132 -70
133 -90
134 -43
135 -156
136 -33
137 -39
138 -23
139 -83
140 -30
141 -113
142 -83
143 -24
144 -329
145 -172
146 -214
147 -168
148 -76
149 -278
150 -189
151 -460
152 -378
153 -675
154 -434
155 -1057
156 -159
157 -23
158 -321
159 -90
160 -406
161 -308
162 -222
163 -427
164 -146
165 -33
166 -51
167 -33
168 -151
169 -14
170 -96
171 -125
172 -24
173 -230
174 -154
175 -107
176 -152
177 -33
178 -241
179 -124
180 -33
181 -23
182 -102
183 -147
184 -114
185 -29
186 -96
187 -112
188 -23
189 -171
190 -89
191 -304
192 -103
193 -219
194 -129
195 -1171
196 -23
197 -135
198 -131
199 -158
200 -23
201 -687
202 -81
203 -223
204 -23
205 -23
206 -141
207 -49
208 -34
209 -255
210 -933
211 -23
212 -79
213 -39
214 -214
215 -177
216 -39
217 -23
218 -276
219 -109
220 -90
221 -424
222 -33
223 -146
224 -469
225 -289
226 -50
227 -245
228 -183
229 -247
230 -80
231 -33
232 -227
233 -526
234 -53
235 -389
236 -33
237 -33
238 -354
239 -23
240 -33
241 -23
242 -296
243 -23
244 -10
245 -23
246 -18
247 -26
248 -343
249 -293
250 -367
251 -348
252 -265
253 -60
254 -380
255 -23
256 -92
257 -33
258 -40
259 -240
260 -348
261 -221
262 -33
263 -2191
264 -251
265 -184
266 -236
267 -471
268 -143
269 -52
270 -245
271 -880
272 -157
273 -23
274 -245
275 -206
276 -183
277 -335
278 -818
279 -23
280 -23
281 -522
282 -192
283 -268
284 -106
285 -202
286 -33
287 -111
288 -361
289 -288
290 -33
291 -33
292 -118
293 -65
294 -23
295 -93
296 -33
297 -340
298 -23
299 -23
300 -292
301 -355
302 -33
303 -33
304 -177
305 -33
306 -309
307 -33
308 -127
309 -1578
310 -194
311 -141
312 -267
313 -119
314 -113
315 -49
316 -54
317 -164
318 -607
319 -23
320 -508
321 -169
322 -361
323 -25
324 -418
325 -23
326 -36
327 -301
328 -23
329 -58
330 -55
331 -255
332 -109
333 -142
334 -325
335 -41
336 -685
337 -33
338 -126
339 -33
340 -93
341 -23
342 -23
343 -92
344 -33
345 -175
346 -67
347 -757
348 -23
349 -332
350 -202
351 -92
352 -192
353 -128
354 -285
355 -200
356 -812
357 -99
358 -89
359 -49
360 -33
361 -42
362 -102
363 -268
364 -23
365 -10
366 -477
367 -33
368 -33
369 -434
370 -52
371 -33
372 -48
373 -332
374 -153
375 -129
376 -385
377 -23
378 -42
379 -84
380 -329
381 -46
382 -33
383 -270
384 -480
385 -31
386 -437
387 -1325
388 -661
389 -23
390 -384
391 -23
392 -23
393 -33
394 -33
395 -203
396 -1282
397 -23
398 -177
399 -366
400 -33
401 -206
402 -320
403 -163
404 -33
405 -88
406 -82
407 -116
408 -241
409 -146
410 -23
411 -33
412 -112
413 -329
414 -385
415 -9
416 -33
417 -138
418 -33
419 -33
420 -27
421 -23
422 -495
423 -128
424 -33
425 -1078
426 -33
427 -675
428 -33
429 -36
430 -307
431 -33
432 -124
433 -76
434 -72
435 -621
436 -23
437 -128
438 -452
439 -33
440 -142
441 -33
442 -125
443 -350
444 -27
445 -110
446 -192
447 -23
448 -33
449 -242
450 -163
451 -57
452 -68
453 -33
454 -36
455 -535
456 -26
457 -23
458 -65
459 -689
460 -435
461 -845
462 -199
463 -121
464 -472
465 -16
466 -82
467 -33
468 -23
469 -261
470 -528
471 -247
472 -95
473 -33
474 -89
475 -33
476 -214
477 -210
478 -1970
479 -23
480 -46
481 -225
482 -202
483 -277
484 -23
485 -537
486 -20
487 -23
488 -515
489 -79
490 -197
491 -23
492 -40
493 -29
494 -34
495 -327
496 -87
497 -33
498 -374
499 -79
500 -474
501 -33
502 -23
503 -196
504 -364
505 -23
506 -33
507 -33
508 -33
509 -33
510 -203
511 -203
512 -23
513 -35
514 -65
515 -363
516 -179
517 -23
518 -195
519 -129
520 -215
521 -901
522 -192
523 -132
524 -550
525 -132
526 -44
527 -33
528 -48
529 -215
530 -23
531 -101
532 -229
533 -269
534 -494
535 -519
536 -1084
537 -89
538 -33
539 -33
540 -33
541 -33
542 -144
543 -111
544 -210
545 -136
546 -254
547 -112
548 -327
549 -107
550 -407
551 -493
552 -136
553 -458
554 -44
555 -301
556 -590
557 -308
558 -111
559 -33
560 -179
561 -224
562 -266
563 -114
564 -258
565 -23
566 -471
567 -196
568 -136
569 -361
570 -33
571 -357
572 -135
573 -643
574 -91
575 -23
576 -23
577 -33
578 -33
579 -310
580 -23
581 -414
582 -75
583 -132
584 -194
585 -4093
586 -187
587 -230
588 -86
589 -51
590 -163
591 -196
592 -33
593 -510
594 -100
595 -166
596 -689
597 -33
598 -792
599 -242
600 -233
601 -23
602 -97
603 -48
604 -522
605 -117
606 -208
607 -16
608 -33
609 -34
610 -81
611 -691
612 -14
613 -34
614 -94
615 -130
616 -232
617 -33
618 -47
619 -210
620 -245
621 -33
622 -33
623 -23
624 -33
625 -123
626 -86
627 -280
628 -145
629 -251
630 -99
631 -125
632 -197
633 -82
634 -89
635 -95
636 -161
637 -23
638 -15
639 -47
640 -308
641 -126
642 -33
643 -93
644 -23
645 -301
646 -122
647 -580
648 -287
649 -23
650 -244
651 -33
652 -23
653 -84
654 -1293
655 -485
656 -33
657 -146
658 -41
659 -71
660 -287
661 -113
662 -739
663 -194
664 -336
665 -23
666 -74
667 -33
668 -125
669 -83
670 -33
671 -23
672 -592
673 -23
674 -33
675 -86
676 -93
677 -85
678 -33
679 -507
680 -336
681 -72
682 -60
683 -302
684 -160
685 -116
686 -225
687 -145
688 -169
689 -30
690 -58
691 -248
692 -23
693 -33
694 -23
695 -120
696 -296
697 -99
698 -421
699 -226
700 -33
701 -168
702 -84
703 -66
704 -23
705 -28
706 -139
707 -402
708 -439
709 -276
710 -74
711 -596
712 -27
713 -39
714 -130
715 -493
716 -703
717 -23
718 -55
719 -179
720 -41
721 -245
722 -33
723 -201
724 -23
725 -344
726 -23
727 -153
728 -82
729 -37
730 -160
731 -119
732 -347
733 -529
734 -357
735 -39
736 -354
737 -550
738 -76
739 -750
740 -33
741 -149
742 -186
743 -795
744 -351
745 -120
746 -32
747 -279
748 -1508
749 -43
750 -23
751 -371
752 -23
753 -33
754 -84
755 -161
756 -33
757 -165
758 -572
759 -592
760 -71
761 -115
762 -593
763 -132
764 -177
765 -368
766 -134
767 -33
768 -65
769 -401
770 -48
771 -355
772 -254
773 -364
774 -131
775 -24
776 -4460
777 -338
778 -33
779 -54
780 -555
781 -182
782 -33
783 -270
784 -33
785 -23
786 -27
787 -282
788 -874
789 -70
790 -23
791 -23
792 -33
793 -812
794 -133
795 -178
796 -23
797 -23
798 -33
799 -431
800 -33
801 -345
802 -673
803 -149
804 -108
805 -13
806 -197
807 -471
808 -42
809 -129
810 -32
811 -23
812 -23
813 -23
814 -33
815 -166
816 -33
817 -360
818 -74
819 -27
820 -735
821 -33
822 -479
823 -61
824 -18
825 -62
826 -128
827 -23
828 -181
829 -193
830 -881
831 -23
832 -223
833 -320
834 -23
835 -23
836 -374
837 -25
838 -46
839 -167
840 -274
841 -33
842 -264
843 -453
844 -33
845 -254
846 -56
847 -46
848 -567
849 -185
850 -33
851 -33
852 -53
853 -134
854 -410
855 -131
856 -23
857 -346
858 -90
859 -196
860 -267
861 -105
862 -320
863 -24
864 -105
865 -104
866 -95
867 -33
868 -433
869 -291
870 -480
871 -33
872 -504
873 -256
874 -33
875 -33
876 -211
877 -23
878 -244
879 -51
880 -23
881 -23
882 -33
883 -462
884 -215
885 -36
886 -196
887 -406
888 -241
889 -318
890 -12
891 -72
892 -33
893 -180
894 -155
895 -706
896 -229
897 -33
898 -222
899 -108
900 -113
901 -33
902 -185
903 -3032
904 -234
905 -302
906 -33
907 -62
908 -753
909 -939
910 -25
911 -256
912 -1075
913 -309
914 -252
915 -33
916 -33
917 -63
918 -68
919 -154
920 -36
921 -153
922 -33
923 -213
924 -70
925 -242
926 -366
927 -23
928 -351
929 -443
930 -33
931 -628
932 -417
933 -63
934 -23
935 -23
936 -104
937 -23
938 -155
939 -287
940 -48
941 -67
942 -321
943 -23
944 -106
945 -33
946 -33
947 -221
948 -422
949 -185
950 -336
951 -23
952 -79
953 -485
954 -228
955 -41
956 -309
957 -28
958 -8
959 -199
960 -449
961 -111
962 -23
963 -68
964 -87
965 -33
966 -23
967 -23
968 -186
969 -23
970 -53
971 -87
972 -28
973 -211
974 -23
975 -270
976 -202
977 -179
978 -135
979 -109
980 -66
981 -122
982 -127
983 -548
984 -82
985 -184
986 -276
987 -100
988 -28
989 -23
990 -39
991 -23
992 -23
993 -44
994 -167
995 -183
996 -23
997 -446
998 -23
999 -23
