0 -33
1 -33
2 -41
3 -113
4 -119
5 -33
6 -314
7 -214
8 -462
9 -82
10 -224
11 -23
12 -233
13 -244
14 -27
15 -448
16 -403
17 -121
18 -769
19 -33
20 -276
21 -33
22 -145
23 -23
24 -403
25 -33
26 -35
27 -64
28 -136
29 -220
30 -360
31 -317
32 -23
33 -737
34 -735
35 -318
36 -33
37 -226
38 -37
39 -395
40 -65
41 -33
42 -69
43 -51
44 -23
45 -59
46 -23
47 -23
48 -40
49 -65
50 -33
51 -130
52 -699
53 -208
54 -655
55 -29
56 -71
57 -394
58 -241
59 -144
60 -66
61 -169
62 -528
63 -65
64 -33
65 -154
66 -277
67 -52
68 -122
69 -32
70 -712
71 -23
72 -826
73 -348
74 -272
75 -419
76 -33
77 -87
78 -280
79 -33
80 -92
81 -23
82 -56
83 -165
84 -242
85 -79
86 -51
87 -291
88 -33
89 -76
90 -133
91 -654
92 -33
93 -33
94 -34
95 -332
96 -474
97 -34
98 -142
99 -288
100 -23
101 -23
102 -23
103 -183
104 -777
105 -33
106 -33
107 -230
108 -199
109 -29
110 -142
111 -174
112 -62
113 -251
114 -179
115 -161
116 -292
117 -495
118 -33
119 -811
120 -33
121 -391
122 -260
123 -48
124 -126
125 -646
126 -582
127 -23
128 -33
129 -33
130 -33
131 -57
132 -33
133 -133
134 -517
135 -70
136 -116
137 -713
138 -338
139 -1076
140 -33
141 -23
142 -652
143 -142
144 -33
145 -53
146 -229
147 -33
148 -199
149 -110
150 -23
151 -26
152 -356
153 -49
154 -26
155 -147
156 -44
157 -23
158 -642
159 -157
160 -38
161 -37
162 -66
163 -69
164 -113
165 -23
166 -70
167 -40
168 -23
169 -134
170 -114
171 -230
172 -962
173 -34
174 -23
175 -57
176 -23
177 -477
178 -293
179 -366
180 -115
181 -1375
182 -23
183 -100
184 -16
185 -24
186 -33
187 -33
188 -317
189 -395
190 -23
191 -374
192 -149
193 -23
194 -43
195 -35
196 -204
197 -32
198 -23
199 -239
200 -23
201 -42
202 -69
203 -33
204 -33
205 -2080
206 -23
207 -728
208 -294
209 -33
210 -133
211 -594
212 -12
213 -92
214 -119
215 -34
216 -356
217 -102
218 -407
219 -33
220 -33
221 -229
222 -2077
223 -23
224 -28
225 -291
226 -124
227 -222
228 -40
229 -33
230 -155
231 -84
232 -33
233 -161
234 -230
235 -63
236 -1739
237 -393
238 -23
239 -213
240 -69
241 -33
242 -322
243 -271
244 -152
245 -38
246 -33
247 -1091
248 -138
249 -23
250 -33
251 -88
252 -100
253 -88
254 -79
255 -229
256 -33
257 -176
258 -23
259 -315
260 -341
261 -198
262 -164
263 -40
264 -23
265 -14
266 -378
267 -117
268 -803
269 -658
270 -23
271 -23
272 -33
273 -41
274 -464
275 -111
276 -33
277 -76
278 -33
279 -23
280 -130
281 -498
282 -24
283 -56
284 -1536
285 -72
286 -451
287 -33
288 -33
289 -989
290 -334
291 -103
292 -517
293 -79
294 -133
295 -33
296 -413
297 -23
298 -215
299 -269
300 -286
301 -282
302 -516
303 -28
304 -199
305 -137
306 -33
307 -329
308 -80
309 -205
310 -33
311 -168
312 -33
313 -33
314 -22
315 -927
316 -135
317 -186
318 -326
319 -24
320 -66
321 -263
322 -180
323 -222
324 -705
325 -69
326 -212
327 -23
328 -23
329 -215
330 -33
331 -618
332 -23
333 -34
334 -74
335 -389
336 -56
337 -845
338 -341
339 -33
340 -67
341 -35
342 -681
343 -23
344 -33
345 -159
346 -133
347 -98
348 -178
349 -29
350 -23
351 -158
352 -44
353 -33
354 -34
355 -23
356 -85
357 -344
358 -23
359 -33
360 -458
361 -50
362 -755
363 -483
364 -33
365 -51
366 -33
367 -343
368 -529
369 -33
370 -23
371 -222
372 -418
373 -137
374 -77
375 -38
376 -33
377 -310
378 -104
379 -361
380 -317
381 -184
382 -95
383 -188
384 -153
385 -224
386 -152
387 -128
388 -110
389 -23
390 -403
391 -214
392 -57
393 -23
394 -189
395 -100
396 -696
397 -34
398 -13
399 -23
400 -33
401 -347
402 -47
403 -23
404 -285
405 -125
406 -348
407 -40
408 -76
409 -33
410 -133
411 -235
412 -33
413 -175
414 -188
415 -148
416 -23
417 -153
418 -178
419 -33
420 -33
421 -11
422 -120
423 -658
424 -202
425 -54
426 -219
427 -23
428 -32
429 -99
430 -33
431 -27
432 -23
433 -141
434 -55
435 -33
436 -72
437 -31
438 -27
439 -160
440 -23
441 -91
442 -158
443 -592
444 -264
445 -180
446 -286
447 -190
448 -33
449 -21
450 -192
451 -202
452 -412
453 -318
454 -78
455 -124
456 -129
457 -223
458 -358
459 -194
460 -47
461 -86
462 -333
463 -216
464 -33
465 -225
466 -23
467 -157
468 -93
469 -62
470 -418
471 -498
472 -23
473 -111
474 -236
475 -134
476 -146
477 -82
478 -73
479 -23
480 -456
481 -44
482 -223
483 -84
484 -234
485 -277
486 -23
487 -23
488 -95
489 -35
490 -240
491 -733
492 -33
493 -119
494 -410
495 -254
496 -23
497 -184
498 -23
499 -148
500 -173
501 -33
502 -89
503 -33
504 -23
505 -165
506 -33
507 -49
508 -26
509 -23
510 -212
511 -33
512 -285
513 -89
514 -71
515 -129
516 -33
517 -23
518 -224
519 -269
520 -566
521 -23
522 -379
523 -23
524 -67
525 -220
526 -49
527 -99
528 -23
529 -142
530 -35
531 -33
532 -61
533 -179
534 -23
535 -64
536 -106
537 -214
538 -3283
539 -33
540 -33
541 -127
542 -211
543 -33
544 -35
545 -23
546 -386
547 -567
548 -219
549 -210
550 -15
551 -105
552 -178
553 -40
554 -33
555 -298
556 -29
557 -227
558 -630
559 -436
560 -438
561 -33
562 -77
563 -432
564 -23
565 -221
566 -23
567 -23
568 -345
569 -88
570 -99
571 -76
572 -219
573 -303
574 -123
575 -92
576 -33
577 -465
578 -143
579 -339
580 -146
581 -317
582 -33
583 -83
584 -110
585 -23
586 -7
587 -57
588 -193
589 -544
590 -273
591 -33
592 -23
593 -31
594 -33
595 -68
596 -639
597 -235
598 -23
599 -452
600 -23
601 -90
602 -33
603 -863
604 -108
605 -23
606 -128
607 -62
608 -123
609 -33
610 -33
611 -33
612 -99
613 -225
614 -33
615 -85
616 -363
617 -263
618 -33
619 -777
620 -80
621 -379
622 -173
623 -142
624 -2112
625 -35
626 -80
627 -33
628 -35
629 -378
630 -121
631 -185
632 -8
633 -149
634 -23
635 -179
636 -211
637 -23
638 -164
639 -33
640 -436
641 -260
642 -657
643 -216
644 -33
645 -23
646 -243
647 -656
648 -143
649 -282
650 -23
651 -23
652 -58
653 -165
654 -576
655 -234
656 -23
657 -48
658 -124
659 -73
660 -158
661 -38
662 -97
663 -33
664 -219
665 -3358
666 -33
667 -83
668 -402
669 -23
670 -49
671 -116
672 -163
673 -50
674 -267
675 -95
676 -422
677 -33
678 -23
679 -66
680 -449
681 -549
682 -23
683 -271
684 -320
685 -136
686 -95
687 -23
688 -607
689 -33
690 -215
691 -75
692 -111
693 -74
694 -192
695 -37
696 -22
697 -607
698 -23
699 -139
700 -80
701 -174
702 -37
703 -549
704 -1663
705 -158
706 -44
707 -50
708 -181
709 -75
710 -36
711 -33
712 -35
713 -23
714 -373
715 -33
716 -24
717 -89
718 -23
719 -78
720 -177
721 -206
722 -360
723 -89
724 -968
725 -365
726 -196
727 -163
728 -703
729 -176
730 -156
731 -23
732 -333
733 -498
734 -347
735 -52
736 -444
737 -399
738 -883
739 -179
740 -67
741 -238
742 -66
743 -109
744 -113
745 -23
746 -23
747 -165
748 -210
749 -287
750 -33
751 -208
752 -362
753 -47
754 -129
755 -137
756 -479
757 -245
758 -339
759 -341
760 -88
761 -80
762 -33
763 -33
764 -34
765 -36
766 -53
767 -23
768 -77
769 -576
770 -36
771 -33
772 -23
773 -104
774 -460
775 -33
776 -484
777 -23
778 -32
779 -116
780 -45
781 -829
782 -33
783 -33
784 -309
785 -143
786 -23
787 -170
788 -393
789 -33
790 -139
791 -33
792 -29
793 -357
794 -23
795 -141
796 -391
797 -33
798 -137
799 -33
800 -33
801 -109
802 -23
803 -33
804 -81
805 -81
806 -519
807 -23
808 -394
809 -249
810 -33
811 -33
812 -341
813 -587
814 -141
815 -500
816 -471
817 -103
818 -109
819 -1427
820 -342
821 -27
822 -23
823 -313
824 -33
825 -179
826 -819
827 -23
828 -74
829 -408
830 -23
831 -151
832 -511
833 -89
834 -516
835 -120
836 -192
837 -23
838 -23
839 -119
840 -68
841 -93
842 -204
843 -147
844 -203
845 -59
846 -42
847 -145
848 -39
849 -136
850 -33
851 -269
852 -558
853 -132
854 -23
855 -21
856 -130
857 -35
858 -61
859 -23
860 -33
861 -191
862 -110
863 -341
864 -33
865 -314
866 -42
867 -38
868 -23
869 -215
870 -206
871 -349
872 -33
873 -67
874 -145
875 -23
876 -163
877 -23
878 -222
879 -232
880 -23
881 -514
882 -158
883 -350
884 -73
885 -47
886 -44
887 -23
888 -274
889 -399
890 -23
891 -23
892 -215
893 -313
894 -23
895 -148
896 -23
897 -251
898 -186
899 -28
900 -23
901 -23
902 -23
903 -267
904 -23
905 -178
906 -53
907 -54
908 -285
909 -57
910 -385
911 -33
912 -14
913 -803
914 -71
915 -33
916 -164
917 -387
918 -62
919 -51
920 -23
921 -201
922 -751
923 -118
924 -148
925 -315
926 -123
927 -124
928 -344
929 -23
930 -193
931 -23
932 -280
933 -23
934 -174
935 -33
936 -249
937 -33
938 -23
939 -33
940 -43
941 -165
942 -405
943 -571
944 -89
945 -104
946 -34
947 -33
948 -23
949 -126
950 -55
951 -116
952 -106
953 -23
954 -30
955 -23
956 -33
957 -84
958 -23
959 -33
960 -33
961 -23
962 -23
963 -459
964 -69
965 -63
966 -120
967 -304
968 -23
969 -257
970 -96
971 -450
972 -316
973 -33
974 -33
975 -85
976 -456
977 -32
978 -33
979 -23
980 -239
981 -280
982 -68
983 -23
984 -23
985 -2395
986 -74
987 -212
988 -40
989 -61
990 -40
991 -59
992 -181
993 -121
994 -712
995 -94
996 -39
997 -67
998 -23
999 -23
