0 -3912
1 -155
2 -65
3 -1331
4 -164
5 -281
6 -314
7 -454
8 -3307
9 -6442
10 -275
11 -626
12 -2570
13 -65
14 -47
15 -103
16 -4304
17 -8
18 -23
19 -80
20 -32
21 -97
22 -98
23 -1563
24 -4408
25 -657
26 -243
27 -1626
28 -599
29 -13
30 -1276
31 -133
32 -3397
33 -847
34 -958
35 -28
36 -432
37 -37
38 -395
39 -16
40 -512
41 -47
42 -47
43 -3330
44 -47
45 -47
46 -89
47 -108
48 -54
49 -5610
50 -89
51 -279
52 -3530
53 -47
54 -47
55 -333
56 -900
57 -574
58 -192
59 -2817
60 -1514
61 -1027
62 -987
63 -47
64 -1136
65 -1959
66 -4157
67 -134
68 -1336
69 -810
70 -9
71 -84
72 -47
73 -5155
74 -3635
75 -5079
76 -3993
77 -10
78 -3410
79 -43
80 -538
81 -9
82 -10
83 -7940
84 -1845
85 -139
86 -244
87 -872
88 -9
89 -220
90 -4058
91 -2540
92 -1969
93 -103
94 -3012
95 -475
96 -2800
97 -10
98 -436
99 -114
100 -66
101 -9
102 -1667
103 -408
104 -58
105 -77
106 -585
107 -66
108 -2223
109 -121
110 -3390
111 -254
112 -67
113 -3264
114 -21
115 -38
116 -47
117 -2241
118 -623
119 -89
120 -8185
121 -542
122 -414
123 -17
124 -47
125 -667
126 -10
127 -716
128 -8
129 -47
130 -29
131 -1639
132 -389
133 -103
134 -69
135 -47
136 -1236
137 -2934
138 -55
139 -47
140 -1258
141 -10
142 -1508
143 -47
144 -3244
145 -87
146 -10
147 -1614
148 -1759
149 -47
150 -47
151 -43
152 -1533
153 -2712
154 -109
155 -47
156 -200
157 -100
158 -47
159 -2410
160 -579
161 -2867
162 -54
163 -25
164 -2106
165 -47
166 -8
167 -30
168 -8
169 -141
170 -518
171 -82
172 -27
173 -105
174 -38
175 -1116
176 -100
177 -128
178 -471
179 -9
180 -182
181 -6658
182 -1457
183 -169
184 -298
185 -34
186 -2783
187 -9
188 -130
189 -2002
190 -67
191 -1180
192 -319
193 -1087
194 -2202
195 -204
196 -2366
197 -46
198 -846
199 -58
200 -9
201 -677
202 -251
203 -381
204 -183
205 -94
206 -39
207 -146
208 -157
209 -3654
210 -95
211 -82
212 -712
213 -124
214 -164
215 -71
216 -614
217 -47
218 -341
219 -9
220 -1504
221 -47
222 -47
223 -1674
224 -116
225 -219
226 -416
227 -1916
228 -160
229 -225
230 -13
231 -1410
232 -25
233 -237
234 -112
235 -47
236 -9
237 -10
238 -10
239 -5898
240 -47
241 -354
242 -4122
243 -2098
244 -47
245 -141
246 -33
247 -47
248 -11
249 -108
250 -1146
251 -293
252 -47
253 -47
254 -47
255 -47
256 -181
257 -460
258 -113
259 -137
260 -47
261 -568
262 -60
263 -3556
264 -574
265 -323
266 -1015
267 -1403
268 -215
269 -164
270 -3682
271 -93
272 -2172
273 -59
274 -2252
275 -145
276 -203
277 -47
278 -185
279 -911
280 -47
281 -47
282 -139
283 -29
284 -3931
285 -3092
286 -8
287 -8
288 -655
289 -31
290 -48
291 -647
292 -356
293 -5632
294 -31
295 -37
296 -79
297 -47
298 -806
299 -623
300 -182
301 -169
302 -2262
303 -268
304 -37
305 -12
306 -363
307 -977
308 -386
309 -2097
310 -6881
311 -148
312 -1316
313 -47
314 -1593
315 -47
316 -10
317 -210
318 -2190
319 -311
320 -257
321 -94
322 -109
323 -1345
324 -234
325 -502
326 -102
327 -47
328 -21
329 -6990
330 -236
331 -296
332 -5796
333 -70
334 -1995
335 -2168
336 -286
337 -123
338 -126
339 -70
340 -3824
341 -60
342 -1419
343 -1833
344 -1273
345 -440
346 -1094
347 -14
348 -116
349 -2402
350 -215
351 -5640
352 -113
353 -458
354 -63
355 -2932
356 -62
357 -534
358 -10
359 -24
360 -47
361 -70
362 -271
363 -47
364 -1054
365 -47
366 -512
367 -196
368 -10
369 -28
370 -227
371 -565
372 -35
373 -75
374 -5281
375 -685
376 -344
377 -223
378 -66
379 -161
380 -4756
381 -212
382 -563
383 -4402
384 -18
385 -74
386 -9
387 -96
388 -18
389 -9
390 -66
391 -47
392 -886
393 -145
394 -401
395 -172
396 -177
397 -52
398 -151
399 -47
400 -47
401 -47
402 -11606
403 -79
404 -3553
405 -9
406 -106
407 -1085
408 -109
409 -1229
410 -9
411 -18
412 -42
413 -54
414 -54
415 -537
416 -87
417 -186
418 -69
419 -52
420 -47
421 -2054
422 -47
423 -56
424 -277
425 -31
426 -101
427 -47
428 -316
429 -9
430 -47
431 -47
432 -333
433 -11
434 -76
435 -99
436 -55
437 -47
438 -190
439 -5015
440 -1536
441 -353
442 -25
443 -1135
444 -249
445 -4126
446 -2215
447 -43
448 -984
449 -6063
450 -51
451 -114
452 -91
453 -26
454 -2395
455 -47
456 -5687
457 -47
458 -974
459 -91
460 -100
461 -363
462 -17
463 -941
464 -316
465 -825
466 -290
467 -582
468 -4892
469 -173
470 -792
471 -106
472 -47
473 -1402
474 -38
475 -935
476 -876
477 -115
478 -27
479 -3001
480 -55
481 -214
482 -9
483 -123
484 -47
485 -47
486 -269
487 -47
488 -3502
489 -47
490 -1274
491 -18
492 -296
493 -454
494 -12
495 -689
496 -5146
497 -3434
498 -108
499 -2676
500 -34
501 -75
502 -139
503 -3359
504 -106
505 -17
506 -2251
507 -47
508 -47
509 -39
510 -8599
511 -47
512 -697
513 -549
514 -58
515 -1732
516 -31
517 -116
518 -3980
519 -2398
520 -12
521 -1204
522 -404
523 -235
524 -47
525 -1437
526 -2243
527 -187
528 -86
529 -132
530 -71
531 -1960
532 -102
533 -47
534 -2978
535 -3441
536 -119
537 -112
538 -426
539 -130
540 -4110
541 -3991
542 -47
543 -9
544 -258
545 -694
546 -9
547 -467
548 -47
549 -4797
550 -7883
551 -175
552 -3439
553 -13
554 -2784
555 -568
556 -386
557 -2418
558 -84
559 -85
560 -2253
561 -367
562 -47
563 -845
564 -136
565 -156
566 -47
567 -476
568 -92
569 -229
570 -110
571 -14
572 -40
573 -122
574 -2546
575 -15
576 -55
577 -10
578 -49
579 -172
580 -1667
581 -260
582 -47
583 -740
584 -172
585 -135
586 -3107
587 -1754
588 -157
589 -4666
590 -89
591 -1125
592 -47
593 -47
594 -85
595 -85
596 -298
597 -12
598 -4054
599 -3090
600 -840
601 -13604
602 -1234
603 -1199
604 -47
605 -367
606 -44
607 -3134
608 -63
609 -47
610 -3664
611 -260
612 -622
613 -419
614 -9
615 -49
616 -7684
617 -259
618 -2992
619 -4078
620 -3540
621 -190
622 -47
623 -497
624 -432
625 -685
626 -47
627 -50
628 -27
629 -4396
630 -10631
631 -321
632 -1842
633 -105
634 -219
635 -3821
636 -9
637 -2548
638 -98
639 -750
640 -309
641 -47
642 -2205
643 -99
644 -259
645 -121
646 -251
647 -47
648 -2483
649 -11378
650 -391
651 -74
652 -180
653 -5877
654 -663
655 -108
656 -376
657 -148
658 -164
659 -12
660 -186
661 -1662
662 -85
663 -13
664 -186
665 -47
666 -47
667 -10
668 -5121
669 -47
670 -47
671 -1089
672 -108
673 -67
674 -86
675 -8
676 -882
677 -10904
678 -4260
679 -2710
680 -119
681 -850
682 -47
683 -747
684 -184
685 -14
686 -47
687 -54
688 -9
689 -252
690 -18
691 -1586
692 -15
693 -179
694 -368
695 -313
696 -6202
697 -727
698 -175
699 -42
700 -960
701 -47
702 -280
703 -191
704 -464
705 -59
706 -53
707 -52
708 -47
709 -154
710 -212
711 -102
712 -1219
713 -121
714 -156
715 -3576
716 -3322
717 -5996
718 -436
719 -220
720 -32
721 -462
722 -3768
723 -1606
724 -165
725 -47
726 -775
727 -89
728 -47
729 -1742
730 -209
731 -686
732 -583
733 -47
734 -841
735 -47
736 -2812
737 -494
738 -431
739 -10
740 -794
741 -1122
742 -2635
743 -3974
744 -41
745 -579
746 -325
747 -622
748 -1732
749 -445
750 -4739
751 -495
752 -2889
753 -10
754 -52
755 -33
756 -123
757 -47
758 -47
759 -68
760 -35
761 -3049
762 -2839
763 -81
764 -5819
765 -151
766 -47
767 -720
768 -47
769 -366
770 -47
771 -30
772 -340
773 -47
774 -1330
775 -47
776 -610
777 -47
778 -1200
779 -315
780 -1252
781 -2854
782 -502
783 -287
784 -9
785 -65
786 -1025
787 -45
788 -1465
789 -8
790 -45
791 -47
792 -485
793 -411
794 -502
795 -1351
796 -4109
797 -147
798 -9
799 -10
800 -97
801 -126
802 -226
803 -47
804 -157
805 -107
806 -101
807 -146
808 -276
809 -9
810 -47
811 -9348
812 -47
813 -76
814 -2233
815 -406
816 -899
817 -2072
818 -82
819 -660
820 -2866
821 -1074
822 -290
823 -646
824 -47
825 -184
826 -40
827 -177
828 -2895
829 -47
830 -5920
831 -258
832 -10
833 -1323
834 -47
835 -3410
836 -998
837 -132
838 -1880
839 -234
840 -6413
841 -135
842 -3251
843 -2262
844 -47
845 -151
846 -1634
847 -93
848 -551
849 -47
850 -2407
851 -329
852 -3747
853 -4498
854 -9637
855 -2373
856 -47
857 -2190
858 -31
859 -400
860 -47
861 -3764
862 -38
863 -286
864 -47
865 -322
866 -47
867 -1306
868 -2420
869 -274
870 -744
871 -47
872 -5421
873 -184
874 -1404
875 -1781
876 -1117
877 -1920
878 -361
879 -84
880 -726
881 -673
882 -883
883 -190
884 -2020
885 -66
886 -47
887 -1525
888 -133
889 -3100
890 -258
891 -570
892 -160
893 -169
894 -11
895 -47
896 -950
897 -47
898 -176
899 -3854
900 -2750
901 -1920
902 -182
903 -3546
904 -277
905 -2590
906 -1730
907 -9
908 -11
909 -156
910 -51
911 -8
912 -52
913 -11
914 -376
915 -5837
916 -131
917 -109
918 -1239
919 -3744
920 -47
921 -82
922 -9
923 -5032
924 -72
925 -44
926 -63
927 -56
928 -893
929 -99
930 -47
931 -1651
932 -963
933 -3159
934 -1694
935 -1333
936 -47
937 -47
938 -47
939 -31
940 -47
941 -176
942 -92
943 -9
944 -460
945 -2545
946 -47
947 -248
948 -127
949 -47
950 -289
951 -6454
952 -47
953 -70
954 -47
955 -4732
956 -1002
957 -47
958 -214
959 -121
960 -59
961 -944
962 -47
963 -47
964 -268
965 -13
966 -9
967 -49
968 -370
969 -37
970 -7554
971 -47
972 -2831
973 -198
974 -2618
975 -107
976 -47
977 -31
978 -47
979 -9
980 -1477
981 -10
982 -225
983 -180
984 -9
985 -425
986 -134
987 -53
988 -1065
989 -149
990 -10
991 -1269
992 -1779
993 -47
994 -3286
995 -107
996 -196
997 -2103
998 -47
999 -47
