0 -248
1 -864
2 -81
3 -412
4 -1324
5 -389
6 -303
7 -6214
8 -50
9 -18
10 -322
11 -3336
12 -1792
13 -1237
14 -579
15 -309
16 -8013
17 -597
18 -328
19 -716
20 -1001
21 -39
22 -92
23 -663
24 -95
25 -399
26 -5775
27 -3019
28 -324
29 -120
30 -42
31 -18
32 -2629
33 -463
34 -18
35 -7346
36 -18
37 -3469
38 -1129
39 -5708
40 -163
41 -2213
42 -3199
43 -18
44 -18
45 -5020
46 -2664
47 -91
48 -44
49 -130
50 -65
51 -2709
52 -262
53 -249
54 -4468
55 -604
56 -8559
57 -1645
58 -6248
59 -4131
60 -578
61 -392
62 -6144
63 -18
64 -5975
65 -168
66 -18
67 -18
68 -7083
69 -3976
70 -266
71 -175
72 -305
73 -412
74 -3330
75 -396
76 -18
77 -6156
78 -18
79 -4653
80 -18
81 -925
82 -434
83 -334
84 -1298
85 -819
86 -139
87 -2834
88 -1653
89 -62
90 -1019
91 -100
92 -395
93 -1589
94 -1033
95 -88
96 -52
97 -23
98 -67
99 -330
100 -4260
101 -234
102 -154
103 -138
104 -389
105 -1478
106 -2986
107 -716
108 -380
109 -4332
110 -230
111 -1590
112 -101
113 -316
114 -22
115 -18
116 -33
117 -64
118 -242
119 -664
120 -2922
121 -113
122 -449
123 -209
124 -3699
125 -18
126 -163
127 -3959
128 -295
129 -18
130 -170
131 -30
132 -128
133 -20
134 -6241
135 -164
136 -4299
137 -474
138 -159
139 -2914
140 -4906
141 -18
142 -1149
143 -2054
144 -3850
145 -3253
146 -45
147 -559
148 -3433
149 -152
150 -649
151 -1639
152 -2053
153 -18
154 -501
155 -1496
156 -2212
157 -18
158 -18
159 -36
160 -653
161 -1016
162 -1894
163 -5015
164 -2918
165 -64
166 -54
167 -400
168 -2256
169 -1414
170 -18
171 -2561
172 -534
173 -6202
174 -82
175 -4758
176 -168
177 -1056
178 -748
179 -1849
180 -280
181 -7362
182 -313
183 -392
184 -119
185 -119
186 -5059
187 -3390
188 -2785
189 -338
190 -643
191 -4253
192 -2528
193 -914
194 -151
195 -219
196 -166
197 -18
198 -644
199 -2344
200 -3798
201 -1050
202 -2979
203 -18
204 -44
205 -759
206 -2318
207 -376
208 -201
209 -2779
210 -19
211 -2700
212 -2574
213 -2359
214 -45
215 -18
216 -18
217 -383
218 -3954
219 -132
220 -1709
221 -118
222 -99
223 -86
224 -586
225 -187
226 -167
227 -778
228 -1969
229 -2136
230 -2762
231 -459
232 -25
233 -186
234 -3618
235 -18
236 -970
237 -18
238 -113
239 -18
240 -4022
241 -185
242 -2379
243 -2448
244 -1965
245 -18
246 -29
247 -18
248 -1122
249 -24
250 -4503
251 -18
252 -1864
253 -2021
254 -3982
255 -3580
256 -2010
257 -813
258 -30
259 -396
260 -81
261 -300
262 -18
263 -18
264 -78
265 -679
266 -229
267 -18
268 -313
269 -289
270 -18
271 -167
272 -31
273 -3366
274 -2319
275 -67
276 -237
277 -3212
278 -18
279 -897
280 -196
281 -51
282 -283
283 -112
284 -1344
285 -239
286 -18
287 -79
288 -5778
289 -18
290 -2032
291 -355
292 -27
293 -2332
294 -5268
295 -18
296 -654
297 -96
298 -84
299 -18
300 -55
301 -110
302 -78
303 -1947
304 -45
305 -7099
306 -18
307 -343
308 -809
309 -18
310 -631
311 -18
312 -59
313 -335
314 -608
315 -18
316 -7618
317 -18
318 -28
319 -3391
320 -2239
321 -324
322 -1038
323 -199
324 -4750
325 -2904
326 -22
327 -36
328 -5175
329 -2479
330 -1840
331 -514
332 -937
333 -162
334 -871
335 -18
336 -342
337 -2066
338 -829
339 -18
340 -2141
341 -18
342 -1419
343 -1742
344 -170
345 -14
346 -1944
347 -18
348 -699
349 -32
350 -5952
351 -57
352 -54
353 -737
354 -70
355 -18
356 -1339
357 -674
358 -120
359 -366
360 -298
361 -4062
362 -615
363 -58
364 -170
365 -71
366 -18
367 -1399
368 -58
369 -31
370 -3249
371 -659
372 -18
373 -242
374 -959
375 -147
376 -56
377 -3713
378 -1532
379 -3554
380 -2111
381 -232
382 -1623
383 -130
384 -337
385 -18
386 -2510
387 -81
388 -134
389 -165
390 -181
391 -152
392 -4973
393 -44
394 -109
395 -18
396 -5287
397 -18
398 -154
399 -170
400 -202
401 -50
402 -4213
403 -1915
404 -128
405 -18
406 -194
407 -1627
408 -3668
409 -238
410 -5225
411 -169
412 -96
413 -1479
414 -2715
415 -6280
416 -3640
417 -25
418 -4797
419 -1789
420 -764
421 -74
422 -2240
423 -1968
424 -78
425 -1371
426 -618
427 -93
428 -4504
429 -139
430 -349
431 -45
432 -18
433 -48
434 -127
435 -1094
436 -1081
437 -784
438 -165
439 -3279
440 -177
441 -7208
442 -18
443 -1304
444 -44
445 -2011
446 -12975
447 -422
448 -695
449 -18
450 -3823
451 -342
452 -44
453 -284
454 -3739
455 -2836
456 -3731
457 -4406
458 -953
459 -15
460 -2023
461 -18
462 -2817
463 -1739
464 -6444
465 -1071
466 -769
467 -18
468 -2431
469 -529
470 -4584
471 -83
472 -3304
473 -1074
474 -635
475 -3314
476 -3389
477 -4472
478 -18
479 -62
480 -18
481 -5306
482 -254
483 -773
484 -194
485 -877
486 -494
487 -2733
488 -4021
489 -165
490 -18
491 -1574
492 -1195
493 -33
494 -5214
495 -1639
496 -18
497 -159
498 -248
499 -570
500 -894
501 -460
502 -5134
503 -2287
504 -1455
505 -80
506 -193
507 -1483
508 -1004
509 -1074
510 -253
511 -1346
512 -365
513 -168
514 -18
515 -18
516 -396
517 -2334
518 -125
519 -7611
520 -1879
521 -135
522 -323
523 -114
524 -334
525 -4021
526 -466
527 -702
528 -3636
529 -5048
530 -23
531 -550
532 -28
533 -116
534 -200
535 -18
536 -4611
537 -18
538 -71
539 -1210
540 -1290
541 -77
542 -237
543 -35
544 -550
545 -18
546 -2294
547 -635
548 -196
549 -54
550 -86
551 -371
552 -145
553 -3765
554 -1937
555 -18
556 -130
557 -2412
558 -172
559 -25
560 -2824
561 -349
562 -18
563 -1592
564 -18
565 -5280
566 -3175
567 -18
568 -564
569 -3534
570 -307
571 -2866
572 -114
573 -1358
574 -374
575 -83
576 -1489
577 -2177
578 -6237
579 -1131
580 -258
581 -974
582 -200
583 -28
584 -18
585 -18
586 -747
587 -5909
588 -7040
589 -3840
590 -2439
591 -5272
592 -223
593 -161
594 -38
595 -3234
596 -2248
597 -390
598 -3613
599 -41
600 -2591
601 -673
602 -50
603 -4136
604 -18
605 -2995
606 -1756
607 -763
608 -474
609 -894
610 -663
611 -19
612 -323
613 -461
614 -4004
615 -746
616 -1239
617 -509
618 -3427
619 -3567
620 -798
621 -18
622 -18
623 -224
624 -99
625 -18
626 -100
627 -304
628 -966
629 -5269
630 -18
631 -2245
632 -57
633 -3692
634 -1516
635 -6748
636 -18
637 -202
638 -2994
639 -868
640 -419
641 -80
642 -5310
643 -1784
644 -1417
645 -539
646 -18
647 -2701
648 -159
649 -18
650 -3123
651 -685
652 -635
653 -643
654 -194
655 -4431
656 -54
657 -327
658 -283
659 -79
660 -76
661 -2255
662 -102
663 -18
664 -112
665 -136
666 -2494
667 -776
668 -18
669 -2109
670 -51
671 -7354
672 -120
673 -1039
674 -676
675 -62
676 -551
677 -18
678 -207
679 -784
680 -391
681 -1194
682 -1235
683 -2215
684 -595
685 -20
686 -18
687 -344
688 -3991
689 -47
690 -88
691 -2129
692 -9244
693 -1665
694 -9175
695 -4933
696 -6626
697 -282
698 -134
699 -167
700 -1034
701 -54
702 -1791
703 -18
704 -6848
705 -213
706 -327
707 -116
708 -909
709 -3351
710 -334
711 -18
712 -202
713 -18
714 -2515
715 -425
716 -18
717 -1677
718 -49
719 -3179
720 -6009
721 -94
722 -232
723 -115
724 -1199
725 -3480
726 -4134
727 -154
728 -297
729 -465
730 -254
731 -18
732 -3161
733 -604
734 -8077
735 -47
736 -236
737 -3707
738 -213
739 -3441
740 -112
741 -2924
742 -18
743 -55
744 -10
745 -10613
746 -8196
747 -66
748 -181
749 -3880
750 -294
751 -265
752 -284
753 -1570
754 -99
755 -37
756 -114
757 -473
758 -57
759 -44
760 -1096
761 -2209
762 -10571
763 -18
764 -4369
765 -699
766 -4196
767 -18
768 -684
769 -56
770 -219
771 -234
772 -299
773 -3934
774 -1538
775 -2299
776 -1738
777 -5553
778 -171
779 -200
780 -1756
781 -568
782 -51
783 -401
784 -61
785 -83
786 -2123
787 -553
788 -1939
789 -187
790 -457
791 -2927
792 -445
793 -2320
794 -382
795 -149
796 -1461
797 -135
798 -18
799 -2044
800 -240
801 -2917
802 -1444
803 -18
804 -2873
805 -18
806 -569
807 -124
808 -167
809 -3637
810 -18
811 -5888
812 -18
813 -1317
814 -732
815 -188
816 -559
817 -809
818 -74
819 -1661
820 -77
821 -1643
822 -18
823 -18
824 -4460
825 -203
826 -152
827 -184
828 -55
829 -1047
830 -18
831 -789
832 -18
833 -630
834 -18
835 -444
836 -624
837 -4623
838 -1527
839 -539
840 -26
841 -1526
842 -197
843 -83
844 -1555
845 -2025
846 -3159
847 -4280
848 -18
849 -664
850 -4669
851 -121
852 -764
853 -1159
854 -18
855 -54
856 -484
857 -1765
858 -141
859 -18
860 -1499
861 -664
862 -70
863 -134
864 -8222
865 -186
866 -906
867 -964
868 -1461
869 -389
870 -2300
871 -2086
872 -18
873 -114
874 -18
875 -2553
876 -235
877 -230
878 -986
879 -6518
880 -1940
881 -1224
882 -37
883 -54
884 -354
885 -35
886 -1064
887 -18
888 -831
889 -3436
890 -2492
891 -419
892 -1062
893 -417
894 -18
895 -436
896 -40
897 -4742
898 -1502
899 -3305
900 -1874
901 -10310
902 -292
903 -18
904 -18
905 -4666
906 -3538
907 -155
908 -360
909 -4978
910 -111
911 -86
912 -18
913 -1176
914 -1239
915 -103
916 -29
917 -1470
918 -18
919 -18
920 -39
921 -814
922 -2783
923 -18
924 -21
925 -51
926 -109
927 -2212
928 -2571
929 -2714
930 -5601
931 -35
932 -280
933 -1970
934 -35
935 -1974
936 -43
937 -789
938 -302
939 -699
940 -27
941 -18
942 -2198
943 -18
944 -48
945 -679
946 -18
947 -15
948 -3419
949 -6178
950 -188
951 -2252
952 -3787
953 -18
954 -376
955 -713
956 -49
957 -220
958 -3787
959 -1645
960 -4460
961 -89
962 -1187
963 -1282
964 -18
965 -4857
966 -18
967 -1295
968 -5266
969 -187
970 -29
971 -945
972 -114
973 -527
974 -58
975 -889
976 -4307
977 -1084
978 -18
979 -129
980 -87
981 -103
982 -141
983 -50
984 -934
985 -18
986 -65
987 -18
988 -57
989 -522
990 -554
991 -864
992 -5620
993 -221
994 -275
995 -18
996 -418
997 -18
998 -3604
999 -101
