0 -60
1 -43
2 -19
3 -447
4 -52
5 -19
6 -96
7 -57
8 -156
9 -57
10 -43
11 -52
12 -57
13 -444
14 -57
15 -19
16 -52
17 -19
18 -267
19 -57
20 -237
21 -229
22 -43
23 -19
24 -118
25 -374
26 -882
27 -2904
28 -126
29 -388
30 -57
31 -57
32 -200
33 -181
34 -43
35 -101
36 -186
37 -950
38 -19
39 -57
40 -104
41 -626
42 -480
43 -195
44 -57
45 -201
46 -57
47 -19
48 -43
49 -320
50 -57
51 -57
52 -57
53 -52
54 -574
55 -43
56 -61
57 -19
58 -52
59 -19
60 -172
61 -19
62 -208
63 -182
64 -19
65 -57
66 -57
67 -227
68 -43
69 -52
70 -43
71 -57
72 -19
73 -57
74 -19
75 -52
76 -38
77 -122
78 -499
79 -52
80 -456
81 -43
82 -98
83 -755
84 -327
85 -131
86 -289
87 -52
88 -19
89 -339
90 -47
91 -52
92 -43
93 -198
94 -707
95 -400
96 -57
97 -300
98 -43
99 -19
100 -43
101 -307
102 -43
103 -272
104 -19
105 -43
106 -57
107 -57
108 -73
109 -43
110 -720
111 -52
112 -772
113 -15
114 -43
115 -19
116 -422
117 -42
118 -1127
119 -62
120 -52
121 -52
122 -479
123 -56
124 -542
125 -181
126 -19
127 -43
128 -310
129 -43
130 -15
131 -57
132 -57
133 -135
134 -47
135 -771
136 -493
137 -19
138 -57
139 -19
140 -52
141 -57
142 -152
143 -213
144 -52
145 -19
146 -204
147 -57
148 -57
149 -57
150 -60
151 -263
152 -43
153 -132
154 -400
155 -57
156 -360
157 -19
158 -85
159 -105
160 -78
161 -52
162 -43
163 -43
164 -72
165 -43
166 -19
167 -19
168 -47
169 -19
170 -57
171 -316
172 -19
173 -331
174 -1489
175 -902
176 -43
177 -167
178 -57
179 -228
180 -964
181 -596
182 -42
183 -227
184 -220
185 -19
186 -145
187 -185
188 -411
189 -59
190 -57
191 -52
192 -742
193 -52
194 -57
195 -52
196 -500
197 -19
198 -288
199 -52
200 -52
201 -276
202 -43
203 -43
204 -43
205 -57
206 -106
207 -43
208 -52
209 -331
210 -57
211 -43
212 -410
213 -52
214 -152
215 -143
216 -191
217 -70
218 -57
219 -2439
220 -52
221 -483
222 -177
223 -57
224 -203
225 -192
226 -43
227 -52
228 -19
229 -52
230 -43
231 -57
232 -52
233 -57
234 -52
235 -43
236 -271
237 -304
238 -211
239 -43
240 -1157
241 -19
242 -57
243 -19
244 -43
245 -52
246 -57
247 -19
248 -43
249 -400
250 -342
251 -230
252 -52
253 -52
254 -52
255 -129
256 -43
257 -246
258 -43
259 -248
260 -436
261 -548
262 -52
263 -57
264 -57
265 -52
266 -57
267 -338
268 -3534
269 -57
270 -52
271 -45
272 -5841
273 -57
274 -57
275 -181
276 -97
277 -38
278 -436
279 -52
280 -197
281 -43
282 -52
283 -19
284 -57
285 -57
286 -57
287 -131
288 -19
289 -43
290 -19
291 -71
292 -114
293 -86
294 -238
295 -52
296 -113
297 -45
298 -38
299 -19
300 -163
301 -43
302 -202
303 -493
304 -57
305 -505
306 -52
307 -19
308 -19
309 -371
310 -684
311 -138
312 -96
313 -52
314 -52
315 -57
316 -43
317 -31
318 -19
319 -19
320 -43
321 -3913
322 -141
323 -109
324 -212
325 -43
326 -43
327 -50
328 -43
329 -216
330 -86
331 -52
332 -43
333 -327
334 -57
335 -43
336 -1563
337 -52
338 -147
339 -19
340 -52
341 -293
342 -897
343 -215
344 -19
345 -52
346 -82
347 -57
348 -19
349 -96
350 -43
351 -129
352 -43
353 -539
354 -45
355 -19
356 -399
357 -19
358 -108
359 -61
360 -57
361 -327
362 -43
363 -50
364 -57
365 -19
366 -57
367 -633
368 -19
369 -43
370 -57
371 -48
372 -52
373 -202
374 -162
375 -43
376 -19
377 -94
378 -43
379 -19
380 -52
381 -57
382 -660
383 -52
384 -76
385 -2134
386 -19
387 -70
388 -1030
389 -380
390 -43
391 -145
392 -52
393 -79
394 -19
395 -45
396 -57
397 -164
398 -43
399 -49
400 -334
401 -43
402 -151
403 -183
404 -50
405 -34
406 -112
407 -19
408 -43
409 -52
410 -52
411 -43
412 -43
413 -43
414 -57
415 -19
416 -52
417 -135
418 -19
419 -36
420 -19
421 -217
422 -34
423 -68
424 -239
425 -122
426 -345
427 -19
428 -57
429 -19
430 -52
431 -151
432 -89
433 -52
434 -95
435 -19
436 -106
437 -19
438 -150
439 -62
440 -19
441 -52
442 -19
443 -459
444 -57
445 -1647
446 -1003
447 -291
448 -288
449 -103
450 -69
451 -43
452 -450
453 -144
454 -57
455 -1625
456 -296
457 -57
458 -109
459 -57
460 -57
461 -43
462 -19
463 -5179
464 -235
465 -580
466 -102
467 -57
468 -95
469 -150
470 -19
471 -43
472 -43
473 -293
474 -43
475 -57
476 -19
477 -178
478 -52
479 -653
480 -37
481 -62
482 -57
483 -15
484 -52
485 -52
486 -120
487 -57
488 -160
489 -82
490 -3004
491 -57
492 -52
493 -1773
494 -43
495 -357
496 -92
497 -56
498 -43
499 -147
500 -52
501 -19
502 -758
503 -52
504 -52
505 -57
506 -57
507 -57
508 -52
509 -43
510 -222
511 -57
512 -139
513 -52
514 -6320
515 -184
516 -108
517 -19
518 -57
519 -207
520 -19
521 -1220
522 -43
523 -43
524 -169
525 -221
526 -52
527 -43
528 -367
529 -70
530 -43
531 -8
532 -83
533 -19
534 -951
535 -106
536 -57
537 -27
538 -52
539 -52
540 -2102
541 -50
542 -196
543 -523
544 -346
545 -52
546 -57
547 -156
548 -117
549 -57
550 -52
551 -13
552 -43
553 -75
554 -427
555 -19
556 -92
557 -52
558 -52
559 -247
560 -97
561 -52
562 -52
563 -158
564 -43
565 -47
566 -247
567 -57
568 -57
569 -561
570 -57
571 -293
572 -685
573 -110
574 -57
575 -307
576 -43
577 -176
578 -19
579 -70
580 -57
581 -43
582 -57
583 -57
584 -52
585 -19
586 -19
587 -118
588 -52
589 -104
590 -43
591 -43
592 -43
593 -43
594 -133
595 -57
596 -19
597 -57
598 -418
599 -57
600 -57
601 -52
602 -43
603 -19
604 -237
605 -19
606 -52
607 -57
608 -19
609 -43
610 -19
611 -199
612 -52
613 -226
614 -52
615 -43
616 -19
617 -225
618 -52
619 -91
620 -52
621 -399
622 -88
623 -137
624 -278
625 -19
626 -19
627 -456
628 -224
629 -57
630 -335
631 -52
632 -43
633 -22
634 -216
635 -43
636 -483
637 -81
638 -951
639 -43
640 -52
641 -191
642 -43
643 -52
644 -57
645 -57
646 -43
647 -19
648 -43
649 -43
650 -106
651 -43
652 -57
653 -52
654 -150
655 -221
656 -235
657 -43
658 -52
659 -72
660 -22
661 -52
662 -719
663 -149
664 -19
665 -43
666 -43
667 -19
668 -355
669 -57
670 -326
671 -118
672 -19
673 -149
674 -57
675 -43
676 -62
677 -57
678 -29
679 -69
680 -100
681 -155
682 -115
683 -250
684 -84
685 -57
686 -15
687 -43
688 -19
689 -43
690 -51
691 -397
692 -66
693 -427
694 -145
695 -57
696 -257
697 -2373
698 -57
699 -19
700 -57
701 -138
702 -48
703 -52
704 -135
705 -48
706 -20
707 -156
708 -52
709 -19
710 -43
711 -52
712 -364
713 -43
714 -356
715 -118
716 -57
717 -19
718 -43
719 -273
720 -52
721 -2647
722 -43
723 -57
724 -39
725 -57
726 -43
727 -19
728 -24
729 -327
730 -135
731 -57
732 -415
733 -363
734 -19
735 -3326
736 -251
737 -347
738 -65
739 -19
740 -338
741 -57
742 -43
743 -52
744 -52
745 -220
746 -77
747 -57
748 -57
749 -43
750 -205
751 -43
752 -52
753 -218
754 -995
755 -1504
756 -57
757 -19
758 -57
759 -22
760 -137
761 -85
762 -510
763 -180
764 -509
765 -19
766 -108
767 -257
768 -52
769 -255
770 -19
771 -528
772 -57
773 -57
774 -325
775 -57
776 -57
777 -43
778 -458
779 -57
780 -279
781 -52
782 -1331
783 -189
784 -57
785 -57
786 -52
787 -52
788 -145
789 -152
790 -57
791 -43
792 -358
793 -43
794 -57
795 -52
796 -120
797 -62
798 -161
799 -353
800 -43
801 -52
802 -123
803 -43
804 -57
805 -19
806 -52
807 -57
808 -19
809 -144
810 -511
811 -42
812 -99
813 -52
814 -112
815 -42
816 -230
817 -43
818 -57
819 -88
820 -19
821 -19
822 -63
823 -43
824 -52
825 -19
826 -19
827 -390
828 -305
829 -179
830 -336
831 -3121
832 -368
833 -112
834 -52
835 -52
836 -43
837 -969
838 -43
839 -19
840 -106
841 -287
842 -658
843 -122
844 -4772
845 -52
846 -83
847 -19
848 -52
849 -19
850 -231
851 -100
852 -219
853 -428
854 -19
855 -71
856 -98
857 -43
858 -108
859 -122
860 -43
861 -57
862 -57
863 -150
864 -57
865 -19
866 -57
867 -210
868 -19
869 -984
870 -89
871 -39
872 -57
873 -20
874 -57
875 -52
876 -19
877 -52
878 -19
879 -111
880 -43
881 -90
882 -163
883 -53
884 -19
885 -337
886 -19
887 -323
888 -266
889 -59
890 -19
891 -2357
892 -52
893 -52
894 -84
895 -57
896 -592
897 -43
898 -52
899 -43
900 -19
901 -19
902 -312
903 -52
904 -52
905 -433
906 -43
907 -450
908 -71
909 -139
910 -95
911 -43
912 -52
913 -57
914 -57
915 -68
916 -19
917 -57
918 -48
919 -25
920 -284
921 -30
922 -273
923 -43
924 -337
925 -57
926 -43
927 -138
928 -52
929 -19
930 -52
931 -19
932 -226
933 -694
934 -380
935 -52
936 -19
937 -52
938 -19
939 -201
940 -423
941 -57
942 -43
943 -322
944 -54
945 -57
946 -444
947 -48
948 -19
949 -19
950 -53
951 -504
952 -52
953 -52
954 -43
955 -103
956 -213
957 -52
958 -91
959 -43
960 -364
961 -825
962 -52
963 -52
964 -19
965 -19
966 -43
967 -52
968 -290
969 -52
970 -43
971 -43
972 -57
973 -60
974 -52
975 -28
976 -52
977 -112
978 -43
979 -19
980 -334
981 -1918
982 -1094
983 -58
984 -19
985 -52
986 -57
987 -52
988 -19
989 -530
990 -52
991 -57
992 -607
993 -159
994 -57
995 -402
996 -16
997 -143
998 -52
999 -366
