0 -42
1 -42
2 -88
3 -1053
4 -166
5 -23
6 -23
7 -18
8 -101
9 -4852
10 -22
11 -23
12 -23
13 -3031
14 -1483
15 -22
16 -343
17 -77
18 -22
19 -42
20 -420
21 -80
22 -13
23 -22
24 -42
25 -172
26 -42
27 -472
28 -68
29 -42
30 -430
31 -555
32 -333
33 -755
34 -42
35 -70
36 -253
37 -22
38 -115
39 -430
40 -22
41 -135
42 -39
43 -167
44 -88
45 -22
46 -23
47 -23
48 -57
49 -22
50 -24
51 -22
52 -22
53 -39
54 -23
55 -145
56 -23
57 -189
58 -23
59 -127
60 -23
61 -1912
62 -3939
63 -104
64 -42
65 -1324
66 -1005
67 -105
68 -42
69 -42
70 -75
71 -124
72 -154
73 -42
74 -297
75 -42
76 -39
77 -46
78 -493
79 -76
80 -42
81 -23
82 -22
83 -578
84 -72
85 -22
86 -22
87 -22
88 -23
89 -42
90 -1591
91 -22
92 -103
93 -22
94 -23
95 -22
96 -207
97 -165
98 -138
99 -1473
100 -22
101 -51
102 -23
103 -42
104 -42
105 -303
106 -5271
107 -22
108 -42
109 -23
110 -42
111 -559
112 -42
113 -74
114 -5162
115 -213
116 -42
117 -198
118 -42
119 -22
120 -22
121 -23
122 -39
123 -42
124 -1687
125 -160
126 -23
127 -46
128 -42
129 -757
130 -42
131 -499
132 -22
133 -23
134 -916
135 -42
136 -42
137 -22
138 -22
139 -405
140 -393
141 -22
142 -906
143 -23
144 -39
145 -42
146 -348
147 -187
148 -23
149 -39
150 -254
151 -23
152 -39
153 -170
154 -22
155 -23
156 -23
157 -194
158 -49
159 -39
160 -22
161 -22
162 -42
163 -23
164 -149
165 -42
166 -22
167 -598
168 -488
169 -39
170 -1021
171 -186
172 -23
173 -320
174 -66
175 -42
176 -42
177 -147
178 -63
179 -42
180 -1660
181 -42
182 -2993
183 -1446
184 -22
185 -42
186 -77
187 -57
188 -23
189 -129
190 -42
191 -85
192 -42
193 -23
194 -121
195 -99
196 -599
197 -42
198 -2418
199 -180
200 -47
201 -22
202 -23
203 -22
204 -1230
205 -407
206 -669
207 -22
208 -23
209 -27
210 -23
211 -23
212 -67
213 -39
214 -970
215 -711
216 -81
217 -251
218 -42
219 -119
220 -421
221 -50
222 -645
223 -22
224 -322
225 -376
226 -23
227 -42
228 -72
229 -42
230 -65
231 -84
232 -42
233 -22
234 -1589
235 -22
236 -39
237 -42
238 -340
239 -22
240 -22
241 -23
242 -42
243 -256
244 -2428
245 -22
246 -29
247 -22
248 -39
249 -441
250 -511
251 -23
252 -22
253 -1183
254 -297
255 -22
256 -67
257 -22
258 -274
259 -42
260 -42
261 -45
262 -42
263 -23
264 -39
265 -42
266 -53
267 -22
268 -101
269 -706
270 -22
271 -22
272 -328
273 -42
274 -95
275 -42
276 -42
277 -458
278 -1425
279 -1003
280 -191
281 -23
282 -39
283 -23
284 -79
285 -230
286 -151
287 -39
288 -475
289 -23
290 -5506
291 -48
292 -49
293 -122
294 -23
295 -187
296 -95
297 -213
298 -79
299 -23
300 -22
301 -23
302 -305
303 -22
304 -64
305 -23
306 -49
307 -91
308 -221
309 -336
310 -42
311 -185
312 -303
313 -109
314 -3034
315 -152
316 -42
317 -152
318 -39
319 -22
320 -225
321 -44
322 -39
323 -39
324 -39
325 -22
326 -49
327 -42
328 -209
329 -812
330 -407
331 -176
332 -22
333 -22
334 -22
335 -254
336 -39
337 -462
338 -96
339 -29
340 -227
341 -22
342 -377
343 -22
344 -42
345 -251
346 -42
347 -352
348 -39
349 -23
350 -22
351 -289
352 -23
353 -22
354 -23
355 -201
356 -42
357 -22
358 -22
359 -42
360 -39
361 -22
362 -22
363 -42
364 -39
365 -52
366 -603
367 -39
368 -42
369 -425
370 -73
371 -22
372 -39
373 -3159
374 -42
375 -23
376 -22
377 -42
378 -22
379 -42
380 -71
381 -23
382 -162
383 -154
384 -248
385 -42
386 -22
387 -473
388 -24
389 -23
390 -195
391 -23
392 -23
393 -50
394 -42
395 -42
396 -42
397 -22
398 -778
399 -221
400 -275
401 -124
402 -34
403 -42
404 -42
405 -42
406 -22
407 -22
408 -364
409 -2071
410 -516
411 -22
412 -39
413 -96
414 -440
415 -321
416 -1260
417 -22
418 -22
419 -86
420 -23
421 -56
422 -142
423 -51
424 -23
425 -23
426 -64
427 -222
428 -144
429 -290
430 -23
431 -1348
432 -52
433 -39
434 -22
435 -42
436 -22
437 -128
438 -22
439 -2479
440 -23
441 -54
442 -73
443 -22
444 -22
445 -15
446 -67
447 -42
448 -23
449 -142
450 -39
451 -42
452 -79
453 -106
454 -39
455 -23
456 -4232
457 -42
458 -183
459 -191
460 -448
461 -96
462 -167
463 -81
464 -1982
465 -42
466 -26
467 -900
468 -140
469 -714
470 -129
471 -75
472 -23
473 -39
474 -22
475 -42
476 -47
477 -22
478 -740
479 -39
480 -3437
481 -400
482 -23
483 -42
484 -239
485 -185
486 -324
487 -748
488 -3457
489 -39
490 -22
491 -111
492 -274
493 -42
494 -317
495 -22
496 -404
497 -133
498 -23
499 -42
500 -23
501 -42
502 -880
503 -153
504 -42
505 -39
506 -711
507 -23
508 -42
509 -39
510 -22
511 -218
512 -23
513 -636
514 -2068
515 -39
516 -42
517 -39
518 -23
519 -301
520 -70
521 -23
522 -1931
523 -188
524 -330
525 -23
526 -24
527 -50
528 -54
529 -1318
530 -287
531 -328
532 -42
533 -92
534 -971
535 -877
536 -149
537 -157
538 -22
539 -23
540 -23
541 -152
542 -1083
543 -175
544 -22
545 -22
546 -22
547 -41
548 -39
549 -22
550 -22
551 -3428
552 -39
553 -25
554 -119
555 -25
556 -22
557 -39
558 -23
559 -39
560 -32
561 -13
562 -42
563 -22
564 -1414
565 -1918
566 -987
567 -293
568 -23
569 -477
570 -195
571 -53
572 -22
573 -394
574 -4956
575 -23
576 -226
577 -22
578 -23
579 -42
580 -111
581 -39
582 -23
583 -504
584 -149
585 -249
586 -22
587 -23
588 -74
589 -39
590 -420
591 -120
592 -23
593 -16
594 -42
595 -23
596 -22
597 -639
598 -23
599 -1185
600 -315
601 -455
602 -180
603 -17
604 -386
605 -23
606 -42
607 -23
608 -39
609 -22
610 -382
611 -22
612 -42
613 -1527
614 -450
615 -1797
616 -39
617 -170
618 -23
619 -23
620 -215
621 -39
622 -23
623 -39
624 -37
625 -727
626 -44
627 -23
628 -39
629 -42
630 -4799
631 -39
632 -23
633 -2855
634 -457
635 -307
636 -22
637 -42
638 -225
639 -42
640 -42
641 -168
642 -39
643 -371
644 -42
645 -327
646 -42
647 -39
648 -1009
649 -39
650 -865
651 -22
652 -22
653 -101
654 -42
655 -23
656 -42
657 -714
658 -309
659 -23
660 -97
661 -4039
662 -151
663 -22
664 -23
665 -42
666 -23
667 -1210
668 -59
669 -22
670 -39
671 -80
672 -5014
673 -39
674 -1355
675 -42
676 -39
677 -110
678 -39
679 -22
680 -64
681 -382
682 -1275
683 -59
684 -22
685 -323
686 -183
687 -22
688 -22
689 -23
690 -22
691 -42
692 -39
693 -337
694 -39
695 -22
696 -574
697 -52
698 -201
699 -154
700 -244
701 -512
702 -39
703 -340
704 -42
705 -54
706 -226
707 -42
708 -365
709 -39
710 -76
711 -39
712 -32
713 -22
714 -1546
715 -42
716 -39
717 -69
718 -188
719 -380
720 -152
721 -387
722 -39
723 -42
724 -196
725 -42
726 -42
727 -42
728 -447
729 -186
730 -22
731 -22
732 -896
733 -71
734 -164
735 -110
736 -165
737 -23
738 -39
739 -23
740 -25
741 -23
742 -42
743 -22
744 -42
745 -329
746 -2622
747 -80
748 -22
749 -134
750 -140
751 -134
752 -90
753 -42
754 -39
755 -311
756 -23
757 -42
758 -23
759 -22
760 -42
761 -268
762 -42
763 -22
764 -2666
765 -101
766 -23
767 -22
768 -22
769 -23
770 -398
771 -42
772 -170
773 -1076
774 -23
775 -23
776 -42
777 -100
778 -113
779 -35
780 -57
781 -59
782 -23
783 -209
784 -109
785 -22
786 -42
787 -61
788 -339
789 -81
790 -23
791 -42
792 -39
793 -23
794 -99
795 -745
796 -22
797 -901
798 -23
799 -244
800 -32
801 -23
802 -179
803 -42
804 -23
805 -4132
806 -23
807 -23
808 -1695
809 -4533
810 -23
811 -39
812 -39
813 -258
814 -318
815 -582
816 -23
817 -102
818 -1840
819 -4028
820 -42
821 -42
822 -171
823 -23
824 -22
825 -39
826 -57
827 -569
828 -389
829 -42
830 -205
831 -22
832 -39
833 -69
834 -2054
835 -38
836 -22
837 -23
838 -2675
839 -4083
840 -39
841 -22
842 -315
843 -84
844 -46
845 -22
846 -42
847 -23
848 -42
849 -39
850 -75
851 -850
852 -3235
853 -110
854 -100
855 -23
856 -22
857 -28
858 -30
859 -65
860 -3402
861 -22
862 -39
863 -245
864 -42
865 -23
866 -648
867 -23
868 -39
869 -959
870 -46
871 -219
872 -23
873 -23
874 -39
875 -18
876 -30
877 -42
878 -22
879 -139
880 -39
881 -49
882 -22
883 -23
884 -90
885 -109
886 -236
887 -42
888 -110
889 -23
890 -39
891 -626
892 -303
893 -42
894 -72
895 -42
896 -42
897 -104
898 -39
899 -224
900 -127
901 -238
902 -23
903 -5503
904 -42
905 -52
906 -343
907 -23
908 -171
909 -110
910 -1334
911 -32
912 -435
913 -1688
914 -294
915 -68
916 -23
917 -23
918 -59
919 -22
920 -1397
921 -2040
922 -95
923 -42
924 -22
925 -251
926 -22
927 -42
928 -39
929 -453
930 -52
931 -195
932 -42
933 -2042
934 -427
935 -42
936 -22
937 -192
938 -22
939 -49
940 -39
941 -134
942 -42
943 -134
944 -23
945 -54
946 -23
947 -207
948 -42
949 -253
950 -603
951 -134
952 -45
953 -21
954 -97
955 -42
956 -42
957 -42
958 -22
959 -2400
960 -42
961 -33
962 -1335
963 -93
964 -104
965 -310
966 -42
967 -367
968 -42
969 -99
970 -42
971 -23
972 -23
973 -537
974 -22
975 -1250
976 -71
977 -149
978 -39
979 -63
980 -23
981 -408
982 -236
983 -751
984 -758
985 -855
986 -23
987 -39
988 -2580
989 -22
990 -365
991 -39
992 -42
993 -23
994 -357
995 -22
996 -22
997 -896
998 -49
999 -105
