0 -22
1 -169
2 -205
3 -132
4 -35
5 -167
6 -133
7 -84
8 -22
9 -316
10 -35
11 -35
12 -469
13 -92
14 -162
15 -17
16 -35
17 -983
18 -106
19 -3010
20 -35
21 -113
22 -458
23 -457
24 -1696
25 -22
26 -35
27 -74
28 -141
29 -525
30 -141
31 -128
32 -35
33 -485
34 -147
35 -2249
36 -268
37 -23
38 -79
39 -35
40 -123
41 -472
42 -22
43 -35
44 -140
45 -344
46 -592
47 -64
48 -22
49 -408
50 -84
51 -35
52 -77
53 -43
54 -64
55 -355
56 -141
57 -58
58 -22
59 -1210
60 -24
61 -22
62 -72
63 -980
64 -35
65 -27
66 -89
67 -75
68 -223
69 -22
70 -60
71 -23
72 -35
73 -542
74 -258
75 -35
76 -22
77 -81
78 -610
79 -335
80 -235
81 -523
82 -22
83 -259
84 -35
85 -36
86 -80
87 -22
88 -22
89 -22
90 -273
91 -266
92 -35
93 -6050
94 -277
95 -84
96 -180
97 -22
98 -248
99 -745
100 -22
101 -87
102 -68
103 -35
104 -3600
105 -102
106 -158
107 -22
108 -372
109 -146
110 -9
111 -430
112 -88
113 -22
114 -22
115 -148
116 -22
117 -140
118 -252
119 -289
120 -174
121 -349
122 -35
123 -22
124 -58
125 -120
126 -1565
127 -34
128 -35
129 -156
130 -80
131 -86
132 -75
133 -618
134 -68
135 -57
136 -22
137 -905
138 -22
139 -35
140 -384
141 -855
142 -182
143 -395
144 -22
145 -17
146 -22
147 -293
148 -22
149 -380
150 -22
151 -629
152 -22
153 -106
154 -35
155 -567
156 -637
157 -415
158 -247
159 -22
160 -136
161 -168
162 -381
163 -4613
164 -176
165 -243
166 -332
167 -40
168 -305
169 -91
170 -174
171 -22
172 -112
173 -529
174 -183
175 -22
176 -213
177 -156
178 -22
179 -785
180 -463
181 -63
182 -58
183 -61
184 -707
185 -35
186 -3654
187 -241
188 -26
189 -35
190 -45
191 -150
192 -35
193 -115
194 -470
195 -56
196 -30
197 -35
198 -505
199 -86
200 -58
201 -114
202 -825
203 -973
204 -93
205 -222
206 -111
207 -287
208 -380
209 -36
210 -35
211 -636
212 -168
213 -103
214 -35
215 -244
216 -233
217 -398
218 -1775
219 -114
220 -22
221 -1439
222 -72
223 -88
224 -313
225 -206
226 -408
227 -76
228 -264
229 -35
230 -487
231 -35
232 -223
233 -45
234 -22
235 -434
236 -187
237 -898
238 -22
239 -35
240 -22
241 -895
242 -35
243 -35
244 -109
245 -193
246 -351
247 -35
248 -35
249 -54
250 -278
251 -252
252 -432
253 -384
254 -22
255 -28
256 -2353
257 -22
258 -658
259 -1028
260 -58
261 -173
262 -444
263 -35
264 -22
265 -116
266 -35
267 -35
268 -1053
269 -88
270 -193
271 -35
272 -104
273 -1293
274 -179
275 -53
276 -364
277 -184
278 -90
279 -20
280 -35
281 -35
282 -1000
283 -875
284 -150
285 -49
286 -22
287 -58
288 -443
289 -469
290 -35
291 -885
292 -35
293 -72
294 -273
295 -22
296 -653
297 -813
298 -22
299 -1409
300 -57
301 -626
302 -428
303 -54
304 -227
305 -35
306 -433
307 -1668
308 -22
309 -306
310 -358
311 -22
312 -2772
313 -828
314 -484
315 -379
316 -1260
317 -22
318 -28
319 -33
320 -39
321 -37
322 -166
323 -246
324 -226
325 -35
326 -266
327 -37
328 -268
329 -568
330 -257
331 -79
332 -22
333 -145
334 -70
335 -35
336 -244
337 -583
338 -371
339 -72
340 -168
341 -117
342 -963
343 -35
344 -147
345 -35
346 -67
347 -307
348 -22
349 -167
350 -26
351 -22
352 -2308
353 -35
354 -22
355 -35
356 -22
357 -83
358 -35
359 -22
360 -22
361 -35
362 -452
363 -279
364 -22
365 -22
366 -22
367 -30
368 -35
369 -158
370 -57
371 -1363
372 -80
373 -1745
374 -38
375 -1443
376 -35
377 -1493
378 -22
379 -85
380 -77
381 -737
382 -75
383 -437
384 -22
385 -143
386 -35
387 -269
388 -337
389 -210
390 -223
391 -2078
392 -35
393 -840
394 -222
395 -379
396 -395
397 -35
398 -106
399 -109
400 -105
401 -64
402 -68
403 -315
404 -398
405 -35
406 -35
407 -222
408 -163
409 -315
410 -328
411 -65
412 -85
413 -35
414 -185
415 -913
416 -229
417 -22
418 -131
419 -285
420 -35
421 -22
422 -22
423 -215
424 -126
425 -81
426 -22
427 -289
428 -23
429 -315
430 -515
431 -102
432 -302
433 -838
434 -22
435 -474
436 -37
437 -169
438 -794
439 -323
440 -85
441 -35
442 -112
443 -26
444 -22
445 -363
446 -35
447 -125
448 -446
449 -49
450 -396
451 -116
452 -113
453 -1043
454 -2400
455 -350
456 -22
457 -958
458 -273
459 -137
460 -269
461 -40
462 -22
463 -22
464 -1063
465 -69
466 -304
467 -3033
468 -56
469 -35
470 -1409
471 -407
472 -82
473 -35
474 -35
475 -338
476 -943
477 -33
478 -66
479 -35
480 -110
481 -85
482 -341
483 -223
484 -40
485 -236
486 -454
487 -85
488 -488
489 -35
490 -190
491 -35
492 -79
493 -1278
494 -1227
495 -132
496 -35
497 -51
498 -217
499 -202
500 -2274
501 -1733
502 -138
503 -208
504 -35
505 -22
506 -35
507 -168
508 -438
509 -22
510 -22
511 -33
512 -30
513 -301
514 -115
515 -71
516 -26
517 -33
518 -35
519 -3719
520 -166
521 -43
522 -413
523 -136
524 -288
525 -2685
526 -91
527 -22
528 -159
529 -22
530 -340
531 -875
532 -59
533 -35
534 -78
535 -22
536 -22
537 -290
538 -35
539 -22
540 -45
541 -35
542 -229
543 -30
544 -22
545 -22
546 -248
547 -615
548 -175
549 -401
550 -225
551 -42
552 -187
553 -97
554 -220
555 -533
556 -681
557 -410
558 -22
559 -215
560 -500
561 -60
562 -140
563 -35
564 -22
565 -18
566 -136
567 -117
568 -141
569 -63
570 -27
571 -78
572 -58
573 -35
574 -366
575 -382
576 -328
577 -35
578 -373
579 -273
580 -31
581 -272
582 -182
583 -3703
584 -22
585 -36
586 -35
587 -1813
588 -108
589 -1180
590 -2543
591 -35
592 -123
593 -222
594 -35
595 -22
596 -1070
597 -22
598 -22
599 -315
600 -36
601 -35
602 -22
603 -339
604 -42
605 -22
606 -1188
607 -35
608 -1663
609 -109
610 -27
611 -245
612 -1430
613 -203
614 -39
615 -35
616 -58
617 -35
618 -50
619 -261
620 -35
621 -348
622 -273
623 -439
624 -265
625 -70
626 -35
627 -599
628 -574
629 -35
630 -303
631 -83
632 -22
633 -4092
634 -18
635 -110
636 -703
637 -167
638 -265
639 -22
640 -43
641 -2296
642 -22
643 -35
644 -161
645 -35
646 -22
647 -792
648 -219
649 -1567
650 -214
651 -148
652 -35
653 -57
654 -22
655 -22
656 -22
657 -72
658 -35
659 -38
660 -22
661 -49
662 -52
663 -64
664 -22
665 -35
666 -195
667 -244
668 -129
669 -1535
670 -1523
671 -718
672 -407
673 -22
674 -35
675 -216
676 -538
677 -735
678 -427
679 -82
680 -95
681 -22
682 -244
683 -736
684 -151
685 -2570
686 -22
687 -185
688 -865
689 -172
690 -22
691 -176
692 -22
693 -119
694 -35
695 -1966
696 -22
697 -48
698 -35
699 -240
700 -241
701 -35
702 -1335
703 -498
704 -22
705 -22
706 -299
707 -35
708 -29
709 -19
710 -31
711 -168
712 -22
713 -24
714 -468
715 -45
716 -543
717 -22
718 -180
719 -42
720 -55
721 -154
722 -22
723 -190
724 -473
725 -56
726 -22
727 -35
728 -49
729 -94
730 -1450
731 -138
732 -338
733 -153
734 -615
735 -213
736 -35
737 -22
738 -210
739 -102
740 -205
741 -174
742 -23
743 -35
744 -253
745 -22
746 -850
747 -82
748 -112
749 -91
750 -300
751 -31
752 -23
753 -486
754 -291
755 -53
756 -35
757 -67
758 -22
759 -35
760 -470
761 -72
762 -135
763 -35
764 -22
765 -37
766 -140
767 -22
768 -109
769 -112
770 -109
771 -35
772 -149
773 -334
774 -195
775 -1970
776 -56
777 -913
778 -22
779 -45
780 -22
781 -107
782 -47
783 -22
784 -45
785 -22
786 -434
787 -2064
788 -2043
789 -815
790 -171
791 -451
792 -184
793 -228
794 -35
795 -212
796 -40
797 -418
798 -22
799 -535
800 -2385
801 -558
802 -547
803 -333
804 -31
805 -140
806 -61
807 -35
808 -35
809 -198
810 -317
811 -43
812 -22
813 -65
814 -167
815 -41
816 -552
817 -2076
818 -22
819 -228
820 -22
821 -35
822 -97
823 -35
824 -215
825 -158
826 -22
827 -35
828 -74
829 -258
830 -558
831 -35
832 -365
833 -542
834 -90
835 -22
836 -558
837 -800
838 -44
839 -2683
840 -273
841 -44
842 -35
843 -30
844 -1513
845 -118
846 -22
847 -119
848 -35
849 -74
850 -22
851 -23
852 -1125
853 -735
854 -172
855 -338
856 -143
857 -22
858 -207
859 -402
860 -35
861 -69
862 -226
863 -22
864 -4234
865 -37
866 -42
867 -26
868 -107
869 -1345
870 -669
871 -22
872 -58
873 -35
874 -51
875 -715
876 -1412
877 -1628
878 -35
879 -26
880 -48
881 -202
882 -133
883 -200
884 -35
885 -42
886 -22
887 -180
888 -22
889 -35
890 -1038
891 -3034
892 -22
893 -1591
894 -22
895 -373
896 -550
897 -137
898 -75
899 -76
900 -35
901 -35
902 -231
903 -498
904 -212
905 -154
906 -22
907 -59
908 -187
909 -35
910 -30
911 -22
912 -526
913 -51
914 -51
915 -788
916 -81
917 -22
918 -70
919 -1045
920 -463
921 -299
922 -22
923 -35
924 -228
925 -150
926 -169
927 -37
928 -1181
929 -35
930 -1145
931 -369
932 -644
933 -1767
934 -81
935 -163
936 -366
937 -38
938 -535
939 -120
940 -122
941 -1110
942 -414
943 -333
944 -475
945 -97
946 -93
947 -293
948 -1298
949 -22
950 -1383
951 -26
952 -22
953 -48
954 -376
955 -640
956 -22
957 -45
958 -197
959 -190
960 -293
961 -91
962 -22
963 -52
964 -237
965 -2023
966 -137
967 -35
968 -715
969 -478
970 -35
971 -35
972 -198
973 -1305
974 -1505
975 -54
976 -143
977 -306
978 -22
979 -40
980 -35
981 -172
982 -35
983 -244
984 -1167
985 -51
986 -22
987 -72
988 -50
989 -143
990 -35
991 -35
992 -873
993 -22
994 -98
995 -239
996 -223
997 -22
998 -59
999 -177
