0 -539
1 -48
2 -23
3 -118
4 -20
5 -89
6 -189
7 -39
8 -93
9 -33
10 -24
11 -38
12 -33
13 -331
14 -317
15 -411
16 -37
17 -203
18 -193
19 -37
20 -23
21 -89
22 -68
23 -223
24 -85
25 -23
26 -340
27 -459
28 -51
29 -675
30 -33
31 -148
32 -94
33 -35
34 -676
35 -36
36 -66
37 -304
38 -23
39 -23
40 -133
41 -834
42 -23
43 -2920
44 -23
45 -444
46 -33
47 -23
48 -329
49 -33
50 -295
51 -42
52 -23
53 -23
54 -74
55 -220
56 -236
57 -97
58 -147
59 -73
60 -181
61 -220
62 -102
63 -46
64 -180
65 -93
66 -33
67 -154
68 -28
69 -33
70 -62
71 -33
72 -137
73 -46
74 -69
75 -33
76 -271
77 -40
78 -462
79 -455
80 -128
81 -33
82 -2685
83 -274
84 -394
85 -293
86 -205
87 -365
88 -284
89 -422
90 -1447
91 -21
92 -23
93 -757
94 -23
95 -106
96 -369
97 -25
98 -59
99 -71
100 -23
101 -33
102 -68
103 -871
104 -68
105 -440
106 -66
107 -26
108 -771
109 -35
110 -90
111 -317
112 -218
113 -887
114 -61
115 -238
116 -59
117 -345
118 -67
119 -412
120 -307
121 -23
122 -23
123 -217
124 -27
125 -631
126 -23
127 -33
128 -1040
129 -281
130 -28
131 -45
132 -168
133 -173
134 -233
135 -120
136 -227
137 -68
138 -103
139 -54
140 -366
141 -69
142 -23
143 -175
144 -513
145 -559
146 -82
147 -160
148 -280
149 -33
150 -33
151 -408
152 -189
153 -217
154 -23
155 -72
156 -281
157 -274
158 -264
159 -322
160 -33
161 -150
162 -23
163 -33
164 -23
165 -85
166 -642
167 -401
168 -289
169 -729
170 -336
171 -451
172 -70
173 -94
174 -250
175 -179
176 -175
177 -128
178 -909
179 -99
180 -82
181 -23
182 -72
183 -23
184 -33
185 -65
186 -332
187 -150
188 -33
189 -311
190 -109
191 -33
192 -28
193 -94
194 -524
195 -472
196 -33
197 -48
198 -302
199 -193
200 -299
201 -23
202 -23
203 -159
204 -110
205 -533
206 -23
207 -33
208 -162
209 -23
210 -50
211 -33
212 -857
213 -234
214 -77
215 -59
216 -126
217 -126
218 -196
219 -455
220 -588
221 -23
222 -23
223 -23
224 -166
225 -74
226 -331
227 -33
228 -272
229 -61
230 -23
231 -33
232 -33
233 -399
234 -23
235 -147
236 -244
237 -113
238 -95
239 -87
240 -23
241 -141
242 -127
243 -76
244 -409
245 -23
246 -186
247 -342
248 -23
249 -210
250 -348
251 -449
252 -23
253 -504
254 -23
255 -23
256 -300
257 -489
258 -23
259 -100
260 -23
261 -23
262 -23
263 -160
264 -205
265 -204
266 -33
267 -23
268 -104
269 -236
270 -86
271 -33
272 -164
273 -421
274 -33
275 -23
276 -156
277 -889
278 -33
279 -140
280 -586
281 -247
282 -33
283 -210
284 -31
285 -136
286 -558
287 -2042
288 -33
289 -33
290 -206
291 -296
292 -143
293 -51
294 -23
295 -33
296 -23
297 -23
298 -1246
299 -633
300 -68
301 -33
302 -81
303 -74
304 -45
305 -166
306 -25
307 -33
308 -33
309 -163
310 -14
311 -23
312 -23
313 -61
314 -352
315 -32
316 -292
317 -46
318 -362
319 -36
320 -262
321 -23
322 -119
323 -379
324 -283
325 -418
326 -48
327 -900
328 -129
329 -572
330 -33
331 -335
332 -156
333 -144
334 -23
335 -189
336 -23
337 -156
338 -33
339 -23
340 -186
341 -322
342 -23
343 -177
344 -33
345 -670
346 -23
347 -33
348 -363
349 -58
350 -406
351 -405
352 -23
353 -204
354 -33
355 -186
356 -148
357 -262
358 -23
359 -33
360 -33
361 -96
362 -23
363 -558
364 -317
365 -31
366 -334
367 -88
368 -33
369 -33
370 -215
371 -162
372 -666
373 -95
374 -23
375 -246
376 -363
377 -111
378 -92
379 -33
380 -33
381 -187
382 -33
383 -58
384 -33
385 -209
386 -746
387 -33
388 -33
389 -82
390 -344
391 -281
392 -29
393 -143
394 -254
395 -413
396 -33
397 -109
398 -664
399 -49
400 -33
401 -55
402 -33
403 -618
404 -180
405 -260
406 -276
407 -74
408 -179
409 -18
410 -268
411 -211
412 -198
413 -65
414 -35
415 -315
416 -56
417 -524
418 -700
419 -1106
420 -85
421 -267
422 -33
423 -93
424 -332
425 -164
426 -482
427 -23
428 -23
429 -150
430 -42
431 -192
432 -269
433 -670
434 -70
435 -23
436 -387
437 -244
438 -240
439 -112
440 -1004
441 -110
442 -33
443 -223
444 -207
445 -33
446 -87
447 -27
448 -72
449 -33
450 -408
451 -33
452 -39
453 -592
454 -491
455 -122
456 -23
457 -1442
458 -174
459 -305
460 -268
461 -300
462 -23
463 -33
464 -33
465 -167
466 -196
467 -33
468 -852
469 -313
470 -165
471 -81
472 -23
473 -233
474 -192
475 -131
476 -54
477 -372
478 -33
479 -153
480 -72
481 -43
482 -33
483 -501
484 -33
485 -77
486 -23
487 -377
488 -23
489 -329
490 -33
491 -60
492 -33
493 -23
494 -391
495 -23
496 -33
497 -79
498 -173
499 -235
500 -252
501 -33
502 -28
503 -376
504 -23
505 -256
506 -79
507 -56
508 -86
509 -23
510 -50
511 -284
512 -42
513 -135
514 -378
515 -23
516 -221
517 -37
518 -33
519 -33
520 -468
521 -33
522 -33
523 -550
524 -33
525 -33
526 -181
527 -53
528 -172
529 -33
530 -164
531 -33
532 -43
533 -556
534 -33
535 -66
536 -250
537 -450
538 -121
539 -33
540 -23
541 -33
542 -180
543 -33
544 -233
545 -33
546 -33
547 -101
548 -784
549 -51
550 -153
551 -56
552 -194
553 -33
554 -151
555 -294
556 -110
557 -180
558 -23
559 -457
560 -150
561 -234
562 -206
563 -465
564 -374
565 -42
566 -52
567 -64
568 -97
569 -327
570 -347
571 -330
572 -54
573 -15
574 -167
575 -23
576 -23
577 -161
578 -253
579 -105
580 -213
581 -159
582 -92
583 -23
584 -122
585 -67
586 -286
587 -103
588 -281
589 -120
590 -23
591 -23
592 -33
593 -23
594 -321
595 -163
596 -264
597 -33
598 -328
599 -36
600 -29
601 -48
602 -521
603 -226
604 -23
605 -157
606 -452
607 -159
608 -1610
609 -33
610 -84
611 -360
612 -184
613 -345
614 -54
615 -547
616 -512
617 -33
618 -23
619 -33
620 -33
621 -23
622 -204
623 -33
624 -174
625 -208
626 -31
627 -139
628 -102
629 -634
630 -29
631 -94
632 -23
633 -33
634 -32
635 -145
636 -38
637 -33
638 -1855
639 -352
640 -231
641 -26
642 -33
643 -327
644 -283
645 -124
646 -44
647 -218
648 -190
649 -231
650 -216
651 -604
652 -33
653 -23
654 -950
655 -188
656 -311
657 -33
658 -33
659 -428
660 -268
661 -148
662 -209
663 -33
664 -96
665 -280
666 -38
667 -611
668 -49
669 -23
670 -33
671 -232
672 -395
673 -109
674 -23
675 -133
676 -79
677 -23
678 -327
679 -228
680 -23
681 -169
682 -33
683 -33
684 -33
685 -505
686 -194
687 -545
688 -308
689 -256
690 -137
691 -110
692 -161
693 -128
694 -149
695 -524
696 -248
697 -23
698 -186
699 -34
700 -23
701 -173
702 -123
703 -23
704 -52
705 -33
706 -163
707 -26
708 -235
709 -23
710 -970
711 -60
712 -186
713 -23
714 -259
715 -267
716 -23
717 -33
718 -23
719 -23
720 -258
721 -33
722 -28
723 -23
724 -457
725 -23
726 -72
727 -252
728 -296
729 -70
730 -23
731 -99
732 -35
733 -264
734 -184
735 -42
736 -197
737 -559
738 -317
739 -423
740 -51
741 -38
742 -33
743 -23
744 -33
745 -246
746 -393
747 -448
748 -716
749 -238
750 -33
751 -255
752 -23
753 -136
754 -333
755 -33
756 -328
757 -243
758 -189
759 -900
760 -23
761 -33
762 -232
763 -523
764 -30
765 -389
766 -96
767 -21
768 -147
769 -213
770 -23
771 -98
772 -33
773 -23
774 -293
775 -378
776 -350
777 -733
778 -80
779 -897
780 -374
781 -47
782 -211
783 -265
784 -100
785 -146
786 -154
787 -225
788 -72
789 -77
790 -389
791 -75
792 -371
793 -27
794 -196
795 -33
796 -33
797 -33
798 -68
799 -300
800 -296
801 -186
802 -26
803 -433
804 -265
805 -33
806 -180
807 -723
808 -327
809 -92
810 -23
811 -23
812 -174
813 -285
814 -33
815 -44
816 -62
817 -363
818 -23
819 -176
820 -33
821 -135
822 -23
823 -55
824 -87
825 -23
826 -87
827 -28
828 -57
829 -23
830 -219
831 -116
832 -23
833 -23
834 -33
835 -54
836 -260
837 -178
838 -351
839 -85
840 -23
841 -216
842 -33
843 -88
844 -187
845 -260
846 -440
847 -259
848 -33
849 -138
850 -23
851 -23
852 -46
853 -33
854 -38
855 -33
856 -260
857 -109
858 -77
859 -50
860 -34
861 -222
862 -23
863 -514
864 -280
865 -54
866 -108
867 -174
868 -23
869 -38
870 -127
871 -229
872 -123
873 -23
874 -133
875 -117
876 -23
877 -239
878 -33
879 -783
880 -86
881 -23
882 -33
883 -19
884 -901
885 -355
886 -419
887 -239
888 -143
889 -166
890 -33
891 -62
892 -33
893 -23
894 -536
895 -198
896 -111
897 -179
898 -493
899 -67
900 -23
901 -33
902 -31
903 -480
904 -31
905 -114
906 -733
907 -153
908 -23
909 -365
910 -33
911 -85
912 -23
913 -33
914 -77
915 -222
916 -53
917 -227
918 -150
919 -29
920 -282
921 -23
922 -33
923 -33
924 -60
925 -136
926 -84
927 -33
928 -33
929 -23
930 -20
931 -349
932 -178
933 -164
934 -150
935 -245
936 -213
937 -23
938 -233
939 -76
940 -173
941 -33
942 -36
943 -33
944 -23
945 -122
946 -637
947 -46
948 -23
949 -323
950 -654
951 -51
952 -38
953 -23
954 -75
955 -58
956 -132
957 -30
958 -200
959 -33
960 -33
961 -1084
962 -52
963 -33
964 -355
965 -105
966 -110
967 -178
968 -33
969 -311
970 -335
971 -453
972 -88
973 -33
974 -428
975 -33
976 -191
977 -157
978 -23
979 -33
980 -318
981 -287
982 -23
983 -33
984 -169
985 -115
986 -82
987 -507
988 -33
989 -74
990 -133
991 -63
992 -312
993 -655
994 -187
995 -545
996 -31
997 -484
998 -23
999 -130
