0 -284
1 -83
2 -243
3 -35
4 -193
5 -23
6 -251
7 -33
8 -35
9 -35
10 -84
11 -65
12 -33
13 -59
14 -33
15 -35
16 -33
17 -35
18 -229
19 -108
20 -33
21 -495
22 -125
23 -108
24 -245
25 -114
26 -134
27 -33
28 -23
29 -35
30 -35
31 -33
32 -33
33 -90
34 -33
35 -174
36 -23
37 -120
38 -123
39 -334
40 -79
41 -23
42 -23
43 -160
44 -46
45 -35
46 -321
47 -236
48 -587
49 -51
50 -41
51 -180
52 -23
53 -45
54 -35
55 -204
56 -33
57 -50
58 -33
59 -275
60 -23
61 -35
62 -108
63 -23
64 -23
65 -33
66 -34
67 -108
68 -343
69 -121
70 -165
71 -35
72 -124
73 -35
74 -93
75 -35
76 -99
77 -35
78 -97
79 -365
80 -322
81 -126
82 -353
83 -23
84 -274
85 -67
86 -100
87 -900
88 -23
89 -67
90 -23
91 -156
92 -33
93 -35
94 -285
95 -245
96 -65
97 -35
98 -23
99 -35
100 -206
101 -370
102 -64
103 -88
104 -205
105 -35
106 -45
107 -18
108 -336
109 -23
110 -35
111 -33
112 -36
113 -23
114 -60
115 -125
116 -78
117 -23
118 -120
119 -33
120 -33
121 -167
122 -236
123 -138
124 -175
125 -35
126 -33
127 -79
128 -601
129 -158
130 -33
131 -326
132 -23
133 -140
134 -26
135 -23
136 -80
137 -35
138 -23
139 -23
140 -197
141 -23
142 -23
143 -421
144 -359
145 -229
146 -485
147 -33
148 -35
149 -45
150 -92
151 -207
152 -93
153 -23
154 -23
155 -35
156 -177
157 -61
158 -22
159 -33
160 -33
161 -33
162 -130
163 -28
164 -35
165 -59
166 -35
167 -35
168 -181
169 -10
170 -69
171 -136
172 -35
173 -54
174 -35
175 -359
176 -23
177 -33
178 -164
179 -35
180 -33
181 -33
182 -23
183 -23
184 -235
185 -23
186 -52
187 -33
188 -583
189 -142
190 -33
191 -35
192 -38
193 -162
194 -101
195 -294
196 -23
197 -52
198 -35
199 -23
200 -478
201 -162
202 -35
203 -76
204 -33
205 -63
206 -33
207 -1493
208 -33
209 -94
210 -126
211 -187
212 -204
213 -336
214 -46
215 -350
216 -919
217 -189
218 -35
219 -33
220 -23
221 -158
222 -33
223 -270
224 -33
225 -35
226 -43
227 -35
228 -33
229 -296
230 -428
231 -63
232 -35
233 -23
234 -33
235 -332
236 -35
237 -35
238 -35
239 -473
240 -35
241 -33
242 -35
243 -23
244 -104
245 -96
246 -478
247 -80
248 -23
249 -633
250 -35
251 -23
252 -247
253 -47
254 -35
255 -35
256 -33
257 -23
258 -146
259 -74
260 -70
261 -94
262 -33
263 -23
264 -53
265 -49
266 -232
267 -1790
268 -23
269 -1339
270 -35
271 -115
272 -125
273 -47
274 -33
275 -35
276 -35
277 -162
278 -112
279 -272
280 -77
281 -33
282 -35
283 -123
284 -137
285 -35
286 -239
287 -1639
288 -35
289 -440
290 -294
291 -131
292 -275
293 -510
294 -39
295 -107
296 -23
297 -501
298 -180
299 -36
300 -188
301 -311
302 -44
303 -23
304 -30
305 -23
306 -140
307 -236
308 -35
309 -40
310 -124
311 -35
312 -33
313 -33
314 -66
315 -178
316 -23
317 -23
318 -237
319 -45
320 -275
321 -39
322 -33
323 -75
324 -33
325 -184
326 -35
327 -184
328 -35
329 -23
330 -176
331 -33
332 -33
333 -235
334 -33
335 -23
336 -169
337 -59
338 -23
339 -79
340 -30
341 -302
342 -145
343 -33
344 -136
345 -963
346 -80
347 -96
348 -87
349 -121
350 -273
351 -23
352 -142
353 -42
354 -23
355 -33
356 -105
357 -33
358 -23
359 -48
360 -317
361 -33
362 -35
363 -23
364 -67
365 -547
366 -161
367 -59
368 -289
369 -53
370 -410
371 -33
372 -51
373 -131
374 -192
375 -358
376 -23
377 -35
378 -365
379 -33
380 -302
381 -87
382 -105
383 -129
384 -270
385 -40
386 -23
387 -547
388 -33
389 -33
390 -73
391 -525
392 -33
393 -23
394 -107
395 -35
396 -35
397 -414
398 -673
399 -63
400 -23
401 -35
402 -35
403 -235
404 -14
405 -111
406 -33
407 -33
408 -23
409 -33
410 -72
411 -35
412 -556
413 -280
414 -579
415 -370
416 -35
417 -23
418 -23
419 -797
420 -28
421 -449
422 -257
423 -23
424 -35
425 -86
426 -110
427 -249
428 -33
429 -35
430 -413
431 -23
432 -33
433 -50
434 -268
435 -23
436 -35
437 -240
438 -481
439 -33
440 -53
441 -33
442 -177
443 -35
444 -380
445 -282
446 -119
447 -35
448 -56
449 -86
450 -92
451 -374
452 -119
453 -322
454 -33
455 -475
456 -23
457 -35
458 -19
459 -176
460 -23
461 -23
462 -35
463 -150
464 -32
465 -108
466 -33
467 -122
468 -35
469 -543
470 -87
471 -11
472 -175
473 -23
474 -102
475 -174
476 -346
477 -33
478 -35
479 -147
480 -33
481 -42
482 -34
483 -98
484 -23
485 -23
486 -58
487 -35
488 -35
489 -213
490 -23
491 -330
492 -88
493 -35
494 -41
495 -232
496 -33
497 -378
498 -33
499 -104
500 -35
501 -33
502 -23
503 -35
504 -34
505 -35
506 -23
507 -52
508 -35
509 -33
510 -406
511 -390
512 -23
513 -666
514 -35
515 -90
516 -327
517 -568
518 -91
519 -23
520 -435
521 -122
522 -23
523 -392
524 -58
525 -78
526 -22
527 -23
528 -35
529 -113
530 -161
531 -388
532 -49
533 -179
534 -33
535 -46
536 -35
537 -23
538 -35
539 -23
540 -261
541 -23
542 -33
543 -164
544 -54
545 -24
546 -33
547 -206
548 -35
549 -39
550 -981
551 -318
552 -347
553 -23
554 -35
555 -45
556 -33
557 -35
558 -33
559 -33
560 -23
561 -35
562 -218
563 -268
564 -98
565 -35
566 -313
567 -35
568 -23
569 -35
570 -35
571 -35
572 -343
573 -35
574 -23
575 -23
576 -195
577 -35
578 -35
579 -927
580 -67
581 -348
582 -23
583 -3327
584 -35
585 -67
586 -35
587 -304
588 -23
589 -234
590 -361
591 -33
592 -275
593 -35
594 -35
595 -23
596 -283
597 -71
598 -33
599 -23
600 -163
601 -387
602 -143
603 -244
604 -202
605 -177
606 -23
607 -42
608 -33
609 -106
610 -32
611 -35
612 -88
613 -130
614 -141
615 -83
616 -51
617 -371
618 -657
619 -463
620 -160
621 -161
622 -297
623 -464
624 -159
625 -41
626 -23
627 -35
628 -33
629 -36
630 -84
631 -35
632 -138
633 -33
634 -1644
635 -108
636 -73
637 -36
638 -138
639 -35
640 -185
641 -107
642 -192
643 -209
644 -23
645 -23
646 -35
647 -40
648 -23
649 -23
650 -105
651 -312
652 -63
653 -87
654 -415
655 -28
656 -35
657 -335
658 -179
659 -23
660 -33
661 -122
662 -114
663 -135
664 -23
665 -296
666 -23
667 -23
668 -35
669 -35
670 -35
671 -23
672 -64
673 -33
674 -625
675 -35
676 -35
677 -23
678 -44
679 -35
680 -95
681 -303
682 -287
683 -94
684 -33
685 -85
686 -35
687 -33
688 -345
689 -244
690 -43
691 -78
692 -36
693 -33
694 -2268
695 -33
696 -94
697 -23
698 -595
699 -23
700 -23
701 -23
702 -39
703 -35
704 -130
705 -23
706 -305
707 -33
708 -349
709 -23
710 -23
711 -140
712 -270
713 -730
714 -33
715 -35
716 -658
717 -23
718 -281
719 -33
720 -4717
721 -184
722 -292
723 -185
724 -146
725 -577
726 -162
727 -133
728 -62
729 -23
730 -310
731 -44
732 -34
733 -23
734 -232
735 -667
736 -571
737 -23
738 -298
739 -23
740 -460
741 -23
742 -35
743 -161
744 -470
745 -16
746 -125
747 -764
748 -175
749 -180
750 -37
751 -35
752 -35
753 -33
754 -23
755 -513
756 -86
757 -126
758 -465
759 -82
760 -105
761 -18
762 -77
763 -66
764 -326
765 -621
766 -319
767 -348
768 -59
769 -110
770 -33
771 -188
772 -33
773 -23
774 -141
775 -309
776 -23
777 -198
778 -35
779 -35
780 -55
781 -4736
782 -73
783 -69
784 -161
785 -37
786 -33
787 -536
788 -35
789 -143
790 -316
791 -172
792 -33
793 -135
794 -33
795 -35
796 -33
797 -35
798 -33
799 -426
800 -23
801 -61
802 -23
803 -39
804 -111
805 -417
806 -23
807 -74
808 -57
809 -53
810 -71
811 -35
812 -35
813 -53
814 -233
815 -137
816 -35
817 -33
818 -31
819 -35
820 -198
821 -91
822 -33
823 -233
824 -35
825 -35
826 -35
827 -33
828 -35
829 -23
830 -33
831 -88
832 -78
833 -124
834 -35
835 -55
836 -55
837 -310
838 -23
839 -35
840 -33
841 -23
842 -35
843 -35
844 -60
845 -321
846 -33
847 -33
848 -186
849 -23
850 -35
851 -228
852 -33
853 -22
854 -304
855 -33
856 -86
857 -35
858 -40
859 -58
860 -155
861 -75
862 -33
863 -23
864 -189
865 -155
866 -43
867 -33
868 -58
869 -312
870 -81
871 -441
872 -81
873 -23
874 -67
875 -53
876 -630
877 -416
878 -35
879 -74
880 -23
881 -326
882 -487
883 -23
884 -107
885 -33
886 -23
887 -33
888 -29
889 -33
890 -33
891 -33
892 -33
893 -414
894 -44
895 -77
896 -23
897 -33
898 -57
899 -23
900 -33
901 -35
902 -194
903 -254
904 -33
905 -33
906 -196
907 -36
908 -35
909 -103
910 -35
911 -35
912 -263
913 -200
914 -33
915 -35
916 -33
917 -573
918 -33
919 -33
920 -13
921 -23
922 -35
923 -35
924 -44
925 -35
926 -75
927 -139
928 -23
929 -27
930 -33
931 -126
932 -815
933 -23
934 -78
935 -35
936 -147
937 -23
938 -33
939 -100
940 -72
941 -320
942 -300
943 -33
944 -33
945 -705
946 -66
947 -118
948 -49
949 -33
950 -62
951 -477
952 -417
953 -244
954 -33
955 -35
956 -156
957 -640
958 -247
959 -33
960 -157
961 -40
962 -23
963 -572
964 -344
965 -33
966 -23
967 -35
968 -39
969 -23
970 -35
971 -321
972 -519
973 -183
974 -101
975 -23
976 -176
977 -35
978 -35
979 -132
980 -252
981 -62
982 -32
983 -102
984 -33
985 -234
986 -23
987 -33
988 -477
989 -33
990 -33
991 -35
992 -160
993 -33
994 -35
995 -230
996 -200
997 -33
998 -579
999 -33
