0 -261
1 -22
2 -1678
3 -128
4 -325
5 -69
6 -3905
7 -119
8 -22
9 -35
10 -161
11 -111
12 -44
13 -88
14 -35
15 -428
16 -321
17 -366
18 -386
19 -955
20 -22
21 -48
22 -22
23 -220
24 -51
25 -138
26 -3268
27 -71
28 -109
29 -35
30 -104
31 -41
32 -197
33 -139
34 -132
35 -1198
36 -96
37 -82
38 -291
39 -43
40 -103
41 -210
42 -22
43 -400
44 -22
45 -22
46 -42
47 -27
48 -1250
49 -37
50 -22
51 -321
52 -2054
53 -329
54 -210
55 -416
56 -1138
57 -102
58 -49
59 -89
60 -613
61 -91
62 -151
63 -236
64 -98
65 -724
66 -205
67 -236
68 -137
69 -203
70 -35
71 -41
72 -178
73 -2000
74 -211
75 -22
76 -1218
77 -500
78 -22
79 -22
80 -1648
81 -75
82 -72
83 -180
84 -148
85 -35
86 -195
87 -22
88 -146
89 -101
90 -35
91 -192
92 -1455
93 -198
94 -2336
95 -218
96 -848
97 -82
98 -22
99 -132
100 -159
101 -391
102 -76
103 -35
104 -22
105 -35
106 -43
107 -145
108 -35
109 -509
110 -225
111 -127
112 -61
113 -35
114 -168
115 -22
116 -35
117 -599
118 -22
119 -22
120 -35
121 -519
122 -107
123 -143
124 -175
125 -111
126 -35
127 -35
128 -79
129 -236
130 -215
131 -24
132 -990
133 -1183
134 -2055
135 -190
136 -50
137 -669
138 -166
139 -183
140 -286
141 -35
142 -17
143 -98
144 -96
145 -33
146 -148
147 -63
148 -329
149 -65
150 -22
151 -22
152 -406
153 -143
154 -78
155 -95
156 -40
157 -42
158 -22
159 -35
160 -63
161 -1423
162 -76
163 -22
164 -22
165 -22
166 -37
167 -503
168 -243
169 -298
170 -66
171 -91
172 -91
173 -326
174 -22
175 -35
176 -35
177 -1300
178 -35
179 -254
180 -164
181 -3781
182 -732
183 -98
184 -213
185 -84
186 -28
187 -612
188 -237
189 -738
190 -801
191 -22
192 -265
193 -536
194 -22
195 -35
196 -35
197 -319
198 -371
199 -22
200 -137
201 -226
202 -243
203 -35
204 -35
205 -233
206 -572
207 -53
208 -22
209 -35
210 -2783
211 -110
212 -22
213 -22
214 -35
215 -237
216 -870
217 -22
218 -19
219 -32
220 -235
221 -209
222 -35
223 -225
224 -75
225 -35
226 -157
227 -22
228 -35
229 -414
230 -27
231 -82
232 -141
233 -953
234 -128
235 -79
236 -482
237 -243
238 -35
239 -35
240 -55
241 -294
242 -35
243 -153
244 -390
245 -363
246 -35
247 -72
248 -35
249 -24
250 -1295
251 -35
252 -865
253 -458
254 -22
255 -22
256 -177
257 -365
258 -171
259 -175
260 -22
261 -1148
262 -35
263 -204
264 -1013
265 -130
266 -57
267 -15
268 -72
269 -22
270 -223
271 -275
272 -35
273 -313
274 -141
275 -168
276 -605
277 -226
278 -45
279 -22
280 -975
281 -106
282 -584
283 -22
284 -172
285 -304
286 -1675
287 -54
288 -35
289 -348
290 -22
291 -22
292 -253
293 -505
294 -1350
295 -35
296 -115
297 -125
298 -1128
299 -63
300 -55
301 -112
302 -106
303 -79
304 -22
305 -35
306 -35
307 -364
308 -1962
309 -114
310 -22
311 -44
312 -940
313 -22
314 -32
315 -22
316 -22
317 -22
318 -227
319 -283
320 -425
321 -228
322 -22
323 -32
324 -540
325 -321
326 -35
327 -22
328 -475
329 -22
330 -22
331 -216
332 -1314
333 -643
334 -142
335 -127
336 -398
337 -22
338 -251
339 -45
340 -206
341 -447
342 -177
343 -35
344 -377
345 -158
346 -29
347 -324
348 -35
349 -171
350 -22
351 -22
352 -590
353 -22
354 -57
355 -35
356 -47
357 -1170
358 -19
359 -474
360 -2868
361 -22
362 -58
363 -358
364 -40
365 -397
366 -279
367 -35
368 -1723
369 -126
370 -724
371 -35
372 -18
373 -251
374 -567
375 -406
376 -1337
377 -31
378 -1488
379 -213
380 -142
381 -22
382 -78
383 -3940
384 -410
385 -398
386 -54
387 -19
388 -2935
389 -78
390 -53
391 -177
392 -20
393 -22
394 -70
395 -29
396 -22
397 -22
398 -232
399 -35
400 -334
401 -67
402 -2548
403 -1663
404 -199
405 -66
406 -140
407 -470
408 -45
409 -22
410 -22
411 -386
412 -22
413 -282
414 -110
415 -48
416 -656
417 -35
418 -720
419 -35
420 -35
421 -634
422 -42
423 -22
424 -35
425 -961
426 -132
427 -251
428 -22
429 -328
430 -1183
431 -44
432 -88
433 -826
434 -22
435 -35
436 -559
437 -35
438 -42
439 -199
440 -26
441 -92
442 -22
443 -22
444 -36
445 -22
446 -217
447 -648
448 -323
449 -35
450 -841
451 -675
452 -81
453 -66
454 -148
455 -22
456 -22
457 -131
458 -580
459 -189
460 -35
461 -1983
462 -35
463 -1868
464 -35
465 -25
466 -128
467 -22
468 -84
469 -1390
470 -17
471 -22
472 -313
473 -46
474 -22
475 -35
476 -39
477 -71
478 -115
479 -819
480 -35
481 -185
482 -721
483 -239
484 -34
485 -1446
486 -3295
487 -226
488 -1508
489 -781
490 -77
491 -58
492 -120
493 -182
494 -282
495 -35
496 -30
497 -58
498 -570
499 -327
500 -37
501 -285
502 -35
503 -22
504 -110
505 -47
506 -1538
507 -35
508 -114
509 -398
510 -257
511 -125
512 -894
513 -104
514 -96
515 -26
516 -22
517 -1556
518 -999
519 -429
520 -121
521 -41
522 -189
523 -35
524 -268
525 -35
526 -237
527 -40
528 -22
529 -39
530 -39
531 -26
532 -37
533 -35
534 -63
535 -35
536 -35
537 -2208
538 -4973
539 -70
540 -308
541 -278
542 -328
543 -230
544 -22
545 -1918
546 -1214
547 -2500
548 -22
549 -326
550 -508
551 -35
552 -15
553 -159
554 -208
555 -3185
556 -82
557 -22
558 -63
559 -35
560 -231
561 -101
562 -35
563 -78
564 -828
565 -26
566 -99
567 -74
568 -37
569 -533
570 -59
571 -638
572 -90
573 -1091
574 -451
575 -118
576 -351
577 -35
578 -22
579 -333
580 -67
581 -515
582 -64
583 -24
584 -272
585 -2088
586 -35
587 -35
588 -22
589 -22
590 -4322
591 -592
592 -22
593 -62
594 -15
595 -53
596 -126
597 -286
598 -22
599 -22
600 -22
601 -106
602 -22
603 -367
604 -514
605 -1256
606 -202
607 -210
608 -1668
609 -228
610 -91
611 -52
612 -3918
613 -175
614 -371
615 -35
616 -63
617 -600
618 -171
619 -189
620 -42
621 -194
622 -211
623 -105
624 -22
625 -88
626 -282
627 -244
628 -22
629 -22
630 -22
631 -629
632 -22
633 -22
634 -35
635 -371
636 -209
637 -233
638 -227
639 -258
640 -22
641 -214
642 -401
643 -228
644 -22
645 -37
646 -22
647 -35
648 -22
649 -35
650 -166
651 -35
652 -250
653 -83
654 -45
655 -47
656 -2496
657 -597
658 -545
659 -35
660 -26
661 -1002
662 -198
663 -100
664 -22
665 -485
666 -274
667 -22
668 -320
669 -105
670 -35
671 -109
672 -153
673 -216
674 -22
675 -375
676 -39
677 -29
678 -35
679 -61
680 -613
681 -35
682 -36
683 -30
684 -3523
685 -22
686 -363
687 -103
688 -276
689 -22
690 -22
691 -562
692 -347
693 -73
694 -94
695 -249
696 -145
697 -35
698 -22
699 -167
700 -48
701 -2932
702 -129
703 -109
704 -187
705 -216
706 -24
707 -22
708 -22
709 -260
710 -496
711 -825
712 -2005
713 -32
714 -176
715 -1440
716 -240
717 -52
718 -22
719 -150
720 -22
721 -63
722 -35
723 -107
724 -138
725 -92
726 -172
727 -49
728 -22
729 -34
730 -29
731 -35
732 -786
733 -79
734 -65
735 -54
736 -22
737 -62
738 -1113
739 -2605
740 -22
741 -267
742 -364
743 -68
744 -139
745 -22
746 -142
747 -2036
748 -166
749 -29
750 -2938
751 -154
752 -264
753 -895
754 -83
755 -22
756 -132
757 -68
758 -181
759 -22
760 -3175
761 -35
762 -22
763 -110
764 -22
765 -893
766 -22
767 -22
768 -71
769 -337
770 -27
771 -124
772 -171
773 -84
774 -35
775 -244
776 -35
777 -35
778 -255
779 -35
780 -61
781 -74
782 -35
783 -95
784 -580
785 -39
786 -121
787 -101
788 -337
789 -214
790 -291
791 -49
792 -35
793 -22
794 -108
795 -36
796 -151
797 -675
798 -545
799 -222
800 -1092
801 -217
802 -223
803 -23
804 -673
805 -22
806 -501
807 -102
808 -23
809 -35
810 -188
811 -98
812 -513
813 -117
814 -35
815 -22
816 -22
817 -55
818 -22
819 -35
820 -22
821 -850
822 -35
823 -459
824 -22
825 -35
826 -22
827 -585
828 -22
829 -4860
830 -576
831 -35
832 -22
833 -130
834 -485
835 -35
836 -205
837 -22
838 -35
839 -223
840 -22
841 -78
842 -1753
843 -183
844 -35
845 -166
846 -216
847 -49
848 -475
849 -35
850 -258
851 -1246
852 -283
853 -378
854 -83
855 -35
856 -1148
857 -298
858 -158
859 -763
860 -20
861 -448
862 -35
863 -173
864 -135
865 -579
866 -35
867 -22
868 -260
869 -22
870 -11
871 -59
872 -35
873 -2148
874 -193
875 -106
876 -22
877 -118
878 -232
879 -611
880 -590
881 -35
882 -355
883 -35
884 -173
885 -221
886 -113
887 -56
888 -141
889 -437
890 -417
891 -35
892 -35
893 -1291
894 -216
895 -138
896 -148
897 -26
898 -422
899 -85
900 -213
901 -229
902 -587
903 -2621
904 -2995
905 -35
906 -455
907 -322
908 -151
909 -371
910 -34
911 -22
912 -276
913 -180
914 -22
915 -888
916 -1205
917 -39
918 -107
919 -31
920 -22
921 -77
922 -52
923 -35
924 -35
925 -35
926 -60
927 -667
928 -427
929 -363
930 -22
931 -613
932 -158
933 -69
934 -178
935 -264
936 -268
937 -1613
938 -412
939 -323
940 -116
941 -22
942 -22
943 -1174
944 -292
945 -69
946 -3070
947 -86
948 -204
949 -27
950 -22
951 -35
952 -263
953 -159
954 -453
955 -46
956 -22
957 -35
958 -88
959 -368
960 -22
961 -396
962 -385
963 -22
964 -937
965 -22
966 -22
967 -35
968 -22
969 -1760
970 -291
971 -37
972 -1418
973 -618
974 -25
975 -19
976 -212
977 -1490
978 -557
979 -9
980 -419
981 -16
982 -195
983 -253
984 -4765
985 -1003
986 -684
987 -1803
988 -463
989 -531
990 -320
991 -547
992 -123
993 -22
994 -128
995 -189
996 -353
997 -22
998 -410
999 -132
