0 -119
1 -456
2 -4498
3 -53
4 -153
5 -24
6 -414
7 -23
8 -245
9 -701
10 -41
11 -33
12 -33
13 -142
14 -251
15 -65
16 -230
17 -116
18 -41
19 -113
20 -201
21 -192
22 -714
23 -23
24 -73
25 -35
26 -227
27 -381
28 -23
29 -33
30 -33
31 -240
32 -470
33 -103
34 -35
35 -343
36 -35
37 -48
38 -572
39 -35
40 -33
41 -684
42 -174
43 -29
44 -35
45 -314
46 -35
47 -61
48 -275
49 -33
50 -33
51 -75
52 -37
53 -35
54 -52
55 -294
56 -65
57 -180
58 -176
59 -23
60 -662
61 -142
62 -179
63 -217
64 -481
65 -23
66 -23
67 -82
68 -33
69 -263
70 -25
71 -584
72 -23
73 -35
74 -91
75 -88
76 -515
77 -150
78 -224
79 -35
80 -583
81 -35
82 -47
83 -91
84 -23
85 -104
86 -48
87 -56
88 -210
89 -172
90 -268
91 -23
92 -33
93 -33
94 -251
95 -177
96 -23
97 -23
98 -231
99 -33
100 -33
101 -33
102 -74
103 -35
104 -170
105 -61
106 -518
107 -43
108 -35
109 -686
110 -8
111 -44
112 -23
113 -23
114 -35
115 -629
116 -35
117 -490
118 -41
119 -129
120 -23
121 -177
122 -163
123 -72
124 -23
125 -35
126 -33
127 -23
128 -47
129 -527
130 -23
131 -33
132 -35
133 -33
134 -459
135 -264
136 -35
137 -345
138 -193
139 -32
140 -35
141 -23
142 -327
143 -23
144 -1027
145 -35
146 -23
147 -56
148 -35
149 -28
150 -120
151 -35
152 -166
153 -99
154 -59
155 -23
156 -45
157 -33
158 -250
159 -33
160 -125
161 -303
162 -35
163 -33
164 -35
165 -113
166 -39
167 -108
168 -35
169 -23
170 -865
171 -35
172 -35
173 -577
174 -35
175 -33
176 -233
177 -124
178 -33
179 -95
180 -168
181 -35
182 -230
183 -501
184 -30
185 -236
186 -117
187 -42
188 -35
189 -23
190 -405
191 -41
192 -50
193 -33
194 -33
195 -23
196 -332
197 -165
198 -23
199 -257
200 -265
201 -35
202 -423
203 -4715
204 -345
205 -296
206 -123
207 -33
208 -264
209 -196
210 -33
211 -47
212 -321
213 -103
214 -33
215 -83
216 -87
217 -94
218 -463
219 -56
220 -35
221 -35
222 -346
223 -35
224 -23
225 -78
226 -74
227 -157
228 -35
229 -134
230 -29
231 -37
232 -394
233 -167
234 -33
235 -229
236 -95
237 -291
238 -504
239 -33
240 -35
241 -112
242 -33
243 -793
244 -616
245 -295
246 -295
247 -23
248 -204
249 -35
250 -35
251 -28
252 -23
253 -35
254 -33
255 -124
256 -35
257 -35
258 -33
259 -35
260 -33
261 -35
262 -33
263 -33
264 -239
265 -41
266 -220
267 -287
268 -33
269 -68
270 -33
271 -29
272 -33
273 -33
274 -382
275 -35
276 -13
277 -184
278 -33
279 -49
280 -35
281 -163
282 -284
283 -35
284 -112
285 -368
286 -512
287 -33
288 -552
289 -36
290 -72
291 -140
292 -1610
293 -154
294 -228
295 -441
296 -60
297 -348
298 -119
299 -23
300 -33
301 -35
302 -321
303 -184
304 -211
305 -63
306 -217
307 -35
308 -35
309 -268
310 -23
311 -565
312 -52
313 -133
314 -23
315 -35
316 -137
317 -189
318 -64
319 -83
320 -128
321 -79
322 -82
323 -67
324 -30
325 -35
326 -431
327 -25
328 -162
329 -87
330 -35
331 -153
332 -107
333 -23
334 -35
335 -56
336 -162
337 -23
338 -382
339 -56
340 -23
341 -23
342 -82
343 -51
344 -28
345 -162
346 -33
347 -27
348 -92
349 -243
350 -299
351 -136
352 -108
353 -23
354 -739
355 -592
356 -23
357 -35
358 -259
359 -35
360 -187
361 -33
362 -37
363 -23
364 -523
365 -615
366 -35
367 -35
368 -35
369 -23
370 -253
371 -266
372 -33
373 -121
374 -187
375 -35
376 -124
377 -23
378 -109
379 -900
380 -231
381 -23
382 -69
383 -139
384 -23
385 -90
386 -35
387 -35
388 -23
389 -29
390 -251
391 -23
392 -70
393 -244
394 -35
395 -385
396 -23
397 -33
398 -70
399 -33
400 -35
401 -392
402 -79
403 -33
404 -23
405 -148
406 -308
407 -73
408 -35
409 -23
410 -95
411 -504
412 -33
413 -33
414 -35
415 -35
416 -206
417 -136
418 -158
419 -216
420 -35
421 -248
422 -73
423 -142
424 -33
425 -412
426 -23
427 -27
428 -33
429 -33
430 -209
431 -33
432 -23
433 -328
434 -23
435 -33
436 -106
437 -169
438 -480
439 -35
440 -35
441 -239
442 -52
443 -237
444 -35
445 -326
446 -53
447 -63
448 -597
449 -251
450 -113
451 -594
452 -23
453 -53
454 -33
455 -33
456 -23
457 -209
458 -35
459 -54
460 -35
461 -33
462 -100
463 -35
464 -164
465 -35
466 -35
467 -688
468 -227
469 -33
470 -225
471 -185
472 -136
473 -85
474 -411
475 -43
476 -66
477 -123
478 -126
479 -33
480 -108
481 -42
482 -168
483 -263
484 -254
485 -812
486 -163
487 -602
488 -56
489 -224
490 -451
491 -33
492 -33
493 -33
494 -185
495 -23
496 -23
497 -35
498 -23
499 -450
500 -718
501 -28
502 -33
503 -33
504 -454
505 -23
506 -35
507 -54
508 -30
509 -66
510 -689
511 -327
512 -34
513 -33
514 -309
515 -466
516 -123
517 -109
518 -35
519 -258
520 -23
521 -33
522 -232
523 -46
524 -73
525 -35
526 -23
527 -182
528 -364
529 -103
530 -297
531 -146
532 -260
533 -82
534 -488
535 -271
536 -33
537 -28
538 -741
539 -394
540 -137
541 -292
542 -35
543 -266
544 -352
545 -36
546 -241
547 -35
548 -23
549 -23
550 -111
551 -238
552 -19
553 -35
554 -22
555 -41
556 -35
557 -305
558 -35
559 -91
560 -35
561 -273
562 -27
563 -53
564 -35
565 -24
566 -32
567 -140
568 -23
569 -273
570 -35
571 -109
572 -33
573 -117
574 -480
575 -83
576 -35
577 -370
578 -194
579 -151
580 -33
581 -33
582 -206
583 -24
584 -77
585 -24
586 -23
587 -105
588 -23
589 -33
590 -579
591 -95
592 -379
593 -33
594 -347
595 -35
596 -32
597 -182
598 -33
599 -242
600 -32
601 -33
602 -35
603 -92
604 -23
605 -138
606 -33
607 -379
608 -23
609 -33
610 -422
611 -23
612 -23
613 -144
614 -33
615 -35
616 -382
617 -35
618 -76
619 -96
620 -123
621 -65
622 -23
623 -33
624 -50
625 -35
626 -196
627 -23
628 -524
629 -35
630 -33
631 -74
632 -53
633 -31
634 -1758
635 -23
636 -23
637 -105
638 -23
639 -77
640 -103
641 -23
642 -35
643 -33
644 -35
645 -36
646 -27
647 -35
648 -313
649 -23
650 -148
651 -35
652 -205
653 -45
654 -34
655 -531
656 -165
657 -35
658 -35
659 -92
660 -40
661 -605
662 -33
663 -226
664 -126
665 -224
666 -222
667 -33
668 -23
669 -23
670 -59
671 -23
672 -204
673 -259
674 -23
675 -33
676 -80
677 -35
678 -35
679 -35
680 -33
681 -48
682 -23
683 -80
684 -153
685 -210
686 -122
687 -92
688 -35
689 -35
690 -35
691 -516
692 -271
693 -145
694 -33
695 -23
696 -111
697 -28
698 -33
699 -31
700 -696
701 -35
702 -33
703 -41
704 -147
705 -23
706 -258
707 -448
708 -23
709 -245
710 -227
711 -138
712 -1032
713 -78
714 -23
715 -259
716 -569
717 -118
718 -33
719 -71
720 -23
721 -35
722 -23
723 -35
724 -23
725 -127
726 -131
727 -86
728 -364
729 -154
730 -33
731 -23
732 -40
733 -263
734 -120
735 -24
736 -23
737 -63
738 -272
739 -41
740 -71
741 -63
742 -55
743 -152
744 -391
745 -192
746 -37
747 -271
748 -35
749 -216
750 -23
751 -35
752 -132
753 -229
754 -129
755 -35
756 -158
757 -52
758 -430
759 -33
760 -125
761 -33
762 -35
763 -112
764 -223
765 -62
766 -459
767 -295
768 -45
769 -209
770 -364
771 -33
772 -85
773 -33
774 -23
775 -52
776 -331
777 -35
778 -23
779 -35
780 -128
781 -103
782 -534
783 -58
784 -187
785 -23
786 -513
787 -23
788 -33
789 -33
790 -23
791 -35
792 -947
793 -100
794 -23
795 -23
796 -96
797 -248
798 -405
799 -40
800 -23
801 -23
802 -575
803 -113
804 -166
805 -269
806 -100
807 -102
808 -84
809 -36
810 -43
811 -23
812 -173
813 -69
814 -114
815 -509
816 -238
817 -340
818 -23
819 -47
820 -148
821 -33
822 -23
823 -378
824 -150
825 -23
826 -33
827 -245
828 -35
829 -23
830 -670
831 -477
832 -365
833 -35
834 -46
835 -71
836 -23
837 -33
838 -85
839 -23
840 -35
841 -297
842 -23
843 -986
844 -380
845 -33
846 -33
847 -33
848 -35
849 -156
850 -56
851 -15
852 -27
853 -641
854 -35
855 -92
856 -38
857 -79
858 -513
859 -45
860 -33
861 -35
862 -225
863 -23
864 -65
865 -287
866 -33
867 -173
868 -30
869 -33
870 -35
871 -104
872 -35
873 -35
874 -23
875 -235
876 -58
877 -89
878 -33
879 -33
880 -145
881 -58
882 -37
883 -148
884 -145
885 -528
886 -689
887 -23
888 -23
889 -248
890 -35
891 -612
892 -50
893 -33
894 -35
895 -35
896 -90
897 -33
898 -72
899 -379
900 -380
901 -288
902 -81
903 -23
904 -76
905 -254
906 -237
907 -100
908 -234
909 -138
910 -23
911 -23
912 -111
913 -23
914 -33
915 -746
916 -253
917 -23
918 -35
919 -373
920 -28
921 -35
922 -23
923 -76
924 -35
925 -33
926 -35
927 -92
928 -257
929 -35
930 -173
931 -35
932 -332
933 -33
934 -50
935 -267
936 -47
937 -123
938 -23
939 -381
940 -167
941 -77
942 -467
943 -115
944 -27
945 -35
946 -33
947 -198
948 -147
949 -110
950 -1690
951 -318
952 -172
953 -35
954 -23
955 -34
956 -33
957 -33
958 -304
959 -300
960 -40
961 -35
962 -43
963 -23
964 -35
965 -252
966 -27
967 -142
968 -33
969 -35
970 -555
971 -35
972 -51
973 -26
974 -35
975 -23
976 -33
977 -25
978 -436
979 -35
980 -197
981 -23
982 -185
983 -203
984 -71
985 -673
986 -243
987 -217
988 -71
989 -250
990 -234
991 -35
992 -45
993 -35
994 -188
995 -33
996 -304
997 -61
998 -33
999 -38
