0 -145
1 -69
2 -309
3 -47
4 -220
5 -51
6 -295
7 -135
8 -424
9 -192
10 -325
11 -33
12 -397
13 -38
14 -468
15 -91
16 -23
17 -515
18 -448
19 -203
20 -165
21 -212
22 -40
23 -163
24 -113
25 -1191
26 -23
27 -33
28 -33
29 -188
30 -250
31 -1079
32 -306
33 -196
34 -369
35 -23
36 -240
37 -95
38 -23
39 -23
40 -689
41 -55
42 -218
43 -33
44 -208
45 -286
46 -90
47 -425
48 -12
49 -191
50 -23
51 -87
52 -386
53 -173
54 -33
55 -173
56 -361
57 -466
58 -354
59 -38
60 -23
61 -172
62 -536
63 -33
64 -262
65 -211
66 -33
67 -146
68 -23
69 -33
70 -23
71 -153
72 -33
73 -269
74 -83
75 -127
76 -64
77 -23
78 -63
79 -23
80 -33
81 -33
82 -121
83 -177
84 -222
85 -33
86 -431
87 -49
88 -94
89 -1317
90 -273
91 -23
92 -23
93 -23
94 -181
95 -23
96 -29
97 -23
98 -79
99 -136
100 -33
101 -33
102 -449
103 -113
104 -34
105 -18
106 -159
107 -94
108 -33
109 -54
110 -230
111 -243
112 -68
113 -327
114 -128
115 -23
116 -956
117 -52
118 -89
119 -33
120 -251
121 -23
122 -33
123 -151
124 -435
125 -34
126 -250
127 -402
128 -372
129 -169
130 -126
131 -272
132 -39
133 -23
134 -23
135 -219
136 -95
137 -106
138 -267
139 -33
140 -289
141 -143
142 -351
143 -98
144 -23
145 -159
146 -81
147 -33
148 -310
149 -158
150 -97
151 -261
152 -59
153 -87
154 -166
155 -97
156 -173
157 -233
158 -215
159 -35
160 -616
161 -328
162 -82
163 -23
164 -33
165 -23
166 -23
167 -183
168 -493
169 -23
170 -33
171 -175
172 -1056
173 -64
174 -240
175 -102
176 -332
177 -127
178 -103
179 -33
180 -41
181 -32
182 -33
183 -167
184 -318
185 -33
186 -478
187 -579
188 -33
189 -33
190 -1049
191 -297
192 -164
193 -318
194 -20
195 -33
196 -308
197 -26
198 -319
199 -23
200 -371
201 -32
202 -23
203 -47
204 -118
205 -167
206 -355
207 -164
208 -33
209 -23
210 -225
211 -34
212 -34
213 -884
214 -23
215 -33
216 -150
217 -215
218 -161
219 -472
220 -386
221 -257
222 -41
223 -161
224 -73
225 -122
226 -849
227 -33
228 -185
229 -313
230 -23
231 -23
232 -52
233 -80
234 -23
235 -50
236 -33
237 -36
238 -98
239 -94
240 -317
241 -137
242 -681
243 -23
244 -33
245 -37
246 -23
247 -486
248 -100
249 -271
250 -33
251 -761
252 -256
253 -85
254 -46
255 -26
256 -384
257 -278
258 -195
259 -23
260 -194
261 -515
262 -230
263 -107
264 -220
265 -128
266 -61
267 -402
268 -23
269 -33
270 -123
271 -593
272 -98
273 -235
274 -814
275 -498
276 -33
277 -354
278 -237
279 -152
280 -23
281 -101
282 -23
283 -325
284 -185
285 -40
286 -712
287 -23
288 -23
289 -161
290 -24
291 -23
292 -275
293 -23
294 -173
295 -33
296 -52
297 -292
298 -33
299 -208
300 -33
301 -33
302 -84
303 -202
304 -43
305 -45
306 -68
307 -31
308 -311
309 -23
310 -78
311 -161
312 -1743
313 -57
314 -42
315 -593
316 -23
317 -557
318 -34
319 -261
320 -36
321 -322
322 -33
323 -30
324 -36
325 -33
326 -83
327 -23
328 -59
329 -48
330 -402
331 -265
332 -33
333 -620
334 -23
335 -33
336 -64
337 -81
338 -93
339 -299
340 -23
341 -264
342 -189
343 -125
344 -430
345 -23
346 -86
347 -178
348 -293
349 -33
350 -23
351 -659
352 -156
353 -23
354 -475
355 -379
356 -83
357 -279
358 -198
359 -73
360 -23
361 -23
362 -236
363 -23
364 -30
365 -57
366 -516
367 -232
368 -61
369 -23
370 -33
371 -28
372 -576
373 -192
374 -31
375 -33
376 -2165
377 -23
378 -96
379 -42
380 -24
381 -23
382 -403
383 -33
384 -108
385 -261
386 -27
387 -23
388 -3003
389 -80
390 -120
391 -130
392 -33
393 -169
394 -188
395 -149
396 -458
397 -406
398 -53
399 -83
400 -978
401 -33
402 -23
403 -234
404 -118
405 -368
406 -321
407 -23
408 -287
409 -115
410 -33
411 -714
412 -84
413 -126
414 -103
415 -23
416 -29
417 -59
418 -130
419 -412
420 -23
421 -69
422 -23
423 -25
424 -23
425 -23
426 -54
427 -554
428 -487
429 -227
430 -640
431 -193
432 -324
433 -33
434 -23
435 -33
436 -87
437 -23
438 -33
439 -33
440 -29
441 -226
442 -33
443 -262
444 -924
445 -33
446 -33
447 -33
448 -282
449 -364
450 -23
451 -556
452 -96
453 -123
454 -33
455 -23
456 -33
457 -33
458 -164
459 -216
460 -223
461 -310
462 -137
463 -314
464 -184
465 -508
466 -148
467 -848
468 -88
469 -339
470 -23
471 -49
472 -23
473 -134
474 -363
475 -13
476 -23
477 -23
478 -35
479 -23
480 -348
481 -390
482 -337
483 -23
484 -34
485 -169
486 -36
487 -23
488 -551
489 -23
490 -304
491 -260
492 -104
493 -33
494 -106
495 -33
496 -33
497 -143
498 -230
499 -23
500 -343
501 -663
502 -23
503 -87
504 -42
505 -514
506 -54
507 -33
508 -174
509 -23
510 -33
511 -629
512 -23
513 -101
514 -66
515 -23
516 -136
517 -33
518 -597
519 -111
520 -144
521 -344
522 -141
523 -157
524 -23
525 -63
526 -23
527 -75
528 -23
529 -126
530 -333
531 -94
532 -23
533 -33
534 -93
535 -50
536 -284
537 -50
538 -33
539 -473
540 -198
541 -170
542 -359
543 -71
544 -318
545 -184
546 -45
547 -381
548 -107
549 -54
550 -91
551 -201
552 -23
553 -281
554 -33
555 -629
556 -156
557 -299
558 -33
559 -157
560 -287
561 -58
562 -23
563 -427
564 -455
565 -41
566 -23
567 -55
568 -33
569 -106
570 -33
571 -229
572 -23
573 -23
574 -634
575 -137
576 -33
577 -88
578 -202
579 -57
580 -23
581 -26
582 -692
583 -444
584 -33
585 -476
586 -539
587 -23
588 -33
589 -179
590 -670
591 -55
592 -72
593 -53
594 -23
595 -916
596 -33
597 -191
598 -55
599 -23
600 -96
601 -351
602 -86
603 -223
604 -249
605 -8
606 -693
607 -28
608 -851
609 -277
610 -47
611 -33
612 -184
613 -188
614 -33
615 -33
616 -23
617 -30
618 -341
619 -21
620 -187
621 -272
622 -111
623 -474
624 -33
625 -33
626 -558
627 -128
628 -550
629 -245
630 -521
631 -244
632 -322
633 -23
634 -59
635 -270
636 -23
637 -357
638 -53
639 -33
640 -23
641 -566
642 -23
643 -23
644 -39
645 -397
646 -33
647 -473
648 -197
649 -76
650 -166
651 -67
652 -66
653 -23
654 -881
655 -20
656 -93
657 -23
658 -366
659 -80
660 -76
661 -33
662 -110
663 -33
664 -144
665 -23
666 -676
667 -81
668 -165
669 -23
670 -33
671 -23
672 -297
673 -33
674 -114
675 -186
676 -421
677 -31
678 -8
679 -1013
680 -33
681 -682
682 -230
683 -189
684 -23
685 -72
686 -267
687 -282
688 -116
689 -444
690 -718
691 -135
692 -33
693 -174
694 -31
695 -697
696 -166
697 -302
698 -134
699 -23
700 -83
701 -33
702 -461
703 -809
704 -33
705 -33
706 -144
707 -23
708 -247
709 -239
710 -23
711 -72
712 -234
713 -209
714 -262
715 -346
716 -861
717 -138
718 -23
719 -195
720 -33
721 -559
722 -49
723 -440
724 -23
725 -351
726 -212
727 -33
728 -33
729 -33
730 -445
731 -180
732 -409
733 -23
734 -33
735 -624
736 -28
737 -33
738 -1011
739 -57
740 -380
741 -267
742 -223
743 -285
744 -33
745 -361
746 -23
747 -300
748 -33
749 -540
750 -391
751 -18
752 -39
753 -336
754 -294
755 -211
756 -73
757 -582
758 -113
759 -422
760 -135
761 -577
762 -57
763 -190
764 -33
765 -23
766 -63
767 -389
768 -209
769 -108
770 -23
771 -348
772 -114
773 -23
774 -1198
775 -215
776 -315
777 -104
778 -50
779 -42
780 -316
781 -32
782 -33
783 -54
784 -252
785 -35
786 -33
787 -33
788 -33
789 -33
790 -47
791 -23
792 -23
793 -243
794 -23
795 -33
796 -54
797 -62
798 -149
799 -45
800 -217
801 -243
802 -23
803 -435
804 -23
805 -172
806 -127
807 -513
808 -210
809 -124
810 -23
811 -496
812 -33
813 -656
814 -79
815 -269
816 -67
817 -19
818 -115
819 -34
820 -936
821 -290
822 -151
823 -68
824 -33
825 -284
826 -33
827 -167
828 -33
829 -293
830 -23
831 -33
832 -362
833 -439
834 -182
835 -594
836 -33
837 -70
838 -112
839 -653
840 -23
841 -815
842 -381
843 -23
844 -139
845 -33
846 -85
847 -773
848 -104
849 -207
850 -288
851 -66
852 -291
853 -33
854 -241
855 -62
856 -31
857 -359
858 -128
859 -68
860 -51
861 -33
862 -159
863 -75
864 -968
865 -33
866 -23
867 -128
868 -33
869 -192
870 -23
871 -55
872 -42
873 -318
874 -519
875 -373
876 -93
877 -356
878 -33
879 -33
880 -319
881 -251
882 -23
883 -105
884 -59
885 -33
886 -27
887 -385
888 -33
889 -134
890 -329
891 -23
892 -261
893 -90
894 -757
895 -47
896 -683
897 -162
898 -90
899 -452
900 -215
901 -70
902 -1017
903 -415
904 -222
905 -463
906 -23
907 -32
908 -251
909 -44
910 -23
911 -47
912 -33
913 -428
914 -33
915 -427
916 -33
917 -626
918 -179
919 -370
920 -282
921 -44
922 -23
923 -179
924 -23
925 -23
926 -23
927 -108
928 -527
929 -33
930 -33
931 -77
932 -291
933 -23
934 -121
935 -33
936 -169
937 -453
938 -746
939 -23
940 -33
941 -268
942 -65
943 -549
944 -562
945 -165
946 -33
947 -86
948 -421
949 -23
950 -29
951 -110
952 -816
953 -23
954 -420
955 -33
956 -501
957 -162
958 -917
959 -99
960 -31
961 -23
962 -564
963 -226
964 -33
965 -244
966 -138
967 -23
968 -33
969 -168
970 -31
971 -46
972 -249
973 -225
974 -199
975 -23
976 -643
977 -72
978 -77
979 -220
980 -393
981 -424
982 -182
983 -23
984 -326
985 -766
986 -23
987 -432
988 -586
989 -63
990 -98
991 -33
992 -188
993 -412
994 -316
995 -186
996 -72
997 -23
998 -183
999 -141
