0 -289
1 -104
2 -82
3 -23
4 -290
5 -23
6 -92
7 -515
8 -25
9 -33
10 -33
11 -101
12 -23
13 -23
14 -245
15 -454
16 -299
17 -33
18 -317
19 -28
20 -103
21 -199
22 -33
23 -23
24 -37
25 -110
26 -706
27 -463
28 -62
29 -382
30 -8
31 -23
32 -265
33 -33
34 -353
35 -46
36 -61
37 -114
38 -95
39 -112
40 -428
41 -246
42 -154
43 -33
44 -66
45 -346
46 -23
47 -132
48 -13
49 -167
50 -198
51 -265
52 -27
53 -238
54 -64
55 -49
56 -47
57 -196
58 -96
59 -23
60 -39
61 -115
62 -42
63 -95
64 -136
65 -23
66 -140
67 -239
68 -220
69 -586
70 -23
71 -192
72 -259
73 -33
74 -88
75 -33
76 -169
77 -45
78 -245
79 -33
80 -273
81 -353
82 -33
83 -215
84 -120
85 -72
86 -126
87 -246
88 -33
89 -9
90 -59
91 -85
92 -23
93 -106
94 -33
95 -25
96 -23
97 -34
98 -96
99 -142
100 -33
101 -416
102 -33
103 -33
104 -14
105 -19
106 -38
107 -33
108 -113
109 -143
110 -138
111 -23
112 -232
113 -23
114 -24
115 -366
116 -289
117 -12
118 -33
119 -256
120 -23
121 -177
122 -33
123 -34
124 -89
125 -240
126 -126
127 -41
128 -139
129 -1770
130 -23
131 -285
132 -10
133 -16
134 -51
135 -23
136 -131
137 -239
138 -127
139 -46
140 -23
141 -57
142 -252
143 -33
144 -390
145 -23
146 -424
147 -197
148 -121
149 -363
150 -416
151 -92
152 -236
153 -23
154 -221
155 -86
156 -33
157 -16
158 -113
159 -33
160 -142
161 -33
162 -23
163 -313
164 -325
165 -38
166 -33
167 -131
168 -100
169 -33
170 -33
171 -23
172 -78
173 -200
174 -23
175 -220
176 -33
177 -913
178 -367
179 -121
180 -22
181 -33
182 -23
183 -178
184 -140
185 -33
186 -23
187 -135
188 -23
189 -63
190 -638
191 -113
192 -1074
193 -33
194 -23
195 -25
196 -33
197 -33
198 -249
199 -145
200 -33
201 -161
202 -768
203 -445
204 -33
205 -71
206 -458
207 -23
208 -260
209 -33
210 -33
211 -210
212 -23
213 -249
214 -31
215 -595
216 -33
217 -198
218 -225
219 -23
220 -204
221 -109
222 -23
223 -771
224 -514
225 -1183
226 -320
227 -142
228 -211
229 -184
230 -136
231 -563
232 -53
233 -150
234 -118
235 -27
236 -33
237 -23
238 -120
239 -37
240 -657
241 -23
242 -453
243 -34
244 -109
245 -414
246 -308
247 -365
248 -168
249 -23
250 -23
251 -162
252 -74
253 -369
254 -148
255 -23
256 -33
257 -598
258 -23
259 -412
260 -141
261 -33
262 -33
263 -23
264 -23
265 -24
266 -133
267 -272
268 -72
269 -416
270 -23
271 -140
272 -23
273 -373
274 -33
275 -23
276 -463
277 -33
278 -23
279 -23
280 -293
281 -33
282 -23
283 -33
284 -27
285 -160
286 -134
287 -124
288 -25
289 -113
290 -92
291 -33
292 -191
293 -366
294 -141
295 -309
296 -423
297 -33
298 -391
299 -23
300 -156
301 -90
302 -24
303 -33
304 -367
305 -306
306 -33
307 -23
308 -219
309 -133
310 -38
311 -657
312 -291
313 -229
314 -33
315 -69
316 -246
317 -124
318 -78
319 -650
320 -14
321 -550
322 -33
323 -52
324 -279
325 -85
326 -58
327 -33
328 -187
329 -33
330 -87
331 -115
332 -96
333 -23
334 -538
335 -23
336 -95
337 -33
338 -23
339 -38
340 -291
341 -362
342 -293
343 -602
344 -33
345 -235
346 -23
347 -115
348 -96
349 -718
350 -347
351 -169
352 -145
353 -33
354 -45
355 -23
356 -170
357 -137
358 -16
359 -23
360 -778
361 -33
362 -54
363 -286
364 -793
365 -33
366 -127
367 -53
368 -33
369 -55
370 -975
371 -179
372 -689
373 -307
374 -104
375 -90
376 -33
377 -208
378 -245
379 -294
380 -106
381 -98
382 -97
383 -33
384 -744
385 -400
386 -112
387 -19
388 -31
389 -358
390 -33
391 -314
392 -113
393 -23
394 -23
395 -122
396 -33
397 -111
398 -23
399 -298
400 -157
401 -33
402 -23
403 -81
404 -33
405 -23
406 -15
407 -267
408 -122
409 -181
410 -33
411 -402
412 -345
413 -531
414 -10
415 -131
416 -806
417 -92
418 -446
419 -419
420 -35
421 -244
422 -37
423 -239
424 -396
425 -33
426 -82
427 -204
428 -77
429 -140
430 -53
431 -42
432 -105
433 -285
434 -39
435 -105
436 -604
437 -89
438 -172
439 -20
440 -189
441 -279
442 -33
443 -37
444 -90
445 -33
446 -597
447 -48
448 -92
449 -357
450 -73
451 -89
452 -23
453 -179
454 -23
455 -33
456 -34
457 -64
458 -661
459 -33
460 -33
461 -26
462 -38
463 -29
464 -213
465 -15
466 -580
467 -33
468 -177
469 -357
470 -149
471 -1070
472 -741
473 -44
474 -146
475 -833
476 -272
477 -23
478 -294
479 -169
480 -27
481 -372
482 -328
483 -23
484 -229
485 -103
486 -139
487 -626
488 -38
489 -33
490 -12
491 -185
492 -216
493 -190
494 -23
495 -23
496 -722
497 -149
498 -95
499 -23
500 -221
501 -211
502 -556
503 -4196
504 -463
505 -49
506 -340
507 -135
508 -143
509 -96
510 -319
511 -109
512 -184
513 -23
514 -23
515 -23
516 -73
517 -23
518 -269
519 -571
520 -33
521 -535
522 -109
523 -27
524 -204
525 -32
526 -164
527 -1480
528 -201
529 -185
530 -213
531 -151
532 -864
533 -283
534 -23
535 -497
536 -151
537 -387
538 -469
539 -114
540 -23
541 -120
542 -33
543 -614
544 -33
545 -101
546 -111
547 -313
548 -73
549 -495
550 -29
551 -33
552 -33
553 -23
554 -228
555 -279
556 -512
557 -65
558 -23
559 -33
560 -158
561 -23
562 -23
563 -105
564 -144
565 -282
566 -401
567 -33
568 -191
569 -219
570 -347
571 -185
572 -23
573 -163
574 -182
575 -597
576 -551
577 -23
578 -183
579 -23
580 -162
581 -33
582 -137
583 -61
584 -198
585 -38
586 -23
587 -102
588 -68
589 -23
590 -31
591 -188
592 -31
593 -215
594 -33
595 -152
596 -19
597 -213
598 -209
599 -33
600 -461
601 -74
602 -483
603 -93
604 -309
605 -115
606 -109
607 -64
608 -57
609 -33
610 -669
611 -408
612 -29
613 -23
614 -33
615 -496
616 -53
617 -23
618 -218
619 -23
620 -122
621 -25
622 -36
623 -23
624 -52
625 -33
626 -246
627 -46
628 -207
629 -478
630 -33
631 -168
632 -315
633 -45
634 -110
635 -33
636 -172
637 -198
638 -212
639 -33
640 -132
641 -33
642 -33
643 -48
644 -158
645 -33
646 -255
647 -194
648 -221
649 -138
650 -170
651 -33
652 -33
653 -370
654 -150
655 -174
656 -278
657 -363
658 -71
659 -634
660 -318
661 -85
662 -53
663 -167
664 -223
665 -33
666 -23
667 -222
668 -254
669 -33
670 -289
671 -46
672 -23
673 -33
674 -23
675 -943
676 -68
677 -266
678 -526
679 -654
680 -415
681 -200
682 -23
683 -33
684 -27
685 -67
686 -33
687 -165
688 -260
689 -320
690 -21
691 -83
692 -55
693 -23
694 -120
695 -45
696 -33
697 -23
698 -908
699 -33
700 -85
701 -33
702 -111
703 -154
704 -33
705 -776
706 -439
707 -215
708 -281
709 -13
710 -65
711 -183
712 -33
713 -26
714 -33
715 -264
716 -326
717 -596
718 -33
719 -73
720 -218
721 -182
722 -2085
723 -189
724 -248
725 -185
726 -167
727 -82
728 -33
729 -292
730 -23
731 -57
732 -151
733 -23
734 -336
735 -184
736 -384
737 -353
738 -65
739 -23
740 -84
741 -229
742 -138
743 -76
744 -33
745 -235
746 -258
747 -88
748 -33
749 -34
750 -53
751 -63
752 -328
753 -128
754 -33
755 -113
756 -264
757 -242
758 -23
759 -167
760 -359
761 -409
762 -304
763 -214
764 -595
765 -132
766 -23
767 -90
768 -116
769 -361
770 -60
771 -33
772 -42
773 -23
774 -23
775 -148
776 -184
777 -33
778 -36
779 -33
780 -33
781 -31
782 -309
783 -193
784 -17
785 -22
786 -58
787 -140
788 -23
789 -220
790 -230
791 -31
792 -252
793 -87
794 -1822
795 -269
796 -59
797 -23
798 -33
799 -80
800 -422
801 -336
802 -39
803 -33
804 -33
805 -153
806 -668
807 -838
808 -33
809 -315
810 -624
811 -210
812 -33
813 -228
814 -986
815 -95
816 -33
817 -33
818 -51
819 -90
820 -80
821 -33
822 -238
823 -23
824 -251
825 -405
826 -445
827 -23
828 -233
829 -22
830 -121
831 -56
832 -84
833 -23
834 -172
835 -246
836 -33
837 -319
838 -55
839 -604
840 -23
841 -137
842 -514
843 -203
844 -48
845 -727
846 -87
847 -22
848 -36
849 -23
850 -33
851 -354
852 -329
853 -101
854 -58
855 -240
856 -23
857 -293
858 -33
859 -165
860 -23
861 -77
862 -23
863 -33
864 -357
865 -8
866 -235
867 -79
868 -23
869 -48
870 -454
871 -337
872 -53
873 -152
874 -387
875 -14
876 -26
877 -494
878 -193
879 -33
880 -112
881 -320
882 -216
883 -102
884 -190
885 -860
886 -73
887 -37
888 -117
889 -110
890 -33
891 -445
892 -210
893 -33
894 -44
895 -33
896 -33
897 -100
898 -493
899 -14
900 -10
901 -23
902 -184
903 -584
904 -507
905 -266
906 -23
907 -38
908 -91
909 -42
910 -271
911 -335
912 -169
913 -414
914 -317
915 -83
916 -76
917 -237
918 -678
919 -161
920 -133
921 -38
922 -33
923 -73
924 -279
925 -45
926 -273
927 -444
928 -333
929 -151
930 -125
931 -23
932 -33
933 -23
934 -235
935 -23
936 -232
937 -30
938 -33
939 -102
940 -33
941 -291
942 -140
943 -424
944 -35
945 -23
946 -326
947 -180
948 -494
949 -73
950 -295
951 -178
952 -92
953 -23
954 -49
955 -347
956 -118
957 -264
958 -340
959 -189
960 -23
961 -118
962 -411
963 -414
964 -414
965 -33
966 -236
967 -648
968 -189
969 -121
970 -23
971 -23
972 -214
973 -298
974 -541
975 -33
976 -74
977 -48
978 -45
979 -33
980 -25
981 -112
982 -679
983 -141
984 -348
985 -23
986 -23
987 -29
988 -788
989 -393
990 -33
991 -153
992 -192
993 -59
994 -171
995 -48
996 -24
997 -29
998 -75
999 -57
