0 -142
1 -45
2 -539
3 -173
4 -231
5 -55
6 -2261
7 -89
8 -563
9 -1037
10 -138
11 -42
12 -90
13 -55
14 -1476
15 -7248
16 -2005
17 -178
18 -26
19 -55
20 -261
21 -950
22 -55
23 -1108
24 -125
25 -46
26 -1214
27 -678
28 -85
29 -418
30 -69
31 -144
32 -274
33 -103
34 -78
35 -39
36 -1101
37 -55
38 -979
39 -3676
40 -366
41 -103
42 -106
43 -399
44 -29
45 -2126
46 -27
47 -53
48 -237
49 -5152
50 -557
51 -382
52 -117
53 -2120
54 -123
55 -55
56 -137
57 -1163
58 -570
59 -98
60 -89
61 -55
62 -67
63 -187
64 -233
65 -394
66 -124
67 -2333
68 -55
69 -65
70 -684
71 -201
72 -3822
73 -165
74 -61
75 -77
76 -1194
77 -217
78 -334
79 -55
80 -222
81 -286
82 -1683
83 -358
84 -659
85 -89
86 -69
87 -611
88 -171
89 -71
90 -102
91 -1366
92 -482
93 -55
94 -1872
95 -4234
96 -1455
97 -78
98 -55
99 -424
100 -3306
101 -98
102 -297
103 -170
104 -1796
105 -615
106 -73
107 -269
108 -84
109 -219
110 -235
111 -255
112 -473
113 -359
114 -141
115 -925
116 -329
117 -1140
118 -159
119 -91
120 -45
121 -1044
122 -55
123 -150
124 -39
125 -2033
126 -55
127 -116
128 -250
129 -55
130 -166
131 -1046
132 -361
133 -954
134 -55
135 -107
136 -55
137 -3503
138 -277
139 -101
140 -578
141 -5323
142 -300
143 -1565
144 -200
145 -908
146 -597
147 -55
148 -2863
149 -401
150 -500
151 -3764
152 -108
153 -415
154 -55
155 -531
156 -92
157 -347
158 -55
159 -270
160 -82
161 -55
162 -356
163 -600
164 -6392
165 -2280
166 -667
167 -164
168 -55
169 -127
170 -195
171 -417
172 -55
173 -147
174 -616
175 -155
176 -46
177 -195
178 -1927
179 -160
180 -42
181 -224
182 -55
183 -765
184 -197
185 -257
186 -661
187 -7426
188 -113
189 -269
190 -443
191 -74
192 -4575
193 -27
194 -169
195 -275
196 -90
197 -55
198 -55
199 -60
200 -77
201 -492
202 -277
203 -5426
204 -164
205 -62
206 -139
207 -306
208 -55
209 -1694
210 -148
211 -90
212 -236
213 -36
214 -310
215 -1103
216 -979
217 -72
218 -52
219 -384
220 -55
221 -623
222 -382
223 -575
224 -198
225 -64
226 -80
227 -717
228 -96
229 -346
230 -55
231 -79
232 -4341
233 -2927
234 -1075
235 -99
236 -58
237 -146
238 -724
239 -55
240 -55
241 -55
242 -675
243 -765
244 -55
245 -149
246 -95
247 -66
248 -248
249 -290
250 -248
251 -1554
252 -3745
253 -252
254 -1147
255 -42
256 -232
257 -55
258 -2299
259 -1177
260 -39
261 -205
262 -21
263 -189
264 -123
265 -116
266 -420
267 -884
268 -70
269 -97
270 -134
271 -55
272 -466
273 -171
274 -92
275 -1544
276 -55
277 -543
278 -1107
279 -208
280 -1718
281 -318
282 -634
283 -2545
284 -55
285 -55
286 -317
287 -176
288 -208
289 -571
290 -226
291 -162
292 -230
293 -709
294 -19
295 -919
296 -348
297 -462
298 -408
299 -4479
300 -1677
301 -55
302 -146
303 -79
304 -50
305 -1153
306 -2390
307 -156
308 -180
309 -3195
310 -232
311 -103
312 -106
313 -81
314 -510
315 -698
316 -2439
317 -243
318 -3597
319 -40
320 -240
321 -2343
322 -117
323 -1250
324 -390
325 -6185
326 -182
327 -43
328 -55
329 -444
330 -2245
331 -202
332 -681
333 -55
334 -55
335 -298
336 -72
337 -306
338 -55
339 -55
340 -9921
341 -449
342 -55
343 -420
344 -339
345 -74
346 -54
347 -55
348 -170
349 -1295
350 -237
351 -329
352 -3508
353 -227
354 -1807
355 -344
356 -145
357 -55
358 -380
359 -2774
360 -327
361 -176
362 -296
363 -165
364 -77
365 -259
366 -2794
367 -950
368 -1190
369 -71
370 -109
371 -6186
372 -222
373 -115
374 -1150
375 -110
376 -51
377 -1138
378 -143
379 -489
380 -161
381 -144
382 -55
383 -3431
384 -56
385 -520
386 -3033
387 -414
388 -133
389 -99
390 -595
391 -55
392 -2349
393 -732
394 -55
395 -125
396 -377
397 -106
398 -4088
399 -215
400 -27
401 -909
402 -54
403 -90
404 -31
405 -59
406 -990
407 -660
408 -55
409 -56
410 -232
411 -170
412 -1155
413 -91
414 -237
415 -191
416 -1334
417 -114
418 -146
419 -136
420 -4381
421 -64
422 -166
423 -55
424 -92
425 -249
426 -1782
427 -558
428 -55
429 -182
430 -1179
431 -3366
432 -55
433 -150
434 -411
435 -199
436 -1572
437 -91
438 -55
439 -367
440 -41
441 -78
442 -101
443 -1423
444 -263
445 -3771
446 -25
447 -52
448 -7219
449 -105
450 -717
451 -368
452 -85
453 -146
454 -577
455 -92
456 -403
457 -538
458 -315
459 -220
460 -127
461 -60
462 -55
463 -595
464 -399
465 -5348
466 -84
467 -51
468 -594
469 -123
470 -142
471 -83
472 -895
473 -68
474 -55
475 -6472
476 -55
477 -192
478 -78
479 -232
480 -62
481 -55
482 -91
483 -251
484 -208
485 -208
486 -131
487 -252
488 -2519
489 -359
490 -1855
491 -184
492 -1299
493 -134
494 -2936
495 -190
496 -106
497 -65
498 -159
499 -156
500 -122
501 -149
502 -1485
503 -55
504 -182
505 -3693
506 -158
507 -55
508 -198
509 -2209
510 -125
511 -55
512 -356
513 -6309
514 -55
515 -52
516 -47
517 -55
518 -3007
519 -83
520 -247
521 -106
522 -201
523 -293
524 -66
525 -6162
526 -124
527 -142
528 -32
529 -1579
530 -179
531 -915
532 -55
533 -75
534 -845
535 -407
536 -134
537 -84
538 -608
539 -335
540 -3507
541 -55
542 -79
543 -205
544 -251
545 -160
546 -87
547 -101
548 -55
549 -32
550 -55
551 -114
552 -379
553 -107
554 -57
555 -1560
556 -62
557 -2793
558 -86
559 -295
560 -125
561 -188
562 -3719
563 -157
564 -186
565 -3592
566 -446
567 -161
568 -406
569 -2396
570 -717
571 -35
572 -830
573 -105
574 -3639
575 -3046
576 -252
577 -81
578 -178
579 -92
580 -307
581 -273
582 -383
583 -5150
584 -361
585 -236
586 -71
587 -42
588 -177
589 -1864
590 -273
591 -9151
592 -54
593 -136
594 -84
595 -565
596 -40
597 -49
598 -242
599 -173
600 -110
601 -327
602 -310
603 -426
604 -318
605 -771
606 -187
607 -68
608 -194
609 -169
610 -281
611 -179
612 -644
613 -2268
614 -3326
615 -538
616 -364
617 -406
618 -2135
619 -5879
620 -1951
621 -4024
622 -55
623 -161
624 -438
625 -149
626 -140
627 -121
628 -44
629 -191
630 -219
631 -111
632 -2316
633 -55
634 -95
635 -296
636 -172
637 -2841
638 -55
639 -305
640 -143
641 -257
642 -2129
643 -135
644 -1888
645 -95
646 -334
647 -2242
648 -373
649 -615
650 -55
651 -799
652 -411
653 -530
654 -28
655 -2452
656 -185
657 -55
658 -53
659 -142
660 -359
661 -2849
662 -332
663 -68
664 -55
665 -55
666 -3636
667 -55
668 -688
669 -60
670 -55
671 -302
672 -600
673 -55
674 -619
675 -60
676 -249
677 -97
678 -342
679 -55
680 -156
681 -81
682 -55
683 -5187
684 -310
685 -82
686 -1593
687 -689
688 -74
689 -55
690 -72
691 -55
692 -1955
693 -2827
694 -137
695 -163
696 -55
697 -198
698 -55
699 -1416
700 -750
701 -267
702 -119
703 -159
704 -298
705 -27
706 -528
707 -74
708 -410
709 -165
710 -142
711 -91
712 -127
713 -55
714 -970
715 -55
716 -472
717 -64
718 -1683
719 -105
720 -592
721 -172
722 -236
723 -5372
724 -55
725 -55
726 -74
727 -216
728 -55
729 -856
730 -648
731 -199
732 -123
733 -55
734 -588
735 -140
736 -55
737 -55
738 -4839
739 -159
740 -1303
741 -2274
742 -110
743 -100
744 -897
745 -1226
746 -55
747 -360
748 -65
749 -459
750 -117
751 -76
752 -153
753 -1010
754 -252
755 -69
756 -55
757 -55
758 -29
759 -55
760 -55
761 -2087
762 -127
763 -703
764 -55
765 -423
766 -251
767 -1793
768 -4096
769 -1364
770 -260
771 -2166
772 -4061
773 -96
774 -72
775 -59
776 -55
777 -3080
778 -55
779 -654
780 -201
781 -2533
782 -3177
783 -2899
784 -992
785 -55
786 -3305
787 -69
788 -1853
789 -281
790 -55
791 -33
792 -2583
793 -323
794 -11
795 -186
796 -55
797 -342
798 -4384
799 -1215
800 -339
801 -95
802 -96
803 -68
804 -365
805 -288
806 -46
807 -168
808 -244
809 -148
810 -88
811 -144
812 -55
813 -420
814 -25
815 -252
816 -99
817 -4283
818 -23
819 -255
820 -1778
821 -58
822 -549
823 -127
824 -165
825 -103
826 -45
827 -75
828 -217
829 -3074
830 -33
831 -445
832 -155
833 -115
834 -465
835 -58
836 -152
837 -403
838 -55
839 -177
840 -70
841 -156
842 -55
843 -55
844 -216
845 -55
846 -338
847 -1779
848 -1872
849 -222
850 -189
851 -157
852 -220
853 -341
854 -1789
855 -55
856 -907
857 -134
858 -55
859 -259
860 -20
861 -5141
862 -210
863 -55
864 -451
865 -194
866 -2159
867 -5150
868 -91
869 -740
870 -7977
871 -6975
872 -1355
873 -3982
874 -336
875 -85
876 -111
877 -290
878 -605
879 -727
880 -139
881 -706
882 -67
883 -183
884 -775
885 -314
886 -29
887 -37
888 -55
889 -55
890 -1829
891 -143
892 -1015
893 -186
894 -1613
895 -207
896 -120
897 -2683
898 -82
899 -1187
900 -380
901 -339
902 -359
903 -54
904 -1509
905 -116
906 -346
907 -543
908 -443
909 -523
910 -869
911 -185
912 -309
913 -55
914 -228
915 -55
916 -52
917 -55
918 -5775
919 -1850
920 -150
921 -517
922 -215
923 -52
924 -55
925 -55
926 -588
927 -5270
928 -3925
929 -228
930 -148
931 -68
932 -109
933 -84
934 -226
935 -55
936 -749
937 -276
938 -3681
939 -181
940 -803
941 -230
942 -90
943 -194
944 -265
945 -37
946 -1294
947 -82
948 -1075
949 -414
950 -380
951 -1661
952 -55
953 -509
954 -135
955 -176
956 -4442
957 -186
958 -375
959 -31
960 -209
961 -55
962 -307
963 -2070
964 -28
965 -1477
966 -54
967 -453
968 -168
969 -98
970 -55
971 -3879
972 -51
973 -3624
974 -1093
975 -375
976 -1291
977 -55
978 -238
979 -2295
980 -3580
981 -115
982 -308
983 -29
984 -56
985 -55
986 -278
987 -104
988 -1590
989 -70
990 -78
991 -1212
992 -170
993 -151
994 -86
995 -55
996 -3257
997 -454
998 -55
999 -538
