0 -139
1 -29
2 -112
3 -241
4 -178
5 -142
6 -29
7 -29
8 -257
9 -23
10 -208
11 -281
12 -33
13 -33
14 -23
15 -33
16 -166
17 -406
18 -326
19 -107
20 -190
21 -23
22 -121
23 -211
24 -216
25 -23
26 -33
27 -48
28 -33
29 -30
30 -297
31 -33
32 -72
33 -33
34 -323
35 -1773
36 -23
37 -126
38 -189
39 -8
40 -19
41 -33
42 -23
43 -33
44 -227
45 -75
46 -33
47 -551
48 -564
49 -77
50 -126
51 -76
52 -315
53 -23
54 -23
55 -444
56 -23
57 -33
58 -75
59 -30
60 -215
61 -23
62 -27
63 -402
64 -23
65 -133
66 -192
67 -203
68 -33
69 -271
70 -23
71 -57
72 -26
73 -598
74 -23
75 -161
76 -435
77 -749
78 -1093
79 -23
80 -376
81 -532
82 -250
83 -211
84 -107
85 -130
86 -255
87 -58
88 -23
89 -197
90 -754
91 -220
92 -23
93 -113
94 -23
95 -421
96 -171
97 -358
98 -46
99 -108
100 -374
101 -435
102 -56
103 -187
104 -23
105 -343
106 -149
107 -48
108 -30
109 -23
110 -342
111 -503
112 -148
113 -23
114 -94
115 -236
116 -23
117 -28
118 -23
119 -17
120 -119
121 -142
122 -31
123 -1058
124 -233
125 -289
126 -254
127 -33
128 -23
129 -289
130 -33
131 -149
132 -336
133 -204
134 -362
135 -13
136 -114
137 -23
138 -82
139 -33
140 -23
141 -33
142 -33
143 -214
144 -23
145 -33
146 -168
147 -326
148 -51
149 -132
150 -284
151 -23
152 -117
153 -23
154 -345
155 -33
156 -298
157 -711
158 -23
159 -259
160 -30
161 -73
162 -349
163 -115
164 -26
165 -228
166 -204
167 -411
168 -75
169 -150
170 -58
171 -23
172 -155
173 -131
174 -436
175 -190
176 -92
177 -330
178 -271
179 -44
180 -524
181 -19
182 -441
183 -33
184 -279
185 -310
186 -220
187 -11
188 -297
189 -104
190 -34
191 -95
192 -53
193 -361
194 -33
195 -442
196 -708
197 -33
198 -23
199 -313
200 -23
201 -37
202 -179
203 -680
204 -146
205 -33
206 -23
207 -54
208 -193
209 -174
210 -47
211 -42
212 -25
213 -365
214 -33
215 -173
216 -33
217 -23
218 -289
219 -109
220 -33
221 -204
222 -497
223 -96
224 -39
225 -337
226 -609
227 -86
228 -23
229 -1778
230 -174
231 -324
232 -33
233 -37
234 -33
235 -271
236 -272
237 -148
238 -357
239 -85
240 -23
241 -33
242 -42
243 -50
244 -219
245 -496
246 -421
247 -169
248 -67
249 -58
250 -144
251 -507
252 -304
253 -55
254 -23
255 -33
256 -543
257 -33
258 -798
259 -422
260 -23
261 -33
262 -29
263 -33
264 -216
265 -242
266 -38
267 -383
268 -33
269 -35
270 -405
271 -178
272 -33
273 -1233
274 -306
275 -33
276 -420
277 -346
278 -33
279 -23
280 -456
281 -463
282 -33
283 -108
284 -160
285 -23
286 -33
287 -68
288 -707
289 -307
290 -260
291 -33
292 -216
293 -144
294 -88
295 -244
296 -116
297 -181
298 -21
299 -104
300 -111
301 -45
302 -23
303 -23
304 -101
305 -296
306 -309
307 -520
308 -750
309 -48
310 -105
311 -23
312 -23
313 -189
314 -305
315 -99
316 -132
317 -191
318 -84
319 -381
320 -33
321 -63
322 -150
323 -33
324 -53
325 -55
326 -21
327 -39
328 -95
329 -189
330 -417
331 -286
332 -197
333 -23
334 -528
335 -176
336 -23
337 -28
338 -61
339 -33
340 -33
341 -209
342 -520
343 -880
344 -157
345 -137
346 -33
347 -63
348 -46
349 -348
350 -23
351 -23
352 -23
353 -155
354 -33
355 -23
356 -23
357 -524
358 -179
359 -320
360 -23
361 -23
362 -23
363 -81
364 -383
365 -23
366 -109
367 -23
368 -23
369 -203
370 -237
371 -23
372 -725
373 -1923
374 -29
375 -242
376 -370
377 -26
378 -152
379 -275
380 -734
381 -124
382 -123
383 -152
384 -23
385 -1741
386 -59
387 -22
388 -15
389 -2210
390 -33
391 -263
392 -49
393 -493
394 -134
395 -403
396 -154
397 -74
398 -24
399 -169
400 -33
401 -23
402 -157
403 -110
404 -248
405 -23
406 -172
407 -505
408 -23
409 -212
410 -33
411 -29
412 -142
413 -33
414 -75
415 -487
416 -159
417 -33
418 -51
419 -55
420 -23
421 -1040
422 -406
423 -418
424 -39
425 -27
426 -388
427 -151
428 -239
429 -23
430 -23
431 -68
432 -145
433 -439
434 -23
435 -22
436 -166
437 -23
438 -66
439 -26
440 -93
441 -146
442 -42
443 -312
444 -819
445 -101
446 -33
447 -78
448 -161
449 -33
450 -828
451 -193
452 -33
453 -114
454 -33
455 -23
456 -352
457 -33
458 -30
459 -60
460 -215
461 -91
462 -398
463 -207
464 -771
465 -33
466 -169
467 -33
468 -325
469 -70
470 -23
471 -99
472 -182
473 -102
474 -8
475 -417
476 -43
477 -82
478 -33
479 -33
480 -482
481 -23
482 -255
483 -729
484 -9
485 -37
486 -67
487 -33
488 -218
489 -149
490 -167
491 -33
492 -228
493 -108
494 -162
495 -23
496 -194
497 -37
498 -103
499 -186
500 -219
501 -33
502 -37
503 -178
504 -16
505 -43
506 -23
507 -73
508 -420
509 -182
510 -23
511 -242
512 -84
513 -33
514 -343
515 -385
516 -89
517 -33
518 -62
519 -211
520 -23
521 -232
522 -23
523 -1305
524 -546
525 -33
526 -159
527 -106
528 -216
529 -23
530 -100
531 -124
532 -214
533 -33
534 -33
535 -56
536 -23
537 -81
538 -255
539 -23
540 -14
541 -33
542 -13
543 -33
544 -29
545 -33
546 -56
547 -32
548 -246
549 -44
550 -10
551 -221
552 -143
553 -247
554 -168
555 -185
556 -136
557 -33
558 -533
559 -23
560 -580
561 -161
562 -33
563 -271
564 -65
565 -23
566 -256
567 -23
568 -33
569 -33
570 -23
571 -707
572 -361
573 -33
574 -133
575 -133
576 -39
577 -189
578 -174
579 -23
580 -41
581 -174
582 -895
583 -48
584 -497
585 -65
586 -23
587 -144
588 -23
589 -155
590 -141
591 -203
592 -84
593 -222
594 -140
595 -104
596 -1320
597 -44
598 -120
599 -81
600 -23
601 -244
602 -288
603 -350
604 -312
605 -101
606 -48
607 -23
608 -542
609 -23
610 -62
611 -261
612 -211
613 -189
614 -53
615 -32
616 -632
617 -85
618 -23
619 -142
620 -246
621 -23
622 -23
623 -516
624 -285
625 -329
626 -71
627 -207
628 -121
629 -158
630 -23
631 -359
632 -356
633 -33
634 -23
635 -50
636 -53
637 -27
638 -129
639 -119
640 -180
641 -23
642 -248
643 -259
644 -170
645 -251
646 -104
647 -44
648 -1250
649 -845
650 -689
651 -15
652 -177
653 -373
654 -23
655 -23
656 -60
657 -530
658 -11
659 -429
660 -23
661 -33
662 -53
663 -23
664 -32
665 -194
666 -262
667 -108
668 -405
669 -33
670 -23
671 -65
672 -23
673 -53
674 -23
675 -23
676 -23
677 -26
678 -38
679 -360
680 -201
681 -140
682 -33
683 -23
684 -23
685 -503
686 -1111
687 -171
688 -167
689 -50
690 -903
691 -23
692 -23
693 -23
694 -125
695 -278
696 -23
697 -23
698 -33
699 -615
700 -165
701 -234
702 -57
703 -33
704 -133
705 -76
706 -23
707 -229
708 -1025
709 -33
710 -23
711 -188
712 -23
713 -233
714 -23
715 -273
716 -33
717 -22
718 -484
719 -93
720 -200
721 -23
722 -286
723 -33
724 -65
725 -284
726 -380
727 -202
728 -193
729 -70
730 -159
731 -23
732 -24
733 -533
734 -989
735 -129
736 -219
737 -382
738 -23
739 -196
740 -23
741 -262
742 -30
743 -305
744 -33
745 -260
746 -87
747 -36
748 -27
749 -23
750 -38
751 -480
752 -322
753 -212
754 -96
755 -76
756 -131
757 -62
758 -281
759 -723
760 -23
761 -33
762 -132
763 -463
764 -119
765 -327
766 -259
767 -33
768 -33
769 -516
770 -572
771 -65
772 -303
773 -77
774 -74
775 -357
776 -23
777 -34
778 -134
779 -27
780 -23
781 -472
782 -936
783 -33
784 -70
785 -61
786 -146
787 -405
788 -190
789 -606
790 -23
791 -23
792 -33
793 -33
794 -33
795 -23
796 -635
797 -265
798 -41
799 -256
800 -439
801 -479
802 -70
803 -328
804 -23
805 -33
806 -122
807 -736
808 -368
809 -66
810 -154
811 -280
812 -91
813 -31
814 -10
815 -232
816 -23
817 -136
818 -143
819 -206
820 -18
821 -33
822 -78
823 -206
824 -118
825 -128
826 -1009
827 -40
828 -72
829 -157
830 -604
831 -33
832 -72
833 -90
834 -50
835 -33
836 -33
837 -33
838 -59
839 -201
840 -68
841 -95
842 -715
843 -461
844 -249
845 -135
846 -11
847 -432
848 -33
849 -1216
850 -177
851 -189
852 -23
853 -59
854 -23
855 -446
856 -458
857 -23
858 -59
859 -23
860 -33
861 -142
862 -23
863 -33
864 -970
865 -125
866 -33
867 -117
868 -23
869 -42
870 -38
871 -183
872 -397
873 -1010
874 -229
875 -370
876 -74
877 -210
878 -23
879 -33
880 -559
881 -50
882 -23
883 -45
884 -125
885 -321
886 -33
887 -23
888 -608
889 -35
890 -610
891 -23
892 -296
893 -23
894 -47
895 -29
896 -33
897 -23
898 -358
899 -23
900 -24
901 -397
902 -61
903 -457
904 -329
905 -335
906 -442
907 -95
908 -230
909 -31
910 -174
911 -190
912 -232
913 -1438
914 -67
915 -33
916 -29
917 -23
918 -599
919 -294
920 -171
921 -99
922 -23
923 -23
924 -84
925 -100
926 -220
927 -23
928 -23
929 -160
930 -523
931 -33
932 -23
933 -49
934 -23
935 -112
936 -23
937 -40
938 -36
939 -13
940 -324
941 -133
942 -33
943 -28
944 -76
945 -38
946 -523
947 -95
948 -23
949 -482
950 -363
951 -26
952 -697
953 -92
954 -33
955 -47
956 -23
957 -95
958 -46
959 -160
960 -170
961 -428
962 -43
963 -9
964 -33
965 -44
966 -176
967 -23
968 -82
969 -580
970 -111
971 -167
972 -44
973 -108
974 -22
975 -33
976 -15
977 -40
978 -33
979 -152
980 -306
981 -135
982 -83
983 -23
984 -860
985 -36
986 -62
987 -77
988 -23
989 -455
990 -33
991 -411
992 -73
993 -54
994 -33
995 -374
996 -95
997 -23
998 -23
999 -33
