0 -35
1 -35
2 -35
3 -35
4 -268
5 -36
6 -35
7 -246
8 -367
9 -561
10 -675
11 -188
12 -8
13 -286
14 -438
15 -118
16 -293
17 -327
18 -33
19 -33
20 -99
21 -153
22 -532
23 -33
24 -305
25 -93
26 -58
27 -35
28 -1304
29 -132
30 -33
31 -203
32 -35
33 -246
34 -148
35 -35
36 -28
37 -318
38 -44
39 -128
40 -846
41 -33
42 -57
43 -49
44 -35
45 -59
46 -445
47 -87
48 -33
49 -33
50 -350
51 -681
52 -539
53 -332
54 -33
55 -327
56 -33
57 -53
58 -35
59 -35
60 -35
61 -99
62 -1262
63 -43
64 -55
65 -35
66 -33
67 -35
68 -35
69 -532
70 -305
71 -282
72 -344
73 -33
74 -37
75 -83
76 -125
77 -907
78 -34
79 -316
80 -33
81 -35
82 -116
83 -681
84 -297
85 -176
86 -435
87 -300
88 -35
89 -338
90 -282
91 -33
92 -173
93 -139
94 -832
95 -66
96 -33
97 -99
98 -329
99 -35
100 -202
101 -455
102 -129
103 -42
104 -35
105 -348
106 -314
107 -531
108 -94
109 -35
110 -95
111 -123
112 -35
113 -73
114 -63
115 -595
116 -147
117 -110
118 -538
119 -35
120 -426
121 -88
122 -55
123 -113
124 -21
125 -32
126 -47
127 -33
128 -35
129 -33
130 -207
131 -59
132 -119
133 -463
134 -171
135 -1817
136 -76
137 -16
138 -33
139 -59
140 -8
141 -478
142 -35
143 -33
144 -161
145 -98
146 -73
147 -805
148 -321
149 -139
150 -314
151 -33
152 -33
153 -33
154 -1001
155 -26
156 -74
157 -33
158 -35
159 -84
160 -33
161 -34
162 -113
163 -283
164 -561
165 -15
166 -276
167 -240
168 -45
169 -152
170 -425
171 -56
172 -201
173 -1218
174 -182
175 -1421
176 -33
177 -35
178 -850
179 -148
180 -1001
181 -33
182 -895
183 -90
184 -33
185 -33
186 -65
187 -39
188 -33
189 -75
190 -35
191 -875
192 -33
193 -35
194 -35
195 -33
196 -878
197 -87
198 -60
199 -495
200 -117
201 -35
202 -511
203 -35
204 -52
205 -68
206 -499
207 -216
208 -668
209 -214
210 -266
211 -61
212 -228
213 -328
214 -75
215 -212
216 -35
217 -35
218 -35
219 -105
220 -63
221 -425
222 -35
223 -209
224 -97
225 -139
226 -17
227 -220
228 -187
229 -160
230 -33
231 -233
232 -33
233 -35
234 -41
235 -101
236 -617
237 -447
238 -33
239 -62
240 -41
241 -63
242 -66
243 -287
244 -42
245 -415
246 -31
247 -730
248 -714
249 -38
250 -63
251 -375
252 -628
253 -35
254 -34
255 -116
256 -41
257 -268
258 -166
259 -101
260 -35
261 -113
262 -328
263 -506
264 -392
265 -949
266 -1505
267 -785
268 -33
269 -575
270 -33
271 -33
272 -150
273 -164
274 -120
275 -40
276 -106
277 -324
278 -426
279 -148
280 -33
281 -33
282 -35
283 -168
284 -1280
285 -63
286 -56
287 -66
288 -107
289 -222
290 -35
291 -224
292 -35
293 -353
294 -978
295 -33
296 -670
297 -161
298 -35
299 -267
300 -425
301 -504
302 -35
303 -1732
304 -130
305 -2003
306 -152
307 -33
308 -2041
309 -72
310 -92
311 -33
312 -323
313 -70
314 -206
315 -33
316 -33
317 -33
318 -207
319 -54
320 -575
321 -150
322 -367
323 -35
324 -35
325 -356
326 -143
327 -33
328 -35
329 -117
330 -34
331 -159
332 -35
333 -86
334 -41
335 -676
336 -33
337 -499
338 -35
339 -35
340 -35
341 -48
342 -212
343 -35
344 -33
345 -116
346 -33
347 -33
348 -35
349 -590
350 -54
351 -662
352 -124
353 -299
354 -33
355 -325
356 -604
357 -63
358 -118
359 -35
360 -35
361 -36
362 -327
363 -144
364 -770
365 -33
366 -189
367 -2169
368 -149
369 -1682
370 -35
371 -16
372 -343
373 -33
374 -40
375 -121
376 -324
377 -234
378 -407
379 -436
380 -1460
381 -42
382 -122
383 -140
384 -55
385 -55
386 -641
387 -336
388 -33
389 -33
390 -256
391 -468
392 -45
393 -429
394 -214
395 -169
396 -165
397 -33
398 -35
399 -5075
400 -35
401 -58
402 -35
403 -35
404 -1643
405 -419
406 -3391
407 -103
408 -280
409 -122
410 -894
411 -751
412 -696
413 -55
414 -213
415 -175
416 -35
417 -522
418 -188
419 -35
420 -51
421 -61
422 -33
423 -835
424 -290
425 -1005
426 -195
427 -267
428 -33
429 -220
430 -35
431 -372
432 -33
433 -272
434 -215
435 -276
436 -386
437 -379
438 -33
439 -423
440 -58
441 -190
442 -269
443 -514
444 -254
445 -796
446 -33
447 -166
448 -99
449 -35
450 -33
451 -32
452 -33
453 -33
454 -2661
455 -35
456 -166
457 -231
458 -34
459 -161
460 -619
461 -952
462 -352
463 -219
464 -33
465 -33
466 -48
467 -203
468 -35
469 -33
470 -1145
471 -35
472 -48
473 -217
474 -35
475 -33
476 -23
477 -204
478 -297
479 -515
480 -33
481 -349
482 -108
483 -33
484 -138
485 -33
486 -123
487 -482
488 -257
489 -37
490 -33
491 -35
492 -35
493 -174
494 -35
495 -35
496 -328
497 -2839
498 -779
499 -33
500 -212
501 -175
502 -1270
503 -33
504 -35
505 -143
506 -47
507 -33
508 -109
509 -33
510 -292
511 -35
512 -33
513 -307
514 -35
515 -194
516 -245
517 -90
518 -70
519 -316
520 -410
521 -35
522 -39
523 -33
524 -138
525 -390
526 -13
527 -29
528 -35
529 -282
530 -1161
531 -975
532 -33
533 -66
534 -539
535 -348
536 -247
537 -173
538 -114
539 -291
540 -155
541 -811
542 -51
543 -108
544 -227
545 -957
546 -252
547 -464
548 -772
549 -139
550 -260
551 -35
552 -420
553 -119
554 -36
555 -33
556 -33
557 -204
558 -73
559 -171
560 -40
561 -72
562 -42
563 -33
564 -475
565 -521
566 -25
567 -106
568 -178
569 -66
570 -678
571 -24
572 -103
573 -406
574 -459
575 -394
576 -33
577 -101
578 -95
579 -57
580 -77
581 -33
582 -312
583 -531
584 -233
585 -88
586 -672
587 -61
588 -3355
589 -58
590 -254
591 -312
592 -35
593 -4100
594 -33
595 -35
596 -33
597 -33
598 -33
599 -33
600 -201
601 -602
602 -229
603 -246
604 -35
605 -257
606 -40
607 -130
608 -863
609 -505
610 -584
611 -1416
612 -158
613 -35
614 -57
615 -612
616 -33
617 -395
618 -594
619 -35
620 -354
621 -33
622 -33
623 -266
624 -35
625 -278
626 -145
627 -50
628 -33
629 -33
630 -601
631 -189
632 -260
633 -134
634 -33
635 -930
636 -73
637 -160
638 -188
639 -499
640 -33
641 -334
642 -56
643 -411
644 -33
645 -168
646 -174
647 -691
648 -35
649 -140
650 -383
651 -69
652 -35
653 -35
654 -432
655 -269
656 -323
657 -97
658 -86
659 -68
660 -140
661 -82
662 -86
663 -241
664 -33
665 -1623
666 -2059
667 -142
668 -179
669 -340
670 -35
671 -399
672 -52
673 -151
674 -183
675 -74
676 -93
677 -35
678 -113
679 -35
680 -626
681 -117
682 -33
683 -41
684 -167
685 -181
686 -18
687 -250
688 -446
689 -92
690 -53
691 -508
692 -137
693 -513
694 -35
695 -22
696 -490
697 -200
698 -85
699 -35
700 -33
701 -187
702 -94
703 -83
704 -33
705 -179
706 -510
707 -35
708 -33
709 -282
710 -360
711 -18
712 -33
713 -186
714 -212
715 -148
716 -65
717 -18
718 -467
719 -199
720 -35
721 -55
722 -358
723 -53
724 -161
725 -35
726 -33
727 -162
728 -33
729 -37
730 -94
731 -286
732 -33
733 -33
734 -137
735 -190
736 -27
737 -416
738 -131
739 -94
740 -197
741 -449
742 -237
743 -126
744 -49
745 -156
746 -89
747 -287
748 -33
749 -36
750 -50
751 -33
752 -94
753 -323
754 -265
755 -105
756 -98
757 -247
758 -124
759 -35
760 -33
761 -321
762 -66
763 -71
764 -183
765 -28
766 -35
767 -91
768 -222
769 -35
770 -80
771 -35
772 -360
773 -544
774 -301
775 -302
776 -92
777 -35
778 -260
779 -35
780 -49
781 -256
782 -265
783 -30
784 -332
785 -33
786 -33
787 -931
788 -65
789 -189
790 -486
791 -1503
792 -704
793 -359
794 -35
795 -75
796 -35
797 -35
798 -33
799 -621
800 -792
801 -115
802 -168
803 -141
804 -821
805 -33
806 -274
807 -190
808 -269
809 -35
810 -68
811 -423
812 -1038
813 -148
814 -231
815 -35
816 -563
817 -1431
818 -2578
819 -24
820 -33
821 -252
822 -92
823 -35
824 -307
825 -55
826 -81
827 -93
828 -244
829 -134
830 -33
831 -1088
832 -344
833 -557
834 -291
835 -983
836 -305
837 -69
838 -129
839 -494
840 -35
841 -338
842 -61
843 -1671
844 -174
845 -149
846 -33
847 -261
848 -35
849 -126
850 -289
851 -245
852 -38
853 -653
854 -29
855 -35
856 -652
857 -369
858 -35
859 -2164
860 -1028
861 -172
862 -256
863 -97
864 -35
865 -355
866 -24
867 -166
868 -33
869 -56
870 -338
871 -33
872 -96
873 -35
874 -563
875 -60
876 -33
877 -108
878 -35
879 -346
880 -675
881 -79
882 -35
883 -93
884 -334
885 -162
886 -190
887 -523
888 -271
889 -517
890 -35
891 -187
892 -664
893 -70
894 -12
895 -162
896 -33
897 -33
898 -331
899 -33
900 -269
901 -128
902 -621
903 -86
904 -1142
905 -88
906 -101
907 -124
908 -137
909 -468
910 -16
911 -33
912 -33
913 -33
914 -40
915 -47
916 -238
917 -33
918 -257
919 -363
920 -33
921 -97
922 -1695
923 -33
924 -755
925 -143
926 -35
927 -676
928 -35
929 -170
930 -340
931 -275
932 -35
933 -150
934 -33
935 -76
936 -147
937 -499
938 -90
939 -22
940 -342
941 -240
942 -58
943 -441
944 -33
945 -95
946 -33
947 -609
948 -271
949 -266
950 -68
951 -47
952 -79
953 -21
954 -565
955 -33
956 -183
957 -469
958 -43
959 -182
960 -33
961 -199
962 -35
963 -33
964 -35
965 -35
966 -144
967 -33
968 -1299
969 -33
970 -494
971 -284
972 -33
973 -127
974 -1735
975 -80
976 -104
977 -56
978 -33
979 -226
980 -186
981 -204
982 -35
983 -287
984 -1053
985 -139
986 -33
987 -62
988 -746
989 -3016
990 -187
991 -33
992 -275
993 -367
994 -35
995 -35
996 -128
997 -93
998 -223
999 -175
