0 -88
1 -23
2 -33
3 -33
4 -1368
5 -367
6 -23
7 -23
8 -223
9 -417
10 -97
11 -544
12 -23
13 -23
14 -61
15 -23
16 -537
17 -33
18 -249
19 -366
20 -302
21 -164
22 -329
23 -191
24 -41
25 -165
26 -33
27 -527
28 -441
29 -131
30 -23
31 -15
32 -33
33 -33
34 -176
35 -73
36 -969
37 -259
38 -13
39 -72
40 -867
41 -311
42 -200
43 -137
44 -28
45 -320
46 -23
47 -442
48 -149
49 -114
50 -168
51 -649
52 -179
53 -188
54 -133
55 -328
56 -87
57 -605
58 -23
59 -486
60 -164
61 -23
62 -86
63 -33
64 -177
65 -176
66 -33
67 -116
68 -686
69 -192
70 -23
71 -23
72 -50
73 -23
74 -252
75 -48
76 -279
77 -55
78 -312
79 -23
80 -42
81 -272
82 -23
83 -389
84 -33
85 -23
86 -162
87 -171
88 -252
89 -33
90 -23
91 -70
92 -389
93 -59
94 -68
95 -53
96 -23
97 -200
98 -399
99 -153
100 -33
101 -94
102 -33
103 -192
104 -33
105 -406
106 -93
107 -33
108 -118
109 -23
110 -597
111 -27
112 -121
113 -23
114 -34
115 -245
116 -209
117 -35
118 -259
119 -377
120 -33
121 -203
122 -500
123 -91
124 -23
125 -72
126 -63
127 -244
128 -185
129 -278
130 -50
131 -16
132 -23
133 -294
134 -221
135 -23
136 -23
137 -44
138 -805
139 -23
140 -90
141 -93
142 -126
143 -312
144 -365
145 -257
146 -23
147 -23
148 -23
149 -166
150 -54
151 -100
152 -77
153 -612
154 -57
155 -616
156 -549
157 -23
158 -33
159 -23
160 -568
161 -286
162 -95
163 -23
164 -188
165 -98
166 -423
167 -410
168 -20
169 -115
170 -213
171 -315
172 -69
173 -203
174 -446
175 -571
176 -153
177 -410
178 -23
179 -430
180 -33
181 -24
182 -33
183 -238
184 -33
185 -23
186 -33
187 -181
188 -49
189 -19
190 -232
191 -33
192 -23
193 -586
194 -394
195 -468
196 -23
197 -23
198 -33
199 -112
200 -180
201 -95
202 -117
203 -249
204 -33
205 -412
206 -194
207 -23
208 -136
209 -722
210 -186
211 -64
212 -1081
213 -118
214 -91
215 -155
216 -43
217 -24
218 -996
219 -75
220 -94
221 -23
222 -23
223 -23
224 -23
225 -88
226 -275
227 -151
228 -225
229 -186
230 -227
231 -446
232 -36
233 -152
234 -83
235 -300
236 -400
237 -233
238 -52
239 -161
240 -865
241 -675
242 -474
243 -82
244 -33
245 -23
246 -33
247 -264
248 -23
249 -135
250 -36
251 -23
252 -150
253 -155
254 -33
255 -33
256 -325
257 -107
258 -33
259 -243
260 -33
261 -33
262 -89
263 -197
264 -23
265 -30
266 -23
267 -177
268 -69
269 -33
270 -33
271 -120
272 -33
273 -55
274 -33
275 -84
276 -33
277 -33
278 -33
279 -214
280 -414
281 -11
282 -348
283 -191
284 -97
285 -33
286 -23
287 -23
288 -101
289 -271
290 -33
291 -23
292 -110
293 -23
294 -29
295 -13
296 -363
297 -382
298 -128
299 -42
300 -290
301 -49
302 -23
303 -152
304 -365
305 -33
306 -338
307 -192
308 -23
309 -748
310 -72
311 -350
312 -162
313 -23
314 -685
315 -28
316 -44
317 -33
318 -33
319 -38
320 -33
321 -33
322 -68
323 -28
324 -37
325 -336
326 -219
327 -338
328 -285
329 -54
330 -57
331 -10
332 -23
333 -33
334 -33
335 -93
336 -33
337 -441
338 -23
339 -27
340 -150
341 -257
342 -114
343 -23
344 -230
345 -159
346 -24
347 -266
348 -24
349 -68
350 -33
351 -247
352 -73
353 -23
354 -1058
355 -33
356 -278
357 -420
358 -241
359 -323
360 -1377
361 -23
362 -378
363 -23
364 -23
365 -165
366 -216
367 -24
368 -313
369 -23
370 -33
371 -33
372 -157
373 -33
374 -33
375 -130
376 -549
377 -118
378 -33
379 -67
380 -605
381 -55
382 -305
383 -28
384 -101
385 -23
386 -80
387 -215
388 -33
389 -255
390 -33
391 -25
392 -17
393 -23
394 -33
395 -74
396 -33
397 -25
398 -23
399 -105
400 -33
401 -645
402 -463
403 -23
404 -23
405 -1050
406 -23
407 -261
408 -157
409 -33
410 -200
411 -33
412 -109
413 -364
414 -196
415 -23
416 -23
417 -137
418 -33
419 -161
420 -84
421 -214
422 -23
423 -610
424 -33
425 -23
426 -233
427 -431
428 -116
429 -23
430 -23
431 -228
432 -23
433 -33
434 -34
435 -250
436 -46
437 -438
438 -124
439 -181
440 -23
441 -97
442 -161
443 -103
444 -23
445 -214
446 -172
447 -33
448 -33
449 -166
450 -23
451 -33
452 -95
453 -330
454 -91
455 -24
456 -85
457 -92
458 -31
459 -221
460 -223
461 -716
462 -160
463 -50
464 -214
465 -10
466 -33
467 -24
468 -142
469 -271
470 -23
471 -110
472 -23
473 -827
474 -44
475 -143
476 -31
477 -90
478 -320
479 -1003
480 -33
481 -898
482 -23
483 -301
484 -390
485 -559
486 -363
487 -99
488 -365
489 -223
490 -33
491 -33
492 -365
493 -36
494 -83
495 -33
496 -123
497 -33
498 -159
499 -23
500 -54
501 -65
502 -257
503 -53
504 -23
505 -169
506 -56
507 -654
508 -535
509 -33
510 -25
511 -166
512 -197
513 -33
514 -8410
515 -57
516 -134
517 -63
518 -376
519 -33
520 -124
521 -26
522 -63
523 -151
524 -287
525 -321
526 -514
527 -23
528 -178
529 -35
530 -50
531 -79
532 -230
533 -69
534 -43
535 -41
536 -669
537 -40
538 -37
539 -435
540 -23
541 -185
542 -407
543 -221
544 -83
545 -33
546 -154
547 -23
548 -23
549 -1393
550 -112
551 -176
552 -918
553 -35
554 -33
555 -95
556 -67
557 -255
558 -214
559 -370
560 -359
561 -149
562 -374
563 -68
564 -196
565 -23
566 -23
567 -328
568 -280
569 -33
570 -23
571 -23
572 -65
573 -33
574 -33
575 -141
576 -127
577 -230
578 -360
579 -33
580 -33
581 -791
582 -221
583 -298
584 -100
585 -33
586 -108
587 -177
588 -23
589 -33
590 -69
591 -171
592 -33
593 -33
594 -33
595 -144
596 -78
597 -23
598 -399
599 -115
600 -95
601 -63
602 -275
603 -82
604 -304
605 -68
606 -430
607 -206
608 -155
609 -37
610 -33
611 -212
612 -38
613 -88
614 -152
615 -33
616 -147
617 -33
618 -105
619 -151
620 -194
621 -140
622 -33
623 -145
624 -170
625 -33
626 -33
627 -516
628 -23
629 -23
630 -2378
631 -33
632 -23
633 -94
634 -106
635 -402
636 -894
637 -23
638 -338
639 -73
640 -158
641 -86
642 -78
643 -33
644 -137
645 -101
646 -79
647 -237
648 -33
649 -87
650 -437
651 -316
652 -189
653 -10
654 -165
655 -367
656 -23
657 -33
658 -36
659 -23
660 -33
661 -267
662 -110
663 -639
664 -15
665 -40
666 -33
667 -67
668 -92
669 -51
670 -205
671 -633
672 -203
673 -110
674 -192
675 -433
676 -217
677 -359
678 -39
679 -168
680 -23
681 -23
682 -37
683 -242
684 -23
685 -195
686 -33
687 -33
688 -180
689 -33
690 -324
691 -270
692 -55
693 -645
694 -48
695 -66
696 -348
697 -23
698 -84
699 -573
700 -393
701 -73
702 -33
703 -758
704 -23
705 -33
706 -23
707 -76
708 -219
709 -247
710 -1528
711 -150
712 -23
713 -123
714 -72
715 -1090
716 -39
717 -346
718 -176
719 -138
720 -423
721 -141
722 -23
723 -33
724 -353
725 -4156
726 -35
727 -33
728 -33
729 -203
730 -23
731 -49
732 -156
733 -33
734 -23
735 -699
736 -996
737 -204
738 -49
739 -33
740 -231
741 -9
742 -409
743 -33
744 -107
745 -23
746 -59
747 -177
748 -167
749 -33
750 -239
751 -101
752 -23
753 -372
754 -200
755 -23
756 -34
757 -33
758 -47
759 -23
760 -89
761 -198
762 -342
763 -23
764 -23
765 -431
766 -33
767 -23
768 -27
769 -101
770 -27
771 -308
772 -149
773 -62
774 -292
775 -33
776 -99
777 -83
778 -406
779 -72
780 -33
781 -33
782 -23
783 -390
784 -98
785 -51
786 -26
787 -487
788 -189
789 -54
790 -40
791 -19
792 -76
793 -237
794 -46
795 -33
796 -23
797 -23
798 -484
799 -130
800 -33
801 -360
802 -300
803 -33
804 -250
805 -332
806 -403
807 -546
808 -63
809 -97
810 -315
811 -239
812 -114
813 -182
814 -33
815 -399
816 -428
817 -58
818 -69
819 -114
820 -73
821 -144
822 -48
823 -33
824 -687
825 -156
826 -216
827 -62
828 -23
829 -33
830 -33
831 -284
832 -365
833 -61
834 -174
835 -33
836 -354
837 -33
838 -432
839 -33
840 -169
841 -23
842 -293
843 -294
844 -172
845 -457
846 -307
847 -23
848 -618
849 -33
850 -165
851 -49
852 -105
853 -72
854 -232
855 -106
856 -160
857 -105
858 -23
859 -23
860 -113
861 -485
862 -92
863 -33
864 -51
865 -376
866 -33
867 -125
868 -28
869 -23
870 -33
871 -395
872 -532
873 -350
874 -23
875 -234
876 -23
877 -321
878 -190
879 -62
880 -67
881 -124
882 -117
883 -207
884 -23
885 -33
886 -33
887 -23
888 -388
889 -97
890 -23
891 -80
892 -524
893 -598
894 -220
895 -412
896 -202
897 -297
898 -23
899 -39
900 -681
901 -36
902 -23
903 -23
904 -142
905 -75
906 -33
907 -24
908 -526
909 -84
910 -648
911 -950
912 -233
913 -234
914 -342
915 -34
916 -66
917 -33
918 -23
919 -82
920 -140
921 -23
922 -23
923 -399
924 -25
925 -33
926 -23
927 -264
928 -23
929 -197
930 -46
931 -68
932 -33
933 -33
934 -88
935 -36
936 -26
937 -31
938 -144
939 -210
940 -289
941 -23
942 -62
943 -33
944 -236
945 -361
946 -47
947 -33
948 -33
949 -33
950 -232
951 -33
952 -168
953 -130
954 -32
955 -15
956 -23
957 -177
958 -33
959 -211
960 -216
961 -33
962 -776
963 -23
964 -33
965 -23
966 -343
967 -153
968 -61
969 -23
970 -56
971 -23
972 -23
973 -440
974 -190
975 -68
976 -123
977 -304
978 -67
979 -82
980 -147
981 -50
982 -171
983 -81
984 -129
985 -80
986 -447
987 -234
988 -775
989 -236
990 -45
991 -397
992 -982
993 -188
994 -243
995 -33
996 -390
997 -1004
998 -287
999 -252
