0 -31
1 -196
2 -503
3 -23
4 -23
5 -154
6 -234
7 -447
8 -35
9 -58
10 -93
11 -23
12 -23
13 -246
14 -152
15 -32
16 -114
17 -53
18 -85
19 -23
20 -33
21 -471
22 -406
23 -139
24 -440
25 -285
26 -33
27 -93
28 -117
29 -35
30 -183
31 -33
32 -33
33 -35
34 -586
35 -213
36 -147
37 -23
38 -565
39 -76
40 -310
41 -23
42 -23
43 -35
44 -144
45 -35
46 -301
47 -33
48 -230
49 -33
50 -153
51 -33
52 -198
53 -819
54 -77
55 -137
56 -69
57 -210
58 -23
59 -302
60 -118
61 -479
62 -49
63 -33
64 -181
65 -92
66 -33
67 -35
68 -35
69 -162
70 -72
71 -33
72 -332
73 -279
74 -128
75 -35
76 -36
77 -33
78 -35
79 -152
80 -23
81 -33
82 -35
83 -620
84 -410
85 -91
86 -83
87 -35
88 -161
89 -23
90 -139
91 -286
92 -23
93 -181
94 -33
95 -178
96 -111
97 -30
98 -23
99 -35
100 -23
101 -33
102 -33
103 -35
104 -93
105 -35
106 -293
107 -33
108 -343
109 -334
110 -33
111 -23
112 -35
113 -33
114 -33
115 -604
116 -666
117 -23
118 -130
119 -54
120 -278
121 -76
122 -35
123 -35
124 -40
125 -32
126 -23
127 -35
128 -33
129 -105
130 -37
131 -101
132 -255
133 -53
134 -24
135 -33
136 -43
137 -23
138 -23
139 -23
140 -26
141 -35
142 -148
143 -118
144 -190
145 -33
146 -110
147 -58
148 -86
149 -35
150 -457
151 -233
152 -189
153 -694
154 -35
155 -49
156 -51
157 -85
158 -126
159 -23
160 -35
161 -31
162 -659
163 -123
164 -35
165 -87
166 -35
167 -23
168 -126
169 -75
170 -33
171 -33
172 -33
173 -23
174 -329
175 -35
176 -229
177 -104
178 -35
179 -90
180 -60
181 -122
182 -362
183 -52
184 -24
185 -198
186 -218
187 -150
188 -35
189 -266
190 -103
191 -33
192 -108
193 -33
194 -35
195 -43
196 -37
197 -216
198 -23
199 -118
200 -35
201 -23
202 -33
203 -23
204 -280
205 -35
206 -95
207 -797
208 -33
209 -553
210 -86
211 -506
212 -421
213 -23
214 -61
215 -35
216 -33
217 -347
218 -181
219 -44
220 -464
221 -93
222 -90
223 -411
224 -33
225 -128
226 -401
227 -33
228 -46
229 -82
230 -397
231 -22
232 -23
233 -150
234 -129
235 -33
236 -43
237 -23
238 -43
239 -443
240 -128
241 -23
242 -258
243 -138
244 -59
245 -3719
246 -39
247 -134
248 -8
249 -283
250 -152
251 -23
252 -494
253 -35
254 -43
255 -66
256 -51
257 -102
258 -35
259 -101
260 -35
261 -359
262 -218
263 -36
264 -283
265 -155
266 -33
267 -23
268 -35
269 -229
270 -23
271 -92
272 -35
273 -57
274 -34
275 -75
276 -48
277 -296
278 -33
279 -149
280 -290
281 -33
282 -23
283 -390
284 -309
285 -365
286 -46
287 -716
288 -35
289 -33
290 -35
291 -57
292 -35
293 -165
294 -181
295 -441
296 -23
297 -44
298 -23
299 -35
300 -68
301 -35
302 -35
303 -33
304 -215
305 -35
306 -404
307 -172
308 -928
309 -123
310 -534
311 -213
312 -23
313 -35
314 -33
315 -23
316 -162
317 -72
318 -42
319 -597
320 -38
321 -110
322 -23
323 -259
324 -154
325 -35
326 -31
327 -103
328 -103
329 -42
330 -33
331 -23
332 -35
333 -365
334 -51
335 -107
336 -158
337 -51
338 -35
339 -204
340 -23
341 -790
342 -192
343 -23
344 -23
345 -33
346 -40
347 -23
348 -171
349 -33
350 -135
351 -376
352 -217
353 -23
354 -23
355 -169
356 -23
357 -33
358 -48
359 -35
360 -33
361 -23
362 -88
363 -96
364 -35
365 -658
366 -61
367 -23
368 -335
369 -23
370 -303
371 -173
372 -233
373 -35
374 -421
375 -397
376 -980
377 -124
378 -35
379 -188
380 -33
381 -60
382 -33
383 -58
384 -23
385 -23
386 -311
387 -114
388 -32
389 -107
390 -23
391 -485
392 -33
393 -312
394 -270
395 -35
396 -42
397 -183
398 -295
399 -112
400 -24
401 -212
402 -36
403 -84
404 -23
405 -23
406 -36
407 -106
408 -121
409 -23
410 -393
411 -23
412 -35
413 -23
414 -363
415 -108
416 -52
417 -200
418 -249
419 -789
420 -158
421 -33
422 -175
423 -35
424 -35
425 -51
426 -91
427 -265
428 -309
429 -213
430 -23
431 -88
432 -57
433 -35
434 -275
435 -33
436 -249
437 -391
438 -354
439 -370
440 -35
441 -13
442 -95
443 -366
444 -128
445 -23
446 -196
447 -94
448 -23
449 -157
450 -39
451 -185
452 -33
453 -33
454 -426
455 -200
456 -23
457 -122
458 -33
459 -24
460 -33
461 -296
462 -33
463 -33
464 -334
465 -35
466 -33
467 -245
468 -33
469 -23
470 -104
471 -870
472 -22
473 -45
474 -118
475 -35
476 -133
477 -33
478 -228
479 -33
480 -70
481 -68
482 -23
483 -23
484 -107
485 -86
486 -35
487 -33
488 -23
489 -90
490 -33
491 -253
492 -35
493 -460
494 -23
495 -243
496 -35
497 -124
498 -37
499 -195
500 -259
501 -255
502 -33
503 -99
504 -33
505 -116
506 -23
507 -312
508 -186
509 -259
510 -765
511 -125
512 -716
513 -143
514 -86
515 -309
516 -364
517 -23
518 -33
519 -27
520 -23
521 -153
522 -35
523 -76
524 -151
525 -35
526 -33
527 -260
528 -86
529 -315
530 -73
531 -134
532 -158
533 -418
534 -23
535 -299
536 -86
537 -23
538 -289
539 -35
540 -35
541 -23
542 -33
543 -241
544 -212
545 -182
546 -23
547 -947
548 -209
549 -33
550 -35
551 -23
552 -203
553 -35
554 -51
555 -26
556 -89
557 -59
558 -139
559 -238
560 -259
561 -33
562 -88
563 -238
564 -137
565 -83
566 -35
567 -135
568 -71
569 -35
570 -35
571 -64
572 -194
573 -143
574 -88
575 -952
576 -234
577 -35
578 -48
579 -121
580 -323
581 -415
582 -33
583 -158
584 -506
585 -33
586 -117
587 -23
588 -77
589 -23
590 -86
591 -23
592 -101
593 -29
594 -35
595 -23
596 -33
597 -119
598 -153
599 -192
600 -35
601 -33
602 -23
603 -35
604 -23
605 -207
606 -23
607 -90
608 -67
609 -162
610 -54
611 -79
612 -23
613 -33
614 -43
615 -342
616 -700
617 -443
618 -192
619 -35
620 -23
621 -310
622 -23
623 -62
624 -24
625 -31
626 -69
627 -35
628 -86
629 -33
630 -35
631 -421
632 -35
633 -246
634 -33
635 -22
636 -33
637 -23
638 -731
639 -35
640 -202
641 -131
642 -33
643 -23
644 -33
645 -80
646 -35
647 -41
648 -160
649 -35
650 -34
651 -749
652 -204
653 -23
654 -380
655 -56
656 -33
657 -139
658 -33
659 -23
660 -33
661 -60
662 -33
663 -73
664 -394
665 -182
666 -38
667 -288
668 -166
669 -23
670 -35
671 -23
672 -23
673 -91
674 -313
675 -33
676 -260
677 -34
678 -81
679 -23
680 -117
681 -108
682 -125
683 -23
684 -33
685 -35
686 -35
687 -94
688 -104
689 -58
690 -23
691 -253
692 -23
693 -307
694 -67
695 -58
696 -48
697 -35
698 -33
699 -30
700 -34
701 -1314
702 -26
703 -35
704 -33
705 -86
706 -35
707 -44
708 -536
709 -35
710 -35
711 -87
712 -391
713 -35
714 -423
715 -669
716 -239
717 -143
718 -35
719 -85
720 -100
721 -33
722 -33
723 -23
724 -1485
725 -148
726 -74
727 -33
728 -168
729 -23
730 -33
731 -61
732 -35
733 -35
734 -33
735 -35
736 -398
737 -46
738 -47
739 -487
740 -665
741 -35
742 -222
743 -67
744 -58
745 -185
746 -216
747 -35
748 -33
749 -33
750 -33
751 -23
752 -303
753 -35
754 -35
755 -96
756 -156
757 -83
758 -469
759 -71
760 -33
761 -39
762 -23
763 -23
764 -33
765 -23
766 -33
767 -32
768 -340
769 -31
770 -308
771 -101
772 -587
773 -97
774 -198
775 -171
776 -55
777 -83
778 -23
779 -77
780 -201
781 -23
782 -369
783 -269
784 -33
785 -33
786 -222
787 -23
788 -23
789 -316
790 -69
791 -85
792 -27
793 -844
794 -252
795 -443
796 -47
797 -35
798 -145
799 -35
800 -152
801 -180
802 -40
803 -141
804 -35
805 -33
806 -1427
807 -308
808 -33
809 -383
810 -35
811 -138
812 -594
813 -33
814 -23
815 -47
816 -286
817 -267
818 -1185
819 -261
820 -23
821 -48
822 -743
823 -122
824 -32
825 -726
826 -154
827 -75
828 -63
829 -128
830 -70
831 -23
832 -35
833 -35
834 -526
835 -23
836 -122
837 -61
838 -33
839 -33
840 -35
841 -35
842 -327
843 -150
844 -365
845 -160
846 -105
847 -96
848 -70
849 -362
850 -35
851 -23
852 -33
853 -284
854 -93
855 -493
856 -35
857 -217
858 -393
859 -68
860 -767
861 -255
862 -33
863 -629
864 -27
865 -417
866 -23
867 -33
868 -33
869 -289
870 -23
871 -32
872 -197
873 -33
874 -307
875 -86
876 -809
877 -23
878 -318
879 -127
880 -81
881 -35
882 -462
883 -296
884 -256
885 -461
886 -23
887 -46
888 -157
889 -188
890 -23
891 -163
892 -47
893 -262
894 -43
895 -142
896 -94
897 -23
898 -33
899 -292
900 -35
901 -71
902 -160
903 -3387
904 -35
905 -35
906 -349
907 -253
908 -111
909 -81
910 -33
911 -209
912 -293
913 -35
914 -23
915 -93
916 -93
917 -35
918 -37
919 -23
920 -33
921 -23
922 -33
923 -23
924 -33
925 -196
926 -35
927 -218
928 -23
929 -74
930 -75
931 -131
932 -86
933 -309
934 -33
935 -236
936 -236
937 -35
938 -341
939 -33
940 -23
941 -48
942 -35
943 -33
944 -526
945 -142
946 -33
947 -35
948 -13
949 -23
950 -27
951 -426
952 -174
953 -102
954 -35
955 -128
956 -255
957 -77
958 -35
959 -40
960 -110
961 -47
962 -129
963 -33
964 -35
965 -33
966 -232
967 -588
968 -23
969 -361
970 -23
971 -33
972 -33
973 -23
974 -53
975 -241
976 -334
977 -68
978 -26
979 -32
980 -113
981 -29
982 -35
983 -22
984 -102
985 -23
986 -23
987 -23
988 -26
989 -406
990 -35
991 -101
992 -23
993 -43
994 -83
995 -174
996 -33
997 -407
998 -206
999 -300
