0 -8
1 -150
2 -2302
3 -516
4 -114
5 -33
6 -340
7 -331
8 -165
9 -202
10 -45
11 -33
12 -35
13 -4711
14 -35
15 -361
16 -35
17 -33
18 -40
19 -362
20 -113
21 -98
22 -35
23 -487
24 -45
25 -1673
26 -115
27 -68
28 -819
29 -33
30 -141
31 -77
32 -286
33 -231
34 -35
35 -35
36 -68
37 -33
38 -519
39 -120
40 -31
41 -1282
42 -195
43 -299
44 -33
45 -1927
46 -35
47 -401
48 -33
49 -35
50 -35
51 -35
52 -33
53 -341
54 -728
55 -539
56 -376
57 -591
58 -472
59 -245
60 -35
61 -282
62 -1286
63 -33
64 -35
65 -75
66 -139
67 -35
68 -404
69 -122
70 -41
71 -70
72 -35
73 -135
74 -35
75 -33
76 -51
77 -1137
78 -113
79 -390
80 -33
81 -276
82 -35
83 -35
84 -23
85 -470
86 -563
87 -238
88 -113
89 -233
90 -93
91 -315
92 -2334
93 -132
94 -33
95 -35
96 -449
97 -138
98 -2676
99 -285
100 -444
101 -108
102 -33
103 -1147
104 -35
105 -60
106 -32
107 -33
108 -221
109 -98
110 -385
111 -130
112 -35
113 -257
114 -300
115 -232
116 -40
117 -847
118 -715
119 -132
120 -33
121 -188
122 -180
123 -832
124 -33
125 -222
126 -137
127 -33
128 -70
129 -322
130 -155
131 -42
132 -33
133 -652
134 -33
135 -41
136 -33
137 -33
138 -735
139 -33
140 -33
141 -49
142 -247
143 -603
144 -33
145 -643
146 -2299
147 -597
148 -35
149 -35
150 -109
151 -226
152 -34
153 -32
154 -2191
155 -101
156 -1586
157 -267
158 -370
159 -147
160 -128
161 -674
162 -1143
163 -192
164 -33
165 -222
166 -33
167 -146
168 -666
169 -67
170 -718
171 -35
172 -2029
173 -40
174 -465
175 -532
176 -35
177 -54
178 -33
179 -618
180 -664
181 -544
182 -66
183 -657
184 -30
185 -35
186 -38
187 -33
188 -1166
189 -433
190 -35
191 -155
192 -965
193 -1481
194 -33
195 -258
196 -240
197 -33
198 -432
199 -35
200 -115
201 -33
202 -132
203 -35
204 -1310
205 -448
206 -35
207 -550
208 -598
209 -501
210 -2695
211 -277
212 -33
213 -64
214 -185
215 -139
216 -68
217 -1062
218 -62
219 -35
220 -143
221 -208
222 -845
223 -35
224 -453
225 -35
226 -2953
227 -159
228 -33
229 -278
230 -33
231 -163
232 -383
233 -278
234 -611
235 -428
236 -831
237 -45
238 -230
239 -33
240 -109
241 -77
242 -214
243 -38
244 -815
245 -35
246 -191
247 -3737
248 -22
249 -111
250 -937
251 -615
252 -230
253 -35
254 -35
255 -282
256 -35
257 -156
258 -138
259 -5935
260 -35
261 -96
262 -33
263 -28
264 -1038
265 -181
266 -376
267 -828
268 -101
269 -101
270 -263
271 -33
272 -5429
273 -1237
274 -62
275 -1701
276 -33
277 -33
278 -336
279 -245
280 -267
281 -35
282 -429
283 -190
284 -33
285 -94
286 -116
287 -35
288 -984
289 -33
290 -855
291 -3360
292 -161
293 -219
294 -573
295 -77
296 -79
297 -42
298 -505
299 -297
300 -76
301 -201
302 -106
303 -48
304 -225
305 -105
306 -1008
307 -245
308 -353
309 -215
310 -394
311 -35
312 -1455
313 -33
314 -220
315 -140
316 -61
317 -79
318 -1479
319 -46
320 -962
321 -665
322 -40
323 -314
324 -33
325 -33
326 -203
327 -201
328 -33
329 -307
330 -67
331 -33
332 -2117
333 -148
334 -346
335 -95
336 -197
337 -33
338 -118
339 -905
340 -125
341 -35
342 -87
343 -33
344 -278
345 -402
346 -293
347 -33
348 -33
349 -128
350 -1075
351 -259
352 -62
353 -434
354 -57
355 -35
356 -111
357 -142
358 -53
359 -35
360 -60
361 -193
362 -211
363 -1059
364 -35
365 -309
366 -573
367 -139
368 -240
369 -170
370 -431
371 -45
372 -35
373 -86
374 -476
375 -47
376 -979
377 -71
378 -673
379 -72
380 -39
381 -121
382 -847
383 -35
384 -317
385 -35
386 -35
387 -87
388 -439
389 -300
390 -33
391 -303
392 -49
393 -35
394 -180
395 -35
396 -47
397 -1106
398 -736
399 -50
400 -201
401 -229
402 -33
403 -173
404 -474
405 -242
406 -38
407 -517
408 -35
409 -153
410 -35
411 -36
412 -52
413 -30
414 -696
415 -397
416 -469
417 -182
418 -55
419 -137
420 -95
421 -508
422 -41
423 -104
424 -104
425 -675
426 -115
427 -1714
428 -446
429 -35
430 -77
431 -35
432 -54
433 -247
434 -33
435 -140
436 -35
437 -55
438 -379
439 -285
440 -236
441 -65
442 -292
443 -115
444 -146
445 -33
446 -83
447 -35
448 -370
449 -35
450 -61
451 -3062
452 -33
453 -52
454 -574
455 -367
456 -33
457 -526
458 -157
459 -225
460 -35
461 -140
462 -462
463 -4494
464 -167
465 -144
466 -33
467 -104
468 -35
469 -909
470 -35
471 -827
472 -456
473 -33
474 -4743
475 -215
476 -346
477 -672
478 -290
479 -92
480 -287
481 -208
482 -79
483 -26
484 -33
485 -51
486 -35
487 -77
488 -157
489 -35
490 -194
491 -35
492 -33
493 -50
494 -140
495 -38
496 -36
497 -35
498 -1764
499 -143
500 -121
501 -50
502 -35
503 -33
504 -377
505 -35
506 -146
507 -3179
508 -59
509 -432
510 -35
511 -131
512 -201
513 -624
514 -304
515 -207
516 -1200
517 -466
518 -123
519 -162
520 -1353
521 -33
522 -67
523 -1630
524 -473
525 -29
526 -335
527 -35
528 -64
529 -33
530 -115
531 -42
532 -293
533 -71
534 -43
535 -320
536 -69
537 -498
538 -834
539 -84
540 -639
541 -119
542 -73
543 -945
544 -52
545 -499
546 -364
547 -80
548 -33
549 -123
550 -16
551 -33
552 -731
553 -651
554 -33
555 -328
556 -33
557 -207
558 -35
559 -2773
560 -803
561 -35
562 -4711
563 -194
564 -33
565 -605
566 -262
567 -1589
568 -229
569 -367
570 -50
571 -911
572 -76
573 -347
574 -238
575 -35
576 -236
577 -287
578 -159
579 -35
580 -123
581 -53
582 -35
583 -32
584 -73
585 -127
586 -33
587 -312
588 -33
589 -33
590 -247
591 -335
592 -35
593 -35
594 -35
595 -484
596 -282
597 -33
598 -64
599 -46
600 -863
601 -35
602 -35
603 -43
604 -33
605 -35
606 -35
607 -71
608 -412
609 -33
610 -65
611 -35
612 -89
613 -85
614 -61
615 -146
616 -46
617 -149
618 -326
619 -314
620 -372
621 -40
622 -33
623 -3374
624 -35
625 -1153
626 -618
627 -247
628 -155
629 -236
630 -384
631 -81
632 -35
633 -204
634 -35
635 -35
636 -33
637 -277
638 -82
639 -35
640 -318
641 -256
642 -350
643 -645
644 -508
645 -1723
646 -927
647 -178
648 -598
649 -141
650 -731
651 -35
652 -128
653 -560
654 -241
655 -35
656 -112
657 -47
658 -37
659 -72
660 -33
661 -133
662 -3085
663 -109
664 -222
665 -533
666 -33
667 -91
668 -35
669 -189
670 -3745
671 -35
672 -391
673 -33
674 -179
675 -277
676 -35
677 -389
678 -35
679 -31
680 -85
681 -196
682 -31
683 -25
684 -33
685 -35
686 -202
687 -35
688 -281
689 -33
690 -151
691 -174
692 -2651
693 -496
694 -232
695 -627
696 -395
697 -470
698 -118
699 -225
700 -101
701 -129
702 -312
703 -62
704 -356
705 -378
706 -49
707 -35
708 -142
709 -675
710 -277
711 -133
712 -35
713 -7989
714 -35
715 -253
716 -33
717 -615
718 -35
719 -289
720 -33
721 -149
722 -901
723 -868
724 -2364
725 -33
726 -3163
727 -270
728 -1100
729 -91
730 -33
731 -35
732 -72
733 -158
734 -2568
735 -33
736 -3999
737 -33
738 -53
739 -384
740 -105
741 -655
742 -130
743 -407
744 -35
745 -35
746 -47
747 -294
748 -33
749 -405
750 -35
751 -968
752 -193
753 -281
754 -35
755 -193
756 -941
757 -387
758 -277
759 -1135
760 -194
761 -35
762 -187
763 -329
764 -315
765 -788
766 -275
767 -422
768 -33
769 -1057
770 -159
771 -214
772 -38
773 -109
774 -318
775 -437
776 -475
777 -33
778 -121
779 -33
780 -159
781 -385
782 -35
783 -34
784 -389
785 -382
786 -317
787 -483
788 -82
789 -35
790 -1619
791 -379
792 -357
793 -131
794 -33
795 -166
796 -35
797 -33
798 -314
799 -74
800 -25
801 -462
802 -180
803 -140
804 -198
805 -35
806 -35
807 -443
808 -35
809 -35
810 -33
811 -79
812 -35
813 -35
814 -35
815 -35
816 -299
817 -1319
818 -29
819 -681
820 -1019
821 -182
822 -972
823 -83
824 -92
825 -33
826 -13
827 -206
828 -2072
829 -309
830 -35
831 -33
832 -35
833 -35
834 -256
835 -33
836 -2061
837 -225
838 -301
839 -47
840 -22
841 -35
842 -35
843 -314
844 -33
845 -39
846 -278
847 -783
848 -35
849 -66
850 -46
851 -33
852 -35
853 -113
854 -40
855 -308
856 -180
857 -33
858 -233
859 -262
860 -35
861 -112
862 -21
863 -33
864 -372
865 -215
866 -150
867 -249
868 -239
869 -32
870 -35
871 -87
872 -955
873 -33
874 -348
875 -3544
876 -33
877 -134
878 -120
879 -60
880 -35
881 -93
882 -164
883 -82
884 -156
885 -81
886 -40
887 -33
888 -104
889 -41
890 -120
891 -35
892 -5452
893 -33
894 -33
895 -542
896 -35
897 -33
898 -193
899 -33
900 -35
901 -324
902 -423
903 -514
904 -139
905 -33
906 -37
907 -171
908 -59
909 -71
910 -33
911 -33
912 -1023
913 -1160
914 -130
915 -35
916 -28
917 -5021
918 -37
919 -187
920 -175
921 -33
922 -35
923 -759
924 -741
925 -154
926 -35
927 -1261
928 -38
929 -126
930 -255
931 -33
932 -220
933 -35
934 -33
935 -41
936 -41
937 -1876
938 -73
939 -33
940 -93
941 -567
942 -380
943 -33
944 -1226
945 -33
946 -35
947 -33
948 -108
949 -363
950 -33
951 -86
952 -95
953 -373
954 -380
955 -300
956 -35
957 -56
958 -323
959 -323
960 -3842
961 -2487
962 -33
963 -35
964 -270
965 -210
966 -104
967 -50
968 -272
969 -33
970 -60
971 -422
972 -236
973 -185
974 -837
975 -57
976 -35
977 -63
978 -35
979 -1496
980 -318
981 -180
982 -33
983 -33
984 -80
985 -65
986 -37
987 -46
988 -155
989 -19
990 -336
991 -49
992 -33
993 -65
994 -327
995 -35
996 -180
997 -54
998 -531
999 -44
