0 -16
1 -16
2 -22
3 -41
4 -35
5 -35
6 -42
7 -50
8 -16
9 -55
10 -16
11 -50
12 -41
13 -55
14 -16
15 -16
16 -16
17 -27
18 -35
19 -16
20 -55
21 -41
22 -27
23 -16
24 -16
25 -41
26 -27
27 -33
28 -35
29 -50
30 -35
31 -16
32 -16
33 -60
34 -16
35 -36
36 -50
37 -55
38 -36
39 -40
40 -41
41 -16
42 -27
43 -16
44 -35
45 -16
46 -16
47 -55
48 -44
49 -36
50 -50
51 -42
52 -36
53 -26
54 -16
55 -16
56 -41
57 -27
58 -16
59 -27
60 -55
61 -36
62 -16
63 -50
64 -20
65 -27
66 -55
67 -36
68 -55
69 -41
70 -16
71 -16
72 -16
73 -33
74 -16
75 -41
76 -16
77 -24
78 -16
79 -50
80 -50
81 -16
82 -16
83 -27
84 -16
85 -35
86 -16
87 -37
88 -50
89 -35
90 -16
91 -27
92 -16
93 -16
94 -16
95 -16
96 -41
97 -16
98 -16
99 -42
100 -50
101 -55
102 -16
103 -65
104 -41
105 -16
106 -16
107 -27
108 -42
109 -16
110 -33
111 -51
112 -41
113 -37
114 -36
115 -36
116 -42
117 -27
118 -16
119 -35
120 -41
121 -55
122 -50
123 -42
124 -16
125 -55
126 -16
127 -16
128 -41
129 -33
130 -16
131 -16
132 -16
133 -41
134 -27
135 -27
136 -16
137 -36
138 -51
139 -16
140 -50
141 -16
142 -16
143 -36
144 -16
145 -50
146 -42
147 -55
148 -50
149 -27
150 -16
151 -41
152 -55
153 -16
154 -16
155 -16
156 -16
157 -50
158 -41
159 -33
160 -16
161 -35
162 -16
163 -35
164 -16
165 -16
166 -36
167 -20
168 -16
169 -35
170 -55
171 -35
172 -16
173 -27
174 -41
175 -36
176 -36
177 -16
178 -16
179 -36
180 -16
181 -55
182 -35
183 -55
184 -36
185 -16
186 -16
187 -16
188 -50
189 -16
190 -27
191 -35
192 -27
193 -16
194 -45
195 -41
196 -55
197 -27
198 -27
199 -50
200 -16
201 -55
202 -16
203 -27
204 -41
205 -27
206 -16
207 -42
208 -16
209 -55
210 -35
211 -55
212 -41
213 -36
214 -16
215 -16
216 -16
217 -50
218 -41
219 -27
220 -16
221 -16
222 -50
223 -16
224 -50
225 -50
226 -36
227 -41
228 -16
229 -27
230 -27
231 -36
232 -42
233 -16
234 -55
235 -50
236 -16
237 -35
238 -82
239 -27
240 -41
241 -46
242 -16
243 -27
244 -35
245 -35
246 -51
247 -16
248 -16
249 -20
250 -16
251 -16
252 -41
253 -36
254 -16
255 -36
256 -35
257 -16
258 -36
259 -16
260 -35
261 -16
262 -72
263 -27
264 -35
265 -27
266 -16
267 -16
268 -16
269 -33
270 -35
271 -16
272 -36
273 -16
274 -16
275 -16
276 -36
277 -42
278 -41
279 -27
280 -16
281 -16
282 -50
283 -16
284 -16
285 -41
286 -51
287 -55
288 -16
289 -36
290 -36
291 -16
292 -35
293 -35
294 -21
295 -16
296 -50
297 -41
298 -35
299 -55
300 -35
301 -27
302 -36
303 -16
304 -16
305 -52
306 -42
307 -41
308 -50
309 -41
310 -16
311 -41
312 -35
313 -50
314 -16
315 -16
316 -55
317 -33
318 -31
319 -50
320 -41
321 -42
322 -16
323 -50
324 -50
325 -36
326 -55
327 -36
328 -42
329 -41
330 -27
331 -36
332 -27
333 -55
334 -16
335 -27
336 -27
337 -45
338 -51
339 -27
340 -55
341 -36
342 -16
343 -36
344 -36
345 -50
346 -41
347 -27
348 -16
349 -55
350 -27
351 -37
352 -16
353 -16
354 -35
355 -50
356 -33
357 -33
358 -42
359 -16
360 -20
361 -44
362 -16
363 -27
364 -50
365 -50
366 -16
367 -55
368 -41
369 -16
370 -41
371 -16
372 -55
373 -55
374 -63
375 -27
376 -16
377 -16
378 -55
379 -16
380 -55
381 -16
382 -16
383 -33
384 -27
385 -49
386 -46
387 -16
388 -50
389 -27
390 -27
391 -27
392 -35
393 -50
394 -40
395 -87
396 -36
397 -42
398 -16
399 -27
400 -16
401 -41
402 -41
403 -42
404 -35
405 -18
406 -36
407 -35
408 -50
409 -16
410 -55
411 -55
412 -36
413 -16
414 -42
415 -35
416 -55
417 -50
418 -41
419 -55
420 -55
421 -27
422 -16
423 -35
424 -55
425 -16
426 -16
427 -16
428 -35
429 -27
430 -27
431 -35
432 -50
433 -16
434 -16
435 -35
436 -33
437 -54
438 -35
439 -37
440 -16
441 -35
442 -36
443 -50
444 -16
445 -37
446 -44
447 -27
448 -44
449 -41
450 -50
451 -33
452 -36
453 -16
454 -55
455 -35
456 -27
457 -41
458 -55
459 -35
460 -35
461 -55
462 -50
463 -55
464 -50
465 -50
466 -41
467 -35
468 -41
469 -36
470 -41
471 -16
472 -55
473 -24
474 -27
475 -42
476 -50
477 -16
478 -16
479 -16
480 -37
481 -50
482 -27
483 -16
484 -55
485 -35
486 -42
487 -55
488 -50
489 -37
490 -35
491 -16
492 -37
493 -35
494 -58
495 -16
496 -16
497 -16
498 -50
499 -36
500 -60
501 -36
502 -36
503 -16
504 -16
505 -51
506 -27
507 -14
508 -35
509 -27
510 -41
511 -24
512 -42
513 -16
514 -16
515 -17
516 -36
517 -41
518 -33
519 -36
520 -16
521 -35
522 -27
523 -42
524 -36
525 -16
526 -36
527 -27
528 -16
529 -36
530 -50
531 -35
532 -16
533 -20
534 -55
535 -50
536 -16
537 -41
538 -41
539 -16
540 -35
541 -17
542 -16
543 -16
544 -16
545 -16
546 -27
547 -36
548 -16
549 -56
550 -41
551 -27
552 -16
553 -16
554 -16
555 -16
556 -50
557 -36
558 -35
559 -16
560 -41
561 -38
562 -34
563 -16
564 -36
565 -27
566 -49
567 -16
568 -16
569 -41
570 -16
571 -31
572 -58
573 -16
574 -16
575 -35
576 -41
577 -41
578 -35
579 -16
580 -55
581 -35
582 -50
583 -16
584 -16
585 -16
586 -35
587 -41
588 -54
589 -16
590 -16
591 -51
592 -16
593 -16
594 -16
595 -55
596 -51
597 -16
598 -35
599 -27
600 -16
601 -35
602 -16
603 -46
604 -27
605 -16
606 -52
607 -16
608 -27
609 -16
610 -20
611 -16
612 -50
613 -50
614 -16
615 -16
616 -16
617 -41
618 -16
619 -16
620 -55
621 -16
622 -41
623 -27
624 -51
625 -50
626 -35
627 -35
628 -18
629 -41
630 -16
631 -42
632 -29
633 -36
634 -16
635 -47
636 -16
637 -41
638 -17
639 -35
640 -16
641 -35
642 -27
643 -35
644 -55
645 -42
646 -16
647 -36
648 -55
649 -55
650 -55
651 -16
652 -41
653 -16
654 -36
655 -37
656 -36
657 -50
658 -50
659 -33
660 -55
661 -16
662 -50
663 -27
664 -35
665 -16
666 -21
667 -37
668 -27
669 -51
670 -27
671 -16
672 -16
673 -16
674 -41
675 -36
676 -16
677 -36
678 -55
679 -16
680 -55
681 -50
682 -27
683 -36
684 -16
685 -54
686 -27
687 -16
688 -51
689 -35
690 -16
691 -50
692 -16
693 -50
694 -16
695 -41
696 -27
697 -44
698 -35
699 -50
700 -42
701 -15
702 -27
703 -55
704 -16
705 -27
706 -41
707 -16
708 -42
709 -41
710 -41
711 -35
712 -16
713 -42
714 -27
715 -42
716 -16
717 -16
718 -16
719 -27
720 -36
721 -16
722 -55
723 -36
724 -27
725 -16
726 -16
727 -16
728 -51
729 -50
730 -57
731 -41
732 -27
733 -55
734 -16
735 -41
736 -35
737 -35
738 -36
739 -36
740 -55
741 -41
742 -16
743 -16
744 -35
745 -16
746 -36
747 -16
748 -35
749 -35
750 -16
751 -55
752 -41
753 -16
754 -35
755 -55
756 -55
757 -16
758 -27
759 -37
760 -16
761 -55
762 -36
763 -37
764 -41
765 -16
766 -27
767 -35
768 -50
769 -55
770 -55
771 -16
772 -16
773 -27
774 -16
775 -16
776 -55
777 -16
778 -35
779 -55
780 -27
781 -57
782 -27
783 -29
784 -36
785 -27
786 -16
787 -16
788 -16
789 -16
790 -50
791 -55
792 -35
793 -16
794 -36
795 -55
796 -41
797 -40
798 -20
799 -36
800 -55
801 -36
802 -36
803 -36
804 -16
805 -41
806 -16
807 -16
808 -16
809 -27
810 -16
811 -50
812 -41
813 -35
814 -50
815 -42
816 -16
817 -40
818 -16
819 -16
820 -16
821 -50
822 -24
823 -77
824 -27
825 -50
826 -82
827 -27
828 -36
829 -36
830 -27
831 -42
832 -27
833 -27
834 -55
835 -51
836 -41
837 -16
838 -55
839 -36
840 -36
841 -27
842 -55
843 -16
844 -16
845 -41
846 -35
847 -47
848 -36
849 -16
850 -50
851 -16
852 -50
853 -50
854 -55
855 -41
856 -27
857 -55
858 -47
859 -27
860 -41
861 -16
862 -16
863 -35
864 -48
865 -42
866 -16
867 -41
868 -55
869 -16
870 -27
871 -16
872 -35
873 -16
874 -41
875 -16
876 -27
877 -16
878 -16
879 -16
880 -35
881 -16
882 -16
883 -16
884 -16
885 -35
886 -41
887 -16
888 -16
889 -55
890 -33
891 -50
892 -50
893 -36
894 -16
895 -55
896 -16
897 -16
898 -16
899 -55
900 -36
901 -41
902 -35
903 -55
904 -16
905 -36
906 -41
907 -16
908 -16
909 -55
910 -33
911 -35
912 -55
913 -36
914 -53
915 -50
916 -41
917 -36
918 -16
919 -27
920 -33
921 -16
922 -41
923 -42
924 -41
925 -55
926 -42
927 -35
928 -27
929 -16
930 -41
931 -50
932 -27
933 -50
934 -16
935 -55
936 -16
937 -16
938 -16
939 -16
940 -36
941 -16
942 -55
943 -36
944 -16
945 -41
946 -17
947 -33
948 -41
949 -37
950 -55
951 -50
952 -36
953 -36
954 -36
955 -35
956 -16
957 -83
958 -55
959 -51
960 -16
961 -29
962 -50
963 -35
964 -36
965 -16
966 -41
967 -18
968 -23
969 -41
970 -16
971 -16
972 -16
973 -27
974 -16
975 -55
976 -35
977 -16
978 -50
979 -35
980 -16
981 -16
982 -33
983 -41
984 -35
985 -16
986 -16
987 -20
988 -56
989 -16
990 -50
991 -36
992 -55
993 -16
994 -41
995 -16
996 -16
997 -35
998 -27
999 -16
