0 -25
1 -48
2 -15
3 -15
4 -48
5 -50
6 -34
7 -16
8 -50
9 -34
10 -17
11 -25
12 -41
13 -41
14 -55
15 -44
16 -16
17 -25
18 -18
19 -55
20 -16
21 -17
22 -19
23 -41
24 -17
25 -16
26 -55
27 -48
28 -48
29 -48
30 -16
31 -15
32 -25
33 -16
34 -34
35 -16
36 -50
37 -55
38 -16
39 -55
40 -48
41 -50
42 -41
43 -48
44 -16
45 -34
46 -25
47 -55
48 -16
49 -55
50 -20
51 -41
52 -41
53 -25
54 -41
55 -16
56 -41
57 -55
58 -48
59 -16
60 -17
61 -15
62 -16
63 -48
64 -50
65 -16
66 -34
67 -22
68 -16
69 -34
70 -16
71 -55
72 -55
73 -34
74 -55
75 -41
76 -16
77 -16
78 -17
79 -55
80 -55
81 -25
82 -39
83 -55
84 -41
85 -17
86 -48
87 -16
88 -16
89 -16
90 -55
91 -16
92 -55
93 -50
94 -16
95 -50
96 -48
97 -34
98 -50
99 -50
100 -55
101 -41
102 -16
103 -48
104 -36
105 -17
106 -41
107 -55
108 -34
109 -34
110 -15
111 -15
112 -17
113 -16
114 -34
115 -25
116 -17
117 -16
118 -50
119 -60
120 -25
121 -50
122 -45
123 -15
124 -41
125 -48
126 -17
127 -48
128 -41
129 -25
130 -25
131 -15
132 -41
133 -48
134 -48
135 -16
136 -16
137 -55
138 -16
139 -50
140 -16
141 -48
142 -34
143 -34
144 -41
145 -16
146 -15
147 -16
148 -50
149 -16
150 -55
151 -16
152 -25
153 -25
154 -25
155 -48
156 -15
157 -16
158 -50
159 -48
160 -20
161 -48
162 -16
163 -17
164 -55
165 -25
166 -48
167 -16
168 -27
169 -16
170 -50
171 -41
172 -34
173 -50
174 -15
175 -16
176 -16
177 -16
178 -50
179 -44
180 -16
181 -25
182 -16
183 -16
184 -17
185 -17
186 -16
187 -34
188 -55
189 -16
190 -15
191 -38
192 -50
193 -16
194 -16
195 -15
196 -16
197 -17
198 -16
199 -16
200 -16
201 -48
202 -17
203 -28
204 -55
205 -25
206 -55
207 -33
208 -17
209 -50
210 -21
211 -16
212 -48
213 -17
214 -25
215 -37
216 -55
217 -16
218 -16
219 -25
220 -16
221 -16
222 -17
223 -50
224 -50
225 -22
226 -50
227 -25
228 -16
229 -17
230 -16
231 -50
232 -25
233 -50
234 -16
235 -48
236 -48
237 -25
238 -50
239 -16
240 -55
241 -15
242 -34
243 -41
244 -16
245 -16
246 -16
247 -16
248 -41
249 -25
250 -34
251 -55
252 -55
253 -16
254 -17
255 -25
256 -16
257 -16
258 -25
259 -20
260 -17
261 -16
262 -17
263 -17
264 -16
265 -41
266 -15
267 -45
268 -48
269 -48
270 -41
271 -55
272 -25
273 -16
274 -17
275 -16
276 -50
277 -34
278 -25
279 -16
280 -16
281 -15
282 -16
283 -48
284 -50
285 -18
286 -30
287 -41
288 -16
289 -16
290 -17
291 -15
292 -15
293 -50
294 -55
295 -16
296 -48
297 -55
298 -34
299 -16
300 -48
301 -15
302 -16
303 -50
304 -16
305 -17
306 -16
307 -83
308 -92
309 -16
310 -50
311 -52
312 -16
313 -16
314 -16
315 -55
316 -25
317 -17
318 -16
319 -34
320 -55
321 -16
322 -16
323 -92
324 -16
325 -18
326 -16
327 -34
328 -25
329 -48
330 -16
331 -41
332 -16
333 -55
334 -55
335 -48
336 -16
337 -16
338 -55
339 -41
340 -25
341 -25
342 -41
343 -17
344 -16
345 -48
346 -16
347 -41
348 -48
349 -16
350 -16
351 -52
352 -17
353 -25
354 -34
355 -17
356 -34
357 -16
358 -17
359 -16
360 -17
361 -48
362 -48
363 -41
364 -17
365 -34
366 -25
367 -34
368 -41
369 -25
370 -41
371 -55
372 -16
373 -16
374 -16
375 -16
376 -48
377 -25
378 -16
379 -34
380 -16
381 -16
382 -71
383 -16
384 -16
385 -16
386 -50
387 -17
388 -16
389 -48
390 -15
391 -15
392 -16
393 -16
394 -25
395 -25
396 -17
397 -16
398 -48
399 -34
400 -48
401 -16
402 -16
403 -16
404 -34
405 -34
406 -50
407 -33
408 -31
409 -50
410 -23
411 -16
412 -50
413 -15
414 -46
415 -16
416 -48
417 -16
418 -16
419 -41
420 -17
421 -55
422 -16
423 -44
424 -48
425 -16
426 -40
427 -50
428 -25
429 -16
430 -50
431 -55
432 -16
433 -16
434 -34
435 -17
436 -16
437 -48
438 -34
439 -16
440 -17
441 -46
442 -48
443 -15
444 -55
445 -15
446 -55
447 -41
448 -34
449 -41
450 -50
451 -16
452 -25
453 -34
454 -15
455 -55
456 -41
457 -34
458 -16
459 -17
460 -58
461 -16
462 -16
463 -41
464 -25
465 -50
466 -16
467 -48
468 -17
469 -55
470 -34
471 -50
472 -17
473 -36
474 -55
475 -16
476 -50
477 -55
478 -50
479 -55
480 -48
481 -25
482 -25
483 -16
484 -34
485 -34
486 -48
487 -19
488 -16
489 -16
490 -41
491 -16
492 -17
493 -87
494 -25
495 -41
496 -50
497 -34
498 -25
499 -34
500 -16
501 -41
502 -34
503 -48
504 -50
505 -16
506 -17
507 -16
508 -41
509 -25
510 -15
511 -55
512 -55
513 -17
514 -15
515 -17
516 -16
517 -34
518 -25
519 -48
520 -20
521 -41
522 -41
523 -16
524 -25
525 -17
526 -50
527 -16
528 -50
529 -17
530 -15
531 -55
532 -17
533 -16
534 -43
535 -25
536 -16
537 -25
538 -16
539 -16
540 -17
541 -50
542 -41
543 -17
544 -87
545 -34
546 -50
547 -16
548 -34
549 -15
550 -17
551 -21
552 -50
553 -16
554 -17
555 -34
556 -25
557 -16
558 -25
559 -55
560 -16
561 -41
562 -34
563 -48
564 -21
565 -25
566 -34
567 -55
568 -48
569 -17
570 -41
571 -41
572 -34
573 -55
574 -15
575 -16
576 -34
577 -16
578 -16
579 -16
580 -17
581 -50
582 -16
583 -50
584 -48
585 -48
586 -28
587 -25
588 -16
589 -25
590 -17
591 -50
592 -16
593 -50
594 -16
595 -25
596 -50
597 -34
598 -48
599 -55
600 -25
601 -60
602 -17
603 -16
604 -15
605 -50
606 -55
607 -17
608 -50
609 -55
610 -50
611 -16
612 -41
613 -55
614 -25
615 -50
616 -16
617 -17
618 -55
619 -48
620 -17
621 -25
622 -17
623 -25
624 -25
625 -55
626 -61
627 -25
628 -16
629 -34
630 -50
631 -55
632 -16
633 -16
634 -16
635 -16
636 -16
637 -41
638 -25
639 -16
640 -44
641 -16
642 -25
643 -16
644 -16
645 -48
646 -16
647 -25
648 -39
649 -17
650 -16
651 -41
652 -16
653 -41
654 -15
655 -16
656 -25
657 -17
658 -16
659 -34
660 -25
661 -16
662 -16
663 -55
664 -34
665 -25
666 -25
667 -15
668 -17
669 -16
670 -16
671 -34
672 -29
673 -33
674 -50
675 -16
676 -15
677 -16
678 -16
679 -17
680 -16
681 -16
682 -25
683 -15
684 -16
685 -16
686 -16
687 -55
688 -50
689 -48
690 -16
691 -48
692 -41
693 -16
694 -16
695 -15
696 -16
697 -17
698 -55
699 -48
700 -41
701 -34
702 -16
703 -16
704 -55
705 -34
706 -17
707 -55
708 -55
709 -18
710 -50
711 -16
712 -16
713 -55
714 -29
715 -41
716 -48
717 -17
718 -17
719 -16
720 -48
721 -16
722 -50
723 -16
724 -41
725 -50
726 -16
727 -16
728 -25
729 -19
730 -16
731 -42
732 -16
733 -25
734 -16
735 -16
736 -39
737 -16
738 -66
739 -25
740 -50
741 -17
742 -50
743 -55
744 -50
745 -48
746 -16
747 -25
748 -41
749 -16
750 -16
751 -41
752 -48
753 -16
754 -34
755 -34
756 -39
757 -16
758 -25
759 -34
760 -17
761 -55
762 -34
763 -17
764 -25
765 -15
766 -15
767 -16
768 -25
769 -16
770 -50
771 -41
772 -16
773 -17
774 -16
775 -55
776 -29
777 -41
778 -25
779 -34
780 -16
781 -17
782 -16
783 -50
784 -15
785 -25
786 -25
787 -16
788 -16
789 -16
790 -17
791 -50
792 -17
793 -61
794 -25
795 -55
796 -16
797 -48
798 -25
799 -48
800 -16
801 -21
802 -17
803 -16
804 -34
805 -17
806 -17
807 -25
808 -24
809 -16
810 -17
811 -41
812 -15
813 -55
814 -48
815 -41
816 -16
817 -25
818 -16
819 -48
820 -16
821 -16
822 -16
823 -17
824 -55
825 -34
826 -48
827 -20
828 -16
829 -52
830 -18
831 -48
832 -17
833 -16
834 -50
835 -55
836 -17
837 -16
838 -19
839 -17
840 -16
841 -50
842 -25
843 -50
844 -16
845 -50
846 -17
847 -16
848 -61
849 -34
850 -16
851 -48
852 -55
853 -48
854 -50
855 -16
856 -64
857 -17
858 -16
859 -65
860 -48
861 -50
862 -17
863 -34
864 -17
865 -16
866 -50
867 -48
868 -17
869 -41
870 -16
871 -50
872 -48
873 -16
874 -16
875 -55
876 -16
877 -16
878 -16
879 -34
880 -16
881 -34
882 -68
883 -17
884 -16
885 -17
886 -55
887 -34
888 -16
889 -16
890 -16
891 -16
892 -41
893 -15
894 -41
895 -25
896 -55
897 -17
898 -34
899 -48
900 -48
901 -48
902 -17
903 -44
904 -23
905 -17
906 -41
907 -55
908 -16
909 -16
910 -16
911 -15
912 -34
913 -16
914 -16
915 -16
916 -16
917 -48
918 -40
919 -41
920 -25
921 -17
922 -20
923 -34
924 -16
925 -34
926 -17
927 -25
928 -25
929 -34
930 -17
931 -25
932 -16
933 -17
934 -55
935 -16
936 -48
937 -48
938 -48
939 -16
940 -16
941 -30
942 -15
943 -48
944 -52
945 -55
946 -50
947 -25
948 -55
949 -16
950 -15
951 -50
952 -50
953 -48
954 -34
955 -16
956 -16
957 -17
958 -15
959 -41
960 -15
961 -15
962 -55
963 -15
964 -25
965 -16
966 -55
967 -34
968 -15
969 -41
970 -40
971 -16
972 -16
973 -16
974 -55
975 -34
976 -25
977 -16
978 -16
979 -34
980 -16
981 -25
982 -34
983 -37
984 -55
985 -17
986 -17
987 -17
988 -34
989 -15
990 -50
991 -16
992 -25
993 -48
994 -34
995 -25
996 -41
997 -16
998 -16
999 -16
