0 -50
1 -16
2 -55
3 -24
4 -16
5 -16
6 -17
7 -16
8 -16
9 -17
10 -24
11 -16
12 -16
13 -27
14 -27
15 -17
16 -17
17 -17
18 -51
19 -24
20 -50
21 -51
22 -51
23 -55
24 -43
25 -17
26 -27
27 -24
28 -17
29 -16
30 -16
31 -51
32 -55
33 -16
34 -55
35 -14
36 -55
37 -16
38 -17
39 -55
40 -55
41 -55
42 -27
43 -43
44 -43
45 -17
46 -55
47 -47
48 -21
49 -17
50 -47
51 -55
52 -50
53 -27
54 -50
55 -16
56 -24
57 -16
58 -27
59 -16
60 -17
61 -17
62 -24
63 -16
64 -16
65 -51
66 -17
67 -55
68 -50
69 -16
70 -16
71 -16
72 -51
73 -27
74 -27
75 -55
76 -16
77 -16
78 -16
79 -27
80 -51
81 -24
82 -24
83 -55
84 -51
85 -55
86 -51
87 -50
88 -27
89 -55
90 -50
91 -50
92 -50
93 -27
94 -16
95 -16
96 -16
97 -50
98 -16
99 -24
100 -43
101 -47
102 -43
103 -43
104 -51
105 -16
106 -17
107 -16
108 -24
109 -16
110 -50
111 -24
112 -16
113 -55
114 -55
115 -24
116 -16
117 -43
118 -24
119 -16
120 -55
121 -51
122 -16
123 -53
124 -55
125 -51
126 -50
127 -43
128 -24
129 -43
130 -88
131 -55
132 -16
133 -16
134 -24
135 -62
136 -16
137 -16
138 -16
139 -16
140 -16
141 -16
142 -43
143 -16
144 -16
145 -17
146 -27
147 -16
148 -16
149 -16
150 -16
151 -43
152 -43
153 -51
154 -16
155 -24
156 -24
157 -50
158 -27
159 -16
160 -16
161 -16
162 -17
163 -16
164 -43
165 -43
166 -24
167 -51
168 -24
169 -27
170 -43
171 -19
172 -16
173 -16
174 -17
175 -24
176 -55
177 -50
178 -24
179 -37
180 -50
181 -16
182 -24
183 -50
184 -16
185 -16
186 -17
187 -51
188 -17
189 -17
190 -51
191 -16
192 -27
193 -17
194 -69
195 -21
196 -24
197 -27
198 -27
199 -55
200 -50
201 -16
202 -27
203 -16
204 -24
205 -43
206 -16
207 -16
208 -16
209 -17
210 -52
211 -17
212 -16
213 -24
214 -50
215 -51
216 -16
217 -16
218 -55
219 -77
220 -43
221 -27
222 -16
223 -50
224 -75
225 -20
226 -50
227 -55
228 -55
229 -27
230 -24
231 -51
232 -55
233 -16
234 -27
235 -16
236 -16
237 -16
238 -43
239 -43
240 -17
241 -16
242 -24
243 -17
244 -27
245 -27
246 -51
247 -27
248 -55
249 -43
250 -55
251 -16
252 -50
253 -27
254 -16
255 -16
256 -16
257 -16
258 -24
259 -20
260 -41
261 -27
262 -50
263 -43
264 -62
265 -17
266 -16
267 -27
268 -54
269 -27
270 -44
271 -24
272 -42
273 -43
274 -16
275 -53
276 -16
277 -27
278 -51
279 -27
280 -16
281 -16
282 -27
283 -43
284 -16
285 -50
286 -16
287 -16
288 -73
289 -40
290 -17
291 -43
292 -16
293 -27
294 -16
295 -24
296 -17
297 -17
298 -24
299 -16
300 -50
301 -27
302 -16
303 -16
304 -16
305 -43
306 -16
307 -27
308 -16
309 -16
310 -50
311 -16
312 -51
313 -17
314 -43
315 -16
316 -24
317 -16
318 -50
319 -17
320 -17
321 -17
322 -16
323 -16
324 -16
325 -16
326 -24
327 -55
328 -16
329 -16
330 -24
331 -27
332 -24
333 -50
334 -16
335 -24
336 -16
337 -17
338 -50
339 -27
340 -16
341 -27
342 -38
343 -43
344 -16
345 -16
346 -23
347 -16
348 -16
349 -16
350 -16
351 -27
352 -51
353 -17
354 -55
355 -50
356 -43
357 -20
358 -24
359 -16
360 -55
361 -55
362 -55
363 -27
364 -50
365 -17
366 -51
367 -24
368 -16
369 -28
370 -43
371 -50
372 -16
373 -55
374 -24
375 -17
376 -23
377 -50
378 -27
379 -16
380 -51
381 -16
382 -24
383 -51
384 -27
385 -43
386 -17
387 -16
388 -16
389 -27
390 -27
391 -50
392 -32
393 -50
394 -25
395 -24
396 -50
397 -16
398 -24
399 -16
400 -16
401 -55
402 -51
403 -17
404 -50
405 -43
406 -17
407 -32
408 -16
409 -16
410 -33
411 -17
412 -43
413 -16
414 -16
415 -16
416 -16
417 -16
418 -17
419 -55
420 -17
421 -55
422 -16
423 -16
424 -16
425 -30
426 -43
427 -24
428 -55
429 -24
430 -16
431 -24
432 -27
433 -17
434 -17
435 -24
436 -16
437 -16
438 -16
439 -88
440 -50
441 -42
442 -17
443 -51
444 -16
445 -16
446 -16
447 -27
448 -24
449 -17
450 -27
451 -55
452 -51
453 -47
454 -16
455 -16
456 -16
457 -24
458 -17
459 -27
460 -51
461 -17
462 -87
463 -16
464 -50
465 -51
466 -47
467 -55
468 -43
469 -55
470 -27
471 -20
472 -43
473 -17
474 -50
475 -16
476 -43
477 -55
478 -20
479 -16
480 -27
481 -55
482 -43
483 -50
484 -61
485 -43
486 -43
487 -16
488 -51
489 -24
490 -16
491 -43
492 -18
493 -16
494 -24
495 -27
496 -50
497 -16
498 -16
499 -16
500 -17
501 -24
502 -24
503 -24
504 -16
505 -17
506 -24
507 -16
508 -35
509 -24
510 -16
511 -16
512 -16
513 -16
514 -55
515 -50
516 -16
517 -27
518 -55
519 -17
520 -20
521 -16
522 -50
523 -51
524 -22
525 -16
526 -51
527 -16
528 -27
529 -16
530 -54
531 -16
532 -16
533 -16
534 -16
535 -16
536 -55
537 -16
538 -43
539 -16
540 -16
541 -16
542 -24
543 -16
544 -24
545 -16
546 -16
547 -27
548 -27
549 -16
550 -27
551 -50
552 -50
553 -16
554 -22
555 -36
556 -24
557 -16
558 -16
559 -16
560 -43
561 -16
562 -16
563 -24
564 -17
565 -51
566 -43
567 -43
568 -29
569 -16
570 -27
571 -17
572 -16
573 -16
574 -16
575 -55
576 -43
577 -24
578 -16
579 -37
580 -16
581 -27
582 -17
583 -51
584 -24
585 -16
586 -17
587 -16
588 -43
589 -16
590 -17
591 -16
592 -50
593 -24
594 -27
595 -17
596 -16
597 -18
598 -43
599 -50
600 -24
601 -16
602 -26
603 -55
604 -16
605 -24
606 -16
607 -16
608 -17
609 -16
610 -51
611 -17
612 -27
613 -16
614 -55
615 -16
616 -27
617 -16
618 -24
619 -16
620 -51
621 -17
622 -24
623 -27
624 -43
625 -27
626 -43
627 -28
628 -55
629 -24
630 -50
631 -16
632 -24
633 -43
634 -45
635 -17
636 -24
637 -51
638 -27
639 -17
640 -55
641 -51
642 -50
643 -55
644 -27
645 -20
646 -16
647 -50
648 -16
649 -51
650 -17
651 -43
652 -17
653 -66
654 -83
655 -17
656 -51
657 -17
658 -16
659 -18
660 -50
661 -16
662 -55
663 -16
664 -43
665 -50
666 -16
667 -55
668 -27
669 -17
670 -16
671 -55
672 -16
673 -16
674 -17
675 -50
676 -16
677 -16
678 -16
679 -16
680 -50
681 -43
682 -16
683 -43
684 -17
685 -51
686 -16
687 -16
688 -16
689 -51
690 -50
691 -43
692 -16
693 -51
694 -52
695 -51
696 -16
697 -55
698 -51
699 -51
700 -17
701 -24
702 -16
703 -27
704 -51
705 -24
706 -27
707 -16
708 -55
709 -24
710 -17
711 -16
712 -50
713 -17
714 -16
715 -16
716 -27
717 -51
718 -20
719 -16
720 -16
721 -16
722 -16
723 -51
724 -16
725 -16
726 -55
727 -16
728 -16
729 -51
730 -51
731 -24
732 -27
733 -16
734 -52
735 -24
736 -27
737 -50
738 -55
739 -43
740 -16
741 -20
742 -51
743 -27
744 -17
745 -55
746 -16
747 -21
748 -24
749 -16
750 -16
751 -16
752 -27
753 -51
754 -16
755 -24
756 -51
757 -55
758 -50
759 -55
760 -16
761 -55
762 -16
763 -16
764 -45
765 -50
766 -43
767 -16
768 -55
769 -24
770 -51
771 -24
772 -16
773 -55
774 -27
775 -16
776 -16
777 -21
778 -55
779 -52
780 -51
781 -55
782 -50
783 -16
784 -51
785 -20
786 -51
787 -51
788 -51
789 -16
790 -16
791 -24
792 -17
793 -16
794 -16
795 -16
796 -16
797 -16
798 -24
799 -51
800 -16
801 -43
802 -27
803 -24
804 -51
805 -16
806 -46
807 -24
808 -55
809 -50
810 -16
811 -27
812 -22
813 -27
814 -50
815 -50
816 -26
817 -16
818 -27
819 -16
820 -16
821 -50
822 -27
823 -16
824 -23
825 -55
826 -17
827 -16
828 -16
829 -24
830 -16
831 -17
832 -16
833 -55
834 -17
835 -17
836 -16
837 -24
838 -51
839 -43
840 -25
841 -16
842 -55
843 -50
844 -16
845 -16
846 -43
847 -24
848 -17
849 -24
850 -16
851 -16
852 -51
853 -17
854 -21
855 -16
856 -27
857 -24
858 -27
859 -50
860 -50
861 -20
862 -16
863 -17
864 -16
865 -50
866 -16
867 -27
868 -27
869 -50
870 -51
871 -16
872 -16
873 -27
874 -16
875 -51
876 -27
877 -50
878 -16
879 -55
880 -50
881 -24
882 -43
883 -16
884 -16
885 -16
886 -16
887 -51
888 -51
889 -43
890 -16
891 -55
892 -50
893 -16
894 -16
895 -16
896 -16
897 -16
898 -50
899 -55
900 -16
901 -50
902 -16
903 -16
904 -17
905 -51
906 -17
907 -54
908 -51
909 -51
910 -16
911 -27
912 -51
913 -17
914 -16
915 -55
916 -16
917 -27
918 -50
919 -24
920 -27
921 -16
922 -51
923 -16
924 -16
925 -55
926 -16
927 -55
928 -50
929 -16
930 -50
931 -17
932 -17
933 -51
934 -16
935 -24
936 -17
937 -27
938 -16
939 -29
940 -51
941 -50
942 -51
943 -17
944 -16
945 -16
946 -51
947 -82
948 -16
949 -55
950 -55
951 -55
952 -16
953 -55
954 -16
955 -17
956 -43
957 -27
958 -16
959 -16
960 -16
961 -27
962 -24
963 -16
964 -51
965 -51
966 -16
967 -50
968 -16
969 -16
970 -16
971 -50
972 -24
973 -16
974 -24
975 -27
976 -16
977 -27
978 -51
979 -17
980 -55
981 -16
982 -51
983 -16
984 -16
985 -50
986 -16
987 -27
988 -16
989 -43
990 -17
991 -16
992 -51
993 -50
994 -24
995 -24
996 -55
997 -55
998 -50
999 -24
