0 -35
1 -56
2 -80
3 -34
4 -81
5 -50
6 -19
7 -41
8 -40
9 -81
10 -78
11 -35
12 -79
13 -61
14 -69
15 -36
16 -24
17 -47
18 -46
19 -48
20 -41
21 -44
22 -40
23 -48
24 -41
25 -26
26 -70
27 -22
28 -49
29 -33
30 -45
31 -71
32 -45
33 -41
34 -71
35 -45
36 -46
37 -19
38 -38
39 -46
40 -42
41 -44
42 -70
43 -66
44 -35
45 -37
46 -39
47 -21
48 -68
49 -71
50 -38
51 -40
52 -79
53 -22
54 -81
55 -44
56 -38
57 -38
58 -39
59 -43
60 -41
61 -81
62 -35
63 -37
64 -72
65 -48
66 -19
67 -78
68 -29
69 -22
70 -44
71 -41
72 -43
73 -23
74 -41
75 -30
76 -22
77 -40
78 -62
79 -36
80 -22
81 -75
82 -35
83 -52
84 -44
85 -69
86 -44
87 -45
88 -71
89 -35
90 -35
91 -71
92 -30
93 -84
94 -35
95 -81
96 -32
97 -71
98 -55
99 -43
100 -36
101 -42
102 -56
103 -35
104 -30
105 -42
106 -48
107 -41
108 -38
109 -55
110 -49
111 -40
112 -46
113 -40
114 -60
115 -67
116 -45
117 -48
118 -29
119 -32
120 -81
121 -37
122 -71
123 -52
124 -33
125 -65
126 -35
127 -37
128 -84
129 -65
130 -71
131 -66
132 -52
133 -36
134 -40
135 -40
136 -42
137 -36
138 -44
139 -29
140 -38
141 -46
142 -41
143 -63
144 -19
145 -50
146 -43
147 -35
148 -81
149 -38
150 -37
151 -20
152 -44
153 -22
154 -41
155 -42
156 -26
157 -29
158 -34
159 -27
160 -36
161 -27
162 -60
163 -40
164 -49
165 -76
166 -41
167 -47
168 -25
169 -28
170 -30
171 -38
172 -81
173 -71
174 -61
175 -71
176 -71
177 -43
178 -87
179 -40
180 -38
181 -27
182 -40
183 -71
184 -36
185 -81
186 -71
187 -53
188 -39
189 -57
190 -44
191 -84
192 -71
193 -51
194 -53
195 -31
196 -33
197 -33
198 -43
199 -22
200 -48
201 -35
202 -45
203 -72
204 -32
205 -22
206 -40
207 -49
208 -49
209 -64
210 -76
211 -50
212 -23
213 -41
214 -31
215 -46
216 -71
217 -81
218 -67
219 -41
220 -29
221 -34
222 -74
223 -33
224 -35
225 -71
226 -81
227 -49
228 -27
229 -41
230 -69
231 -36
232 -38
233 -113
234 -74
235 -81
236 -34
237 -46
238 -70
239 -41
240 -45
241 -28
242 -36
243 -38
244 -36
245 -21
246 -39
247 -18
248 -77
249 -39
250 -61
251 -22
252 -45
253 -24
254 -37
255 -38
256 -60
257 -38
258 -76
259 -41
260 -29
261 -81
262 -41
263 -80
264 -60
265 -49
266 -84
267 -81
268 -51
269 -41
270 -22
271 -28
272 -31
273 -65
274 -41
275 -44
276 -38
277 -23
278 -71
279 -40
280 -36
281 -45
282 -36
283 -41
284 -115
285 -40
286 -25
287 -71
288 -31
289 -41
290 -40
291 -81
292 -84
293 -36
294 -59
295 -42
296 -83
297 -50
298 -37
299 -77
300 -37
301 -49
302 -19
303 -40
304 -41
305 -46
306 -41
307 -41
308 -40
309 -29
310 -34
311 -24
312 -42
313 -29
314 -74
315 -68
316 -39
317 -29
318 -39
319 -39
320 -38
321 -44
322 -61
323 -36
324 -26
325 -42
326 -44
327 -35
328 -42
329 -71
330 -35
331 -44
332 -79
333 -69
334 -35
335 -29
336 -53
337 -37
338 -49
339 -41
340 -41
341 -81
342 -35
343 -30
344 -65
345 -68
346 -35
347 -78
348 -47
349 -75
350 -30
351 -23
352 -57
353 -70
354 -42
355 -24
356 -45
357 -40
358 -23
359 -78
360 -81
361 -58
362 -71
363 -40
364 -32
365 -81
366 -42
367 -49
368 -60
369 -41
370 -72
371 -36
372 -86
373 -79
374 -59
375 -78
376 -23
377 -26
378 -19
379 -30
380 -49
381 -97
382 -41
383 -81
384 -22
385 -22
386 -46
387 -25
388 -81
389 -79
390 -73
391 -36
392 -67
393 -44
394 -81
395 -33
396 -31
397 -22
398 -75
399 -41
400 -31
401 -50
402 -67
403 -41
404 -38
405 -24
406 -36
407 -41
408 -29
409 -112
410 -81
411 -71
412 -53
413 -40
414 -40
415 -76
416 -53
417 -42
418 -18
419 -35
420 -34
421 -45
422 -61
423 -68
424 -70
425 -45
426 -62
427 -25
428 -40
429 -23
430 -18
431 -88
432 -71
433 -31
434 -35
435 -19
436 -63
437 -71
438 -35
439 -27
440 -68
441 -41
442 -67
443 -41
444 -41
445 -41
446 -37
447 -18
448 -36
449 -40
450 -24
451 -39
452 -24
453 -38
454 -68
455 -59
456 -50
457 -31
458 -89
459 -36
460 -85
461 -71
462 -35
463 -36
464 -71
465 -32
466 -44
467 -40
468 -40
469 -40
470 -48
471 -38
472 -54
473 -41
474 -27
475 -44
476 -35
477 -40
478 -59
479 -34
480 -42
481 -47
482 -51
483 -41
484 -22
485 -19
486 -50
487 -22
488 -44
489 -71
490 -81
491 -35
492 -91
493 -84
494 -18
495 -21
496 -26
497 -44
498 -40
499 -39
500 -41
501 -52
502 -81
503 -36
504 -50
505 -38
506 -48
507 -81
508 -29
509 -47
510 -40
511 -35
512 -65
513 -80
514 -22
515 -46
516 -37
517 -28
518 -67
519 -61
520 -81
521 -66
522 -78
523 -36
524 -35
525 -119
526 -45
527 -22
528 -34
529 -74
530 -56
531 -45
532 -45
533 -82
534 -77
535 -41
536 -22
537 -79
538 -41
539 -47
540 -48
541 -36
542 -71
543 -39
544 -37
545 -32
546 -49
547 -41
548 -37
549 -37
550 -19
551 -23
552 -40
553 -41
554 -42
555 -36
556 -66
557 -62
558 -67
559 -49
560 -51
561 -76
562 -45
563 -29
564 -39
565 -25
566 -63
567 -49
568 -29
569 -35
570 -31
571 -45
572 -81
573 -19
574 -81
575 -43
576 -49
577 -39
578 -71
579 -57
580 -41
581 -55
582 -45
583 -37
584 -42
585 -31
586 -45
587 -32
588 -36
589 -20
590 -29
591 -83
592 -38
593 -41
594 -19
595 -23
596 -34
597 -71
598 -55
599 -81
600 -24
601 -44
602 -78
603 -46
604 -57
605 -20
606 -46
607 -53
608 -43
609 -39
610 -83
611 -88
612 -32
613 -81
614 -84
615 -48
616 -40
617 -40
618 -41
619 -38
620 -19
621 -35
622 -74
623 -74
624 -44
625 -80
626 -68
627 -38
628 -24
629 -49
630 -46
631 -74
632 -77
633 -41
634 -61
635 -41
636 -50
637 -69
638 -74
639 -75
640 -19
641 -37
642 -81
643 -116
644 -22
645 -22
646 -75
647 -50
648 -36
649 -68
650 -93
651 -36
652 -57
653 -51
654 -33
655 -41
656 -79
657 -22
658 -28
659 -33
660 -63
661 -74
662 -67
663 -22
664 -70
665 -67
666 -50
667 -42
668 -62
669 -51
670 -25
671 -37
672 -44
673 -22
674 -79
675 -37
676 -49
677 -37
678 -56
679 -44
680 -32
681 -29
682 -46
683 -80
684 -46
685 -24
686 -65
687 -68
688 -77
689 -54
690 -79
691 -22
692 -68
693 -64
694 -27
695 -46
696 -35
697 -90
698 -22
699 -69
700 -39
701 -71
702 -41
703 -29
704 -47
705 -35
706 -28
707 -81
708 -69
709 -46
710 -28
711 -27
712 -71
713 -41
714 -40
715 -26
716 -40
717 -38
718 -21
719 -121
720 -27
721 -70
722 -71
723 -40
724 -40
725 -79
726 -96
727 -81
728 -25
729 -70
730 -79
731 -58
732 -50
733 -38
734 -22
735 -28
736 -36
737 -35
738 -54
739 -36
740 -66
741 -40
742 -44
743 -41
744 -66
745 -46
746 -39
747 -57
748 -26
749 -41
750 -76
751 -44
752 -41
753 -92
754 -57
755 -42
756 -46
757 -60
758 -43
759 -35
760 -87
761 -93
762 -22
763 -49
764 -37
765 -78
766 -50
767 -43
768 -36
769 -41
770 -42
771 -44
772 -66
773 -31
774 -41
775 -54
776 -54
777 -44
778 -36
779 -39
780 -23
781 -39
782 -53
783 -35
784 -27
785 -40
786 -26
787 -42
788 -41
789 -33
790 -31
791 -81
792 -25
793 -54
794 -91
795 -48
796 -27
797 -64
798 -55
799 -46
800 -16
801 -47
802 -35
803 -71
804 -36
805 -41
806 -44
807 -35
808 -26
809 -23
810 -50
811 -71
812 -48
813 -35
814 -85
815 -37
816 -70
817 -37
818 -26
819 -95
820 -103
821 -22
822 -30
823 -89
824 -37
825 -29
826 -41
827 -22
828 -33
829 -60
830 -33
831 -40
832 -33
833 -55
834 -78
835 -37
836 -40
837 -43
838 -67
839 -84
840 -35
841 -35
842 -44
843 -35
844 -35
845 -41
846 -81
847 -44
848 -38
849 -61
850 -39
851 -35
852 -74
853 -39
854 -22
855 -81
856 -35
857 -68
858 -44
859 -76
860 -71
861 -35
862 -71
863 -51
864 -44
865 -40
866 -41
867 -41
868 -81
869 -66
870 -61
871 -43
872 -24
873 -31
874 -46
875 -41
876 -22
877 -89
878 -35
879 -37
880 -81
881 -74
882 -39
883 -71
884 -46
885 -71
886 -81
887 -41
888 -31
889 -82
890 -47
891 -49
892 -81
893 -84
894 -24
895 -83
896 -36
897 -60
898 -45
899 -40
900 -75
901 -45
902 -36
903 -45
904 -27
905 -37
906 -74
907 -45
908 -70
909 -69
910 -41
911 -41
912 -41
913 -71
914 -35
915 -67
916 -43
917 -33
918 -41
919 -80
920 -75
921 -34
922 -53
923 -71
924 -46
925 -50
926 -67
927 -66
928 -49
929 -38
930 -60
931 -39
932 -26
933 -55
934 -25
935 -40
936 -27
937 -36
938 -66
939 -41
940 -46
941 -41
942 -42
943 -52
944 -57
945 -41
946 -74
947 -81
948 -28
949 -35
950 -71
951 -41
952 -36
953 -38
954 -33
955 -44
956 -37
957 -81
958 -44
959 -31
960 -40
961 -38
962 -75
963 -65
964 -19
965 -33
966 -23
967 -36
968 -29
969 -73
970 -74
971 -50
972 -49
973 -38
974 -37
975 -46
976 -24
977 -80
978 -29
979 -42
980 -50
981 -66
982 -49
983 -21
984 -79
985 -22
986 -24
987 -41
988 -42
989 -58
990 -18
991 -76
992 -39
993 -41
994 -31
995 -50
996 -54
997 -54
998 -52
999 -28
