0 -125
1 -110
2 -42
3 -67
4 -49
5 -40
6 -39
7 -70
8 -131
9 -61
10 -55
11 -64
12 -51
13 -99
14 -55
15 -63
16 -63
17 -65
18 -56
19 -68
20 -62
21 -62
22 -51
23 -74
24 -52
25 -53
26 -81
27 -53
28 -71
29 -84
30 -90
31 -95
32 -66
33 -51
34 -99
35 -101
36 -72
37 -76
38 -69
39 -58
40 -85
41 -160
42 -61
43 -61
44 -69
45 -40
46 -76
47 -64
48 -42
49 -81
50 -55
51 -81
52 -47
53 -114
54 -39
55 -69
56 -123
57 -54
58 -56
59 -46
60 -75
61 -36
62 -91
63 -54
64 -86
65 -56
66 -64
67 -71
68 -109
69 -79
70 -74
71 -31
72 -47
73 -35
74 -72
75 -118
76 -47
77 -51
78 -43
79 -29
80 -52
81 -51
82 -64
83 -51
84 -98
85 -50
86 -81
87 -57
88 -52
89 -51
90 -55
91 -40
92 -86
93 -62
94 -102
95 -58
96 -96
97 -89
98 -93
99 -45
100 -65
101 -45
102 -42
103 -142
104 -63
105 -51
106 -105
107 -97
108 -73
109 -81
110 -48
111 -113
112 -88
113 -64
114 -63
115 -85
116 -70
117 -30
118 -95
119 -76
120 -88
121 -68
122 -76
123 -44
124 -64
125 -31
126 -111
127 -57
128 -94
129 -49
130 -48
131 -68
132 -39
133 -59
134 -101
135 -64
136 -78
137 -67
138 -127
139 -45
140 -93
141 -51
142 -60
143 -78
144 -49
145 -72
146 -94
147 -23
148 -67
149 -127
150 -38
151 -48
152 -60
153 -51
154 -46
155 -65
156 -70
157 -94
158 -69
159 -66
160 -64
161 -75
162 -44
163 -57
164 -42
165 -55
166 -50
167 -72
168 -106
169 -42
170 -88
171 -82
172 -54
173 -33
174 -60
175 -51
176 -98
177 -108
178 -72
179 -83
180 -47
181 -77
182 -48
183 -74
184 -60
185 -75
186 -39
187 -33
188 -52
189 -106
190 -37
191 -50
192 -46
193 -50
194 -97
195 -58
196 -51
197 -62
198 -52
199 -45
200 -64
201 -86
202 -74
203 -41
204 -55
205 -65
206 -100
207 -126
208 -87
209 -46
210 -101
211 -122
212 -72
213 -94
214 -61
215 -39
216 -47
217 -42
218 -75
219 -76
220 -57
221 -46
222 -53
223 -66
224 -86
225 -38
226 -39
227 -23
228 -114
229 -42
230 -56
231 -77
232 -31
233 -32
234 -79
235 -40
236 -107
237 -38
238 -76
239 -31
240 -42
241 -76
242 -73
243 -66
244 -61
245 -78
246 -48
247 -69
248 -103
249 -52
250 -83
251 -61
252 -77
253 -92
254 -95
255 -26
256 -32
257 -98
258 -41
259 -68
260 -65
261 -59
262 -112
263 -52
264 -108
265 -88
266 -44
267 -26
268 -47
269 -80
270 -48
271 -42
272 -40
273 -35
274 -60
275 -113
276 -58
277 -54
278 -73
279 -47
280 -39
281 -68
282 -37
283 -67
284 -73
285 -49
286 -52
287 -52
288 -53
289 -93
290 -79
291 -51
292 -50
293 -91
294 -82
295 -45
296 -82
297 -55
298 -60
299 -89
300 -101
301 -69
302 -35
303 -62
304 -84
305 -45
306 -98
307 -52
308 -73
309 -62
310 -65
311 -58
312 -48
313 -48
314 -53
315 -86
316 -54
317 -77
318 -137
319 -29
320 -83
321 -68
322 -65
323 -130
324 -98
325 -92
326 -57
327 -43
328 -91
329 -103
330 -127
331 -65
332 -93
333 -49
334 -42
335 -57
336 -33
337 -73
338 -24
339 -104
340 -62
341 -97
342 -33
343 -98
344 -64
345 -71
346 -101
347 -75
348 -36
349 -91
350 -37
351 -101
352 -61
353 -55
354 -138
355 -33
356 -112
357 -51
358 -73
359 -70
360 -83
361 -82
362 -57
363 -120
364 -56
365 -82
366 -63
367 -28
368 -99
369 -31
370 -75
371 -58
372 -48
373 -38
374 -85
375 -43
376 -42
377 -63
378 -70
379 -76
380 -70
381 -127
382 -37
383 -50
384 -109
385 -104
386 -76
387 -34
388 -53
389 -49
390 -61
391 -98
392 -130
393 -95
394 -99
395 -73
396 -95
397 -100
398 -103
399 -39
400 -91
401 -64
402 -52
403 -107
404 -43
405 -82
406 -47
407 -53
408 -27
409 -44
410 -33
411 -60
412 -50
413 -64
414 -57
415 -79
416 -57
417 -70
418 -29
419 -82
420 -76
421 -95
422 -48
423 -96
424 -82
425 -130
426 -106
427 -103
428 -64
429 -106
430 -63
431 -101
432 -49
433 -73
434 -83
435 -87
436 -36
437 -58
438 -70
439 -79
440 -56
441 -49
442 -75
443 -55
444 -20
445 -97
446 -32
447 -33
448 -111
449 -73
450 -130
451 -72
452 -125
453 -47
454 -65
455 -96
456 -104
457 -75
458 -53
459 -115
460 -102
461 -54
462 -96
463 -71
464 -45
465 -92
466 -56
467 -78
468 -29
469 -106
470 -43
471 -98
472 -69
473 -71
474 -61
475 -105
476 -49
477 -26
478 -44
479 -103
480 -87
481 -75
482 -43
483 -50
484 -58
485 -59
486 -113
487 -52
488 -41
489 -55
490 -67
491 -45
492 -56
493 -29
494 -55
495 -48
496 -50
497 -69
498 -109
499 -89
500 -42
501 -68
502 -58
503 -71
504 -83
505 -89
506 -89
507 -62
508 -65
509 -67
510 -110
511 -133
512 -31
513 -57
514 -75
515 -52
516 -75
517 -90
518 -88
519 -91
520 -55
521 -64
522 -144
523 -46
524 -126
525 -74
526 -69
527 -55
528 -55
529 -83
530 -79
531 -39
532 -52
533 -64
534 -30
535 -92
536 -82
537 -72
538 -74
539 -74
540 -70
541 -43
542 -57
543 -82
544 -55
545 -37
546 -63
547 -57
548 -85
549 -43
550 -62
551 -57
552 -45
553 -60
554 -97
555 -32
556 -51
557 -53
558 -87
559 -37
560 -39
561 -64
562 -58
563 -44
564 -57
565 -47
566 -61
567 -61
568 -51
569 -32
570 -72
571 -107
572 -73
573 -60
574 -99
575 -55
576 -79
577 -52
578 -48
579 -66
580 -70
581 -53
582 -67
583 -135
584 -24
585 -31
586 -98
587 -46
588 -75
589 -93
590 -47
591 -85
592 -17
593 -86
594 -86
595 -77
596 -32
597 -58
598 -47
599 -53
600 -43
601 -48
602 -85
603 -122
604 -58
605 -49
606 -42
607 -74
608 -115
609 -45
610 -92
611 -68
612 -90
613 -45
614 -74
615 -61
616 -92
617 -80
618 -37
619 -59
620 -99
621 -56
622 -72
623 -28
624 -73
625 -76
626 -57
627 -65
628 -47
629 -116
630 -85
631 -92
632 -108
633 -112
634 -61
635 -112
636 -39
637 -97
638 -69
639 -55
640 -77
641 -100
642 -60
643 -93
644 -67
645 -45
646 -66
647 -60
648 -35
649 -79
650 -63
651 -59
652 -78
653 -41
654 -49
655 -47
656 -106
657 -61
658 -49
659 -61
660 -84
661 -41
662 -44
663 -57
664 -119
665 -27
666 -68
667 -115
668 -64
669 -51
670 -67
671 -67
672 -61
673 -48
674 -92
675 -91
676 -43
677 -93
678 -49
679 -84
680 -45
681 -115
682 -45
683 -61
684 -54
685 -103
686 -35
687 -88
688 -54
689 -49
690 -81
691 -92
692 -47
693 -74
694 -88
695 -55
696 -38
697 -69
698 -87
699 -53
700 -96
701 -54
702 -60
703 -45
704 -82
705 -89
706 -102
707 -51
708 -66
709 -67
710 -79
711 -89
712 -97
713 -77
714 -121
715 -63
716 -25
717 -53
718 -109
719 -88
720 -39
721 -95
722 -58
723 -39
724 -49
725 -64
726 -34
727 -76
728 -73
729 -60
730 -55
731 -68
732 -107
733 -51
734 -66
735 -90
736 -30
737 -67
738 -45
739 -66
740 -48
741 -94
742 -36
743 -45
744 -92
745 -71
746 -62
747 -90
748 -89
749 -74
750 -103
751 -53
752 -71
753 -43
754 -69
755 -69
756 -85
757 -39
758 -87
759 -121
760 -55
761 -58
762 -118
763 -92
764 -82
765 -54
766 -93
767 -55
768 -50
769 -112
770 -69
771 -54
772 -76
773 -43
774 -61
775 -44
776 -49
777 -47
778 -69
779 -41
780 -37
781 -77
782 -22
783 -69
784 -93
785 -65
786 -70
787 -71
788 -85
789 -29
790 -88
791 -50
792 -62
793 -52
794 -115
795 -64
796 -123
797 -90
798 -78
799 -38
800 -50
801 -42
802 -46
803 -41
804 -100
805 -73
806 -73
807 -106
808 -55
809 -106
810 -41
811 -124
812 -71
813 -50
814 -42
815 -67
816 -75
817 -60
818 -54
819 -94
820 -42
821 -78
822 -85
823 -99
824 -110
825 -47
826 -43
827 -34
828 -60
829 -110
830 -24
831 -73
832 -100
833 -54
834 -67
835 -87
836 -56
837 -86
838 -58
839 -73
840 -80
841 -33
842 -70
843 -30
844 -48
845 -58
846 -58
847 -78
848 -42
849 -70
850 -71
851 -65
852 -82
853 -60
854 -42
855 -67
856 -66
857 -87
858 -34
859 -76
860 -71
861 -96
862 -86
863 -43
864 -40
865 -90
866 -123
867 -107
868 -37
869 -55
870 -77
871 -47
872 -43
873 -84
874 -47
875 -125
876 -75
877 -63
878 -127
879 -70
880 -71
881 -43
882 -76
883 -65
884 -47
885 -54
886 -46
887 -97
888 -59
889 -28
890 -36
891 -55
892 -67
893 -70
894 -66
895 -44
896 -58
897 -79
898 -100
899 -69
900 -33
901 -114
902 -51
903 -78
904 -40
905 -59
906 -64
907 -47
908 -112
909 -62
910 -68
911 -93
912 -34
913 -97
914 -81
915 -92
916 -73
917 -50
918 -61
919 -60
920 -63
921 -36
922 -52
923 -43
924 -43
925 -72
926 -30
927 -58
928 -64
929 -46
930 -78
931 -64
932 -34
933 -46
934 -72
935 -105
936 -105
937 -75
938 -44
939 -89
940 -65
941 -39
942 -90
943 -94
944 -44
945 -55
946 -75
947 -61
948 -65
949 -72
950 -49
951 -63
952 -109
953 -54
954 -37
955 -108
956 -90
957 -49
958 -58
959 -34
960 -69
961 -49
962 -83
963 -75
964 -72
965 -94
966 -60
967 -57
968 -98
969 -76
970 -114
971 -65
972 -36
973 -49
974 -50
975 -45
976 -83
977 -63
978 -52
979 -114
980 -65
981 -46
982 -92
983 -59
984 -84
985 -46
986 -70
987 -102
988 -98
989 -80
990 -46
991 -48
992 -87
993 -80
994 -52
995 -82
996 -87
997 -117
998 -90
999 -31
