0 -55
1 -24
2 -21
3 -55
4 -16
5 -17
6 -35
7 -16
8 -51
9 -35
10 -16
11 -35
12 -55
13 -51
14 -16
15 -50
16 -16
17 -27
18 -24
19 -39
20 -16
21 -16
22 -51
23 -17
24 -24
25 -16
26 -55
27 -17
28 -51
29 -33
30 -51
31 -27
32 -55
33 -24
34 -51
35 -17
36 -16
37 -50
38 -24
39 -16
40 -16
41 -50
42 -16
43 -16
44 -51
45 -50
46 -27
47 -51
48 -16
49 -27
50 -55
51 -18
52 -16
53 -24
54 -55
55 -18
56 -16
57 -50
58 -27
59 -16
60 -17
61 -24
62 -35
63 -16
64 -16
65 -24
66 -35
67 -16
68 -17
69 -27
70 -55
71 -51
72 -16
73 -16
74 -16
75 -17
76 -16
77 -18
78 -27
79 -55
80 -51
81 -51
82 -16
83 -50
84 -27
85 -18
86 -16
87 -55
88 -16
89 -16
90 -16
91 -16
92 -50
93 -18
94 -35
95 -55
96 -16
97 -51
98 -16
99 -18
100 -55
101 -35
102 -35
103 -50
104 -17
105 -27
106 -17
107 -24
108 -16
109 -16
110 -16
111 -16
112 -16
113 -16
114 -16
115 -16
116 -24
117 -16
118 -24
119 -55
120 -16
121 -50
122 -16
123 -51
124 -41
125 -35
126 -50
127 -16
128 -24
129 -50
130 -55
131 -16
132 -16
133 -35
134 -51
135 -35
136 -16
137 -17
138 -24
139 -51
140 -24
141 -51
142 -16
143 -42
144 -28
145 -50
146 -51
147 -50
148 -35
149 -50
150 -50
151 -16
152 -27
153 -16
154 -50
155 -16
156 -16
157 -35
158 -16
159 -24
160 -55
161 -24
162 -27
163 -54
164 -17
165 -16
166 -17
167 -16
168 -27
169 -27
170 -35
171 -35
172 -16
173 -50
174 -27
175 -50
176 -27
177 -55
178 -35
179 -50
180 -24
181 -22
182 -16
183 -20
184 -16
185 -24
186 -17
187 -16
188 -50
189 -24
190 -35
191 -27
192 -27
193 -35
194 -17
195 -16
196 -16
197 -16
198 -16
199 -16
200 -27
201 -51
202 -16
203 -35
204 -58
205 -17
206 -35
207 -50
208 -24
209 -50
210 -16
211 -16
212 -16
213 -16
214 -17
215 -50
216 -16
217 -54
218 -27
219 -21
220 -50
221 -21
222 -27
223 -16
224 -16
225 -16
226 -16
227 -24
228 -51
229 -27
230 -17
231 -17
232 -24
233 -16
234 -24
235 -24
236 -24
237 -17
238 -35
239 -55
240 -16
241 -16
242 -16
243 -35
244 -27
245 -16
246 -51
247 -35
248 -25
249 -50
250 -16
251 -58
252 -35
253 -17
254 -38
255 -16
256 -17
257 -16
258 -35
259 -17
260 -16
261 -50
262 -17
263 -55
264 -17
265 -55
266 -27
267 -55
268 -50
269 -55
270 -17
271 -54
272 -16
273 -51
274 -50
275 -50
276 -52
277 -27
278 -17
279 -16
280 -16
281 -16
282 -44
283 -51
284 -24
285 -51
286 -22
287 -44
288 -51
289 -24
290 -55
291 -51
292 -17
293 -50
294 -27
295 -16
296 -55
297 -24
298 -24
299 -16
300 -20
301 -16
302 -35
303 -17
304 -16
305 -35
306 -24
307 -27
308 -16
309 -17
310 -51
311 -27
312 -35
313 -27
314 -16
315 -27
316 -25
317 -51
318 -55
319 -16
320 -16
321 -50
322 -35
323 -35
324 -17
325 -73
326 -16
327 -16
328 -16
329 -16
330 -55
331 -18
332 -16
333 -16
334 -16
335 -17
336 -16
337 -55
338 -20
339 -16
340 -24
341 -24
342 -24
343 -29
344 -35
345 -17
346 -50
347 -55
348 -16
349 -20
350 -35
351 -16
352 -16
353 -17
354 -37
355 -16
356 -35
357 -55
358 -27
359 -50
360 -16
361 -17
362 -42
363 -51
364 -36
365 -16
366 -51
367 -22
368 -16
369 -16
370 -16
371 -55
372 -16
373 -24
374 -17
375 -16
376 -55
377 -51
378 -60
379 -16
380 -50
381 -35
382 -27
383 -16
384 -16
385 -16
386 -16
387 -16
388 -33
389 -50
390 -51
391 -16
392 -17
393 -51
394 -51
395 -50
396 -16
397 -50
398 -16
399 -55
400 -55
401 -16
402 -27
403 -87
404 -27
405 -27
406 -18
407 -50
408 -58
409 -51
410 -16
411 -55
412 -16
413 -22
414 -16
415 -27
416 -35
417 -27
418 -20
419 -55
420 -55
421 -55
422 -44
423 -54
424 -27
425 -28
426 -50
427 -16
428 -17
429 -55
430 -50
431 -24
432 -37
433 -50
434 -27
435 -55
436 -21
437 -17
438 -16
439 -35
440 -16
441 -52
442 -16
443 -50
444 -24
445 -17
446 -55
447 -16
448 -24
449 -24
450 -16
451 -50
452 -16
453 -17
454 -27
455 -24
456 -16
457 -20
458 -27
459 -35
460 -16
461 -27
462 -27
463 -51
464 -27
465 -16
466 -17
467 -73
468 -24
469 -51
470 -55
471 -17
472 -16
473 -17
474 -16
475 -26
476 -17
477 -59
478 -35
479 -17
480 -51
481 -24
482 -50
483 -24
484 -28
485 -16
486 -35
487 -23
488 -55
489 -16
490 -55
491 -16
492 -24
493 -51
494 -16
495 -51
496 -16
497 -16
498 -24
499 -24
500 -17
501 -53
502 -50
503 -55
504 -16
505 -16
506 -16
507 -16
508 -16
509 -17
510 -16
511 -35
512 -16
513 -51
514 -35
515 -32
516 -17
517 -49
518 -55
519 -16
520 -51
521 -51
522 -24
523 -16
524 -16
525 -20
526 -50
527 -16
528 -17
529 -16
530 -55
531 -16
532 -16
533 -51
534 -52
535 -51
536 -17
537 -16
538 -51
539 -16
540 -50
541 -24
542 -35
543 -16
544 -17
545 -16
546 -16
547 -17
548 -16
549 -35
550 -16
551 -50
552 -50
553 -35
554 -16
555 -55
556 -51
557 -50
558 -17
559 -55
560 -16
561 -16
562 -24
563 -35
564 -51
565 -16
566 -17
567 -16
568 -16
569 -16
570 -60
571 -16
572 -55
573 -16
574 -16
575 -16
576 -51
577 -27
578 -50
579 -50
580 -16
581 -24
582 -27
583 -55
584 -27
585 -24
586 -24
587 -24
588 -17
589 -27
590 -16
591 -60
592 -50
593 -55
594 -16
595 -51
596 -27
597 -27
598 -17
599 -55
600 -35
601 -16
602 -24
603 -16
604 -16
605 -16
606 -35
607 -16
608 -58
609 -17
610 -17
611 -16
612 -50
613 -55
614 -16
615 -16
616 -55
617 -17
618 -16
619 -24
620 -17
621 -19
622 -35
623 -24
624 -35
625 -51
626 -16
627 -50
628 -55
629 -16
630 -16
631 -18
632 -55
633 -16
634 -35
635 -52
636 -17
637 -16
638 -16
639 -27
640 -27
641 -17
642 -16
643 -16
644 -16
645 -18
646 -51
647 -16
648 -17
649 -16
650 -16
651 -35
652 -51
653 -50
654 -50
655 -35
656 -35
657 -16
658 -17
659 -16
660 -35
661 -23
662 -55
663 -16
664 -51
665 -20
666 -16
667 -24
668 -27
669 -50
670 -51
671 -16
672 -16
673 -16
674 -16
675 -24
676 -16
677 -24
678 -24
679 -16
680 -24
681 -51
682 -51
683 -16
684 -55
685 -50
686 -16
687 -16
688 -52
689 -16
690 -16
691 -16
692 -17
693 -27
694 -55
695 -16
696 -16
697 -16
698 -17
699 -27
700 -16
701 -16
702 -47
703 -17
704 -17
705 -16
706 -27
707 -50
708 -27
709 -16
710 -16
711 -24
712 -17
713 -16
714 -35
715 -16
716 -23
717 -16
718 -16
719 -27
720 -16
721 -16
722 -50
723 -51
724 -16
725 -16
726 -24
727 -56
728 -16
729 -17
730 -55
731 -17
732 -16
733 -35
734 -17
735 -16
736 -16
737 -27
738 -16
739 -27
740 -92
741 -16
742 -27
743 -52
744 -55
745 -16
746 -27
747 -33
748 -35
749 -16
750 -16
751 -63
752 -27
753 -24
754 -51
755 -16
756 -16
757 -17
758 -16
759 -16
760 -16
761 -17
762 -50
763 -17
764 -16
765 -55
766 -50
767 -17
768 -27
769 -16
770 -54
771 -16
772 -16
773 -17
774 -27
775 -16
776 -16
777 -16
778 -24
779 -50
780 -16
781 -18
782 -27
783 -16
784 -16
785 -16
786 -51
787 -16
788 -16
789 -50
790 -55
791 -16
792 -20
793 -50
794 -35
795 -16
796 -16
797 -16
798 -16
799 -35
800 -24
801 -35
802 -17
803 -17
804 -50
805 -55
806 -50
807 -50
808 -16
809 -35
810 -55
811 -27
812 -51
813 -27
814 -51
815 -55
816 -17
817 -16
818 -55
819 -16
820 -35
821 -35
822 -16
823 -31
824 -16
825 -50
826 -51
827 -35
828 -27
829 -27
830 -27
831 -16
832 -41
833 -24
834 -24
835 -16
836 -16
837 -23
838 -50
839 -16
840 -51
841 -27
842 -51
843 -24
844 -50
845 -16
846 -18
847 -17
848 -35
849 -51
850 -35
851 -50
852 -16
853 -17
854 -27
855 -50
856 -16
857 -16
858 -27
859 -55
860 -55
861 -16
862 -16
863 -16
864 -27
865 -35
866 -35
867 -35
868 -35
869 -50
870 -16
871 -24
872 -16
873 -50
874 -55
875 -16
876 -16
877 -16
878 -16
879 -16
880 -17
881 -18
882 -17
883 -16
884 -51
885 -35
886 -55
887 -16
888 -35
889 -55
890 -16
891 -16
892 -35
893 -17
894 -17
895 -51
896 -50
897 -16
898 -24
899 -35
900 -16
901 -35
902 -16
903 -24
904 -16
905 -35
906 -51
907 -16
908 -16
909 -27
910 -16
911 -22
912 -35
913 -16
914 -27
915 -24
916 -25
917 -27
918 -16
919 -55
920 -27
921 -16
922 -16
923 -35
924 -17
925 -20
926 -16
927 -50
928 -16
929 -68
930 -35
931 -35
932 -16
933 -17
934 -50
935 -16
936 -24
937 -16
938 -24
939 -16
940 -50
941 -35
942 -16
943 -17
944 -35
945 -50
946 -16
947 -27
948 -24
949 -16
950 -16
951 -27
952 -17
953 -16
954 -46
955 -35
956 -51
957 -16
958 -17
959 -50
960 -51
961 -16
962 -16
963 -16
964 -24
965 -16
966 -52
967 -55
968 -16
969 -51
970 -24
971 -50
972 -27
973 -55
974 -16
975 -16
976 -55
977 -28
978 -35
979 -51
980 -21
981 -16
982 -24
983 -24
984 -17
985 -17
986 -16
987 -45
988 -24
989 -24
990 -51
991 -27
992 -24
993 -19
994 -50
995 -16
996 -35
997 -87
998 -27
999 -24
