0 -16
1 -16
2 -33
3 -24
4 -27
5 -30
6 -16
7 -16
8 -33
9 -17
10 -16
11 -45
12 -55
13 -50
14 -22
15 -55
16 -41
17 -33
18 -50
19 -16
20 -55
21 -41
22 -33
23 -16
24 -27
25 -43
26 -50
27 -17
28 -27
29 -17
30 -24
31 -22
32 -50
33 -15
34 -33
35 -24
36 -16
37 -16
38 -50
39 -16
40 -55
41 -55
42 -16
43 -16
44 -16
45 -24
46 -24
47 -41
48 -50
49 -16
50 -24
51 -50
52 -16
53 -23
54 -33
55 -16
56 -17
57 -16
58 -36
59 -27
60 -41
61 -55
62 -24
63 -33
64 -17
65 -16
66 -45
67 -33
68 -33
69 -45
70 -24
71 -17
72 -16
73 -33
74 -33
75 -16
76 -16
77 -27
78 -33
79 -50
80 -17
81 -37
82 -27
83 -50
84 -50
85 -22
86 -33
87 -15
88 -16
89 -16
90 -17
91 -16
92 -16
93 -16
94 -44
95 -16
96 -50
97 -50
98 -30
99 -16
100 -50
101 -16
102 -22
103 -33
104 -16
105 -41
106 -55
107 -16
108 -27
109 -41
110 -50
111 -15
112 -16
113 -55
114 -16
115 -50
116 -27
117 -17
118 -43
119 -27
120 -24
121 -27
122 -50
123 -16
124 -22
125 -55
126 -18
127 -50
128 -41
129 -55
130 -27
131 -24
132 -17
133 -45
134 -41
135 -33
136 -16
137 -24
138 -16
139 -16
140 -41
141 -55
142 -33
143 -27
144 -15
145 -41
146 -24
147 -16
148 -50
149 -27
150 -41
151 -27
152 -59
153 -32
154 -55
155 -55
156 -16
157 -27
158 -33
159 -16
160 -17
161 -33
162 -16
163 -22
164 -21
165 -31
166 -24
167 -50
168 -24
169 -33
170 -16
171 -27
172 -41
173 -22
174 -24
175 -55
176 -43
177 -55
178 -16
179 -24
180 -16
181 -17
182 -41
183 -17
184 -22
185 -17
186 -16
187 -27
188 -22
189 -24
190 -33
191 -16
192 -24
193 -16
194 -55
195 -55
196 -23
197 -16
198 -50
199 -24
200 -55
201 -50
202 -27
203 -27
204 -16
205 -55
206 -22
207 -41
208 -55
209 -50
210 -33
211 -43
212 -43
213 -55
214 -55
215 -35
216 -55
217 -19
218 -55
219 -21
220 -50
221 -27
222 -16
223 -16
224 -27
225 -22
226 -30
227 -50
228 -55
229 -24
230 -23
231 -16
232 -16
233 -24
234 -50
235 -55
236 -16
237 -55
238 -16
239 -55
240 -24
241 -50
242 -37
243 -24
244 -41
245 -33
246 -16
247 -17
248 -27
249 -27
250 -16
251 -24
252 -24
253 -22
254 -41
255 -16
256 -41
257 -17
258 -27
259 -49
260 -24
261 -41
262 -22
263 -16
264 -16
265 -55
266 -24
267 -24
268 -16
269 -15
270 -38
271 -16
272 -55
273 -55
274 -16
275 -41
276 -47
277 -33
278 -24
279 -50
280 -27
281 -22
282 -24
283 -16
284 -55
285 -16
286 -45
287 -17
288 -16
289 -41
290 -41
291 -16
292 -41
293 -50
294 -22
295 -22
296 -16
297 -16
298 -24
299 -16
300 -16
301 -41
302 -17
303 -41
304 -55
305 -27
306 -16
307 -50
308 -55
309 -16
310 -55
311 -33
312 -29
313 -33
314 -16
315 -16
316 -16
317 -27
318 -44
319 -16
320 -41
321 -16
322 -41
323 -17
324 -29
325 -17
326 -43
327 -16
328 -55
329 -24
330 -16
331 -27
332 -24
333 -33
334 -30
335 -24
336 -27
337 -17
338 -16
339 -24
340 -16
341 -50
342 -16
343 -24
344 -55
345 -17
346 -27
347 -33
348 -55
349 -17
350 -15
351 -33
352 -17
353 -24
354 -16
355 -27
356 -27
357 -50
358 -33
359 -17
360 -17
361 -17
362 -41
363 -16
364 -27
365 -27
366 -33
367 -66
368 -25
369 -50
370 -24
371 -16
372 -43
373 -17
374 -50
375 -55
376 -27
377 -41
378 -33
379 -16
380 -43
381 -16
382 -27
383 -16
384 -16
385 -50
386 -16
387 -17
388 -16
389 -27
390 -41
391 -30
392 -55
393 -41
394 -33
395 -16
396 -55
397 -16
398 -16
399 -52
400 -33
401 -27
402 -55
403 -24
404 -41
405 -17
406 -17
407 -16
408 -16
409 -16
410 -33
411 -33
412 -50
413 -16
414 -16
415 -41
416 -15
417 -27
418 -16
419 -17
420 -16
421 -16
422 -17
423 -24
424 -24
425 -17
426 -50
427 -33
428 -24
429 -87
430 -15
431 -16
432 -27
433 -16
434 -17
435 -18
436 -33
437 -26
438 -50
439 -16
440 -27
441 -41
442 -17
443 -16
444 -24
445 -24
446 -16
447 -41
448 -43
449 -24
450 -16
451 -16
452 -16
453 -16
454 -41
455 -16
456 -55
457 -41
458 -16
459 -36
460 -16
461 -16
462 -16
463 -41
464 -50
465 -55
466 -55
467 -27
468 -50
469 -27
470 -27
471 -16
472 -27
473 -16
474 -16
475 -17
476 -55
477 -33
478 -33
479 -50
480 -16
481 -41
482 -41
483 -16
484 -16
485 -17
486 -18
487 -50
488 -16
489 -55
490 -16
491 -41
492 -27
493 -27
494 -50
495 -15
496 -41
497 -43
498 -16
499 -16
500 -24
501 -16
502 -41
503 -55
504 -17
505 -27
506 -55
507 -33
508 -20
509 -41
510 -50
511 -16
512 -33
513 -33
514 -17
515 -50
516 -55
517 -16
518 -60
519 -41
520 -33
521 -41
522 -15
523 -16
524 -25
525 -55
526 -43
527 -41
528 -22
529 -33
530 -16
531 -33
532 -16
533 -16
534 -24
535 -24
536 -41
537 -22
538 -16
539 -16
540 -55
541 -16
542 -27
543 -50
544 -33
545 -41
546 -50
547 -16
548 -24
549 -76
550 -41
551 -33
552 -17
553 -41
554 -41
555 -24
556 -16
557 -24
558 -16
559 -16
560 -33
561 -27
562 -17
563 -16
564 -55
565 -55
566 -33
567 -24
568 -30
569 -27
570 -24
571 -24
572 -24
573 -55
574 -33
575 -20
576 -27
577 -28
578 -24
579 -23
580 -43
581 -28
582 -41
583 -45
584 -55
585 -16
586 -17
587 -16
588 -33
589 -22
590 -43
591 -17
592 -16
593 -27
594 -27
595 -27
596 -50
597 -24
598 -50
599 -55
600 -22
601 -41
602 -27
603 -27
604 -24
605 -15
606 -50
607 -16
608 -22
609 -16
610 -33
611 -54
612 -16
613 -16
614 -33
615 -50
616 -16
617 -41
618 -55
619 -22
620 -24
621 -41
622 -55
623 -16
624 -16
625 -16
626 -18
627 -33
628 -22
629 -16
630 -65
631 -16
632 -55
633 -27
634 -41
635 -16
636 -16
637 -16
638 -16
639 -16
640 -41
641 -50
642 -41
643 -17
644 -28
645 -41
646 -16
647 -15
648 -27
649 -33
650 -24
651 -24
652 -44
653 -24
654 -16
655 -33
656 -16
657 -17
658 -54
659 -55
660 -41
661 -27
662 -33
663 -50
664 -55
665 -55
666 -27
667 -27
668 -35
669 -24
670 -41
671 -33
672 -16
673 -55
674 -17
675 -16
676 -16
677 -24
678 -41
679 -16
680 -60
681 -55
682 -47
683 -33
684 -41
685 -55
686 -16
687 -33
688 -59
689 -50
690 -55
691 -68
692 -16
693 -55
694 -16
695 -24
696 -16
697 -33
698 -16
699 -33
700 -16
701 -24
702 -17
703 -16
704 -32
705 -17
706 -33
707 -23
708 -24
709 -50
710 -41
711 -16
712 -17
713 -27
714 -45
715 -41
716 -24
717 -33
718 -24
719 -50
720 -16
721 -17
722 -33
723 -17
724 -41
725 -33
726 -16
727 -17
728 -41
729 -25
730 -16
731 -55
732 -24
733 -16
734 -33
735 -16
736 -17
737 -16
738 -16
739 -27
740 -16
741 -55
742 -33
743 -17
744 -27
745 -55
746 -24
747 -27
748 -16
749 -27
750 -30
751 -33
752 -61
753 -50
754 -16
755 -43
756 -16
757 -41
758 -20
759 -50
760 -16
761 -16
762 -22
763 -16
764 -15
765 -27
766 -16
767 -41
768 -16
769 -16
770 -24
771 -16
772 -41
773 -27
774 -41
775 -16
776 -16
777 -22
778 -27
779 -16
780 -41
781 -16
782 -16
783 -27
784 -16
785 -41
786 -15
787 -106
788 -22
789 -33
790 -50
791 -16
792 -26
793 -17
794 -55
795 -16
796 -16
797 -16
798 -50
799 -30
800 -17
801 -16
802 -41
803 -17
804 -16
805 -24
806 -16
807 -16
808 -42
809 -24
810 -33
811 -27
812 -55
813 -30
814 -41
815 -55
816 -16
817 -31
818 -50
819 -33
820 -42
821 -24
822 -16
823 -27
824 -24
825 -29
826 -67
827 -22
828 -17
829 -27
830 -50
831 -27
832 -16
833 -16
834 -51
835 -43
836 -24
837 -33
838 -55
839 -27
840 -24
841 -16
842 -16
843 -41
844 -55
845 -16
846 -33
847 -16
848 -22
849 -41
850 -17
851 -24
852 -50
853 -16
854 -27
855 -33
856 -33
857 -43
858 -17
859 -17
860 -24
861 -33
862 -71
863 -50
864 -16
865 -16
866 -55
867 -16
868 -24
869 -50
870 -50
871 -55
872 -22
873 -41
874 -16
875 -41
876 -50
877 -16
878 -16
879 -17
880 -27
881 -41
882 -50
883 -15
884 -55
885 -24
886 -33
887 -27
888 -55
889 -16
890 -33
891 -41
892 -16
893 -50
894 -55
895 -24
896 -55
897 -16
898 -41
899 -41
900 -17
901 -17
902 -16
903 -50
904 -50
905 -16
906 -27
907 -27
908 -16
909 -41
910 -27
911 -16
912 -24
913 -33
914 -55
915 -16
916 -24
917 -27
918 -16
919 -50
920 -16
921 -16
922 -24
923 -17
924 -55
925 -41
926 -16
927 -50
928 -55
929 -22
930 -27
931 -33
932 -41
933 -24
934 -16
935 -24
936 -45
937 -16
938 -17
939 -16
940 -14
941 -16
942 -16
943 -16
944 -27
945 -27
946 -27
947 -32
948 -22
949 -50
950 -50
951 -30
952 -22
953 -22
954 -17
955 -16
956 -27
957 -16
958 -50
959 -24
960 -16
961 -16
962 -47
963 -55
964 -22
965 -24
966 -16
967 -43
968 -16
969 -30
970 -16
971 -50
972 -16
973 -16
974 -24
975 -55
976 -16
977 -16
978 -16
979 -50
980 -17
981 -16
982 -50
983 -15
984 -24
985 -23
986 -41
987 -16
988 -16
989 -33
990 -33
991 -17
992 -17
993 -50
994 -24
995 -46
996 -30
997 -33
998 -27
999 -33
