0 -55
1 -16
2 -34
3 -50
4 -55
5 -17
6 -27
7 -16
8 -17
9 -17
10 -16
11 -27
12 -17
13 -17
14 -27
15 -27
16 -48
17 -28
18 -16
19 -55
20 -55
21 -34
22 -27
23 -17
24 -50
25 -55
26 -17
27 -17
28 -50
29 -17
30 -50
31 -17
32 -17
33 -50
34 -17
35 -35
36 -17
37 -35
38 -55
39 -17
40 -16
41 -17
42 -35
43 -17
44 -55
45 -48
46 -50
47 -27
48 -16
49 -16
50 -27
51 -16
52 -27
53 -34
54 -16
55 -27
56 -27
57 -27
58 -16
59 -59
60 -16
61 -16
62 -17
63 -17
64 -16
65 -17
66 -16
67 -34
68 -54
69 -34
70 -34
71 -35
72 -16
73 -16
74 -16
75 -16
76 -34
77 -16
78 -16
79 -27
80 -27
81 -17
82 -17
83 -17
84 -27
85 -17
86 -17
87 -16
88 -16
89 -27
90 -16
91 -16
92 -16
93 -17
94 -17
95 -33
96 -16
97 -20
98 -51
99 -34
100 -20
101 -17
102 -17
103 -34
104 -27
105 -17
106 -16
107 -27
108 -16
109 -27
110 -16
111 -55
112 -27
113 -17
114 -17
115 -16
116 -17
117 -27
118 -16
119 -30
120 -55
121 -16
122 -35
123 -17
124 -16
125 -16
126 -55
127 -17
128 -16
129 -55
130 -16
131 -17
132 -16
133 -17
134 -24
135 -55
136 -27
137 -17
138 -16
139 -17
140 -55
141 -35
142 -16
143 -16
144 -27
145 -27
146 -17
147 -50
148 -16
149 -16
150 -17
151 -17
152 -17
153 -34
154 -16
155 -17
156 -55
157 -16
158 -41
159 -50
160 -55
161 -17
162 -17
163 -16
164 -16
165 -50
166 -34
167 -27
168 -35
169 -27
170 -35
171 -44
172 -16
173 -27
174 -17
175 -27
176 -50
177 -16
178 -66
179 -17
180 -27
181 -18
182 -16
183 -27
184 -65
185 -16
186 -55
187 -16
188 -16
189 -27
190 -34
191 -50
192 -16
193 -64
194 -50
195 -17
196 -55
197 -16
198 -40
199 -16
200 -27
201 -16
202 -35
203 -27
204 -16
205 -27
206 -34
207 -35
208 -87
209 -55
210 -17
211 -20
212 -27
213 -17
214 -35
215 -16
216 -55
217 -20
218 -50
219 -17
220 -55
221 -36
222 -27
223 -17
224 -16
225 -35
226 -27
227 -55
228 -16
229 -50
230 -17
231 -35
232 -50
233 -16
234 -27
235 -17
236 -17
237 -16
238 -35
239 -17
240 -50
241 -35
242 -16
243 -17
244 -17
245 -17
246 -50
247 -55
248 -27
249 -17
250 -17
251 -17
252 -16
253 -16
254 -17
255 -35
256 -17
257 -50
258 -17
259 -34
260 -16
261 -16
262 -32
263 -16
264 -35
265 -17
266 -50
267 -27
268 -17
269 -34
270 -50
271 -20
272 -35
273 -35
274 -17
275 -50
276 -17
277 -16
278 -16
279 -16
280 -55
281 -51
282 -17
283 -32
284 -55
285 -50
286 -50
287 -17
288 -55
289 -50
290 -55
291 -34
292 -27
293 -34
294 -55
295 -50
296 -17
297 -34
298 -35
299 -31
300 -35
301 -17
302 -17
303 -16
304 -55
305 -35
306 -50
307 -16
308 -44
309 -17
310 -16
311 -16
312 -17
313 -34
314 -17
315 -35
316 -16
317 -17
318 -55
319 -50
320 -34
321 -16
322 -17
323 -17
324 -72
325 -17
326 -34
327 -17
328 -16
329 -34
330 -16
331 -34
332 -17
333 -16
334 -27
335 -24
336 -16
337 -51
338 -17
339 -17
340 -16
341 -16
342 -16
343 -16
344 -22
345 -16
346 -50
347 -35
348 -50
349 -27
350 -38
351 -50
352 -16
353 -50
354 -55
355 -27
356 -16
357 -17
358 -50
359 -16
360 -55
361 -35
362 -27
363 -26
364 -35
365 -55
366 -55
367 -16
368 -36
369 -17
370 -16
371 -16
372 -16
373 -19
374 -34
375 -16
376 -50
377 -55
378 -16
379 -17
380 -16
381 -35
382 -17
383 -55
384 -34
385 -17
386 -16
387 -35
388 -50
389 -17
390 -27
391 -17
392 -17
393 -35
394 -34
395 -34
396 -50
397 -16
398 -55
399 -17
400 -35
401 -16
402 -55
403 -17
404 -55
405 -55
406 -17
407 -17
408 -16
409 -50
410 -34
411 -27
412 -17
413 -61
414 -17
415 -16
416 -50
417 -34
418 -34
419 -36
420 -50
421 -34
422 -17
423 -16
424 -27
425 -16
426 -16
427 -34
428 -17
429 -50
430 -17
431 -17
432 -16
433 -35
434 -55
435 -27
436 -34
437 -55
438 -17
439 -35
440 -27
441 -41
442 -35
443 -34
444 -17
445 -16
446 -50
447 -17
448 -16
449 -16
450 -50
451 -16
452 -27
453 -50
454 -17
455 -17
456 -16
457 -16
458 -35
459 -50
460 -17
461 -35
462 -35
463 -16
464 -55
465 -16
466 -16
467 -16
468 -27
469 -33
470 -27
471 -16
472 -55
473 -34
474 -50
475 -17
476 -50
477 -27
478 -40
479 -16
480 -16
481 -16
482 -17
483 -16
484 -17
485 -16
486 -17
487 -17
488 -17
489 -50
490 -23
491 -17
492 -16
493 -34
494 -17
495 -55
496 -16
497 -31
498 -34
499 -15
500 -17
501 -17
502 -16
503 -23
504 -55
505 -35
506 -16
507 -60
508 -34
509 -34
510 -50
511 -16
512 -16
513 -34
514 -16
515 -16
516 -17
517 -55
518 -16
519 -16
520 -21
521 -34
522 -50
523 -17
524 -17
525 -27
526 -50
527 -16
528 -35
529 -17
530 -55
531 -35
532 -16
533 -16
534 -16
535 -27
536 -16
537 -17
538 -17
539 -16
540 -55
541 -50
542 -16
543 -27
544 -16
545 -16
546 -42
547 -35
548 -20
549 -16
550 -16
551 -35
552 -17
553 -17
554 -16
555 -17
556 -16
557 -27
558 -27
559 -34
560 -17
561 -16
562 -17
563 -17
564 -50
565 -16
566 -17
567 -17
568 -16
569 -17
570 -17
571 -27
572 -34
573 -50
574 -16
575 -17
576 -50
577 -17
578 -34
579 -34
580 -27
581 -16
582 -17
583 -17
584 -17
585 -55
586 -16
587 -55
588 -55
589 -17
590 -17
591 -16
592 -27
593 -17
594 -50
595 -17
596 -17
597 -27
598 -27
599 -17
600 -21
601 -29
602 -34
603 -16
604 -16
605 -51
606 -27
607 -16
608 -34
609 -16
610 -16
611 -17
612 -16
613 -17
614 -16
615 -34
616 -16
617 -19
618 -38
619 -34
620 -16
621 -16
622 -17
623 -17
624 -16
625 -16
626 -16
627 -50
628 -34
629 -21
630 -17
631 -16
632 -17
633 -35
634 -16
635 -17
636 -17
637 -50
638 -17
639 -17
640 -35
641 -17
642 -55
643 -17
644 -16
645 -17
646 -55
647 -16
648 -55
649 -17
650 -27
651 -55
652 -16
653 -17
654 -16
655 -17
656 -16
657 -34
658 -17
659 -17
660 -17
661 -16
662 -17
663 -16
664 -55
665 -16
666 -16
667 -17
668 -16
669 -16
670 -16
671 -17
672 -17
673 -55
674 -27
675 -34
676 -55
677 -50
678 -17
679 -55
680 -16
681 -35
682 -17
683 -35
684 -17
685 -16
686 -27
687 -17
688 -34
689 -17
690 -34
691 -53
692 -35
693 -34
694 -17
695 -17
696 -16
697 -27
698 -16
699 -17
700 -31
701 -16
702 -16
703 -55
704 -34
705 -17
706 -35
707 -16
708 -27
709 -16
710 -16
711 -55
712 -15
713 -34
714 -35
715 -16
716 -34
717 -34
718 -16
719 -50
720 -50
721 -17
722 -55
723 -50
724 -17
725 -16
726 -17
727 -50
728 -17
729 -27
730 -16
731 -17
732 -17
733 -87
734 -16
735 -16
736 -55
737 -17
738 -16
739 -27
740 -17
741 -17
742 -34
743 -50
744 -55
745 -18
746 -16
747 -34
748 -55
749 -17
750 -54
751 -34
752 -17
753 -16
754 -17
755 -17
756 -21
757 -34
758 -50
759 -50
760 -46
761 -17
762 -21
763 -56
764 -59
765 -58
766 -17
767 -16
768 -34
769 -16
770 -27
771 -17
772 -17
773 -16
774 -27
775 -17
776 -27
777 -17
778 -27
779 -16
780 -54
781 -16
782 -17
783 -16
784 -27
785 -34
786 -17
787 -17
788 -35
789 -16
790 -17
791 -16
792 -35
793 -16
794 -16
795 -35
796 -34
797 -16
798 -17
799 -17
800 -27
801 -17
802 -27
803 -50
804 -34
805 -50
806 -16
807 -34
808 -18
809 -67
810 -34
811 -34
812 -16
813 -50
814 -17
815 -16
816 -45
817 -23
818 -34
819 -34
820 -17
821 -16
822 -34
823 -16
824 -16
825 -16
826 -55
827 -16
828 -34
829 -17
830 -55
831 -16
832 -63
833 -35
834 -31
835 -50
836 -24
837 -16
838 -17
839 -41
840 -16
841 -34
842 -17
843 -50
844 -50
845 -16
846 -50
847 -34
848 -40
849 -55
850 -37
851 -27
852 -17
853 -34
854 -34
855 -50
856 -17
857 -50
858 -50
859 -16
860 -16
861 -16
862 -34
863 -34
864 -34
865 -16
866 -17
867 -65
868 -46
869 -16
870 -17
871 -27
872 -16
873 -55
874 -17
875 -16
876 -35
877 -16
878 -43
879 -17
880 -16
881 -16
882 -16
883 -17
884 -40
885 -50
886 -50
887 -50
888 -17
889 -50
890 -17
891 -27
892 -17
893 -17
894 -27
895 -31
896 -50
897 -35
898 -17
899 -34
900 -17
901 -27
902 -16
903 -27
904 -35
905 -17
906 -27
907 -27
908 -50
909 -16
910 -16
911 -55
912 -17
913 -28
914 -27
915 -24
916 -35
917 -34
918 -17
919 -16
920 -55
921 -17
922 -50
923 -16
924 -16
925 -16
926 -17
927 -35
928 -17
929 -35
930 -16
931 -16
932 -16
933 -27
934 -50
935 -17
936 -27
937 -17
938 -50
939 -34
940 -16
941 -50
942 -17
943 -35
944 -21
945 -34
946 -17
947 -34
948 -42
949 -28
950 -35
951 -16
952 -17
953 -31
954 -55
955 -17
956 -43
957 -34
958 -27
959 -17
960 -17
961 -50
962 -17
963 -17
964 -35
965 -50
966 -27
967 -34
968 -32
969 -27
970 -55
971 -54
972 -34
973 -55
974 -35
975 -17
976 -17
977 -17
978 -17
979 -35
980 -16
981 -55
982 -17
983 -27
984 -33
985 -17
986 -27
987 -16
988 -17
989 -50
990 -16
991 -17
992 -17
993 -55
994 -55
995 -27
996 -16
997 -16
998 -55
999 -16
