0 -17
1 -34
2 -35
3 -16
4 -55
5 -35
6 -16
7 -50
8 -51
9 -16
10 -16
11 -51
12 -27
13 -17
14 -59
15 -16
16 -16
17 -21
18 -55
19 -16
20 -16
21 -27
22 -17
23 -34
24 -55
25 -16
26 -27
27 -16
28 -50
29 -16
30 -27
31 -35
32 -51
33 -16
34 -17
35 -16
36 -65
37 -17
38 -50
39 -50
40 -17
41 -35
42 -17
43 -27
44 -17
45 -50
46 -17
47 -34
48 -16
49 -34
50 -17
51 -16
52 -27
53 -51
54 -55
55 -34
56 -16
57 -16
58 -17
59 -50
60 -16
61 -55
62 -42
63 -17
64 -50
65 -16
66 -16
67 -16
68 -24
69 -17
70 -38
71 -17
72 -55
73 -35
74 -34
75 -16
76 -22
77 -16
78 -34
79 -16
80 -34
81 -17
82 -34
83 -17
84 -17
85 -27
86 -51
87 -16
88 -17
89 -17
90 -55
91 -50
92 -16
93 -34
94 -17
95 -35
96 -16
97 -51
98 -34
99 -38
100 -27
101 -22
102 -18
103 -50
104 -16
105 -55
106 -17
107 -51
108 -35
109 -16
110 -51
111 -59
112 -16
113 -16
114 -51
115 -50
116 -16
117 -35
118 -35
119 -27
120 -16
121 -27
122 -50
123 -17
124 -35
125 -36
126 -16
127 -16
128 -17
129 -50
130 -16
131 -34
132 -55
133 -51
134 -51
135 -44
136 -35
137 -16
138 -16
139 -16
140 -55
141 -17
142 -27
143 -16
144 -51
145 -34
146 -55
147 -16
148 -16
149 -16
150 -35
151 -16
152 -34
153 -17
154 -51
155 -16
156 -17
157 -50
158 -17
159 -16
160 -27
161 -16
162 -34
163 -18
164 -16
165 -34
166 -35
167 -35
168 -35
169 -51
170 -34
171 -34
172 -16
173 -16
174 -17
175 -92
176 -16
177 -17
178 -17
179 -34
180 -16
181 -34
182 -27
183 -50
184 -55
185 -34
186 -17
187 -51
188 -17
189 -55
190 -16
191 -51
192 -51
193 -51
194 -16
195 -35
196 -50
197 -34
198 -51
199 -55
200 -16
201 -17
202 -50
203 -35
204 -16
205 -66
206 -16
207 -35
208 -35
209 -35
210 -27
211 -27
212 -16
213 -16
214 -50
215 -16
216 -16
217 -17
218 -70
219 -16
220 -17
221 -17
222 -34
223 -17
224 -16
225 -27
226 -17
227 -16
228 -34
229 -51
230 -50
231 -50
232 -34
233 -20
234 -55
235 -17
236 -17
237 -54
238 -27
239 -17
240 -16
241 -17
242 -20
243 -51
244 -34
245 -35
246 -51
247 -16
248 -50
249 -35
250 -35
251 -51
252 -16
253 -17
254 -15
255 -16
256 -17
257 -27
258 -16
259 -34
260 -16
261 -17
262 -55
263 -17
264 -34
265 -16
266 -16
267 -21
268 -27
269 -50
270 -17
271 -17
272 -55
273 -34
274 -27
275 -51
276 -51
277 -27
278 -35
279 -17
280 -34
281 -34
282 -27
283 -17
284 -51
285 -55
286 -16
287 -51
288 -51
289 -16
290 -17
291 -17
292 -55
293 -51
294 -17
295 -16
296 -17
297 -51
298 -16
299 -34
300 -16
301 -16
302 -16
303 -16
304 -16
305 -17
306 -50
307 -55
308 -35
309 -17
310 -55
311 -50
312 -34
313 -55
314 -16
315 -16
316 -16
317 -51
318 -16
319 -16
320 -55
321 -27
322 -16
323 -16
324 -51
325 -34
326 -51
327 -51
328 -17
329 -17
330 -16
331 -17
332 -35
333 -27
334 -16
335 -35
336 -50
337 -35
338 -17
339 -17
340 -51
341 -50
342 -17
343 -34
344 -17
345 -55
346 -55
347 -35
348 -51
349 -55
350 -55
351 -55
352 -17
353 -16
354 -34
355 -16
356 -50
357 -35
358 -16
359 -51
360 -27
361 -17
362 -50
363 -17
364 -16
365 -17
366 -36
367 -27
368 -55
369 -17
370 -35
371 -51
372 -16
373 -54
374 -17
375 -51
376 -16
377 -57
378 -34
379 -27
380 -51
381 -51
382 -50
383 -27
384 -35
385 -27
386 -17
387 -16
388 -16
389 -16
390 -51
391 -17
392 -55
393 -25
394 -51
395 -16
396 -34
397 -17
398 -17
399 -27
400 -16
401 -55
402 -50
403 -35
404 -16
405 -17
406 -51
407 -27
408 -17
409 -16
410 -48
411 -16
412 -51
413 -27
414 -16
415 -70
416 -50
417 -17
418 -16
419 -17
420 -27
421 -55
422 -16
423 -55
424 -51
425 -34
426 -17
427 -51
428 -16
429 -34
430 -51
431 -22
432 -17
433 -17
434 -16
435 -16
436 -55
437 -16
438 -50
439 -16
440 -35
441 -16
442 -17
443 -35
444 -27
445 -16
446 -27
447 -55
448 -32
449 -17
450 -17
451 -50
452 -34
453 -41
454 -51
455 -35
456 -16
457 -35
458 -51
459 -16
460 -19
461 -16
462 -16
463 -35
464 -17
465 -50
466 -16
467 -16
468 -27
469 -16
470 -16
471 -16
472 -17
473 -34
474 -16
475 -17
476 -17
477 -51
478 -35
479 -50
480 -51
481 -17
482 -17
483 -55
484 -16
485 -17
486 -34
487 -38
488 -27
489 -27
490 -50
491 -50
492 -17
493 -55
494 -55
495 -55
496 -17
497 -50
498 -51
499 -43
500 -34
501 -16
502 -17
503 -35
504 -35
505 -16
506 -16
507 -55
508 -50
509 -16
510 -35
511 -16
512 -17
513 -35
514 -34
515 -55
516 -35
517 -27
518 -16
519 -16
520 -16
521 -16
522 -56
523 -16
524 -27
525 -17
526 -34
527 -16
528 -34
529 -34
530 -27
531 -34
532 -17
533 -56
534 -16
535 -16
536 -55
537 -51
538 -16
539 -51
540 -17
541 -16
542 -17
543 -17
544 -51
545 -48
546 -17
547 -50
548 -35
549 -27
550 -22
551 -17
552 -16
553 -51
554 -35
555 -16
556 -16
557 -17
558 -35
559 -16
560 -55
561 -55
562 -35
563 -17
564 -16
565 -50
566 -16
567 -17
568 -34
569 -34
570 -27
571 -51
572 -18
573 -92
574 -50
575 -17
576 -51
577 -16
578 -50
579 -16
580 -50
581 -16
582 -27
583 -55
584 -27
585 -16
586 -16
587 -51
588 -50
589 -17
590 -17
591 -17
592 -55
593 -17
594 -34
595 -35
596 -65
597 -65
598 -16
599 -16
600 -27
601 -51
602 -51
603 -27
604 -16
605 -62
606 -50
607 -17
608 -16
609 -92
610 -17
611 -16
612 -17
613 -55
614 -35
615 -16
616 -55
617 -16
618 -34
619 -51
620 -35
621 -17
622 -27
623 -50
624 -27
625 -16
626 -17
627 -16
628 -34
629 -35
630 -34
631 -17
632 -51
633 -41
634 -32
635 -34
636 -55
637 -34
638 -34
639 -51
640 -51
641 -55
642 -16
643 -34
644 -36
645 -17
646 -16
647 -17
648 -47
649 -16
650 -16
651 -16
652 -35
653 -29
654 -42
655 -34
656 -59
657 -55
658 -50
659 -27
660 -35
661 -54
662 -27
663 -34
664 -27
665 -34
666 -54
667 -50
668 -34
669 -55
670 -17
671 -27
672 -50
673 -51
674 -51
675 -17
676 -17
677 -51
678 -16
679 -16
680 -51
681 -34
682 -34
683 -16
684 -17
685 -27
686 -17
687 -50
688 -51
689 -16
690 -27
691 -27
692 -17
693 -55
694 -51
695 -17
696 -55
697 -16
698 -16
699 -51
700 -35
701 -16
702 -50
703 -17
704 -27
705 -55
706 -16
707 -16
708 -16
709 -35
710 -55
711 -27
712 -17
713 -50
714 -16
715 -17
716 -51
717 -51
718 -27
719 -51
720 -51
721 -16
722 -16
723 -50
724 -27
725 -55
726 -16
727 -35
728 -16
729 -35
730 -17
731 -16
732 -16
733 -51
734 -16
735 -17
736 -27
737 -16
738 -34
739 -27
740 -50
741 -17
742 -50
743 -17
744 -16
745 -50
746 -17
747 -55
748 -16
749 -34
750 -27
751 -16
752 -55
753 -55
754 -27
755 -34
756 -41
757 -16
758 -34
759 -16
760 -16
761 -16
762 -16
763 -27
764 -27
765 -35
766 -27
767 -35
768 -51
769 -16
770 -55
771 -51
772 -16
773 -34
774 -33
775 -27
776 -16
777 -17
778 -16
779 -50
780 -16
781 -35
782 -17
783 -55
784 -16
785 -34
786 -55
787 -50
788 -16
789 -17
790 -35
791 -17
792 -35
793 -55
794 -16
795 -34
796 -50
797 -27
798 -50
799 -50
800 -16
801 -27
802 -55
803 -16
804 -34
805 -16
806 -27
807 -34
808 -16
809 -50
810 -34
811 -35
812 -17
813 -35
814 -38
815 -35
816 -16
817 -17
818 -55
819 -35
820 -55
821 -50
822 -52
823 -41
824 -16
825 -55
826 -39
827 -55
828 -27
829 -16
830 -17
831 -17
832 -35
833 -17
834 -51
835 -16
836 -16
837 -55
838 -16
839 -51
840 -55
841 -16
842 -34
843 -20
844 -16
845 -27
846 -17
847 -34
848 -16
849 -17
850 -27
851 -16
852 -17
853 -50
854 -27
855 -17
856 -35
857 -35
858 -17
859 -17
860 -55
861 -34
862 -17
863 -35
864 -16
865 -17
866 -16
867 -55
868 -22
869 -16
870 -51
871 -52
872 -55
873 -16
874 -17
875 -16
876 -50
877 -16
878 -16
879 -27
880 -16
881 -55
882 -17
883 -34
884 -16
885 -51
886 -55
887 -23
888 -16
889 -27
890 -34
891 -17
892 -16
893 -16
894 -15
895 -16
896 -16
897 -17
898 -34
899 -18
900 -55
901 -16
902 -51
903 -50
904 -16
905 -35
906 -34
907 -35
908 -27
909 -16
910 -17
911 -16
912 -16
913 -16
914 -27
915 -55
916 -34
917 -17
918 -27
919 -24
920 -16
921 -16
922 -17
923 -27
924 -17
925 -48
926 -51
927 -35
928 -55
929 -27
930 -55
931 -51
932 -34
933 -17
934 -17
935 -51
936 -35
937 -16
938 -17
939 -16
940 -17
941 -34
942 -16
943 -50
944 -16
945 -55
946 -27
947 -16
948 -51
949 -51
950 -35
951 -17
952 -16
953 -39
954 -51
955 -50
956 -17
957 -44
958 -34
959 -16
960 -41
961 -16
962 -27
963 -16
964 -16
965 -17
966 -51
967 -27
968 -34
969 -16
970 -66
971 -16
972 -17
973 -16
974 -16
975 -55
976 -17
977 -21
978 -34
979 -50
980 -16
981 -27
982 -17
983 -27
984 -16
985 -18
986 -35
987 -17
988 -17
989 -35
990 -37
991 -16
992 -17
993 -16
994 -55
995 -34
996 -17
997 -16
998 -35
999 -27
