0 -48
1 -76
2 -21
3 -71
4 -27
5 -38
6 -71
7 -45
8 -32
9 -75
10 -86
11 -32
12 -71
13 -38
14 -20
15 -67
16 -36
17 -31
18 -71
19 -59
20 -42
21 -71
22 -38
23 -42
24 -54
25 -18
26 -26
27 -76
28 -76
29 -34
30 -67
31 -34
32 -44
33 -41
34 -39
35 -71
36 -55
37 -70
38 -40
39 -71
40 -44
41 -47
42 -36
43 -32
44 -24
45 -43
46 -71
47 -75
48 -77
49 -75
50 -58
51 -71
52 -76
53 -34
54 -33
55 -71
56 -75
57 -47
58 -67
59 -75
60 -44
61 -71
62 -15
63 -71
64 -51
65 -47
66 -43
67 -37
68 -76
69 -39
70 -36
71 -76
72 -57
73 -40
74 -32
75 -44
76 -53
77 -77
78 -54
79 -71
80 -72
81 -67
82 -35
83 -19
84 -67
85 -71
86 -75
87 -71
88 -75
89 -42
90 -44
91 -76
92 -32
93 -28
94 -67
95 -71
96 -58
97 -75
98 -55
99 -67
100 -31
101 -71
102 -64
103 -97
104 -31
105 -41
106 -75
107 -67
108 -45
109 -24
110 -36
111 -75
112 -43
113 -71
114 -94
115 -75
116 -32
117 -71
118 -71
119 -44
120 -41
121 -43
122 -101
123 -49
124 -75
125 -76
126 -71
127 -71
128 -59
129 -71
130 -49
131 -77
132 -66
133 -38
134 -34
135 -76
136 -71
137 -67
138 -42
139 -33
140 -38
141 -59
142 -71
143 -20
144 -36
145 -67
146 -76
147 -62
148 -75
149 -38
150 -76
151 -20
152 -76
153 -42
154 -75
155 -42
156 -38
157 -67
158 -44
159 -45
160 -15
161 -75
162 -71
163 -47
164 -14
165 -67
166 -75
167 -63
168 -67
169 -67
170 -75
171 -71
172 -67
173 -52
174 -23
175 -77
176 -39
177 -47
178 -76
179 -71
180 -35
181 -76
182 -40
183 -43
184 -67
185 -36
186 -34
187 -75
188 -67
189 -24
190 -71
191 -52
192 -59
193 -53
194 -53
195 -52
196 -63
197 -67
198 -33
199 -42
200 -75
201 -71
202 -54
203 -67
204 -57
205 -71
206 -51
207 -67
208 -75
209 -71
210 -75
211 -106
212 -59
213 -33
214 -85
215 -19
216 -52
217 -90
218 -78
219 -67
220 -81
221 -38
222 -16
223 -32
224 -35
225 -71
226 -41
227 -71
228 -42
229 -71
230 -42
231 -34
232 -75
233 -76
234 -40
235 -76
236 -41
237 -48
238 -76
239 -37
240 -75
241 -71
242 -29
243 -35
244 -76
245 -40
246 -36
247 -75
248 -58
249 -57
250 -41
251 -71
252 -43
253 -71
254 -42
255 -35
256 -41
257 -75
258 -75
259 -71
260 -67
261 -69
262 -108
263 -23
264 -42
265 -42
266 -59
267 -75
268 -37
269 -76
270 -71
271 -44
272 -45
273 -42
274 -75
275 -50
276 -75
277 -76
278 -22
279 -32
280 -33
281 -55
282 -35
283 -75
284 -76
285 -75
286 -71
287 -25
288 -71
289 -27
290 -30
291 -32
292 -71
293 -67
294 -67
295 -79
296 -76
297 -22
298 -75
299 -40
300 -75
301 -28
302 -33
303 -67
304 -76
305 -37
306 -76
307 -71
308 -71
309 -71
310 -47
311 -33
312 -56
313 -39
314 -42
315 -59
316 -75
317 -41
318 -67
319 -76
320 -86
321 -32
322 -76
323 -67
324 -76
325 -76
326 -45
327 -46
328 -49
329 -75
330 -27
331 -28
332 -44
333 -34
334 -35
335 -25
336 -31
337 -79
338 -33
339 -71
340 -28
341 -71
342 -76
343 -26
344 -71
345 -77
346 -80
347 -39
348 -91
349 -37
350 -58
351 -76
352 -69
353 -75
354 -72
355 -76
356 -35
357 -44
358 -35
359 -71
360 -35
361 -76
362 -46
363 -71
364 -75
365 -33
366 -40
367 -76
368 -74
369 -79
370 -31
371 -76
372 -67
373 -44
374 -71
375 -35
376 -44
377 -87
378 -101
379 -67
380 -53
381 -31
382 -75
383 -67
384 -75
385 -35
386 -38
387 -49
388 -32
389 -71
390 -37
391 -71
392 -76
393 -84
394 -83
395 -71
396 -67
397 -67
398 -56
399 -71
400 -26
401 -75
402 -71
403 -23
404 -75
405 -46
406 -75
407 -77
408 -76
409 -71
410 -75
411 -21
412 -71
413 -71
414 -76
415 -71
416 -58
417 -71
418 -77
419 -38
420 -20
421 -75
422 -47
423 -76
424 -75
425 -18
426 -35
427 -29
428 -71
429 -67
430 -25
431 -76
432 -53
433 -76
434 -47
435 -76
436 -71
437 -50
438 -67
439 -48
440 -46
441 -59
442 -67
443 -71
444 -59
445 -71
446 -77
447 -52
448 -50
449 -47
450 -47
451 -40
452 -67
453 -86
454 -76
455 -43
456 -67
457 -47
458 -77
459 -75
460 -49
461 -54
462 -77
463 -79
464 -39
465 -75
466 -35
467 -69
468 -76
469 -27
470 -71
471 -73
472 -71
473 -71
474 -20
475 -76
476 -59
477 -52
478 -76
479 -51
480 -45
481 -46
482 -67
483 -37
484 -67
485 -14
486 -31
487 -79
488 -19
489 -50
490 -40
491 -24
492 -55
493 -76
494 -37
495 -67
496 -71
497 -71
498 -71
499 -67
500 -76
501 -31
502 -71
503 -71
504 -32
505 -45
506 -67
507 -58
508 -76
509 -46
510 -44
511 -71
512 -20
513 -71
514 -24
515 -42
516 -44
517 -77
518 -76
519 -75
520 -76
521 -75
522 -54
523 -67
524 -31
525 -67
526 -71
527 -58
528 -48
529 -26
530 -76
531 -37
532 -67
533 -38
534 -75
535 -67
536 -35
537 -80
538 -67
539 -44
540 -36
541 -32
542 -44
543 -67
544 -77
545 -38
546 -45
547 -71
548 -23
549 -43
550 -76
551 -33
552 -76
553 -67
554 -78
555 -71
556 -75
557 -37
558 -86
559 -67
560 -71
561 -44
562 -75
563 -71
564 -71
565 -43
566 -67
567 -43
568 -40
569 -31
570 -76
571 -67
572 -40
573 -59
574 -71
575 -75
576 -40
577 -82
578 -43
579 -27
580 -40
581 -71
582 -71
583 -67
584 -76
585 -101
586 -42
587 -59
588 -67
589 -33
590 -71
591 -33
592 -37
593 -67
594 -76
595 -67
596 -96
597 -39
598 -75
599 -76
600 -29
601 -36
602 -44
603 -75
604 -36
605 -34
606 -67
607 -45
608 -23
609 -71
610 -71
611 -43
612 -67
613 -71
614 -23
615 -71
616 -67
617 -67
618 -75
619 -43
620 -76
621 -47
622 -31
623 -35
624 -35
625 -75
626 -86
627 -71
628 -67
629 -35
630 -67
631 -40
632 -71
633 -71
634 -28
635 -75
636 -67
637 -58
638 -67
639 -75
640 -34
641 -43
642 -41
643 -86
644 -35
645 -76
646 -67
647 -75
648 -29
649 -71
650 -71
651 -43
652 -37
653 -32
654 -43
655 -71
656 -67
657 -53
658 -76
659 -67
660 -75
661 -32
662 -40
663 -42
664 -67
665 -60
666 -22
667 -71
668 -41
669 -45
670 -50
671 -67
672 -43
673 -37
674 -70
675 -59
676 -71
677 -75
678 -67
679 -67
680 -67
681 -39
682 -76
683 -21
684 -25
685 -71
686 -75
687 -38
688 -38
689 -30
690 -40
691 -67
692 -76
693 -67
694 -71
695 -37
696 -78
697 -67
698 -76
699 -71
700 -25
701 -80
702 -67
703 -37
704 -29
705 -34
706 -20
707 -75
708 -38
709 -75
710 -71
711 -29
712 -19
713 -34
714 -67
715 -76
716 -76
717 -39
718 -31
719 -51
720 -28
721 -54
722 -31
723 -50
724 -75
725 -19
726 -67
727 -67
728 -48
729 -71
730 -51
731 -40
732 -71
733 -41
734 -76
735 -71
736 -25
737 -23
738 -76
739 -45
740 -36
741 -30
742 -54
743 -25
744 -71
745 -71
746 -35
747 -53
748 -56
749 -53
750 -19
751 -44
752 -28
753 -71
754 -71
755 -67
756 -25
757 -76
758 -76
759 -67
760 -60
761 -71
762 -46
763 -49
764 -46
765 -38
766 -75
767 -77
768 -26
769 -45
770 -53
771 -67
772 -67
773 -18
774 -71
775 -71
776 -71
777 -81
778 -19
779 -76
780 -76
781 -37
782 -75
783 -71
784 -45
785 -76
786 -67
787 -38
788 -36
789 -26
790 -71
791 -49
792 -43
793 -71
794 -35
795 -79
796 -58
797 -77
798 -31
799 -42
800 -77
801 -67
802 -23
803 -38
804 -71
805 -35
806 -59
807 -32
808 -75
809 -21
810 -71
811 -71
812 -55
813 -26
814 -26
815 -67
816 -44
817 -21
818 -41
819 -71
820 -71
821 -27
822 -71
823 -67
824 -44
825 -76
826 -75
827 -49
828 -71
829 -30
830 -71
831 -71
832 -44
833 -45
834 -34
835 -46
836 -68
837 -76
838 -47
839 -54
840 -34
841 -35
842 -38
843 -75
844 -76
845 -26
846 -71
847 -101
848 -43
849 -44
850 -101
851 -34
852 -32
853 -67
854 -48
855 -37
856 -52
857 -25
858 -34
859 -22
860 -42
861 -71
862 -82
863 -71
864 -32
865 -43
866 -76
867 -35
868 -28
869 -75
870 -30
871 -44
872 -45
873 -76
874 -27
875 -76
876 -35
877 -54
878 -84
879 -27
880 -46
881 -24
882 -44
883 -27
884 -44
885 -38
886 -38
887 -35
888 -47
889 -80
890 -21
891 -37
892 -29
893 -31
894 -32
895 -53
896 -71
897 -71
898 -33
899 -42
900 -34
901 -36
902 -76
903 -71
904 -40
905 -75
906 -67
907 -71
908 -44
909 -41
910 -75
911 -71
912 -44
913 -71
914 -44
915 -35
916 -44
917 -71
918 -76
919 -76
920 -36
921 -76
922 -41
923 -43
924 -75
925 -71
926 -58
927 -35
928 -67
929 -38
930 -67
931 -30
932 -75
933 -27
934 -71
935 -76
936 -53
937 -43
938 -76
939 -45
940 -50
941 -96
942 -43
943 -35
944 -37
945 -33
946 -44
947 -16
948 -45
949 -33
950 -67
951 -38
952 -67
953 -75
954 -47
955 -47
956 -40
957 -75
958 -70
959 -65
960 -19
961 -76
962 -25
963 -30
964 -45
965 -48
966 -76
967 -45
968 -34
969 -57
970 -35
971 -41
972 -76
973 -31
974 -44
975 -75
976 -31
977 -32
978 -43
979 -42
980 -72
981 -35
982 -71
983 -27
984 -76
985 -71
986 -38
987 -56
988 -13
989 -34
990 -30
991 -37
992 -67
993 -76
994 -71
995 -33
996 -71
997 -71
998 -53
999 -71
