0 -16
1 -16
2 -16
3 -35
4 -35
5 -58
6 -16
7 -51
8 -55
9 -16
10 -17
11 -36
12 -17
13 -16
14 -17
15 -16
16 -47
17 -16
18 -27
19 -17
20 -27
21 -16
22 -51
23 -55
24 -35
25 -24
26 -55
27 -36
28 -17
29 -36
30 -16
31 -16
32 -51
33 -87
34 -16
35 -16
36 -51
37 -27
38 -51
39 -16
40 -50
41 -50
42 -27
43 -24
44 -55
45 -17
46 -16
47 -36
48 -24
49 -27
50 -16
51 -16
52 -50
53 -36
54 -50
55 -41
56 -16
57 -51
58 -36
59 -24
60 -16
61 -55
62 -36
63 -27
64 -16
65 -51
66 -16
67 -16
68 -51
69 -55
70 -35
71 -27
72 -17
73 -18
74 -16
75 -16
76 -24
77 -36
78 -36
79 -27
80 -56
81 -27
82 -50
83 -17
84 -51
85 -27
86 -27
87 -16
88 -16
89 -38
90 -24
91 -27
92 -35
93 -24
94 -27
95 -27
96 -36
97 -55
98 -16
99 -50
100 -50
101 -55
102 -35
103 -35
104 -27
105 -51
106 -50
107 -16
108 -36
109 -51
110 -19
111 -16
112 -27
113 -17
114 -50
115 -66
116 -16
117 -51
118 -16
119 -50
120 -36
121 -36
122 -16
123 -35
124 -51
125 -35
126 -16
127 -51
128 -24
129 -55
130 -16
131 -35
132 -17
133 -50
134 -24
135 -55
136 -16
137 -17
138 -24
139 -50
140 -55
141 -24
142 -27
143 -17
144 -16
145 -16
146 -16
147 -22
148 -51
149 -50
150 -24
151 -55
152 -72
153 -16
154 -36
155 -36
156 -50
157 -16
158 -27
159 -16
160 -16
161 -22
162 -27
163 -55
164 -50
165 -24
166 -17
167 -36
168 -36
169 -55
170 -16
171 -36
172 -16
173 -24
174 -35
175 -16
176 -50
177 -36
178 -27
179 -24
180 -27
181 -51
182 -50
183 -55
184 -31
185 -36
186 -16
187 -31
188 -66
189 -51
190 -16
191 -35
192 -16
193 -51
194 -17
195 -55
196 -16
197 -25
198 -16
199 -58
200 -24
201 -27
202 -16
203 -27
204 -16
205 -35
206 -50
207 -55
208 -17
209 -36
210 -16
211 -50
212 -17
213 -50
214 -16
215 -51
216 -17
217 -36
218 -24
219 -36
220 -50
221 -36
222 -16
223 -50
224 -24
225 -16
226 -35
227 -16
228 -36
229 -51
230 -35
231 -16
232 -55
233 -51
234 -55
235 -48
236 -55
237 -51
238 -31
239 -36
240 -35
241 -51
242 -16
243 -51
244 -51
245 -27
246 -50
247 -27
248 -24
249 -35
250 -24
251 -24
252 -36
253 -16
254 -54
255 -35
256 -55
257 -16
258 -16
259 -16
260 -21
261 -36
262 -16
263 -16
264 -55
265 -51
266 -36
267 -17
268 -16
269 -24
270 -55
271 -51
272 -36
273 -17
274 -35
275 -16
276 -24
277 -36
278 -24
279 -50
280 -51
281 -16
282 -24
283 -27
284 -35
285 -24
286 -16
287 -52
288 -35
289 -24
290 -16
291 -16
292 -50
293 -24
294 -55
295 -16
296 -17
297 -16
298 -35
299 -24
300 -50
301 -55
302 -24
303 -35
304 -50
305 -16
306 -35
307 -24
308 -50
309 -16
310 -16
311 -50
312 -50
313 -51
314 -16
315 -51
316 -27
317 -36
318 -16
319 -17
320 -55
321 -27
322 -16
323 -35
324 -16
325 -50
326 -16
327 -27
328 -16
329 -16
330 -16
331 -35
332 -17
333 -16
334 -50
335 -17
336 -51
337 -33
338 -16
339 -36
340 -35
341 -27
342 -32
343 -24
344 -36
345 -24
346 -36
347 -35
348 -16
349 -55
350 -24
351 -50
352 -27
353 -35
354 -36
355 -27
356 -17
357 -17
358 -35
359 -51
360 -16
361 -17
362 -50
363 -55
364 -50
365 -24
366 -36
367 -24
368 -27
369 -16
370 -16
371 -35
372 -16
373 -27
374 -36
375 -36
376 -51
377 -36
378 -16
379 -17
380 -50
381 -51
382 -36
383 -36
384 -17
385 -27
386 -16
387 -16
388 -16
389 -35
390 -16
391 -35
392 -16
393 -16
394 -17
395 -17
396 -24
397 -24
398 -35
399 -16
400 -35
401 -16
402 -16
403 -17
404 -24
405 -36
406 -16
407 -16
408 -36
409 -24
410 -35
411 -87
412 -65
413 -35
414 -16
415 -16
416 -16
417 -51
418 -36
419 -36
420 -17
421 -51
422 -55
423 -16
424 -27
425 -16
426 -19
427 -51
428 -17
429 -36
430 -55
431 -17
432 -51
433 -50
434 -23
435 -55
436 -16
437 -36
438 -25
439 -51
440 -16
441 -16
442 -24
443 -16
444 -16
445 -16
446 -55
447 -27
448 -24
449 -35
450 -18
451 -36
452 -35
453 -36
454 -50
455 -56
456 -16
457 -35
458 -50
459 -17
460 -16
461 -50
462 -16
463 -16
464 -18
465 -55
466 -16
467 -27
468 -46
469 -16
470 -16
471 -24
472 -24
473 -36
474 -24
475 -25
476 -16
477 -55
478 -55
479 -24
480 -51
481 -16
482 -17
483 -36
484 -17
485 -35
486 -35
487 -50
488 -55
489 -24
490 -36
491 -51
492 -16
493 -17
494 -50
495 -17
496 -16
497 -16
498 -16
499 -55
500 -51
501 -41
502 -24
503 -17
504 -27
505 -16
506 -36
507 -16
508 -41
509 -50
510 -35
511 -50
512 -51
513 -27
514 -58
515 -32
516 -17
517 -55
518 -34
519 -51
520 -16
521 -35
522 -17
523 -16
524 -50
525 -16
526 -17
527 -50
528 -35
529 -16
530 -51
531 -55
532 -16
533 -51
534 -16
535 -17
536 -35
537 -24
538 -55
539 -36
540 -50
541 -16
542 -16
543 -21
544 -17
545 -35
546 -56
547 -17
548 -17
549 -16
550 -35
551 -51
552 -16
553 -16
554 -17
555 -27
556 -35
557 -21
558 -36
559 -35
560 -66
561 -17
562 -50
563 -62
564 -17
565 -35
566 -24
567 -24
568 -27
569 -50
570 -51
571 -27
572 -44
573 -29
574 -17
575 -16
576 -16
577 -16
578 -36
579 -35
580 -55
581 -17
582 -50
583 -16
584 -24
585 -50
586 -50
587 -50
588 -31
589 -27
590 -17
591 -16
592 -50
593 -27
594 -36
595 -17
596 -17
597 -27
598 -50
599 -35
600 -55
601 -17
602 -17
603 -35
604 -35
605 -36
606 -16
607 -51
608 -16
609 -35
610 -39
611 -17
612 -35
613 -17
614 -36
615 -24
616 -51
617 -82
618 -16
619 -16
620 -24
621 -16
622 -50
623 -16
624 -25
625 -36
626 -17
627 -16
628 -16
629 -17
630 -55
631 -51
632 -72
633 -27
634 -36
635 -16
636 -17
637 -24
638 -55
639 -16
640 -17
641 -17
642 -50
643 -50
644 -16
645 -27
646 -50
647 -33
648 -44
649 -51
650 -16
651 -50
652 -51
653 -16
654 -35
655 -17
656 -16
657 -36
658 -36
659 -92
660 -16
661 -55
662 -16
663 -50
664 -55
665 -55
666 -16
667 -55
668 -17
669 -16
670 -24
671 -24
672 -36
673 -35
674 -55
675 -35
676 -50
677 -35
678 -64
679 -27
680 -27
681 -16
682 -16
683 -16
684 -16
685 -16
686 -51
687 -55
688 -24
689 -35
690 -50
691 -50
692 -24
693 -17
694 -55
695 -16
696 -36
697 -27
698 -17
699 -24
700 -16
701 -51
702 -17
703 -51
704 -35
705 -35
706 -24
707 -27
708 -24
709 -82
710 -64
711 -36
712 -17
713 -51
714 -55
715 -50
716 -51
717 -27
718 -55
719 -51
720 -24
721 -36
722 -17
723 -48
724 -17
725 -24
726 -50
727 -17
728 -51
729 -17
730 -55
731 -35
732 -17
733 -27
734 -35
735 -50
736 -36
737 -35
738 -50
739 -51
740 -24
741 -27
742 -50
743 -50
744 -45
745 -24
746 -16
747 -27
748 -51
749 -27
750 -16
751 -55
752 -20
753 -58
754 -24
755 -16
756 -16
757 -36
758 -16
759 -17
760 -36
761 -16
762 -54
763 -35
764 -27
765 -50
766 -36
767 -16
768 -35
769 -35
770 -17
771 -25
772 -50
773 -55
774 -50
775 -35
776 -36
777 -24
778 -51
779 -36
780 -24
781 -35
782 -16
783 -16
784 -16
785 -16
786 -27
787 -27
788 -16
789 -23
790 -35
791 -27
792 -24
793 -16
794 -17
795 -27
796 -55
797 -35
798 -16
799 -16
800 -16
801 -24
802 -23
803 -27
804 -36
805 -55
806 -27
807 -24
808 -55
809 -16
810 -27
811 -16
812 -16
813 -16
814 -55
815 -55
816 -36
817 -77
818 -60
819 -16
820 -24
821 -51
822 -17
823 -17
824 -17
825 -35
826 -50
827 -36
828 -50
829 -23
830 -16
831 -16
832 -36
833 -27
834 -51
835 -16
836 -35
837 -27
838 -36
839 -35
840 -17
841 -36
842 -18
843 -51
844 -36
845 -16
846 -36
847 -35
848 -20
849 -23
850 -27
851 -36
852 -36
853 -16
854 -55
855 -36
856 -24
857 -16
858 -35
859 -36
860 -35
861 -27
862 -35
863 -16
864 -51
865 -45
866 -36
867 -16
868 -16
869 -16
870 -30
871 -16
872 -55
873 -35
874 -55
875 -16
876 -36
877 -55
878 -50
879 -17
880 -27
881 -59
882 -16
883 -16
884 -16
885 -16
886 -27
887 -36
888 -16
889 -16
890 -16
891 -35
892 -55
893 -24
894 -16
895 -36
896 -36
897 -51
898 -24
899 -17
900 -16
901 -35
902 -24
903 -16
904 -36
905 -24
906 -17
907 -16
908 -16
909 -24
910 -24
911 -16
912 -36
913 -36
914 -16
915 -27
916 -53
917 -35
918 -16
919 -36
920 -24
921 -50
922 -50
923 -50
924 -35
925 -16
926 -17
927 -20
928 -36
929 -16
930 -24
931 -35
932 -55
933 -24
934 -50
935 -36
936 -16
937 -50
938 -16
939 -27
940 -18
941 -35
942 -55
943 -35
944 -88
945 -17
946 -24
947 -27
948 -27
949 -16
950 -16
951 -23
952 -27
953 -16
954 -35
955 -24
956 -17
957 -17
958 -16
959 -24
960 -50
961 -36
962 -50
963 -16
964 -27
965 -24
966 -16
967 -16
968 -16
969 -16
970 -17
971 -16
972 -35
973 -36
974 -55
975 -24
976 -92
977 -16
978 -36
979 -27
980 -17
981 -27
982 -16
983 -27
984 -27
985 -24
986 -50
987 -16
988 -36
989 -35
990 -35
991 -16
992 -16
993 -51
994 -36
995 -41
996 -24
997 -17
998 -36
999 -27
