0 -50
1 -16
2 -18
3 -36
4 -36
5 -36
6 -16
7 -36
8 -16
9 -16
10 -35
11 -36
12 -36
13 -36
14 -50
15 -16
16 -27
17 -36
18 -36
19 -50
20 -55
21 -36
22 -36
23 -50
24 -15
25 -50
26 -16
27 -16
28 -36
29 -36
30 -36
31 -50
32 -15
33 -50
34 -34
35 -27
36 -16
37 -16
38 -35
39 -16
40 -17
41 -16
42 -55
43 -38
44 -27
45 -16
46 -35
47 -27
48 -31
49 -36
50 -31
51 -55
52 -25
53 -35
54 -35
55 -61
56 -16
57 -26
58 -64
59 -55
60 -42
61 -22
62 -33
63 -25
64 -35
65 -50
66 -35
67 -35
68 -16
69 -33
70 -55
71 -60
72 -50
73 -16
74 -36
75 -50
76 -25
77 -29
78 -36
79 -35
80 -26
81 -16
82 -17
83 -16
84 -16
85 -16
86 -27
87 -34
88 -25
89 -16
90 -50
91 -50
92 -71
93 -23
94 -16
95 -16
96 -16
97 -50
98 -53
99 -27
100 -35
101 -31
102 -50
103 -36
104 -36
105 -35
106 -36
107 -50
108 -50
109 -60
110 -16
111 -25
112 -16
113 -36
114 -16
115 -35
116 -16
117 -55
118 -35
119 -31
120 -52
121 -27
122 -16
123 -37
124 -25
125 -16
126 -35
127 -23
128 -16
129 -16
130 -50
131 -35
132 -16
133 -55
134 -35
135 -36
136 -25
137 -27
138 -20
139 -31
140 -56
141 -25
142 -16
143 -16
144 -35
145 -16
146 -50
147 -16
148 -50
149 -16
150 -50
151 -35
152 -16
153 -35
154 -16
155 -25
156 -31
157 -16
158 -50
159 -25
160 -27
161 -36
162 -62
163 -55
164 -53
165 -30
166 -35
167 -36
168 -16
169 -55
170 -53
171 -27
172 -36
173 -25
174 -16
175 -20
176 -36
177 -43
178 -53
179 -50
180 -35
181 -52
182 -55
183 -36
184 -16
185 -35
186 -56
187 -16
188 -16
189 -16
190 -25
191 -38
192 -35
193 -25
194 -16
195 -34
196 -50
197 -16
198 -57
199 -55
200 -27
201 -36
202 -25
203 -16
204 -25
205 -55
206 -25
207 -35
208 -35
209 -25
210 -50
211 -50
212 -16
213 -44
214 -16
215 -25
216 -22
217 -16
218 -26
219 -16
220 -61
221 -34
222 -35
223 -55
224 -16
225 -35
226 -36
227 -27
228 -50
229 -53
230 -16
231 -55
232 -53
233 -16
234 -26
235 -27
236 -16
237 -50
238 -16
239 -16
240 -55
241 -35
242 -50
243 -27
244 -16
245 -26
246 -16
247 -35
248 -16
249 -55
250 -35
251 -15
252 -36
253 -55
254 -25
255 -35
256 -16
257 -54
258 -53
259 -16
260 -16
261 -16
262 -25
263 -35
264 -36
265 -35
266 -55
267 -25
268 -16
269 -31
270 -16
271 -27
272 -36
273 -21
274 -16
275 -25
276 -16
277 -16
278 -43
279 -50
280 -36
281 -25
282 -25
283 -53
284 -16
285 -43
286 -16
287 -16
288 -36
289 -16
290 -50
291 -53
292 -56
293 -33
294 -50
295 -16
296 -25
297 -16
298 -16
299 -55
300 -20
301 -35
302 -55
303 -16
304 -25
305 -55
306 -55
307 -16
308 -36
309 -16
310 -36
311 -43
312 -50
313 -16
314 -50
315 -80
316 -27
317 -41
318 -50
319 -16
320 -50
321 -56
322 -35
323 -50
324 -16
325 -53
326 -36
327 -58
328 -36
329 -41
330 -55
331 -55
332 -36
333 -16
334 -43
335 -20
336 -16
337 -36
338 -43
339 -36
340 -25
341 -27
342 -17
343 -55
344 -22
345 -35
346 -31
347 -16
348 -25
349 -61
350 -55
351 -35
352 -16
353 -35
354 -35
355 -50
356 -16
357 -16
358 -30
359 -36
360 -36
361 -36
362 -55
363 -21
364 -16
365 -25
366 -16
367 -35
368 -20
369 -16
370 -25
371 -16
372 -58
373 -32
374 -35
375 -16
376 -36
377 -16
378 -16
379 -16
380 -55
381 -55
382 -50
383 -16
384 -16
385 -16
386 -53
387 -17
388 -16
389 -50
390 -16
391 -36
392 -16
393 -36
394 -16
395 -26
396 -16
397 -16
398 -45
399 -61
400 -21
401 -16
402 -35
403 -16
404 -50
405 -25
406 -16
407 -53
408 -27
409 -25
410 -55
411 -25
412 -16
413 -55
414 -55
415 -50
416 -16
417 -43
418 -36
419 -34
420 -50
421 -50
422 -16
423 -48
424 -31
425 -35
426 -50
427 -27
428 -55
429 -16
430 -36
431 -35
432 -57
433 -58
434 -16
435 -50
436 -16
437 -16
438 -50
439 -38
440 -35
441 -55
442 -27
443 -27
444 -16
445 -53
446 -16
447 -35
448 -16
449 -27
450 -16
451 -16
452 -16
453 -16
454 -19
455 -55
456 -25
457 -20
458 -50
459 -25
460 -16
461 -16
462 -16
463 -40
464 -55
465 -35
466 -27
467 -29
468 -16
469 -25
470 -16
471 -20
472 -16
473 -87
474 -16
475 -27
476 -16
477 -50
478 -55
479 -55
480 -36
481 -25
482 -36
483 -36
484 -50
485 -35
486 -36
487 -35
488 -23
489 -25
490 -36
491 -36
492 -16
493 -20
494 -16
495 -27
496 -25
497 -25
498 -36
499 -16
500 -53
501 -16
502 -16
503 -16
504 -55
505 -27
506 -20
507 -50
508 -16
509 -50
510 -23
511 -25
512 -48
513 -16
514 -55
515 -55
516 -36
517 -15
518 -16
519 -31
520 -35
521 -16
522 -16
523 -16
524 -55
525 -36
526 -25
527 -60
528 -25
529 -55
530 -38
531 -26
532 -25
533 -16
534 -35
535 -16
536 -16
537 -16
538 -16
539 -16
540 -25
541 -25
542 -25
543 -53
544 -20
545 -44
546 -36
547 -36
548 -16
549 -36
550 -53
551 -35
552 -35
553 -21
554 -31
555 -16
556 -15
557 -16
558 -36
559 -16
560 -55
561 -55
562 -27
563 -36
564 -38
565 -61
566 -27
567 -36
568 -36
569 -53
570 -50
571 -16
572 -33
573 -16
574 -36
575 -16
576 -16
577 -36
578 -20
579 -16
580 -55
581 -60
582 -35
583 -36
584 -35
585 -16
586 -50
587 -16
588 -35
589 -35
590 -16
591 -50
592 -35
593 -47
594 -52
595 -31
596 -16
597 -35
598 -16
599 -16
600 -61
601 -50
602 -27
603 -16
604 -16
605 -35
606 -50
607 -16
608 -16
609 -25
610 -36
611 -55
612 -25
613 -16
614 -36
615 -26
616 -16
617 -31
618 -36
619 -55
620 -31
621 -45
622 -35
623 -16
624 -25
625 -35
626 -16
627 -16
628 -53
629 -27
630 -50
631 -25
632 -16
633 -25
634 -25
635 -27
636 -32
637 -31
638 -39
639 -26
640 -16
641 -53
642 -44
643 -50
644 -53
645 -68
646 -16
647 -16
648 -36
649 -47
650 -16
651 -49
652 -50
653 -50
654 -35
655 -16
656 -25
657 -16
658 -87
659 -36
660 -25
661 -87
662 -50
663 -16
664 -16
665 -25
666 -16
667 -16
668 -16
669 -36
670 -15
671 -16
672 -55
673 -16
674 -82
675 -25
676 -24
677 -36
678 -16
679 -16
680 -20
681 -55
682 -16
683 -16
684 -36
685 -50
686 -50
687 -36
688 -16
689 -27
690 -16
691 -16
692 -16
693 -17
694 -25
695 -36
696 -35
697 -82
698 -50
699 -25
700 -46
701 -36
702 -55
703 -16
704 -25
705 -27
706 -49
707 -16
708 -30
709 -16
710 -19
711 -33
712 -58
713 -25
714 -35
715 -35
716 -15
717 -50
718 -16
719 -50
720 -55
721 -50
722 -16
723 -15
724 -16
725 -35
726 -27
727 -50
728 -35
729 -55
730 -16
731 -16
732 -50
733 -35
734 -16
735 -55
736 -55
737 -27
738 -16
739 -25
740 -55
741 -55
742 -16
743 -55
744 -87
745 -16
746 -16
747 -58
748 -31
749 -16
750 -35
751 -16
752 -55
753 -31
754 -16
755 -36
756 -55
757 -35
758 -16
759 -16
760 -31
761 -25
762 -65
763 -25
764 -51
765 -25
766 -31
767 -16
768 -25
769 -16
770 -34
771 -55
772 -35
773 -16
774 -16
775 -16
776 -54
777 -35
778 -50
779 -21
780 -26
781 -25
782 -53
783 -55
784 -61
785 -27
786 -36
787 -55
788 -25
789 -36
790 -50
791 -20
792 -27
793 -16
794 -16
795 -27
796 -16
797 -35
798 -55
799 -55
800 -16
801 -16
802 -16
803 -16
804 -34
805 -36
806 -16
807 -16
808 -16
809 -52
810 -53
811 -16
812 -16
813 -55
814 -16
815 -26
816 -16
817 -14
818 -36
819 -53
820 -16
821 -50
822 -16
823 -50
824 -27
825 -54
826 -16
827 -16
828 -35
829 -16
830 -18
831 -16
832 -50
833 -27
834 -16
835 -16
836 -23
837 -16
838 -16
839 -36
840 -36
841 -50
842 -16
843 -16
844 -36
845 -16
846 -16
847 -36
848 -27
849 -16
850 -20
851 -36
852 -16
853 -55
854 -16
855 -36
856 -16
857 -16
858 -37
859 -36
860 -50
861 -55
862 -16
863 -50
864 -16
865 -20
866 -18
867 -47
868 -53
869 -25
870 -35
871 -25
872 -55
873 -53
874 -55
875 -55
876 -26
877 -16
878 -16
879 -49
880 -36
881 -36
882 -36
883 -87
884 -16
885 -36
886 -25
887 -36
888 -16
889 -36
890 -66
891 -35
892 -29
893 -35
894 -16
895 -55
896 -50
897 -55
898 -87
899 -16
900 -58
901 -35
902 -27
903 -36
904 -36
905 -35
906 -59
907 -30
908 -35
909 -16
910 -53
911 -19
912 -27
913 -16
914 -21
915 -16
916 -26
917 -35
918 -21
919 -34
920 -98
921 -55
922 -53
923 -25
924 -27
925 -58
926 -16
927 -27
928 -53
929 -23
930 -45
931 -16
932 -16
933 -58
934 -50
935 -53
936 -36
937 -32
938 -25
939 -35
940 -16
941 -36
942 -25
943 -50
944 -35
945 -50
946 -25
947 -27
948 -35
949 -30
950 -38
951 -34
952 -31
953 -16
954 -53
955 -55
956 -51
957 -16
958 -18
959 -20
960 -16
961 -16
962 -16
963 -16
964 -50
965 -26
966 -35
967 -55
968 -16
969 -35
970 -16
971 -22
972 -57
973 -35
974 -27
975 -55
976 -31
977 -25
978 -16
979 -39
980 -35
981 -30
982 -16
983 -25
984 -82
985 -16
986 -20
987 -35
988 -50
989 -35
990 -40
991 -20
992 -35
993 -15
994 -50
995 -26
996 -55
997 -35
998 -16
999 -53
