0 -25
1 -25
2 -16
3 -52
4 -16
5 -16
6 -36
7 -50
8 -24
9 -56
10 -16
11 -16
12 -33
13 -38
14 -17
15 -33
16 -16
17 -29
18 -16
19 -17
20 -35
21 -16
22 -33
23 -55
24 -55
25 -36
26 -83
27 -36
28 -55
29 -17
30 -18
31 -16
32 -50
33 -35
34 -16
35 -36
36 -21
37 -17
38 -16
39 -33
40 -36
41 -25
42 -16
43 -16
44 -16
45 -52
46 -16
47 -16
48 -43
49 -17
50 -16
51 -35
52 -16
53 -16
54 -77
55 -18
56 -25
57 -50
58 -25
59 -50
60 -25
61 -16
62 -16
63 -52
64 -35
65 -16
66 -36
67 -50
68 -25
69 -17
70 -25
71 -17
72 -87
73 -16
74 -50
75 -50
76 -50
77 -16
78 -35
79 -25
80 -55
81 -52
82 -52
83 -36
84 -36
85 -16
86 -43
87 -52
88 -35
89 -25
90 -29
91 -16
92 -35
93 -35
94 -36
95 -16
96 -62
97 -16
98 -18
99 -19
100 -25
101 -16
102 -33
103 -25
104 -25
105 -59
106 -25
107 -16
108 -55
109 -17
110 -35
111 -16
112 -16
113 -35
114 -29
115 -16
116 -17
117 -36
118 -35
119 -16
120 -55
121 -35
122 -50
123 -36
124 -50
125 -37
126 -35
127 -55
128 -25
129 -55
130 -50
131 -25
132 -55
133 -16
134 -41
135 -35
136 -55
137 -16
138 -55
139 -17
140 -83
141 -52
142 -25
143 -55
144 -55
145 -36
146 -35
147 -55
148 -52
149 -21
150 -50
151 -38
152 -18
153 -16
154 -17
155 -18
156 -36
157 -16
158 -16
159 -56
160 -52
161 -16
162 -50
163 -25
164 -50
165 -55
166 -43
167 -36
168 -53
169 -17
170 -24
171 -16
172 -52
173 -36
174 -33
175 -52
176 -25
177 -17
178 -50
179 -16
180 -50
181 -55
182 -50
183 -25
184 -17
185 -17
186 -38
187 -17
188 -35
189 -16
190 -36
191 -50
192 -45
193 -16
194 -16
195 -35
196 -16
197 -17
198 -35
199 -47
200 -25
201 -36
202 -36
203 -55
204 -16
205 -52
206 -17
207 -16
208 -16
209 -38
210 -50
211 -33
212 -50
213 -35
214 -27
215 -35
216 -36
217 -36
218 -16
219 -31
220 -16
221 -16
222 -52
223 -25
224 -16
225 -50
226 -50
227 -35
228 -35
229 -36
230 -35
231 -35
232 -16
233 -16
234 -55
235 -16
236 -50
237 -16
238 -17
239 -16
240 -50
241 -35
242 -16
243 -35
244 -17
245 -45
246 -25
247 -52
248 -50
249 -16
250 -52
251 -16
252 -52
253 -25
254 -61
255 -50
256 -16
257 -35
258 -55
259 -16
260 -56
261 -16
262 -16
263 -16
264 -35
265 -50
266 -36
267 -55
268 -55
269 -16
270 -50
271 -55
272 -35
273 -25
274 -20
275 -33
276 -61
277 -25
278 -36
279 -35
280 -83
281 -25
282 -55
283 -36
284 -36
285 -16
286 -25
287 -52
288 -50
289 -36
290 -35
291 -16
292 -52
293 -52
294 -35
295 -25
296 -50
297 -16
298 -50
299 -16
300 -54
301 -35
302 -16
303 -16
304 -55
305 -15
306 -40
307 -35
308 -50
309 -35
310 -17
311 -36
312 -52
313 -36
314 -55
315 -17
316 -36
317 -29
318 -16
319 -16
320 -36
321 -25
322 -35
323 -16
324 -36
325 -16
326 -36
327 -43
328 -25
329 -36
330 -56
331 -16
332 -35
333 -18
334 -16
335 -52
336 -33
337 -50
338 -55
339 -16
340 -16
341 -25
342 -16
343 -16
344 -17
345 -51
346 -27
347 -52
348 -56
349 -17
350 -19
351 -50
352 -52
353 -52
354 -35
355 -16
356 -35
357 -35
358 -25
359 -20
360 -25
361 -16
362 -20
363 -50
364 -47
365 -16
366 -38
367 -16
368 -50
369 -29
370 -17
371 -36
372 -16
373 -55
374 -50
375 -36
376 -17
377 -16
378 -36
379 -55
380 -25
381 -17
382 -19
383 -16
384 -18
385 -17
386 -50
387 -17
388 -17
389 -33
390 -25
391 -16
392 -16
393 -16
394 -17
395 -25
396 -35
397 -16
398 -55
399 -16
400 -17
401 -16
402 -50
403 -16
404 -17
405 -35
406 -35
407 -50
408 -52
409 -35
410 -50
411 -16
412 -34
413 -52
414 -50
415 -52
416 -55
417 -36
418 -51
419 -50
420 -29
421 -16
422 -35
423 -59
424 -25
425 -55
426 -16
427 -52
428 -50
429 -50
430 -36
431 -16
432 -16
433 -16
434 -50
435 -16
436 -21
437 -16
438 -36
439 -46
440 -17
441 -16
442 -35
443 -16
444 -16
445 -50
446 -16
447 -20
448 -16
449 -55
450 -45
451 -25
452 -16
453 -16
454 -35
455 -35
456 -43
457 -16
458 -38
459 -38
460 -17
461 -25
462 -35
463 -38
464 -50
465 -25
466 -16
467 -16
468 -40
469 -16
470 -16
471 -50
472 -50
473 -35
474 -16
475 -50
476 -16
477 -36
478 -35
479 -52
480 -16
481 -55
482 -33
483 -35
484 -16
485 -35
486 -34
487 -36
488 -25
489 -50
490 -17
491 -52
492 -29
493 -17
494 -35
495 -18
496 -25
497 -25
498 -17
499 -50
500 -16
501 -55
502 -35
503 -25
504 -38
505 -55
506 -50
507 -50
508 -49
509 -16
510 -52
511 -16
512 -16
513 -16
514 -27
515 -50
516 -36
517 -18
518 -50
519 -52
520 -16
521 -25
522 -21
523 -25
524 -55
525 -36
526 -16
527 -91
528 -43
529 -25
530 -17
531 -17
532 -36
533 -16
534 -36
535 -25
536 -17
537 -16
538 -25
539 -52
540 -50
541 -17
542 -35
543 -51
544 -17
545 -52
546 -16
547 -55
548 -18
549 -52
550 -61
551 -17
552 -50
553 -16
554 -16
555 -50
556 -25
557 -17
558 -16
559 -55
560 -33
561 -36
562 -35
563 -52
564 -36
565 -52
566 -16
567 -16
568 -36
569 -16
570 -17
571 -17
572 -16
573 -52
574 -50
575 -25
576 -16
577 -16
578 -55
579 -50
580 -16
581 -19
582 -17
583 -55
584 -55
585 -36
586 -50
587 -52
588 -16
589 -50
590 -16
591 -56
592 -33
593 -60
594 -16
595 -51
596 -14
597 -55
598 -36
599 -35
600 -52
601 -17
602 -52
603 -16
604 -25
605 -25
606 -50
607 -55
608 -17
609 -56
610 -25
611 -16
612 -16
613 -25
614 -50
615 -55
616 -16
617 -25
618 -16
619 -16
620 -40
621 -16
622 -16
623 -16
624 -16
625 -17
626 -36
627 -31
628 -38
629 -41
630 -17
631 -16
632 -35
633 -36
634 -55
635 -57
636 -35
637 -56
638 -16
639 -17
640 -55
641 -50
642 -50
643 -56
644 -16
645 -38
646 -50
647 -16
648 -16
649 -17
650 -25
651 -16
652 -25
653 -16
654 -52
655 -16
656 -56
657 -17
658 -25
659 -56
660 -35
661 -55
662 -35
663 -16
664 -16
665 -52
666 -36
667 -16
668 -17
669 -89
670 -50
671 -36
672 -16
673 -16
674 -51
675 -16
676 -36
677 -50
678 -50
679 -49
680 -25
681 -16
682 -38
683 -35
684 -35
685 -16
686 -35
687 -19
688 -55
689 -25
690 -35
691 -16
692 -16
693 -16
694 -16
695 -16
696 -36
697 -16
698 -18
699 -16
700 -16
701 -23
702 -50
703 -25
704 -33
705 -18
706 -16
707 -16
708 -16
709 -50
710 -16
711 -52
712 -55
713 -52
714 -16
715 -16
716 -16
717 -50
718 -17
719 -27
720 -16
721 -38
722 -16
723 -35
724 -16
725 -16
726 -58
727 -16
728 -25
729 -15
730 -55
731 -35
732 -25
733 -55
734 -17
735 -22
736 -17
737 -35
738 -22
739 -16
740 -16
741 -55
742 -35
743 -16
744 -25
745 -17
746 -55
747 -17
748 -50
749 -50
750 -50
751 -46
752 -48
753 -50
754 -41
755 -17
756 -50
757 -55
758 -25
759 -52
760 -25
761 -16
762 -16
763 -51
764 -50
765 -55
766 -35
767 -25
768 -16
769 -50
770 -25
771 -17
772 -55
773 -16
774 -16
775 -25
776 -56
777 -52
778 -83
779 -52
780 -52
781 -55
782 -16
783 -20
784 -18
785 -19
786 -38
787 -16
788 -35
789 -16
790 -59
791 -35
792 -16
793 -50
794 -24
795 -25
796 -22
797 -16
798 -17
799 -50
800 -36
801 -50
802 -25
803 -17
804 -33
805 -16
806 -52
807 -17
808 -50
809 -16
810 -36
811 -56
812 -35
813 -16
814 -55
815 -17
816 -17
817 -16
818 -38
819 -35
820 -16
821 -16
822 -25
823 -36
824 -16
825 -55
826 -35
827 -55
828 -50
829 -16
830 -35
831 -25
832 -35
833 -16
834 -50
835 -83
836 -55
837 -25
838 -17
839 -20
840 -25
841 -50
842 -25
843 -50
844 -36
845 -17
846 -16
847 -36
848 -62
849 -25
850 -35
851 -36
852 -55
853 -38
854 -16
855 -17
856 -16
857 -35
858 -16
859 -16
860 -15
861 -36
862 -16
863 -16
864 -35
865 -36
866 -35
867 -50
868 -16
869 -20
870 -36
871 -16
872 -36
873 -17
874 -43
875 -16
876 -36
877 -36
878 -16
879 -17
880 -16
881 -50
882 -35
883 -17
884 -17
885 -35
886 -55
887 -36
888 -16
889 -55
890 -16
891 -16
892 -35
893 -25
894 -50
895 -16
896 -17
897 -52
898 -41
899 -15
900 -17
901 -50
902 -16
903 -16
904 -25
905 -52
906 -50
907 -35
908 -56
909 -50
910 -52
911 -25
912 -31
913 -16
914 -50
915 -16
916 -52
917 -36
918 -50
919 -82
920 -16
921 -35
922 -36
923 -16
924 -16
925 -16
926 -16
927 -17
928 -37
929 -27
930 -93
931 -36
932 -16
933 -52
934 -52
935 -16
936 -22
937 -44
938 -58
939 -55
940 -55
941 -36
942 -36
943 -17
944 -16
945 -16
946 -50
947 -17
948 -52
949 -35
950 -17
951 -16
952 -36
953 -29
954 -49
955 -15
956 -17
957 -16
958 -35
959 -45
960 -56
961 -16
962 -35
963 -52
964 -20
965 -25
966 -27
967 -29
968 -16
969 -36
970 -36
971 -17
972 -17
973 -17
974 -52
975 -35
976 -25
977 -36
978 -54
979 -16
980 -92
981 -17
982 -16
983 -25
984 -35
985 -35
986 -36
987 -16
988 -55
989 -16
990 -16
991 -54
992 -50
993 -16
994 -50
995 -28
996 -16
997 -16
998 -51
999 -25
