0 -34
1 -16
2 -16
3 -16
4 -48
5 -55
6 -17
7 -16
8 -55
9 -16
10 -50
11 -48
12 -55
13 -41
14 -16
15 -16
16 -50
17 -16
18 -24
19 -48
20 -50
21 -16
22 -41
23 -50
24 -16
25 -25
26 -41
27 -50
28 -34
29 -34
30 -50
31 -55
32 -16
33 -16
34 -48
35 -16
36 -25
37 -44
38 -16
39 -16
40 -16
41 -55
42 -17
43 -16
44 -48
45 -48
46 -48
47 -41
48 -41
49 -55
50 -17
51 -41
52 -55
53 -16
54 -48
55 -55
56 -16
57 -34
58 -16
59 -41
60 -26
61 -55
62 -16
63 -16
64 -34
65 -48
66 -16
67 -16
68 -16
69 -17
70 -41
71 -17
72 -50
73 -41
74 -50
75 -25
76 -41
77 -16
78 -16
79 -18
80 -16
81 -42
82 -17
83 -16
84 -16
85 -16
86 -16
87 -48
88 -50
89 -54
90 -17
91 -16
92 -16
93 -16
94 -16
95 -17
96 -36
97 -16
98 -16
99 -16
100 -21
101 -43
102 -25
103 -16
104 -25
105 -41
106 -50
107 -16
108 -20
109 -34
110 -50
111 -17
112 -53
113 -16
114 -17
115 -41
116 -16
117 -16
118 -25
119 -48
120 -34
121 -50
122 -16
123 -48
124 -34
125 -16
126 -16
127 -34
128 -48
129 -17
130 -41
131 -17
132 -16
133 -16
134 -16
135 -50
136 -16
137 -16
138 -34
139 -50
140 -41
141 -16
142 -50
143 -34
144 -34
145 -50
146 -16
147 -50
148 -20
149 -25
150 -21
151 -16
152 -55
153 -50
154 -48
155 -16
156 -16
157 -16
158 -25
159 -25
160 -17
161 -16
162 -16
163 -34
164 -17
165 -50
166 -16
167 -16
168 -25
169 -16
170 -34
171 -16
172 -48
173 -16
174 -55
175 -41
176 -41
177 -34
178 -41
179 -48
180 -41
181 -34
182 -55
183 -16
184 -25
185 -41
186 -16
187 -17
188 -16
189 -16
190 -16
191 -16
192 -16
193 -16
194 -16
195 -16
196 -16
197 -48
198 -17
199 -17
200 -16
201 -16
202 -16
203 -16
204 -17
205 -50
206 -17
207 -41
208 -55
209 -25
210 -55
211 -17
212 -25
213 -16
214 -25
215 -25
216 -16
217 -34
218 -16
219 -48
220 -34
221 -16
222 -16
223 -16
224 -16
225 -50
226 -37
227 -17
228 -41
229 -34
230 -16
231 -17
232 -41
233 -34
234 -17
235 -16
236 -25
237 -55
238 -34
239 -34
240 -34
241 -41
242 -34
243 -16
244 -16
245 -16
246 -16
247 -15
248 -66
249 -17
250 -16
251 -34
252 -55
253 -48
254 -48
255 -16
256 -51
257 -16
258 -25
259 -25
260 -16
261 -25
262 -25
263 -48
264 -16
265 -17
266 -50
267 -50
268 -16
269 -41
270 -48
271 -34
272 -16
273 -41
274 -27
275 -16
276 -48
277 -16
278 -16
279 -34
280 -55
281 -17
282 -54
283 -50
284 -16
285 -34
286 -16
287 -16
288 -16
289 -16
290 -16
291 -29
292 -55
293 -16
294 -17
295 -16
296 -17
297 -41
298 -16
299 -17
300 -16
301 -16
302 -34
303 -16
304 -50
305 -17
306 -50
307 -17
308 -34
309 -50
310 -25
311 -17
312 -48
313 -16
314 -16
315 -16
316 -41
317 -48
318 -50
319 -48
320 -41
321 -16
322 -16
323 -25
324 -16
325 -37
326 -34
327 -16
328 -34
329 -41
330 -16
331 -41
332 -41
333 -41
334 -41
335 -55
336 -16
337 -16
338 -17
339 -16
340 -34
341 -16
342 -34
343 -50
344 -25
345 -41
346 -16
347 -55
348 -28
349 -75
350 -16
351 -48
352 -34
353 -16
354 -16
355 -53
356 -16
357 -16
358 -16
359 -16
360 -34
361 -42
362 -16
363 -17
364 -55
365 -55
366 -16
367 -55
368 -34
369 -46
370 -16
371 -17
372 -16
373 -21
374 -48
375 -16
376 -34
377 -34
378 -48
379 -55
380 -50
381 -41
382 -34
383 -55
384 -41
385 -16
386 -41
387 -16
388 -16
389 -16
390 -17
391 -19
392 -17
393 -36
394 -16
395 -16
396 -50
397 -42
398 -17
399 -17
400 -34
401 -16
402 -16
403 -16
404 -48
405 -41
406 -55
407 -50
408 -41
409 -41
410 -16
411 -50
412 -25
413 -48
414 -16
415 -34
416 -41
417 -34
418 -17
419 -16
420 -50
421 -17
422 -48
423 -22
424 -50
425 -50
426 -16
427 -16
428 -16
429 -41
430 -17
431 -16
432 -16
433 -16
434 -17
435 -50
436 -25
437 -16
438 -48
439 -16
440 -50
441 -16
442 -41
443 -41
444 -55
445 -50
446 -17
447 -16
448 -17
449 -16
450 -41
451 -16
452 -41
453 -16
454 -50
455 -48
456 -41
457 -16
458 -41
459 -41
460 -16
461 -16
462 -50
463 -16
464 -16
465 -25
466 -55
467 -25
468 -21
469 -55
470 -19
471 -16
472 -16
473 -16
474 -16
475 -16
476 -60
477 -16
478 -17
479 -16
480 -16
481 -48
482 -34
483 -25
484 -34
485 -48
486 -50
487 -16
488 -16
489 -50
490 -16
491 -55
492 -41
493 -48
494 -34
495 -48
496 -34
497 -48
498 -16
499 -34
500 -48
501 -17
502 -17
503 -48
504 -55
505 -55
506 -50
507 -50
508 -48
509 -34
510 -17
511 -16
512 -16
513 -16
514 -50
515 -25
516 -34
517 -25
518 -25
519 -34
520 -25
521 -16
522 -55
523 -55
524 -41
525 -48
526 -25
527 -17
528 -17
529 -34
530 -17
531 -34
532 -16
533 -16
534 -53
535 -16
536 -16
537 -55
538 -16
539 -25
540 -16
541 -34
542 -55
543 -16
544 -34
545 -50
546 -16
547 -16
548 -48
549 -25
550 -16
551 -41
552 -48
553 -48
554 -16
555 -16
556 -34
557 -25
558 -16
559 -25
560 -50
561 -48
562 -16
563 -48
564 -48
565 -25
566 -16
567 -16
568 -17
569 -25
570 -44
571 -16
572 -18
573 -16
574 -25
575 -25
576 -16
577 -34
578 -16
579 -41
580 -16
581 -16
582 -55
583 -16
584 -16
585 -16
586 -55
587 -25
588 -41
589 -16
590 -18
591 -50
592 -55
593 -16
594 -17
595 -16
596 -48
597 -16
598 -41
599 -16
600 -16
601 -16
602 -34
603 -50
604 -16
605 -41
606 -17
607 -41
608 -34
609 -16
610 -25
611 -50
612 -17
613 -25
614 -55
615 -41
616 -34
617 -16
618 -41
619 -39
620 -17
621 -16
622 -55
623 -41
624 -17
625 -16
626 -34
627 -16
628 -16
629 -25
630 -21
631 -16
632 -16
633 -16
634 -16
635 -17
636 -65
637 -16
638 -16
639 -55
640 -16
641 -16
642 -41
643 -16
644 -39
645 -16
646 -16
647 -34
648 -48
649 -48
650 -48
651 -16
652 -16
653 -16
654 -16
655 -17
656 -16
657 -41
658 -17
659 -48
660 -17
661 -17
662 -25
663 -16
664 -16
665 -25
666 -25
667 -16
668 -59
669 -16
670 -41
671 -41
672 -16
673 -25
674 -16
675 -16
676 -34
677 -16
678 -50
679 -26
680 -21
681 -17
682 -25
683 -16
684 -16
685 -50
686 -16
687 -16
688 -16
689 -16
690 -50
691 -17
692 -82
693 -25
694 -16
695 -40
696 -25
697 -25
698 -17
699 -34
700 -41
701 -16
702 -50
703 -17
704 -21
705 -34
706 -16
707 -34
708 -16
709 -16
710 -16
711 -66
712 -50
713 -22
714 -16
715 -34
716 -44
717 -50
718 -52
719 -25
720 -17
721 -18
722 -25
723 -16
724 -16
725 -41
726 -16
727 -48
728 -25
729 -17
730 -17
731 -16
732 -16
733 -48
734 -24
735 -48
736 -16
737 -16
738 -25
739 -25
740 -25
741 -55
742 -16
743 -41
744 -25
745 -17
746 -21
747 -16
748 -16
749 -41
750 -16
751 -17
752 -17
753 -34
754 -50
755 -41
756 -16
757 -50
758 -50
759 -48
760 -34
761 -50
762 -55
763 -16
764 -55
765 -16
766 -16
767 -25
768 -16
769 -16
770 -55
771 -16
772 -25
773 -48
774 -16
775 -45
776 -41
777 -16
778 -41
779 -16
780 -16
781 -25
782 -25
783 -25
784 -18
785 -18
786 -48
787 -44
788 -48
789 -16
790 -16
791 -17
792 -34
793 -48
794 -16
795 -17
796 -41
797 -16
798 -25
799 -34
800 -16
801 -16
802 -16
803 -17
804 -16
805 -16
806 -34
807 -16
808 -48
809 -16
810 -16
811 -16
812 -34
813 -16
814 -16
815 -39
816 -16
817 -16
818 -50
819 -16
820 -17
821 -16
822 -55
823 -16
824 -55
825 -18
826 -41
827 -16
828 -87
829 -16
830 -50
831 -16
832 -48
833 -25
834 -55
835 -34
836 -16
837 -41
838 -50
839 -17
840 -16
841 -48
842 -16
843 -25
844 -41
845 -55
846 -34
847 -55
848 -34
849 -41
850 -16
851 -34
852 -21
853 -20
854 -55
855 -16
856 -50
857 -48
858 -18
859 -16
860 -16
861 -50
862 -55
863 -16
864 -16
865 -17
866 -50
867 -17
868 -41
869 -16
870 -16
871 -16
872 -50
873 -41
874 -41
875 -16
876 -55
877 -17
878 -41
879 -25
880 -33
881 -48
882 -16
883 -48
884 -41
885 -17
886 -16
887 -25
888 -16
889 -41
890 -16
891 -16
892 -50
893 -55
894 -16
895 -17
896 -34
897 -16
898 -48
899 -34
900 -92
901 -55
902 -17
903 -16
904 -41
905 -41
906 -53
907 -50
908 -55
909 -16
910 -20
911 -50
912 -34
913 -55
914 -16
915 -41
916 -50
917 -34
918 -48
919 -17
920 -55
921 -16
922 -16
923 -25
924 -27
925 -55
926 -48
927 -34
928 -16
929 -16
930 -16
931 -41
932 -17
933 -16
934 -25
935 -48
936 -16
937 -87
938 -16
939 -16
940 -16
941 -16
942 -16
943 -48
944 -50
945 -16
946 -48
947 -48
948 -16
949 -59
950 -25
951 -17
952 -34
953 -16
954 -17
955 -41
956 -25
957 -34
958 -71
959 -16
960 -25
961 -58
962 -41
963 -16
964 -41
965 -48
966 -16
967 -16
968 -16
969 -17
970 -41
971 -50
972 -48
973 -16
974 -41
975 -25
976 -41
977 -25
978 -17
979 -55
980 -59
981 -34
982 -41
983 -50
984 -16
985 -55
986 -16
987 -29
988 -25
989 -50
990 -34
991 -34
992 -41
993 -34
994 -55
995 -55
996 -34
997 -59
998 -16
999 -34
