0 -31
1 -16
2 -16
3 -20
4 -27
5 -27
6 -17
7 -16
8 -17
9 -50
10 -27
11 -31
12 -16
13 -50
14 -51
15 -55
16 -31
17 -50
18 -31
19 -31
20 -16
21 -20
22 -31
23 -34
24 -16
25 -31
26 -16
27 -34
28 -55
29 -20
30 -51
31 -16
32 -51
33 -31
34 -16
35 -20
36 -34
37 -20
38 -16
39 -31
40 -31
41 -16
42 -50
43 -27
44 -50
45 -32
46 -27
47 -16
48 -46
49 -17
50 -41
51 -16
52 -22
53 -31
54 -50
55 -50
56 -50
57 -16
58 -17
59 -17
60 -16
61 -31
62 -17
63 -55
64 -16
65 -34
66 -25
67 -20
68 -34
69 -31
70 -17
71 -20
72 -55
73 -16
74 -16
75 -55
76 -27
77 -16
78 -16
79 -31
80 -50
81 -51
82 -16
83 -27
84 -16
85 -16
86 -34
87 -34
88 -16
89 -34
90 -55
91 -16
92 -51
93 -51
94 -16
95 -16
96 -17
97 -31
98 -20
99 -17
100 -20
101 -51
102 -16
103 -20
104 -41
105 -16
106 -16
107 -31
108 -31
109 -34
110 -20
111 -34
112 -16
113 -65
114 -50
115 -16
116 -16
117 -34
118 -20
119 -51
120 -16
121 -50
122 -31
123 -16
124 -16
125 -51
126 -20
127 -16
128 -20
129 -16
130 -43
131 -20
132 -20
133 -16
134 -20
135 -24
136 -20
137 -50
138 -27
139 -50
140 -16
141 -31
142 -31
143 -31
144 -16
145 -23
146 -16
147 -51
148 -35
149 -20
150 -17
151 -20
152 -34
153 -55
154 -20
155 -34
156 -51
157 -50
158 -51
159 -51
160 -20
161 -51
162 -48
163 -16
164 -35
165 -28
166 -16
167 -27
168 -17
169 -16
170 -34
171 -34
172 -51
173 -16
174 -16
175 -34
176 -51
177 -16
178 -78
179 -31
180 -17
181 -20
182 -16
183 -92
184 -34
185 -16
186 -27
187 -20
188 -50
189 -17
190 -50
191 -57
192 -20
193 -31
194 -50
195 -16
196 -16
197 -27
198 -60
199 -20
200 -20
201 -55
202 -34
203 -55
204 -16
205 -34
206 -37
207 -19
208 -34
209 -16
210 -55
211 -16
212 -16
213 -50
214 -20
215 -34
216 -20
217 -27
218 -16
219 -51
220 -16
221 -16
222 -20
223 -16
224 -55
225 -16
226 -31
227 -51
228 -34
229 -16
230 -17
231 -31
232 -17
233 -23
234 -27
235 -16
236 -17
237 -69
238 -17
239 -50
240 -50
241 -27
242 -16
243 -34
244 -50
245 -31
246 -55
247 -55
248 -34
249 -20
250 -55
251 -34
252 -20
253 -34
254 -27
255 -20
256 -50
257 -27
258 -17
259 -50
260 -51
261 -16
262 -31
263 -27
264 -20
265 -34
266 -50
267 -51
268 -21
269 -34
270 -16
271 -16
272 -50
273 -17
274 -24
275 -16
276 -16
277 -17
278 -21
279 -55
280 -39
281 -16
282 -51
283 -50
284 -16
285 -34
286 -55
287 -16
288 -34
289 -16
290 -34
291 -16
292 -16
293 -55
294 -17
295 -50
296 -34
297 -16
298 -17
299 -31
300 -17
301 -50
302 -20
303 -34
304 -34
305 -16
306 -31
307 -34
308 -27
309 -34
310 -16
311 -16
312 -20
313 -17
314 -16
315 -20
316 -31
317 -51
318 -51
319 -17
320 -16
321 -50
322 -51
323 -17
324 -50
325 -51
326 -55
327 -55
328 -51
329 -16
330 -20
331 -16
332 -51
333 -51
334 -31
335 -51
336 -55
337 -34
338 -55
339 -17
340 -16
341 -50
342 -50
343 -16
344 -51
345 -31
346 -27
347 -34
348 -50
349 -16
350 -16
351 -34
352 -16
353 -50
354 -31
355 -50
356 -31
357 -16
358 -54
359 -50
360 -16
361 -16
362 -16
363 -34
364 -31
365 -28
366 -51
367 -16
368 -55
369 -27
370 -27
371 -50
372 -31
373 -31
374 -17
375 -17
376 -17
377 -25
378 -16
379 -21
380 -34
381 -27
382 -54
383 -50
384 -27
385 -31
386 -34
387 -55
388 -51
389 -17
390 -16
391 -34
392 -16
393 -20
394 -50
395 -21
396 -16
397 -50
398 -31
399 -50
400 -16
401 -55
402 -28
403 -27
404 -16
405 -31
406 -27
407 -50
408 -16
409 -20
410 -27
411 -20
412 -20
413 -17
414 -20
415 -51
416 -27
417 -16
418 -17
419 -34
420 -45
421 -51
422 -51
423 -20
424 -55
425 -51
426 -34
427 -23
428 -55
429 -52
430 -34
431 -20
432 -17
433 -49
434 -17
435 -16
436 -50
437 -31
438 -22
439 -34
440 -42
441 -16
442 -16
443 -16
444 -27
445 -16
446 -31
447 -50
448 -31
449 -34
450 -19
451 -16
452 -16
453 -55
454 -17
455 -34
456 -34
457 -34
458 -37
459 -55
460 -51
461 -27
462 -27
463 -20
464 -27
465 -16
466 -55
467 -16
468 -17
469 -16
470 -27
471 -20
472 -50
473 -55
474 -17
475 -51
476 -16
477 -31
478 -16
479 -34
480 -34
481 -31
482 -50
483 -20
484 -16
485 -42
486 -31
487 -17
488 -51
489 -50
490 -16
491 -27
492 -27
493 -55
494 -50
495 -16
496 -31
497 -34
498 -20
499 -34
500 -27
501 -50
502 -16
503 -17
504 -27
505 -55
506 -55
507 -16
508 -51
509 -17
510 -27
511 -15
512 -34
513 -31
514 -31
515 -41
516 -31
517 -17
518 -16
519 -16
520 -56
521 -50
522 -16
523 -55
524 -16
525 -51
526 -27
527 -34
528 -31
529 -16
530 -51
531 -17
532 -20
533 -16
534 -17
535 -51
536 -51
537 -24
538 -31
539 -31
540 -34
541 -17
542 -55
543 -50
544 -27
545 -34
546 -16
547 -16
548 -27
549 -16
550 -27
551 -16
552 -50
553 -31
554 -20
555 -27
556 -17
557 -16
558 -17
559 -17
560 -51
561 -51
562 -34
563 -16
564 -16
565 -51
566 -31
567 -16
568 -27
569 -16
570 -20
571 -20
572 -51
573 -55
574 -27
575 -16
576 -17
577 -16
578 -51
579 -51
580 -16
581 -17
582 -51
583 -17
584 -34
585 -17
586 -16
587 -34
588 -51
589 -41
590 -20
591 -51
592 -16
593 -16
594 -50
595 -31
596 -16
597 -16
598 -34
599 -55
600 -16
601 -16
602 -17
603 -50
604 -16
605 -27
606 -51
607 -22
608 -27
609 -20
610 -51
611 -20
612 -55
613 -16
614 -16
615 -17
616 -55
617 -50
618 -55
619 -16
620 -17
621 -51
622 -39
623 -51
624 -34
625 -34
626 -50
627 -16
628 -27
629 -16
630 -27
631 -26
632 -27
633 -20
634 -50
635 -52
636 -20
637 -72
638 -55
639 -17
640 -16
641 -54
642 -16
643 -17
644 -31
645 -20
646 -50
647 -31
648 -34
649 -17
650 -50
651 -16
652 -20
653 -16
654 -31
655 -50
656 -27
657 -16
658 -50
659 -55
660 -34
661 -31
662 -16
663 -16
664 -16
665 -55
666 -47
667 -50
668 -55
669 -16
670 -16
671 -50
672 -34
673 -20
674 -50
675 -17
676 -28
677 -20
678 -31
679 -34
680 -16
681 -34
682 -16
683 -20
684 -50
685 -78
686 -55
687 -55
688 -16
689 -16
690 -16
691 -20
692 -20
693 -34
694 -17
695 -31
696 -16
697 -51
698 -51
699 -30
700 -31
701 -50
702 -50
703 -16
704 -16
705 -16
706 -37
707 -27
708 -51
709 -25
710 -34
711 -16
712 -20
713 -27
714 -34
715 -20
716 -27
717 -31
718 -16
719 -16
720 -16
721 -23
722 -24
723 -27
724 -16
725 -16
726 -31
727 -50
728 -27
729 -16
730 -16
731 -16
732 -16
733 -16
734 -16
735 -31
736 -16
737 -16
738 -51
739 -16
740 -55
741 -55
742 -17
743 -31
744 -25
745 -16
746 -27
747 -50
748 -31
749 -50
750 -50
751 -16
752 -34
753 -34
754 -55
755 -16
756 -31
757 -20
758 -55
759 -37
760 -17
761 -55
762 -34
763 -31
764 -16
765 -20
766 -16
767 -55
768 -59
769 -16
770 -16
771 -17
772 -34
773 -16
774 -17
775 -17
776 -27
777 -50
778 -17
779 -16
780 -51
781 -17
782 -16
783 -27
784 -82
785 -50
786 -16
787 -27
788 -16
789 -27
790 -16
791 -50
792 -55
793 -16
794 -16
795 -16
796 -50
797 -51
798 -17
799 -34
800 -22
801 -34
802 -51
803 -27
804 -16
805 -27
806 -51
807 -51
808 -20
809 -20
810 -51
811 -16
812 -22
813 -59
814 -17
815 -16
816 -34
817 -55
818 -55
819 -20
820 -16
821 -16
822 -16
823 -16
824 -34
825 -50
826 -31
827 -51
828 -16
829 -34
830 -16
831 -16
832 -23
833 -55
834 -51
835 -50
836 -16
837 -31
838 -16
839 -16
840 -35
841 -50
842 -34
843 -24
844 -16
845 -31
846 -51
847 -34
848 -78
849 -16
850 -16
851 -50
852 -16
853 -31
854 -20
855 -17
856 -55
857 -35
858 -16
859 -16
860 -20
861 -55
862 -20
863 -27
864 -52
865 -16
866 -31
867 -16
868 -16
869 -18
870 -59
871 -51
872 -34
873 -34
874 -16
875 -27
876 -20
877 -55
878 -55
879 -16
880 -34
881 -16
882 -50
883 -16
884 -16
885 -51
886 -31
887 -17
888 -16
889 -16
890 -16
891 -16
892 -55
893 -51
894 -17
895 -20
896 -16
897 -16
898 -31
899 -16
900 -31
901 -16
902 -20
903 -50
904 -16
905 -16
906 -16
907 -16
908 -16
909 -20
910 -17
911 -16
912 -55
913 -17
914 -39
915 -50
916 -51
917 -34
918 -55
919 -27
920 -21
921 -51
922 -50
923 -69
924 -27
925 -31
926 -34
927 -51
928 -34
929 -16
930 -20
931 -16
932 -34
933 -55
934 -55
935 -27
936 -21
937 -16
938 -55
939 -16
940 -62
941 -15
942 -50
943 -27
944 -20
945 -50
946 -16
947 -27
948 -31
949 -51
950 -16
951 -16
952 -18
953 -53
954 -16
955 -27
956 -22
957 -51
958 -34
959 -17
960 -50
961 -17
962 -31
963 -34
964 -50
965 -34
966 -50
967 -16
968 -16
969 -27
970 -27
971 -31
972 -46
973 -16
974 -20
975 -34
976 -17
977 -16
978 -16
979 -50
980 -16
981 -51
982 -17
983 -62
984 -16
985 -31
986 -51
987 -16
988 -34
989 -55
990 -51
991 -17
992 -16
993 -51
994 -27
995 -20
996 -16
997 -16
998 -50
999 -51
