0 -43
1 -44
2 -17
3 -44
4 -17
5 -27
6 -40
7 -16
8 -16
9 -16
10 -50
11 -27
12 -17
13 -44
14 -50
15 -16
16 -17
17 -50
18 -55
19 -50
20 -40
21 -50
22 -16
23 -55
24 -17
25 -16
26 -50
27 -27
28 -55
29 -16
30 -55
31 -17
32 -27
33 -16
34 -43
35 -27
36 -30
37 -44
38 -40
39 -55
40 -16
41 -65
42 -50
43 -43
44 -16
45 -27
46 -44
47 -43
48 -16
49 -22
50 -50
51 -17
52 -16
53 -40
54 -43
55 -50
56 -16
57 -16
58 -16
59 -43
60 -27
61 -40
62 -16
63 -50
64 -16
65 -44
66 -40
67 -16
68 -17
69 -51
70 -27
71 -55
72 -17
73 -44
74 -43
75 -55
76 -44
77 -55
78 -16
79 -44
80 -50
81 -16
82 -40
83 -16
84 -43
85 -43
86 -16
87 -50
88 -50
89 -17
90 -43
91 -16
92 -27
93 -19
94 -16
95 -16
96 -55
97 -44
98 -55
99 -16
100 -18
101 -16
102 -43
103 -29
104 -27
105 -52
106 -43
107 -55
108 -16
109 -16
110 -16
111 -40
112 -40
113 -40
114 -55
115 -55
116 -16
117 -44
118 -44
119 -55
120 -27
121 -40
122 -44
123 -55
124 -16
125 -16
126 -55
127 -15
128 -17
129 -40
130 -55
131 -16
132 -27
133 -41
134 -18
135 -50
136 -27
137 -50
138 -50
139 -34
140 -40
141 -17
142 -40
143 -27
144 -40
145 -16
146 -43
147 -44
148 -27
149 -27
150 -50
151 -16
152 -16
153 -16
154 -55
155 -17
156 -50
157 -16
158 -44
159 -18
160 -16
161 -27
162 -44
163 -16
164 -50
165 -16
166 -16
167 -50
168 -43
169 -44
170 -21
171 -43
172 -40
173 -40
174 -63
175 -50
176 -50
177 -55
178 -50
179 -43
180 -43
181 -16
182 -17
183 -50
184 -44
185 -16
186 -36
187 -55
188 -40
189 -16
190 -44
191 -16
192 -17
193 -43
194 -50
195 -43
196 -27
197 -50
198 -52
199 -16
200 -50
201 -44
202 -16
203 -50
204 -40
205 -50
206 -44
207 -16
208 -56
209 -16
210 -87
211 -16
212 -27
213 -27
214 -16
215 -27
216 -50
217 -16
218 -44
219 -40
220 -44
221 -27
222 -44
223 -17
224 -16
225 -44
226 -16
227 -43
228 -16
229 -44
230 -16
231 -50
232 -16
233 -17
234 -16
235 -27
236 -55
237 -55
238 -50
239 -36
240 -40
241 -50
242 -16
243 -16
244 -16
245 -16
246 -27
247 -27
248 -16
249 -16
250 -27
251 -16
252 -50
253 -16
254 -55
255 -44
256 -27
257 -27
258 -92
259 -55
260 -16
261 -18
262 -16
263 -27
264 -44
265 -51
266 -16
267 -43
268 -17
269 -16
270 -43
271 -27
272 -27
273 -55
274 -16
275 -62
276 -43
277 -16
278 -43
279 -16
280 -40
281 -40
282 -43
283 -40
284 -16
285 -27
286 -55
287 -16
288 -55
289 -16
290 -49
291 -16
292 -50
293 -16
294 -26
295 -16
296 -43
297 -16
298 -16
299 -17
300 -56
301 -40
302 -40
303 -16
304 -40
305 -16
306 -44
307 -27
308 -16
309 -50
310 -55
311 -43
312 -17
313 -16
314 -16
315 -44
316 -20
317 -17
318 -48
319 -55
320 -16
321 -40
322 -44
323 -16
324 -21
325 -43
326 -16
327 -16
328 -43
329 -27
330 -43
331 -41
332 -44
333 -50
334 -16
335 -44
336 -55
337 -27
338 -18
339 -62
340 -17
341 -24
342 -27
343 -51
344 -43
345 -17
346 -44
347 -16
348 -55
349 -27
350 -27
351 -27
352 -44
353 -16
354 -16
355 -15
356 -50
357 -55
358 -43
359 -16
360 -16
361 -16
362 -16
363 -16
364 -17
365 -16
366 -48
367 -45
368 -55
369 -27
370 -27
371 -50
372 -55
373 -17
374 -16
375 -16
376 -16
377 -44
378 -40
379 -43
380 -50
381 -16
382 -16
383 -40
384 -55
385 -50
386 -17
387 -44
388 -44
389 -16
390 -27
391 -44
392 -49
393 -16
394 -16
395 -16
396 -16
397 -49
398 -34
399 -27
400 -16
401 -27
402 -27
403 -27
404 -16
405 -37
406 -17
407 -17
408 -16
409 -44
410 -44
411 -16
412 -17
413 -16
414 -18
415 -50
416 -16
417 -16
418 -44
419 -16
420 -16
421 -16
422 -50
423 -55
424 -55
425 -16
426 -16
427 -40
428 -44
429 -16
430 -17
431 -17
432 -16
433 -32
434 -43
435 -16
436 -17
437 -17
438 -18
439 -17
440 -17
441 -16
442 -44
443 -55
444 -16
445 -17
446 -20
447 -45
448 -44
449 -16
450 -16
451 -55
452 -16
453 -43
454 -27
455 -55
456 -44
457 -55
458 -16
459 -16
460 -16
461 -27
462 -16
463 -17
464 -16
465 -16
466 -40
467 -17
468 -16
469 -44
470 -17
471 -17
472 -16
473 -16
474 -31
475 -55
476 -55
477 -16
478 -16
479 -44
480 -55
481 -55
482 -27
483 -55
484 -43
485 -20
486 -16
487 -66
488 -16
489 -16
490 -55
491 -50
492 -16
493 -27
494 -17
495 -40
496 -16
497 -16
498 -43
499 -44
500 -44
501 -50
502 -55
503 -55
504 -27
505 -17
506 -18
507 -27
508 -43
509 -16
510 -45
511 -27
512 -16
513 -43
514 -50
515 -44
516 -38
517 -55
518 -43
519 -43
520 -16
521 -43
522 -27
523 -17
524 -16
525 -55
526 -27
527 -27
528 -16
529 -55
530 -43
531 -27
532 -44
533 -16
534 -40
535 -27
536 -27
537 -46
538 -27
539 -16
540 -43
541 -16
542 -31
543 -50
544 -43
545 -17
546 -16
547 -16
548 -55
549 -16
550 -40
551 -27
552 -50
553 -27
554 -16
555 -16
556 -16
557 -50
558 -17
559 -50
560 -27
561 -16
562 -16
563 -27
564 -43
565 -23
566 -43
567 -50
568 -18
569 -44
570 -16
571 -54
572 -40
573 -50
574 -44
575 -16
576 -55
577 -16
578 -16
579 -50
580 -16
581 -16
582 -51
583 -16
584 -40
585 -16
586 -16
587 -27
588 -16
589 -17
590 -79
591 -40
592 -16
593 -27
594 -27
595 -50
596 -50
597 -16
598 -50
599 -44
600 -17
601 -44
602 -44
603 -27
604 -55
605 -50
606 -16
607 -44
608 -16
609 -16
610 -43
611 -27
612 -50
613 -40
614 -50
615 -27
616 -44
617 -50
618 -16
619 -16
620 -16
621 -16
622 -43
623 -64
624 -50
625 -44
626 -55
627 -27
628 -44
629 -27
630 -44
631 -17
632 -40
633 -27
634 -57
635 -51
636 -16
637 -43
638 -27
639 -43
640 -44
641 -44
642 -17
643 -27
644 -16
645 -16
646 -87
647 -40
648 -16
649 -50
650 -43
651 -27
652 -16
653 -40
654 -39
655 -27
656 -25
657 -43
658 -27
659 -74
660 -43
661 -44
662 -16
663 -27
664 -16
665 -50
666 -44
667 -55
668 -16
669 -16
670 -50
671 -26
672 -16
673 -16
674 -55
675 -27
676 -16
677 -50
678 -16
679 -16
680 -44
681 -16
682 -16
683 -17
684 -43
685 -16
686 -27
687 -16
688 -27
689 -37
690 -16
691 -65
692 -57
693 -44
694 -43
695 -50
696 -17
697 -43
698 -16
699 -55
700 -27
701 -55
702 -16
703 -53
704 -17
705 -16
706 -16
707 -40
708 -16
709 -18
710 -40
711 -16
712 -16
713 -43
714 -50
715 -38
716 -27
717 -44
718 -44
719 -17
720 -27
721 -17
722 -27
723 -55
724 -40
725 -16
726 -27
727 -43
728 -43
729 -40
730 -16
731 -74
732 -40
733 -50
734 -50
735 -20
736 -87
737 -27
738 -16
739 -17
740 -55
741 -16
742 -44
743 -17
744 -17
745 -16
746 -16
747 -50
748 -16
749 -55
750 -54
751 -16
752 -16
753 -16
754 -16
755 -44
756 -16
757 -16
758 -27
759 -16
760 -27
761 -43
762 -16
763 -16
764 -16
765 -44
766 -44
767 -27
768 -27
769 -16
770 -16
771 -16
772 -44
773 -16
774 -16
775 -17
776 -43
777 -44
778 -16
779 -40
780 -40
781 -43
782 -56
783 -55
784 -23
785 -21
786 -16
787 -16
788 -16
789 -62
790 -16
791 -25
792 -16
793 -16
794 -44
795 -40
796 -27
797 -16
798 -43
799 -17
800 -50
801 -18
802 -27
803 -50
804 -16
805 -16
806 -17
807 -16
808 -16
809 -55
810 -18
811 -46
812 -16
813 -16
814 -78
815 -48
816 -17
817 -44
818 -43
819 -43
820 -16
821 -72
822 -43
823 -17
824 -43
825 -55
826 -16
827 -17
828 -46
829 -27
830 -36
831 -43
832 -17
833 -40
834 -16
835 -17
836 -27
837 -50
838 -27
839 -21
840 -17
841 -50
842 -40
843 -16
844 -27
845 -59
846 -16
847 -43
848 -17
849 -55
850 -36
851 -40
852 -59
853 -27
854 -41
855 -16
856 -58
857 -44
858 -16
859 -50
860 -40
861 -40
862 -16
863 -16
864 -55
865 -16
866 -43
867 -16
868 -16
869 -16
870 -43
871 -17
872 -34
873 -27
874 -16
875 -16
876 -16
877 -15
878 -43
879 -44
880 -27
881 -17
882 -43
883 -17
884 -44
885 -17
886 -29
887 -40
888 -16
889 -18
890 -73
891 -17
892 -49
893 -40
894 -16
895 -43
896 -43
897 -29
898 -50
899 -40
900 -27
901 -16
902 -44
903 -46
904 -17
905 -49
906 -44
907 -17
908 -43
909 -56
910 -39
911 -16
912 -17
913 -44
914 -17
915 -17
916 -16
917 -35
918 -27
919 -40
920 -50
921 -17
922 -43
923 -50
924 -21
925 -17
926 -43
927 -50
928 -16
929 -27
930 -16
931 -16
932 -27
933 -27
934 -44
935 -16
936 -16
937 -27
938 -17
939 -43
940 -16
941 -43
942 -35
943 -55
944 -44
945 -44
946 -40
947 -27
948 -40
949 -55
950 -17
951 -50
952 -55
953 -55
954 -40
955 -27
956 -55
957 -27
958 -16
959 -44
960 -64
961 -16
962 -20
963 -34
964 -18
965 -43
966 -16
967 -55
968 -32
969 -27
970 -27
971 -16
972 -27
973 -40
974 -44
975 -40
976 -19
977 -55
978 -16
979 -16
980 -50
981 -40
982 -43
983 -16
984 -55
985 -16
986 -40
987 -27
988 -16
989 -27
990 -40
991 -17
992 -87
993 -27
994 -16
995 -43
996 -16
997 -50
998 -16
999 -18
