0 -16
1 -17
2 -51
3 -16
4 -35
5 -25
6 -17
7 -35
8 -50
9 -34
10 -35
11 -34
12 -34
13 -41
14 -34
15 -41
16 -51
17 -16
18 -16
19 -16
20 -37
21 -51
22 -25
23 -35
24 -41
25 -55
26 -16
27 -55
28 -16
29 -17
30 -17
31 -92
32 -35
33 -55
34 -41
35 -17
36 -34
37 -25
38 -17
39 -18
40 -16
41 -35
42 -17
43 -25
44 -51
45 -16
46 -16
47 -41
48 -26
49 -50
50 -16
51 -25
52 -16
53 -16
54 -16
55 -37
56 -41
57 -16
58 -16
59 -17
60 -51
61 -16
62 -20
63 -55
64 -35
65 -16
66 -50
67 -34
68 -16
69 -25
70 -25
71 -41
72 -51
73 -24
74 -17
75 -35
76 -41
77 -16
78 -16
79 -16
80 -55
81 -41
82 -56
83 -41
84 -35
85 -51
86 -50
87 -16
88 -41
89 -35
90 -41
91 -16
92 -35
93 -17
94 -16
95 -55
96 -25
97 -50
98 -17
99 -34
100 -34
101 -55
102 -55
103 -25
104 -25
105 -35
106 -16
107 -16
108 -16
109 -35
110 -16
111 -41
112 -55
113 -16
114 -55
115 -51
116 -55
117 -51
118 -50
119 -34
120 -25
121 -16
122 -35
123 -25
124 -16
125 -40
126 -56
127 -25
128 -22
129 -16
130 -51
131 -34
132 -34
133 -34
134 -25
135 -50
136 -16
137 -25
138 -16
139 -55
140 -17
141 -16
142 -41
143 -16
144 -55
145 -50
146 -41
147 -33
148 -25
149 -34
150 -57
151 -46
152 -25
153 -42
154 -25
155 -55
156 -16
157 -17
158 -55
159 -17
160 -35
161 -55
162 -16
163 -16
164 -16
165 -16
166 -51
167 -17
168 -51
169 -16
170 -50
171 -41
172 -16
173 -41
174 -55
175 -17
176 -18
177 -82
178 -50
179 -16
180 -51
181 -55
182 -55
183 -17
184 -50
185 -17
186 -50
187 -55
188 -17
189 -42
190 -25
191 -34
192 -17
193 -16
194 -35
195 -50
196 -16
197 -51
198 -34
199 -51
200 -51
201 -50
202 -41
203 -17
204 -41
205 -17
206 -16
207 -50
208 -16
209 -41
210 -16
211 -16
212 -18
213 -50
214 -41
215 -34
216 -16
217 -50
218 -35
219 -41
220 -55
221 -25
222 -35
223 -50
224 -34
225 -35
226 -41
227 -16
228 -25
229 -34
230 -17
231 -35
232 -35
233 -25
234 -50
235 -34
236 -16
237 -16
238 -25
239 -50
240 -25
241 -16
242 -55
243 -18
244 -34
245 -25
246 -16
247 -25
248 -16
249 -41
250 -16
251 -41
252 -25
253 -16
254 -35
255 -16
256 -34
257 -16
258 -41
259 -16
260 -25
261 -40
262 -34
263 -16
264 -51
265 -16
266 -50
267 -17
268 -35
269 -25
270 -16
271 -41
272 -34
273 -16
274 -35
275 -16
276 -19
277 -16
278 -16
279 -51
280 -17
281 -50
282 -16
283 -25
284 -16
285 -35
286 -55
287 -25
288 -25
289 -17
290 -50
291 -16
292 -35
293 -25
294 -16
295 -50
296 -16
297 -32
298 -35
299 -35
300 -50
301 -41
302 -16
303 -55
304 -42
305 -51
306 -16
307 -16
308 -35
309 -16
310 -16
311 -51
312 -16
313 -50
314 -35
315 -16
316 -16
317 -51
318 -17
319 -16
320 -34
321 -17
322 -25
323 -16
324 -17
325 -35
326 -35
327 -16
328 -16
329 -27
330 -41
331 -17
332 -35
333 -35
334 -16
335 -16
336 -17
337 -25
338 -34
339 -16
340 -35
341 -50
342 -50
343 -25
344 -35
345 -35
346 -48
347 -16
348 -16
349 -25
350 -41
351 -25
352 -32
353 -35
354 -16
355 -16
356 -17
357 -41
358 -55
359 -50
360 -55
361 -25
362 -55
363 -16
364 -17
365 -35
366 -16
367 -17
368 -25
369 -50
370 -16
371 -16
372 -17
373 -16
374 -34
375 -17
376 -34
377 -34
378 -16
379 -35
380 -50
381 -50
382 -16
383 -51
384 -21
385 -16
386 -41
387 -41
388 -34
389 -16
390 -50
391 -50
392 -20
393 -25
394 -34
395 -34
396 -50
397 -50
398 -51
399 -55
400 -16
401 -34
402 -34
403 -41
404 -60
405 -54
406 -34
407 -41
408 -54
409 -25
410 -16
411 -25
412 -18
413 -34
414 -35
415 -35
416 -16
417 -17
418 -25
419 -50
420 -30
421 -34
422 -50
423 -35
424 -16
425 -17
426 -43
427 -34
428 -40
429 -16
430 -38
431 -25
432 -41
433 -50
434 -41
435 -35
436 -41
437 -51
438 -16
439 -65
440 -34
441 -25
442 -16
443 -16
444 -41
445 -16
446 -50
447 -35
448 -68
449 -35
450 -34
451 -34
452 -55
453 -34
454 -16
455 -16
456 -50
457 -48
458 -25
459 -55
460 -16
461 -24
462 -35
463 -54
464 -65
465 -19
466 -51
467 -16
468 -55
469 -49
470 -25
471 -50
472 -25
473 -41
474 -25
475 -51
476 -17
477 -41
478 -41
479 -16
480 -16
481 -16
482 -16
483 -35
484 -50
485 -50
486 -55
487 -25
488 -51
489 -51
490 -17
491 -17
492 -41
493 -16
494 -38
495 -34
496 -16
497 -34
498 -25
499 -41
500 -16
501 -16
502 -35
503 -16
504 -50
505 -55
506 -34
507 -34
508 -39
509 -55
510 -55
511 -16
512 -50
513 -34
514 -29
515 -17
516 -25
517 -51
518 -36
519 -50
520 -27
521 -41
522 -34
523 -51
524 -16
525 -34
526 -16
527 -35
528 -17
529 -55
530 -58
531 -16
532 -25
533 -55
534 -22
535 -50
536 -20
537 -16
538 -55
539 -41
540 -16
541 -60
542 -51
543 -16
544 -41
545 -16
546 -41
547 -55
548 -16
549 -37
550 -17
551 -25
552 -17
553 -50
554 -16
555 -16
556 -35
557 -41
558 -41
559 -51
560 -41
561 -59
562 -17
563 -41
564 -17
565 -51
566 -34
567 -55
568 -16
569 -16
570 -25
571 -35
572 -16
573 -16
574 -16
575 -35
576 -16
577 -59
578 -51
579 -16
580 -21
581 -35
582 -41
583 -16
584 -16
585 -35
586 -50
587 -55
588 -16
589 -50
590 -16
591 -41
592 -16
593 -16
594 -41
595 -35
596 -16
597 -16
598 -16
599 -28
600 -51
601 -35
602 -16
603 -50
604 -16
605 -17
606 -35
607 -17
608 -16
609 -50
610 -29
611 -55
612 -16
613 -51
614 -55
615 -16
616 -41
617 -16
618 -58
619 -34
620 -50
621 -16
622 -50
623 -25
624 -55
625 -51
626 -16
627 -51
628 -34
629 -50
630 -16
631 -51
632 -50
633 -55
634 -34
635 -16
636 -51
637 -35
638 -34
639 -17
640 -16
641 -16
642 -34
643 -25
644 -50
645 -35
646 -50
647 -17
648 -16
649 -16
650 -16
651 -51
652 -17
653 -16
654 -31
655 -31
656 -25
657 -35
658 -16
659 -25
660 -25
661 -16
662 -17
663 -35
664 -34
665 -50
666 -55
667 -34
668 -51
669 -34
670 -50
671 -16
672 -16
673 -62
674 -55
675 -50
676 -16
677 -25
678 -34
679 -16
680 -35
681 -55
682 -34
683 -41
684 -28
685 -35
686 -55
687 -41
688 -20
689 -51
690 -35
691 -16
692 -20
693 -16
694 -34
695 -51
696 -34
697 -55
698 -41
699 -16
700 -34
701 -16
702 -41
703 -16
704 -58
705 -50
706 -16
707 -50
708 -34
709 -34
710 -17
711 -55
712 -16
713 -25
714 -35
715 -41
716 -17
717 -51
718 -18
719 -25
720 -50
721 -16
722 -16
723 -51
724 -16
725 -19
726 -16
727 -50
728 -27
729 -16
730 -34
731 -34
732 -23
733 -34
734 -41
735 -35
736 -16
737 -50
738 -16
739 -25
740 -16
741 -16
742 -16
743 -34
744 -41
745 -34
746 -17
747 -16
748 -17
749 -16
750 -26
751 -25
752 -50
753 -35
754 -17
755 -46
756 -16
757 -17
758 -35
759 -25
760 -17
761 -16
762 -20
763 -16
764 -55
765 -42
766 -48
767 -55
768 -17
769 -51
770 -55
771 -25
772 -25
773 -34
774 -16
775 -17
776 -34
777 -51
778 -50
779 -55
780 -16
781 -16
782 -25
783 -20
784 -55
785 -16
786 -25
787 -16
788 -50
789 -16
790 -51
791 -55
792 -25
793 -16
794 -55
795 -55
796 -41
797 -55
798 -34
799 -25
800 -16
801 -16
802 -16
803 -16
804 -16
805 -35
806 -55
807 -55
808 -68
809 -16
810 -50
811 -50
812 -18
813 -17
814 -41
815 -51
816 -25
817 -48
818 -16
819 -24
820 -41
821 -41
822 -16
823 -51
824 -16
825 -35
826 -51
827 -55
828 -55
829 -35
830 -17
831 -51
832 -55
833 -20
834 -26
835 -16
836 -16
837 -16
838 -50
839 -35
840 -41
841 -25
842 -50
843 -16
844 -33
845 -16
846 -16
847 -16
848 -16
849 -50
850 -50
851 -16
852 -51
853 -25
854 -55
855 -51
856 -55
857 -25
858 -23
859 -50
860 -50
861 -16
862 -16
863 -16
864 -55
865 -55
866 -34
867 -41
868 -17
869 -51
870 -17
871 -17
872 -35
873 -39
874 -55
875 -25
876 -87
877 -27
878 -51
879 -51
880 -34
881 -50
882 -34
883 -51
884 -51
885 -34
886 -17
887 -25
888 -50
889 -41
890 -50
891 -16
892 -16
893 -16
894 -37
895 -55
896 -87
897 -25
898 -16
899 -55
900 -50
901 -35
902 -16
903 -16
904 -16
905 -50
906 -50
907 -41
908 -50
909 -25
910 -16
911 -41
912 -20
913 -55
914 -51
915 -16
916 -16
917 -36
918 -16
919 -17
920 -41
921 -16
922 -53
923 -16
924 -16
925 -41
926 -51
927 -55
928 -16
929 -50
930 -30
931 -35
932 -16
933 -34
934 -16
935 -68
936 -16
937 -42
938 -16
939 -16
940 -35
941 -17
942 -41
943 -16
944 -41
945 -25
946 -35
947 -34
948 -16
949 -17
950 -50
951 -77
952 -16
953 -17
954 -16
955 -25
956 -17
957 -25
958 -35
959 -25
960 -55
961 -35
962 -50
963 -16
964 -50
965 -51
966 -16
967 -41
968 -31
969 -17
970 -34
971 -50
972 -34
973 -55
974 -26
975 -50
976 -25
977 -50
978 -55
979 -41
980 -76
981 -16
982 -17
983 -35
984 -55
985 -23
986 -50
987 -16
988 -41
989 -25
990 -51
991 -16
992 -16
993 -16
994 -39
995 -35
996 -16
997 -16
998 -25
999 -35
