0 -24
1 -27
2 -16
3 -15
4 -17
5 -13
6 -50
7 -15
8 -16
9 -33
10 -33
11 -50
12 -16
13 -15
14 -15
15 -16
16 -50
17 -32
18 -55
19 -23
20 -16
21 -27
22 -66
23 -17
24 -16
25 -20
26 -24
27 -16
28 -16
29 -33
30 -16
31 -16
32 -16
33 -50
34 -55
35 -17
36 -16
37 -16
38 -27
39 -24
40 -16
41 -24
42 -16
43 -15
44 -16
45 -16
46 -17
47 -33
48 -39
49 -24
50 -16
51 -16
52 -50
53 -16
54 -15
55 -17
56 -16
57 -27
58 -15
59 -15
60 -16
61 -15
62 -41
63 -16
64 -16
65 -33
66 -50
67 -15
68 -50
69 -24
70 -15
71 -50
72 -24
73 -16
74 -16
75 -33
76 -15
77 -55
78 -17
79 -15
80 -50
81 -17
82 -17
83 -15
84 -15
85 -16
86 -49
87 -16
88 -24
89 -33
90 -27
91 -15
92 -33
93 -16
94 -25
95 -16
96 -33
97 -24
98 -17
99 -15
100 -17
101 -15
102 -55
103 -16
104 -16
105 -55
106 -55
107 -24
108 -28
109 -50
110 -27
111 -55
112 -24
113 -16
114 -18
115 -55
116 -54
117 -24
118 -16
119 -39
120 -16
121 -55
122 -50
123 -50
124 -17
125 -55
126 -15
127 -28
128 -37
129 -31
130 -33
131 -16
132 -17
133 -20
134 -33
135 -15
136 -55
137 -16
138 -16
139 -24
140 -16
141 -34
142 -16
143 -42
144 -16
145 -27
146 -15
147 -15
148 -47
149 -24
150 -24
151 -16
152 -17
153 -50
154 -55
155 -21
156 -16
157 -16
158 -50
159 -17
160 -24
161 -24
162 -55
163 -50
164 -48
165 -24
166 -27
167 -16
168 -15
169 -55
170 -15
171 -15
172 -16
173 -50
174 -15
175 -16
176 -50
177 -55
178 -17
179 -50
180 -15
181 -24
182 -50
183 -27
184 -55
185 -50
186 -55
187 -16
188 -17
189 -27
190 -17
191 -51
192 -15
193 -45
194 -55
195 -17
196 -50
197 -41
198 -16
199 -27
200 -27
201 -15
202 -33
203 -33
204 -15
205 -24
206 -33
207 -16
208 -16
209 -24
210 -33
211 -15
212 -16
213 -55
214 -50
215 -50
216 -15
217 -16
218 -50
219 -43
220 -27
221 -15
222 -15
223 -15
224 -27
225 -55
226 -27
227 -32
228 -27
229 -16
230 -16
231 -15
232 -30
233 -16
234 -16
235 -50
236 -55
237 -16
238 -27
239 -53
240 -15
241 -15
242 -27
243 -33
244 -50
245 -27
246 -16
247 -16
248 -24
249 -33
250 -17
251 -16
252 -55
253 -17
254 -55
255 -33
256 -16
257 -16
258 -33
259 -16
260 -24
261 -27
262 -33
263 -19
264 -33
265 -55
266 -20
267 -17
268 -16
269 -16
270 -15
271 -50
272 -17
273 -27
274 -33
275 -24
276 -16
277 -15
278 -33
279 -50
280 -17
281 -24
282 -55
283 -27
284 -16
285 -15
286 -16
287 -16
288 -16
289 -62
290 -24
291 -17
292 -27
293 -33
294 -15
295 -16
296 -21
297 -16
298 -33
299 -17
300 -15
301 -50
302 -33
303 -50
304 -16
305 -50
306 -27
307 -16
308 -50
309 -24
310 -24
311 -50
312 -16
313 -27
314 -50
315 -15
316 -16
317 -16
318 -27
319 -24
320 -17
321 -16
322 -16
323 -17
324 -16
325 -17
326 -16
327 -24
328 -55
329 -50
330 -55
331 -16
332 -16
333 -50
334 -50
335 -16
336 -17
337 -55
338 -15
339 -55
340 -15
341 -15
342 -55
343 -17
344 -50
345 -15
346 -15
347 -15
348 -24
349 -15
350 -17
351 -16
352 -16
353 -20
354 -33
355 -33
356 -16
357 -15
358 -16
359 -55
360 -16
361 -15
362 -17
363 -16
364 -16
365 -16
366 -51
367 -16
368 -33
369 -16
370 -27
371 -17
372 -16
373 -24
374 -33
375 -33
376 -16
377 -23
378 -24
379 -60
380 -24
381 -15
382 -33
383 -15
384 -55
385 -24
386 -27
387 -33
388 -50
389 -16
390 -16
391 -16
392 -27
393 -24
394 -17
395 -17
396 -87
397 -16
398 -15
399 -16
400 -16
401 -28
402 -16
403 -17
404 -33
405 -27
406 -33
407 -55
408 -15
409 -48
410 -15
411 -33
412 -15
413 -55
414 -17
415 -17
416 -15
417 -17
418 -24
419 -27
420 -33
421 -17
422 -24
423 -17
424 -16
425 -33
426 -16
427 -56
428 -50
429 -17
430 -51
431 -15
432 -22
433 -16
434 -27
435 -55
436 -50
437 -17
438 -16
439 -24
440 -55
441 -24
442 -16
443 -59
444 -33
445 -15
446 -50
447 -15
448 -16
449 -16
450 -27
451 -50
452 -27
453 -50
454 -16
455 -33
456 -33
457 -23
458 -15
459 -15
460 -15
461 -17
462 -15
463 -16
464 -65
465 -17
466 -16
467 -16
468 -15
469 -50
470 -50
471 -50
472 -50
473 -15
474 -15
475 -27
476 -27
477 -15
478 -55
479 -55
480 -43
481 -15
482 -15
483 -27
484 -17
485 -50
486 -33
487 -24
488 -16
489 -24
490 -16
491 -17
492 -17
493 -17
494 -16
495 -33
496 -27
497 -15
498 -35
499 -17
500 -24
501 -16
502 -59
503 -43
504 -16
505 -24
506 -55
507 -16
508 -16
509 -18
510 -17
511 -16
512 -33
513 -24
514 -27
515 -19
516 -27
517 -15
518 -24
519 -24
520 -15
521 -27
522 -16
523 -16
524 -16
525 -24
526 -27
527 -15
528 -24
529 -15
530 -16
531 -17
532 -50
533 -15
534 -16
535 -27
536 -15
537 -55
538 -24
539 -16
540 -15
541 -24
542 -15
543 -27
544 -15
545 -27
546 -15
547 -27
548 -16
549 -50
550 -40
551 -16
552 -16
553 -55
554 -17
555 -17
556 -15
557 -16
558 -50
559 -65
560 -27
561 -27
562 -50
563 -18
564 -27
565 -55
566 -16
567 -50
568 -55
569 -16
570 -16
571 -16
572 -52
573 -16
574 -16
575 -65
576 -50
577 -16
578 -55
579 -16
580 -17
581 -16
582 -16
583 -27
584 -17
585 -16
586 -24
587 -16
588 -15
589 -50
590 -16
591 -16
592 -16
593 -24
594 -17
595 -15
596 -33
597 -15
598 -50
599 -25
600 -15
601 -17
602 -58
603 -48
604 -15
605 -33
606 -16
607 -17
608 -15
609 -50
610 -15
611 -17
612 -16
613 -50
614 -33
615 -15
616 -27
617 -17
618 -35
619 -24
620 -17
621 -27
622 -16
623 -24
624 -15
625 -17
626 -16
627 -33
628 -15
629 -27
630 -24
631 -17
632 -15
633 -50
634 -16
635 -27
636 -33
637 -15
638 -24
639 -27
640 -27
641 -18
642 -27
643 -16
644 -27
645 -50
646 -15
647 -16
648 -50
649 -15
650 -15
651 -16
652 -16
653 -27
654 -17
655 -16
656 -15
657 -33
658 -15
659 -15
660 -15
661 -16
662 -55
663 -15
664 -15
665 -15
666 -15
667 -16
668 -16
669 -27
670 -15
671 -24
672 -24
673 -16
674 -17
675 -55
676 -50
677 -16
678 -24
679 -55
680 -20
681 -50
682 -24
683 -33
684 -27
685 -24
686 -16
687 -24
688 -15
689 -55
690 -24
691 -15
692 -15
693 -24
694 -19
695 -33
696 -16
697 -16
698 -50
699 -15
700 -24
701 -33
702 -55
703 -16
704 -16
705 -15
706 -15
707 -50
708 -27
709 -16
710 -15
711 -27
712 -16
713 -15
714 -16
715 -55
716 -27
717 -16
718 -55
719 -16
720 -55
721 -17
722 -27
723 -55
724 -16
725 -16
726 -24
727 -23
728 -17
729 -33
730 -16
731 -50
732 -50
733 -24
734 -33
735 -27
736 -15
737 -27
738 -18
739 -16
740 -17
741 -55
742 -17
743 -16
744 -16
745 -55
746 -16
747 -16
748 -16
749 -55
750 -55
751 -15
752 -24
753 -16
754 -40
755 -55
756 -16
757 -21
758 -16
759 -24
760 -27
761 -15
762 -16
763 -24
764 -16
765 -16
766 -16
767 -17
768 -55
769 -17
770 -24
771 -16
772 -24
773 -50
774 -17
775 -53
776 -33
777 -15
778 -24
779 -16
780 -33
781 -24
782 -50
783 -24
784 -55
785 -16
786 -33
787 -24
788 -21
789 -27
790 -27
791 -15
792 -48
793 -16
794 -33
795 -50
796 -36
797 -17
798 -17
799 -15
800 -50
801 -33
802 -50
803 -16
804 -27
805 -17
806 -50
807 -50
808 -15
809 -17
810 -33
811 -55
812 -17
813 -37
814 -27
815 -17
816 -27
817 -55
818 -17
819 -50
820 -15
821 -33
822 -50
823 -15
824 -16
825 -33
826 -15
827 -15
828 -16
829 -17
830 -15
831 -55
832 -27
833 -16
834 -50
835 -24
836 -24
837 -27
838 -24
839 -16
840 -16
841 -15
842 -15
843 -27
844 -27
845 -27
846 -16
847 -15
848 -15
849 -33
850 -66
851 -16
852 -16
853 -15
854 -15
855 -33
856 -55
857 -82
858 -50
859 -15
860 -15
861 -16
862 -16
863 -15
864 -55
865 -15
866 -50
867 -33
868 -48
869 -27
870 -16
871 -55
872 -16
873 -47
874 -17
875 -27
876 -16
877 -16
878 -50
879 -27
880 -17
881 -33
882 -16
883 -15
884 -15
885 -16
886 -27
887 -16
888 -15
889 -16
890 -35
891 -33
892 -50
893 -16
894 -55
895 -24
896 -15
897 -15
898 -35
899 -50
900 -55
901 -16
902 -16
903 -15
904 -17
905 -16
906 -33
907 -50
908 -33
909 -15
910 -16
911 -33
912 -16
913 -15
914 -17
915 -33
916 -16
917 -15
918 -16
919 -16
920 -15
921 -16
922 -27
923 -55
924 -50
925 -27
926 -17
927 -33
928 -38
929 -33
930 -15
931 -15
932 -27
933 -17
934 -16
935 -17
936 -33
937 -16
938 -15
939 -27
940 -27
941 -27
942 -17
943 -48
944 -16
945 -35
946 -15
947 -27
948 -16
949 -16
950 -24
951 -16
952 -16
953 -50
954 -50
955 -16
956 -16
957 -19
958 -55
959 -17
960 -16
961 -16
962 -15
963 -42
964 -33
965 -50
966 -55
967 -24
968 -16
969 -17
970 -27
971 -33
972 -33
973 -15
974 -15
975 -27
976 -24
977 -16
978 -16
979 -16
980 -16
981 -17
982 -15
983 -15
984 -16
985 -55
986 -15
987 -15
988 -27
989 -48
990 -15
991 -24
992 -50
993 -15
994 -16
995 -24
996 -16
997 -17
998 -15
999 -55
