0 -15
1 -24
2 -50
3 -33
4 -55
5 -50
6 -16
7 -27
8 -60
9 -16
10 -15
11 -15
12 -16
13 -50
14 -50
15 -50
16 -19
17 -24
18 -19
19 -55
20 -15
21 -15
22 -50
23 -50
24 -55
25 -15
26 -28
27 -24
28 -16
29 -16
30 -16
31 -55
32 -24
33 -16
34 -17
35 -33
36 -24
37 -33
38 -17
39 -15
40 -19
41 -50
42 -27
43 -16
44 -16
45 -15
46 -55
47 -17
48 -17
49 -16
50 -16
51 -24
52 -47
53 -17
54 -16
55 -16
56 -50
57 -21
58 -17
59 -55
60 -24
61 -17
62 -15
63 -16
64 -33
65 -17
66 -24
67 -50
68 -27
69 -27
70 -50
71 -55
72 -16
73 -16
74 -13
75 -15
76 -33
77 -33
78 -15
79 -33
80 -18
81 -44
82 -55
83 -16
84 -17
85 -17
86 -15
87 -51
88 -20
89 -15
90 -15
91 -16
92 -16
93 -27
94 -16
95 -16
96 -33
97 -18
98 -18
99 -50
100 -15
101 -15
102 -33
103 -55
104 -24
105 -15
106 -33
107 -16
108 -15
109 -17
110 -50
111 -33
112 -15
113 -24
114 -15
115 -55
116 -16
117 -50
118 -24
119 -16
120 -15
121 -16
122 -24
123 -16
124 -55
125 -33
126 -50
127 -33
128 -33
129 -17
130 -16
131 -15
132 -16
133 -17
134 -16
135 -15
136 -55
137 -27
138 -15
139 -50
140 -55
141 -15
142 -16
143 -41
144 -29
145 -16
146 -15
147 -16
148 -16
149 -15
150 -33
151 -52
152 -50
153 -15
154 -16
155 -16
156 -16
157 -16
158 -15
159 -35
160 -50
161 -16
162 -27
163 -53
164 -15
165 -49
166 -24
167 -15
168 -16
169 -15
170 -16
171 -55
172 -27
173 -16
174 -24
175 -17
176 -33
177 -63
178 -23
179 -24
180 -15
181 -15
182 -16
183 -27
184 -17
185 -16
186 -24
187 -16
188 -15
189 -16
190 -16
191 -17
192 -33
193 -55
194 -24
195 -15
196 -16
197 -17
198 -24
199 -16
200 -16
201 -16
202 -23
203 -15
204 -27
205 -50
206 -15
207 -27
208 -27
209 -20
210 -15
211 -27
212 -15
213 -27
214 -16
215 -16
216 -17
217 -24
218 -55
219 -16
220 -17
221 -16
222 -27
223 -33
224 -55
225 -55
226 -27
227 -16
228 -16
229 -16
230 -24
231 -24
232 -16
233 -16
234 -55
235 -20
236 -16
237 -15
238 -55
239 -24
240 -41
241 -38
242 -33
243 -92
244 -50
245 -50
246 -16
247 -27
248 -17
249 -24
250 -16
251 -16
252 -15
253 -15
254 -24
255 -50
256 -33
257 -16
258 -42
259 -24
260 -15
261 -50
262 -16
263 -16
264 -16
265 -42
266 -15
267 -16
268 -33
269 -15
270 -23
271 -33
272 -60
273 -17
274 -56
275 -24
276 -27
277 -15
278 -50
279 -16
280 -16
281 -50
282 -20
283 -33
284 -33
285 -16
286 -16
287 -17
288 -50
289 -55
290 -40
291 -24
292 -24
293 -27
294 -16
295 -21
296 -15
297 -16
298 -33
299 -15
300 -15
301 -17
302 -15
303 -16
304 -27
305 -16
306 -27
307 -55
308 -50
309 -37
310 -33
311 -16
312 -50
313 -55
314 -16
315 -55
316 -40
317 -16
318 -16
319 -16
320 -33
321 -27
322 -15
323 -15
324 -24
325 -55
326 -15
327 -33
328 -16
329 -33
330 -16
331 -24
332 -15
333 -33
334 -15
335 -29
336 -16
337 -33
338 -29
339 -24
340 -17
341 -33
342 -27
343 -24
344 -17
345 -15
346 -55
347 -33
348 -15
349 -50
350 -55
351 -17
352 -27
353 -15
354 -33
355 -50
356 -55
357 -16
358 -16
359 -17
360 -15
361 -29
362 -27
363 -50
364 -15
365 -15
366 -50
367 -15
368 -17
369 -16
370 -66
371 -24
372 -33
373 -50
374 -15
375 -15
376 -16
377 -16
378 -50
379 -55
380 -15
381 -15
382 -16
383 -24
384 -23
385 -16
386 -16
387 -50
388 -33
389 -55
390 -15
391 -16
392 -50
393 -33
394 -50
395 -22
396 -33
397 -15
398 -16
399 -33
400 -16
401 -55
402 -55
403 -27
404 -15
405 -55
406 -21
407 -33
408 -23
409 -16
410 -33
411 -15
412 -16
413 -15
414 -16
415 -16
416 -87
417 -15
418 -16
419 -19
420 -50
421 -50
422 -55
423 -20
424 -16
425 -33
426 -16
427 -16
428 -15
429 -16
430 -17
431 -16
432 -16
433 -33
434 -16
435 -16
436 -27
437 -50
438 -48
439 -16
440 -15
441 -27
442 -16
443 -33
444 -15
445 -27
446 -33
447 -17
448 -33
449 -24
450 -55
451 -17
452 -55
453 -15
454 -16
455 -33
456 -50
457 -24
458 -15
459 -15
460 -16
461 -15
462 -59
463 -24
464 -27
465 -15
466 -15
467 -33
468 -16
469 -24
470 -16
471 -55
472 -27
473 -50
474 -27
475 -16
476 -50
477 -16
478 -50
479 -17
480 -16
481 -17
482 -27
483 -33
484 -41
485 -33
486 -27
487 -55
488 -24
489 -72
490 -24
491 -15
492 -33
493 -24
494 -33
495 -15
496 -16
497 -16
498 -34
499 -36
500 -55
501 -16
502 -55
503 -24
504 -16
505 -16
506 -24
507 -17
508 -16
509 -50
510 -87
511 -50
512 -16
513 -27
514 -41
515 -50
516 -33
517 -27
518 -24
519 -15
520 -15
521 -55
522 -24
523 -24
524 -15
525 -16
526 -50
527 -33
528 -24
529 -24
530 -15
531 -16
532 -15
533 -24
534 -16
535 -15
536 -55
537 -15
538 -24
539 -50
540 -50
541 -16
542 -50
543 -57
544 -50
545 -33
546 -33
547 -24
548 -16
549 -17
550 -16
551 -27
552 -15
553 -27
554 -24
555 -27
556 -15
557 -33
558 -17
559 -27
560 -17
561 -16
562 -16
563 -24
564 -15
565 -33
566 -16
567 -16
568 -27
569 -27
570 -15
571 -24
572 -50
573 -16
574 -15
575 -27
576 -57
577 -16
578 -15
579 -55
580 -16
581 -33
582 -24
583 -15
584 -16
585 -15
586 -15
587 -50
588 -16
589 -29
590 -33
591 -54
592 -17
593 -15
594 -55
595 -16
596 -55
597 -16
598 -16
599 -55
600 -17
601 -27
602 -19
603 -27
604 -15
605 -15
606 -15
607 -32
608 -27
609 -16
610 -55
611 -25
612 -16
613 -16
614 -24
615 -15
616 -55
617 -17
618 -33
619 -55
620 -27
621 -24
622 -50
623 -20
624 -16
625 -40
626 -50
627 -16
628 -33
629 -33
630 -50
631 -50
632 -50
633 -32
634 -15
635 -15
636 -16
637 -15
638 -16
639 -16
640 -55
641 -50
642 -16
643 -15
644 -15
645 -16
646 -24
647 -16
648 -24
649 -33
650 -16
651 -50
652 -27
653 -15
654 -15
655 -15
656 -17
657 -50
658 -50
659 -15
660 -17
661 -15
662 -15
663 -16
664 -55
665 -55
666 -15
667 -16
668 -33
669 -33
670 -33
671 -55
672 -15
673 -16
674 -33
675 -27
676 -24
677 -15
678 -16
679 -16
680 -15
681 -16
682 -27
683 -16
684 -15
685 -55
686 -16
687 -17
688 -54
689 -50
690 -24
691 -16
692 -24
693 -50
694 -16
695 -33
696 -15
697 -16
698 -58
699 -33
700 -33
701 -16
702 -27
703 -27
704 -55
705 -27
706 -17
707 -17
708 -50
709 -24
710 -15
711 -16
712 -16
713 -17
714 -16
715 -47
716 -46
717 -15
718 -50
719 -16
720 -55
721 -15
722 -15
723 -16
724 -55
725 -16
726 -17
727 -34
728 -16
729 -27
730 -16
731 -24
732 -16
733 -33
734 -32
735 -15
736 -27
737 -24
738 -15
739 -55
740 -16
741 -15
742 -55
743 -27
744 -17
745 -27
746 -15
747 -55
748 -27
749 -68
750 -55
751 -16
752 -55
753 -15
754 -61
755 -16
756 -33
757 -15
758 -15
759 -17
760 -24
761 -16
762 -50
763 -92
764 -15
765 -50
766 -33
767 -15
768 -15
769 -51
770 -15
771 -16
772 -16
773 -17
774 -16
775 -24
776 -50
777 -33
778 -16
779 -27
780 -15
781 -15
782 -50
783 -24
784 -16
785 -55
786 -24
787 -27
788 -16
789 -16
790 -16
791 -50
792 -55
793 -24
794 -15
795 -15
796 -15
797 -24
798 -15
799 -16
800 -16
801 -50
802 -55
803 -50
804 -33
805 -33
806 -24
807 -27
808 -27
809 -50
810 -17
811 -27
812 -50
813 -16
814 -16
815 -55
816 -16
817 -15
818 -50
819 -24
820 -16
821 -16
822 -16
823 -50
824 -16
825 -15
826 -15
827 -55
828 -33
829 -15
830 -16
831 -27
832 -33
833 -33
834 -15
835 -16
836 -16
837 -27
838 -55
839 -33
840 -24
841 -50
842 -16
843 -17
844 -15
845 -33
846 -15
847 -50
848 -16
849 -16
850 -16
851 -50
852 -15
853 -100
854 -16
855 -15
856 -33
857 -16
858 -16
859 -47
860 -27
861 -50
862 -15
863 -16
864 -50
865 -24
866 -27
867 -16
868 -17
869 -15
870 -15
871 -55
872 -15
873 -55
874 -17
875 -16
876 -16
877 -15
878 -16
879 -33
880 -50
881 -17
882 -16
883 -16
884 -15
885 -15
886 -16
887 -40
888 -27
889 -33
890 -24
891 -20
892 -33
893 -15
894 -16
895 -15
896 -27
897 -55
898 -50
899 -16
900 -16
901 -16
902 -18
903 -15
904 -33
905 -27
906 -33
907 -27
908 -27
909 -16
910 -17
911 -27
912 -33
913 -16
914 -33
915 -24
916 -33
917 -16
918 -33
919 -50
920 -50
921 -15
922 -55
923 -50
924 -15
925 -33
926 -24
927 -16
928 -33
929 -33
930 -75
931 -17
932 -17
933 -17
934 -33
935 -16
936 -55
937 -17
938 -16
939 -55
940 -24
941 -16
942 -50
943 -16
944 -33
945 -55
946 -16
947 -16
948 -15
949 -16
950 -16
951 -55
952 -24
953 -64
954 -16
955 -27
956 -55
957 -51
958 -16
959 -50
960 -17
961 -16
962 -17
963 -16
964 -16
965 -16
966 -33
967 -15
968 -24
969 -17
970 -15
971 -27
972 -87
973 -16
974 -50
975 -24
976 -16
977 -15
978 -27
979 -16
980 -33
981 -55
982 -16
983 -16
984 -16
985 -33
986 -15
987 -24
988 -16
989 -17
990 -50
991 -16
992 -33
993 -16
994 -15
995 -55
996 -33
997 -50
998 -15
999 -16
