0 -47
1 -59
2 -26
3 -37
4 -35
5 -70
6 -37
7 -52
8 -35
9 -40
10 -70
11 -40
12 -65
13 -112
14 -47
15 -50
16 -42
17 -46
18 -67
19 -51
20 -32
21 -63
22 -54
23 -72
24 -47
25 -100
26 -31
27 -69
28 -87
29 -37
30 -62
31 -74
32 -41
33 -37
34 -46
35 -45
36 -33
37 -40
38 -95
39 -37
40 -73
41 -60
42 -72
43 -66
44 -69
45 -56
46 -72
47 -51
48 -38
49 -71
50 -37
51 -50
52 -39
53 -32
54 -59
55 -56
56 -64
57 -63
58 -57
59 -38
60 -40
61 -40
62 -62
63 -65
64 -57
65 -92
66 -68
67 -37
68 -44
69 -77
70 -49
71 -68
72 -91
73 -80
74 -56
75 -49
76 -30
77 -57
78 -98
79 -47
80 -42
81 -40
82 -31
83 -46
84 -50
85 -49
86 -126
87 -101
88 -46
89 -44
90 -78
91 -78
92 -76
93 -69
94 -47
95 -48
96 -38
97 -55
98 -56
99 -95
100 -62
101 -85
102 -54
103 -86
104 -93
105 -59
106 -77
107 -26
108 -42
109 -32
110 -32
111 -57
112 -40
113 -63
114 -41
115 -62
116 -39
117 -43
118 -42
119 -61
120 -54
121 -63
122 -54
123 -47
124 -36
125 -43
126 -64
127 -48
128 -60
129 -36
130 -54
131 -56
132 -74
133 -67
134 -28
135 -41
136 -46
137 -34
138 -102
139 -30
140 -45
141 -59
142 -48
143 -71
144 -59
145 -35
146 -54
147 -64
148 -82
149 -28
150 -45
151 -49
152 -34
153 -72
154 -40
155 -75
156 -67
157 -51
158 -49
159 -55
160 -40
161 -53
162 -47
163 -63
164 -52
165 -92
166 -37
167 -66
168 -64
169 -24
170 -34
171 -19
172 -36
173 -51
174 -70
175 -50
176 -73
177 -81
178 -57
179 -43
180 -43
181 -45
182 -44
183 -105
184 -23
185 -47
186 -44
187 -108
188 -52
189 -40
190 -64
191 -55
192 -42
193 -63
194 -49
195 -64
196 -58
197 -68
198 -33
199 -44
200 -49
201 -55
202 -25
203 -52
204 -75
205 -59
206 -77
207 -52
208 -41
209 -48
210 -108
211 -80
212 -70
213 -56
214 -32
215 -52
216 -35
217 -31
218 -52
219 -80
220 -41
221 -45
222 -36
223 -57
224 -47
225 -44
226 -65
227 -66
228 -90
229 -65
230 -44
231 -60
232 -47
233 -32
234 -79
235 -43
236 -78
237 -63
238 -22
239 -35
240 -37
241 -67
242 -75
243 -84
244 -73
245 -60
246 -34
247 -69
248 -54
249 -102
250 -45
251 -58
252 -49
253 -60
254 -25
255 -51
256 -51
257 -56
258 -26
259 -40
260 -98
261 -50
262 -49
263 -81
264 -64
265 -34
266 -41
267 -35
268 -66
269 -66
270 -37
271 -51
272 -40
273 -79
274 -40
275 -53
276 -70
277 -43
278 -45
279 -63
280 -61
281 -55
282 -48
283 -43
284 -63
285 -84
286 -71
287 -39
288 -75
289 -42
290 -58
291 -70
292 -63
293 -31
294 -52
295 -60
296 -40
297 -59
298 -44
299 -84
300 -54
301 -44
302 -116
303 -32
304 -28
305 -51
306 -46
307 -48
308 -60
309 -51
310 -79
311 -109
312 -70
313 -82
314 -41
315 -49
316 -56
317 -44
318 -60
319 -73
320 -89
321 -68
322 -45
323 -40
324 -56
325 -76
326 -60
327 -65
328 -50
329 -67
330 -40
331 -58
332 -45
333 -49
334 -56
335 -63
336 -125
337 -56
338 -64
339 -28
340 -101
341 -38
342 -67
343 -47
344 -92
345 -43
346 -45
347 -47
348 -54
349 -54
350 -38
351 -105
352 -89
353 -33
354 -41
355 -44
356 -70
357 -36
358 -30
359 -42
360 -110
361 -41
362 -38
363 -21
364 -85
365 -43
366 -60
367 -59
368 -44
369 -45
370 -62
371 -48
372 -44
373 -63
374 -40
375 -56
376 -63
377 -38
378 -64
379 -55
380 -91
381 -64
382 -40
383 -29
384 -44
385 -60
386 -45
387 -53
388 -51
389 -21
390 -49
391 -37
392 -38
393 -55
394 -43
395 -46
396 -48
397 -50
398 -46
399 -47
400 -39
401 -87
402 -65
403 -58
404 -75
405 -76
406 -56
407 -47
408 -122
409 -52
410 -53
411 -112
412 -24
413 -35
414 -66
415 -78
416 -88
417 -38
418 -53
419 -53
420 -45
421 -43
422 -46
423 -54
424 -43
425 -53
426 -52
427 -50
428 -40
429 -54
430 -44
431 -39
432 -89
433 -31
434 -38
435 -64
436 -39
437 -52
438 -30
439 -55
440 -55
441 -50
442 -74
443 -42
444 -55
445 -39
446 -49
447 -74
448 -51
449 -45
450 -90
451 -35
452 -102
453 -30
454 -40
455 -47
456 -56
457 -36
458 -62
459 -54
460 -57
461 -67
462 -46
463 -60
464 -31
465 -37
466 -65
467 -48
468 -93
469 -55
470 -43
471 -54
472 -97
473 -112
474 -51
475 -42
476 -45
477 -40
478 -51
479 -53
480 -60
481 -65
482 -99
483 -60
484 -50
485 -47
486 -56
487 -69
488 -50
489 -57
490 -36
491 -50
492 -60
493 -75
494 -40
495 -106
496 -28
497 -87
498 -42
499 -61
500 -45
501 -94
502 -56
503 -73
504 -78
505 -47
506 -56
507 -108
508 -44
509 -63
510 -75
511 -58
512 -66
513 -32
514 -43
515 -73
516 -70
517 -40
518 -52
519 -33
520 -50
521 -45
522 -70
523 -52
524 -54
525 -58
526 -20
527 -38
528 -50
529 -84
530 -66
531 -33
532 -34
533 -36
534 -44
535 -49
536 -41
537 -49
538 -33
539 -47
540 -50
541 -89
542 -70
543 -56
544 -88
545 -19
546 -42
547 -33
548 -69
549 -33
550 -39
551 -35
552 -43
553 -29
554 -47
555 -66
556 -50
557 -45
558 -73
559 -55
560 -52
561 -54
562 -56
563 -59
564 -67
565 -129
566 -60
567 -53
568 -54
569 -69
570 -49
571 -96
572 -80
573 -30
574 -94
575 -53
576 -53
577 -60
578 -77
579 -75
580 -35
581 -46
582 -86
583 -64
584 -59
585 -37
586 -51
587 -62
588 -44
589 -50
590 -69
591 -49
592 -96
593 -42
594 -57
595 -41
596 -50
597 -65
598 -35
599 -49
600 -42
601 -51
602 -35
603 -54
604 -51
605 -42
606 -75
607 -60
608 -48
609 -56
610 -110
611 -52
612 -48
613 -36
614 -59
615 -33
616 -57
617 -79
618 -56
619 -61
620 -23
621 -54
622 -39
623 -106
624 -87
625 -84
626 -45
627 -65
628 -41
629 -96
630 -42
631 -59
632 -63
633 -81
634 -77
635 -88
636 -96
637 -36
638 -46
639 -56
640 -48
641 -37
642 -75
643 -36
644 -73
645 -76
646 -67
647 -58
648 -62
649 -56
650 -35
651 -44
652 -47
653 -74
654 -40
655 -48
656 -41
657 -62
658 -43
659 -14
660 -24
661 -52
662 -42
663 -48
664 -90
665 -48
666 -38
667 -78
668 -34
669 -55
670 -63
671 -47
672 -39
673 -35
674 -58
675 -56
676 -38
677 -54
678 -43
679 -46
680 -64
681 -36
682 -67
683 -52
684 -61
685 -82
686 -35
687 -48
688 -93
689 -59
690 -35
691 -49
692 -53
693 -29
694 -55
695 -64
696 -46
697 -53
698 -125
699 -47
700 -17
701 -46
702 -56
703 -38
704 -74
705 -75
706 -51
707 -99
708 -60
709 -61
710 -64
711 -66
712 -55
713 -67
714 -85
715 -40
716 -56
717 -54
718 -73
719 -40
720 -26
721 -43
722 -55
723 -46
724 -60
725 -51
726 -50
727 -77
728 -48
729 -38
730 -72
731 -43
732 -63
733 -65
734 -140
735 -30
736 -36
737 -63
738 -48
739 -55
740 -44
741 -44
742 -50
743 -64
744 -39
745 -54
746 -48
747 -94
748 -118
749 -62
750 -44
751 -94
752 -49
753 -54
754 -50
755 -20
756 -31
757 -69
758 -43
759 -38
760 -44
761 -37
762 -45
763 -70
764 -97
765 -43
766 -34
767 -57
768 -60
769 -41
770 -73
771 -66
772 -31
773 -63
774 -52
775 -90
776 -63
777 -60
778 -52
779 -46
780 -53
781 -89
782 -77
783 -69
784 -51
785 -44
786 -50
787 -52
788 -46
789 -38
790 -74
791 -57
792 -65
793 -52
794 -87
795 -68
796 -43
797 -25
798 -69
799 -46
800 -44
801 -42
802 -52
803 -45
804 -64
805 -97
806 -44
807 -80
808 -58
809 -62
810 -40
811 -44
812 -61
813 -59
814 -110
815 -37
816 -73
817 -54
818 -71
819 -43
820 -125
821 -86
822 -54
823 -42
824 -43
825 -40
826 -89
827 -33
828 -65
829 -53
830 -55
831 -46
832 -37
833 -66
834 -61
835 -58
836 -46
837 -124
838 -58
839 -93
840 -63
841 -59
842 -39
843 -29
844 -75
845 -39
846 -32
847 -64
848 -64
849 -48
850 -64
851 -28
852 -63
853 -78
854 -42
855 -45
856 -45
857 -69
858 -47
859 -46
860 -123
861 -48
862 -50
863 -41
864 -30
865 -41
866 -25
867 -46
868 -73
869 -62
870 -86
871 -42
872 -36
873 -53
874 -30
875 -32
876 -69
877 -43
878 -51
879 -62
880 -42
881 -44
882 -48
883 -91
884 -47
885 -55
886 -59
887 -60
888 -43
889 -46
890 -72
891 -77
892 -43
893 -36
894 -88
895 -48
896 -60
897 -100
898 -73
899 -76
900 -54
901 -45
902 -57
903 -66
904 -40
905 -40
906 -59
907 -35
908 -44
909 -54
910 -82
911 -127
912 -61
913 -41
914 -86
915 -61
916 -52
917 -24
918 -52
919 -47
920 -42
921 -51
922 -42
923 -94
924 -64
925 -95
926 -65
927 -31
928 -110
929 -33
930 -26
931 -79
932 -69
933 -75
934 -61
935 -54
936 -83
937 -56
938 -57
939 -39
940 -57
941 -61
942 -70
943 -61
944 -63
945 -59
946 -31
947 -150
948 -57
949 -97
950 -84
951 -33
952 -70
953 -65
954 -68
955 -51
956 -46
957 -50
958 -79
959 -98
960 -83
961 -71
962 -36
963 -65
964 -46
965 -57
966 -59
967 -64
968 -47
969 -46
970 -46
971 -38
972 -61
973 -47
974 -54
975 -55
976 -55
977 -33
978 -44
979 -49
980 -72
981 -44
982 -37
983 -51
984 -53
985 -81
986 -63
987 -35
988 -41
989 -46
990 -61
991 -50
992 -52
993 -71
994 -63
995 -44
996 -57
997 -54
998 -64
999 -103
