0 -34
1 -17
2 -50
3 -17
4 -16
5 -55
6 -17
7 -16
8 -55
9 -27
10 -55
11 -16
12 -17
13 -34
14 -16
15 -17
16 -16
17 -27
18 -17
19 -27
20 -16
21 -35
22 -21
23 -35
24 -35
25 -56
26 -16
27 -16
28 -50
29 -17
30 -24
31 -35
32 -16
33 -17
34 -16
35 -16
36 -35
37 -21
38 -17
39 -55
40 -16
41 -19
42 -56
43 -16
44 -27
45 -16
46 -27
47 -17
48 -50
49 -27
50 -16
51 -34
52 -50
53 -17
54 -17
55 -17
56 -16
57 -61
58 -27
59 -17
60 -17
61 -55
62 -35
63 -16
64 -17
65 -50
66 -17
67 -27
68 -21
69 -27
70 -50
71 -27
72 -50
73 -17
74 -27
75 -17
76 -50
77 -17
78 -35
79 -16
80 -17
81 -17
82 -16
83 -34
84 -50
85 -34
86 -17
87 -17
88 -16
89 -16
90 -17
91 -34
92 -33
93 -27
94 -16
95 -17
96 -17
97 -16
98 -16
99 -16
100 -35
101 -35
102 -27
103 -27
104 -35
105 -55
106 -35
107 -16
108 -20
109 -17
110 -27
111 -35
112 -17
113 -16
114 -50
115 -16
116 -17
117 -55
118 -34
119 -34
120 -17
121 -24
122 -50
123 -17
124 -17
125 -55
126 -50
127 -27
128 -16
129 -50
130 -16
131 -16
132 -17
133 -16
134 -27
135 -27
136 -50
137 -17
138 -50
139 -17
140 -16
141 -16
142 -16
143 -35
144 -50
145 -16
146 -34
147 -35
148 -17
149 -51
150 -17
151 -16
152 -17
153 -55
154 -35
155 -17
156 -34
157 -27
158 -35
159 -16
160 -16
161 -27
162 -16
163 -16
164 -16
165 -17
166 -19
167 -34
168 -34
169 -16
170 -55
171 -35
172 -16
173 -17
174 -55
175 -55
176 -27
177 -35
178 -16
179 -16
180 -35
181 -50
182 -17
183 -17
184 -50
185 -16
186 -50
187 -17
188 -34
189 -17
190 -16
191 -50
192 -17
193 -49
194 -17
195 -16
196 -16
197 -19
198 -24
199 -59
200 -55
201 -16
202 -16
203 -27
204 -27
205 -55
206 -17
207 -55
208 -16
209 -50
210 -27
211 -50
212 -17
213 -17
214 -17
215 -27
216 -16
217 -17
218 -16
219 -17
220 -17
221 -17
222 -16
223 -50
224 -16
225 -27
226 -17
227 -17
228 -55
229 -16
230 -17
231 -34
232 -16
233 -50
234 -16
235 -50
236 -27
237 -17
238 -50
239 -55
240 -27
241 -16
242 -34
243 -16
244 -34
245 -55
246 -55
247 -16
248 -17
249 -16
250 -27
251 -50
252 -27
253 -55
254 -27
255 -27
256 -34
257 -16
258 -27
259 -16
260 -17
261 -27
262 -16
263 -16
264 -55
265 -17
266 -16
267 -16
268 -16
269 -17
270 -16
271 -50
272 -16
273 -17
274 -35
275 -35
276 -16
277 -16
278 -17
279 -27
280 -17
281 -17
282 -16
283 -20
284 -16
285 -16
286 -35
287 -17
288 -17
289 -50
290 -16
291 -16
292 -50
293 -34
294 -55
295 -16
296 -16
297 -55
298 -27
299 -27
300 -17
301 -34
302 -16
303 -55
304 -17
305 -16
306 -18
307 -24
308 -50
309 -18
310 -16
311 -17
312 -22
313 -17
314 -17
315 -34
316 -55
317 -16
318 -27
319 -27
320 -50
321 -40
322 -35
323 -27
324 -27
325 -17
326 -16
327 -16
328 -17
329 -17
330 -27
331 -17
332 -16
333 -17
334 -50
335 -16
336 -37
337 -17
338 -16
339 -50
340 -55
341 -50
342 -16
343 -16
344 -38
345 -16
346 -50
347 -35
348 -16
349 -42
350 -27
351 -17
352 -27
353 -50
354 -44
355 -35
356 -17
357 -17
358 -27
359 -55
360 -35
361 -16
362 -55
363 -50
364 -27
365 -17
366 -55
367 -16
368 -16
369 -51
370 -24
371 -17
372 -16
373 -55
374 -17
375 -55
376 -16
377 -16
378 -17
379 -35
380 -34
381 -16
382 -17
383 -55
384 -16
385 -29
386 -16
387 -16
388 -17
389 -17
390 -16
391 -54
392 -34
393 -34
394 -55
395 -34
396 -27
397 -35
398 -19
399 -55
400 -27
401 -17
402 -17
403 -50
404 -17
405 -16
406 -17
407 -16
408 -17
409 -16
410 -34
411 -17
412 -55
413 -16
414 -17
415 -17
416 -34
417 -26
418 -27
419 -17
420 -37
421 -16
422 -34
423 -55
424 -35
425 -16
426 -16
427 -17
428 -27
429 -17
430 -16
431 -55
432 -35
433 -41
434 -17
435 -46
436 -27
437 -17
438 -39
439 -22
440 -55
441 -16
442 -17
443 -17
444 -17
445 -35
446 -27
447 -16
448 -16
449 -50
450 -16
451 -16
452 -55
453 -50
454 -16
455 -16
456 -17
457 -16
458 -21
459 -27
460 -55
461 -16
462 -19
463 -50
464 -19
465 -16
466 -35
467 -16
468 -18
469 -55
470 -16
471 -16
472 -50
473 -17
474 -16
475 -16
476 -58
477 -16
478 -34
479 -55
480 -16
481 -50
482 -34
483 -16
484 -55
485 -35
486 -35
487 -17
488 -16
489 -16
490 -34
491 -17
492 -16
493 -16
494 -16
495 -17
496 -17
497 -16
498 -16
499 -17
500 -55
501 -34
502 -17
503 -16
504 -16
505 -50
506 -17
507 -58
508 -17
509 -50
510 -55
511 -16
512 -62
513 -16
514 -17
515 -35
516 -17
517 -50
518 -35
519 -55
520 -16
521 -16
522 -16
523 -27
524 -27
525 -17
526 -17
527 -17
528 -35
529 -32
530 -17
531 -55
532 -16
533 -16
534 -27
535 -17
536 -16
537 -17
538 -17
539 -27
540 -45
541 -16
542 -16
543 -27
544 -35
545 -55
546 -17
547 -17
548 -27
549 -22
550 -16
551 -33
552 -17
553 -17
554 -17
555 -55
556 -16
557 -55
558 -17
559 -34
560 -17
561 -17
562 -17
563 -17
564 -17
565 -17
566 -17
567 -17
568 -17
569 -35
570 -35
571 -17
572 -34
573 -55
574 -16
575 -35
576 -27
577 -34
578 -27
579 -35
580 -35
581 -35
582 -17
583 -50
584 -17
585 -17
586 -17
587 -16
588 -35
589 -50
590 -55
591 -55
592 -16
593 -17
594 -27
595 -55
596 -16
597 -16
598 -17
599 -34
600 -27
601 -17
602 -27
603 -16
604 -35
605 -50
606 -16
607 -16
608 -17
609 -27
610 -27
611 -17
612 -16
613 -16
614 -55
615 -18
616 -27
617 -17
618 -50
619 -24
620 -17
621 -55
622 -35
623 -50
624 -24
625 -17
626 -34
627 -58
628 -16
629 -37
630 -55
631 -36
632 -34
633 -16
634 -17
635 -16
636 -35
637 -35
638 -50
639 -16
640 -16
641 -16
642 -27
643 -34
644 -27
645 -16
646 -50
647 -34
648 -50
649 -55
650 -16
651 -16
652 -17
653 -17
654 -17
655 -20
656 -17
657 -41
658 -34
659 -17
660 -27
661 -16
662 -28
663 -17
664 -16
665 -16
666 -50
667 -16
668 -17
669 -16
670 -35
671 -34
672 -17
673 -35
674 -17
675 -50
676 -17
677 -16
678 -17
679 -16
680 -17
681 -17
682 -45
683 -16
684 -21
685 -41
686 -34
687 -35
688 -50
689 -27
690 -27
691 -66
692 -39
693 -16
694 -50
695 -16
696 -27
697 -25
698 -16
699 -50
700 -55
701 -16
702 -34
703 -16
704 -35
705 -17
706 -17
707 -16
708 -87
709 -16
710 -55
711 -17
712 -16
713 -35
714 -16
715 -17
716 -17
717 -34
718 -17
719 -16
720 -16
721 -16
722 -35
723 -17
724 -34
725 -50
726 -17
727 -16
728 -16
729 -16
730 -35
731 -17
732 -50
733 -35
734 -17
735 -16
736 -55
737 -50
738 -17
739 -27
740 -17
741 -16
742 -16
743 -35
744 -20
745 -16
746 -27
747 -55
748 -27
749 -35
750 -50
751 -50
752 -17
753 -16
754 -34
755 -16
756 -35
757 -16
758 -35
759 -50
760 -27
761 -17
762 -16
763 -35
764 -17
765 -50
766 -16
767 -50
768 -16
769 -55
770 -16
771 -34
772 -16
773 -65
774 -34
775 -16
776 -65
777 -17
778 -16
779 -34
780 -40
781 -27
782 -17
783 -17
784 -55
785 -34
786 -17
787 -50
788 -50
789 -17
790 -55
791 -35
792 -50
793 -16
794 -16
795 -17
796 -16
797 -40
798 -50
799 -50
800 -16
801 -16
802 -50
803 -16
804 -34
805 -17
806 -55
807 -16
808 -50
809 -50
810 -17
811 -16
812 -34
813 -16
814 -50
815 -55
816 -16
817 -16
818 -16
819 -17
820 -16
821 -16
822 -16
823 -17
824 -16
825 -32
826 -55
827 -34
828 -17
829 -19
830 -55
831 -27
832 -48
833 -35
834 -17
835 -55
836 -87
837 -17
838 -34
839 -16
840 -16
841 -16
842 -17
843 -35
844 -55
845 -16
846 -16
847 -17
848 -16
849 -17
850 -16
851 -55
852 -16
853 -54
854 -17
855 -27
856 -17
857 -17
858 -34
859 -16
860 -34
861 -35
862 -17
863 -16
864 -35
865 -16
866 -27
867 -55
868 -34
869 -16
870 -48
871 -17
872 -16
873 -50
874 -17
875 -55
876 -34
877 -55
878 -50
879 -17
880 -41
881 -50
882 -16
883 -17
884 -16
885 -50
886 -17
887 -17
888 -34
889 -27
890 -16
891 -27
892 -50
893 -17
894 -16
895 -16
896 -16
897 -16
898 -16
899 -47
900 -27
901 -27
902 -17
903 -34
904 -16
905 -16
906 -16
907 -55
908 -35
909 -50
910 -34
911 -27
912 -17
913 -17
914 -55
915 -16
916 -27
917 -17
918 -16
919 -59
920 -17
921 -16
922 -55
923 -50
924 -34
925 -34
926 -66
927 -50
928 -34
929 -55
930 -35
931 -50
932 -16
933 -55
934 -50
935 -16
936 -16
937 -16
938 -17
939 -34
940 -55
941 -31
942 -50
943 -27
944 -55
945 -35
946 -17
947 -34
948 -16
949 -17
950 -16
951 -16
952 -55
953 -17
954 -16
955 -17
956 -16
957 -17
958 -17
959 -35
960 -17
961 -17
962 -55
963 -16
964 -35
965 -17
966 -27
967 -38
968 -35
969 -17
970 -17
971 -27
972 -67
973 -17
974 -17
975 -16
976 -19
977 -17
978 -17
979 -17
980 -35
981 -50
982 -17
983 -16
984 -27
985 -17
986 -50
987 -17
988 -34
989 -35
990 -16
991 -17
992 -34
993 -35
994 -29
995 -35
996 -55
997 -37
998 -35
999 -34
