0 -16
1 -41
2 -17
3 -34
4 -17
5 -34
6 -17
7 -17
8 -24
9 -50
10 -16
11 -16
12 -17
13 -50
14 -27
15 -16
16 -17
17 -17
18 -55
19 -16
20 -55
21 -50
22 -16
23 -17
24 -17
25 -16
26 -50
27 -35
28 -17
29 -16
30 -24
31 -23
32 -16
33 -50
34 -17
35 -24
36 -17
37 -21
38 -34
39 -16
40 -16
41 -55
42 -16
43 -17
44 -16
45 -55
46 -17
47 -50
48 -27
49 -16
50 -27
51 -17
52 -17
53 -16
54 -34
55 -44
56 -50
57 -34
58 -27
59 -17
60 -48
61 -16
62 -17
63 -59
64 -17
65 -34
66 -17
67 -16
68 -17
69 -16
70 -17
71 -17
72 -21
73 -34
74 -27
75 -35
76 -55
77 -17
78 -17
79 -27
80 -16
81 -50
82 -55
83 -27
84 -50
85 -35
86 -34
87 -17
88 -55
89 -16
90 -29
91 -50
92 -19
93 -17
94 -34
95 -16
96 -16
97 -17
98 -33
99 -67
100 -16
101 -67
102 -16
103 -17
104 -17
105 -35
106 -16
107 -34
108 -54
109 -35
110 -35
111 -27
112 -16
113 -27
114 -16
115 -34
116 -34
117 -16
118 -17
119 -17
120 -50
121 -17
122 -17
123 -27
124 -34
125 -55
126 -17
127 -55
128 -17
129 -33
130 -35
131 -50
132 -55
133 -55
134 -17
135 -50
136 -16
137 -35
138 -16
139 -17
140 -16
141 -16
142 -50
143 -35
144 -16
145 -34
146 -16
147 -16
148 -61
149 -34
150 -17
151 -16
152 -16
153 -16
154 -48
155 -16
156 -17
157 -27
158 -35
159 -16
160 -39
161 -35
162 -35
163 -34
164 -17
165 -35
166 -17
167 -16
168 -55
169 -35
170 -35
171 -16
172 -27
173 -17
174 -17
175 -16
176 -27
177 -17
178 -50
179 -35
180 -35
181 -17
182 -35
183 -18
184 -16
185 -16
186 -16
187 -50
188 -50
189 -27
190 -50
191 -35
192 -16
193 -27
194 -17
195 -27
196 -16
197 -16
198 -17
199 -17
200 -17
201 -55
202 -16
203 -16
204 -27
205 -35
206 -17
207 -50
208 -27
209 -17
210 -54
211 -17
212 -55
213 -16
214 -55
215 -17
216 -55
217 -17
218 -17
219 -16
220 -16
221 -27
222 -44
223 -17
224 -17
225 -16
226 -17
227 -34
228 -63
229 -16
230 -50
231 -35
232 -16
233 -16
234 -34
235 -16
236 -35
237 -17
238 -39
239 -35
240 -16
241 -17
242 -27
243 -55
244 -17
245 -50
246 -22
247 -17
248 -35
249 -16
250 -16
251 -16
252 -17
253 -55
254 -55
255 -50
256 -34
257 -16
258 -16
259 -16
260 -16
261 -16
262 -27
263 -50
264 -17
265 -17
266 -16
267 -35
268 -50
269 -34
270 -27
271 -17
272 -27
273 -16
274 -17
275 -17
276 -17
277 -16
278 -16
279 -16
280 -16
281 -16
282 -16
283 -35
284 -27
285 -34
286 -34
287 -34
288 -27
289 -17
290 -44
291 -17
292 -34
293 -51
294 -17
295 -50
296 -35
297 -50
298 -17
299 -16
300 -55
301 -16
302 -50
303 -50
304 -16
305 -17
306 -35
307 -16
308 -55
309 -16
310 -55
311 -17
312 -16
313 -17
314 -35
315 -16
316 -17
317 -16
318 -35
319 -50
320 -16
321 -17
322 -17
323 -16
324 -17
325 -21
326 -17
327 -27
328 -55
329 -34
330 -17
331 -35
332 -16
333 -35
334 -50
335 -55
336 -16
337 -50
338 -16
339 -50
340 -17
341 -34
342 -16
343 -22
344 -48
345 -27
346 -16
347 -21
348 -17
349 -16
350 -35
351 -50
352 -35
353 -17
354 -17
355 -16
356 -17
357 -16
358 -17
359 -23
360 -16
361 -16
362 -50
363 -45
364 -34
365 -34
366 -50
367 -17
368 -50
369 -32
370 -17
371 -17
372 -16
373 -50
374 -17
375 -50
376 -16
377 -17
378 -16
379 -16
380 -17
381 -34
382 -16
383 -35
384 -50
385 -50
386 -39
387 -35
388 -16
389 -17
390 -17
391 -16
392 -54
393 -16
394 -36
395 -50
396 -17
397 -34
398 -55
399 -17
400 -35
401 -16
402 -35
403 -16
404 -17
405 -19
406 -17
407 -16
408 -24
409 -34
410 -27
411 -17
412 -17
413 -23
414 -16
415 -16
416 -16
417 -20
418 -17
419 -35
420 -55
421 -34
422 -17
423 -16
424 -16
425 -16
426 -27
427 -16
428 -35
429 -16
430 -16
431 -55
432 -16
433 -17
434 -55
435 -70
436 -50
437 -34
438 -35
439 -17
440 -16
441 -17
442 -16
443 -34
444 -16
445 -27
446 -17
447 -27
448 -34
449 -17
450 -16
451 -55
452 -17
453 -17
454 -17
455 -16
456 -55
457 -16
458 -50
459 -27
460 -50
461 -17
462 -17
463 -55
464 -54
465 -55
466 -17
467 -55
468 -55
469 -34
470 -17
471 -34
472 -55
473 -16
474 -17
475 -16
476 -17
477 -35
478 -34
479 -50
480 -24
481 -17
482 -16
483 -16
484 -17
485 -16
486 -50
487 -17
488 -27
489 -34
490 -55
491 -52
492 -16
493 -35
494 -50
495 -27
496 -16
497 -17
498 -55
499 -55
500 -35
501 -16
502 -17
503 -35
504 -16
505 -19
506 -35
507 -34
508 -16
509 -27
510 -35
511 -17
512 -50
513 -16
514 -16
515 -50
516 -15
517 -34
518 -55
519 -17
520 -17
521 -50
522 -34
523 -16
524 -55
525 -35
526 -17
527 -16
528 -17
529 -16
530 -17
531 -34
532 -17
533 -55
534 -16
535 -48
536 -23
537 -35
538 -50
539 -50
540 -34
541 -35
542 -17
543 -16
544 -35
545 -16
546 -35
547 -27
548 -17
549 -16
550 -17
551 -16
552 -34
553 -17
554 -16
555 -16
556 -16
557 -17
558 -55
559 -27
560 -34
561 -17
562 -16
563 -34
564 -16
565 -17
566 -62
567 -17
568 -16
569 -34
570 -55
571 -17
572 -24
573 -16
574 -60
575 -27
576 -17
577 -16
578 -27
579 -34
580 -25
581 -17
582 -55
583 -55
584 -50
585 -50
586 -31
587 -55
588 -16
589 -16
590 -16
591 -16
592 -16
593 -17
594 -50
595 -17
596 -16
597 -35
598 -17
599 -27
600 -55
601 -17
602 -17
603 -55
604 -17
605 -55
606 -16
607 -17
608 -55
609 -16
610 -17
611 -17
612 -16
613 -17
614 -16
615 -17
616 -16
617 -34
618 -27
619 -55
620 -34
621 -27
622 -16
623 -27
624 -17
625 -55
626 -34
627 -17
628 -17
629 -27
630 -55
631 -42
632 -17
633 -17
634 -55
635 -17
636 -55
637 -35
638 -34
639 -34
640 -16
641 -16
642 -16
643 -16
644 -27
645 -16
646 -16
647 -35
648 -34
649 -16
650 -17
651 -35
652 -26
653 -16
654 -17
655 -50
656 -17
657 -27
658 -16
659 -16
660 -17
661 -35
662 -19
663 -50
664 -27
665 -34
666 -59
667 -51
668 -50
669 -35
670 -59
671 -16
672 -50
673 -16
674 -50
675 -16
676 -16
677 -35
678 -55
679 -17
680 -16
681 -17
682 -16
683 -50
684 -27
685 -16
686 -24
687 -50
688 -17
689 -27
690 -16
691 -50
692 -17
693 -17
694 -17
695 -16
696 -16
697 -17
698 -17
699 -16
700 -16
701 -16
702 -34
703 -34
704 -16
705 -55
706 -24
707 -35
708 -55
709 -16
710 -34
711 -35
712 -34
713 -50
714 -21
715 -27
716 -16
717 -16
718 -16
719 -51
720 -35
721 -55
722 -17
723 -16
724 -18
725 -27
726 -55
727 -16
728 -59
729 -17
730 -17
731 -15
732 -24
733 -16
734 -30
735 -34
736 -16
737 -17
738 -17
739 -16
740 -16
741 -16
742 -16
743 -16
744 -42
745 -17
746 -17
747 -17
748 -17
749 -55
750 -34
751 -16
752 -34
753 -17
754 -55
755 -16
756 -27
757 -27
758 -35
759 -16
760 -16
761 -55
762 -35
763 -17
764 -35
765 -50
766 -55
767 -16
768 -17
769 -55
770 -17
771 -34
772 -27
773 -50
774 -17
775 -55
776 -17
777 -35
778 -31
779 -16
780 -50
781 -16
782 -16
783 -16
784 -50
785 -50
786 -50
787 -17
788 -27
789 -50
790 -17
791 -17
792 -55
793 -17
794 -17
795 -34
796 -16
797 -16
798 -16
799 -16
800 -16
801 -17
802 -34
803 -27
804 -17
805 -27
806 -27
807 -16
808 -66
809 -16
810 -35
811 -16
812 -17
813 -17
814 -55
815 -17
816 -17
817 -16
818 -16
819 -50
820 -55
821 -27
822 -17
823 -27
824 -17
825 -20
826 -16
827 -17
828 -34
829 -16
830 -16
831 -16
832 -16
833 -19
834 -16
835 -16
836 -34
837 -34
838 -34
839 -35
840 -34
841 -17
842 -17
843 -17
844 -50
845 -34
846 -17
847 -16
848 -16
849 -17
850 -16
851 -16
852 -50
853 -50
854 -17
855 -20
856 -17
857 -16
858 -16
859 -17
860 -17
861 -17
862 -17
863 -16
864 -16
865 -16
866 -17
867 -17
868 -55
869 -16
870 -17
871 -44
872 -35
873 -55
874 -16
875 -17
876 -55
877 -17
878 -16
879 -16
880 -55
881 -16
882 -16
883 -55
884 -27
885 -31
886 -17
887 -16
888 -16
889 -35
890 -55
891 -37
892 -55
893 -27
894 -25
895 -16
896 -16
897 -16
898 -27
899 -55
900 -16
901 -16
902 -27
903 -27
904 -27
905 -34
906 -35
907 -24
908 -27
909 -27
910 -35
911 -17
912 -16
913 -55
914 -55
915 -16
916 -17
917 -17
918 -35
919 -34
920 -34
921 -16
922 -35
923 -27
924 -17
925 -35
926 -16
927 -16
928 -16
929 -34
930 -27
931 -16
932 -55
933 -17
934 -16
935 -27
936 -34
937 -43
938 -17
939 -34
940 -17
941 -16
942 -16
943 -16
944 -17
945 -17
946 -16
947 -34
948 -16
949 -35
950 -55
951 -50
952 -55
953 -16
954 -17
955 -55
956 -50
957 -27
958 -16
959 -55
960 -35
961 -16
962 -17
963 -16
964 -35
965 -55
966 -27
967 -16
968 -55
969 -17
970 -27
971 -17
972 -35
973 -16
974 -17
975 -17
976 -27
977 -50
978 -55
979 -34
980 -35
981 -17
982 -17
983 -16
984 -51
985 -35
986 -16
987 -50
988 -34
989 -17
990 -27
991 -17
992 -18
993 -17
994 -17
995 -35
996 -17
997 -17
998 -27
999 -17
