0 -27
1 -50
2 -15
3 -15
4 -27
5 -16
6 -15
7 -50
8 -50
9 -15
10 -44
11 -25
12 -55
13 -55
14 -16
15 -55
16 -32
17 -33
18 -24
19 -16
20 -16
21 -55
22 -33
23 -16
24 -16
25 -24
26 -16
27 -50
28 -55
29 -24
30 -32
31 -16
32 -50
33 -32
34 -24
35 -16
36 -33
37 -33
38 -24
39 -51
40 -15
41 -27
42 -32
43 -16
44 -24
45 -30
46 -46
47 -42
48 -17
49 -32
50 -55
51 -50
52 -50
53 -24
54 -15
55 -16
56 -27
57 -16
58 -16
59 -16
60 -16
61 -29
62 -16
63 -15
64 -16
65 -16
66 -24
67 -28
68 -32
69 -27
70 -23
71 -16
72 -15
73 -33
74 -24
75 -33
76 -16
77 -17
78 -24
79 -27
80 -16
81 -33
82 -32
83 -48
84 -16
85 -27
86 -15
87 -15
88 -24
89 -16
90 -16
91 -16
92 -32
93 -24
94 -50
95 -17
96 -32
97 -17
98 -50
99 -32
100 -16
101 -15
102 -22
103 -16
104 -16
105 -15
106 -50
107 -16
108 -47
109 -55
110 -33
111 -50
112 -16
113 -16
114 -87
115 -17
116 -16
117 -22
118 -24
119 -64
120 -16
121 -16
122 -16
123 -33
124 -15
125 -50
126 -51
127 -33
128 -15
129 -55
130 -16
131 -15
132 -50
133 -16
134 -24
135 -16
136 -55
137 -32
138 -32
139 -50
140 -28
141 -27
142 -42
143 -32
144 -32
145 -16
146 -41
147 -46
148 -16
149 -24
150 -16
151 -55
152 -27
153 -32
154 -16
155 -16
156 -32
157 -55
158 -24
159 -46
160 -60
161 -33
162 -16
163 -33
164 -16
165 -58
166 -55
167 -16
168 -16
169 -17
170 -55
171 -16
172 -15
173 -33
174 -16
175 -16
176 -27
177 -15
178 -16
179 -16
180 -24
181 -15
182 -16
183 -55
184 -17
185 -16
186 -17
187 -24
188 -16
189 -15
190 -34
191 -50
192 -17
193 -16
194 -24
195 -32
196 -31
197 -32
198 -50
199 -26
200 -33
201 -16
202 -16
203 -50
204 -32
205 -27
206 -24
207 -16
208 -27
209 -20
210 -33
211 -15
212 -55
213 -16
214 -16
215 -32
216 -32
217 -16
218 -16
219 -17
220 -81
221 -24
222 -27
223 -32
224 -16
225 -32
226 -27
227 -32
228 -16
229 -33
230 -16
231 -27
232 -32
233 -17
234 -50
235 -16
236 -15
237 -15
238 -33
239 -15
240 -50
241 -55
242 -24
243 -16
244 -17
245 -50
246 -27
247 -28
248 -51
249 -16
250 -27
251 -16
252 -55
253 -55
254 -27
255 -33
256 -24
257 -15
258 -24
259 -50
260 -24
261 -33
262 -24
263 -16
264 -17
265 -55
266 -16
267 -32
268 -16
269 -50
270 -24
271 -33
272 -33
273 -50
274 -32
275 -27
276 -50
277 -32
278 -33
279 -15
280 -25
281 -17
282 -50
283 -27
284 -51
285 -27
286 -16
287 -32
288 -16
289 -24
290 -16
291 -18
292 -15
293 -17
294 -33
295 -16
296 -16
297 -33
298 -15
299 -50
300 -17
301 -15
302 -15
303 -16
304 -50
305 -15
306 -16
307 -17
308 -27
309 -16
310 -16
311 -27
312 -24
313 -16
314 -16
315 -28
316 -33
317 -27
318 -15
319 -18
320 -16
321 -16
322 -24
323 -27
324 -33
325 -16
326 -16
327 -27
328 -24
329 -55
330 -27
331 -27
332 -21
333 -27
334 -41
335 -15
336 -50
337 -24
338 -24
339 -16
340 -16
341 -27
342 -55
343 -55
344 -28
345 -15
346 -16
347 -16
348 -32
349 -60
350 -50
351 -16
352 -27
353 -15
354 -36
355 -33
356 -55
357 -50
358 -16
359 -52
360 -16
361 -32
362 -55
363 -32
364 -25
365 -16
366 -50
367 -17
368 -27
369 -55
370 -33
371 -51
372 -27
373 -55
374 -50
375 -50
376 -50
377 -33
378 -33
379 -50
380 -27
381 -16
382 -17
383 -16
384 -16
385 -17
386 -24
387 -50
388 -50
389 -16
390 -24
391 -27
392 -50
393 -15
394 -45
395 -55
396 -32
397 -58
398 -16
399 -16
400 -32
401 -55
402 -16
403 -16
404 -32
405 -55
406 -16
407 -16
408 -55
409 -50
410 -34
411 -15
412 -15
413 -24
414 -27
415 -27
416 -50
417 -55
418 -55
419 -32
420 -16
421 -17
422 -50
423 -15
424 -17
425 -16
426 -55
427 -16
428 -16
429 -16
430 -55
431 -16
432 -24
433 -16
434 -15
435 -32
436 -27
437 -15
438 -33
439 -55
440 -55
441 -16
442 -33
443 -27
444 -16
445 -16
446 -16
447 -17
448 -50
449 -15
450 -24
451 -24
452 -55
453 -15
454 -16
455 -16
456 -73
457 -33
458 -27
459 -71
460 -50
461 -55
462 -41
463 -32
464 -15
465 -15
466 -55
467 -16
468 -15
469 -17
470 -50
471 -17
472 -17
473 -37
474 -17
475 -50
476 -17
477 -17
478 -15
479 -51
480 -55
481 -15
482 -16
483 -32
484 -27
485 -16
486 -16
487 -16
488 -17
489 -32
490 -27
491 -15
492 -27
493 -32
494 -55
495 -15
496 -24
497 -27
498 -16
499 -32
500 -15
501 -24
502 -27
503 -21
504 -33
505 -37
506 -50
507 -27
508 -33
509 -33
510 -16
511 -16
512 -50
513 -16
514 -16
515 -27
516 -24
517 -15
518 -55
519 -15
520 -48
521 -17
522 -50
523 -33
524 -17
525 -27
526 -17
527 -27
528 -33
529 -32
530 -33
531 -17
532 -27
533 -16
534 -50
535 -16
536 -24
537 -24
538 -50
539 -32
540 -33
541 -17
542 -50
543 -50
544 -16
545 -33
546 -16
547 -16
548 -40
549 -16
550 -33
551 -16
552 -27
553 -21
554 -18
555 -16
556 -51
557 -16
558 -24
559 -27
560 -27
561 -16
562 -17
563 -16
564 -16
565 -50
566 -16
567 -55
568 -32
569 -32
570 -50
571 -16
572 -15
573 -50
574 -16
575 -30
576 -32
577 -16
578 -16
579 -15
580 -16
581 -16
582 -59
583 -16
584 -15
585 -16
586 -15
587 -17
588 -33
589 -32
590 -33
591 -17
592 -27
593 -18
594 -50
595 -17
596 -17
597 -24
598 -16
599 -41
600 -27
601 -16
602 -15
603 -16
604 -16
605 -15
606 -55
607 -16
608 -55
609 -16
610 -24
611 -24
612 -27
613 -50
614 -15
615 -32
616 -15
617 -28
618 -16
619 -15
620 -15
621 -27
622 -33
623 -50
624 -17
625 -24
626 -27
627 -24
628 -50
629 -16
630 -27
631 -32
632 -16
633 -55
634 -16
635 -32
636 -24
637 -16
638 -17
639 -16
640 -50
641 -15
642 -27
643 -15
644 -15
645 -15
646 -16
647 -16
648 -33
649 -27
650 -50
651 -50
652 -55
653 -17
654 -17
655 -87
656 -27
657 -32
658 -54
659 -21
660 -24
661 -16
662 -32
663 -15
664 -55
665 -20
666 -16
667 -15
668 -27
669 -55
670 -27
671 -32
672 -27
673 -16
674 -24
675 -15
676 -16
677 -15
678 -17
679 -59
680 -55
681 -32
682 -55
683 -50
684 -16
685 -45
686 -50
687 -33
688 -50
689 -39
690 -17
691 -17
692 -32
693 -16
694 -17
695 -55
696 -17
697 -33
698 -16
699 -59
700 -33
701 -44
702 -16
703 -33
704 -16
705 -27
706 -33
707 -55
708 -15
709 -27
710 -16
711 -27
712 -15
713 -16
714 -17
715 -16
716 -27
717 -50
718 -28
719 -24
720 -16
721 -24
722 -17
723 -16
724 -16
725 -50
726 -32
727 -55
728 -15
729 -27
730 -37
731 -55
732 -16
733 -16
734 -55
735 -17
736 -55
737 -32
738 -50
739 -55
740 -16
741 -17
742 -20
743 -32
744 -22
745 -17
746 -16
747 -24
748 -55
749 -17
750 -27
751 -55
752 -24
753 -16
754 -50
755 -17
756 -17
757 -16
758 -16
759 -33
760 -27
761 -32
762 -27
763 -44
764 -50
765 -50
766 -55
767 -32
768 -24
769 -24
770 -15
771 -17
772 -16
773 -17
774 -21
775 -16
776 -32
777 -27
778 -16
779 -24
780 -55
781 -16
782 -15
783 -16
784 -20
785 -50
786 -16
787 -22
788 -24
789 -17
790 -16
791 -33
792 -27
793 -17
794 -50
795 -27
796 -16
797 -17
798 -32
799 -55
800 -55
801 -16
802 -16
803 -24
804 -32
805 -17
806 -17
807 -16
808 -16
809 -15
810 -33
811 -50
812 -16
813 -33
814 -50
815 -16
816 -16
817 -32
818 -16
819 -17
820 -28
821 -33
822 -27
823 -16
824 -55
825 -32
826 -32
827 -16
828 -16
829 -13
830 -15
831 -32
832 -33
833 -41
834 -16
835 -33
836 -24
837 -16
838 -27
839 -32
840 -27
841 -32
842 -24
843 -24
844 -33
845 -16
846 -16
847 -16
848 -44
849 -32
850 -17
851 -33
852 -24
853 -24
854 -27
855 -33
856 -55
857 -15
858 -24
859 -24
860 -27
861 -24
862 -15
863 -24
864 -33
865 -50
866 -24
867 -32
868 -15
869 -27
870 -15
871 -55
872 -56
873 -50
874 -16
875 -33
876 -16
877 -33
878 -29
879 -17
880 -50
881 -55
882 -16
883 -16
884 -32
885 -17
886 -16
887 -16
888 -16
889 -16
890 -50
891 -16
892 -16
893 -27
894 -33
895 -16
896 -15
897 -50
898 -27
899 -50
900 -27
901 -32
902 -33
903 -55
904 -28
905 -27
906 -15
907 -27
908 -17
909 -33
910 -55
911 -16
912 -33
913 -15
914 -50
915 -16
916 -27
917 -55
918 -16
919 -32
920 -16
921 -17
922 -21
923 -55
924 -50
925 -32
926 -52
927 -16
928 -24
929 -82
930 -27
931 -50
932 -16
933 -50
934 -15
935 -24
936 -16
937 -16
938 -17
939 -55
940 -16
941 -50
942 -16
943 -50
944 -27
945 -32
946 -37
947 -16
948 -16
949 -16
950 -32
951 -16
952 -16
953 -27
954 -16
955 -18
956 -16
957 -24
958 -55
959 -16
960 -16
961 -16
962 -33
963 -32
964 -37
965 -33
966 -15
967 -16
968 -50
969 -24
970 -55
971 -15
972 -32
973 -55
974 -15
975 -16
976 -27
977 -27
978 -16
979 -16
980 -55
981 -17
982 -27
983 -17
984 -17
985 -27
986 -32
987 -15
988 -27
989 -32
990 -22
991 -32
992 -87
993 -16
994 -16
995 -24
996 -33
997 -32
998 -50
999 -33
