0 -16
1 -17
2 -16
3 -16
4 -16
5 -30
6 -30
7 -31
8 -33
9 -16
10 -55
11 -30
12 -27
13 -55
14 -48
15 -35
16 -30
17 -30
18 -55
19 -27
20 -27
21 -17
22 -16
23 -16
24 -50
25 -50
26 -24
27 -16
28 -24
29 -50
30 -27
31 -16
32 -17
33 -33
34 -33
35 -31
36 -33
37 -17
38 -24
39 -16
40 -16
41 -50
42 -16
43 -24
44 -30
45 -50
46 -16
47 -16
48 -24
49 -56
50 -16
51 -41
52 -24
53 -16
54 -17
55 -53
56 -55
57 -30
58 -30
59 -50
60 -33
61 -31
62 -31
63 -30
64 -14
65 -30
66 -16
67 -55
68 -17
69 -16
70 -27
71 -27
72 -16
73 -24
74 -16
75 -32
76 -27
77 -30
78 -30
79 -17
80 -27
81 -16
82 -30
83 -27
84 -55
85 -27
86 -24
87 -27
88 -50
89 -33
90 -23
91 -50
92 -24
93 -33
94 -17
95 -24
96 -27
97 -16
98 -17
99 -30
100 -50
101 -16
102 -16
103 -16
104 -24
105 -60
106 -46
107 -50
108 -16
109 -16
110 -17
111 -16
112 -31
113 -24
114 -24
115 -55
116 -30
117 -20
118 -17
119 -27
120 -30
121 -16
122 -17
123 -27
124 -16
125 -24
126 -16
127 -31
128 -50
129 -16
130 -17
131 -30
132 -24
133 -36
134 -33
135 -16
136 -16
137 -30
138 -50
139 -27
140 -16
141 -24
142 -24
143 -16
144 -16
145 -21
146 -30
147 -33
148 -55
149 -17
150 -55
151 -16
152 -16
153 -55
154 -16
155 -30
156 -55
157 -30
158 -27
159 -33
160 -27
161 -48
162 -16
163 -17
164 -31
165 -16
166 -74
167 -27
168 -33
169 -31
170 -27
171 -33
172 -27
173 -27
174 -31
175 -23
176 -30
177 -16
178 -33
179 -57
180 -17
181 -27
182 -24
183 -30
184 -50
185 -17
186 -17
187 -30
188 -30
189 -30
190 -17
191 -33
192 -27
193 -16
194 -31
195 -27
196 -33
197 -16
198 -50
199 -87
200 -50
201 -31
202 -27
203 -30
204 -16
205 -16
206 -16
207 -50
208 -55
209 -27
210 -16
211 -16
212 -50
213 -18
214 -55
215 -31
216 -39
217 -55
218 -50
219 -16
220 -31
221 -50
222 -26
223 -22
224 -53
225 -16
226 -28
227 -24
228 -31
229 -31
230 -55
231 -27
232 -42
233 -17
234 -31
235 -17
236 -24
237 -50
238 -16
239 -24
240 -24
241 -33
242 -24
243 -31
244 -24
245 -27
246 -50
247 -55
248 -50
249 -16
250 -27
251 -30
252 -55
253 -33
254 -31
255 -16
256 -17
257 -16
258 -24
259 -30
260 -16
261 -17
262 -29
263 -30
264 -55
265 -50
266 -30
267 -30
268 -33
269 -16
270 -15
271 -33
272 -50
273 -33
274 -30
275 -17
276 -33
277 -30
278 -33
279 -55
280 -33
281 -27
282 -17
283 -24
284 -33
285 -50
286 -31
287 -17
288 -55
289 -50
290 -23
291 -17
292 -16
293 -30
294 -27
295 -55
296 -27
297 -33
298 -30
299 -24
300 -27
301 -60
302 -31
303 -24
304 -30
305 -31
306 -16
307 -16
308 -24
309 -33
310 -16
311 -16
312 -24
313 -33
314 -55
315 -24
316 -27
317 -33
318 -50
319 -55
320 -16
321 -16
322 -27
323 -16
324 -30
325 -30
326 -27
327 -50
328 -16
329 -31
330 -19
331 -55
332 -17
333 -33
334 -16
335 -16
336 -50
337 -22
338 -50
339 -31
340 -50
341 -16
342 -16
343 -17
344 -30
345 -37
346 -24
347 -51
348 -24
349 -33
350 -16
351 -33
352 -50
353 -16
354 -30
355 -33
356 -55
357 -31
358 -55
359 -16
360 -30
361 -33
362 -55
363 -33
364 -30
365 -41
366 -55
367 -16
368 -31
369 -24
370 -16
371 -24
372 -50
373 -49
374 -55
375 -27
376 -16
377 -24
378 -16
379 -55
380 -24
381 -33
382 -17
383 -27
384 -16
385 -31
386 -30
387 -16
388 -16
389 -24
390 -16
391 -27
392 -31
393 -50
394 -50
395 -27
396 -16
397 -33
398 -36
399 -16
400 -16
401 -16
402 -27
403 -24
404 -31
405 -24
406 -30
407 -16
408 -16
409 -16
410 -33
411 -55
412 -16
413 -27
414 -55
415 -17
416 -27
417 -17
418 -24
419 -50
420 -17
421 -24
422 -16
423 -16
424 -16
425 -16
426 -16
427 -17
428 -55
429 -16
430 -16
431 -24
432 -55
433 -27
434 -17
435 -27
436 -16
437 -16
438 -16
439 -30
440 -24
441 -55
442 -16
443 -16
444 -27
445 -33
446 -33
447 -33
448 -17
449 -16
450 -17
451 -16
452 -30
453 -31
454 -16
455 -16
456 -27
457 -16
458 -24
459 -33
460 -50
461 -16
462 -22
463 -31
464 -24
465 -16
466 -55
467 -27
468 -18
469 -31
470 -30
471 -30
472 -33
473 -16
474 -17
475 -55
476 -55
477 -42
478 -55
479 -50
480 -50
481 -50
482 -16
483 -16
484 -30
485 -33
486 -27
487 -31
488 -16
489 -55
490 -52
491 -50
492 -16
493 -16
494 -16
495 -30
496 -16
497 -50
498 -27
499 -33
500 -27
501 -33
502 -35
503 -50
504 -30
505 -31
506 -16
507 -50
508 -50
509 -33
510 -31
511 -55
512 -20
513 -16
514 -50
515 -31
516 -16
517 -33
518 -40
519 -16
520 -50
521 -16
522 -50
523 -16
524 -82
525 -55
526 -55
527 -33
528 -16
529 -24
530 -40
531 -50
532 -16
533 -17
534 -27
535 -30
536 -31
537 -30
538 -16
539 -16
540 -27
541 -41
542 -18
543 -30
544 -16
545 -44
546 -16
547 -55
548 -17
549 -50
550 -24
551 -24
552 -24
553 -30
554 -33
555 -50
556 -16
557 -16
558 -30
559 -31
560 -50
561 -87
562 -30
563 -50
564 -30
565 -17
566 -17
567 -16
568 -16
569 -30
570 -16
571 -30
572 -16
573 -16
574 -17
575 -16
576 -16
577 -55
578 -16
579 -27
580 -30
581 -33
582 -18
583 -31
584 -24
585 -24
586 -16
587 -27
588 -27
589 -30
590 -30
591 -16
592 -55
593 -16
594 -55
595 -55
596 -27
597 -27
598 -33
599 -17
600 -33
601 -24
602 -50
603 -33
604 -31
605 -16
606 -50
607 -33
608 -17
609 -17
610 -55
611 -16
612 -33
613 -30
614 -38
615 -30
616 -16
617 -30
618 -27
619 -31
620 -55
621 -16
622 -24
623 -55
624 -16
625 -16
626 -17
627 -17
628 -24
629 -50
630 -30
631 -33
632 -24
633 -31
634 -60
635 -16
636 -16
637 -50
638 -31
639 -31
640 -50
641 -17
642 -50
643 -50
644 -16
645 -30
646 -30
647 -31
648 -16
649 -16
650 -50
651 -27
652 -31
653 -27
654 -50
655 -31
656 -34
657 -50
658 -24
659 -27
660 -27
661 -30
662 -30
663 -16
664 -33
665 -24
666 -27
667 -55
668 -17
669 -30
670 -55
671 -55
672 -21
673 -31
674 -16
675 -31
676 -27
677 -31
678 -45
679 -30
680 -24
681 -31
682 -16
683 -41
684 -30
685 -24
686 -17
687 -33
688 -24
689 -24
690 -50
691 -16
692 -16
693 -30
694 -16
695 -21
696 -31
697 -50
698 -33
699 -27
700 -30
701 -16
702 -31
703 -27
704 -30
705 -55
706 -23
707 -31
708 -55
709 -31
710 -27
711 -55
712 -27
713 -16
714 -31
715 -30
716 -25
717 -24
718 -16
719 -30
720 -55
721 -17
722 -16
723 -55
724 -16
725 -31
726 -33
727 -16
728 -92
729 -16
730 -55
731 -17
732 -31
733 -55
734 -27
735 -27
736 -16
737 -17
738 -30
739 -16
740 -38
741 -24
742 -28
743 -31
744 -30
745 -16
746 -50
747 -31
748 -16
749 -16
750 -16
751 -17
752 -57
753 -55
754 -33
755 -27
756 -30
757 -27
758 -30
759 -16
760 -16
761 -27
762 -55
763 -27
764 -16
765 -16
766 -27
767 -30
768 -16
769 -24
770 -16
771 -30
772 -50
773 -16
774 -16
775 -33
776 -45
777 -55
778 -34
779 -31
780 -31
781 -33
782 -16
783 -65
784 -17
785 -15
786 -17
787 -24
788 -17
789 -16
790 -16
791 -16
792 -16
793 -27
794 -30
795 -16
796 -17
797 -16
798 -16
799 -17
800 -50
801 -33
802 -16
803 -17
804 -54
805 -55
806 -16
807 -31
808 -17
809 -16
810 -31
811 -27
812 -16
813 -16
814 -55
815 -30
816 -33
817 -28
818 -16
819 -16
820 -16
821 -31
822 -30
823 -30
824 -27
825 -20
826 -27
827 -31
828 -24
829 -16
830 -16
831 -24
832 -16
833 -31
834 -31
835 -16
836 -27
837 -24
838 -55
839 -50
840 -24
841 -16
842 -16
843 -31
844 -27
845 -55
846 -16
847 -16
848 -27
849 -16
850 -16
851 -16
852 -20
853 -16
854 -30
855 -33
856 -31
857 -24
858 -87
859 -16
860 -16
861 -31
862 -17
863 -16
864 -16
865 -16
866 -24
867 -33
868 -16
869 -30
870 -33
871 -22
872 -16
873 -16
874 -55
875 -33
876 -27
877 -24
878 -56
879 -27
880 -16
881 -16
882 -27
883 -16
884 -33
885 -16
886 -55
887 -16
888 -55
889 -16
890 -55
891 -27
892 -48
893 -16
894 -27
895 -16
896 -17
897 -16
898 -30
899 -27
900 -24
901 -31
902 -16
903 -33
904 -50
905 -16
906 -17
907 -24
908 -16
909 -31
910 -16
911 -16
912 -16
913 -16
914 -16
915 -17
916 -27
917 -16
918 -27
919 -16
920 -33
921 -55
922 -27
923 -55
924 -30
925 -16
926 -16
927 -16
928 -55
929 -27
930 -17
931 -50
932 -16
933 -24
934 -31
935 -31
936 -55
937 -55
938 -20
939 -16
940 -33
941 -33
942 -50
943 -50
944 -16
945 -16
946 -55
947 -60
948 -17
949 -24
950 -31
951 -33
952 -24
953 -16
954 -16
955 -50
956 -16
957 -30
958 -33
959 -50
960 -23
961 -33
962 -16
963 -16
964 -24
965 -29
966 -17
967 -16
968 -50
969 -55
970 -18
971 -55
972 -30
973 -30
974 -50
975 -24
976 -30
977 -27
978 -16
979 -31
980 -50
981 -16
982 -50
983 -24
984 -17
985 -16
986 -16
987 -30
988 -31
989 -17
990 -50
991 -50
992 -31
993 -30
994 -24
995 -27
996 -31
997 -33
998 -16
999 -31
