0 -16
1 -50
2 -24
3 -16
4 -16
5 -55
6 -29
7 -24
8 -33
9 -55
10 -55
11 -16
12 -19
13 -16
14 -24
15 -16
16 -16
17 -33
18 -50
19 -27
20 -15
21 -16
22 -33
23 -55
24 -16
25 -16
26 -27
27 -17
28 -33
29 -24
30 -24
31 -15
32 -55
33 -27
34 -17
35 -24
36 -24
37 -33
38 -16
39 -16
40 -17
41 -27
42 -24
43 -15
44 -24
45 -16
46 -32
47 -17
48 -32
49 -50
50 -15
51 -17
52 -33
53 -16
54 -15
55 -20
56 -24
57 -32
58 -16
59 -33
60 -15
61 -24
62 -24
63 -16
64 -33
65 -46
66 -27
67 -15
68 -16
69 -17
70 -17
71 -16
72 -62
73 -50
74 -16
75 -33
76 -50
77 -33
78 -16
79 -24
80 -16
81 -33
82 -24
83 -24
84 -67
85 -16
86 -16
87 -17
88 -15
89 -16
90 -33
91 -50
92 -55
93 -33
94 -33
95 -16
96 -16
97 -33
98 -15
99 -15
100 -16
101 -16
102 -16
103 -27
104 -16
105 -27
106 -15
107 -16
108 -32
109 -32
110 -33
111 -16
112 -55
113 -27
114 -27
115 -17
116 -16
117 -55
118 -33
119 -55
120 -16
121 -50
122 -18
123 -15
124 -27
125 -16
126 -50
127 -15
128 -33
129 -27
130 -32
131 -48
132 -27
133 -27
134 -16
135 -55
136 -24
137 -16
138 -55
139 -50
140 -16
141 -33
142 -24
143 -16
144 -16
145 -16
146 -17
147 -15
148 -24
149 -16
150 -16
151 -24
152 -27
153 -27
154 -32
155 -24
156 -24
157 -15
158 -16
159 -16
160 -16
161 -33
162 -16
163 -16
164 -32
165 -70
166 -54
167 -50
168 -16
169 -16
170 -55
171 -16
172 -50
173 -19
174 -32
175 -16
176 -15
177 -50
178 -50
179 -16
180 -17
181 -50
182 -55
183 -24
184 -16
185 -16
186 -24
187 -50
188 -16
189 -50
190 -16
191 -55
192 -33
193 -32
194 -16
195 -33
196 -32
197 -55
198 -16
199 -27
200 -16
201 -15
202 -55
203 -16
204 -16
205 -16
206 -16
207 -16
208 -33
209 -33
210 -16
211 -34
212 -16
213 -30
214 -17
215 -23
216 -33
217 -50
218 -16
219 -33
220 -17
221 -50
222 -50
223 -50
224 -16
225 -15
226 -52
227 -27
228 -27
229 -33
230 -16
231 -27
232 -17
233 -55
234 -24
235 -16
236 -17
237 -17
238 -32
239 -16
240 -27
241 -16
242 -32
243 -55
244 -16
245 -33
246 -16
247 -55
248 -55
249 -27
250 -50
251 -16
252 -16
253 -67
254 -33
255 -50
256 -68
257 -50
258 -16
259 -16
260 -48
261 -55
262 -24
263 -24
264 -32
265 -33
266 -50
267 -17
268 -27
269 -17
270 -32
271 -33
272 -17
273 -24
274 -24
275 -16
276 -15
277 -16
278 -17
279 -16
280 -16
281 -55
282 -27
283 -15
284 -32
285 -24
286 -33
287 -55
288 -32
289 -32
290 -55
291 -50
292 -16
293 -27
294 -27
295 -24
296 -27
297 -16
298 -16
299 -33
300 -50
301 -16
302 -16
303 -24
304 -33
305 -27
306 -33
307 -17
308 -55
309 -50
310 -55
311 -27
312 -24
313 -33
314 -50
315 -33
316 -16
317 -50
318 -55
319 -18
320 -16
321 -32
322 -16
323 -17
324 -27
325 -33
326 -33
327 -27
328 -16
329 -16
330 -33
331 -55
332 -33
333 -16
334 -55
335 -87
336 -55
337 -24
338 -50
339 -16
340 -27
341 -16
342 -33
343 -32
344 -50
345 -24
346 -17
347 -16
348 -55
349 -27
350 -27
351 -33
352 -16
353 -16
354 -27
355 -32
356 -16
357 -24
358 -32
359 -25
360 -55
361 -16
362 -17
363 -24
364 -33
365 -50
366 -50
367 -32
368 -55
369 -55
370 -17
371 -50
372 -16
373 -33
374 -15
375 -24
376 -50
377 -33
378 -37
379 -33
380 -32
381 -33
382 -24
383 -16
384 -27
385 -50
386 -16
387 -27
388 -15
389 -32
390 -32
391 -16
392 -16
393 -15
394 -27
395 -55
396 -27
397 -15
398 -16
399 -50
400 -33
401 -24
402 -50
403 -24
404 -33
405 -17
406 -15
407 -15
408 -16
409 -32
410 -55
411 -16
412 -15
413 -24
414 -55
415 -32
416 -16
417 -16
418 -55
419 -15
420 -33
421 -17
422 -24
423 -15
424 -17
425 -33
426 -32
427 -24
428 -17
429 -16
430 -16
431 -15
432 -17
433 -32
434 -53
435 -15
436 -50
437 -16
438 -32
439 -33
440 -16
441 -33
442 -32
443 -24
444 -16
445 -33
446 -16
447 -24
448 -33
449 -17
450 -32
451 -24
452 -32
453 -15
454 -27
455 -16
456 -36
457 -33
458 -50
459 -55
460 -16
461 -24
462 -15
463 -27
464 -15
465 -27
466 -16
467 -32
468 -32
469 -47
470 -47
471 -24
472 -17
473 -15
474 -43
475 -15
476 -24
477 -16
478 -16
479 -24
480 -16
481 -27
482 -55
483 -50
484 -16
485 -50
486 -55
487 -27
488 -42
489 -33
490 -24
491 -17
492 -16
493 -32
494 -33
495 -33
496 -50
497 -16
498 -15
499 -32
500 -17
501 -55
502 -16
503 -55
504 -16
505 -16
506 -24
507 -33
508 -24
509 -17
510 -16
511 -15
512 -16
513 -33
514 -24
515 -16
516 -38
517 -55
518 -16
519 -50
520 -24
521 -15
522 -15
523 -24
524 -27
525 -54
526 -33
527 -27
528 -24
529 -24
530 -15
531 -16
532 -27
533 -17
534 -33
535 -34
536 -50
537 -16
538 -50
539 -15
540 -16
541 -55
542 -54
543 -27
544 -48
545 -33
546 -55
547 -32
548 -16
549 -55
550 -27
551 -33
552 -17
553 -50
554 -17
555 -17
556 -15
557 -55
558 -20
559 -50
560 -16
561 -16
562 -50
563 -32
564 -32
565 -30
566 -25
567 -16
568 -16
569 -16
570 -15
571 -33
572 -15
573 -16
574 -15
575 -15
576 -55
577 -17
578 -55
579 -33
580 -15
581 -16
582 -17
583 -17
584 -16
585 -16
586 -21
587 -27
588 -50
589 -18
590 -51
591 -24
592 -27
593 -28
594 -32
595 -55
596 -33
597 -27
598 -33
599 -24
600 -32
601 -16
602 -27
603 -24
604 -15
605 -17
606 -24
607 -24
608 -33
609 -32
610 -16
611 -16
612 -36
613 -27
614 -50
615 -39
616 -17
617 -32
618 -24
619 -15
620 -16
621 -50
622 -17
623 -17
624 -16
625 -50
626 -16
627 -24
628 -17
629 -50
630 -27
631 -50
632 -55
633 -20
634 -15
635 -55
636 -19
637 -27
638 -16
639 -24
640 -16
641 -16
642 -32
643 -55
644 -50
645 -32
646 -50
647 -27
648 -25
649 -16
650 -16
651 -32
652 -22
653 -66
654 -16
655 -55
656 -16
657 -55
658 -27
659 -33
660 -50
661 -16
662 -16
663 -33
664 -17
665 -15
666 -16
667 -55
668 -16
669 -16
670 -16
671 -32
672 -24
673 -15
674 -15
675 -21
676 -50
677 -15
678 -50
679 -27
680 -33
681 -16
682 -16
683 -55
684 -24
685 -24
686 -15
687 -15
688 -16
689 -27
690 -55
691 -33
692 -16
693 -16
694 -33
695 -24
696 -33
697 -50
698 -24
699 -16
700 -29
701 -16
702 -33
703 -50
704 -49
705 -16
706 -17
707 -17
708 -82
709 -19
710 -43
711 -15
712 -17
713 -32
714 -16
715 -55
716 -24
717 -33
718 -17
719 -16
720 -17
721 -55
722 -55
723 -24
724 -15
725 -27
726 -52
727 -15
728 -15
729 -55
730 -33
731 -50
732 -33
733 -20
734 -17
735 -27
736 -32
737 -16
738 -33
739 -16
740 -16
741 -15
742 -16
743 -17
744 -27
745 -50
746 -15
747 -15
748 -16
749 -16
750 -17
751 -15
752 -33
753 -16
754 -18
755 -17
756 -32
757 -32
758 -24
759 -17
760 -24
761 -16
762 -17
763 -50
764 -55
765 -17
766 -16
767 -33
768 -24
769 -27
770 -16
771 -33
772 -73
773 -50
774 -16
775 -58
776 -28
777 -50
778 -50
779 -17
780 -16
781 -27
782 -24
783 -27
784 -27
785 -55
786 -50
787 -52
788 -27
789 -27
790 -17
791 -33
792 -24
793 -25
794 -15
795 -27
796 -50
797 -15
798 -33
799 -32
800 -16
801 -16
802 -32
803 -15
804 -27
805 -62
806 -17
807 -16
808 -16
809 -27
810 -16
811 -15
812 -27
813 -16
814 -27
815 -15
816 -59
817 -15
818 -27
819 -16
820 -15
821 -15
822 -27
823 -54
824 -50
825 -24
826 -24
827 -17
828 -16
829 -16
830 -27
831 -16
832 -18
833 -27
834 -16
835 -24
836 -53
837 -16
838 -16
839 -24
840 -17
841 -15
842 -24
843 -55
844 -24
845 -32
846 -24
847 -27
848 -16
849 -33
850 -32
851 -16
852 -50
853 -41
854 -16
855 -17
856 -16
857 -17
858 -32
859 -55
860 -24
861 -16
862 -16
863 -16
864 -16
865 -24
866 -15
867 -17
868 -50
869 -16
870 -50
871 -16
872 -16
873 -33
874 -16
875 -17
876 -32
877 -17
878 -16
879 -15
880 -55
881 -32
882 -16
883 -27
884 -16
885 -24
886 -16
887 -16
888 -24
889 -17
890 -16
891 -16
892 -16
893 -32
894 -27
895 -17
896 -17
897 -24
898 -24
899 -33
900 -24
901 -16
902 -55
903 -55
904 -16
905 -15
906 -16
907 -33
908 -16
909 -16
910 -32
911 -16
912 -17
913 -15
914 -55
915 -32
916 -27
917 -16
918 -24
919 -59
920 -17
921 -17
922 -55
923 -27
924 -55
925 -60
926 -55
927 -33
928 -16
929 -15
930 -55
931 -15
932 -15
933 -16
934 -24
935 -16
936 -33
937 -33
938 -55
939 -32
940 -55
941 -27
942 -16
943 -16
944 -16
945 -15
946 -33
947 -18
948 -24
949 -15
950 -44
951 -32
952 -16
953 -55
954 -43
955 -33
956 -24
957 -16
958 -32
959 -24
960 -15
961 -32
962 -55
963 -50
964 -17
965 -54
966 -33
967 -16
968 -17
969 -16
970 -16
971 -55
972 -27
973 -55
974 -27
975 -16
976 -16
977 -55
978 -16
979 -15
980 -32
981 -54
982 -16
983 -16
984 -17
985 -16
986 -17
987 -16
988 -24
989 -27
990 -17
991 -27
992 -17
993 -50
994 -27
995 -24
996 -33
997 -16
998 -32
999 -50
