0 -33
1 -16
2 -16
3 -33
4 -55
5 -16
6 -24
7 -55
8 -16
9 -50
10 -27
11 -16
12 -55
13 -24
14 -16
15 -27
16 -27
17 -59
18 -49
19 -24
20 -17
21 -24
22 -27
23 -22
24 -16
25 -33
26 -16
27 -16
28 -16
29 -27
30 -22
31 -16
32 -55
33 -31
34 -27
35 -31
36 -47
37 -22
38 -16
39 -22
40 -50
41 -22
42 -50
43 -16
44 -27
45 -24
46 -17
47 -35
48 -16
49 -16
50 -33
51 -16
52 -49
53 -37
54 -16
55 -33
56 -17
57 -24
58 -55
59 -24
60 -16
61 -16
62 -16
63 -16
64 -24
65 -16
66 -67
67 -31
68 -24
69 -17
70 -50
71 -16
72 -17
73 -22
74 -31
75 -16
76 -31
77 -22
78 -24
79 -16
80 -50
81 -24
82 -33
83 -33
84 -22
85 -16
86 -24
87 -22
88 -22
89 -16
90 -18
91 -17
92 -22
93 -16
94 -16
95 -50
96 -65
97 -24
98 -17
99 -50
100 -16
101 -16
102 -16
103 -16
104 -16
105 -16
106 -16
107 -50
108 -16
109 -16
110 -16
111 -24
112 -52
113 -22
114 -27
115 -16
116 -17
117 -40
118 -33
119 -16
120 -16
121 -22
122 -33
123 -31
124 -16
125 -22
126 -27
127 -27
128 -17
129 -22
130 -17
131 -22
132 -17
133 -31
134 -16
135 -33
136 -27
137 -24
138 -16
139 -16
140 -16
141 -22
142 -33
143 -16
144 -24
145 -16
146 -33
147 -24
148 -85
149 -16
150 -22
151 -22
152 -55
153 -24
154 -16
155 -16
156 -50
157 -24
158 -27
159 -16
160 -33
161 -16
162 -16
163 -55
164 -16
165 -50
166 -17
167 -27
168 -55
169 -17
170 -33
171 -18
172 -16
173 -27
174 -16
175 -31
176 -17
177 -17
178 -27
179 -33
180 -16
181 -25
182 -30
183 -68
184 -16
185 -31
186 -16
187 -17
188 -27
189 -24
190 -16
191 -22
192 -50
193 -16
194 -50
195 -55
196 -55
197 -33
198 -50
199 -33
200 -16
201 -27
202 -51
203 -38
204 -16
205 -31
206 -24
207 -31
208 -22
209 -16
210 -16
211 -22
212 -17
213 -33
214 -17
215 -27
216 -36
217 -33
218 -50
219 -33
220 -22
221 -31
222 -22
223 -50
224 -33
225 -50
226 -27
227 -31
228 -55
229 -31
230 -16
231 -55
232 -16
233 -50
234 -17
235 -50
236 -16
237 -18
238 -50
239 -33
240 -50
241 -31
242 -16
243 -22
244 -16
245 -16
246 -27
247 -16
248 -55
249 -50
250 -55
251 -16
252 -17
253 -33
254 -33
255 -22
256 -16
257 -24
258 -16
259 -16
260 -16
261 -50
262 -16
263 -16
264 -55
265 -24
266 -16
267 -17
268 -24
269 -55
270 -16
271 -16
272 -50
273 -16
274 -27
275 -55
276 -16
277 -33
278 -22
279 -27
280 -34
281 -55
282 -22
283 -37
284 -17
285 -33
286 -16
287 -27
288 -22
289 -31
290 -22
291 -55
292 -16
293 -16
294 -55
295 -55
296 -33
297 -24
298 -16
299 -16
300 -33
301 -55
302 -27
303 -50
304 -27
305 -31
306 -50
307 -24
308 -16
309 -31
310 -24
311 -22
312 -16
313 -16
314 -16
315 -33
316 -31
317 -33
318 -16
319 -16
320 -24
321 -16
322 -24
323 -17
324 -46
325 -33
326 -17
327 -32
328 -16
329 -55
330 -16
331 -50
332 -22
333 -27
334 -31
335 -31
336 -16
337 -33
338 -22
339 -21
340 -33
341 -17
342 -33
343 -31
344 -33
345 -22
346 -27
347 -24
348 -24
349 -16
350 -27
351 -16
352 -16
353 -16
354 -27
355 -24
356 -22
357 -24
358 -31
359 -16
360 -17
361 -33
362 -27
363 -17
364 -17
365 -27
366 -24
367 -27
368 -27
369 -27
370 -31
371 -16
372 -22
373 -50
374 -24
375 -27
376 -17
377 -27
378 -27
379 -24
380 -22
381 -55
382 -27
383 -55
384 -66
385 -50
386 -24
387 -16
388 -17
389 -17
390 -50
391 -16
392 -50
393 -16
394 -16
395 -55
396 -17
397 -55
398 -17
399 -16
400 -41
401 -16
402 -17
403 -22
404 -24
405 -16
406 -54
407 -50
408 -55
409 -22
410 -22
411 -24
412 -16
413 -16
414 -55
415 -27
416 -24
417 -16
418 -16
419 -55
420 -33
421 -16
422 -55
423 -24
424 -33
425 -22
426 -24
427 -16
428 -16
429 -27
430 -55
431 -16
432 -50
433 -16
434 -16
435 -18
436 -55
437 -16
438 -20
439 -50
440 -16
441 -27
442 -17
443 -16
444 -33
445 -55
446 -31
447 -50
448 -33
449 -16
450 -31
451 -16
452 -16
453 -17
454 -33
455 -27
456 -33
457 -18
458 -55
459 -17
460 -16
461 -50
462 -47
463 -24
464 -16
465 -16
466 -33
467 -50
468 -33
469 -22
470 -23
471 -16
472 -17
473 -16
474 -33
475 -27
476 -55
477 -33
478 -22
479 -55
480 -29
481 -17
482 -31
483 -16
484 -16
485 -24
486 -24
487 -27
488 -50
489 -55
490 -17
491 -33
492 -16
493 -33
494 -22
495 -50
496 -22
497 -50
498 -16
499 -16
500 -16
501 -33
502 -22
503 -17
504 -22
505 -55
506 -23
507 -16
508 -31
509 -27
510 -16
511 -16
512 -31
513 -27
514 -22
515 -22
516 -16
517 -31
518 -50
519 -27
520 -55
521 -50
522 -31
523 -16
524 -22
525 -17
526 -55
527 -16
528 -31
529 -55
530 -33
531 -24
532 -24
533 -50
534 -24
535 -31
536 -31
537 -24
538 -22
539 -17
540 -16
541 -24
542 -33
543 -16
544 -33
545 -16
546 -31
547 -27
548 -55
549 -16
550 -24
551 -22
552 -50
553 -24
554 -33
555 -16
556 -31
557 -33
558 -30
559 -55
560 -27
561 -27
562 -16
563 -55
564 -50
565 -22
566 -16
567 -55
568 -17
569 -16
570 -20
571 -33
572 -16
573 -22
574 -24
575 -31
576 -50
577 -33
578 -50
579 -17
580 -16
581 -50
582 -16
583 -17
584 -27
585 -16
586 -33
587 -16
588 -22
589 -24
590 -50
591 -16
592 -27
593 -87
594 -50
595 -16
596 -55
597 -66
598 -16
599 -64
600 -27
601 -27
602 -33
603 -50
604 -16
605 -27
606 -16
607 -55
608 -16
609 -16
610 -23
611 -27
612 -31
613 -50
614 -16
615 -55
616 -16
617 -21
618 -33
619 -31
620 -27
621 -16
622 -27
623 -31
624 -33
625 -24
626 -17
627 -21
628 -33
629 -31
630 -16
631 -17
632 -16
633 -22
634 -16
635 -27
636 -24
637 -31
638 -22
639 -16
640 -33
641 -27
642 -31
643 -31
644 -16
645 -22
646 -55
647 -50
648 -16
649 -24
650 -24
651 -17
652 -17
653 -23
654 -16
655 -27
656 -24
657 -31
658 -16
659 -24
660 -59
661 -36
662 -31
663 -33
664 -31
665 -27
666 -22
667 -31
668 -16
669 -16
670 -17
671 -16
672 -50
673 -24
674 -27
675 -17
676 -55
677 -16
678 -31
679 -55
680 -24
681 -24
682 -55
683 -16
684 -24
685 -33
686 -22
687 -33
688 -24
689 -24
690 -16
691 -17
692 -16
693 -24
694 -55
695 -27
696 -16
697 -55
698 -35
699 -60
700 -33
701 -33
702 -22
703 -16
704 -24
705 -33
706 -16
707 -31
708 -55
709 -16
710 -22
711 -55
712 -17
713 -33
714 -70
715 -55
716 -16
717 -25
718 -24
719 -16
720 -31
721 -17
722 -50
723 -28
724 -16
725 -27
726 -33
727 -45
728 -16
729 -17
730 -16
731 -17
732 -16
733 -16
734 -16
735 -16
736 -26
737 -50
738 -22
739 -16
740 -17
741 -24
742 -55
743 -24
744 -17
745 -55
746 -31
747 -50
748 -31
749 -36
750 -50
751 -55
752 -22
753 -16
754 -16
755 -31
756 -27
757 -22
758 -24
759 -33
760 -33
761 -50
762 -16
763 -23
764 -16
765 -31
766 -50
767 -50
768 -16
769 -27
770 -55
771 -16
772 -22
773 -50
774 -24
775 -16
776 -16
777 -27
778 -27
779 -22
780 -50
781 -33
782 -27
783 -55
784 -33
785 -27
786 -31
787 -17
788 -31
789 -27
790 -24
791 -34
792 -16
793 -24
794 -55
795 -24
796 -50
797 -16
798 -17
799 -16
800 -31
801 -16
802 -16
803 -16
804 -17
805 -16
806 -16
807 -31
808 -54
809 -17
810 -55
811 -16
812 -50
813 -50
814 -27
815 -50
816 -33
817 -16
818 -50
819 -27
820 -16
821 -27
822 -54
823 -31
824 -16
825 -22
826 -54
827 -27
828 -22
829 -31
830 -31
831 -24
832 -50
833 -16
834 -48
835 -16
836 -16
837 -24
838 -55
839 -16
840 -16
841 -50
842 -17
843 -33
844 -16
845 -33
846 -16
847 -50
848 -33
849 -22
850 -55
851 -55
852 -16
853 -55
854 -27
855 -16
856 -24
857 -17
858 -60
859 -16
860 -47
861 -33
862 -29
863 -50
864 -27
865 -55
866 -16
867 -16
868 -16
869 -50
870 -27
871 -16
872 -27
873 -17
874 -27
875 -22
876 -50
877 -17
878 -17
879 -31
880 -31
881 -31
882 -16
883 -16
884 -16
885 -16
886 -24
887 -22
888 -33
889 -24
890 -24
891 -31
892 -26
893 -27
894 -27
895 -24
896 -22
897 -16
898 -19
899 -55
900 -26
901 -16
902 -55
903 -41
904 -17
905 -22
906 -16
907 -16
908 -55
909 -33
910 -55
911 -16
912 -16
913 -17
914 -27
915 -60
916 -55
917 -24
918 -16
919 -24
920 -17
921 -31
922 -22
923 -33
924 -31
925 -16
926 -16
927 -50
928 -22
929 -38
930 -31
931 -22
932 -59
933 -16
934 -16
935 -17
936 -60
937 -16
938 -27
939 -55
940 -17
941 -33
942 -24
943 -25
944 -16
945 -16
946 -22
947 -16
948 -27
949 -33
950 -16
951 -16
952 -16
953 -16
954 -47
955 -16
956 -24
957 -24
958 -24
959 -16
960 -31
961 -55
962 -16
963 -27
964 -17
965 -16
966 -22
967 -31
968 -16
969 -16
970 -27
971 -16
972 -33
973 -55
974 -16
975 -16
976 -16
977 -22
978 -16
979 -17
980 -24
981 -16
982 -23
983 -17
984 -27
985 -50
986 -16
987 -55
988 -24
989 -55
990 -25
991 -16
992 -50
993 -16
994 -17
995 -50
996 -16
997 -27
998 -24
999 -50
