0 -27
1 -50
2 -55
3 -42
4 -27
5 -35
6 -50
7 -55
8 -35
9 -55
10 -27
11 -24
12 -16
13 -16
14 -35
15 -55
16 -17
17 -16
18 -27
19 -27
20 -35
21 -17
22 -35
23 -51
24 -27
25 -40
26 -27
27 -16
28 -27
29 -16
30 -35
31 -16
32 -16
33 -50
34 -24
35 -35
36 -55
37 -17
38 -51
39 -16
40 -27
41 -27
42 -23
43 -16
44 -55
45 -16
46 -27
47 -17
48 -17
49 -16
50 -24
51 -33
52 -35
53 -16
54 -16
55 -16
56 -37
57 -23
58 -27
59 -27
60 -16
61 -16
62 -24
63 -16
64 -17
65 -17
66 -24
67 -50
68 -55
69 -50
70 -51
71 -51
72 -27
73 -35
74 -55
75 -35
76 -55
77 -24
78 -52
79 -17
80 -17
81 -26
82 -50
83 -24
84 -27
85 -17
86 -16
87 -24
88 -16
89 -16
90 -27
91 -16
92 -35
93 -16
94 -17
95 -16
96 -50
97 -16
98 -16
99 -35
100 -51
101 -25
102 -24
103 -31
104 -55
105 -51
106 -17
107 -24
108 -36
109 -55
110 -55
111 -17
112 -35
113 -24
114 -24
115 -35
116 -24
117 -57
118 -45
119 -27
120 -27
121 -16
122 -55
123 -51
124 -16
125 -17
126 -16
127 -35
128 -16
129 -27
130 -16
131 -17
132 -35
133 -24
134 -16
135 -50
136 -50
137 -27
138 -17
139 -24
140 -17
141 -15
142 -27
143 -50
144 -17
145 -27
146 -16
147 -51
148 -24
149 -17
150 -16
151 -50
152 -16
153 -16
154 -16
155 -22
156 -17
157 -49
158 -16
159 -55
160 -59
161 -50
162 -35
163 -44
164 -16
165 -27
166 -16
167 -16
168 -51
169 -16
170 -27
171 -51
172 -51
173 -27
174 -35
175 -16
176 -27
177 -24
178 -17
179 -57
180 -51
181 -50
182 -50
183 -27
184 -27
185 -16
186 -35
187 -35
188 -50
189 -35
190 -27
191 -27
192 -27
193 -55
194 -27
195 -27
196 -50
197 -17
198 -27
199 -35
200 -35
201 -17
202 -24
203 -24
204 -16
205 -27
206 -50
207 -24
208 -16
209 -27
210 -27
211 -17
212 -27
213 -51
214 -21
215 -47
216 -16
217 -27
218 -24
219 -59
220 -17
221 -25
222 -16
223 -51
224 -17
225 -38
226 -51
227 -27
228 -16
229 -51
230 -16
231 -27
232 -27
233 -52
234 -16
235 -16
236 -45
237 -27
238 -55
239 -17
240 -17
241 -50
242 -27
243 -16
244 -17
245 -32
246 -24
247 -17
248 -50
249 -16
250 -17
251 -50
252 -27
253 -27
254 -16
255 -35
256 -51
257 -17
258 -19
259 -51
260 -51
261 -16
262 -16
263 -29
264 -35
265 -17
266 -16
267 -16
268 -16
269 -50
270 -16
271 -50
272 -23
273 -16
274 -27
275 -55
276 -35
277 -16
278 -24
279 -82
280 -22
281 -17
282 -16
283 -17
284 -35
285 -55
286 -16
287 -27
288 -27
289 -50
290 -18
291 -27
292 -35
293 -16
294 -46
295 -17
296 -24
297 -16
298 -44
299 -55
300 -27
301 -50
302 -51
303 -24
304 -55
305 -16
306 -16
307 -27
308 -16
309 -35
310 -60
311 -24
312 -27
313 -16
314 -27
315 -27
316 -55
317 -24
318 -24
319 -16
320 -27
321 -27
322 -16
323 -55
324 -27
325 -16
326 -24
327 -16
328 -16
329 -24
330 -16
331 -55
332 -17
333 -35
334 -55
335 -23
336 -55
337 -17
338 -17
339 -27
340 -24
341 -27
342 -16
343 -35
344 -17
345 -24
346 -17
347 -48
348 -27
349 -24
350 -27
351 -27
352 -55
353 -33
354 -40
355 -35
356 -55
357 -24
358 -35
359 -50
360 -55
361 -51
362 -27
363 -51
364 -16
365 -27
366 -35
367 -16
368 -50
369 -24
370 -24
371 -24
372 -17
373 -16
374 -27
375 -55
376 -24
377 -54
378 -35
379 -24
380 -37
381 -50
382 -27
383 -16
384 -55
385 -16
386 -35
387 -28
388 -50
389 -27
390 -27
391 -16
392 -24
393 -50
394 -51
395 -16
396 -27
397 -27
398 -35
399 -16
400 -35
401 -16
402 -51
403 -16
404 -51
405 -16
406 -17
407 -50
408 -16
409 -27
410 -42
411 -55
412 -24
413 -16
414 -24
415 -50
416 -16
417 -17
418 -27
419 -51
420 -16
421 -51
422 -21
423 -27
424 -55
425 -50
426 -17
427 -55
428 -17
429 -50
430 -27
431 -16
432 -27
433 -51
434 -16
435 -51
436 -27
437 -24
438 -55
439 -55
440 -50
441 -55
442 -46
443 -50
444 -16
445 -51
446 -55
447 -16
448 -16
449 -51
450 -50
451 -17
452 -16
453 -27
454 -50
455 -50
456 -27
457 -51
458 -50
459 -35
460 -55
461 -16
462 -50
463 -16
464 -27
465 -55
466 -27
467 -16
468 -17
469 -50
470 -35
471 -24
472 -16
473 -53
474 -24
475 -16
476 -16
477 -17
478 -35
479 -16
480 -50
481 -51
482 -55
483 -27
484 -17
485 -51
486 -24
487 -55
488 -17
489 -22
490 -35
491 -27
492 -24
493 -17
494 -16
495 -16
496 -55
497 -16
498 -24
499 -16
500 -16
501 -50
502 -27
503 -51
504 -55
505 -51
506 -16
507 -16
508 -16
509 -24
510 -35
511 -16
512 -16
513 -24
514 -16
515 -16
516 -35
517 -27
518 -16
519 -16
520 -16
521 -16
522 -17
523 -17
524 -27
525 -16
526 -16
527 -24
528 -16
529 -35
530 -17
531 -35
532 -27
533 -50
534 -35
535 -21
536 -35
537 -55
538 -65
539 -16
540 -24
541 -51
542 -27
543 -16
544 -24
545 -27
546 -16
547 -55
548 -27
549 -27
550 -51
551 -55
552 -17
553 -16
554 -17
555 -16
556 -17
557 -16
558 -16
559 -16
560 -17
561 -24
562 -92
563 -27
564 -23
565 -51
566 -17
567 -46
568 -16
569 -35
570 -16
571 -55
572 -16
573 -55
574 -19
575 -17
576 -50
577 -27
578 -35
579 -16
580 -17
581 -27
582 -50
583 -16
584 -27
585 -50
586 -50
587 -24
588 -17
589 -55
590 -30
591 -35
592 -51
593 -55
594 -55
595 -16
596 -88
597 -51
598 -42
599 -47
600 -17
601 -51
602 -16
603 -16
604 -17
605 -55
606 -69
607 -44
608 -27
609 -24
610 -16
611 -27
612 -21
613 -17
614 -16
615 -35
616 -59
617 -16
618 -50
619 -50
620 -27
621 -55
622 -16
623 -16
624 -16
625 -51
626 -17
627 -35
628 -44
629 -27
630 -55
631 -16
632 -27
633 -24
634 -16
635 -27
636 -27
637 -50
638 -16
639 -50
640 -16
641 -17
642 -51
643 -16
644 -16
645 -16
646 -16
647 -27
648 -50
649 -35
650 -27
651 -16
652 -27
653 -35
654 -17
655 -16
656 -82
657 -16
658 -16
659 -27
660 -17
661 -27
662 -16
663 -17
664 -17
665 -27
666 -16
667 -17
668 -88
669 -27
670 -24
671 -16
672 -35
673 -16
674 -31
675 -87
676 -35
677 -16
678 -16
679 -19
680 -55
681 -27
682 -16
683 -27
684 -16
685 -50
686 -16
687 -16
688 -27
689 -51
690 -36
691 -16
692 -16
693 -51
694 -17
695 -16
696 -16
697 -55
698 -24
699 -16
700 -27
701 -16
702 -16
703 -16
704 -16
705 -51
706 -55
707 -16
708 -16
709 -27
710 -17
711 -35
712 -50
713 -17
714 -50
715 -16
716 -35
717 -16
718 -16
719 -50
720 -27
721 -27
722 -50
723 -16
724 -55
725 -27
726 -55
727 -16
728 -24
729 -16
730 -35
731 -16
732 -27
733 -35
734 -16
735 -17
736 -55
737 -16
738 -24
739 -27
740 -55
741 -16
742 -24
743 -16
744 -27
745 -17
746 -17
747 -24
748 -47
749 -27
750 -37
751 -51
752 -27
753 -27
754 -27
755 -27
756 -51
757 -35
758 -24
759 -16
760 -51
761 -55
762 -27
763 -35
764 -27
765 -16
766 -17
767 -27
768 -55
769 -42
770 -17
771 -16
772 -17
773 -16
774 -17
775 -35
776 -35
777 -16
778 -27
779 -16
780 -27
781 -51
782 -16
783 -51
784 -16
785 -16
786 -51
787 -55
788 -52
789 -16
790 -24
791 -16
792 -16
793 -16
794 -35
795 -16
796 -27
797 -51
798 -16
799 -35
800 -35
801 -16
802 -55
803 -42
804 -32
805 -27
806 -55
807 -24
808 -27
809 -16
810 -16
811 -51
812 -50
813 -16
814 -55
815 -51
816 -16
817 -35
818 -55
819 -27
820 -27
821 -24
822 -35
823 -27
824 -16
825 -27
826 -16
827 -55
828 -16
829 -35
830 -35
831 -17
832 -27
833 -54
834 -27
835 -24
836 -35
837 -27
838 -27
839 -51
840 -27
841 -17
842 -50
843 -16
844 -50
845 -17
846 -16
847 -16
848 -27
849 -28
850 -27
851 -35
852 -50
853 -17
854 -16
855 -35
856 -27
857 -55
858 -35
859 -16
860 -27
861 -38
862 -27
863 -51
864 -51
865 -16
866 -27
867 -27
868 -35
869 -50
870 -27
871 -24
872 -16
873 -27
874 -63
875 -16
876 -17
877 -65
878 -16
879 -27
880 -17
881 -16
882 -35
883 -17
884 -27
885 -55
886 -35
887 -21
888 -27
889 -16
890 -27
891 -35
892 -27
893 -42
894 -17
895 -41
896 -27
897 -17
898 -35
899 -35
900 -35
901 -27
902 -25
903 -17
904 -16
905 -17
906 -35
907 -24
908 -35
909 -55
910 -55
911 -24
912 -50
913 -24
914 -64
915 -27
916 -16
917 -43
918 -16
919 -27
920 -43
921 -16
922 -16
923 -35
924 -16
925 -16
926 -16
927 -35
928 -27
929 -16
930 -51
931 -16
932 -50
933 -27
934 -35
935 -27
936 -24
937 -16
938 -16
939 -55
940 -55
941 -16
942 -16
943 -35
944 -51
945 -51
946 -50
947 -67
948 -35
949 -60
950 -16
951 -55
952 -51
953 -27
954 -50
955 -16
956 -56
957 -16
958 -37
959 -27
960 -27
961 -35
962 -24
963 -16
964 -51
965 -24
966 -17
967 -27
968 -35
969 -55
970 -16
971 -35
972 -16
973 -55
974 -16
975 -17
976 -27
977 -51
978 -50
979 -16
980 -27
981 -16
982 -16
983 -50
984 -16
985 -27
986 -27
987 -35
988 -27
989 -16
990 -24
991 -27
992 -51
993 -16
994 -16
995 -55
996 -27
997 -63
998 -16
999 -50
