0 -16
1 -59
2 -55
3 -57
4 -57
5 -16
6 -16
7 -17
8 -17
9 -32
10 -32
11 -44
12 -17
13 -57
14 -24
15 -27
16 -17
17 -33
18 -89
19 -27
20 -32
21 -16
22 -16
23 -27
24 -16
25 -16
26 -50
27 -24
28 -16
29 -32
30 -32
31 -32
32 -24
33 -16
34 -16
35 -17
36 -27
37 -16
38 -57
39 -32
40 -24
41 -16
42 -55
43 -16
44 -27
45 -57
46 -32
47 -51
48 -16
49 -16
50 -16
51 -32
52 -50
53 -16
54 -57
55 -24
56 -17
57 -33
58 -17
59 -33
60 -24
61 -16
62 -27
63 -27
64 -17
65 -32
66 -50
67 -57
68 -16
69 -32
70 -32
71 -55
72 -27
73 -16
74 -21
75 -17
76 -32
77 -16
78 -27
79 -55
80 -32
81 -61
82 -55
83 -32
84 -24
85 -17
86 -24
87 -57
88 -16
89 -57
90 -27
91 -57
92 -32
93 -32
94 -17
95 -50
96 -16
97 -20
98 -24
99 -32
100 -50
101 -16
102 -16
103 -50
104 -33
105 -33
106 -16
107 -24
108 -16
109 -33
110 -24
111 -35
112 -57
113 -16
114 -57
115 -16
116 -16
117 -32
118 -24
119 -27
120 -27
121 -27
122 -27
123 -57
124 -57
125 -16
126 -16
127 -16
128 -16
129 -24
130 -50
131 -87
132 -33
133 -23
134 -33
135 -57
136 -16
137 -32
138 -18
139 -21
140 -16
141 -33
142 -33
143 -27
144 -55
145 -50
146 -17
147 -52
148 -33
149 -32
150 -21
151 -55
152 -16
153 -27
154 -16
155 -38
156 -50
157 -17
158 -16
159 -32
160 -32
161 -17
162 -16
163 -16
164 -50
165 -27
166 -50
167 -50
168 -16
169 -27
170 -16
171 -16
172 -16
173 -16
174 -55
175 -55
176 -51
177 -32
178 -27
179 -55
180 -33
181 -55
182 -46
183 -16
184 -44
185 -57
186 -33
187 -17
188 -32
189 -55
190 -16
191 -24
192 -16
193 -16
194 -31
195 -55
196 -57
197 -33
198 -24
199 -16
200 -50
201 -55
202 -33
203 -55
204 -33
205 -17
206 -16
207 -16
208 -50
209 -55
210 -32
211 -50
212 -33
213 -16
214 -55
215 -61
216 -42
217 -27
218 -16
219 -24
220 -16
221 -16
222 -57
223 -16
224 -16
225 -27
226 -41
227 -33
228 -16
229 -50
230 -16
231 -50
232 -32
233 -57
234 -16
235 -57
236 -57
237 -32
238 -16
239 -57
240 -16
241 -32
242 -33
243 -92
244 -16
245 -27
246 -16
247 -21
248 -17
249 -17
250 -16
251 -16
252 -27
253 -41
254 -33
255 -16
256 -16
257 -16
258 -20
259 -17
260 -57
261 -55
262 -33
263 -16
264 -50
265 -26
266 -16
267 -32
268 -16
269 -16
270 -32
271 -16
272 -27
273 -17
274 -27
275 -16
276 -24
277 -55
278 -16
279 -17
280 -24
281 -57
282 -27
283 -32
284 -57
285 -57
286 -32
287 -33
288 -17
289 -16
290 -16
291 -24
292 -16
293 -16
294 -50
295 -50
296 -57
297 -16
298 -32
299 -57
300 -32
301 -57
302 -33
303 -33
304 -50
305 -16
306 -57
307 -38
308 -24
309 -24
310 -33
311 -32
312 -27
313 -16
314 -57
315 -16
316 -57
317 -16
318 -57
319 -33
320 -33
321 -24
322 -89
323 -27
324 -32
325 -16
326 -50
327 -16
328 -17
329 -16
330 -16
331 -33
332 -24
333 -17
334 -27
335 -27
336 -20
337 -57
338 -24
339 -16
340 -33
341 -16
342 -16
343 -50
344 -16
345 -17
346 -50
347 -50
348 -57
349 -57
350 -16
351 -50
352 -57
353 -16
354 -17
355 -40
356 -33
357 -16
358 -66
359 -67
360 -50
361 -33
362 -32
363 -24
364 -16
365 -33
366 -50
367 -17
368 -67
369 -16
370 -32
371 -24
372 -33
373 -32
374 -57
375 -55
376 -24
377 -16
378 -16
379 -50
380 -50
381 -34
382 -16
383 -33
384 -55
385 -22
386 -16
387 -24
388 -50
389 -27
390 -24
391 -16
392 -32
393 -16
394 -57
395 -16
396 -16
397 -55
398 -33
399 -16
400 -16
401 -55
402 -16
403 -32
404 -17
405 -50
406 -55
407 -24
408 -16
409 -16
410 -57
411 -55
412 -27
413 -16
414 -52
415 -17
416 -16
417 -59
418 -16
419 -17
420 -55
421 -16
422 -61
423 -33
424 -27
425 -20
426 -24
427 -16
428 -33
429 -24
430 -32
431 -17
432 -32
433 -57
434 -16
435 -16
436 -50
437 -16
438 -74
439 -16
440 -44
441 -16
442 -16
443 -15
444 -32
445 -22
446 -50
447 -17
448 -33
449 -58
450 -24
451 -18
452 -17
453 -32
454 -16
455 -27
456 -16
457 -17
458 -46
459 -24
460 -39
461 -16
462 -32
463 -24
464 -57
465 -50
466 -22
467 -16
468 -16
469 -32
470 -16
471 -16
472 -16
473 -16
474 -27
475 -16
476 -27
477 -55
478 -17
479 -33
480 -16
481 -33
482 -32
483 -33
484 -17
485 -17
486 -17
487 -55
488 -27
489 -24
490 -17
491 -55
492 -27
493 -33
494 -57
495 -16
496 -50
497 -50
498 -50
499 -50
500 -50
501 -27
502 -17
503 -27
504 -27
505 -57
506 -33
507 -16
508 -33
509 -16
510 -55
511 -33
512 -17
513 -57
514 -16
515 -27
516 -19
517 -16
518 -16
519 -50
520 -19
521 -24
522 -35
523 -16
524 -16
525 -57
526 -29
527 -16
528 -50
529 -32
530 -55
531 -16
532 -20
533 -19
534 -16
535 -17
536 -27
537 -16
538 -27
539 -15
540 -33
541 -57
542 -32
543 -24
544 -17
545 -32
546 -27
547 -24
548 -16
549 -17
550 -16
551 -33
552 -55
553 -27
554 -17
555 -16
556 -49
557 -27
558 -27
559 -32
560 -16
561 -55
562 -16
563 -33
564 -55
565 -33
566 -77
567 -39
568 -33
569 -24
570 -16
571 -50
572 -21
573 -16
574 -32
575 -50
576 -29
577 -32
578 -57
579 -32
580 -27
581 -16
582 -33
583 -16
584 -19
585 -16
586 -27
587 -33
588 -24
589 -24
590 -33
591 -57
592 -33
593 -27
594 -50
595 -16
596 -16
597 -32
598 -57
599 -33
600 -17
601 -50
602 -32
603 -33
604 -41
605 -58
606 -16
607 -32
608 -24
609 -57
610 -17
611 -50
612 -33
613 -55
614 -55
615 -16
616 -32
617 -16
618 -55
619 -37
620 -27
621 -27
622 -16
623 -24
624 -57
625 -33
626 -24
627 -27
628 -32
629 -55
630 -16
631 -57
632 -55
633 -24
634 -17
635 -27
636 -55
637 -16
638 -32
639 -32
640 -16
641 -24
642 -32
643 -33
644 -16
645 -16
646 -17
647 -43
648 -33
649 -24
650 -36
651 -32
652 -17
653 -16
654 -55
655 -55
656 -16
657 -41
658 -33
659 -51
660 -33
661 -17
662 -16
663 -16
664 -16
665 -57
666 -24
667 -15
668 -24
669 -17
670 -33
671 -33
672 -16
673 -57
674 -57
675 -16
676 -50
677 -27
678 -57
679 -16
680 -50
681 -16
682 -55
683 -33
684 -50
685 -16
686 -36
687 -16
688 -55
689 -57
690 -27
691 -33
692 -16
693 -32
694 -32
695 -33
696 -33
697 -57
698 -16
699 -24
700 -57
701 -16
702 -27
703 -32
704 -33
705 -27
706 -55
707 -16
708 -27
709 -16
710 -50
711 -16
712 -27
713 -16
714 -32
715 -27
716 -16
717 -16
718 -16
719 -24
720 -16
721 -55
722 -16
723 -89
724 -50
725 -32
726 -16
727 -32
728 -16
729 -24
730 -55
731 -16
732 -16
733 -20
734 -18
735 -47
736 -50
737 -24
738 -27
739 -57
740 -16
741 -55
742 -55
743 -16
744 -32
745 -55
746 -16
747 -16
748 -50
749 -33
750 -16
751 -16
752 -33
753 -32
754 -16
755 -16
756 -87
757 -33
758 -57
759 -33
760 -16
761 -27
762 -24
763 -16
764 -50
765 -33
766 -33
767 -33
768 -33
769 -27
770 -27
771 -32
772 -27
773 -16
774 -60
775 -55
776 -32
777 -17
778 -32
779 -33
780 -16
781 -32
782 -16
783 -33
784 -24
785 -55
786 -16
787 -50
788 -57
789 -17
790 -16
791 -24
792 -27
793 -16
794 -24
795 -24
796 -33
797 -27
798 -16
799 -16
800 -16
801 -16
802 -32
803 -16
804 -17
805 -16
806 -50
807 -16
808 -16
809 -16
810 -55
811 -24
812 -32
813 -57
814 -24
815 -16
816 -16
817 -61
818 -32
819 -27
820 -24
821 -24
822 -16
823 -17
824 -24
825 -16
826 -16
827 -62
828 -16
829 -57
830 -57
831 -57
832 -16
833 -56
834 -17
835 -55
836 -16
837 -33
838 -16
839 -33
840 -24
841 -16
842 -16
843 -17
844 -16
845 -16
846 -55
847 -17
848 -33
849 -57
850 -65
851 -32
852 -24
853 -16
854 -55
855 -16
856 -57
857 -16
858 -32
859 -16
860 -16
861 -24
862 -24
863 -17
864 -16
865 -27
866 -57
867 -55
868 -27
869 -24
870 -32
871 -16
872 -27
873 -57
874 -24
875 -14
876 -57
877 -16
878 -16
879 -33
880 -16
881 -24
882 -17
883 -50
884 -16
885 -55
886 -16
887 -24
888 -57
889 -27
890 -24
891 -16
892 -16
893 -24
894 -32
895 -55
896 -39
897 -16
898 -17
899 -33
900 -17
901 -16
902 -55
903 -50
904 -32
905 -57
906 -16
907 -57
908 -17
909 -59
910 -16
911 -43
912 -55
913 -16
914 -33
915 -61
916 -33
917 -24
918 -55
919 -17
920 -33
921 -27
922 -27
923 -17
924 -27
925 -16
926 -16
927 -17
928 -57
929 -57
930 -24
931 -50
932 -33
933 -27
934 -50
935 -16
936 -55
937 -32
938 -16
939 -56
940 -16
941 -57
942 -17
943 -16
944 -55
945 -17
946 -27
947 -27
948 -16
949 -31
950 -27
951 -16
952 -16
953 -50
954 -50
955 -16
956 -17
957 -32
958 -33
959 -32
960 -55
961 -33
962 -56
963 -31
964 -24
965 -46
966 -33
967 -32
968 -57
969 -32
970 -17
971 -47
972 -16
973 -50
974 -33
975 -16
976 -17
977 -17
978 -27
979 -17
980 -55
981 -16
982 -55
983 -32
984 -17
985 -17
986 -24
987 -16
988 -24
989 -47
990 -50
991 -57
992 -27
993 -27
994 -16
995 -24
996 -16
997 -33
998 -60
999 -16
