0 -51
1 -55
2 -50
3 -16
4 -16
5 -34
6 -55
7 -16
8 -16
9 -16
10 -41
11 -27
12 -17
13 -44
14 -53
15 -16
16 -50
17 -34
18 -27
19 -36
20 -51
21 -27
22 -17
23 -34
24 -16
25 -17
26 -41
27 -16
28 -17
29 -16
30 -34
31 -27
32 -47
33 -50
34 -27
35 -50
36 -55
37 -16
38 -34
39 -27
40 -51
41 -41
42 -17
43 -16
44 -17
45 -83
46 -34
47 -51
48 -16
49 -25
50 -16
51 -34
52 -41
53 -87
54 -51
55 -16
56 -41
57 -35
58 -20
59 -16
60 -34
61 -27
62 -16
63 -51
64 -55
65 -51
66 -50
67 -25
68 -34
69 -41
70 -41
71 -16
72 -50
73 -41
74 -16
75 -51
76 -50
77 -17
78 -50
79 -34
80 -16
81 -17
82 -16
83 -16
84 -66
85 -17
86 -27
87 -50
88 -27
89 -55
90 -34
91 -34
92 -16
93 -27
94 -17
95 -27
96 -16
97 -27
98 -34
99 -16
100 -18
101 -41
102 -16
103 -55
104 -34
105 -16
106 -17
107 -34
108 -17
109 -50
110 -34
111 -16
112 -16
113 -55
114 -47
115 -51
116 -51
117 -34
118 -55
119 -50
120 -27
121 -27
122 -33
123 -50
124 -16
125 -16
126 -16
127 -34
128 -55
129 -34
130 -34
131 -50
132 -16
133 -16
134 -27
135 -16
136 -27
137 -16
138 -50
139 -51
140 -17
141 -49
142 -41
143 -55
144 -55
145 -16
146 -34
147 -34
148 -17
149 -27
150 -55
151 -41
152 -17
153 -51
154 -55
155 -16
156 -51
157 -16
158 -51
159 -16
160 -16
161 -51
162 -34
163 -16
164 -51
165 -17
166 -34
167 -50
168 -27
169 -16
170 -16
171 -27
172 -41
173 -27
174 -41
175 -16
176 -51
177 -36
178 -16
179 -16
180 -34
181 -17
182 -41
183 -41
184 -34
185 -50
186 -16
187 -17
188 -17
189 -34
190 -51
191 -50
192 -51
193 -50
194 -51
195 -16
196 -27
197 -25
198 -16
199 -55
200 -27
201 -51
202 -17
203 -20
204 -16
205 -50
206 -16
207 -34
208 -17
209 -41
210 -16
211 -41
212 -18
213 -41
214 -16
215 -16
216 -17
217 -26
218 -41
219 -17
220 -16
221 -34
222 -16
223 -16
224 -17
225 -16
226 -34
227 -27
228 -34
229 -41
230 -34
231 -49
232 -51
233 -34
234 -55
235 -34
236 -55
237 -51
238 -50
239 -51
240 -16
241 -27
242 -34
243 -16
244 -50
245 -41
246 -16
247 -42
248 -16
249 -27
250 -17
251 -16
252 -30
253 -51
254 -17
255 -50
256 -41
257 -41
258 -27
259 -51
260 -27
261 -51
262 -17
263 -19
264 -24
265 -16
266 -34
267 -16
268 -16
269 -34
270 -51
271 -41
272 -17
273 -16
274 -51
275 -34
276 -50
277 -41
278 -51
279 -50
280 -34
281 -34
282 -41
283 -34
284 -34
285 -41
286 -27
287 -16
288 -34
289 -55
290 -34
291 -16
292 -50
293 -16
294 -16
295 -17
296 -16
297 -34
298 -50
299 -27
300 -34
301 -24
302 -27
303 -16
304 -27
305 -16
306 -41
307 -17
308 -51
309 -29
310 -55
311 -17
312 -41
313 -16
314 -67
315 -16
316 -41
317 -16
318 -49
319 -34
320 -16
321 -21
322 -34
323 -50
324 -51
325 -16
326 -50
327 -24
328 -55
329 -51
330 -51
331 -34
332 -34
333 -27
334 -34
335 -55
336 -34
337 -34
338 -16
339 -55
340 -17
341 -34
342 -34
343 -50
344 -55
345 -50
346 -17
347 -51
348 -51
349 -50
350 -16
351 -50
352 -55
353 -34
354 -50
355 -34
356 -41
357 -50
358 -27
359 -34
360 -17
361 -51
362 -55
363 -16
364 -16
365 -51
366 -16
367 -55
368 -16
369 -17
370 -16
371 -50
372 -27
373 -16
374 -34
375 -34
376 -51
377 -34
378 -51
379 -51
380 -34
381 -50
382 -55
383 -21
384 -51
385 -27
386 -87
387 -41
388 -16
389 -16
390 -51
391 -41
392 -41
393 -16
394 -41
395 -41
396 -55
397 -55
398 -17
399 -34
400 -34
401 -32
402 -16
403 -41
404 -55
405 -34
406 -16
407 -16
408 -41
409 -41
410 -55
411 -34
412 -41
413 -41
414 -16
415 -51
416 -50
417 -27
418 -34
419 -16
420 -34
421 -51
422 -27
423 -16
424 -16
425 -51
426 -27
427 -41
428 -16
429 -55
430 -17
431 -16
432 -16
433 -55
434 -34
435 -16
436 -16
437 -55
438 -27
439 -50
440 -34
441 -27
442 -27
443 -17
444 -34
445 -34
446 -16
447 -50
448 -16
449 -27
450 -50
451 -17
452 -39
453 -51
454 -17
455 -16
456 -41
457 -16
458 -16
459 -50
460 -55
461 -55
462 -55
463 -17
464 -50
465 -41
466 -51
467 -55
468 -51
469 -15
470 -41
471 -18
472 -50
473 -16
474 -55
475 -16
476 -16
477 -52
478 -34
479 -34
480 -16
481 -27
482 -16
483 -17
484 -34
485 -34
486 -27
487 -21
488 -16
489 -50
490 -34
491 -51
492 -51
493 -55
494 -16
495 -50
496 -34
497 -34
498 -16
499 -34
500 -17
501 -17
502 -34
503 -17
504 -16
505 -26
506 -34
507 -16
508 -16
509 -34
510 -16
511 -34
512 -17
513 -36
514 -17
515 -34
516 -34
517 -55
518 -50
519 -34
520 -16
521 -16
522 -41
523 -55
524 -34
525 -51
526 -17
527 -41
528 -55
529 -17
530 -51
531 -51
532 -44
533 -41
534 -50
535 -16
536 -16
537 -41
538 -34
539 -51
540 -17
541 -55
542 -17
543 -16
544 -16
545 -16
546 -34
547 -16
548 -55
549 -27
550 -55
551 -34
552 -27
553 -41
554 -34
555 -17
556 -55
557 -16
558 -51
559 -51
560 -55
561 -16
562 -17
563 -50
564 -41
565 -27
566 -34
567 -17
568 -27
569 -16
570 -41
571 -41
572 -50
573 -19
574 -27
575 -51
576 -27
577 -16
578 -34
579 -55
580 -16
581 -16
582 -34
583 -16
584 -16
585 -55
586 -50
587 -51
588 -55
589 -50
590 -59
591 -27
592 -16
593 -34
594 -16
595 -34
596 -51
597 -34
598 -87
599 -51
600 -46
601 -27
602 -34
603 -16
604 -16
605 -17
606 -55
607 -58
608 -41
609 -17
610 -41
611 -16
612 -41
613 -51
614 -17
615 -16
616 -16
617 -41
618 -27
619 -34
620 -34
621 -51
622 -16
623 -27
624 -34
625 -41
626 -51
627 -41
628 -16
629 -17
630 -51
631 -16
632 -41
633 -41
634 -34
635 -34
636 -16
637 -16
638 -33
639 -41
640 -16
641 -34
642 -17
643 -16
644 -16
645 -16
646 -16
647 -34
648 -51
649 -45
650 -34
651 -50
652 -16
653 -27
654 -34
655 -28
656 -17
657 -50
658 -17
659 -16
660 -16
661 -16
662 -16
663 -16
664 -50
665 -34
666 -51
667 -50
668 -50
669 -16
670 -50
671 -16
672 -50
673 -16
674 -17
675 -16
676 -50
677 -34
678 -51
679 -34
680 -17
681 -50
682 -55
683 -50
684 -55
685 -34
686 -16
687 -51
688 -41
689 -27
690 -16
691 -27
692 -16
693 -46
694 -21
695 -41
696 -27
697 -41
698 -16
699 -17
700 -27
701 -41
702 -34
703 -16
704 -41
705 -50
706 -41
707 -17
708 -41
709 -41
710 -72
711 -17
712 -51
713 -16
714 -17
715 -55
716 -34
717 -41
718 -30
719 -50
720 -41
721 -21
722 -51
723 -17
724 -16
725 -51
726 -27
727 -34
728 -41
729 -55
730 -34
731 -34
732 -27
733 -27
734 -16
735 -41
736 -34
737 -34
738 -27
739 -16
740 -16
741 -41
742 -55
743 -29
744 -22
745 -16
746 -27
747 -21
748 -16
749 -41
750 -16
751 -27
752 -55
753 -34
754 -41
755 -17
756 -34
757 -55
758 -16
759 -34
760 -41
761 -27
762 -51
763 -16
764 -51
765 -34
766 -16
767 -34
768 -17
769 -17
770 -17
771 -50
772 -16
773 -51
774 -51
775 -34
776 -34
777 -17
778 -41
779 -34
780 -34
781 -50
782 -34
783 -16
784 -34
785 -16
786 -34
787 -51
788 -41
789 -55
790 -27
791 -50
792 -16
793 -21
794 -51
795 -17
796 -21
797 -16
798 -17
799 -34
800 -16
801 -55
802 -27
803 -16
804 -60
805 -45
806 -51
807 -27
808 -15
809 -17
810 -16
811 -17
812 -55
813 -41
814 -32
815 -50
816 -51
817 -48
818 -50
819 -41
820 -16
821 -16
822 -27
823 -50
824 -16
825 -16
826 -16
827 -55
828 -46
829 -50
830 -16
831 -16
832 -50
833 -17
834 -34
835 -41
836 -27
837 -16
838 -34
839 -34
840 -54
841 -16
842 -16
843 -16
844 -63
845 -32
846 -51
847 -16
848 -34
849 -16
850 -50
851 -51
852 -17
853 -51
854 -27
855 -16
856 -34
857 -16
858 -83
859 -50
860 -50
861 -27
862 -41
863 -16
864 -55
865 -27
866 -55
867 -50
868 -55
869 -41
870 -16
871 -27
872 -50
873 -17
874 -55
875 -55
876 -72
877 -17
878 -34
879 -34
880 -42
881 -34
882 -17
883 -16
884 -55
885 -27
886 -41
887 -17
888 -34
889 -41
890 -34
891 -16
892 -34
893 -27
894 -41
895 -17
896 -51
897 -34
898 -16
899 -41
900 -16
901 -51
902 -34
903 -50
904 -34
905 -27
906 -16
907 -50
908 -50
909 -34
910 -51
911 -16
912 -34
913 -34
914 -35
915 -16
916 -50
917 -34
918 -16
919 -24
920 -50
921 -15
922 -41
923 -34
924 -34
925 -16
926 -34
927 -41
928 -51
929 -17
930 -51
931 -16
932 -16
933 -34
934 -16
935 -16
936 -34
937 -55
938 -41
939 -41
940 -41
941 -50
942 -55
943 -18
944 -41
945 -41
946 -41
947 -41
948 -19
949 -17
950 -34
951 -34
952 -16
953 -58
954 -34
955 -17
956 -34
957 -16
958 -51
959 -16
960 -27
961 -34
962 -41
963 -41
964 -34
965 -50
966 -55
967 -44
968 -17
969 -16
970 -50
971 -82
972 -41
973 -41
974 -55
975 -55
976 -34
977 -34
978 -34
979 -34
980 -41
981 -51
982 -27
983 -51
984 -16
985 -16
986 -55
987 -16
988 -17
989 -16
990 -34
991 -34
992 -34
993 -41
994 -46
995 -68
996 -27
997 -16
998 -34
999 -51
