0 -16
1 -32
2 -17
3 -50
4 -55
5 -27
6 -48
7 -55
8 -33
9 -16
10 -50
11 -50
12 -16
13 -32
14 -15
15 -16
16 -32
17 -15
18 -24
19 -16
20 -24
21 -33
22 -16
23 -50
24 -16
25 -33
26 -17
27 -32
28 -33
29 -15
30 -27
31 -33
32 -16
33 -15
34 -27
35 -24
36 -24
37 -16
38 -50
39 -27
40 -50
41 -32
42 -55
43 -35
44 -42
45 -30
46 -32
47 -27
48 -27
49 -16
50 -33
51 -32
52 -55
53 -17
54 -27
55 -15
56 -17
57 -50
58 -16
59 -24
60 -17
61 -32
62 -50
63 -50
64 -17
65 -55
66 -16
67 -33
68 -16
69 -16
70 -33
71 -16
72 -50
73 -16
74 -16
75 -27
76 -24
77 -55
78 -33
79 -16
80 -47
81 -32
82 -16
83 -17
84 -27
85 -27
86 -16
87 -55
88 -33
89 -16
90 -50
91 -33
92 -27
93 -16
94 -27
95 -15
96 -15
97 -27
98 -15
99 -16
100 -33
101 -50
102 -16
103 -16
104 -27
105 -16
106 -16
107 -16
108 -32
109 -15
110 -32
111 -33
112 -50
113 -33
114 -27
115 -17
116 -15
117 -27
118 -40
119 -16
120 -16
121 -17
122 -43
123 -55
124 -32
125 -24
126 -16
127 -16
128 -24
129 -24
130 -16
131 -32
132 -55
133 -27
134 -60
135 -33
136 -16
137 -33
138 -16
139 -55
140 -50
141 -33
142 -27
143 -55
144 -24
145 -16
146 -33
147 -24
148 -32
149 -50
150 -50
151 -24
152 -27
153 -25
154 -16
155 -16
156 -15
157 -16
158 -15
159 -27
160 -27
161 -50
162 -16
163 -16
164 -27
165 -27
166 -15
167 -24
168 -33
169 -14
170 -32
171 -16
172 -50
173 -33
174 -40
175 -17
176 -16
177 -15
178 -50
179 -55
180 -32
181 -55
182 -55
183 -24
184 -16
185 -50
186 -16
187 -15
188 -16
189 -55
190 -50
191 -32
192 -16
193 -32
194 -50
195 -16
196 -15
197 -24
198 -60
199 -16
200 -16
201 -27
202 -24
203 -24
204 -50
205 -41
206 -50
207 -18
208 -16
209 -16
210 -33
211 -24
212 -17
213 -32
214 -47
215 -16
216 -50
217 -50
218 -50
219 -16
220 -16
221 -33
222 -15
223 -16
224 -50
225 -15
226 -24
227 -50
228 -16
229 -15
230 -47
231 -33
232 -16
233 -15
234 -44
235 -55
236 -16
237 -16
238 -16
239 -33
240 -55
241 -15
242 -50
243 -33
244 -17
245 -16
246 -24
247 -16
248 -50
249 -24
250 -20
251 -27
252 -50
253 -27
254 -16
255 -16
256 -50
257 -19
258 -15
259 -15
260 -55
261 -24
262 -15
263 -15
264 -32
265 -55
266 -50
267 -32
268 -32
269 -16
270 -27
271 -56
272 -16
273 -16
274 -17
275 -16
276 -55
277 -33
278 -55
279 -27
280 -32
281 -15
282 -32
283 -51
284 -15
285 -15
286 -50
287 -17
288 -16
289 -50
290 -32
291 -16
292 -50
293 -16
294 -33
295 -27
296 -33
297 -16
298 -33
299 -15
300 -15
301 -32
302 -15
303 -33
304 -16
305 -60
306 -16
307 -16
308 -27
309 -16
310 -27
311 -16
312 -24
313 -50
314 -34
315 -17
316 -16
317 -27
318 -15
319 -15
320 -16
321 -24
322 -24
323 -50
324 -27
325 -33
326 -55
327 -50
328 -16
329 -17
330 -17
331 -27
332 -50
333 -16
334 -16
335 -50
336 -15
337 -33
338 -15
339 -77
340 -27
341 -16
342 -33
343 -50
344 -87
345 -52
346 -55
347 -20
348 -33
349 -50
350 -50
351 -16
352 -16
353 -15
354 -55
355 -50
356 -28
357 -17
358 -55
359 -24
360 -17
361 -33
362 -50
363 -16
364 -49
365 -32
366 -50
367 -55
368 -17
369 -33
370 -16
371 -33
372 -55
373 -24
374 -87
375 -49
376 -32
377 -55
378 -16
379 -17
380 -16
381 -16
382 -32
383 -32
384 -16
385 -16
386 -19
387 -15
388 -50
389 -27
390 -33
391 -72
392 -16
393 -32
394 -50
395 -32
396 -24
397 -15
398 -16
399 -24
400 -27
401 -17
402 -17
403 -33
404 -17
405 -33
406 -32
407 -24
408 -55
409 -16
410 -32
411 -27
412 -32
413 -16
414 -24
415 -16
416 -27
417 -32
418 -24
419 -16
420 -16
421 -27
422 -16
423 -15
424 -16
425 -15
426 -23
427 -16
428 -16
429 -16
430 -32
431 -15
432 -16
433 -24
434 -16
435 -16
436 -16
437 -17
438 -16
439 -24
440 -27
441 -49
442 -15
443 -18
444 -33
445 -50
446 -33
447 -33
448 -24
449 -55
450 -22
451 -16
452 -27
453 -16
454 -32
455 -24
456 -15
457 -37
458 -15
459 -17
460 -23
461 -50
462 -24
463 -55
464 -15
465 -15
466 -16
467 -21
468 -24
469 -32
470 -16
471 -50
472 -16
473 -24
474 -16
475 -33
476 -23
477 -16
478 -54
479 -55
480 -32
481 -16
482 -55
483 -33
484 -60
485 -16
486 -33
487 -16
488 -55
489 -47
490 -33
491 -33
492 -55
493 -55
494 -55
495 -46
496 -16
497 -33
498 -24
499 -27
500 -15
501 -38
502 -32
503 -27
504 -33
505 -32
506 -15
507 -27
508 -50
509 -34
510 -32
511 -27
512 -16
513 -16
514 -39
515 -16
516 -16
517 -24
518 -73
519 -55
520 -16
521 -24
522 -16
523 -16
524 -17
525 -17
526 -50
527 -33
528 -50
529 -24
530 -15
531 -50
532 -55
533 -24
534 -50
535 -16
536 -16
537 -17
538 -50
539 -32
540 -17
541 -55
542 -17
543 -15
544 -55
545 -17
546 -16
547 -16
548 -16
549 -50
550 -16
551 -16
552 -19
553 -33
554 -16
555 -24
556 -17
557 -33
558 -24
559 -16
560 -27
561 -24
562 -32
563 -17
564 -15
565 -15
566 -17
567 -33
568 -30
569 -17
570 -32
571 -17
572 -15
573 -27
574 -15
575 -27
576 -50
577 -33
578 -16
579 -24
580 -33
581 -16
582 -32
583 -17
584 -17
585 -33
586 -33
587 -17
588 -50
589 -17
590 -33
591 -15
592 -55
593 -50
594 -17
595 -33
596 -32
597 -55
598 -32
599 -16
600 -33
601 -55
602 -32
603 -24
604 -27
605 -16
606 -55
607 -16
608 -50
609 -16
610 -24
611 -16
612 -41
613 -16
614 -32
615 -17
616 -15
617 -27
618 -24
619 -55
620 -33
621 -16
622 -16
623 -33
624 -33
625 -16
626 -17
627 -17
628 -24
629 -50
630 -33
631 -55
632 -15
633 -16
634 -32
635 -32
636 -16
637 -27
638 -33
639 -16
640 -24
641 -50
642 -55
643 -55
644 -16
645 -33
646 -16
647 -22
648 -33
649 -27
650 -16
651 -16
652 -33
653 -32
654 -16
655 -33
656 -87
657 -55
658 -17
659 -16
660 -27
661 -16
662 -41
663 -17
664 -15
665 -15
666 -16
667 -33
668 -16
669 -17
670 -24
671 -24
672 -17
673 -17
674 -17
675 -15
676 -50
677 -33
678 -32
679 -15
680 -16
681 -16
682 -15
683 -32
684 -24
685 -15
686 -27
687 -27
688 -50
689 -33
690 -50
691 -32
692 -50
693 -16
694 -16
695 -17
696 -50
697 -15
698 -55
699 -16
700 -35
701 -21
702 -16
703 -16
704 -55
705 -51
706 -24
707 -50
708 -33
709 -15
710 -55
711 -33
712 -24
713 -27
714 -16
715 -16
716 -24
717 -50
718 -38
719 -24
720 -50
721 -55
722 -16
723 -50
724 -16
725 -16
726 -32
727 -16
728 -50
729 -33
730 -33
731 -55
732 -24
733 -16
734 -16
735 -33
736 -16
737 -16
738 -50
739 -16
740 -32
741 -32
742 -27
743 -16
744 -33
745 -16
746 -50
747 -33
748 -16
749 -17
750 -50
751 -33
752 -16
753 -16
754 -24
755 -19
756 -16
757 -24
758 -27
759 -55
760 -17
761 -16
762 -27
763 -16
764 -32
765 -33
766 -16
767 -50
768 -27
769 -55
770 -32
771 -69
772 -17
773 -15
774 -16
775 -50
776 -16
777 -17
778 -16
779 -55
780 -16
781 -16
782 -16
783 -50
784 -27
785 -32
786 -15
787 -27
788 -27
789 -33
790 -16
791 -24
792 -15
793 -50
794 -16
795 -50
796 -27
797 -32
798 -16
799 -16
800 -50
801 -50
802 -55
803 -27
804 -16
805 -33
806 -15
807 -55
808 -17
809 -33
810 -15
811 -24
812 -50
813 -55
814 -15
815 -63
816 -23
817 -55
818 -24
819 -16
820 -16
821 -55
822 -55
823 -16
824 -16
825 -15
826 -32
827 -36
828 -32
829 -16
830 -17
831 -24
832 -32
833 -32
834 -15
835 -15
836 -27
837 -50
838 -24
839 -17
840 -16
841 -17
842 -17
843 -17
844 -55
845 -16
846 -16
847 -33
848 -33
849 -24
850 -16
851 -50
852 -17
853 -32
854 -24
855 -17
856 -52
857 -24
858 -55
859 -16
860 -15
861 -17
862 -23
863 -55
864 -50
865 -17
866 -32
867 -50
868 -16
869 -16
870 -27
871 -27
872 -15
873 -50
874 -16
875 -27
876 -87
877 -16
878 -15
879 -33
880 -33
881 -16
882 -17
883 -50
884 -28
885 -17
886 -15
887 -16
888 -16
889 -33
890 -16
891 -33
892 -16
893 -17
894 -32
895 -16
896 -32
897 -16
898 -17
899 -58
900 -27
901 -50
902 -33
903 -50
904 -50
905 -27
906 -33
907 -15
908 -33
909 -16
910 -24
911 -55
912 -16
913 -16
914 -32
915 -16
916 -16
917 -16
918 -24
919 -16
920 -55
921 -17
922 -51
923 -48
924 -15
925 -17
926 -15
927 -23
928 -16
929 -15
930 -51
931 -24
932 -50
933 -33
934 -16
935 -33
936 -32
937 -16
938 -15
939 -50
940 -23
941 -16
942 -16
943 -17
944 -16
945 -24
946 -16
947 -17
948 -17
949 -16
950 -16
951 -15
952 -15
953 -33
954 -15
955 -19
956 -16
957 -16
958 -16
959 -18
960 -15
961 -28
962 -16
963 -24
964 -16
965 -55
966 -50
967 -27
968 -21
969 -33
970 -50
971 -50
972 -16
973 -15
974 -27
975 -16
976 -24
977 -33
978 -16
979 -27
980 -33
981 -28
982 -33
983 -27
984 -19
985 -32
986 -16
987 -16
988 -16
989 -15
990 -27
991 -16
992 -32
993 -55
994 -16
995 -16
996 -33
997 -33
998 -54
999 -21
