0 -16
1 -15
2 -32
3 -33
4 -21
5 -24
6 -27
7 -32
8 -16
9 -16
10 -32
11 -32
12 -16
13 -55
14 -16
15 -57
16 -24
17 -16
18 -16
19 -33
20 -27
21 -32
22 -33
23 -26
24 -17
25 -31
26 -50
27 -55
28 -57
29 -50
30 -17
31 -27
32 -16
33 -27
34 -16
35 -16
36 -53
37 -24
38 -16
39 -33
40 -41
41 -87
42 -33
43 -33
44 -24
45 -32
46 -17
47 -16
48 -16
49 -32
50 -17
51 -16
52 -32
53 -32
54 -32
55 -24
56 -32
57 -17
58 -57
59 -55
60 -50
61 -24
62 -17
63 -27
64 -24
65 -66
66 -50
67 -17
68 -27
69 -33
70 -20
71 -57
72 -33
73 -27
74 -16
75 -52
76 -20
77 -50
78 -33
79 -57
80 -33
81 -17
82 -16
83 -24
84 -16
85 -21
86 -24
87 -46
88 -32
89 -27
90 -57
91 -27
92 -16
93 -52
94 -57
95 -24
96 -55
97 -27
98 -17
99 -33
100 -55
101 -17
102 -16
103 -17
104 -16
105 -55
106 -16
107 -16
108 -27
109 -40
110 -17
111 -16
112 -17
113 -16
114 -24
115 -16
116 -32
117 -16
118 -55
119 -57
120 -17
121 -50
122 -33
123 -27
124 -34
125 -55
126 -31
127 -33
128 -50
129 -33
130 -32
131 -50
132 -50
133 -24
134 -33
135 -19
136 -16
137 -17
138 -24
139 -16
140 -16
141 -55
142 -17
143 -33
144 -50
145 -16
146 -17
147 -24
148 -33
149 -61
150 -33
151 -16
152 -50
153 -16
154 -50
155 -19
156 -55
157 -55
158 -32
159 -57
160 -16
161 -22
162 -55
163 -17
164 -27
165 -19
166 -16
167 -13
168 -57
169 -16
170 -16
171 -32
172 -54
173 -57
174 -57
175 -16
176 -56
177 -24
178 -57
179 -24
180 -32
181 -16
182 -33
183 -16
184 -24
185 -32
186 -57
187 -32
188 -50
189 -16
190 -17
191 -50
192 -27
193 -32
194 -16
195 -16
196 -17
197 -31
198 -18
199 -57
200 -16
201 -33
202 -14
203 -16
204 -50
205 -24
206 -16
207 -24
208 -17
209 -33
210 -16
211 -62
212 -55
213 -24
214 -57
215 -16
216 -57
217 -27
218 -54
219 -24
220 -50
221 -33
222 -32
223 -16
224 -57
225 -57
226 -27
227 -16
228 -50
229 -16
230 -50
231 -82
232 -16
233 -16
234 -17
235 -57
236 -33
237 -51
238 -24
239 -59
240 -16
241 -16
242 -27
243 -56
244 -33
245 -57
246 -33
247 -32
248 -50
249 -16
250 -27
251 -57
252 -16
253 -33
254 -16
255 -32
256 -67
257 -21
258 -24
259 -32
260 -33
261 -33
262 -37
263 -32
264 -50
265 -16
266 -31
267 -55
268 -50
269 -27
270 -55
271 -16
272 -17
273 -24
274 -57
275 -61
276 -24
277 -16
278 -24
279 -20
280 -16
281 -16
282 -16
283 -27
284 -55
285 -32
286 -24
287 -24
288 -16
289 -57
290 -32
291 -27
292 -16
293 -23
294 -20
295 -16
296 -32
297 -60
298 -24
299 -50
300 -50
301 -32
302 -33
303 -16
304 -89
305 -50
306 -32
307 -55
308 -57
309 -27
310 -16
311 -16
312 -16
313 -33
314 -27
315 -55
316 -17
317 -16
318 -55
319 -55
320 -62
321 -17
322 -57
323 -16
324 -27
325 -33
326 -55
327 -33
328 -24
329 -16
330 -27
331 -16
332 -27
333 -32
334 -55
335 -55
336 -32
337 -16
338 -33
339 -17
340 -24
341 -57
342 -16
343 -24
344 -17
345 -16
346 -57
347 -14
348 -24
349 -50
350 -27
351 -55
352 -16
353 -16
354 -55
355 -17
356 -24
357 -16
358 -27
359 -55
360 -57
361 -16
362 -16
363 -17
364 -55
365 -50
366 -24
367 -16
368 -32
369 -16
370 -16
371 -55
372 -16
373 -26
374 -24
375 -27
376 -17
377 -16
378 -32
379 -33
380 -17
381 -16
382 -33
383 -59
384 -57
385 -33
386 -24
387 -19
388 -54
389 -27
390 -55
391 -32
392 -16
393 -24
394 -57
395 -32
396 -24
397 -40
398 -55
399 -33
400 -50
401 -50
402 -61
403 -50
404 -27
405 -32
406 -21
407 -16
408 -27
409 -27
410 -50
411 -16
412 -55
413 -16
414 -24
415 -49
416 -31
417 -32
418 -27
419 -17
420 -50
421 -55
422 -16
423 -32
424 -16
425 -24
426 -16
427 -50
428 -16
429 -55
430 -33
431 -16
432 -32
433 -57
434 -17
435 -58
436 -58
437 -16
438 -24
439 -32
440 -16
441 -57
442 -33
443 -50
444 -16
445 -24
446 -25
447 -57
448 -41
449 -50
450 -16
451 -27
452 -55
453 -55
454 -16
455 -27
456 -17
457 -16
458 -16
459 -17
460 -21
461 -27
462 -32
463 -32
464 -50
465 -16
466 -55
467 -33
468 -41
469 -45
470 -16
471 -57
472 -27
473 -32
474 -33
475 -32
476 -27
477 -50
478 -50
479 -57
480 -33
481 -35
482 -33
483 -16
484 -33
485 -50
486 -27
487 -16
488 -16
489 -50
490 -27
491 -50
492 -55
493 -17
494 -33
495 -27
496 -24
497 -17
498 -24
499 -16
500 -57
501 -57
502 -29
503 -33
504 -16
505 -16
506 -16
507 -16
508 -27
509 -50
510 -24
511 -46
512 -17
513 -55
514 -16
515 -57
516 -44
517 -16
518 -57
519 -16
520 -55
521 -16
522 -16
523 -16
524 -24
525 -16
526 -55
527 -16
528 -27
529 -27
530 -16
531 -16
532 -16
533 -57
534 -18
535 -27
536 -27
537 -16
538 -16
539 -16
540 -32
541 -16
542 -27
543 -57
544 -55
545 -33
546 -16
547 -50
548 -32
549 -17
550 -16
551 -32
552 -16
553 -57
554 -57
555 -16
556 -24
557 -33
558 -55
559 -57
560 -16
561 -50
562 -17
563 -32
564 -24
565 -16
566 -17
567 -50
568 -50
569 -24
570 -24
571 -55
572 -57
573 -25
574 -50
575 -16
576 -24
577 -55
578 -33
579 -16
580 -16
581 -57
582 -33
583 -55
584 -16
585 -57
586 -50
587 -16
588 -55
589 -17
590 -17
591 -16
592 -55
593 -39
594 -27
595 -24
596 -24
597 -33
598 -20
599 -16
600 -18
601 -17
602 -16
603 -57
604 -57
605 -27
606 -33
607 -16
608 -57
609 -27
610 -16
611 -36
612 -16
613 -17
614 -59
615 -32
616 -56
617 -32
618 -16
619 -17
620 -44
621 -16
622 -16
623 -56
624 -27
625 -32
626 -57
627 -55
628 -55
629 -24
630 -17
631 -16
632 -17
633 -55
634 -33
635 -57
636 -33
637 -16
638 -55
639 -16
640 -33
641 -20
642 -16
643 -16
644 -16
645 -16
646 -16
647 -55
648 -33
649 -33
650 -16
651 -32
652 -17
653 -27
654 -57
655 -33
656 -32
657 -16
658 -50
659 -16
660 -33
661 -57
662 -32
663 -55
664 -24
665 -16
666 -17
667 -32
668 -50
669 -57
670 -57
671 -16
672 -24
673 -36
674 -32
675 -16
676 -55
677 -32
678 -33
679 -55
680 -32
681 -48
682 -28
683 -17
684 -22
685 -24
686 -24
687 -33
688 -24
689 -16
690 -16
691 -33
692 -16
693 -33
694 -67
695 -16
696 -23
697 -16
698 -57
699 -16
700 -24
701 -32
702 -32
703 -24
704 -33
705 -24
706 -33
707 -33
708 -24
709 -50
710 -24
711 -50
712 -27
713 -22
714 -50
715 -50
716 -50
717 -24
718 -17
719 -50
720 -50
721 -57
722 -33
723 -50
724 -24
725 -31
726 -47
727 -24
728 -55
729 -50
730 -24
731 -55
732 -57
733 -32
734 -32
735 -54
736 -24
737 -17
738 -16
739 -16
740 -57
741 -57
742 -55
743 -50
744 -39
745 -16
746 -57
747 -24
748 -17
749 -55
750 -27
751 -16
752 -27
753 -57
754 -27
755 -16
756 -32
757 -17
758 -16
759 -16
760 -50
761 -16
762 -16
763 -17
764 -32
765 -57
766 -16
767 -16
768 -16
769 -24
770 -16
771 -55
772 -19
773 -17
774 -16
775 -57
776 -16
777 -57
778 -57
779 -17
780 -16
781 -61
782 -16
783 -57
784 -17
785 -16
786 -59
787 -33
788 -48
789 -17
790 -21
791 -57
792 -33
793 -19
794 -32
795 -16
796 -32
797 -57
798 -33
799 -16
800 -17
801 -27
802 -32
803 -32
804 -24
805 -57
806 -27
807 -17
808 -55
809 -17
810 -50
811 -57
812 -55
813 -16
814 -27
815 -33
816 -17
817 -27
818 -17
819 -33
820 -32
821 -33
822 -55
823 -24
824 -50
825 -32
826 -55
827 -50
828 -16
829 -33
830 -16
831 -17
832 -57
833 -16
834 -57
835 -16
836 -32
837 -32
838 -50
839 -32
840 -24
841 -24
842 -33
843 -16
844 -55
845 -17
846 -16
847 -27
848 -24
849 -57
850 -27
851 -24
852 -27
853 -32
854 -16
855 -55
856 -57
857 -16
858 -32
859 -32
860 -32
861 -27
862 -34
863 -24
864 -50
865 -50
866 -32
867 -57
868 -57
869 -27
870 -57
871 -16
872 -24
873 -55
874 -16
875 -17
876 -55
877 -16
878 -57
879 -24
880 -16
881 -27
882 -57
883 -64
884 -24
885 -24
886 -27
887 -57
888 -16
889 -17
890 -16
891 -17
892 -27
893 -32
894 -32
895 -16
896 -32
897 -32
898 -55
899 -17
900 -57
901 -24
902 -27
903 -55
904 -27
905 -55
906 -50
907 -27
908 -27
909 -27
910 -57
911 -50
912 -32
913 -27
914 -33
915 -27
916 -33
917 -32
918 -32
919 -16
920 -50
921 -24
922 -17
923 -32
924 -27
925 -16
926 -57
927 -55
928 -16
929 -50
930 -16
931 -33
932 -32
933 -50
934 -16
935 -24
936 -66
937 -16
938 -17
939 -23
940 -17
941 -16
942 -27
943 -55
944 -17
945 -17
946 -55
947 -27
948 -16
949 -27
950 -48
951 -55
952 -27
953 -16
954 -17
955 -50
956 -33
957 -57
958 -16
959 -16
960 -16
961 -17
962 -33
963 -82
964 -16
965 -16
966 -33
967 -16
968 -16
969 -25
970 -50
971 -16
972 -55
973 -23
974 -55
975 -16
976 -16
977 -24
978 -32
979 -21
980 -57
981 -16
982 -16
983 -27
984 -50
985 -27
986 -16
987 -32
988 -50
989 -16
990 -17
991 -24
992 -24
993 -57
994 -41
995 -27
996 -16
997 -55
998 -33
999 -33
