0 -19
1 -36
2 -55
3 -40
4 -17
5 -50
6 -35
7 -35
8 -51
9 -51
10 -87
11 -54
12 -51
13 -51
14 -36
15 -35
16 -16
17 -51
18 -16
19 -50
20 -50
21 -17
22 -16
23 -27
24 -51
25 -55
26 -24
27 -36
28 -35
29 -35
30 -36
31 -27
32 -27
33 -24
34 -55
35 -36
36 -16
37 -17
38 -35
39 -51
40 -36
41 -16
42 -16
43 -16
44 -56
45 -36
46 -27
47 -35
48 -50
49 -27
50 -16
51 -16
52 -51
53 -36
54 -24
55 -36
56 -24
57 -36
58 -55
59 -65
60 -36
61 -17
62 -50
63 -24
64 -16
65 -35
66 -16
67 -27
68 -27
69 -51
70 -51
71 -16
72 -16
73 -50
74 -35
75 -27
76 -16
77 -36
78 -51
79 -35
80 -16
81 -50
82 -50
83 -35
84 -16
85 -16
86 -35
87 -17
88 -55
89 -17
90 -35
91 -35
92 -50
93 -16
94 -24
95 -16
96 -36
97 -17
98 -17
99 -35
100 -17
101 -48
102 -50
103 -16
104 -51
105 -51
106 -51
107 -24
108 -52
109 -16
110 -51
111 -55
112 -16
113 -50
114 -55
115 -24
116 -87
117 -36
118 -51
119 -24
120 -50
121 -16
122 -36
123 -50
124 -36
125 -36
126 -36
127 -17
128 -55
129 -51
130 -55
131 -16
132 -17
133 -21
134 -52
135 -16
136 -55
137 -17
138 -50
139 -51
140 -36
141 -16
142 -16
143 -31
144 -16
145 -16
146 -16
147 -36
148 -16
149 -51
150 -35
151 -16
152 -16
153 -17
154 -35
155 -16
156 -16
157 -51
158 -35
159 -55
160 -16
161 -55
162 -24
163 -16
164 -16
165 -23
166 -55
167 -87
168 -16
169 -35
170 -36
171 -51
172 -16
173 -55
174 -27
175 -55
176 -27
177 -24
178 -51
179 -16
180 -36
181 -17
182 -16
183 -16
184 -16
185 -16
186 -16
187 -51
188 -35
189 -55
190 -35
191 -35
192 -55
193 -24
194 -17
195 -56
196 -59
197 -55
198 -22
199 -35
200 -55
201 -35
202 -55
203 -35
204 -16
205 -16
206 -16
207 -35
208 -29
209 -17
210 -55
211 -16
212 -16
213 -17
214 -17
215 -36
216 -16
217 -35
218 -36
219 -16
220 -55
221 -51
222 -55
223 -51
224 -55
225 -16
226 -36
227 -17
228 -27
229 -17
230 -24
231 -35
232 -23
233 -25
234 -28
235 -16
236 -16
237 -16
238 -51
239 -27
240 -16
241 -16
242 -55
243 -59
244 -51
245 -27
246 -27
247 -35
248 -35
249 -24
250 -16
251 -55
252 -17
253 -27
254 -16
255 -27
256 -51
257 -24
258 -16
259 -51
260 -35
261 -27
262 -16
263 -17
264 -51
265 -16
266 -16
267 -43
268 -24
269 -16
270 -16
271 -16
272 -35
273 -50
274 -50
275 -27
276 -52
277 -51
278 -55
279 -41
280 -16
281 -16
282 -41
283 -24
284 -50
285 -16
286 -50
287 -17
288 -24
289 -50
290 -16
291 -24
292 -55
293 -36
294 -17
295 -17
296 -16
297 -17
298 -16
299 -16
300 -35
301 -50
302 -17
303 -36
304 -51
305 -24
306 -16
307 -27
308 -28
309 -23
310 -16
311 -51
312 -55
313 -17
314 -27
315 -35
316 -16
317 -55
318 -16
319 -50
320 -47
321 -16
322 -16
323 -35
324 -51
325 -36
326 -17
327 -16
328 -15
329 -24
330 -16
331 -51
332 -55
333 -36
334 -36
335 -21
336 -55
337 -28
338 -51
339 -74
340 -21
341 -55
342 -16
343 -24
344 -16
345 -17
346 -16
347 -51
348 -28
349 -16
350 -50
351 -27
352 -50
353 -27
354 -50
355 -51
356 -27
357 -16
358 -16
359 -27
360 -50
361 -16
362 -24
363 -24
364 -17
365 -16
366 -27
367 -16
368 -55
369 -24
370 -35
371 -17
372 -55
373 -27
374 -27
375 -17
376 -16
377 -51
378 -24
379 -27
380 -35
381 -16
382 -55
383 -50
384 -35
385 -35
386 -87
387 -27
388 -27
389 -17
390 -36
391 -27
392 -51
393 -24
394 -52
395 -24
396 -16
397 -51
398 -50
399 -55
400 -33
401 -24
402 -58
403 -24
404 -35
405 -55
406 -17
407 -16
408 -27
409 -16
410 -55
411 -51
412 -50
413 -55
414 -35
415 -24
416 -50
417 -36
418 -51
419 -56
420 -16
421 -25
422 -20
423 -27
424 -55
425 -50
426 -50
427 -51
428 -35
429 -20
430 -16
431 -16
432 -27
433 -58
434 -51
435 -35
436 -50
437 -16
438 -16
439 -51
440 -50
441 -16
442 -24
443 -16
444 -50
445 -27
446 -51
447 -27
448 -16
449 -36
450 -16
451 -16
452 -24
453 -16
454 -16
455 -36
456 -36
457 -16
458 -24
459 -16
460 -16
461 -16
462 -17
463 -50
464 -31
465 -35
466 -17
467 -17
468 -16
469 -55
470 -17
471 -50
472 -16
473 -16
474 -16
475 -35
476 -51
477 -24
478 -16
479 -35
480 -50
481 -45
482 -24
483 -35
484 -51
485 -55
486 -50
487 -17
488 -16
489 -40
490 -16
491 -16
492 -55
493 -17
494 -17
495 -55
496 -16
497 -16
498 -24
499 -36
500 -22
501 -27
502 -24
503 -27
504 -16
505 -51
506 -16
507 -40
508 -16
509 -16
510 -92
511 -50
512 -27
513 -27
514 -35
515 -55
516 -35
517 -20
518 -55
519 -16
520 -30
521 -16
522 -50
523 -27
524 -18
525 -51
526 -16
527 -51
528 -35
529 -33
530 -27
531 -35
532 -24
533 -50
534 -50
535 -16
536 -50
537 -16
538 -51
539 -16
540 -24
541 -50
542 -50
543 -36
544 -31
545 -45
546 -51
547 -16
548 -17
549 -50
550 -50
551 -55
552 -17
553 -55
554 -35
555 -16
556 -16
557 -51
558 -51
559 -16
560 -17
561 -16
562 -51
563 -24
564 -16
565 -16
566 -35
567 -24
568 -47
569 -27
570 -55
571 -35
572 -24
573 -51
574 -35
575 -35
576 -36
577 -35
578 -35
579 -35
580 -23
581 -51
582 -51
583 -16
584 -36
585 -16
586 -35
587 -50
588 -50
589 -23
590 -55
591 -55
592 -16
593 -16
594 -35
595 -27
596 -36
597 -51
598 -16
599 -92
600 -24
601 -36
602 -51
603 -51
604 -36
605 -28
606 -36
607 -55
608 -51
609 -36
610 -55
611 -16
612 -16
613 -27
614 -16
615 -50
616 -55
617 -27
618 -38
619 -16
620 -16
621 -51
622 -24
623 -55
624 -35
625 -36
626 -16
627 -59
628 -50
629 -55
630 -16
631 -28
632 -16
633 -27
634 -51
635 -50
636 -51
637 -24
638 -35
639 -24
640 -16
641 -27
642 -36
643 -16
644 -51
645 -27
646 -24
647 -17
648 -17
649 -24
650 -35
651 -27
652 -17
653 -55
654 -50
655 -37
656 -22
657 -35
658 -35
659 -24
660 -17
661 -27
662 -16
663 -51
664 -36
665 -51
666 -16
667 -36
668 -27
669 -27
670 -55
671 -35
672 -16
673 -72
674 -35
675 -27
676 -27
677 -21
678 -51
679 -16
680 -51
681 -24
682 -16
683 -50
684 -16
685 -35
686 -27
687 -36
688 -36
689 -24
690 -37
691 -30
692 -50
693 -16
694 -36
695 -16
696 -16
697 -24
698 -36
699 -27
700 -66
701 -55
702 -50
703 -35
704 -16
705 -16
706 -35
707 -16
708 -16
709 -27
710 -36
711 -27
712 -53
713 -16
714 -55
715 -21
716 -27
717 -37
718 -24
719 -55
720 -51
721 -36
722 -27
723 -24
724 -35
725 -35
726 -55
727 -51
728 -51
729 -17
730 -17
731 -35
732 -16
733 -16
734 -64
735 -35
736 -17
737 -35
738 -27
739 -24
740 -23
741 -27
742 -16
743 -27
744 -24
745 -35
746 -36
747 -16
748 -50
749 -50
750 -50
751 -17
752 -36
753 -55
754 -20
755 -82
756 -50
757 -36
758 -17
759 -16
760 -17
761 -16
762 -24
763 -16
764 -16
765 -27
766 -50
767 -55
768 -16
769 -16
770 -35
771 -16
772 -16
773 -28
774 -50
775 -35
776 -51
777 -50
778 -51
779 -16
780 -24
781 -50
782 -17
783 -50
784 -19
785 -36
786 -55
787 -27
788 -35
789 -16
790 -50
791 -16
792 -51
793 -51
794 -35
795 -50
796 -16
797 -16
798 -50
799 -50
800 -17
801 -36
802 -16
803 -40
804 -54
805 -50
806 -55
807 -51
808 -16
809 -16
810 -35
811 -16
812 -17
813 -55
814 -51
815 -35
816 -35
817 -50
818 -36
819 -51
820 -35
821 -16
822 -35
823 -36
824 -51
825 -24
826 -16
827 -51
828 -55
829 -17
830 -35
831 -50
832 -16
833 -55
834 -22
835 -50
836 -50
837 -24
838 -50
839 -55
840 -16
841 -35
842 -27
843 -16
844 -36
845 -36
846 -16
847 -51
848 -16
849 -55
850 -35
851 -36
852 -35
853 -51
854 -55
855 -55
856 -24
857 -55
858 -51
859 -36
860 -16
861 -55
862 -21
863 -24
864 -50
865 -51
866 -16
867 -16
868 -60
869 -16
870 -55
871 -16
872 -16
873 -36
874 -16
875 -51
876 -36
877 -36
878 -36
879 -17
880 -35
881 -16
882 -55
883 -16
884 -27
885 -16
886 -35
887 -50
888 -16
889 -16
890 -16
891 -50
892 -50
893 -16
894 -19
895 -24
896 -16
897 -51
898 -17
899 -16
900 -22
901 -55
902 -16
903 -35
904 -16
905 -49
906 -16
907 -17
908 -16
909 -16
910 -36
911 -27
912 -27
913 -24
914 -17
915 -24
916 -24
917 -16
918 -16
919 -24
920 -55
921 -54
922 -16
923 -36
924 -27
925 -51
926 -16
927 -27
928 -36
929 -16
930 -24
931 -16
932 -50
933 -27
934 -16
935 -27
936 -50
937 -55
938 -27
939 -50
940 -36
941 -50
942 -16
943 -51
944 -27
945 -47
946 -51
947 -36
948 -83
949 -55
950 -16
951 -36
952 -36
953 -51
954 -24
955 -35
956 -24
957 -16
958 -16
959 -16
960 -24
961 -16
962 -27
963 -24
964 -65
965 -20
966 -36
967 -16
968 -16
969 -17
970 -27
971 -23
972 -35
973 -16
974 -16
975 -27
976 -55
977 -35
978 -16
979 -17
980 -51
981 -36
982 -17
983 -35
984 -16
985 -36
986 -42
987 -36
988 -27
989 -55
990 -51
991 -24
992 -17
993 -50
994 -28
995 -24
996 -19
997 -51
998 -17
999 -55
