0 -16
1 -16
2 -51
3 -17
4 -23
5 -24
6 -17
7 -27
8 -27
9 -27
10 -16
11 -71
12 -16
13 -50
14 -50
15 -38
16 -24
17 -16
18 -27
19 -27
20 -50
21 -36
22 -51
23 -19
24 -51
25 -55
26 -16
27 -36
28 -50
29 -16
30 -55
31 -55
32 -31
33 -36
34 -27
35 -50
36 -51
37 -16
38 -51
39 -24
40 -36
41 -51
42 -36
43 -55
44 -24
45 -51
46 -16
47 -48
48 -16
49 -24
50 -55
51 -16
52 -16
53 -16
54 -50
55 -23
56 -16
57 -17
58 -20
59 -27
60 -16
61 -35
62 -17
63 -16
64 -24
65 -29
66 -66
67 -17
68 -51
69 -16
70 -51
71 -16
72 -36
73 -24
74 -55
75 -36
76 -17
77 -36
78 -16
79 -19
80 -61
81 -15
82 -50
83 -16
84 -16
85 -16
86 -31
87 -27
88 -17
89 -27
90 -51
91 -16
92 -16
93 -16
94 -36
95 -54
96 -24
97 -24
98 -62
99 -51
100 -48
101 -55
102 -50
103 -16
104 -50
105 -24
106 -36
107 -48
108 -21
109 -16
110 -51
111 -36
112 -51
113 -24
114 -50
115 -24
116 -17
117 -27
118 -24
119 -16
120 -36
121 -16
122 -16
123 -27
124 -16
125 -16
126 -35
127 -16
128 -16
129 -56
130 -51
131 -31
132 -50
133 -50
134 -36
135 -36
136 -50
137 -16
138 -16
139 -45
140 -17
141 -16
142 -50
143 -16
144 -51
145 -16
146 -16
147 -19
148 -16
149 -16
150 -30
151 -16
152 -16
153 -24
154 -36
155 -16
156 -16
157 -16
158 -48
159 -61
160 -50
161 -24
162 -16
163 -51
164 -24
165 -51
166 -27
167 -51
168 -50
169 -17
170 -51
171 -16
172 -36
173 -16
174 -16
175 -16
176 -16
177 -16
178 -27
179 -16
180 -50
181 -51
182 -55
183 -16
184 -50
185 -17
186 -36
187 -36
188 -50
189 -27
190 -27
191 -36
192 -50
193 -24
194 -16
195 -51
196 -16
197 -16
198 -51
199 -92
200 -65
201 -16
202 -24
203 -55
204 -36
205 -50
206 -51
207 -16
208 -16
209 -27
210 -24
211 -50
212 -27
213 -51
214 -29
215 -50
216 -24
217 -35
218 -24
219 -51
220 -51
221 -17
222 -51
223 -16
224 -19
225 -27
226 -24
227 -36
228 -50
229 -24
230 -50
231 -17
232 -59
233 -55
234 -50
235 -17
236 -72
237 -51
238 -55
239 -31
240 -16
241 -16
242 -17
243 -27
244 -55
245 -16
246 -20
247 -24
248 -16
249 -16
250 -50
251 -24
252 -58
253 -20
254 -16
255 -19
256 -51
257 -36
258 -16
259 -36
260 -55
261 -51
262 -27
263 -16
264 -17
265 -20
266 -16
267 -17
268 -16
269 -36
270 -36
271 -31
272 -29
273 -48
274 -51
275 -24
276 -16
277 -36
278 -27
279 -51
280 -24
281 -19
282 -51
283 -55
284 -24
285 -16
286 -16
287 -50
288 -17
289 -16
290 -50
291 -55
292 -14
293 -51
294 -24
295 -35
296 -37
297 -31
298 -50
299 -16
300 -51
301 -24
302 -16
303 -55
304 -16
305 -24
306 -59
307 -24
308 -19
309 -51
310 -48
311 -16
312 -50
313 -51
314 -16
315 -31
316 -55
317 -16
318 -16
319 -16
320 -16
321 -50
322 -51
323 -74
324 -18
325 -50
326 -55
327 -36
328 -16
329 -17
330 -36
331 -27
332 -16
333 -36
334 -16
335 -16
336 -50
337 -27
338 -55
339 -16
340 -51
341 -16
342 -17
343 -16
344 -55
345 -27
346 -17
347 -24
348 -50
349 -35
350 -16
351 -55
352 -31
353 -51
354 -24
355 -48
356 -24
357 -36
358 -16
359 -51
360 -55
361 -16
362 -27
363 -16
364 -50
365 -27
366 -66
367 -36
368 -17
369 -16
370 -50
371 -17
372 -87
373 -16
374 -20
375 -17
376 -36
377 -16
378 -16
379 -16
380 -27
381 -19
382 -16
383 -55
384 -16
385 -16
386 -16
387 -16
388 -55
389 -16
390 -15
391 -19
392 -88
393 -31
394 -24
395 -27
396 -27
397 -17
398 -24
399 -50
400 -27
401 -16
402 -16
403 -19
404 -27
405 -16
406 -16
407 -16
408 -16
409 -17
410 -55
411 -16
412 -55
413 -16
414 -55
415 -55
416 -35
417 -24
418 -36
419 -17
420 -16
421 -51
422 -50
423 -16
424 -16
425 -17
426 -51
427 -24
428 -50
429 -36
430 -17
431 -36
432 -50
433 -24
434 -51
435 -36
436 -29
437 -51
438 -24
439 -27
440 -24
441 -16
442 -27
443 -24
444 -50
445 -51
446 -17
447 -16
448 -50
449 -16
450 -17
451 -55
452 -19
453 -17
454 -55
455 -16
456 -51
457 -16
458 -16
459 -16
460 -16
461 -16
462 -16
463 -50
464 -36
465 -51
466 -51
467 -16
468 -55
469 -50
470 -16
471 -16
472 -50
473 -44
474 -24
475 -50
476 -16
477 -55
478 -82
479 -16
480 -16
481 -24
482 -48
483 -62
484 -16
485 -31
486 -16
487 -33
488 -19
489 -16
490 -51
491 -16
492 -16
493 -17
494 -17
495 -31
496 -24
497 -16
498 -36
499 -27
500 -46
501 -40
502 -31
503 -27
504 -16
505 -27
506 -27
507 -31
508 -55
509 -48
510 -51
511 -24
512 -16
513 -55
514 -51
515 -27
516 -16
517 -51
518 -36
519 -36
520 -51
521 -51
522 -16
523 -16
524 -38
525 -16
526 -16
527 -27
528 -27
529 -57
530 -36
531 -37
532 -18
533 -55
534 -51
535 -16
536 -24
537 -16
538 -48
539 -16
540 -19
541 -17
542 -24
543 -19
544 -50
545 -16
546 -55
547 -24
548 -24
549 -36
550 -24
551 -17
552 -24
553 -24
554 -20
555 -16
556 -50
557 -24
558 -16
559 -19
560 -16
561 -38
562 -42
563 -50
564 -50
565 -24
566 -24
567 -51
568 -36
569 -16
570 -16
571 -55
572 -27
573 -36
574 -24
575 -16
576 -19
577 -27
578 -33
579 -19
580 -37
581 -16
582 -36
583 -24
584 -27
585 -50
586 -20
587 -24
588 -17
589 -16
590 -51
591 -16
592 -42
593 -55
594 -27
595 -24
596 -16
597 -27
598 -50
599 -36
600 -31
601 -17
602 -53
603 -83
604 -55
605 -16
606 -48
607 -35
608 -22
609 -16
610 -51
611 -16
612 -31
613 -36
614 -36
615 -35
616 -38
617 -24
618 -27
619 -16
620 -55
621 -16
622 -31
623 -38
624 -36
625 -16
626 -16
627 -36
628 -16
629 -27
630 -48
631 -51
632 -51
633 -24
634 -16
635 -51
636 -16
637 -16
638 -24
639 -27
640 -24
641 -36
642 -50
643 -36
644 -51
645 -36
646 -24
647 -55
648 -55
649 -28
650 -17
651 -50
652 -55
653 -48
654 -22
655 -21
656 -24
657 -50
658 -27
659 -43
660 -24
661 -55
662 -27
663 -17
664 -17
665 -16
666 -17
667 -31
668 -51
669 -17
670 -36
671 -24
672 -16
673 -36
674 -17
675 -27
676 -51
677 -50
678 -24
679 -50
680 -17
681 -48
682 -24
683 -16
684 -16
685 -16
686 -16
687 -16
688 -17
689 -27
690 -16
691 -27
692 -50
693 -36
694 -16
695 -55
696 -55
697 -24
698 -16
699 -51
700 -16
701 -15
702 -24
703 -50
704 -17
705 -19
706 -27
707 -16
708 -50
709 -16
710 -36
711 -28
712 -16
713 -27
714 -16
715 -27
716 -16
717 -17
718 -36
719 -36
720 -16
721 -16
722 -16
723 -17
724 -49
725 -36
726 -60
727 -55
728 -16
729 -42
730 -16
731 -27
732 -16
733 -17
734 -27
735 -17
736 -50
737 -17
738 -48
739 -24
740 -17
741 -17
742 -55
743 -17
744 -36
745 -55
746 -16
747 -24
748 -55
749 -37
750 -16
751 -17
752 -24
753 -17
754 -16
755 -16
756 -24
757 -17
758 -55
759 -24
760 -24
761 -36
762 -50
763 -50
764 -16
765 -15
766 -27
767 -24
768 -24
769 -55
770 -55
771 -17
772 -23
773 -55
774 -24
775 -27
776 -50
777 -27
778 -51
779 -16
780 -24
781 -27
782 -16
783 -16
784 -27
785 -16
786 -17
787 -24
788 -51
789 -36
790 -17
791 -17
792 -50
793 -36
794 -51
795 -55
796 -17
797 -55
798 -20
799 -55
800 -16
801 -55
802 -55
803 -16
804 -17
805 -48
806 -48
807 -18
808 -39
809 -36
810 -16
811 -27
812 -27
813 -50
814 -31
815 -16
816 -40
817 -38
818 -16
819 -17
820 -16
821 -51
822 -50
823 -16
824 -55
825 -55
826 -16
827 -27
828 -25
829 -55
830 -50
831 -48
832 -32
833 -24
834 -16
835 -51
836 -16
837 -20
838 -51
839 -17
840 -51
841 -50
842 -36
843 -36
844 -31
845 -17
846 -48
847 -16
848 -19
849 -17
850 -50
851 -72
852 -16
853 -16
854 -27
855 -21
856 -36
857 -16
858 -80
859 -20
860 -24
861 -19
862 -16
863 -50
864 -50
865 -16
866 -36
867 -50
868 -31
869 -51
870 -55
871 -24
872 -17
873 -16
874 -17
875 -24
876 -16
877 -16
878 -46
879 -27
880 -24
881 -17
882 -24
883 -37
884 -55
885 -36
886 -48
887 -51
888 -19
889 -21
890 -50
891 -16
892 -51
893 -50
894 -17
895 -16
896 -27
897 -48
898 -55
899 -16
900 -36
901 -17
902 -17
903 -17
904 -51
905 -16
906 -16
907 -16
908 -48
909 -83
910 -16
911 -16
912 -36
913 -24
914 -51
915 -50
916 -50
917 -17
918 -36
919 -50
920 -55
921 -16
922 -27
923 -55
924 -16
925 -51
926 -16
927 -16
928 -24
929 -16
930 -51
931 -51
932 -16
933 -50
934 -24
935 -16
936 -24
937 -51
938 -16
939 -27
940 -27
941 -27
942 -27
943 -55
944 -20
945 -27
946 -36
947 -27
948 -24
949 -16
950 -26
951 -51
952 -50
953 -24
954 -38
955 -27
956 -51
957 -16
958 -51
959 -16
960 -19
961 -27
962 -50
963 -36
964 -20
965 -35
966 -50
967 -36
968 -51
969 -17
970 -24
971 -29
972 -27
973 -52
974 -50
975 -65
976 -16
977 -24
978 -55
979 -16
980 -16
981 -16
982 -50
983 -24
984 -51
985 -51
986 -16
987 -16
988 -19
989 -16
990 -16
991 -16
992 -24
993 -27
994 -55
995 -50
996 -51
997 -16
998 -51
999 -44
