0 -16
1 -16
2 -17
3 -50
4 -27
5 -16
6 -24
7 -35
8 -35
9 -50
10 -50
11 -16
12 -50
13 -55
14 -35
15 -51
16 -16
17 -16
18 -16
19 -16
20 -66
21 -66
22 -24
23 -24
24 -16
25 -16
26 -35
27 -50
28 -16
29 -16
30 -16
31 -66
32 -16
33 -51
34 -35
35 -55
36 -27
37 -50
38 -55
39 -27
40 -16
41 -27
42 -16
43 -87
44 -16
45 -27
46 -24
47 -51
48 -16
49 -35
50 -16
51 -35
52 -66
53 -16
54 -17
55 -66
56 -35
57 -51
58 -28
59 -24
60 -16
61 -55
62 -24
63 -27
64 -16
65 -17
66 -27
67 -16
68 -51
69 -55
70 -55
71 -51
72 -55
73 -50
74 -16
75 -50
76 -27
77 -24
78 -16
79 -66
80 -16
81 -16
82 -55
83 -24
84 -66
85 -35
86 -16
87 -16
88 -17
89 -17
90 -27
91 -16
92 -66
93 -16
94 -35
95 -16
96 -16
97 -66
98 -55
99 -16
100 -17
101 -58
102 -16
103 -16
104 -16
105 -66
106 -27
107 -16
108 -16
109 -50
110 -16
111 -50
112 -16
113 -55
114 -16
115 -16
116 -16
117 -24
118 -27
119 -50
120 -50
121 -16
122 -35
123 -35
124 -16
125 -16
126 -17
127 -55
128 -50
129 -51
130 -50
131 -66
132 -55
133 -55
134 -16
135 -50
136 -47
137 -16
138 -66
139 -27
140 -22
141 -17
142 -16
143 -24
144 -37
145 -24
146 -24
147 -50
148 -24
149 -24
150 -50
151 -55
152 -35
153 -17
154 -50
155 -24
156 -16
157 -16
158 -20
159 -16
160 -16
161 -66
162 -66
163 -50
164 -55
165 -51
166 -16
167 -55
168 -16
169 -27
170 -27
171 -27
172 -66
173 -24
174 -66
175 -16
176 -27
177 -51
178 -16
179 -16
180 -24
181 -40
182 -17
183 -55
184 -24
185 -17
186 -16
187 -50
188 -55
189 -66
190 -66
191 -27
192 -66
193 -24
194 -55
195 -50
196 -17
197 -16
198 -16
199 -17
200 -51
201 -50
202 -55
203 -66
204 -51
205 -35
206 -51
207 -55
208 -16
209 -51
210 -27
211 -30
212 -51
213 -35
214 -66
215 -51
216 -16
217 -17
218 -17
219 -50
220 -55
221 -35
222 -50
223 -17
224 -16
225 -16
226 -24
227 -66
228 -50
229 -27
230 -29
231 -55
232 -24
233 -35
234 -66
235 -16
236 -51
237 -52
238 -50
239 -51
240 -55
241 -66
242 -27
243 -24
244 -16
245 -50
246 -16
247 -50
248 -27
249 -27
250 -50
251 -16
252 -17
253 -24
254 -51
255 -24
256 -24
257 -16
258 -57
259 -55
260 -51
261 -66
262 -16
263 -66
264 -27
265 -16
266 -16
267 -17
268 -16
269 -35
270 -66
271 -35
272 -24
273 -16
274 -17
275 -35
276 -27
277 -24
278 -24
279 -58
280 -35
281 -24
282 -17
283 -22
284 -26
285 -16
286 -16
287 -17
288 -56
289 -35
290 -16
291 -16
292 -16
293 -51
294 -27
295 -55
296 -50
297 -16
298 -16
299 -16
300 -16
301 -16
302 -27
303 -55
304 -27
305 -16
306 -35
307 -16
308 -55
309 -27
310 -17
311 -50
312 -35
313 -66
314 -27
315 -29
316 -16
317 -16
318 -16
319 -16
320 -51
321 -16
322 -16
323 -35
324 -36
325 -24
326 -66
327 -51
328 -50
329 -50
330 -66
331 -27
332 -24
333 -16
334 -17
335 -50
336 -16
337 -51
338 -37
339 -66
340 -66
341 -24
342 -16
343 -16
344 -35
345 -17
346 -55
347 -16
348 -16
349 -62
350 -16
351 -16
352 -56
353 -16
354 -17
355 -52
356 -66
357 -24
358 -50
359 -16
360 -27
361 -51
362 -16
363 -50
364 -66
365 -16
366 -35
367 -16
368 -16
369 -35
370 -17
371 -17
372 -19
373 -66
374 -24
375 -51
376 -51
377 -17
378 -52
379 -17
380 -16
381 -17
382 -17
383 -27
384 -50
385 -16
386 -17
387 -17
388 -16
389 -24
390 -60
391 -17
392 -66
393 -16
394 -27
395 -27
396 -27
397 -16
398 -16
399 -16
400 -66
401 -16
402 -17
403 -71
404 -50
405 -17
406 -24
407 -66
408 -66
409 -45
410 -24
411 -16
412 -50
413 -36
414 -16
415 -17
416 -35
417 -17
418 -66
419 -16
420 -35
421 -17
422 -27
423 -17
424 -16
425 -66
426 -50
427 -17
428 -20
429 -35
430 -21
431 -24
432 -35
433 -17
434 -66
435 -17
436 -16
437 -55
438 -16
439 -66
440 -50
441 -35
442 -50
443 -66
444 -27
445 -16
446 -24
447 -55
448 -17
449 -16
450 -66
451 -66
452 -16
453 -44
454 -16
455 -50
456 -51
457 -51
458 -16
459 -16
460 -17
461 -55
462 -38
463 -66
464 -25
465 -50
466 -35
467 -24
468 -27
469 -66
470 -17
471 -16
472 -15
473 -55
474 -16
475 -50
476 -24
477 -17
478 -17
479 -51
480 -66
481 -35
482 -24
483 -24
484 -16
485 -16
486 -16
487 -50
488 -27
489 -51
490 -16
491 -27
492 -17
493 -16
494 -27
495 -24
496 -16
497 -66
498 -66
499 -66
500 -55
501 -16
502 -17
503 -55
504 -16
505 -27
506 -55
507 -16
508 -17
509 -50
510 -16
511 -16
512 -33
513 -24
514 -51
515 -27
516 -16
517 -66
518 -66
519 -16
520 -81
521 -35
522 -50
523 -50
524 -16
525 -16
526 -16
527 -24
528 -16
529 -27
530 -24
531 -66
532 -55
533 -66
534 -51
535 -29
536 -55
537 -16
538 -24
539 -16
540 -55
541 -16
542 -16
543 -24
544 -66
545 -50
546 -16
547 -51
548 -19
549 -17
550 -17
551 -16
552 -17
553 -27
554 -16
555 -55
556 -55
557 -35
558 -66
559 -55
560 -17
561 -50
562 -17
563 -16
564 -55
565 -50
566 -51
567 -50
568 -35
569 -16
570 -16
571 -66
572 -17
573 -38
574 -27
575 -51
576 -24
577 -16
578 -17
579 -51
580 -17
581 -16
582 -51
583 -27
584 -55
585 -55
586 -16
587 -51
588 -54
589 -27
590 -55
591 -51
592 -35
593 -16
594 -24
595 -18
596 -50
597 -66
598 -16
599 -16
600 -27
601 -27
602 -27
603 -50
604 -17
605 -27
606 -66
607 -16
608 -16
609 -50
610 -50
611 -55
612 -17
613 -27
614 -16
615 -17
616 -51
617 -27
618 -22
619 -16
620 -51
621 -22
622 -27
623 -55
624 -51
625 -16
626 -16
627 -17
628 -50
629 -27
630 -51
631 -55
632 -27
633 -27
634 -17
635 -50
636 -66
637 -50
638 -66
639 -21
640 -51
641 -66
642 -35
643 -27
644 -16
645 -15
646 -16
647 -51
648 -17
649 -60
650 -16
651 -27
652 -51
653 -27
654 -16
655 -24
656 -50
657 -55
658 -38
659 -16
660 -51
661 -17
662 -50
663 -16
664 -16
665 -16
666 -24
667 -16
668 -31
669 -50
670 -24
671 -16
672 -17
673 -26
674 -66
675 -24
676 -87
677 -45
678 -33
679 -16
680 -24
681 -17
682 -67
683 -16
684 -27
685 -20
686 -35
687 -21
688 -35
689 -51
690 -55
691 -66
692 -27
693 -51
694 -35
695 -66
696 -29
697 -17
698 -16
699 -16
700 -17
701 -55
702 -16
703 -50
704 -55
705 -17
706 -16
707 -16
708 -50
709 -16
710 -24
711 -17
712 -50
713 -27
714 -17
715 -50
716 -16
717 -17
718 -16
719 -24
720 -24
721 -27
722 -17
723 -50
724 -50
725 -55
726 -24
727 -24
728 -16
729 -51
730 -41
731 -55
732 -16
733 -16
734 -50
735 -55
736 -48
737 -25
738 -55
739 -55
740 -50
741 -28
742 -51
743 -16
744 -16
745 -55
746 -24
747 -51
748 -24
749 -69
750 -16
751 -16
752 -50
753 -51
754 -54
755 -35
756 -27
757 -16
758 -45
759 -61
760 -17
761 -27
762 -24
763 -27
764 -16
765 -16
766 -55
767 -16
768 -51
769 -35
770 -24
771 -24
772 -16
773 -35
774 -35
775 -16
776 -27
777 -51
778 -27
779 -55
780 -55
781 -16
782 -27
783 -35
784 -24
785 -50
786 -36
787 -55
788 -17
789 -24
790 -16
791 -38
792 -24
793 -51
794 -24
795 -27
796 -16
797 -50
798 -50
799 -55
800 -51
801 -17
802 -41
803 -51
804 -66
805 -24
806 -24
807 -17
808 -16
809 -55
810 -24
811 -51
812 -66
813 -24
814 -39
815 -24
816 -66
817 -17
818 -27
819 -66
820 -24
821 -35
822 -17
823 -16
824 -55
825 -66
826 -24
827 -17
828 -35
829 -22
830 -50
831 -24
832 -66
833 -27
834 -35
835 -43
836 -16
837 -16
838 -66
839 -96
840 -50
841 -17
842 -55
843 -66
844 -27
845 -16
846 -17
847 -17
848 -16
849 -16
850 -50
851 -66
852 -16
853 -50
854 -16
855 -51
856 -16
857 -16
858 -16
859 -17
860 -66
861 -51
862 -66
863 -35
864 -17
865 -17
866 -27
867 -51
868 -16
869 -23
870 -66
871 -35
872 -27
873 -16
874 -24
875 -67
876 -16
877 -17
878 -56
879 -17
880 -27
881 -16
882 -16
883 -55
884 -16
885 -16
886 -16
887 -27
888 -16
889 -27
890 -16
891 -16
892 -16
893 -24
894 -16
895 -28
896 -24
897 -51
898 -56
899 -55
900 -50
901 -50
902 -59
903 -28
904 -66
905 -51
906 -35
907 -16
908 -16
909 -16
910 -24
911 -66
912 -16
913 -87
914 -16
915 -55
916 -16
917 -24
918 -16
919 -55
920 -16
921 -35
922 -17
923 -66
924 -50
925 -50
926 -24
927 -16
928 -24
929 -50
930 -16
931 -27
932 -17
933 -16
934 -35
935 -16
936 -16
937 -35
938 -27
939 -51
940 -51
941 -50
942 -35
943 -66
944 -24
945 -42
946 -16
947 -35
948 -20
949 -16
950 -66
951 -16
952 -27
953 -55
954 -35
955 -50
956 -66
957 -16
958 -16
959 -24
960 -24
961 -24
962 -35
963 -36
964 -16
965 -16
966 -51
967 -24
968 -16
969 -27
970 -66
971 -35
972 -55
973 -17
974 -16
975 -16
976 -66
977 -18
978 -24
979 -27
980 -35
981 -55
982 -50
983 -27
984 -55
985 -24
986 -17
987 -24
988 -16
989 -35
990 -31
991 -16
992 -66
993 -22
994 -27
995 -50
996 -66
997 -27
998 -27
999 -50
