0 -16
1 -27
2 -55
3 -16
4 -16
5 -16
6 -17
7 -16
8 -16
9 -27
10 -50
11 -16
12 -16
13 -27
14 -55
15 -16
16 -34
17 -17
18 -16
19 -55
20 -27
21 -17
22 -27
23 -16
24 -34
25 -92
26 -16
27 -27
28 -16
29 -37
30 -31
31 -27
32 -16
33 -17
34 -39
35 -16
36 -27
37 -16
38 -17
39 -17
40 -58
41 -17
42 -17
43 -55
44 -27
45 -34
46 -16
47 -17
48 -58
49 -34
50 -17
51 -55
52 -16
53 -59
54 -34
55 -27
56 -17
57 -17
58 -55
59 -17
60 -16
61 -16
62 -34
63 -16
64 -28
65 -35
66 -16
67 -27
68 -39
69 -16
70 -17
71 -52
72 -17
73 -16
74 -43
75 -16
76 -50
77 -33
78 -16
79 -35
80 -16
81 -50
82 -92
83 -17
84 -35
85 -50
86 -55
87 -37
88 -16
89 -34
90 -50
91 -16
92 -40
93 -34
94 -55
95 -27
96 -50
97 -34
98 -55
99 -34
100 -17
101 -34
102 -27
103 -16
104 -34
105 -17
106 -35
107 -16
108 -27
109 -55
110 -50
111 -17
112 -16
113 -50
114 -55
115 -55
116 -17
117 -17
118 -34
119 -34
120 -16
121 -16
122 -27
123 -16
124 -35
125 -17
126 -50
127 -17
128 -55
129 -27
130 -35
131 -17
132 -16
133 -35
134 -17
135 -16
136 -16
137 -16
138 -34
139 -50
140 -27
141 -16
142 -35
143 -50
144 -55
145 -16
146 -16
147 -34
148 -55
149 -17
150 -16
151 -17
152 -16
153 -16
154 -16
155 -17
156 -17
157 -16
158 -17
159 -17
160 -35
161 -17
162 -27
163 -71
164 -17
165 -34
166 -25
167 -35
168 -54
169 -27
170 -16
171 -27
172 -27
173 -16
174 -17
175 -55
176 -35
177 -16
178 -16
179 -16
180 -34
181 -17
182 -35
183 -34
184 -50
185 -16
186 -16
187 -55
188 -17
189 -18
190 -46
191 -16
192 -27
193 -34
194 -16
195 -16
196 -34
197 -27
198 -16
199 -15
200 -16
201 -50
202 -34
203 -34
204 -17
205 -17
206 -20
207 -50
208 -50
209 -35
210 -38
211 -16
212 -27
213 -16
214 -17
215 -55
216 -34
217 -16
218 -16
219 -27
220 -39
221 -16
222 -17
223 -35
224 -16
225 -27
226 -27
227 -53
228 -35
229 -34
230 -17
231 -50
232 -17
233 -55
234 -16
235 -42
236 -17
237 -17
238 -17
239 -22
240 -16
241 -17
242 -50
243 -34
244 -27
245 -34
246 -16
247 -50
248 -34
249 -16
250 -16
251 -16
252 -16
253 -16
254 -55
255 -17
256 -17
257 -16
258 -16
259 -55
260 -38
261 -21
262 -35
263 -51
264 -17
265 -17
266 -16
267 -17
268 -17
269 -16
270 -34
271 -16
272 -17
273 -17
274 -16
275 -35
276 -27
277 -17
278 -17
279 -55
280 -34
281 -16
282 -55
283 -17
284 -17
285 -34
286 -16
287 -17
288 -17
289 -17
290 -27
291 -50
292 -27
293 -27
294 -16
295 -29
296 -50
297 -17
298 -20
299 -27
300 -27
301 -34
302 -16
303 -34
304 -27
305 -16
306 -50
307 -17
308 -17
309 -50
310 -54
311 -34
312 -50
313 -34
314 -34
315 -16
316 -22
317 -27
318 -17
319 -17
320 -34
321 -35
322 -16
323 -22
324 -17
325 -17
326 -16
327 -17
328 -16
329 -17
330 -16
331 -55
332 -44
333 -16
334 -16
335 -50
336 -16
337 -50
338 -17
339 -17
340 -19
341 -17
342 -17
343 -17
344 -16
345 -55
346 -27
347 -34
348 -17
349 -58
350 -27
351 -16
352 -17
353 -16
354 -16
355 -55
356 -28
357 -16
358 -16
359 -17
360 -17
361 -27
362 -17
363 -35
364 -27
365 -17
366 -16
367 -17
368 -16
369 -50
370 -17
371 -50
372 -35
373 -17
374 -50
375 -27
376 -16
377 -35
378 -17
379 -54
380 -41
381 -17
382 -16
383 -17
384 -35
385 -16
386 -16
387 -16
388 -16
389 -17
390 -50
391 -35
392 -27
393 -55
394 -50
395 -17
396 -17
397 -17
398 -50
399 -27
400 -50
401 -55
402 -17
403 -50
404 -16
405 -35
406 -16
407 -17
408 -34
409 -17
410 -17
411 -16
412 -17
413 -16
414 -16
415 -16
416 -34
417 -35
418 -17
419 -17
420 -16
421 -50
422 -17
423 -16
424 -16
425 -27
426 -17
427 -55
428 -17
429 -16
430 -35
431 -50
432 -55
433 -27
434 -55
435 -50
436 -54
437 -16
438 -17
439 -16
440 -17
441 -17
442 -16
443 -17
444 -35
445 -27
446 -49
447 -20
448 -50
449 -34
450 -17
451 -16
452 -55
453 -24
454 -55
455 -17
456 -24
457 -15
458 -55
459 -35
460 -34
461 -17
462 -16
463 -16
464 -16
465 -37
466 -17
467 -24
468 -27
469 -17
470 -50
471 -16
472 -17
473 -27
474 -55
475 -17
476 -20
477 -17
478 -16
479 -55
480 -27
481 -55
482 -16
483 -50
484 -17
485 -34
486 -29
487 -16
488 -16
489 -17
490 -17
491 -37
492 -34
493 -16
494 -16
495 -35
496 -35
497 -55
498 -34
499 -55
500 -50
501 -17
502 -50
503 -17
504 -34
505 -16
506 -55
507 -17
508 -17
509 -35
510 -17
511 -16
512 -17
513 -34
514 -27
515 -35
516 -55
517 -33
518 -34
519 -16
520 -17
521 -35
522 -17
523 -27
524 -15
525 -17
526 -37
527 -17
528 -34
529 -16
530 -23
531 -27
532 -35
533 -16
534 -17
535 -50
536 -55
537 -17
538 -55
539 -16
540 -16
541 -50
542 -18
543 -35
544 -27
545 -16
546 -16
547 -16
548 -50
549 -50
550 -42
551 -35
552 -39
553 -55
554 -27
555 -35
556 -35
557 -54
558 -34
559 -55
560 -16
561 -16
562 -16
563 -17
564 -16
565 -17
566 -16
567 -38
568 -35
569 -50
570 -27
571 -17
572 -51
573 -16
574 -16
575 -34
576 -17
577 -35
578 -16
579 -16
580 -51
581 -34
582 -34
583 -17
584 -27
585 -50
586 -50
587 -17
588 -17
589 -35
590 -55
591 -16
592 -16
593 -17
594 -16
595 -17
596 -49
597 -17
598 -34
599 -19
600 -16
601 -21
602 -16
603 -17
604 -17
605 -17
606 -17
607 -17
608 -55
609 -17
610 -16
611 -27
612 -16
613 -27
614 -16
615 -55
616 -16
617 -16
618 -50
619 -16
620 -35
621 -35
622 -27
623 -16
624 -53
625 -17
626 -17
627 -16
628 -34
629 -16
630 -34
631 -48
632 -17
633 -55
634 -17
635 -50
636 -17
637 -27
638 -27
639 -17
640 -34
641 -34
642 -17
643 -16
644 -17
645 -17
646 -17
647 -27
648 -27
649 -50
650 -23
651 -16
652 -50
653 -55
654 -17
655 -16
656 -17
657 -17
658 -55
659 -16
660 -17
661 -55
662 -17
663 -25
664 -17
665 -50
666 -17
667 -34
668 -55
669 -35
670 -16
671 -22
672 -55
673 -50
674 -16
675 -16
676 -16
677 -18
678 -17
679 -35
680 -22
681 -34
682 -50
683 -16
684 -20
685 -16
686 -16
687 -21
688 -16
689 -55
690 -17
691 -17
692 -17
693 -50
694 -55
695 -34
696 -27
697 -50
698 -50
699 -16
700 -16
701 -16
702 -17
703 -16
704 -55
705 -16
706 -16
707 -17
708 -55
709 -27
710 -16
711 -16
712 -16
713 -16
714 -55
715 -17
716 -16
717 -34
718 -17
719 -16
720 -17
721 -16
722 -17
723 -17
724 -35
725 -34
726 -34
727 -34
728 -16
729 -24
730 -16
731 -16
732 -34
733 -17
734 -34
735 -23
736 -50
737 -16
738 -17
739 -55
740 -16
741 -55
742 -17
743 -60
744 -17
745 -16
746 -17
747 -16
748 -17
749 -16
750 -17
751 -16
752 -16
753 -50
754 -17
755 -27
756 -55
757 -40
758 -20
759 -35
760 -47
761 -34
762 -17
763 -60
764 -50
765 -35
766 -50
767 -27
768 -16
769 -34
770 -27
771 -55
772 -17
773 -50
774 -17
775 -31
776 -16
777 -50
778 -17
779 -34
780 -16
781 -50
782 -16
783 -17
784 -55
785 -17
786 -16
787 -35
788 -17
789 -17
790 -55
791 -17
792 -16
793 -17
794 -35
795 -17
796 -17
797 -17
798 -35
799 -17
800 -17
801 -27
802 -17
803 -17
804 -35
805 -17
806 -55
807 -35
808 -16
809 -52
810 -17
811 -27
812 -52
813 -22
814 -16
815 -16
816 -17
817 -34
818 -16
819 -55
820 -34
821 -17
822 -17
823 -17
824 -17
825 -17
826 -50
827 -25
828 -17
829 -17
830 -50
831 -16
832 -17
833 -50
834 -16
835 -17
836 -16
837 -27
838 -50
839 -50
840 -16
841 -55
842 -18
843 -53
844 -17
845 -27
846 -17
847 -17
848 -50
849 -50
850 -17
851 -34
852 -50
853 -17
854 -46
855 -16
856 -17
857 -16
858 -50
859 -34
860 -34
861 -35
862 -16
863 -17
864 -16
865 -17
866 -16
867 -17
868 -16
869 -17
870 -17
871 -17
872 -27
873 -17
874 -27
875 -16
876 -16
877 -16
878 -16
879 -16
880 -16
881 -16
882 -16
883 -30
884 -34
885 -35
886 -17
887 -27
888 -22
889 -16
890 -16
891 -16
892 -50
893 -50
894 -27
895 -50
896 -17
897 -17
898 -35
899 -59
900 -34
901 -16
902 -50
903 -35
904 -34
905 -87
906 -27
907 -20
908 -17
909 -16
910 -16
911 -17
912 -16
913 -34
914 -17
915 -40
916 -16
917 -17
918 -18
919 -17
920 -50
921 -27
922 -50
923 -34
924 -55
925 -17
926 -27
927 -36
928 -35
929 -50
930 -27
931 -35
932 -17
933 -50
934 -27
935 -27
936 -16
937 -17
938 -16
939 -16
940 -51
941 -22
942 -16
943 -35
944 -17
945 -50
946 -16
947 -55
948 -27
949 -17
950 -55
951 -35
952 -16
953 -17
954 -17
955 -17
956 -55
957 -17
958 -34
959 -16
960 -17
961 -55
962 -55
963 -87
964 -55
965 -55
966 -27
967 -17
968 -16
969 -17
970 -16
971 -17
972 -55
973 -16
974 -50
975 -17
976 -87
977 -17
978 -34
979 -16
980 -16
981 -16
982 -16
983 -55
984 -34
985 -19
986 -16
987 -50
988 -17
989 -16
990 -27
991 -16
992 -17
993 -17
994 -17
995 -40
996 -16
997 -50
998 -55
999 -34
