0 -20
1 -31
2 -24
3 -27
4 -16
5 -50
6 -24
7 -24
8 -31
9 -17
10 -24
11 -16
12 -31
13 -16
14 -16
15 -24
16 -16
17 -24
18 -55
19 -43
20 -31
21 -27
22 -24
23 -51
24 -24
25 -16
26 -16
27 -27
28 -16
29 -51
30 -36
31 -16
32 -31
33 -50
34 -37
35 -31
36 -27
37 -27
38 -55
39 -55
40 -50
41 -17
42 -27
43 -24
44 -31
45 -27
46 -55
47 -16
48 -16
49 -51
50 -43
51 -43
52 -27
53 -50
54 -16
55 -27
56 -43
57 -27
58 -16
59 -55
60 -50
61 -16
62 -50
63 -25
64 -42
65 -16
66 -16
67 -16
68 -43
69 -50
70 -16
71 -24
72 -16
73 -24
74 -16
75 -16
76 -24
77 -17
78 -27
79 -24
80 -27
81 -28
82 -32
83 -17
84 -16
85 -16
86 -36
87 -16
88 -24
89 -17
90 -18
91 -43
92 -16
93 -16
94 -16
95 -16
96 -27
97 -58
98 -16
99 -16
100 -17
101 -43
102 -31
103 -43
104 -27
105 -27
106 -24
107 -51
108 -46
109 -50
110 -17
111 -17
112 -16
113 -31
114 -16
115 -16
116 -24
117 -16
118 -27
119 -51
120 -31
121 -16
122 -43
123 -51
124 -51
125 -16
126 -31
127 -55
128 -55
129 -55
130 -31
131 -50
132 -50
133 -43
134 -17
135 -16
136 -18
137 -39
138 -31
139 -16
140 -51
141 -50
142 -25
143 -16
144 -16
145 -55
146 -43
147 -31
148 -58
149 -16
150 -55
151 -16
152 -50
153 -50
154 -51
155 -16
156 -55
157 -31
158 -43
159 -55
160 -29
161 -50
162 -51
163 -55
164 -27
165 -27
166 -55
167 -17
168 -24
169 -17
170 -17
171 -43
172 -27
173 -16
174 -16
175 -55
176 -51
177 -16
178 -39
179 -27
180 -46
181 -50
182 -43
183 -27
184 -51
185 -51
186 -28
187 -55
188 -36
189 -50
190 -27
191 -50
192 -16
193 -44
194 -27
195 -24
196 -24
197 -55
198 -16
199 -55
200 -21
201 -17
202 -27
203 -51
204 -27
205 -17
206 -27
207 -17
208 -31
209 -43
210 -43
211 -16
212 -51
213 -27
214 -43
215 -27
216 -51
217 -51
218 -27
219 -17
220 -51
221 -24
222 -43
223 -24
224 -50
225 -51
226 -16
227 -16
228 -24
229 -16
230 -55
231 -17
232 -16
233 -31
234 -17
235 -31
236 -16
237 -31
238 -17
239 -55
240 -15
241 -27
242 -16
243 -31
244 -43
245 -43
246 -55
247 -50
248 -16
249 -43
250 -16
251 -43
252 -55
253 -16
254 -16
255 -27
256 -16
257 -50
258 -50
259 -16
260 -50
261 -51
262 -55
263 -16
264 -24
265 -17
266 -58
267 -16
268 -16
269 -31
270 -31
271 -16
272 -55
273 -55
274 -27
275 -51
276 -27
277 -21
278 -24
279 -31
280 -43
281 -55
282 -17
283 -16
284 -24
285 -55
286 -24
287 -16
288 -24
289 -24
290 -31
291 -31
292 -17
293 -55
294 -51
295 -17
296 -23
297 -17
298 -27
299 -16
300 -55
301 -31
302 -51
303 -51
304 -16
305 -50
306 -43
307 -27
308 -16
309 -50
310 -55
311 -17
312 -43
313 -43
314 -16
315 -24
316 -52
317 -16
318 -16
319 -26
320 -23
321 -51
322 -16
323 -51
324 -55
325 -16
326 -43
327 -17
328 -31
329 -51
330 -55
331 -72
332 -16
333 -51
334 -27
335 -24
336 -31
337 -27
338 -24
339 -50
340 -31
341 -27
342 -17
343 -17
344 -51
345 -43
346 -43
347 -24
348 -27
349 -27
350 -43
351 -31
352 -21
353 -24
354 -31
355 -24
356 -24
357 -16
358 -16
359 -51
360 -50
361 -31
362 -16
363 -17
364 -51
365 -50
366 -43
367 -51
368 -51
369 -31
370 -87
371 -16
372 -16
373 -17
374 -55
375 -16
376 -43
377 -31
378 -31
379 -17
380 -27
381 -16
382 -16
383 -17
384 -16
385 -55
386 -24
387 -50
388 -16
389 -27
390 -31
391 -17
392 -27
393 -16
394 -16
395 -16
396 -16
397 -38
398 -27
399 -16
400 -50
401 -16
402 -55
403 -17
404 -17
405 -51
406 -31
407 -16
408 -43
409 -31
410 -16
411 -43
412 -51
413 -27
414 -47
415 -31
416 -51
417 -43
418 -55
419 -16
420 -51
421 -19
422 -55
423 -27
424 -51
425 -27
426 -31
427 -17
428 -31
429 -50
430 -51
431 -43
432 -43
433 -51
434 -17
435 -16
436 -16
437 -17
438 -24
439 -29
440 -31
441 -27
442 -51
443 -16
444 -16
445 -44
446 -17
447 -55
448 -51
449 -17
450 -43
451 -50
452 -24
453 -43
454 -51
455 -43
456 -24
457 -16
458 -27
459 -51
460 -16
461 -24
462 -24
463 -27
464 -16
465 -43
466 -43
467 -43
468 -52
469 -43
470 -24
471 -31
472 -16
473 -27
474 -55
475 -16
476 -16
477 -31
478 -17
479 -16
480 -43
481 -50
482 -43
483 -27
484 -24
485 -51
486 -17
487 -27
488 -55
489 -47
490 -26
491 -43
492 -16
493 -27
494 -55
495 -50
496 -31
497 -38
498 -24
499 -16
500 -16
501 -16
502 -50
503 -17
504 -51
505 -31
506 -16
507 -17
508 -67
509 -16
510 -24
511 -55
512 -87
513 -16
514 -31
515 -50
516 -55
517 -16
518 -34
519 -16
520 -20
521 -27
522 -16
523 -16
524 -24
525 -16
526 -15
527 -16
528 -55
529 -31
530 -16
531 -51
532 -24
533 -31
534 -31
535 -43
536 -16
537 -24
538 -16
539 -31
540 -51
541 -31
542 -43
543 -51
544 -51
545 -55
546 -16
547 -51
548 -16
549 -16
550 -24
551 -31
552 -31
553 -31
554 -30
555 -43
556 -55
557 -50
558 -51
559 -50
560 -41
561 -51
562 -17
563 -80
564 -50
565 -16
566 -55
567 -27
568 -16
569 -24
570 -16
571 -16
572 -16
573 -16
574 -16
575 -17
576 -17
577 -50
578 -16
579 -43
580 -16
581 -16
582 -48
583 -55
584 -31
585 -31
586 -37
587 -16
588 -51
589 -31
590 -17
591 -43
592 -53
593 -16
594 -46
595 -16
596 -31
597 -16
598 -16
599 -23
600 -27
601 -55
602 -92
603 -31
604 -16
605 -16
606 -55
607 -51
608 -50
609 -17
610 -55
611 -16
612 -24
613 -60
614 -16
615 -51
616 -34
617 -55
618 -55
619 -43
620 -31
621 -51
622 -17
623 -16
624 -16
625 -31
626 -24
627 -43
628 -51
629 -51
630 -16
631 -55
632 -31
633 -24
634 -43
635 -21
636 -55
637 -24
638 -27
639 -55
640 -17
641 -55
642 -50
643 -16
644 -51
645 -55
646 -43
647 -50
648 -16
649 -16
650 -27
651 -16
652 -31
653 -16
654 -16
655 -16
656 -17
657 -43
658 -43
659 -53
660 -75
661 -16
662 -24
663 -24
664 -27
665 -51
666 -50
667 -38
668 -50
669 -51
670 -17
671 -17
672 -50
673 -16
674 -27
675 -43
676 -17
677 -17
678 -16
679 -27
680 -16
681 -51
682 -16
683 -16
684 -24
685 -50
686 -51
687 -24
688 -31
689 -50
690 -16
691 -51
692 -43
693 -16
694 -27
695 -16
696 -31
697 -16
698 -31
699 -16
700 -54
701 -51
702 -50
703 -31
704 -24
705 -50
706 -16
707 -31
708 -16
709 -27
710 -55
711 -31
712 -31
713 -24
714 -43
715 -16
716 -50
717 -17
718 -17
719 -51
720 -50
721 -43
722 -16
723 -32
724 -24
725 -43
726 -24
727 -43
728 -55
729 -55
730 -43
731 -16
732 -16
733 -50
734 -55
735 -24
736 -16
737 -43
738 -17
739 -48
740 -51
741 -27
742 -27
743 -50
744 -43
745 -24
746 -17
747 -16
748 -27
749 -24
750 -24
751 -55
752 -50
753 -16
754 -31
755 -24
756 -17
757 -16
758 -16
759 -16
760 -24
761 -49
762 -40
763 -24
764 -43
765 -31
766 -17
767 -16
768 -47
769 -27
770 -55
771 -24
772 -27
773 -24
774 -32
775 -24
776 -16
777 -51
778 -43
779 -51
780 -16
781 -51
782 -50
783 -50
784 -18
785 -43
786 -16
787 -21
788 -16
789 -16
790 -27
791 -16
792 -16
793 -36
794 -55
795 -16
796 -55
797 -27
798 -51
799 -17
800 -27
801 -17
802 -55
803 -24
804 -51
805 -51
806 -43
807 -50
808 -27
809 -50
810 -51
811 -50
812 -50
813 -24
814 -27
815 -43
816 -24
817 -59
818 -24
819 -16
820 -16
821 -51
822 -50
823 -31
824 -42
825 -24
826 -16
827 -51
828 -92
829 -16
830 -16
831 -32
832 -54
833 -16
834 -16
835 -50
836 -16
837 -55
838 -76
839 -27
840 -43
841 -16
842 -59
843 -27
844 -55
845 -17
846 -27
847 -31
848 -50
849 -31
850 -55
851 -31
852 -16
853 -47
854 -27
855 -31
856 -17
857 -51
858 -16
859 -27
860 -16
861 -16
862 -45
863 -24
864 -16
865 -50
866 -27
867 -17
868 -24
869 -31
870 -55
871 -16
872 -31
873 -31
874 -55
875 -50
876 -31
877 -16
878 -51
879 -17
880 -50
881 -55
882 -31
883 -43
884 -55
885 -16
886 -51
887 -27
888 -20
889 -16
890 -16
891 -27
892 -27
893 -55
894 -55
895 -51
896 -31
897 -24
898 -43
899 -58
900 -55
901 -24
902 -27
903 -24
904 -16
905 -17
906 -51
907 -24
908 -17
909 -55
910 -17
911 -24
912 -27
913 -16
914 -16
915 -24
916 -24
917 -16
918 -55
919 -31
920 -16
921 -17
922 -55
923 -51
924 -16
925 -16
926 -55
927 -16
928 -31
929 -16
930 -17
931 -27
932 -20
933 -51
934 -16
935 -27
936 -31
937 -55
938 -16
939 -16
940 -43
941 -18
942 -26
943 -66
944 -24
945 -16
946 -40
947 -16
948 -16
949 -16
950 -19
951 -50
952 -50
953 -27
954 -31
955 -16
956 -17
957 -24
958 -47
959 -31
960 -27
961 -51
962 -27
963 -50
964 -31
965 -17
966 -23
967 -31
968 -24
969 -16
970 -16
971 -31
972 -51
973 -43
974 -55
975 -16
976 -51
977 -24
978 -31
979 -16
980 -31
981 -50
982 -16
983 -55
984 -31
985 -16
986 -27
987 -27
988 -16
989 -31
990 -17
991 -16
992 -51
993 -17
994 -31
995 -17
996 -27
997 -24
998 -45
999 -16
