0 -27
1 -17
2 -41
3 -17
4 -41
5 -16
6 -27
7 -16
8 -51
9 -34
10 -50
11 -16
12 -17
13 -27
14 -50
15 -41
16 -51
17 -46
18 -34
19 -51
20 -19
21 -17
22 -50
23 -51
24 -16
25 -17
26 -50
27 -16
28 -16
29 -16
30 -47
31 -16
32 -16
33 -16
34 -50
35 -34
36 -17
37 -16
38 -41
39 -16
40 -17
41 -20
42 -16
43 -16
44 -59
45 -17
46 -16
47 -46
48 -17
49 -16
50 -51
51 -27
52 -16
53 -41
54 -17
55 -34
56 -34
57 -50
58 -17
59 -50
60 -50
61 -21
62 -41
63 -17
64 -16
65 -17
66 -17
67 -23
68 -17
69 -16
70 -41
71 -71
72 -17
73 -55
74 -27
75 -32
76 -34
77 -16
78 -45
79 -16
80 -17
81 -51
82 -17
83 -17
84 -17
85 -34
86 -16
87 -16
88 -51
89 -55
90 -27
91 -16
92 -27
93 -17
94 -17
95 -50
96 -17
97 -17
98 -41
99 -36
100 -17
101 -34
102 -17
103 -34
104 -41
105 -39
106 -17
107 -41
108 -54
109 -34
110 -16
111 -34
112 -41
113 -41
114 -17
115 -17
116 -17
117 -34
118 -17
119 -27
120 -37
121 -41
122 -34
123 -17
124 -23
125 -41
126 -22
127 -17
128 -55
129 -50
130 -27
131 -16
132 -16
133 -28
134 -50
135 -51
136 -27
137 -51
138 -16
139 -16
140 -34
141 -41
142 -16
143 -16
144 -41
145 -55
146 -45
147 -34
148 -16
149 -16
150 -16
151 -41
152 -55
153 -17
154 -17
155 -27
156 -16
157 -55
158 -41
159 -16
160 -27
161 -16
162 -27
163 -16
164 -17
165 -34
166 -51
167 -16
168 -17
169 -17
170 -41
171 -34
172 -50
173 -55
174 -27
175 -48
176 -17
177 -17
178 -16
179 -16
180 -16
181 -50
182 -27
183 -16
184 -16
185 -17
186 -16
187 -16
188 -16
189 -27
190 -37
191 -50
192 -51
193 -16
194 -27
195 -17
196 -17
197 -51
198 -42
199 -50
200 -55
201 -17
202 -42
203 -50
204 -34
205 -17
206 -50
207 -17
208 -39
209 -17
210 -16
211 -55
212 -50
213 -17
214 -16
215 -27
216 -51
217 -50
218 -51
219 -17
220 -17
221 -16
222 -16
223 -16
224 -16
225 -16
226 -27
227 -17
228 -34
229 -16
230 -51
231 -16
232 -16
233 -34
234 -34
235 -54
236 -22
237 -27
238 -27
239 -54
240 -17
241 -27
242 -15
243 -16
244 -50
245 -27
246 -41
247 -51
248 -61
249 -16
250 -16
251 -41
252 -34
253 -41
254 -51
255 -16
256 -50
257 -51
258 -55
259 -24
260 -17
261 -27
262 -17
263 -27
264 -16
265 -50
266 -50
267 -16
268 -16
269 -51
270 -87
271 -51
272 -17
273 -27
274 -55
275 -27
276 -17
277 -52
278 -16
279 -27
280 -55
281 -41
282 -55
283 -41
284 -41
285 -17
286 -56
287 -50
288 -27
289 -51
290 -41
291 -55
292 -17
293 -21
294 -50
295 -27
296 -51
297 -60
298 -27
299 -17
300 -41
301 -51
302 -16
303 -41
304 -17
305 -34
306 -51
307 -51
308 -16
309 -17
310 -17
311 -50
312 -16
313 -55
314 -27
315 -51
316 -51
317 -27
318 -16
319 -17
320 -16
321 -17
322 -55
323 -50
324 -16
325 -17
326 -34
327 -16
328 -55
329 -17
330 -34
331 -16
332 -82
333 -27
334 -16
335 -55
336 -16
337 -16
338 -17
339 -16
340 -17
341 -27
342 -17
343 -34
344 -17
345 -20
346 -17
347 -27
348 -17
349 -16
350 -27
351 -51
352 -16
353 -34
354 -51
355 -34
356 -24
357 -16
358 -16
359 -16
360 -17
361 -50
362 -34
363 -27
364 -16
365 -17
366 -55
367 -17
368 -17
369 -51
370 -41
371 -27
372 -55
373 -24
374 -17
375 -50
376 -34
377 -50
378 -50
379 -34
380 -16
381 -40
382 -50
383 -56
384 -34
385 -17
386 -16
387 -34
388 -50
389 -27
390 -51
391 -17
392 -51
393 -16
394 -41
395 -27
396 -17
397 -41
398 -17
399 -17
400 -16
401 -16
402 -16
403 -34
404 -17
405 -40
406 -34
407 -36
408 -34
409 -34
410 -27
411 -17
412 -41
413 -17
414 -16
415 -16
416 -51
417 -27
418 -17
419 -16
420 -41
421 -17
422 -50
423 -51
424 -31
425 -41
426 -41
427 -55
428 -16
429 -17
430 -16
431 -50
432 -17
433 -29
434 -27
435 -55
436 -41
437 -16
438 -17
439 -41
440 -55
441 -16
442 -55
443 -16
444 -77
445 -50
446 -41
447 -55
448 -51
449 -34
450 -17
451 -16
452 -17
453 -41
454 -34
455 -51
456 -16
457 -16
458 -27
459 -25
460 -17
461 -51
462 -41
463 -55
464 -55
465 -27
466 -34
467 -46
468 -51
469 -41
470 -34
471 -50
472 -55
473 -34
474 -50
475 -23
476 -41
477 -16
478 -34
479 -16
480 -34
481 -27
482 -55
483 -16
484 -17
485 -34
486 -17
487 -51
488 -27
489 -16
490 -34
491 -17
492 -16
493 -17
494 -73
495 -16
496 -17
497 -34
498 -27
499 -41
500 -64
501 -41
502 -50
503 -16
504 -17
505 -34
506 -27
507 -51
508 -50
509 -16
510 -27
511 -16
512 -50
513 -27
514 -41
515 -17
516 -51
517 -61
518 -51
519 -16
520 -34
521 -16
522 -50
523 -41
524 -28
525 -17
526 -16
527 -50
528 -55
529 -16
530 -27
531 -17
532 -37
533 -18
534 -41
535 -55
536 -50
537 -50
538 -16
539 -50
540 -33
541 -41
542 -46
543 -34
544 -17
545 -55
546 -16
547 -55
548 -34
549 -16
550 -51
551 -34
552 -27
553 -16
554 -17
555 -51
556 -51
557 -17
558 -16
559 -16
560 -25
561 -50
562 -17
563 -17
564 -16
565 -34
566 -50
567 -41
568 -16
569 -51
570 -41
571 -16
572 -41
573 -16
574 -16
575 -41
576 -17
577 -27
578 -17
579 -41
580 -55
581 -55
582 -55
583 -17
584 -17
585 -17
586 -16
587 -16
588 -51
589 -50
590 -17
591 -17
592 -17
593 -34
594 -16
595 -16
596 -16
597 -41
598 -50
599 -27
600 -55
601 -55
602 -41
603 -17
604 -27
605 -16
606 -17
607 -34
608 -16
609 -27
610 -27
611 -51
612 -51
613 -16
614 -27
615 -34
616 -17
617 -16
618 -16
619 -16
620 -34
621 -16
622 -17
623 -34
624 -16
625 -16
626 -16
627 -34
628 -34
629 -17
630 -16
631 -16
632 -16
633 -27
634 -17
635 -34
636 -16
637 -34
638 -16
639 -17
640 -41
641 -27
642 -16
643 -55
644 -47
645 -27
646 -50
647 -16
648 -16
649 -41
650 -50
651 -52
652 -16
653 -34
654 -17
655 -34
656 -34
657 -51
658 -16
659 -17
660 -34
661 -41
662 -17
663 -51
664 -34
665 -51
666 -50
667 -16
668 -34
669 -55
670 -55
671 -16
672 -16
673 -17
674 -55
675 -17
676 -34
677 -55
678 -16
679 -55
680 -41
681 -17
682 -55
683 -51
684 -16
685 -55
686 -17
687 -51
688 -16
689 -17
690 -34
691 -55
692 -16
693 -21
694 -17
695 -34
696 -16
697 -17
698 -17
699 -16
700 -41
701 -55
702 -20
703 -16
704 -17
705 -34
706 -41
707 -17
708 -17
709 -17
710 -41
711 -41
712 -41
713 -16
714 -41
715 -34
716 -27
717 -16
718 -16
719 -50
720 -50
721 -50
722 -41
723 -41
724 -41
725 -16
726 -16
727 -27
728 -34
729 -51
730 -17
731 -34
732 -17
733 -27
734 -27
735 -51
736 -42
737 -55
738 -21
739 -55
740 -17
741 -27
742 -16
743 -17
744 -34
745 -17
746 -55
747 -27
748 -16
749 -27
750 -16
751 -51
752 -50
753 -16
754 -27
755 -34
756 -27
757 -58
758 -51
759 -27
760 -16
761 -27
762 -51
763 -53
764 -34
765 -18
766 -34
767 -50
768 -34
769 -50
770 -16
771 -50
772 -51
773 -16
774 -41
775 -16
776 -34
777 -17
778 -50
779 -28
780 -16
781 -41
782 -16
783 -50
784 -34
785 -16
786 -17
787 -16
788 -16
789 -50
790 -41
791 -27
792 -34
793 -16
794 -16
795 -27
796 -16
797 -16
798 -55
799 -17
800 -17
801 -34
802 -41
803 -41
804 -41
805 -32
806 -51
807 -27
808 -51
809 -16
810 -27
811 -18
812 -17
813 -17
814 -34
815 -16
816 -51
817 -51
818 -27
819 -41
820 -34
821 -51
822 -41
823 -41
824 -17
825 -16
826 -51
827 -17
828 -17
829 -27
830 -16
831 -17
832 -50
833 -55
834 -16
835 -16
836 -16
837 -17
838 -19
839 -55
840 -16
841 -41
842 -27
843 -51
844 -16
845 -55
846 -51
847 -41
848 -16
849 -54
850 -51
851 -40
852 -16
853 -50
854 -16
855 -41
856 -34
857 -50
858 -16
859 -50
860 -34
861 -23
862 -51
863 -17
864 -27
865 -34
866 -16
867 -50
868 -17
869 -17
870 -16
871 -27
872 -17
873 -34
874 -16
875 -34
876 -27
877 -17
878 -27
879 -55
880 -27
881 -34
882 -50
883 -55
884 -51
885 -27
886 -20
887 -16
888 -35
889 -34
890 -34
891 -27
892 -34
893 -16
894 -16
895 -42
896 -17
897 -17
898 -16
899 -41
900 -51
901 -41
902 -16
903 -17
904 -17
905 -42
906 -16
907 -16
908 -19
909 -41
910 -46
911 -55
912 -17
913 -27
914 -55
915 -50
916 -17
917 -17
918 -41
919 -16
920 -23
921 -16
922 -16
923 -41
924 -17
925 -51
926 -17
927 -55
928 -51
929 -52
930 -16
931 -17
932 -50
933 -34
934 -34
935 -51
936 -16
937 -34
938 -55
939 -16
940 -27
941 -51
942 -17
943 -34
944 -50
945 -27
946 -34
947 -34
948 -27
949 -17
950 -34
951 -17
952 -17
953 -51
954 -17
955 -17
956 -51
957 -38
958 -41
959 -17
960 -50
961 -34
962 -16
963 -16
964 -50
965 -16
966 -16
967 -27
968 -51
969 -17
970 -51
971 -17
972 -17
973 -27
974 -17
975 -34
976 -16
977 -50
978 -27
979 -17
980 -27
981 -34
982 -50
983 -17
984 -55
985 -27
986 -34
987 -21
988 -55
989 -55
990 -17
991 -16
992 -51
993 -41
994 -16
995 -16
996 -55
997 -51
998 -17
999 -27
