0 -88
1 -81
2 -40
3 -42
4 -38
5 -91
6 -95
7 -78
8 -77
9 -95
10 -56
11 -37
12 -41
13 -70
14 -116
15 -39
16 -56
17 -59
18 -56
19 -44
20 -58
21 -42
22 -56
23 -76
24 -88
25 -69
26 -82
27 -106
28 -60
29 -74
30 -78
31 -87
32 -70
33 -83
34 -70
35 -89
36 -67
37 -88
38 -80
39 -48
40 -49
41 -47
42 -65
43 -31
44 -82
45 -103
46 -32
47 -91
48 -65
49 -72
50 -74
51 -114
52 -89
53 -131
54 -56
55 -30
56 -37
57 -94
58 -104
59 -57
60 -62
61 -117
62 -36
63 -83
64 -96
65 -74
66 -70
67 -85
68 -66
69 -88
70 -67
71 -64
72 -64
73 -76
74 -85
75 -75
76 -122
77 -62
78 -74
79 -101
80 -35
81 -32
82 -81
83 -69
84 -59
85 -70
86 -52
87 -88
88 -58
89 -70
90 -49
91 -56
92 -81
93 -66
94 -98
95 -72
96 -57
97 -45
98 -74
99 -63
100 -47
101 -49
102 -103
103 -69
104 -86
105 -79
106 -65
107 -73
108 -94
109 -85
110 -57
111 -85
112 -107
113 -45
114 -44
115 -89
116 -56
117 -110
118 -42
119 -71
120 -46
121 -91
122 -57
123 -84
124 -98
125 -43
126 -80
127 -48
128 -84
129 -115
130 -68
131 -84
132 -53
133 -67
134 -83
135 -75
136 -58
137 -70
138 -40
139 -71
140 -60
141 -29
142 -70
143 -85
144 -58
145 -62
146 -94
147 -124
148 -130
149 -34
150 -65
151 -60
152 -66
153 -74
154 -49
155 -53
156 -58
157 -60
158 -56
159 -67
160 -74
161 -64
162 -65
163 -74
164 -47
165 -53
166 -55
167 -75
168 -47
169 -89
170 -66
171 -119
172 -107
173 -50
174 -67
175 -92
176 -70
177 -86
178 -116
179 -107
180 -83
181 -102
182 -80
183 -107
184 -77
185 -126
186 -52
187 -59
188 -92
189 -81
190 -58
191 -58
192 -55
193 -71
194 -66
195 -83
196 -66
197 -37
198 -60
199 -115
200 -66
201 -119
202 -132
203 -74
204 -134
205 -31
206 -40
207 -66
208 -91
209 -111
210 -50
211 -35
212 -31
213 -50
214 -68
215 -60
216 -81
217 -71
218 -71
219 -69
220 -48
221 -54
222 -100
223 -95
224 -47
225 -51
226 -49
227 -41
228 -101
229 -49
230 -59
231 -38
232 -51
233 -38
234 -59
235 -64
236 -52
237 -70
238 -62
239 -113
240 -62
241 -116
242 -79
243 -91
244 -49
245 -69
246 -75
247 -92
248 -58
249 -76
250 -66
251 -52
252 -29
253 -44
254 -63
255 -76
256 -62
257 -70
258 -70
259 -76
260 -101
261 -70
262 -72
263 -28
264 -47
265 -61
266 -36
267 -70
268 -104
269 -95
270 -82
271 -28
272 -103
273 -38
274 -60
275 -80
276 -83
277 -75
278 -92
279 -78
280 -105
281 -59
282 -71
283 -51
284 -87
285 -55
286 -60
287 -65
288 -77
289 -82
290 -68
291 -111
292 -70
293 -36
294 -100
295 -48
296 -108
297 -40
298 -102
299 -54
300 -83
301 -48
302 -109
303 -55
304 -51
305 -71
306 -65
307 -48
308 -69
309 -31
310 -60
311 -59
312 -83
313 -41
314 -85
315 -63
316 -56
317 -48
318 -102
319 -70
320 -60
321 -31
322 -39
323 -135
324 -98
325 -63
326 -36
327 -86
328 -109
329 -101
330 -106
331 -100
332 -50
333 -62
334 -74
335 -53
336 -65
337 -65
338 -70
339 -63
340 -113
341 -66
342 -129
343 -144
344 -92
345 -50
346 -72
347 -69
348 -81
349 -52
350 -58
351 -79
352 -58
353 -76
354 -73
355 -51
356 -89
357 -71
358 -46
359 -79
360 -59
361 -37
362 -86
363 -96
364 -69
365 -62
366 -84
367 -60
368 -77
369 -58
370 -119
371 -49
372 -107
373 -85
374 -44
375 -71
376 -100
377 -57
378 -92
379 -45
380 -101
381 -70
382 -79
383 -65
384 -86
385 -52
386 -59
387 -53
388 -117
389 -69
390 -89
391 -74
392 -50
393 -94
394 -62
395 -69
396 -69
397 -55
398 -53
399 -32
400 -50
401 -50
402 -46
403 -81
404 -127
405 -114
406 -29
407 -54
408 -122
409 -36
410 -62
411 -78
412 -81
413 -61
414 -64
415 -105
416 -94
417 -70
418 -52
419 -42
420 -61
421 -123
422 -94
423 -113
424 -81
425 -43
426 -67
427 -69
428 -79
429 -60
430 -87
431 -35
432 -51
433 -71
434 -105
435 -81
436 -62
437 -112
438 -71
439 -66
440 -47
441 -82
442 -47
443 -49
444 -85
445 -85
446 -59
447 -77
448 -98
449 -68
450 -60
451 -72
452 -44
453 -57
454 -69
455 -74
456 -96
457 -118
458 -80
459 -109
460 -31
461 -35
462 -93
463 -46
464 -97
465 -78
466 -95
467 -43
468 -66
469 -48
470 -84
471 -53
472 -55
473 -50
474 -76
475 -64
476 -59
477 -47
478 -85
479 -68
480 -72
481 -86
482 -42
483 -68
484 -70
485 -87
486 -67
487 -73
488 -48
489 -91
490 -63
491 -61
492 -80
493 -86
494 -70
495 -63
496 -81
497 -99
498 -79
499 -91
500 -89
501 -101
502 -79
503 -40
504 -68
505 -132
506 -126
507 -70
508 -114
509 -58
510 -112
511 -51
512 -131
513 -82
514 -63
515 -101
516 -61
517 -53
518 -73
519 -65
520 -134
521 -124
522 -100
523 -65
524 -45
525 -59
526 -77
527 -61
528 -50
529 -104
530 -94
531 -76
532 -29
533 -41
534 -96
535 -56
536 -47
537 -73
538 -65
539 -40
540 -47
541 -33
542 -86
543 -93
544 -95
545 -80
546 -79
547 -136
548 -71
549 -86
550 -101
551 -36
552 -68
553 -86
554 -54
555 -63
556 -76
557 -67
558 -70
559 -67
560 -57
561 -102
562 -80
563 -70
564 -54
565 -68
566 -89
567 -43
568 -65
569 -51
570 -91
571 -36
572 -104
573 -28
574 -73
575 -62
576 -74
577 -68
578 -85
579 -56
580 -85
581 -48
582 -112
583 -52
584 -111
585 -71
586 -55
587 -59
588 -55
589 -64
590 -72
591 -99
592 -60
593 -72
594 -90
595 -29
596 -84
597 -103
598 -80
599 -36
600 -91
601 -54
602 -68
603 -72
604 -123
605 -55
606 -51
607 -53
608 -58
609 -67
610 -62
611 -92
612 -75
613 -70
614 -63
615 -64
616 -43
617 -47
618 -79
619 -60
620 -60
621 -54
622 -48
623 -91
624 -21
625 -103
626 -64
627 -59
628 -50
629 -34
630 -46
631 -52
632 -69
633 -41
634 -42
635 -90
636 -61
637 -66
638 -59
639 -38
640 -68
641 -78
642 -117
643 -145
644 -42
645 -57
646 -71
647 -97
648 -86
649 -109
650 -49
651 -42
652 -58
653 -52
654 -75
655 -96
656 -123
657 -36
658 -52
659 -92
660 -97
661 -42
662 -86
663 -67
664 -78
665 -77
666 -35
667 -68
668 -66
669 -71
670 -120
671 -56
672 -36
673 -78
674 -41
675 -97
676 -123
677 -107
678 -43
679 -92
680 -65
681 -34
682 -75
683 -57
684 -77
685 -70
686 -107
687 -76
688 -80
689 -44
690 -98
691 -38
692 -93
693 -68
694 -74
695 -66
696 -58
697 -61
698 -103
699 -62
700 -34
701 -78
702 -50
703 -27
704 -63
705 -73
706 -72
707 -86
708 -100
709 -62
710 -65
711 -94
712 -90
713 -57
714 -75
715 -87
716 -70
717 -82
718 -43
719 -45
720 -61
721 -85
722 -70
723 -46
724 -79
725 -25
726 -94
727 -73
728 -77
729 -70
730 -58
731 -50
732 -99
733 -63
734 -68
735 -75
736 -123
737 -70
738 -72
739 -61
740 -55
741 -50
742 -56
743 -102
744 -68
745 -116
746 -50
747 -101
748 -47
749 -44
750 -95
751 -81
752 -124
753 -90
754 -71
755 -78
756 -58
757 -73
758 -110
759 -92
760 -73
761 -94
762 -39
763 -86
764 -109
765 -23
766 -41
767 -90
768 -49
769 -65
770 -107
771 -80
772 -55
773 -109
774 -86
775 -44
776 -75
777 -46
778 -88
779 -80
780 -64
781 -42
782 -100
783 -95
784 -85
785 -58
786 -82
787 -33
788 -48
789 -55
790 -63
791 -49
792 -53
793 -80
794 -31
795 -53
796 -91
797 -96
798 -94
799 -75
800 -90
801 -87
802 -75
803 -61
804 -39
805 -77
806 -26
807 -109
808 -127
809 -88
810 -80
811 -37
812 -66
813 -57
814 -48
815 -40
816 -105
817 -69
818 -86
819 -68
820 -73
821 -104
822 -62
823 -40
824 -126
825 -115
826 -33
827 -44
828 -80
829 -130
830 -49
831 -66
832 -40
833 -84
834 -75
835 -102
836 -53
837 -61
838 -73
839 -92
840 -118
841 -31
842 -61
843 -49
844 -56
845 -88
846 -66
847 -62
848 -55
849 -52
850 -53
851 -67
852 -24
853 -57
854 -81
855 -78
856 -39
857 -49
858 -65
859 -58
860 -66
861 -79
862 -55
863 -85
864 -57
865 -75
866 -85
867 -65
868 -91
869 -68
870 -114
871 -69
872 -102
873 -34
874 -67
875 -51
876 -89
877 -66
878 -69
879 -42
880 -64
881 -38
882 -88
883 -100
884 -107
885 -79
886 -63
887 -108
888 -37
889 -41
890 -85
891 -109
892 -76
893 -98
894 -47
895 -59
896 -69
897 -102
898 -66
899 -65
900 -41
901 -49
902 -60
903 -82
904 -74
905 -87
906 -72
907 -81
908 -69
909 -52
910 -116
911 -71
912 -79
913 -73
914 -57
915 -53
916 -90
917 -121
918 -57
919 -60
920 -56
921 -97
922 -67
923 -79
924 -92
925 -93
926 -63
927 -58
928 -44
929 -77
930 -63
931 -41
932 -71
933 -49
934 -75
935 -65
936 -61
937 -60
938 -53
939 -92
940 -59
941 -52
942 -107
943 -72
944 -66
945 -122
946 -53
947 -88
948 -127
949 -84
950 -89
951 -56
952 -67
953 -83
954 -81
955 -27
956 -78
957 -54
958 -60
959 -59
960 -100
961 -46
962 -50
963 -61
964 -75
965 -119
966 -56
967 -66
968 -58
969 -96
970 -95
971 -70
972 -65
973 -92
974 -72
975 -31
976 -96
977 -60
978 -42
979 -51
980 -90
981 -66
982 -48
983 -31
984 -109
985 -54
986 -71
987 -89
988 -45
989 -86
990 -45
991 -55
992 -108
993 -102
994 -49
995 -68
996 -124
997 -50
998 -45
999 -100
