0 -50
1 -17
2 -51
3 -17
4 -51
5 -16
6 -50
7 -16
8 -16
9 -16
10 -24
11 -24
12 -31
13 -16
14 -31
15 -16
16 -16
17 -16
18 -35
19 -82
20 -16
21 -16
22 -59
23 -51
24 -16
25 -17
26 -16
27 -50
28 -16
29 -55
30 -20
31 -17
32 -23
33 -16
34 -55
35 -50
36 -27
37 -16
38 -16
39 -27
40 -27
41 -56
42 -35
43 -27
44 -16
45 -24
46 -52
47 -27
48 -24
49 -56
50 -24
51 -16
52 -16
53 -16
54 -50
55 -55
56 -16
57 -24
58 -50
59 -16
60 -55
61 -35
62 -55
63 -51
64 -31
65 -55
66 -55
67 -35
68 -16
69 -18
70 -55
71 -55
72 -35
73 -59
74 -28
75 -40
76 -51
77 -16
78 -16
79 -32
80 -51
81 -50
82 -16
83 -24
84 -55
85 -35
86 -51
87 -50
88 -17
89 -50
90 -51
91 -27
92 -50
93 -50
94 -17
95 -50
96 -51
97 -17
98 -16
99 -55
100 -16
101 -55
102 -31
103 -16
104 -16
105 -21
106 -16
107 -50
108 -16
109 -31
110 -55
111 -56
112 -35
113 -17
114 -27
115 -17
116 -17
117 -55
118 -16
119 -35
120 -51
121 -16
122 -35
123 -55
124 -27
125 -17
126 -50
127 -50
128 -50
129 -50
130 -16
131 -35
132 -16
133 -16
134 -36
135 -24
136 -55
137 -24
138 -17
139 -16
140 -27
141 -16
142 -24
143 -16
144 -55
145 -21
146 -31
147 -87
148 -24
149 -55
150 -16
151 -17
152 -16
153 -16
154 -51
155 -27
156 -17
157 -45
158 -16
159 -50
160 -17
161 -17
162 -29
163 -35
164 -55
165 -51
166 -35
167 -51
168 -36
169 -27
170 -50
171 -27
172 -31
173 -51
174 -51
175 -27
176 -27
177 -16
178 -35
179 -72
180 -31
181 -55
182 -16
183 -16
184 -50
185 -16
186 -17
187 -50
188 -41
189 -33
190 -17
191 -50
192 -50
193 -27
194 -17
195 -16
196 -16
197 -35
198 -55
199 -87
200 -16
201 -17
202 -51
203 -16
204 -27
205 -16
206 -55
207 -54
208 -50
209 -24
210 -42
211 -16
212 -17
213 -16
214 -24
215 -88
216 -17
217 -51
218 -16
219 -24
220 -55
221 -34
222 -36
223 -51
224 -16
225 -24
226 -50
227 -16
228 -27
229 -16
230 -65
231 -51
232 -16
233 -31
234 -55
235 -17
236 -35
237 -24
238 -16
239 -16
240 -56
241 -16
242 -27
243 -50
244 -31
245 -27
246 -50
247 -51
248 -35
249 -17
250 -16
251 -24
252 -50
253 -24
254 -92
255 -16
256 -50
257 -24
258 -37
259 -56
260 -50
261 -16
262 -51
263 -27
264 -16
265 -16
266 -27
267 -55
268 -24
269 -55
270 -50
271 -16
272 -51
273 -35
274 -16
275 -27
276 -31
277 -16
278 -36
279 -16
280 -16
281 -16
282 -50
283 -17
284 -16
285 -31
286 -50
287 -51
288 -35
289 -17
290 -27
291 -16
292 -87
293 -50
294 -55
295 -36
296 -50
297 -16
298 -55
299 -24
300 -17
301 -51
302 -16
303 -24
304 -55
305 -16
306 -35
307 -16
308 -16
309 -24
310 -50
311 -35
312 -55
313 -48
314 -55
315 -27
316 -24
317 -27
318 -27
319 -50
320 -27
321 -16
322 -52
323 -16
324 -50
325 -55
326 -50
327 -55
328 -16
329 -31
330 -55
331 -31
332 -16
333 -16
334 -27
335 -16
336 -24
337 -52
338 -17
339 -31
340 -55
341 -24
342 -36
343 -55
344 -31
345 -31
346 -16
347 -24
348 -29
349 -27
350 -16
351 -24
352 -27
353 -16
354 -50
355 -31
356 -16
357 -50
358 -51
359 -55
360 -31
361 -27
362 -16
363 -16
364 -16
365 -16
366 -16
367 -35
368 -51
369 -35
370 -55
371 -16
372 -16
373 -51
374 -27
375 -16
376 -55
377 -17
378 -27
379 -51
380 -31
381 -17
382 -16
383 -27
384 -36
385 -87
386 -16
387 -17
388 -24
389 -50
390 -31
391 -31
392 -55
393 -35
394 -16
395 -55
396 -16
397 -31
398 -16
399 -16
400 -24
401 -51
402 -55
403 -16
404 -35
405 -31
406 -16
407 -35
408 -27
409 -16
410 -17
411 -35
412 -55
413 -24
414 -27
415 -35
416 -35
417 -51
418 -31
419 -50
420 -50
421 -16
422 -51
423 -35
424 -16
425 -16
426 -35
427 -35
428 -16
429 -16
430 -17
431 -16
432 -50
433 -24
434 -24
435 -16
436 -31
437 -31
438 -39
439 -16
440 -27
441 -50
442 -35
443 -17
444 -56
445 -31
446 -16
447 -55
448 -31
449 -16
450 -16
451 -55
452 -16
453 -16
454 -51
455 -35
456 -31
457 -24
458 -17
459 -41
460 -16
461 -16
462 -17
463 -55
464 -27
465 -16
466 -31
467 -17
468 -32
469 -27
470 -17
471 -16
472 -38
473 -16
474 -50
475 -51
476 -47
477 -55
478 -27
479 -30
480 -35
481 -50
482 -55
483 -16
484 -35
485 -35
486 -35
487 -16
488 -35
489 -16
490 -16
491 -15
492 -55
493 -36
494 -35
495 -16
496 -17
497 -50
498 -24
499 -17
500 -24
501 -97
502 -50
503 -87
504 -17
505 -16
506 -35
507 -17
508 -18
509 -35
510 -55
511 -35
512 -16
513 -17
514 -55
515 -32
516 -35
517 -55
518 -17
519 -51
520 -16
521 -27
522 -55
523 -30
524 -31
525 -66
526 -16
527 -24
528 -27
529 -24
530 -35
531 -16
532 -35
533 -35
534 -17
535 -24
536 -17
537 -16
538 -55
539 -16
540 -24
541 -50
542 -20
543 -31
544 -55
545 -17
546 -24
547 -24
548 -56
549 -16
550 -27
551 -27
552 -16
553 -56
554 -31
555 -16
556 -55
557 -16
558 -16
559 -35
560 -51
561 -16
562 -50
563 -51
564 -24
565 -51
566 -31
567 -24
568 -31
569 -51
570 -92
571 -51
572 -50
573 -16
574 -27
575 -27
576 -16
577 -50
578 -27
579 -19
580 -17
581 -27
582 -16
583 -16
584 -16
585 -27
586 -24
587 -17
588 -31
589 -24
590 -24
591 -24
592 -24
593 -58
594 -45
595 -36
596 -16
597 -16
598 -16
599 -27
600 -16
601 -57
602 -35
603 -31
604 -51
605 -21
606 -55
607 -24
608 -50
609 -35
610 -51
611 -50
612 -16
613 -24
614 -55
615 -16
616 -35
617 -27
618 -17
619 -27
620 -27
621 -35
622 -27
623 -17
624 -51
625 -24
626 -24
627 -17
628 -18
629 -27
630 -35
631 -16
632 -55
633 -27
634 -51
635 -35
636 -27
637 -17
638 -24
639 -50
640 -16
641 -54
642 -17
643 -27
644 -16
645 -16
646 -17
647 -27
648 -50
649 -53
650 -24
651 -51
652 -50
653 -27
654 -16
655 -16
656 -51
657 -16
658 -50
659 -55
660 -35
661 -30
662 -31
663 -16
664 -33
665 -24
666 -55
667 -51
668 -50
669 -24
670 -17
671 -31
672 -24
673 -17
674 -31
675 -16
676 -16
677 -24
678 -35
679 -16
680 -35
681 -16
682 -16
683 -17
684 -55
685 -16
686 -24
687 -24
688 -31
689 -35
690 -16
691 -51
692 -24
693 -56
694 -50
695 -27
696 -27
697 -16
698 -17
699 -16
700 -51
701 -27
702 -35
703 -31
704 -31
705 -17
706 -27
707 -16
708 -16
709 -27
710 -24
711 -50
712 -16
713 -31
714 -16
715 -24
716 -51
717 -24
718 -50
719 -16
720 -16
721 -56
722 -31
723 -31
724 -16
725 -16
726 -16
727 -27
728 -16
729 -27
730 -50
731 -27
732 -50
733 -16
734 -16
735 -16
736 -27
737 -60
738 -64
739 -55
740 -16
741 -24
742 -51
743 -16
744 -31
745 -27
746 -56
747 -16
748 -24
749 -16
750 -16
751 -51
752 -16
753 -50
754 -16
755 -55
756 -83
757 -55
758 -17
759 -55
760 -17
761 -16
762 -16
763 -16
764 -35
765 -31
766 -16
767 -24
768 -54
769 -16
770 -55
771 -31
772 -51
773 -16
774 -51
775 -24
776 -27
777 -27
778 -27
779 -31
780 -16
781 -16
782 -54
783 -16
784 -50
785 -51
786 -27
787 -16
788 -55
789 -24
790 -51
791 -50
792 -16
793 -16
794 -50
795 -24
796 -51
797 -35
798 -35
799 -50
800 -16
801 -31
802 -55
803 -16
804 -35
805 -39
806 -52
807 -17
808 -16
809 -35
810 -51
811 -55
812 -55
813 -16
814 -27
815 -55
816 -50
817 -35
818 -27
819 -31
820 -55
821 -35
822 -35
823 -20
824 -27
825 -31
826 -27
827 -35
828 -24
829 -27
830 -24
831 -16
832 -50
833 -50
834 -31
835 -16
836 -51
837 -55
838 -16
839 -31
840 -31
841 -55
842 -50
843 -16
844 -55
845 -16
846 -70
847 -24
848 -27
849 -24
850 -27
851 -16
852 -24
853 -24
854 -24
855 -51
856 -51
857 -16
858 -27
859 -55
860 -24
861 -27
862 -35
863 -50
864 -56
865 -42
866 -27
867 -31
868 -16
869 -51
870 -27
871 -55
872 -27
873 -16
874 -24
875 -35
876 -16
877 -41
878 -16
879 -50
880 -37
881 -51
882 -55
883 -16
884 -51
885 -41
886 -27
887 -36
888 -16
889 -36
890 -50
891 -35
892 -24
893 -33
894 -17
895 -16
896 -55
897 -50
898 -17
899 -51
900 -16
901 -58
902 -35
903 -36
904 -51
905 -51
906 -24
907 -55
908 -20
909 -24
910 -35
911 -17
912 -59
913 -27
914 -35
915 -31
916 -24
917 -33
918 -16
919 -31
920 -24
921 -27
922 -27
923 -55
924 -16
925 -17
926 -31
927 -43
928 -55
929 -17
930 -35
931 -42
932 -27
933 -55
934 -16
935 -16
936 -16
937 -50
938 -35
939 -35
940 -25
941 -55
942 -22
943 -55
944 -50
945 -50
946 -50
947 -24
948 -16
949 -51
950 -55
951 -16
952 -16
953 -16
954 -55
955 -24
956 -31
957 -16
958 -55
959 -35
960 -55
961 -55
962 -24
963 -55
964 -31
965 -17
966 -16
967 -16
968 -50
969 -55
970 -16
971 -50
972 -50
973 -23
974 -16
975 -17
976 -16
977 -24
978 -55
979 -35
980 -58
981 -17
982 -24
983 -16
984 -16
985 -27
986 -48
987 -16
988 -56
989 -51
990 -16
991 -31
992 -31
993 -50
994 -24
995 -16
996 -16
997 -27
998 -16
999 -51
