0 -16
1 -55
2 -16
3 -16
4 -27
5 -17
6 -16
7 -16
8 -16
9 -35
10 -34
11 -50
12 -16
13 -16
14 -38
15 -16
16 -27
17 -17
18 -16
19 -35
20 -34
21 -17
22 -50
23 -24
24 -17
25 -17
26 -34
27 -35
28 -35
29 -20
30 -17
31 -16
32 -34
33 -17
34 -17
35 -16
36 -17
37 -17
38 -50
39 -50
40 -16
41 -27
42 -25
43 -27
44 -17
45 -50
46 -16
47 -16
48 -35
49 -34
50 -16
51 -16
52 -17
53 -34
54 -50
55 -17
56 -24
57 -34
58 -17
59 -19
60 -16
61 -16
62 -16
63 -16
64 -17
65 -17
66 -17
67 -27
68 -55
69 -16
70 -34
71 -55
72 -27
73 -17
74 -34
75 -35
76 -17
77 -33
78 -27
79 -17
80 -50
81 -34
82 -16
83 -17
84 -35
85 -16
86 -41
87 -35
88 -17
89 -35
90 -17
91 -20
92 -27
93 -50
94 -50
95 -16
96 -16
97 -34
98 -35
99 -16
100 -50
101 -35
102 -16
103 -35
104 -27
105 -17
106 -16
107 -16
108 -17
109 -55
110 -17
111 -16
112 -17
113 -17
114 -34
115 -34
116 -16
117 -17
118 -16
119 -55
120 -16
121 -16
122 -16
123 -34
124 -17
125 -16
126 -17
127 -16
128 -27
129 -22
130 -17
131 -17
132 -55
133 -55
134 -35
135 -34
136 -17
137 -27
138 -27
139 -55
140 -34
141 -17
142 -16
143 -55
144 -16
145 -17
146 -16
147 -17
148 -50
149 -17
150 -16
151 -16
152 -55
153 -17
154 -34
155 -55
156 -16
157 -50
158 -17
159 -35
160 -16
161 -24
162 -27
163 -49
164 -16
165 -16
166 -17
167 -50
168 -17
169 -34
170 -17
171 -16
172 -17
173 -17
174 -16
175 -27
176 -16
177 -35
178 -16
179 -21
180 -17
181 -17
182 -50
183 -17
184 -34
185 -27
186 -27
187 -16
188 -35
189 -50
190 -16
191 -16
192 -16
193 -34
194 -16
195 -27
196 -16
197 -27
198 -35
199 -24
200 -16
201 -34
202 -35
203 -32
204 -17
205 -20
206 -27
207 -17
208 -34
209 -17
210 -34
211 -55
212 -17
213 -17
214 -17
215 -16
216 -16
217 -17
218 -26
219 -16
220 -27
221 -50
222 -55
223 -50
224 -17
225 -50
226 -16
227 -17
228 -34
229 -50
230 -16
231 -50
232 -17
233 -27
234 -17
235 -17
236 -21
237 -16
238 -55
239 -50
240 -17
241 -17
242 -50
243 -17
244 -16
245 -35
246 -35
247 -17
248 -16
249 -34
250 -17
251 -27
252 -16
253 -50
254 -17
255 -30
256 -17
257 -55
258 -17
259 -17
260 -16
261 -16
262 -35
263 -50
264 -34
265 -16
266 -55
267 -19
268 -16
269 -34
270 -50
271 -29
272 -50
273 -27
274 -17
275 -50
276 -32
277 -16
278 -16
279 -50
280 -55
281 -27
282 -16
283 -16
284 -16
285 -17
286 -50
287 -34
288 -42
289 -16
290 -55
291 -20
292 -27
293 -35
294 -92
295 -16
296 -17
297 -34
298 -17
299 -35
300 -34
301 -16
302 -34
303 -34
304 -17
305 -27
306 -34
307 -50
308 -47
309 -16
310 -35
311 -34
312 -16
313 -17
314 -17
315 -35
316 -17
317 -17
318 -16
319 -16
320 -16
321 -17
322 -17
323 -34
324 -17
325 -28
326 -17
327 -16
328 -16
329 -17
330 -17
331 -34
332 -50
333 -50
334 -45
335 -16
336 -50
337 -16
338 -50
339 -27
340 -35
341 -27
342 -30
343 -17
344 -16
345 -27
346 -53
347 -35
348 -16
349 -27
350 -16
351 -56
352 -55
353 -17
354 -35
355 -16
356 -17
357 -16
358 -50
359 -27
360 -17
361 -17
362 -35
363 -16
364 -17
365 -27
366 -34
367 -16
368 -55
369 -17
370 -17
371 -16
372 -27
373 -34
374 -32
375 -16
376 -17
377 -55
378 -34
379 -17
380 -50
381 -16
382 -35
383 -55
384 -34
385 -50
386 -34
387 -17
388 -55
389 -52
390 -16
391 -16
392 -17
393 -55
394 -27
395 -55
396 -27
397 -17
398 -34
399 -16
400 -22
401 -34
402 -52
403 -27
404 -16
405 -35
406 -55
407 -27
408 -55
409 -27
410 -50
411 -16
412 -16
413 -17
414 -55
415 -16
416 -17
417 -16
418 -17
419 -16
420 -17
421 -17
422 -17
423 -55
424 -50
425 -55
426 -16
427 -16
428 -16
429 -34
430 -17
431 -16
432 -55
433 -35
434 -52
435 -34
436 -17
437 -35
438 -55
439 -16
440 -17
441 -27
442 -50
443 -17
444 -16
445 -17
446 -55
447 -17
448 -17
449 -17
450 -55
451 -27
452 -17
453 -28
454 -35
455 -17
456 -27
457 -16
458 -25
459 -16
460 -18
461 -50
462 -35
463 -17
464 -55
465 -27
466 -30
467 -55
468 -21
469 -50
470 -17
471 -55
472 -27
473 -55
474 -27
475 -17
476 -16
477 -17
478 -16
479 -17
480 -21
481 -26
482 -50
483 -17
484 -16
485 -55
486 -34
487 -17
488 -27
489 -18
490 -27
491 -34
492 -16
493 -16
494 -20
495 -18
496 -16
497 -50
498 -16
499 -55
500 -17
501 -55
502 -50
503 -34
504 -34
505 -25
506 -55
507 -55
508 -27
509 -55
510 -24
511 -17
512 -27
513 -16
514 -17
515 -34
516 -17
517 -17
518 -16
519 -27
520 -17
521 -16
522 -17
523 -17
524 -35
525 -22
526 -35
527 -17
528 -55
529 -17
530 -17
531 -16
532 -17
533 -21
534 -16
535 -55
536 -19
537 -27
538 -35
539 -27
540 -27
541 -16
542 -16
543 -17
544 -17
545 -27
546 -50
547 -16
548 -50
549 -34
550 -50
551 -16
552 -16
553 -16
554 -17
555 -50
556 -16
557 -55
558 -34
559 -50
560 -16
561 -17
562 -55
563 -50
564 -17
565 -17
566 -16
567 -55
568 -34
569 -55
570 -16
571 -17
572 -34
573 -50
574 -34
575 -16
576 -17
577 -16
578 -16
579 -55
580 -16
581 -16
582 -50
583 -16
584 -16
585 -34
586 -16
587 -55
588 -16
589 -50
590 -16
591 -50
592 -55
593 -26
594 -17
595 -16
596 -58
597 -16
598 -17
599 -35
600 -17
601 -20
602 -17
603 -27
604 -17
605 -34
606 -50
607 -16
608 -16
609 -17
610 -17
611 -16
612 -52
613 -16
614 -27
615 -34
616 -35
617 -17
618 -16
619 -17
620 -17
621 -55
622 -21
623 -27
624 -17
625 -35
626 -16
627 -35
628 -16
629 -27
630 -16
631 -27
632 -35
633 -17
634 -16
635 -17
636 -16
637 -27
638 -34
639 -16
640 -17
641 -16
642 -17
643 -16
644 -27
645 -16
646 -16
647 -16
648 -50
649 -16
650 -16
651 -55
652 -17
653 -17
654 -34
655 -34
656 -16
657 -50
658 -35
659 -27
660 -16
661 -50
662 -16
663 -17
664 -55
665 -17
666 -34
667 -35
668 -35
669 -17
670 -55
671 -17
672 -17
673 -55
674 -31
675 -35
676 -16
677 -35
678 -34
679 -17
680 -17
681 -17
682 -17
683 -35
684 -16
685 -56
686 -55
687 -50
688 -16
689 -17
690 -27
691 -19
692 -55
693 -55
694 -17
695 -60
696 -27
697 -55
698 -17
699 -35
700 -34
701 -50
702 -17
703 -50
704 -34
705 -27
706 -34
707 -41
708 -55
709 -17
710 -35
711 -35
712 -27
713 -16
714 -34
715 -16
716 -22
717 -17
718 -16
719 -27
720 -54
721 -16
722 -50
723 -34
724 -27
725 -35
726 -50
727 -55
728 -27
729 -55
730 -16
731 -17
732 -16
733 -17
734 -35
735 -16
736 -17
737 -17
738 -17
739 -35
740 -16
741 -50
742 -35
743 -34
744 -16
745 -24
746 -16
747 -55
748 -16
749 -16
750 -50
751 -16
752 -17
753 -16
754 -35
755 -17
756 -34
757 -27
758 -50
759 -50
760 -27
761 -16
762 -35
763 -16
764 -27
765 -17
766 -17
767 -49
768 -17
769 -17
770 -17
771 -16
772 -55
773 -55
774 -27
775 -17
776 -17
777 -17
778 -67
779 -50
780 -55
781 -34
782 -17
783 -50
784 -17
785 -35
786 -16
787 -54
788 -16
789 -27
790 -17
791 -17
792 -17
793 -17
794 -16
795 -50
796 -17
797 -19
798 -27
799 -16
800 -50
801 -17
802 -16
803 -16
804 -17
805 -27
806 -17
807 -17
808 -35
809 -87
810 -16
811 -16
812 -17
813 -17
814 -17
815 -17
816 -27
817 -55
818 -27
819 -25
820 -17
821 -34
822 -17
823 -17
824 -16
825 -27
826 -55
827 -17
828 -35
829 -55
830 -27
831 -50
832 -34
833 -16
834 -17
835 -17
836 -16
837 -27
838 -16
839 -27
840 -34
841 -50
842 -87
843 -55
844 -16
845 -16
846 -55
847 -16
848 -35
849 -16
850 -35
851 -16
852 -17
853 -17
854 -51
855 -27
856 -17
857 -50
858 -16
859 -16
860 -54
861 -16
862 -17
863 -50
864 -34
865 -50
866 -16
867 -16
868 -55
869 -17
870 -27
871 -27
872 -17
873 -17
874 -17
875 -34
876 -17
877 -27
878 -17
879 -16
880 -17
881 -59
882 -17
883 -19
884 -55
885 -16
886 -17
887 -17
888 -16
889 -35
890 -16
891 -17
892 -34
893 -55
894 -16
895 -16
896 -17
897 -27
898 -17
899 -20
900 -17
901 -17
902 -16
903 -34
904 -17
905 -34
906 -55
907 -32
908 -61
909 -16
910 -16
911 -55
912 -17
913 -55
914 -16
915 -55
916 -34
917 -17
918 -26
919 -50
920 -27
921 -21
922 -16
923 -50
924 -16
925 -34
926 -17
927 -17
928 -16
929 -75
930 -45
931 -34
932 -17
933 -17
934 -17
935 -16
936 -16
937 -55
938 -16
939 -17
940 -16
941 -17
942 -17
943 -16
944 -47
945 -29
946 -55
947 -17
948 -24
949 -27
950 -17
951 -17
952 -31
953 -17
954 -17
955 -17
956 -16
957 -50
958 -17
959 -16
960 -50
961 -16
962 -16
963 -35
964 -50
965 -35
966 -22
967 -16
968 -16
969 -34
970 -16
971 -55
972 -27
973 -17
974 -18
975 -55
976 -50
977 -35
978 -55
979 -16
980 -50
981 -16
982 -35
983 -17
984 -17
985 -17
986 -27
987 -35
988 -34
989 -17
990 -50
991 -17
992 -16
993 -16
994 -20
995 -55
996 -16
997 -17
998 -27
999 -16
