0 -16
1 -16
2 -33
3 -16
4 -47
5 -33
6 -33
7 -27
8 -16
9 -16
10 -16
11 -16
12 -33
13 -33
14 -19
15 -16
16 -31
17 -50
18 -19
19 -33
20 -17
21 -16
22 -16
23 -24
24 -27
25 -55
26 -17
27 -16
28 -36
29 -31
30 -31
31 -16
32 -36
33 -24
34 -16
35 -16
36 -27
37 -16
38 -55
39 -16
40 -17
41 -53
42 -16
43 -33
44 -53
45 -50
46 -33
47 -42
48 -50
49 -55
50 -16
51 -27
52 -71
53 -16
54 -16
55 -33
56 -53
57 -33
58 -17
59 -27
60 -31
61 -36
62 -16
63 -57
64 -53
65 -17
66 -50
67 -17
68 -36
69 -24
70 -16
71 -16
72 -16
73 -27
74 -77
75 -16
76 -38
77 -24
78 -57
79 -27
80 -33
81 -17
82 -24
83 -36
84 -16
85 -16
86 -53
87 -53
88 -50
89 -57
90 -27
91 -27
92 -55
93 -24
94 -16
95 -36
96 -16
97 -24
98 -16
99 -16
100 -55
101 -50
102 -33
103 -16
104 -16
105 -27
106 -47
107 -55
108 -33
109 -50
110 -22
111 -16
112 -24
113 -16
114 -55
115 -57
116 -17
117 -16
118 -31
119 -16
120 -27
121 -52
122 -16
123 -17
124 -17
125 -50
126 -58
127 -16
128 -16
129 -26
130 -16
131 -53
132 -16
133 -36
134 -57
135 -27
136 -36
137 -57
138 -55
139 -17
140 -55
141 -16
142 -24
143 -21
144 -24
145 -16
146 -27
147 -16
148 -50
149 -57
150 -57
151 -55
152 -36
153 -66
154 -55
155 -31
156 -56
157 -27
158 -53
159 -36
160 -24
161 -24
162 -55
163 -31
164 -23
165 -27
166 -33
167 -16
168 -47
169 -50
170 -17
171 -33
172 -16
173 -16
174 -55
175 -24
176 -26
177 -33
178 -16
179 -17
180 -24
181 -33
182 -17
183 -55
184 -36
185 -27
186 -55
187 -16
188 -70
189 -36
190 -16
191 -16
192 -61
193 -36
194 -57
195 -16
196 -16
197 -50
198 -55
199 -16
200 -50
201 -16
202 -35
203 -55
204 -57
205 -27
206 -53
207 -55
208 -16
209 -50
210 -52
211 -55
212 -33
213 -16
214 -77
215 -31
216 -57
217 -17
218 -41
219 -27
220 -50
221 -33
222 -36
223 -60
224 -27
225 -45
226 -16
227 -24
228 -16
229 -57
230 -55
231 -36
232 -27
233 -16
234 -16
235 -27
236 -16
237 -33
238 -37
239 -55
240 -17
241 -16
242 -16
243 -50
244 -16
245 -31
246 -27
247 -16
248 -17
249 -27
250 -38
251 -50
252 -27
253 -16
254 -50
255 -29
256 -50
257 -50
258 -17
259 -50
260 -16
261 -50
262 -33
263 -27
264 -17
265 -29
266 -27
267 -17
268 -16
269 -27
270 -24
271 -16
272 -24
273 -16
274 -16
275 -16
276 -33
277 -16
278 -53
279 -24
280 -57
281 -36
282 -21
283 -50
284 -16
285 -16
286 -16
287 -24
288 -18
289 -16
290 -33
291 -57
292 -50
293 -16
294 -36
295 -20
296 -50
297 -33
298 -27
299 -24
300 -16
301 -24
302 -16
303 -16
304 -50
305 -17
306 -27
307 -17
308 -27
309 -32
310 -27
311 -16
312 -55
313 -52
314 -27
315 -27
316 -27
317 -27
318 -51
319 -36
320 -24
321 -27
322 -53
323 -17
324 -55
325 -33
326 -24
327 -16
328 -50
329 -59
330 -27
331 -27
332 -17
333 -16
334 -16
335 -46
336 -50
337 -17
338 -16
339 -41
340 -55
341 -27
342 -17
343 -24
344 -35
345 -36
346 -16
347 -16
348 -33
349 -27
350 -16
351 -36
352 -16
353 -53
354 -17
355 -16
356 -57
357 -50
358 -36
359 -17
360 -33
361 -16
362 -57
363 -36
364 -27
365 -27
366 -55
367 -57
368 -27
369 -24
370 -24
371 -17
372 -36
373 -27
374 -50
375 -57
376 -16
377 -16
378 -57
379 -17
380 -16
381 -50
382 -50
383 -17
384 -17
385 -16
386 -16
387 -17
388 -16
389 -33
390 -16
391 -16
392 -16
393 -57
394 -53
395 -27
396 -27
397 -16
398 -36
399 -36
400 -24
401 -36
402 -16
403 -27
404 -33
405 -17
406 -53
407 -50
408 -17
409 -27
410 -36
411 -20
412 -55
413 -50
414 -24
415 -16
416 -16
417 -16
418 -53
419 -16
420 -36
421 -55
422 -33
423 -50
424 -17
425 -33
426 -50
427 -16
428 -16
429 -16
430 -16
431 -16
432 -53
433 -17
434 -36
435 -53
436 -24
437 -16
438 -36
439 -16
440 -45
441 -55
442 -50
443 -24
444 -24
445 -47
446 -16
447 -36
448 -27
449 -36
450 -17
451 -16
452 -50
453 -16
454 -25
455 -33
456 -36
457 -24
458 -27
459 -16
460 -16
461 -18
462 -16
463 -16
464 -24
465 -50
466 -50
467 -16
468 -16
469 -33
470 -16
471 -55
472 -27
473 -33
474 -24
475 -27
476 -24
477 -50
478 -50
479 -27
480 -36
481 -24
482 -31
483 -24
484 -55
485 -50
486 -16
487 -41
488 -16
489 -55
490 -24
491 -16
492 -55
493 -17
494 -33
495 -16
496 -17
497 -27
498 -92
499 -16
500 -31
501 -27
502 -50
503 -16
504 -55
505 -33
506 -16
507 -24
508 -27
509 -19
510 -55
511 -33
512 -55
513 -36
514 -27
515 -16
516 -57
517 -55
518 -50
519 -50
520 -57
521 -24
522 -16
523 -40
524 -16
525 -16
526 -57
527 -61
528 -16
529 -55
530 -33
531 -16
532 -50
533 -35
534 -67
535 -33
536 -16
537 -36
538 -17
539 -57
540 -16
541 -50
542 -36
543 -22
544 -16
545 -31
546 -16
547 -57
548 -36
549 -50
550 -33
551 -16
552 -33
553 -33
554 -36
555 -50
556 -16
557 -33
558 -16
559 -55
560 -16
561 -20
562 -57
563 -25
564 -57
565 -16
566 -16
567 -50
568 -24
569 -50
570 -27
571 -55
572 -27
573 -27
574 -50
575 -27
576 -50
577 -16
578 -55
579 -33
580 -57
581 -16
582 -36
583 -36
584 -17
585 -57
586 -27
587 -24
588 -33
589 -50
590 -16
591 -70
592 -16
593 -16
594 -34
595 -24
596 -33
597 -55
598 -27
599 -53
600 -50
601 -16
602 -24
603 -29
604 -33
605 -16
606 -17
607 -51
608 -33
609 -55
610 -16
611 -55
612 -24
613 -33
614 -17
615 -53
616 -16
617 -16
618 -17
619 -50
620 -16
621 -16
622 -33
623 -16
624 -16
625 -16
626 -16
627 -27
628 -16
629 -55
630 -16
631 -33
632 -16
633 -33
634 -16
635 -24
636 -29
637 -55
638 -33
639 -36
640 -17
641 -36
642 -55
643 -57
644 -55
645 -50
646 -42
647 -24
648 -36
649 -53
650 -83
651 -16
652 -53
653 -55
654 -50
655 -36
656 -46
657 -55
658 -27
659 -16
660 -16
661 -27
662 -33
663 -16
664 -24
665 -33
666 -17
667 -33
668 -57
669 -24
670 -16
671 -55
672 -57
673 -54
674 -16
675 -36
676 -55
677 -53
678 -16
679 -16
680 -24
681 -16
682 -24
683 -33
684 -16
685 -16
686 -27
687 -50
688 -16
689 -33
690 -20
691 -24
692 -16
693 -55
694 -50
695 -33
696 -13
697 -36
698 -53
699 -50
700 -53
701 -27
702 -44
703 -16
704 -44
705 -25
706 -24
707 -17
708 -31
709 -53
710 -27
711 -16
712 -33
713 -55
714 -33
715 -55
716 -27
717 -16
718 -16
719 -57
720 -55
721 -16
722 -33
723 -16
724 -55
725 -24
726 -53
727 -57
728 -30
729 -36
730 -48
731 -55
732 -16
733 -36
734 -16
735 -16
736 -73
737 -24
738 -50
739 -55
740 -57
741 -50
742 -50
743 -16
744 -50
745 -27
746 -17
747 -16
748 -33
749 -17
750 -55
751 -16
752 -17
753 -33
754 -16
755 -27
756 -17
757 -50
758 -16
759 -16
760 -57
761 -16
762 -17
763 -50
764 -57
765 -24
766 -39
767 -16
768 -24
769 -16
770 -16
771 -24
772 -16
773 -16
774 -55
775 -17
776 -36
777 -24
778 -53
779 -34
780 -33
781 -31
782 -33
783 -16
784 -16
785 -27
786 -16
787 -55
788 -17
789 -55
790 -55
791 -16
792 -31
793 -24
794 -16
795 -57
796 -24
797 -16
798 -17
799 -27
800 -27
801 -16
802 -33
803 -16
804 -50
805 -17
806 -16
807 -27
808 -16
809 -16
810 -36
811 -53
812 -24
813 -24
814 -50
815 -17
816 -16
817 -16
818 -68
819 -16
820 -24
821 -17
822 -27
823 -16
824 -16
825 -16
826 -16
827 -33
828 -33
829 -55
830 -24
831 -16
832 -16
833 -33
834 -16
835 -36
836 -16
837 -16
838 -57
839 -24
840 -57
841 -16
842 -50
843 -16
844 -53
845 -16
846 -36
847 -16
848 -27
849 -16
850 -24
851 -55
852 -33
853 -16
854 -55
855 -27
856 -79
857 -16
858 -27
859 -24
860 -16
861 -57
862 -31
863 -33
864 -33
865 -55
866 -31
867 -24
868 -36
869 -27
870 -55
871 -27
872 -36
873 -16
874 -31
875 -16
876 -16
877 -27
878 -87
879 -16
880 -33
881 -31
882 -17
883 -24
884 -57
885 -55
886 -16
887 -33
888 -33
889 -33
890 -36
891 -24
892 -53
893 -16
894 -27
895 -36
896 -55
897 -16
898 -17
899 -24
900 -16
901 -53
902 -22
903 -16
904 -16
905 -57
906 -50
907 -27
908 -27
909 -27
910 -24
911 -16
912 -24
913 -50
914 -16
915 -16
916 -16
917 -57
918 -85
919 -24
920 -55
921 -16
922 -16
923 -16
924 -24
925 -24
926 -24
927 -36
928 -24
929 -16
930 -16
931 -55
932 -16
933 -55
934 -16
935 -27
936 -36
937 -27
938 -17
939 -16
940 -50
941 -36
942 -50
943 -16
944 -16
945 -50
946 -27
947 -31
948 -53
949 -36
950 -33
951 -53
952 -27
953 -36
954 -27
955 -53
956 -33
957 -16
958 -17
959 -14
960 -16
961 -57
962 -22
963 -16
964 -16
965 -27
966 -27
967 -55
968 -27
969 -33
970 -48
971 -50
972 -16
973 -31
974 -27
975 -16
976 -55
977 -50
978 -50
979 -16
980 -24
981 -31
982 -39
983 -27
984 -50
985 -27
986 -16
987 -27
988 -16
989 -31
990 -33
991 -31
992 -33
993 -36
994 -27
995 -17
996 -27
997 -27
998 -53
999 -17
