0 -35
1 -17
2 -55
3 -50
4 -16
5 -16
6 -35
7 -16
8 -16
9 -17
10 -35
11 -16
12 -27
13 -55
14 -17
15 -17
16 -16
17 -17
18 -17
19 -55
20 -17
21 -35
22 -50
23 -35
24 -27
25 -17
26 -27
27 -17
28 -16
29 -51
30 -34
31 -16
32 -16
33 -17
34 -72
35 -55
36 -16
37 -34
38 -16
39 -50
40 -27
41 -16
42 -17
43 -16
44 -27
45 -51
46 -16
47 -35
48 -41
49 -17
50 -16
51 -34
52 -50
53 -27
54 -42
55 -16
56 -16
57 -16
58 -16
59 -55
60 -16
61 -47
62 -34
63 -17
64 -34
65 -50
66 -17
67 -27
68 -34
69 -16
70 -16
71 -17
72 -27
73 -19
74 -16
75 -55
76 -16
77 -16
78 -17
79 -50
80 -35
81 -16
82 -17
83 -27
84 -16
85 -16
86 -17
87 -27
88 -16
89 -50
90 -16
91 -17
92 -27
93 -55
94 -34
95 -17
96 -17
97 -34
98 -55
99 -17
100 -17
101 -16
102 -17
103 -50
104 -35
105 -16
106 -17
107 -55
108 -55
109 -16
110 -16
111 -46
112 -16
113 -17
114 -50
115 -17
116 -17
117 -16
118 -35
119 -66
120 -55
121 -35
122 -16
123 -16
124 -55
125 -27
126 -17
127 -17
128 -50
129 -17
130 -57
131 -17
132 -34
133 -16
134 -17
135 -34
136 -16
137 -17
138 -35
139 -35
140 -17
141 -17
142 -55
143 -16
144 -34
145 -16
146 -19
147 -40
148 -35
149 -16
150 -27
151 -27
152 -34
153 -55
154 -16
155 -27
156 -17
157 -27
158 -55
159 -17
160 -16
161 -17
162 -34
163 -16
164 -34
165 -16
166 -17
167 -50
168 -16
169 -50
170 -17
171 -17
172 -50
173 -55
174 -16
175 -34
176 -17
177 -27
178 -35
179 -17
180 -55
181 -50
182 -33
183 -92
184 -55
185 -66
186 -50
187 -17
188 -27
189 -50
190 -16
191 -35
192 -34
193 -17
194 -27
195 -34
196 -55
197 -50
198 -17
199 -17
200 -34
201 -35
202 -35
203 -35
204 -35
205 -50
206 -16
207 -27
208 -16
209 -27
210 -50
211 -17
212 -17
213 -55
214 -17
215 -55
216 -17
217 -34
218 -17
219 -17
220 -16
221 -34
222 -50
223 -17
224 -17
225 -25
226 -55
227 -16
228 -16
229 -17
230 -27
231 -16
232 -34
233 -17
234 -16
235 -35
236 -17
237 -50
238 -16
239 -65
240 -17
241 -17
242 -35
243 -35
244 -17
245 -16
246 -34
247 -50
248 -17
249 -17
250 -34
251 -55
252 -17
253 -34
254 -17
255 -27
256 -16
257 -35
258 -35
259 -55
260 -16
261 -17
262 -16
263 -55
264 -18
265 -17
266 -16
267 -17
268 -62
269 -16
270 -17
271 -34
272 -34
273 -16
274 -16
275 -17
276 -50
277 -55
278 -16
279 -47
280 -35
281 -17
282 -16
283 -17
284 -60
285 -20
286 -16
287 -17
288 -16
289 -17
290 -34
291 -55
292 -16
293 -17
294 -21
295 -16
296 -16
297 -16
298 -16
299 -35
300 -16
301 -17
302 -27
303 -34
304 -50
305 -16
306 -17
307 -24
308 -17
309 -35
310 -17
311 -32
312 -17
313 -17
314 -17
315 -50
316 -16
317 -16
318 -17
319 -58
320 -35
321 -17
322 -50
323 -17
324 -17
325 -27
326 -34
327 -32
328 -16
329 -24
330 -35
331 -27
332 -16
333 -27
334 -17
335 -39
336 -38
337 -16
338 -50
339 -55
340 -27
341 -16
342 -34
343 -50
344 -17
345 -17
346 -50
347 -27
348 -55
349 -17
350 -16
351 -16
352 -16
353 -34
354 -55
355 -50
356 -17
357 -16
358 -27
359 -17
360 -55
361 -17
362 -27
363 -17
364 -27
365 -32
366 -50
367 -17
368 -17
369 -34
370 -55
371 -17
372 -16
373 -17
374 -34
375 -35
376 -16
377 -50
378 -16
379 -35
380 -27
381 -27
382 -17
383 -17
384 -17
385 -55
386 -32
387 -17
388 -17
389 -50
390 -24
391 -17
392 -35
393 -55
394 -32
395 -17
396 -17
397 -17
398 -27
399 -17
400 -16
401 -16
402 -27
403 -16
404 -34
405 -16
406 -54
407 -35
408 -16
409 -16
410 -92
411 -17
412 -16
413 -55
414 -36
415 -17
416 -16
417 -16
418 -16
419 -16
420 -16
421 -17
422 -27
423 -27
424 -17
425 -27
426 -55
427 -16
428 -35
429 -16
430 -16
431 -16
432 -27
433 -35
434 -35
435 -16
436 -16
437 -50
438 -17
439 -27
440 -16
441 -16
442 -17
443 -34
444 -17
445 -35
446 -50
447 -27
448 -27
449 -17
450 -16
451 -17
452 -16
453 -50
454 -50
455 -16
456 -50
457 -16
458 -55
459 -50
460 -20
461 -42
462 -27
463 -35
464 -39
465 -16
466 -50
467 -16
468 -34
469 -16
470 -35
471 -55
472 -35
473 -35
474 -50
475 -17
476 -17
477 -17
478 -17
479 -50
480 -16
481 -35
482 -16
483 -17
484 -35
485 -17
486 -17
487 -16
488 -17
489 -35
490 -35
491 -17
492 -16
493 -55
494 -16
495 -16
496 -17
497 -35
498 -34
499 -17
500 -17
501 -16
502 -16
503 -55
504 -55
505 -34
506 -27
507 -34
508 -17
509 -17
510 -18
511 -17
512 -55
513 -27
514 -16
515 -22
516 -27
517 -54
518 -17
519 -34
520 -55
521 -50
522 -50
523 -17
524 -55
525 -50
526 -17
527 -50
528 -16
529 -17
530 -16
531 -55
532 -17
533 -16
534 -16
535 -16
536 -17
537 -16
538 -48
539 -50
540 -17
541 -16
542 -16
543 -17
544 -17
545 -17
546 -16
547 -16
548 -35
549 -17
550 -16
551 -50
552 -27
553 -50
554 -16
555 -16
556 -17
557 -16
558 -17
559 -16
560 -50
561 -50
562 -35
563 -16
564 -34
565 -50
566 -27
567 -17
568 -17
569 -16
570 -16
571 -17
572 -16
573 -16
574 -51
575 -35
576 -16
577 -17
578 -55
579 -41
580 -17
581 -34
582 -34
583 -16
584 -27
585 -17
586 -55
587 -50
588 -34
589 -27
590 -17
591 -16
592 -16
593 -16
594 -55
595 -28
596 -55
597 -16
598 -17
599 -16
600 -17
601 -17
602 -17
603 -55
604 -34
605 -16
606 -17
607 -34
608 -35
609 -34
610 -62
611 -35
612 -17
613 -16
614 -17
615 -17
616 -27
617 -16
618 -16
619 -16
620 -16
621 -55
622 -35
623 -16
624 -17
625 -55
626 -55
627 -27
628 -49
629 -27
630 -17
631 -17
632 -50
633 -50
634 -17
635 -16
636 -16
637 -16
638 -16
639 -17
640 -16
641 -17
642 -27
643 -35
644 -16
645 -17
646 -55
647 -17
648 -17
649 -27
650 -17
651 -17
652 -27
653 -16
654 -34
655 -38
656 -16
657 -34
658 -27
659 -55
660 -17
661 -17
662 -27
663 -35
664 -55
665 -55
666 -17
667 -16
668 -17
669 -27
670 -56
671 -50
672 -16
673 -55
674 -55
675 -35
676 -17
677 -17
678 -35
679 -34
680 -16
681 -17
682 -27
683 -27
684 -17
685 -27
686 -55
687 -16
688 -16
689 -55
690 -34
691 -16
692 -50
693 -55
694 -34
695 -16
696 -16
697 -32
698 -55
699 -17
700 -50
701 -17
702 -17
703 -17
704 -17
705 -34
706 -17
707 -17
708 -17
709 -17
710 -16
711 -16
712 -17
713 -27
714 -55
715 -16
716 -50
717 -27
718 -34
719 -17
720 -35
721 -17
722 -17
723 -34
724 -17
725 -25
726 -34
727 -27
728 -17
729 -50
730 -17
731 -16
732 -17
733 -17
734 -17
735 -55
736 -17
737 -34
738 -16
739 -16
740 -17
741 -27
742 -17
743 -34
744 -55
745 -27
746 -16
747 -35
748 -35
749 -17
750 -34
751 -17
752 -31
753 -34
754 -17
755 -17
756 -27
757 -21
758 -34
759 -16
760 -35
761 -27
762 -16
763 -16
764 -27
765 -16
766 -16
767 -16
768 -35
769 -27
770 -17
771 -17
772 -55
773 -17
774 -55
775 -34
776 -16
777 -17
778 -17
779 -16
780 -16
781 -16
782 -34
783 -17
784 -82
785 -16
786 -35
787 -16
788 -34
789 -17
790 -27
791 -17
792 -16
793 -55
794 -17
795 -34
796 -16
797 -17
798 -16
799 -45
800 -27
801 -16
802 -23
803 -55
804 -16
805 -17
806 -50
807 -55
808 -47
809 -55
810 -34
811 -23
812 -17
813 -50
814 -16
815 -17
816 -16
817 -55
818 -34
819 -55
820 -17
821 -17
822 -27
823 -27
824 -17
825 -16
826 -50
827 -17
828 -16
829 -52
830 -17
831 -35
832 -35
833 -34
834 -50
835 -27
836 -17
837 -17
838 -50
839 -17
840 -27
841 -16
842 -16
843 -41
844 -50
845 -17
846 -17
847 -27
848 -27
849 -16
850 -34
851 -16
852 -16
853 -55
854 -53
855 -27
856 -18
857 -35
858 -35
859 -50
860 -27
861 -17
862 -16
863 -35
864 -16
865 -17
866 -17
867 -55
868 -17
869 -54
870 -17
871 -50
872 -16
873 -17
874 -27
875 -17
876 -17
877 -27
878 -55
879 -16
880 -16
881 -17
882 -17
883 -17
884 -17
885 -34
886 -50
887 -50
888 -17
889 -34
890 -50
891 -17
892 -35
893 -35
894 -34
895 -35
896 -35
897 -27
898 -16
899 -17
900 -16
901 -55
902 -17
903 -16
904 -17
905 -17
906 -27
907 -55
908 -34
909 -16
910 -34
911 -27
912 -50
913 -50
914 -16
915 -50
916 -50
917 -27
918 -50
919 -17
920 -17
921 -16
922 -50
923 -17
924 -27
925 -27
926 -27
927 -17
928 -17
929 -16
930 -35
931 -16
932 -27
933 -16
934 -17
935 -16
936 -35
937 -55
938 -35
939 -27
940 -16
941 -16
942 -16
943 -35
944 -16
945 -27
946 -17
947 -27
948 -27
949 -17
950 -35
951 -16
952 -16
953 -17
954 -55
955 -16
956 -35
957 -16
958 -53
959 -55
960 -17
961 -34
962 -16
963 -50
964 -27
965 -17
966 -43
967 -17
968 -17
969 -17
970 -16
971 -27
972 -55
973 -50
974 -55
975 -17
976 -47
977 -27
978 -16
979 -55
980 -55
981 -17
982 -17
983 -16
984 -55
985 -55
986 -16
987 -17
988 -21
989 -16
990 -17
991 -21
992 -55
993 -35
994 -16
995 -17
996 -35
997 -17
998 -16
999 -34
