0 -18
1 -16
2 -31
3 -34
4 -16
5 -16
6 -17
7 -25
8 -41
9 -25
10 -17
11 -16
12 -34
13 -25
14 -16
15 -55
16 -19
17 -48
18 -16
19 -19
20 -16
21 -50
22 -15
23 -16
24 -19
25 -41
26 -22
27 -41
28 -50
29 -16
30 -55
31 -16
32 -16
33 -41
34 -50
35 -17
36 -19
37 -16
38 -48
39 -16
40 -16
41 -16
42 -50
43 -17
44 -16
45 -16
46 -55
47 -48
48 -16
49 -19
50 -50
51 -55
52 -41
53 -17
54 -17
55 -50
56 -48
57 -25
58 -50
59 -34
60 -16
61 -25
62 -24
63 -37
64 -41
65 -16
66 -50
67 -55
68 -55
69 -19
70 -55
71 -19
72 -16
73 -25
74 -16
75 -16
76 -41
77 -41
78 -84
79 -19
80 -41
81 -17
82 -16
83 -25
84 -16
85 -19
86 -19
87 -16
88 -55
89 -48
90 -17
91 -48
92 -48
93 -16
94 -16
95 -19
96 -60
97 -55
98 -55
99 -48
100 -17
101 -16
102 -34
103 -16
104 -16
105 -55
106 -16
107 -16
108 -16
109 -50
110 -48
111 -19
112 -25
113 -19
114 -23
115 -50
116 -16
117 -19
118 -48
119 -19
120 -17
121 -17
122 -19
123 -19
124 -48
125 -16
126 -16
127 -41
128 -16
129 -41
130 -41
131 -55
132 -16
133 -16
134 -50
135 -50
136 -17
137 -16
138 -17
139 -48
140 -16
141 -16
142 -41
143 -17
144 -41
145 -50
146 -19
147 -16
148 -19
149 -19
150 -16
151 -16
152 -55
153 -16
154 -16
155 -48
156 -19
157 -48
158 -17
159 -16
160 -26
161 -16
162 -17
163 -41
164 -41
165 -41
166 -50
167 -16
168 -16
169 -25
170 -19
171 -25
172 -55
173 -55
174 -16
175 -17
176 -34
177 -41
178 -25
179 -55
180 -16
181 -50
182 -19
183 -16
184 -37
185 -16
186 -16
187 -19
188 -41
189 -48
190 -16
191 -48
192 -50
193 -34
194 -48
195 -55
196 -34
197 -16
198 -41
199 -55
200 -16
201 -19
202 -55
203 -16
204 -19
205 -16
206 -25
207 -17
208 -16
209 -34
210 -18
211 -16
212 -50
213 -17
214 -50
215 -48
216 -41
217 -16
218 -16
219 -38
220 -55
221 -16
222 -19
223 -34
224 -34
225 -34
226 -18
227 -41
228 -34
229 -16
230 -16
231 -25
232 -61
233 -17
234 -19
235 -20
236 -50
237 -25
238 -16
239 -17
240 -48
241 -41
242 -48
243 -17
244 -55
245 -20
246 -61
247 -17
248 -60
249 -34
250 -34
251 -16
252 -52
253 -16
254 -17
255 -16
256 -16
257 -16
258 -17
259 -25
260 -48
261 -25
262 -50
263 -50
264 -17
265 -34
266 -16
267 -16
268 -34
269 -50
270 -19
271 -19
272 -25
273 -50
274 -16
275 -16
276 -50
277 -48
278 -16
279 -50
280 -66
281 -52
282 -25
283 -48
284 -17
285 -55
286 -22
287 -25
288 -50
289 -41
290 -48
291 -16
292 -17
293 -16
294 -37
295 -39
296 -16
297 -16
298 -19
299 -55
300 -16
301 -48
302 -55
303 -16
304 -41
305 -41
306 -19
307 -34
308 -50
309 -41
310 -19
311 -34
312 -19
313 -48
314 -25
315 -51
316 -17
317 -34
318 -55
319 -17
320 -25
321 -17
322 -17
323 -16
324 -19
325 -20
326 -50
327 -55
328 -19
329 -25
330 -50
331 -16
332 -16
333 -16
334 -25
335 -16
336 -19
337 -34
338 -41
339 -17
340 -16
341 -16
342 -19
343 -16
344 -25
345 -41
346 -16
347 -17
348 -55
349 -16
350 -16
351 -17
352 -16
353 -50
354 -16
355 -41
356 -55
357 -16
358 -17
359 -41
360 -48
361 -55
362 -16
363 -48
364 -34
365 -55
366 -19
367 -50
368 -25
369 -48
370 -17
371 -41
372 -16
373 -48
374 -16
375 -48
376 -17
377 -24
378 -55
379 -34
380 -50
381 -16
382 -16
383 -16
384 -41
385 -17
386 -54
387 -41
388 -41
389 -34
390 -16
391 -16
392 -17
393 -48
394 -17
395 -31
396 -41
397 -48
398 -48
399 -16
400 -55
401 -50
402 -63
403 -17
404 -48
405 -41
406 -41
407 -41
408 -16
409 -16
410 -34
411 -17
412 -18
413 -34
414 -16
415 -16
416 -19
417 -16
418 -50
419 -17
420 -25
421 -48
422 -50
423 -25
424 -19
425 -50
426 -16
427 -16
428 -55
429 -16
430 -48
431 -25
432 -55
433 -16
434 -48
435 -55
436 -25
437 -41
438 -16
439 -34
440 -16
441 -34
442 -49
443 -16
444 -59
445 -41
446 -41
447 -48
448 -17
449 -16
450 -45
451 -16
452 -17
453 -34
454 -17
455 -66
456 -31
457 -55
458 -16
459 -50
460 -16
461 -55
462 -19
463 -16
464 -41
465 -77
466 -17
467 -34
468 -34
469 -17
470 -48
471 -50
472 -16
473 -30
474 -56
475 -48
476 -19
477 -34
478 -39
479 -17
480 -34
481 -55
482 -20
483 -29
484 -16
485 -25
486 -16
487 -48
488 -25
489 -16
490 -55
491 -41
492 -50
493 -16
494 -16
495 -16
496 -16
497 -16
498 -39
499 -16
500 -19
501 -17
502 -41
503 -19
504 -50
505 -25
506 -50
507 -66
508 -25
509 -25
510 -58
511 -19
512 -55
513 -20
514 -41
515 -17
516 -25
517 -16
518 -55
519 -16
520 -19
521 -16
522 -16
523 -55
524 -16
525 -50
526 -25
527 -55
528 -50
529 -19
530 -34
531 -50
532 -41
533 -19
534 -16
535 -16
536 -41
537 -16
538 -22
539 -16
540 -19
541 -41
542 -16
543 -50
544 -16
545 -59
546 -16
547 -25
548 -16
549 -50
550 -16
551 -52
552 -16
553 -17
554 -39
555 -25
556 -16
557 -17
558 -16
559 -25
560 -48
561 -16
562 -17
563 -16
564 -48
565 -16
566 -41
567 -55
568 -34
569 -16
570 -19
571 -41
572 -17
573 -16
574 -48
575 -50
576 -52
577 -25
578 -16
579 -19
580 -34
581 -34
582 -16
583 -20
584 -41
585 -16
586 -16
587 -41
588 -41
589 -16
590 -34
591 -55
592 -16
593 -17
594 -50
595 -16
596 -34
597 -16
598 -25
599 -16
600 -17
601 -50
602 -19
603 -34
604 -65
605 -17
606 -34
607 -18
608 -50
609 -48
610 -17
611 -16
612 -25
613 -27
614 -16
615 -46
616 -16
617 -50
618 -48
619 -19
620 -19
621 -41
622 -55
623 -16
624 -48
625 -17
626 -55
627 -48
628 -41
629 -16
630 -19
631 -25
632 -25
633 -25
634 -34
635 -48
636 -55
637 -16
638 -16
639 -16
640 -41
641 -55
642 -25
643 -16
644 -25
645 -38
646 -48
647 -16
648 -16
649 -19
650 -16
651 -55
652 -25
653 -55
654 -55
655 -41
656 -19
657 -34
658 -16
659 -19
660 -15
661 -19
662 -25
663 -48
664 -34
665 -34
666 -17
667 -19
668 -19
669 -19
670 -41
671 -25
672 -71
673 -16
674 -17
675 -50
676 -19
677 -25
678 -16
679 -58
680 -16
681 -17
682 -16
683 -16
684 -19
685 -16
686 -55
687 -48
688 -34
689 -19
690 -25
691 -25
692 -16
693 -16
694 -17
695 -19
696 -25
697 -47
698 -19
699 -55
700 -16
701 -16
702 -34
703 -16
704 -16
705 -50
706 -16
707 -16
708 -16
709 -41
710 -16
711 -25
712 -16
713 -50
714 -16
715 -16
716 -17
717 -50
718 -26
719 -50
720 -48
721 -19
722 -17
723 -48
724 -16
725 -41
726 -41
727 -18
728 -41
729 -19
730 -34
731 -16
732 -16
733 -16
734 -16
735 -17
736 -50
737 -55
738 -55
739 -48
740 -50
741 -16
742 -25
743 -19
744 -17
745 -55
746 -16
747 -50
748 -48
749 -55
750 -41
751 -48
752 -50
753 -50
754 -25
755 -50
756 -55
757 -17
758 -34
759 -19
760 -16
761 -16
762 -19
763 -55
764 -48
765 -55
766 -17
767 -34
768 -41
769 -25
770 -17
771 -19
772 -41
773 -19
774 -17
775 -17
776 -16
777 -16
778 -20
779 -34
780 -19
781 -55
782 -24
783 -17
784 -34
785 -41
786 -41
787 -50
788 -55
789 -16
790 -16
791 -41
792 -18
793 -19
794 -34
795 -48
796 -34
797 -65
798 -25
799 -16
800 -16
801 -19
802 -20
803 -17
804 -50
805 -25
806 -48
807 -40
808 -34
809 -34
810 -23
811 -16
812 -16
813 -50
814 -48
815 -16
816 -17
817 -16
818 -17
819 -25
820 -55
821 -34
822 -17
823 -25
824 -16
825 -19
826 -16
827 -34
828 -34
829 -19
830 -16
831 -48
832 -47
833 -50
834 -16
835 -16
836 -50
837 -16
838 -17
839 -26
840 -18
841 -16
842 -59
843 -19
844 -41
845 -34
846 -16
847 -42
848 -16
849 -24
850 -34
851 -16
852 -16
853 -17
854 -50
855 -16
856 -50
857 -48
858 -19
859 -34
860 -25
861 -16
862 -26
863 -34
864 -41
865 -34
866 -32
867 -48
868 -25
869 -55
870 -41
871 -55
872 -17
873 -17
874 -55
875 -41
876 -41
877 -16
878 -21
879 -16
880 -55
881 -34
882 -17
883 -17
884 -41
885 -16
886 -41
887 -25
888 -19
889 -34
890 -18
891 -19
892 -19
893 -29
894 -16
895 -50
896 -24
897 -25
898 -50
899 -19
900 -48
901 -50
902 -25
903 -16
904 -16
905 -16
906 -16
907 -50
908 -50
909 -55
910 -50
911 -41
912 -19
913 -50
914 -23
915 -55
916 -48
917 -34
918 -16
919 -50
920 -41
921 -48
922 -41
923 -25
924 -25
925 -16
926 -19
927 -16
928 -16
929 -55
930 -50
931 -16
932 -16
933 -55
934 -50
935 -17
936 -55
937 -50
938 -25
939 -19
940 -23
941 -55
942 -16
943 -48
944 -19
945 -47
946 -55
947 -50
948 -16
949 -55
950 -48
951 -19
952 -16
953 -16
954 -71
955 -19
956 -16
957 -16
958 -41
959 -16
960 -48
961 -41
962 -41
963 -16
964 -25
965 -16
966 -66
967 -16
968 -48
969 -19
970 -19
971 -41
972 -16
973 -16
974 -19
975 -17
976 -19
977 -25
978 -25
979 -25
980 -16
981 -41
982 -16
983 -55
984 -17
985 -16
986 -41
987 -16
988 -55
989 -51
990 -16
991 -19
992 -19
993 -48
994 -17
995 -25
996 -25
997 -16
998 -16
999 -55
