0 -30
1 -76
2 -24
3 -76
4 -27
5 -28
6 -76
7 -44
8 -71
9 -37
10 -72
11 -75
12 -76
13 -48
14 -58
15 -46
16 -40
17 -72
18 -42
19 -70
20 -106
21 -44
22 -47
23 -42
24 -41
25 -76
26 -71
27 -48
28 -76
29 -71
30 -47
31 -71
32 -26
33 -46
34 -71
35 -43
36 -76
37 -21
38 -71
39 -31
40 -40
41 -71
42 -66
43 -75
44 -42
45 -41
46 -71
47 -21
48 -72
49 -42
50 -76
51 -53
52 -71
53 -71
54 -32
55 -58
56 -28
57 -14
58 -75
59 -40
60 -22
61 -71
62 -71
63 -76
64 -40
65 -38
66 -76
67 -16
68 -37
69 -76
70 -43
71 -46
72 -76
73 -40
74 -51
75 -72
76 -75
77 -76
78 -42
79 -76
80 -72
81 -27
82 -75
83 -71
84 -76
85 -71
86 -71
87 -24
88 -76
89 -71
90 -31
91 -76
92 -76
93 -71
94 -71
95 -36
96 -44
97 -31
98 -71
99 -48
100 -75
101 -44
102 -72
103 -28
104 -57
105 -51
106 -42
107 -59
108 -41
109 -71
110 -28
111 -72
112 -40
113 -76
114 -39
115 -75
116 -26
117 -71
118 -30
119 -43
120 -71
121 -34
122 -40
123 -48
124 -85
125 -76
126 -71
127 -59
128 -20
129 -72
130 -76
131 -40
132 -71
133 -75
134 -48
135 -75
136 -32
137 -40
138 -71
139 -24
140 -17
141 -40
142 -38
143 -44
144 -24
145 -71
146 -38
147 -86
148 -22
149 -75
150 -71
151 -45
152 -43
153 -71
154 -54
155 -76
156 -71
157 -52
158 -35
159 -42
160 -76
161 -42
162 -36
163 -71
164 -46
165 -40
166 -75
167 -44
168 -51
169 -21
170 -76
171 -34
172 -79
173 -71
174 -75
175 -44
176 -24
177 -71
178 -72
179 -71
180 -32
181 -71
182 -76
183 -18
184 -24
185 -71
186 -19
187 -67
188 -76
189 -21
190 -76
191 -40
192 -37
193 -44
194 -71
195 -38
196 -31
197 -20
198 -71
199 -53
200 -76
201 -36
202 -58
203 -38
204 -22
205 -32
206 -23
207 -76
208 -32
209 -66
210 -57
211 -76
212 -76
213 -76
214 -38
215 -56
216 -52
217 -47
218 -58
219 -75
220 -58
221 -53
222 -48
223 -76
224 -43
225 -71
226 -49
227 -53
228 -41
229 -40
230 -75
231 -71
232 -72
233 -76
234 -39
235 -72
236 -38
237 -59
238 -96
239 -72
240 -31
241 -39
242 -61
243 -53
244 -75
245 -24
246 -27
247 -76
248 -76
249 -99
250 -45
251 -25
252 -71
253 -79
254 -71
255 -32
256 -28
257 -76
258 -71
259 -56
260 -46
261 -76
262 -71
263 -20
264 -71
265 -44
266 -28
267 -76
268 -77
269 -71
270 -39
271 -71
272 -36
273 -76
274 -71
275 -22
276 -35
277 -53
278 -101
279 -29
280 -71
281 -71
282 -60
283 -76
284 -28
285 -75
286 -59
287 -75
288 -31
289 -48
290 -49
291 -41
292 -33
293 -81
294 -36
295 -58
296 -76
297 -71
298 -72
299 -72
300 -72
301 -47
302 -72
303 -71
304 -28
305 -19
306 -72
307 -25
308 -35
309 -58
310 -37
311 -40
312 -71
313 -43
314 -25
315 -72
316 -75
317 -48
318 -76
319 -76
320 -33
321 -75
322 -44
323 -44
324 -71
325 -75
326 -75
327 -76
328 -28
329 -76
330 -72
331 -72
332 -19
333 -38
334 -75
335 -54
336 -76
337 -80
338 -72
339 -37
340 -55
341 -75
342 -39
343 -76
344 -47
345 -75
346 -75
347 -75
348 -35
349 -71
350 -76
351 -39
352 -71
353 -71
354 -72
355 -18
356 -30
357 -71
358 -38
359 -69
360 -75
361 -71
362 -33
363 -61
364 -38
365 -71
366 -29
367 -71
368 -76
369 -76
370 -75
371 -42
372 -40
373 -77
374 -40
375 -47
376 -40
377 -73
378 -37
379 -71
380 -38
381 -18
382 -29
383 -32
384 -27
385 -41
386 -71
387 -30
388 -51
389 -76
390 -67
391 -41
392 -76
393 -72
394 -75
395 -76
396 -75
397 -38
398 -41
399 -70
400 -71
401 -48
402 -71
403 -75
404 -23
405 -54
406 -76
407 -59
408 -24
409 -32
410 -52
411 -28
412 -39
413 -21
414 -71
415 -71
416 -71
417 -36
418 -53
419 -51
420 -54
421 -76
422 -58
423 -70
424 -28
425 -74
426 -40
427 -71
428 -71
429 -76
430 -34
431 -37
432 -71
433 -76
434 -71
435 -76
436 -76
437 -44
438 -29
439 -54
440 -31
441 -32
442 -72
443 -43
444 -48
445 -51
446 -71
447 -75
448 -40
449 -30
450 -71
451 -71
452 -35
453 -59
454 -72
455 -44
456 -101
457 -57
458 -75
459 -76
460 -76
461 -41
462 -71
463 -47
464 -44
465 -39
466 -71
467 -76
468 -27
469 -20
470 -71
471 -76
472 -78
473 -51
474 -36
475 -23
476 -81
477 -21
478 -66
479 -30
480 -76
481 -33
482 -31
483 -42
484 -31
485 -44
486 -38
487 -29
488 -70
489 -71
490 -44
491 -16
492 -75
493 -72
494 -43
495 -33
496 -45
497 -72
498 -73
499 -48
500 -54
501 -50
502 -30
503 -71
504 -33
505 -75
506 -18
507 -75
508 -28
509 -72
510 -71
511 -71
512 -71
513 -45
514 -18
515 -76
516 -20
517 -27
518 -79
519 -76
520 -51
521 -76
522 -71
523 -58
524 -76
525 -68
526 -35
527 -40
528 -71
529 -71
530 -72
531 -75
532 -54
533 -71
534 -27
535 -27
536 -75
537 -75
538 -71
539 -71
540 -22
541 -40
542 -19
543 -75
544 -42
545 -47
546 -76
547 -28
548 -47
549 -55
550 -71
551 -22
552 -38
553 -59
554 -75
555 -76
556 -71
557 -81
558 -71
559 -71
560 -76
561 -44
562 -72
563 -71
564 -28
565 -38
566 -71
567 -21
568 -32
569 -76
570 -35
571 -40
572 -75
573 -71
574 -47
575 -34
576 -44
577 -59
578 -76
579 -71
580 -76
581 -76
582 -51
583 -105
584 -90
585 -71
586 -72
587 -54
588 -75
589 -40
590 -35
591 -48
592 -49
593 -75
594 -58
595 -71
596 -71
597 -21
598 -72
599 -71
600 -52
601 -75
602 -59
603 -71
604 -72
605 -44
606 -31
607 -13
608 -76
609 -21
610 -22
611 -42
612 -51
613 -47
614 -75
615 -36
616 -76
617 -39
618 -76
619 -44
620 -71
621 -76
622 -72
623 -71
624 -69
625 -37
626 -44
627 -76
628 -75
629 -44
630 -44
631 -50
632 -44
633 -75
634 -71
635 -72
636 -36
637 -45
638 -58
639 -31
640 -34
641 -71
642 -76
643 -75
644 -76
645 -86
646 -28
647 -28
648 -38
649 -82
650 -71
651 -76
652 -28
653 -21
654 -16
655 -32
656 -37
657 -31
658 -76
659 -44
660 -39
661 -71
662 -19
663 -61
664 -33
665 -72
666 -72
667 -35
668 -41
669 -53
670 -70
671 -36
672 -40
673 -83
674 -79
675 -52
676 -28
677 -58
678 -71
679 -76
680 -75
681 -70
682 -44
683 -30
684 -45
685 -52
686 -80
687 -41
688 -76
689 -28
690 -75
691 -86
692 -75
693 -76
694 -71
695 -35
696 -28
697 -52
698 -44
699 -75
700 -44
701 -40
702 -71
703 -76
704 -72
705 -76
706 -40
707 -56
708 -21
709 -80
710 -21
711 -71
712 -76
713 -39
714 -71
715 -44
716 -28
717 -24
718 -23
719 -47
720 -72
721 -17
722 -71
723 -29
724 -23
725 -30
726 -30
727 -28
728 -71
729 -71
730 -41
731 -76
732 -75
733 -38
734 -75
735 -21
736 -46
737 -41
738 -71
739 -41
740 -18
741 -57
742 -38
743 -72
744 -47
745 -75
746 -71
747 -70
748 -58
749 -75
750 -100
751 -54
752 -76
753 -75
754 -71
755 -47
756 -75
757 -71
758 -71
759 -40
760 -71
761 -44
762 -44
763 -44
764 -71
765 -29
766 -51
767 -33
768 -42
769 -71
770 -53
771 -41
772 -75
773 -36
774 -44
775 -58
776 -43
777 -41
778 -18
779 -33
780 -76
781 -15
782 -76
783 -19
784 -76
785 -71
786 -37
787 -71
788 -80
789 -25
790 -76
791 -48
792 -72
793 -41
794 -76
795 -75
796 -37
797 -48
798 -71
799 -48
800 -71
801 -71
802 -44
803 -20
804 -71
805 -25
806 -51
807 -19
808 -72
809 -31
810 -38
811 -76
812 -32
813 -76
814 -40
815 -54
816 -71
817 -41
818 -19
819 -42
820 -38
821 -34
822 -22
823 -75
824 -76
825 -71
826 -71
827 -20
828 -44
829 -55
830 -44
831 -72
832 -49
833 -76
834 -29
835 -31
836 -71
837 -85
838 -54
839 -28
840 -34
841 -35
842 -49
843 -38
844 -39
845 -36
846 -51
847 -38
848 -75
849 -27
850 -78
851 -71
852 -49
853 -28
854 -44
855 -58
856 -77
857 -76
858 -71
859 -40
860 -71
861 -28
862 -31
863 -28
864 -42
865 -31
866 -72
867 -76
868 -32
869 -32
870 -75
871 -71
872 -25
873 -76
874 -81
875 -42
876 -28
877 -75
878 -43
879 -76
880 -71
881 -27
882 -71
883 -30
884 -59
885 -76
886 -75
887 -76
888 -36
889 -72
890 -58
891 -75
892 -76
893 -75
894 -76
895 -19
896 -75
897 -102
898 -41
899 -23
900 -45
901 -31
902 -37
903 -72
904 -71
905 -81
906 -62
907 -71
908 -76
909 -78
910 -56
911 -76
912 -52
913 -75
914 -71
915 -33
916 -75
917 -24
918 -56
919 -23
920 -21
921 -23
922 -37
923 -49
924 -75
925 -31
926 -71
927 -21
928 -21
929 -75
930 -31
931 -72
932 -47
933 -76
934 -44
935 -71
936 -47
937 -49
938 -71
939 -71
940 -76
941 -71
942 -59
943 -75
944 -75
945 -71
946 -61
947 -41
948 -34
949 -28
950 -30
951 -39
952 -76
953 -71
954 -71
955 -47
956 -51
957 -76
958 -71
959 -38
960 -43
961 -28
962 -30
963 -38
964 -22
965 -47
966 -75
967 -22
968 -40
969 -71
970 -76
971 -44
972 -27
973 -28
974 -71
975 -48
976 -23
977 -72
978 -71
979 -58
980 -75
981 -44
982 -58
983 -21
984 -58
985 -67
986 -101
987 -76
988 -46
989 -75
990 -24
991 -30
992 -17
993 -29
994 -23
995 -71
996 -40
997 -39
998 -76
999 -76
