0 -16
1 -24
2 -57
3 -16
4 -24
5 -57
6 -17
7 -27
8 -27
9 -16
10 -33
11 -94
12 -16
13 -16
14 -36
15 -56
16 -16
17 -17
18 -33
19 -27
20 -16
21 -55
22 -50
23 -27
24 -24
25 -50
26 -17
27 -16
28 -16
29 -16
30 -16
31 -16
32 -50
33 -16
34 -23
35 -17
36 -50
37 -16
38 -24
39 -36
40 -17
41 -36
42 -57
43 -16
44 -57
45 -50
46 -55
47 -23
48 -36
49 -36
50 -21
51 -57
52 -17
53 -16
54 -24
55 -16
56 -21
57 -36
58 -33
59 -27
60 -24
61 -63
62 -57
63 -16
64 -57
65 -17
66 -55
67 -50
68 -36
69 -50
70 -33
71 -55
72 -27
73 -36
74 -16
75 -27
76 -36
77 -16
78 -27
79 -55
80 -55
81 -24
82 -50
83 -55
84 -57
85 -23
86 -16
87 -16
88 -16
89 -24
90 -50
91 -59
92 -16
93 -17
94 -17
95 -55
96 -16
97 -27
98 -57
99 -27
100 -36
101 -50
102 -24
103 -50
104 -55
105 -33
106 -16
107 -47
108 -55
109 -16
110 -27
111 -27
112 -20
113 -16
114 -16
115 -36
116 -50
117 -27
118 -16
119 -33
120 -17
121 -16
122 -27
123 -38
124 -27
125 -33
126 -16
127 -55
128 -17
129 -24
130 -17
131 -33
132 -50
133 -33
134 -17
135 -24
136 -16
137 -33
138 -16
139 -17
140 -50
141 -16
142 -16
143 -27
144 -50
145 -24
146 -53
147 -27
148 -16
149 -27
150 -27
151 -36
152 -36
153 -33
154 -16
155 -16
156 -36
157 -36
158 -16
159 -15
160 -27
161 -50
162 -16
163 -16
164 -50
165 -24
166 -17
167 -27
168 -27
169 -17
170 -16
171 -16
172 -25
173 -55
174 -16
175 -17
176 -27
177 -36
178 -17
179 -17
180 -57
181 -27
182 -24
183 -24
184 -45
185 -24
186 -36
187 -24
188 -16
189 -27
190 -16
191 -55
192 -17
193 -27
194 -16
195 -24
196 -24
197 -24
198 -16
199 -22
200 -16
201 -24
202 -50
203 -50
204 -67
205 -36
206 -27
207 -27
208 -55
209 -16
210 -27
211 -50
212 -17
213 -27
214 -27
215 -33
216 -50
217 -16
218 -16
219 -55
220 -27
221 -33
222 -16
223 -17
224 -33
225 -36
226 -33
227 -24
228 -16
229 -24
230 -55
231 -50
232 -17
233 -17
234 -22
235 -16
236 -16
237 -50
238 -17
239 -36
240 -16
241 -17
242 -57
243 -17
244 -55
245 -24
246 -33
247 -24
248 -16
249 -16
250 -36
251 -50
252 -55
253 -16
254 -27
255 -57
256 -45
257 -50
258 -57
259 -16
260 -33
261 -24
262 -16
263 -16
264 -33
265 -55
266 -50
267 -50
268 -50
269 -16
270 -62
271 -36
272 -27
273 -27
274 -16
275 -57
276 -16
277 -17
278 -16
279 -36
280 -36
281 -40
282 -57
283 -16
284 -16
285 -27
286 -27
287 -50
288 -50
289 -28
290 -20
291 -17
292 -57
293 -36
294 -24
295 -17
296 -17
297 -36
298 -55
299 -27
300 -16
301 -24
302 -16
303 -16
304 -16
305 -36
306 -36
307 -36
308 -16
309 -17
310 -16
311 -27
312 -36
313 -16
314 -57
315 -27
316 -16
317 -36
318 -16
319 -27
320 -50
321 -33
322 -16
323 -16
324 -16
325 -17
326 -24
327 -57
328 -55
329 -16
330 -55
331 -59
332 -16
333 -17
334 -16
335 -16
336 -27
337 -16
338 -55
339 -37
340 -16
341 -17
342 -57
343 -36
344 -57
345 -24
346 -16
347 -42
348 -27
349 -15
350 -27
351 -17
352 -17
353 -17
354 -57
355 -56
356 -24
357 -25
358 -27
359 -24
360 -17
361 -33
362 -57
363 -84
364 -57
365 -33
366 -55
367 -36
368 -27
369 -17
370 -50
371 -15
372 -16
373 -16
374 -16
375 -17
376 -29
377 -16
378 -16
379 -16
380 -17
381 -22
382 -57
383 -24
384 -27
385 -27
386 -16
387 -33
388 -14
389 -50
390 -18
391 -27
392 -16
393 -16
394 -36
395 -57
396 -36
397 -27
398 -27
399 -55
400 -44
401 -24
402 -17
403 -22
404 -16
405 -16
406 -16
407 -57
408 -16
409 -27
410 -27
411 -16
412 -33
413 -57
414 -17
415 -33
416 -16
417 -17
418 -50
419 -36
420 -23
421 -55
422 -17
423 -57
424 -36
425 -16
426 -17
427 -17
428 -16
429 -55
430 -58
431 -55
432 -17
433 -17
434 -16
435 -16
436 -18
437 -55
438 -16
439 -16
440 -33
441 -17
442 -16
443 -27
444 -17
445 -36
446 -16
447 -16
448 -33
449 -57
450 -16
451 -23
452 -27
453 -24
454 -50
455 -16
456 -16
457 -19
458 -16
459 -57
460 -15
461 -16
462 -16
463 -55
464 -50
465 -45
466 -36
467 -36
468 -16
469 -16
470 -16
471 -57
472 -36
473 -16
474 -27
475 -57
476 -55
477 -55
478 -36
479 -16
480 -16
481 -33
482 -16
483 -33
484 -41
485 -16
486 -50
487 -17
488 -57
489 -50
490 -16
491 -16
492 -16
493 -50
494 -16
495 -57
496 -27
497 -36
498 -21
499 -27
500 -27
501 -55
502 -32
503 -16
504 -24
505 -57
506 -27
507 -55
508 -27
509 -55
510 -24
511 -33
512 -55
513 -55
514 -33
515 -17
516 -50
517 -33
518 -33
519 -55
520 -36
521 -17
522 -27
523 -27
524 -55
525 -33
526 -36
527 -27
528 -36
529 -57
530 -55
531 -16
532 -27
533 -17
534 -17
535 -16
536 -55
537 -33
538 -55
539 -36
540 -36
541 -36
542 -57
543 -16
544 -24
545 -27
546 -50
547 -36
548 -17
549 -16
550 -57
551 -36
552 -17
553 -24
554 -55
555 -27
556 -36
557 -36
558 -56
559 -27
560 -36
561 -36
562 -27
563 -57
564 -36
565 -16
566 -24
567 -16
568 -24
569 -16
570 -17
571 -36
572 -27
573 -36
574 -55
575 -17
576 -60
577 -33
578 -17
579 -74
580 -24
581 -16
582 -87
583 -24
584 -57
585 -55
586 -25
587 -36
588 -27
589 -19
590 -82
591 -36
592 -33
593 -33
594 -71
595 -24
596 -36
597 -18
598 -24
599 -24
600 -16
601 -17
602 -27
603 -33
604 -16
605 -27
606 -24
607 -50
608 -17
609 -16
610 -36
611 -55
612 -17
613 -57
614 -16
615 -33
616 -24
617 -22
618 -16
619 -16
620 -50
621 -57
622 -16
623 -55
624 -33
625 -16
626 -33
627 -16
628 -37
629 -55
630 -50
631 -16
632 -16
633 -59
634 -50
635 -16
636 -50
637 -61
638 -36
639 -33
640 -16
641 -28
642 -57
643 -36
644 -55
645 -29
646 -27
647 -55
648 -24
649 -33
650 -17
651 -33
652 -16
653 -55
654 -57
655 -33
656 -33
657 -16
658 -24
659 -36
660 -33
661 -28
662 -17
663 -57
664 -16
665 -24
666 -16
667 -21
668 -24
669 -55
670 -55
671 -16
672 -24
673 -24
674 -36
675 -16
676 -16
677 -50
678 -16
679 -16
680 -50
681 -24
682 -17
683 -16
684 -16
685 -27
686 -16
687 -24
688 -24
689 -16
690 -16
691 -27
692 -16
693 -16
694 -24
695 -33
696 -16
697 -57
698 -24
699 -16
700 -24
701 -33
702 -27
703 -57
704 -50
705 -32
706 -24
707 -27
708 -36
709 -33
710 -50
711 -57
712 -16
713 -16
714 -24
715 -24
716 -49
717 -24
718 -57
719 -24
720 -27
721 -24
722 -33
723 -33
724 -50
725 -57
726 -16
727 -23
728 -58
729 -16
730 -16
731 -33
732 -36
733 -24
734 -27
735 -24
736 -27
737 -24
738 -27
739 -24
740 -33
741 -36
742 -16
743 -21
744 -55
745 -16
746 -16
747 -57
748 -16
749 -18
750 -16
751 -17
752 -27
753 -17
754 -16
755 -27
756 -33
757 -24
758 -16
759 -16
760 -17
761 -27
762 -33
763 -24
764 -55
765 -16
766 -57
767 -55
768 -55
769 -27
770 -36
771 -17
772 -41
773 -33
774 -27
775 -57
776 -55
777 -55
778 -16
779 -57
780 -33
781 -50
782 -16
783 -50
784 -16
785 -50
786 -57
787 -27
788 -50
789 -36
790 -50
791 -16
792 -16
793 -50
794 -50
795 -16
796 -33
797 -57
798 -57
799 -36
800 -16
801 -50
802 -55
803 -33
804 -24
805 -33
806 -33
807 -29
808 -55
809 -21
810 -36
811 -27
812 -17
813 -24
814 -16
815 -17
816 -36
817 -20
818 -18
819 -16
820 -36
821 -16
822 -57
823 -16
824 -42
825 -16
826 -57
827 -16
828 -57
829 -33
830 -55
831 -33
832 -51
833 -33
834 -16
835 -27
836 -24
837 -24
838 -27
839 -16
840 -24
841 -16
842 -16
843 -57
844 -24
845 -57
846 -55
847 -50
848 -50
849 -33
850 -16
851 -27
852 -36
853 -16
854 -27
855 -55
856 -57
857 -16
858 -36
859 -16
860 -57
861 -55
862 -17
863 -16
864 -27
865 -24
866 -55
867 -16
868 -30
869 -16
870 -57
871 -16
872 -37
873 -27
874 -33
875 -36
876 -33
877 -36
878 -57
879 -55
880 -33
881 -16
882 -62
883 -33
884 -16
885 -74
886 -33
887 -57
888 -16
889 -24
890 -16
891 -55
892 -19
893 -50
894 -55
895 -16
896 -17
897 -16
898 -16
899 -55
900 -16
901 -16
902 -27
903 -33
904 -50
905 -36
906 -15
907 -16
908 -19
909 -57
910 -50
911 -27
912 -27
913 -57
914 -16
915 -17
916 -17
917 -16
918 -16
919 -46
920 -17
921 -55
922 -54
923 -33
924 -57
925 -50
926 -36
927 -16
928 -27
929 -17
930 -16
931 -16
932 -55
933 -36
934 -33
935 -33
936 -57
937 -36
938 -16
939 -17
940 -16
941 -36
942 -56
943 -16
944 -16
945 -16
946 -36
947 -16
948 -33
949 -16
950 -27
951 -18
952 -16
953 -16
954 -16
955 -55
956 -24
957 -24
958 -24
959 -24
960 -33
961 -57
962 -50
963 -36
964 -33
965 -57
966 -20
967 -24
968 -55
969 -29
970 -16
971 -36
972 -41
973 -50
974 -50
975 -50
976 -24
977 -57
978 -27
979 -16
980 -16
981 -33
982 -57
983 -17
984 -24
985 -55
986 -17
987 -50
988 -16
989 -33
990 -27
991 -16
992 -27
993 -57
994 -50
995 -16
996 -33
997 -33
998 -50
999 -36
