0 -54
1 -50
2 -65
3 -55
4 -50
5 -57
6 -55
7 -52
8 -57
9 -65
10 -24
11 -41
12 -65
13 -65
14 -55
15 -45
16 -36
17 -51
18 -65
19 -50
20 -36
21 -55
22 -65
23 -38
24 -60
25 -55
26 -38
27 -35
28 -44
29 -55
30 -14
31 -65
32 -29
33 -65
34 -47
35 -29
36 -55
37 -43
38 -28
39 -59
40 -65
41 -78
42 -31
43 -48
44 -66
45 -38
46 -65
47 -50
48 -42
49 -47
50 -27
51 -46
52 -32
53 -47
54 -47
55 -23
56 -51
57 -60
58 -19
59 -42
60 -65
61 -21
62 -52
63 -42
64 -50
65 -36
66 -22
67 -28
68 -65
69 -69
70 -21
71 -50
72 -68
73 -65
74 -49
75 -27
76 -29
77 -65
78 -55
79 -56
80 -41
81 -36
82 -65
83 -27
84 -36
85 -49
86 -66
87 -31
88 -55
89 -55
90 -65
91 -23
92 -50
93 -61
94 -50
95 -65
96 -48
97 -50
98 -17
99 -46
100 -37
101 -56
102 -55
103 -50
104 -50
105 -16
106 -65
107 -20
108 -45
109 -24
110 -37
111 -55
112 -71
113 -32
114 -55
115 -65
116 -32
117 -41
118 -39
119 -78
120 -47
121 -52
122 -32
123 -31
124 -65
125 -31
126 -38
127 -65
128 -51
129 -55
130 -56
131 -33
132 -74
133 -47
134 -50
135 -56
136 -65
137 -55
138 -65
139 -53
140 -65
141 -32
142 -52
143 -65
144 -36
145 -42
146 -36
147 -65
148 -40
149 -50
150 -41
151 -66
152 -33
153 -49
154 -17
155 -65
156 -38
157 -45
158 -37
159 -50
160 -56
161 -46
162 -49
163 -28
164 -47
165 -65
166 -31
167 -27
168 -65
169 -65
170 -46
171 -70
172 -42
173 -65
174 -74
175 -49
176 -41
177 -23
178 -65
179 -33
180 -65
181 -60
182 -55
183 -66
184 -65
185 -55
186 -78
187 -72
188 -56
189 -18
190 -36
191 -50
192 -78
193 -55
194 -34
195 -55
196 -21
197 -26
198 -65
199 -65
200 -27
201 -42
202 -36
203 -65
204 -18
205 -61
206 -47
207 -65
208 -65
209 -56
210 -65
211 -32
212 -38
213 -65
214 -33
215 -41
216 -50
217 -15
218 -50
219 -74
220 -36
221 -65
222 -65
223 -65
224 -36
225 -18
226 -65
227 -29
228 -56
229 -31
230 -50
231 -65
232 -68
233 -41
234 -65
235 -55
236 -40
237 -65
238 -29
239 -41
240 -33
241 -55
242 -27
243 -65
244 -55
245 -66
246 -28
247 -65
248 -65
249 -76
250 -32
251 -66
252 -65
253 -65
254 -65
255 -55
256 -55
257 -56
258 -85
259 -65
260 -65
261 -65
262 -50
263 -45
264 -36
265 -31
266 -23
267 -65
268 -60
269 -65
270 -32
271 -65
272 -46
273 -46
274 -65
275 -46
276 -42
277 -56
278 -58
279 -66
280 -55
281 -32
282 -74
283 -41
284 -36
285 -69
286 -50
287 -60
288 -87
289 -49
290 -55
291 -27
292 -19
293 -50
294 -28
295 -31
296 -55
297 -34
298 -37
299 -65
300 -31
301 -50
302 -65
303 -57
304 -65
305 -52
306 -46
307 -31
308 -65
309 -28
310 -44
311 -16
312 -65
313 -31
314 -52
315 -65
316 -31
317 -65
318 -64
319 -36
320 -65
321 -30
322 -65
323 -55
324 -31
325 -71
326 -40
327 -55
328 -65
329 -50
330 -78
331 -54
332 -42
333 -65
334 -25
335 -35
336 -41
337 -78
338 -18
339 -55
340 -29
341 -22
342 -16
343 -65
344 -38
345 -65
346 -78
347 -65
348 -65
349 -65
350 -33
351 -65
352 -50
353 -55
354 -38
355 -60
356 -50
357 -22
358 -59
359 -50
360 -74
361 -65
362 -46
363 -74
364 -65
365 -65
366 -31
367 -50
368 -42
369 -54
370 -32
371 -65
372 -65
373 -48
374 -65
375 -16
376 -65
377 -65
378 -65
379 -50
380 -56
381 -52
382 -22
383 -32
384 -50
385 -37
386 -34
387 -65
388 -65
389 -17
390 -50
391 -60
392 -74
393 -17
394 -50
395 -65
396 -55
397 -65
398 -65
399 -52
400 -31
401 -50
402 -62
403 -21
404 -41
405 -76
406 -30
407 -72
408 -56
409 -65
410 -75
411 -46
412 -31
413 -51
414 -50
415 -55
416 -65
417 -42
418 -65
419 -78
420 -42
421 -36
422 -43
423 -37
424 -20
425 -20
426 -28
427 -25
428 -74
429 -58
430 -56
431 -50
432 -49
433 -65
434 -50
435 -65
436 -65
437 -65
438 -50
439 -32
440 -45
441 -42
442 -18
443 -65
444 -50
445 -16
446 -55
447 -48
448 -50
449 -36
450 -45
451 -55
452 -50
453 -65
454 -74
455 -78
456 -65
457 -32
458 -65
459 -21
460 -28
461 -50
462 -38
463 -31
464 -56
465 -50
466 -32
467 -75
468 -65
469 -46
470 -65
471 -55
472 -55
473 -50
474 -55
475 -60
476 -65
477 -65
478 -50
479 -65
480 -65
481 -60
482 -55
483 -20
484 -65
485 -65
486 -52
487 -32
488 -60
489 -65
490 -65
491 -21
492 -19
493 -65
494 -65
495 -47
496 -50
497 -18
498 -47
499 -41
500 -67
501 -55
502 -55
503 -50
504 -31
505 -65
506 -65
507 -27
508 -20
509 -51
510 -46
511 -55
512 -82
513 -25
514 -23
515 -50
516 -37
517 -65
518 -65
519 -57
520 -32
521 -65
522 -36
523 -20
524 -65
525 -63
526 -47
527 -41
528 -65
529 -78
530 -50
531 -16
532 -65
533 -74
534 -65
535 -55
536 -55
537 -36
538 -65
539 -65
540 -34
541 -44
542 -26
543 -55
544 -66
545 -27
546 -55
547 -55
548 -35
549 -52
550 -65
551 -65
552 -65
553 -65
554 -66
555 -41
556 -43
557 -78
558 -34
559 -65
560 -20
561 -50
562 -33
563 -65
564 -50
565 -36
566 -34
567 -45
568 -37
569 -50
570 -52
571 -65
572 -40
573 -31
574 -33
575 -27
576 -28
577 -24
578 -65
579 -44
580 -41
581 -50
582 -46
583 -65
584 -55
585 -55
586 -55
587 -52
588 -65
589 -65
590 -20
591 -47
592 -47
593 -65
594 -21
595 -55
596 -65
597 -37
598 -65
599 -55
600 -49
601 -65
602 -20
603 -65
604 -50
605 -31
606 -65
607 -31
608 -65
609 -65
610 -27
611 -55
612 -52
613 -21
614 -51
615 -74
616 -50
617 -41
618 -65
619 -46
620 -65
621 -65
622 -57
623 -32
624 -27
625 -65
626 -49
627 -50
628 -65
629 -50
630 -30
631 -70
632 -65
633 -81
634 -65
635 -65
636 -78
637 -59
638 -41
639 -65
640 -49
641 -24
642 -44
643 -50
644 -50
645 -50
646 -34
647 -22
648 -38
649 -56
650 -31
651 -65
652 -65
653 -65
654 -65
655 -28
656 -65
657 -78
658 -65
659 -50
660 -42
661 -36
662 -56
663 -65
664 -55
665 -50
666 -56
667 -50
668 -56
669 -62
670 -65
671 -65
672 -39
673 -41
674 -47
675 -65
676 -31
677 -42
678 -65
679 -15
680 -73
681 -55
682 -36
683 -65
684 -52
685 -56
686 -56
687 -56
688 -50
689 -55
690 -22
691 -65
692 -42
693 -78
694 -55
695 -67
696 -41
697 -47
698 -40
699 -42
700 -50
701 -78
702 -78
703 -43
704 -42
705 -57
706 -50
707 -50
708 -78
709 -32
710 -65
711 -27
712 -48
713 -65
714 -73
715 -55
716 -50
717 -39
718 -55
719 -65
720 -65
721 -65
722 -36
723 -55
724 -65
725 -65
726 -55
727 -36
728 -19
729 -36
730 -65
731 -29
732 -65
733 -65
734 -59
735 -45
736 -65
737 -27
738 -55
739 -65
740 -65
741 -65
742 -55
743 -50
744 -55
745 -47
746 -48
747 -78
748 -65
749 -68
750 -56
751 -65
752 -78
753 -56
754 -55
755 -65
756 -37
757 -52
758 -32
759 -65
760 -15
761 -20
762 -50
763 -50
764 -33
765 -65
766 -27
767 -40
768 -55
769 -69
770 -31
771 -65
772 -21
773 -34
774 -65
775 -50
776 -55
777 -67
778 -65
779 -26
780 -36
781 -55
782 -65
783 -54
784 -65
785 -36
786 -36
787 -78
788 -50
789 -57
790 -38
791 -23
792 -50
793 -65
794 -55
795 -65
796 -56
797 -50
798 -65
799 -65
800 -49
801 -50
802 -65
803 -16
804 -51
805 -20
806 -31
807 -57
808 -41
809 -30
810 -21
811 -32
812 -50
813 -55
814 -56
815 -37
816 -78
817 -36
818 -50
819 -55
820 -46
821 -65
822 -55
823 -46
824 -97
825 -19
826 -55
827 -65
828 -36
829 -20
830 -53
831 -65
832 -55
833 -65
834 -33
835 -39
836 -62
837 -65
838 -36
839 -38
840 -41
841 -65
842 -65
843 -65
844 -55
845 -36
846 -28
847 -55
848 -65
849 -33
850 -28
851 -41
852 -31
853 -36
854 -19
855 -56
856 -37
857 -78
858 -65
859 -65
860 -16
861 -50
862 -41
863 -65
864 -65
865 -44
866 -63
867 -32
868 -50
869 -61
870 -65
871 -27
872 -62
873 -55
874 -31
875 -44
876 -42
877 -27
878 -65
879 -20
880 -65
881 -50
882 -19
883 -55
884 -55
885 -52
886 -53
887 -50
888 -50
889 -56
890 -16
891 -25
892 -46
893 -41
894 -38
895 -30
896 -65
897 -78
898 -65
899 -65
900 -37
901 -36
902 -15
903 -65
904 -50
905 -65
906 -35
907 -52
908 -34
909 -41
910 -65
911 -55
912 -36
913 -55
914 -65
915 -42
916 -55
917 -65
918 -38
919 -65
920 -50
921 -50
922 -27
923 -27
924 -44
925 -37
926 -50
927 -21
928 -65
929 -31
930 -36
931 -17
932 -50
933 -65
934 -65
935 -36
936 -70
937 -43
938 -78
939 -65
940 -65
941 -31
942 -59
943 -65
944 -39
945 -55
946 -37
947 -22
948 -65
949 -46
950 -65
951 -31
952 -78
953 -65
954 -41
955 -65
956 -36
957 -78
958 -63
959 -33
960 -70
961 -66
962 -33
963 -50
964 -26
965 -41
966 -65
967 -65
968 -48
969 -46
970 -55
971 -55
972 -65
973 -42
974 -65
975 -65
976 -65
977 -65
978 -50
979 -14
980 -57
981 -65
982 -100
983 -55
984 -36
985 -56
986 -31
987 -56
988 -36
989 -33
990 -27
991 -50
992 -78
993 -31
994 -50
995 -78
996 -53
997 -28
998 -36
999 -55
