0 -51
1 -87
2 -16
3 -16
4 -27
5 -51
6 -50
7 -72
8 -50
9 -16
10 -16
11 -27
12 -50
13 -17
14 -55
15 -20
16 -18
17 -16
18 -50
19 -33
20 -17
21 -16
22 -16
23 -50
24 -16
25 -17
26 -34
27 -42
28 -17
29 -17
30 -16
31 -50
32 -55
33 -16
34 -16
35 -19
36 -16
37 -17
38 -64
39 -50
40 -34
41 -42
42 -17
43 -16
44 -17
45 -16
46 -34
47 -55
48 -16
49 -50
50 -55
51 -17
52 -17
53 -17
54 -17
55 -56
56 -16
57 -20
58 -16
59 -17
60 -16
61 -22
62 -16
63 -17
64 -56
65 -34
66 -23
67 -27
68 -34
69 -16
70 -16
71 -17
72 -18
73 -17
74 -16
75 -21
76 -34
77 -41
78 -27
79 -55
80 -17
81 -17
82 -27
83 -17
84 -34
85 -42
86 -16
87 -17
88 -17
89 -18
90 -23
91 -42
92 -21
93 -50
94 -16
95 -40
96 -50
97 -16
98 -50
99 -34
100 -55
101 -17
102 -55
103 -23
104 -17
105 -50
106 -62
107 -51
108 -17
109 -16
110 -50
111 -50
112 -50
113 -87
114 -55
115 -24
116 -16
117 -55
118 -29
119 -16
120 -17
121 -16
122 -19
123 -42
124 -16
125 -16
126 -16
127 -50
128 -50
129 -55
130 -16
131 -51
132 -22
133 -16
134 -16
135 -21
136 -17
137 -17
138 -27
139 -42
140 -16
141 -27
142 -61
143 -34
144 -16
145 -27
146 -17
147 -24
148 -16
149 -27
150 -34
151 -34
152 -56
153 -51
154 -16
155 -16
156 -55
157 -16
158 -16
159 -55
160 -27
161 -17
162 -16
163 -16
164 -27
165 -16
166 -34
167 -16
168 -27
169 -16
170 -50
171 -16
172 -19
173 -16
174 -34
175 -55
176 -16
177 -19
178 -27
179 -16
180 -27
181 -17
182 -55
183 -42
184 -51
185 -16
186 -50
187 -17
188 -41
189 -34
190 -27
191 -55
192 -23
193 -27
194 -42
195 -50
196 -17
197 -27
198 -16
199 -55
200 -16
201 -17
202 -16
203 -17
204 -19
205 -27
206 -45
207 -55
208 -50
209 -17
210 -50
211 -17
212 -27
213 -55
214 -17
215 -50
216 -16
217 -51
218 -50
219 -17
220 -50
221 -17
222 -34
223 -17
224 -45
225 -34
226 -55
227 -17
228 -17
229 -16
230 -55
231 -16
232 -17
233 -16
234 -16
235 -34
236 -50
237 -18
238 -34
239 -16
240 -19
241 -16
242 -16
243 -27
244 -41
245 -16
246 -27
247 -27
248 -34
249 -37
250 -16
251 -34
252 -16
253 -27
254 -27
255 -16
256 -34
257 -51
258 -51
259 -34
260 -16
261 -50
262 -27
263 -17
264 -67
265 -16
266 -16
267 -17
268 -27
269 -55
270 -17
271 -42
272 -55
273 -50
274 -17
275 -19
276 -17
277 -23
278 -16
279 -16
280 -34
281 -50
282 -16
283 -58
284 -50
285 -17
286 -17
287 -55
288 -37
289 -16
290 -41
291 -22
292 -55
293 -16
294 -27
295 -27
296 -55
297 -51
298 -55
299 -17
300 -27
301 -16
302 -27
303 -34
304 -46
305 -17
306 -16
307 -17
308 -16
309 -51
310 -34
311 -50
312 -17
313 -27
314 -50
315 -28
316 -20
317 -27
318 -21
319 -34
320 -17
321 -16
322 -50
323 -34
324 -50
325 -55
326 -17
327 -50
328 -34
329 -16
330 -50
331 -50
332 -55
333 -51
334 -17
335 -27
336 -16
337 -16
338 -16
339 -17
340 -17
341 -17
342 -50
343 -34
344 -17
345 -22
346 -17
347 -27
348 -50
349 -16
350 -16
351 -30
352 -17
353 -16
354 -16
355 -17
356 -16
357 -18
358 -27
359 -16
360 -31
361 -16
362 -16
363 -59
364 -17
365 -16
366 -17
367 -50
368 -16
369 -27
370 -27
371 -17
372 -17
373 -19
374 -16
375 -34
376 -55
377 -27
378 -17
379 -50
380 -55
381 -29
382 -42
383 -27
384 -51
385 -27
386 -17
387 -34
388 -18
389 -21
390 -16
391 -16
392 -51
393 -22
394 -17
395 -23
396 -18
397 -16
398 -27
399 -17
400 -16
401 -50
402 -17
403 -16
404 -55
405 -16
406 -16
407 -55
408 -55
409 -50
410 -16
411 -16
412 -17
413 -55
414 -16
415 -17
416 -55
417 -50
418 -50
419 -42
420 -55
421 -27
422 -17
423 -27
424 -34
425 -18
426 -16
427 -17
428 -20
429 -42
430 -17
431 -16
432 -17
433 -21
434 -87
435 -27
436 -17
437 -16
438 -16
439 -27
440 -34
441 -34
442 -16
443 -16
444 -50
445 -51
446 -42
447 -33
448 -55
449 -34
450 -34
451 -50
452 -37
453 -18
454 -55
455 -17
456 -72
457 -28
458 -16
459 -16
460 -16
461 -16
462 -50
463 -27
464 -34
465 -16
466 -17
467 -50
468 -17
469 -17
470 -16
471 -34
472 -17
473 -16
474 -42
475 -51
476 -16
477 -34
478 -17
479 -18
480 -16
481 -16
482 -34
483 -16
484 -34
485 -16
486 -17
487 -16
488 -17
489 -18
490 -55
491 -16
492 -17
493 -16
494 -16
495 -27
496 -34
497 -46
498 -55
499 -17
500 -55
501 -34
502 -16
503 -50
504 -16
505 -51
506 -16
507 -16
508 -27
509 -16
510 -16
511 -87
512 -17
513 -55
514 -42
515 -51
516 -55
517 -17
518 -51
519 -27
520 -17
521 -17
522 -17
523 -50
524 -55
525 -28
526 -22
527 -34
528 -34
529 -55
530 -17
531 -17
532 -22
533 -17
534 -51
535 -16
536 -17
537 -16
538 -17
539 -50
540 -50
541 -50
542 -16
543 -16
544 -33
545 -55
546 -55
547 -16
548 -16
549 -17
550 -32
551 -55
552 -34
553 -17
554 -16
555 -55
556 -19
557 -51
558 -27
559 -55
560 -37
561 -50
562 -51
563 -27
564 -18
565 -32
566 -16
567 -17
568 -50
569 -21
570 -17
571 -22
572 -17
573 -16
574 -27
575 -17
576 -17
577 -17
578 -17
579 -16
580 -16
581 -16
582 -43
583 -23
584 -50
585 -16
586 -16
587 -17
588 -51
589 -50
590 -16
591 -34
592 -51
593 -16
594 -27
595 -16
596 -51
597 -27
598 -17
599 -18
600 -17
601 -17
602 -47
603 -34
604 -17
605 -16
606 -16
607 -27
608 -16
609 -42
610 -16
611 -16
612 -55
613 -17
614 -58
615 -16
616 -22
617 -17
618 -23
619 -16
620 -16
621 -17
622 -51
623 -34
624 -50
625 -34
626 -17
627 -27
628 -17
629 -17
630 -55
631 -27
632 -16
633 -16
634 -16
635 -22
636 -50
637 -17
638 -16
639 -27
640 -34
641 -16
642 -16
643 -17
644 -51
645 -17
646 -19
647 -34
648 -34
649 -51
650 -27
651 -50
652 -34
653 -17
654 -34
655 -55
656 -17
657 -34
658 -27
659 -34
660 -42
661 -42
662 -17
663 -16
664 -37
665 -55
666 -34
667 -55
668 -55
669 -16
670 -17
671 -55
672 -16
673 -16
674 -16
675 -17
676 -34
677 -27
678 -55
679 -16
680 -46
681 -17
682 -34
683 -34
684 -27
685 -16
686 -17
687 -24
688 -18
689 -34
690 -16
691 -16
692 -17
693 -16
694 -51
695 -34
696 -27
697 -39
698 -34
699 -16
700 -55
701 -55
702 -57
703 -16
704 -17
705 -34
706 -16
707 -16
708 -17
709 -55
710 -55
711 -19
712 -55
713 -50
714 -27
715 -17
716 -34
717 -17
718 -27
719 -18
720 -42
721 -17
722 -17
723 -35
724 -17
725 -55
726 -34
727 -17
728 -27
729 -17
730 -16
731 -17
732 -27
733 -17
734 -16
735 -16
736 -16
737 -17
738 -34
739 -64
740 -18
741 -51
742 -27
743 -55
744 -50
745 -16
746 -16
747 -16
748 -55
749 -50
750 -51
751 -17
752 -16
753 -55
754 -55
755 -17
756 -16
757 -17
758 -55
759 -55
760 -55
761 -17
762 -16
763 -52
764 -34
765 -27
766 -34
767 -17
768 -55
769 -55
770 -29
771 -34
772 -16
773 -37
774 -32
775 -47
776 -16
777 -27
778 -16
779 -16
780 -62
781 -18
782 -17
783 -27
784 -18
785 -34
786 -16
787 -27
788 -17
789 -16
790 -17
791 -16
792 -34
793 -35
794 -34
795 -27
796 -16
797 -17
798 -42
799 -19
800 -24
801 -17
802 -34
803 -27
804 -28
805 -55
806 -34
807 -51
808 -34
809 -27
810 -50
811 -16
812 -35
813 -18
814 -16
815 -16
816 -50
817 -17
818 -16
819 -16
820 -42
821 -17
822 -27
823 -17
824 -23
825 -55
826 -34
827 -27
828 -16
829 -27
830 -55
831 -34
832 -37
833 -17
834 -22
835 -50
836 -34
837 -15
838 -21
839 -17
840 -16
841 -16
842 -16
843 -33
844 -34
845 -16
846 -34
847 -16
848 -22
849 -17
850 -17
851 -16
852 -34
853 -17
854 -48
855 -16
856 -17
857 -27
858 -16
859 -17
860 -16
861 -22
862 -50
863 -17
864 -33
865 -16
866 -55
867 -16
868 -23
869 -22
870 -27
871 -27
872 -16
873 -17
874 -17
875 -27
876 -17
877 -55
878 -17
879 -19
880 -27
881 -42
882 -27
883 -23
884 -17
885 -16
886 -42
887 -34
888 -27
889 -16
890 -16
891 -16
892 -16
893 -55
894 -17
895 -16
896 -17
897 -55
898 -50
899 -42
900 -16
901 -17
902 -16
903 -16
904 -17
905 -37
906 -51
907 -50
908 -19
909 -16
910 -20
911 -42
912 -24
913 -55
914 -50
915 -50
916 -73
917 -16
918 -16
919 -17
920 -50
921 -17
922 -17
923 -16
924 -18
925 -17
926 -55
927 -16
928 -16
929 -50
930 -27
931 -19
932 -16
933 -17
934 -16
935 -27
936 -17
937 -42
938 -16
939 -23
940 -27
941 -34
942 -27
943 -51
944 -17
945 -27
946 -16
947 -16
948 -16
949 -34
950 -17
951 -17
952 -34
953 -20
954 -21
955 -25
956 -16
957 -18
958 -34
959 -34
960 -17
961 -55
962 -17
963 -16
964 -55
965 -16
966 -16
967 -22
968 -27
969 -16
970 -55
971 -16
972 -55
973 -51
974 -16
975 -34
976 -16
977 -27
978 -34
979 -16
980 -20
981 -17
982 -21
983 -17
984 -46
985 -27
986 -16
987 -55
988 -16
989 -16
990 -16
991 -50
992 -16
993 -55
994 -34
995 -17
996 -17
997 -17
998 -23
999 -27
