0 -50
1 -57
2 -56
3 -55
4 -16
5 -51
6 -24
7 -50
8 -55
9 -27
10 -24
11 -15
12 -24
13 -17
14 -24
15 -24
16 -17
17 -27
18 -24
19 -24
20 -27
21 -27
22 -51
23 -24
24 -50
25 -55
26 -16
27 -16
28 -27
29 -56
30 -16
31 -27
32 -51
33 -50
34 -50
35 -16
36 -55
37 -15
38 -16
39 -55
40 -17
41 -27
42 -55
43 -15
44 -21
45 -64
46 -24
47 -56
48 -20
49 -49
50 -51
51 -27
52 -16
53 -16
54 -27
55 -17
56 -50
57 -27
58 -17
59 -51
60 -56
61 -50
62 -16
63 -18
64 -27
65 -16
66 -55
67 -24
68 -16
69 -16
70 -50
71 -16
72 -55
73 -56
74 -16
75 -27
76 -55
77 -24
78 -51
79 -56
80 -16
81 -51
82 -15
83 -55
84 -16
85 -17
86 -15
87 -24
88 -17
89 -27
90 -15
91 -16
92 -16
93 -27
94 -92
95 -56
96 -55
97 -56
98 -60
99 -16
100 -16
101 -16
102 -27
103 -16
104 -24
105 -56
106 -17
107 -16
108 -24
109 -27
110 -56
111 -56
112 -50
113 -16
114 -16
115 -24
116 -56
117 -50
118 -55
119 -16
120 -16
121 -51
122 -56
123 -17
124 -55
125 -56
126 -24
127 -55
128 -64
129 -20
130 -24
131 -50
132 -24
133 -17
134 -16
135 -55
136 -56
137 -62
138 -16
139 -27
140 -16
141 -16
142 -17
143 -51
144 -23
145 -16
146 -16
147 -17
148 -17
149 -16
150 -17
151 -51
152 -50
153 -51
154 -16
155 -16
156 -51
157 -17
158 -15
159 -56
160 -24
161 -55
162 -15
163 -16
164 -16
165 -27
166 -27
167 -50
168 -27
169 -16
170 -23
171 -17
172 -27
173 -16
174 -51
175 -56
176 -16
177 -27
178 -19
179 -16
180 -16
181 -56
182 -59
183 -15
184 -17
185 -16
186 -50
187 -15
188 -16
189 -51
190 -55
191 -24
192 -24
193 -27
194 -17
195 -17
196 -56
197 -16
198 -16
199 -15
200 -51
201 -50
202 -66
203 -16
204 -16
205 -16
206 -55
207 -56
208 -16
209 -16
210 -27
211 -27
212 -55
213 -16
214 -16
215 -17
216 -55
217 -27
218 -17
219 -76
220 -15
221 -27
222 -56
223 -16
224 -16
225 -27
226 -16
227 -15
228 -56
229 -24
230 -24
231 -24
232 -55
233 -27
234 -51
235 -15
236 -55
237 -15
238 -16
239 -16
240 -16
241 -27
242 -16
243 -15
244 -16
245 -28
246 -17
247 -17
248 -24
249 -56
250 -56
251 -56
252 -55
253 -17
254 -16
255 -16
256 -16
257 -24
258 -27
259 -15
260 -55
261 -19
262 -17
263 -16
264 -15
265 -16
266 -17
267 -16
268 -24
269 -16
270 -15
271 -17
272 -51
273 -16
274 -29
275 -50
276 -56
277 -16
278 -24
279 -17
280 -15
281 -55
282 -16
283 -16
284 -16
285 -16
286 -16
287 -27
288 -17
289 -59
290 -25
291 -51
292 -15
293 -22
294 -24
295 -24
296 -17
297 -16
298 -16
299 -24
300 -55
301 -17
302 -15
303 -16
304 -51
305 -17
306 -55
307 -16
308 -16
309 -17
310 -55
311 -92
312 -16
313 -16
314 -56
315 -16
316 -50
317 -16
318 -27
319 -27
320 -27
321 -16
322 -56
323 -24
324 -32
325 -17
326 -16
327 -24
328 -60
329 -16
330 -17
331 -16
332 -17
333 -16
334 -15
335 -27
336 -16
337 -16
338 -51
339 -50
340 -16
341 -27
342 -27
343 -16
344 -17
345 -24
346 -24
347 -55
348 -15
349 -56
350 -51
351 -17
352 -24
353 -56
354 -41
355 -15
356 -50
357 -56
358 -16
359 -20
360 -16
361 -24
362 -24
363 -16
364 -20
365 -16
366 -50
367 -51
368 -56
369 -16
370 -51
371 -27
372 -16
373 -67
374 -50
375 -55
376 -51
377 -24
378 -51
379 -16
380 -51
381 -24
382 -24
383 -27
384 -55
385 -15
386 -56
387 -24
388 -50
389 -24
390 -24
391 -50
392 -16
393 -15
394 -16
395 -55
396 -16
397 -50
398 -27
399 -17
400 -16
401 -77
402 -21
403 -31
404 -16
405 -17
406 -51
407 -16
408 -51
409 -51
410 -50
411 -16
412 -55
413 -56
414 -17
415 -17
416 -16
417 -51
418 -55
419 -16
420 -51
421 -51
422 -24
423 -24
424 -16
425 -27
426 -30
427 -17
428 -15
429 -27
430 -16
431 -56
432 -17
433 -15
434 -27
435 -51
436 -51
437 -16
438 -16
439 -17
440 -16
441 -27
442 -56
443 -17
444 -16
445 -17
446 -15
447 -27
448 -16
449 -15
450 -18
451 -27
452 -51
453 -51
454 -55
455 -16
456 -51
457 -17
458 -17
459 -16
460 -15
461 -16
462 -43
463 -50
464 -27
465 -16
466 -27
467 -24
468 -24
469 -17
470 -21
471 -16
472 -16
473 -24
474 -17
475 -50
476 -51
477 -27
478 -60
479 -15
480 -16
481 -15
482 -16
483 -16
484 -16
485 -20
486 -27
487 -15
488 -51
489 -16
490 -24
491 -16
492 -56
493 -16
494 -15
495 -55
496 -16
497 -15
498 -17
499 -56
500 -55
501 -51
502 -56
503 -15
504 -22
505 -27
506 -16
507 -16
508 -15
509 -55
510 -51
511 -37
512 -24
513 -16
514 -21
515 -16
516 -51
517 -24
518 -15
519 -55
520 -27
521 -24
522 -37
523 -50
524 -16
525 -51
526 -56
527 -27
528 -24
529 -50
530 -55
531 -15
532 -27
533 -40
534 -55
535 -56
536 -15
537 -17
538 -50
539 -16
540 -27
541 -55
542 -55
543 -51
544 -16
545 -50
546 -16
547 -50
548 -17
549 -51
550 -55
551 -27
552 -50
553 -51
554 -18
555 -24
556 -24
557 -17
558 -51
559 -82
560 -27
561 -27
562 -15
563 -20
564 -57
565 -27
566 -56
567 -15
568 -17
569 -24
570 -27
571 -17
572 -50
573 -40
574 -17
575 -55
576 -24
577 -27
578 -15
579 -56
580 -16
581 -17
582 -56
583 -16
584 -50
585 -16
586 -27
587 -16
588 -16
589 -51
590 -50
591 -56
592 -16
593 -15
594 -17
595 -16
596 -16
597 -15
598 -16
599 -17
600 -24
601 -24
602 -15
603 -24
604 -51
605 -21
606 -16
607 -51
608 -50
609 -67
610 -16
611 -16
612 -17
613 -56
614 -16
615 -32
616 -46
617 -27
618 -16
619 -17
620 -16
621 -56
622 -16
623 -42
624 -16
625 -16
626 -27
627 -56
628 -16
629 -16
630 -24
631 -17
632 -51
633 -16
634 -55
635 -17
636 -55
637 -56
638 -16
639 -17
640 -15
641 -55
642 -56
643 -17
644 -16
645 -56
646 -16
647 -17
648 -50
649 -16
650 -24
651 -24
652 -24
653 -17
654 -37
655 -24
656 -15
657 -16
658 -17
659 -51
660 -16
661 -17
662 -24
663 -16
664 -15
665 -92
666 -16
667 -56
668 -56
669 -72
670 -16
671 -27
672 -56
673 -24
674 -27
675 -24
676 -16
677 -16
678 -51
679 -55
680 -55
681 -16
682 -21
683 -16
684 -25
685 -27
686 -27
687 -50
688 -16
689 -37
690 -51
691 -51
692 -17
693 -55
694 -15
695 -51
696 -15
697 -16
698 -50
699 -27
700 -24
701 -50
702 -16
703 -35
704 -15
705 -16
706 -16
707 -50
708 -16
709 -27
710 -16
711 -16
712 -56
713 -55
714 -16
715 -17
716 -24
717 -16
718 -51
719 -16
720 -24
721 -27
722 -55
723 -56
724 -15
725 -24
726 -16
727 -17
728 -56
729 -24
730 -16
731 -19
732 -60
733 -55
734 -16
735 -50
736 -19
737 -15
738 -16
739 -16
740 -27
741 -17
742 -17
743 -27
744 -24
745 -16
746 -50
747 -16
748 -17
749 -51
750 -16
751 -16
752 -16
753 -16
754 -24
755 -50
756 -17
757 -16
758 -17
759 -17
760 -55
761 -50
762 -24
763 -51
764 -24
765 -38
766 -17
767 -17
768 -16
769 -16
770 -56
771 -56
772 -51
773 -23
774 -16
775 -16
776 -24
777 -16
778 -16
779 -27
780 -51
781 -24
782 -51
783 -55
784 -24
785 -16
786 -15
787 -17
788 -21
789 -51
790 -50
791 -16
792 -27
793 -16
794 -17
795 -16
796 -16
797 -50
798 -15
799 -16
800 -27
801 -51
802 -16
803 -17
804 -50
805 -16
806 -17
807 -17
808 -55
809 -16
810 -56
811 -51
812 -56
813 -50
814 -51
815 -16
816 -56
817 -16
818 -51
819 -24
820 -16
821 -27
822 -17
823 -55
824 -19
825 -24
826 -50
827 -55
828 -20
829 -56
830 -16
831 -17
832 -24
833 -62
834 -56
835 -17
836 -16
837 -16
838 -52
839 -15
840 -51
841 -27
842 -16
843 -51
844 -24
845 -51
846 -56
847 -16
848 -50
849 -16
850 -16
851 -56
852 -16
853 -55
854 -27
855 -51
856 -15
857 -16
858 -27
859 -15
860 -56
861 -51
862 -16
863 -27
864 -51
865 -56
866 -55
867 -45
868 -27
869 -16
870 -55
871 -56
872 -24
873 -16
874 -24
875 -20
876 -17
877 -16
878 -27
879 -17
880 -51
881 -27
882 -55
883 -29
884 -50
885 -17
886 -56
887 -24
888 -16
889 -27
890 -16
891 -17
892 -56
893 -24
894 -15
895 -87
896 -15
897 -52
898 -27
899 -27
900 -16
901 -27
902 -50
903 -16
904 -56
905 -15
906 -56
907 -51
908 -17
909 -50
910 -15
911 -24
912 -51
913 -50
914 -27
915 -50
916 -51
917 -16
918 -56
919 -50
920 -46
921 -51
922 -15
923 -55
924 -16
925 -16
926 -59
927 -51
928 -55
929 -16
930 -27
931 -16
932 -15
933 -27
934 -17
935 -17
936 -16
937 -16
938 -55
939 -17
940 -56
941 -16
942 -16
943 -27
944 -16
945 -16
946 -16
947 -55
948 -51
949 -33
950 -16
951 -17
952 -15
953 -17
954 -24
955 -15
956 -51
957 -55
958 -51
959 -15
960 -16
961 -59
962 -27
963 -17
964 -24
965 -50
966 -57
967 -32
968 -15
969 -51
970 -17
971 -16
972 -50
973 -16
974 -27
975 -50
976 -15
977 -55
978 -50
979 -66
980 -15
981 -50
982 -15
983 -56
984 -24
985 -16
986 -50
987 -16
988 -51
989 -16
990 -16
991 -15
992 -46
993 -51
994 -55
995 -16
996 -24
997 -55
998 -50
999 -55
