0 -16
1 -25
2 -27
3 -16
4 -24
5 -57
6 -32
7 -32
8 -33
9 -57
10 -54
11 -55
12 -31
13 -33
14 -16
15 -27
16 -34
17 -50
18 -50
19 -54
20 -50
21 -33
22 -16
23 -60
24 -52
25 -17
26 -33
27 -16
28 -16
29 -59
30 -32
31 -57
32 -16
33 -32
34 -24
35 -27
36 -52
37 -57
38 -33
39 -50
40 -50
41 -27
42 -16
43 -17
44 -50
45 -16
46 -16
47 -33
48 -57
49 -27
50 -17
51 -57
52 -16
53 -33
54 -16
55 -57
56 -16
57 -33
58 -23
59 -16
60 -16
61 -55
62 -32
63 -55
64 -55
65 -32
66 -34
67 -50
68 -16
69 -16
70 -57
71 -57
72 -16
73 -16
74 -27
75 -61
76 -32
77 -24
78 -55
79 -16
80 -27
81 -27
82 -17
83 -16
84 -57
85 -24
86 -33
87 -55
88 -17
89 -27
90 -17
91 -16
92 -16
93 -61
94 -24
95 -16
96 -57
97 -17
98 -23
99 -16
100 -28
101 -33
102 -16
103 -50
104 -24
105 -16
106 -27
107 -32
108 -32
109 -16
110 -27
111 -16
112 -24
113 -33
114 -32
115 -77
116 -32
117 -19
118 -32
119 -27
120 -55
121 -55
122 -17
123 -16
124 -16
125 -17
126 -32
127 -16
128 -24
129 -24
130 -73
131 -16
132 -16
133 -32
134 -33
135 -24
136 -16
137 -33
138 -57
139 -27
140 -48
141 -24
142 -55
143 -55
144 -17
145 -27
146 -62
147 -16
148 -27
149 -55
150 -57
151 -24
152 -57
153 -50
154 -32
155 -32
156 -16
157 -27
158 -33
159 -27
160 -32
161 -33
162 -19
163 -17
164 -33
165 -16
166 -55
167 -16
168 -16
169 -16
170 -33
171 -56
172 -50
173 -32
174 -32
175 -27
176 -16
177 -33
178 -50
179 -24
180 -50
181 -50
182 -33
183 -27
184 -55
185 -16
186 -32
187 -24
188 -16
189 -57
190 -27
191 -18
192 -61
193 -18
194 -16
195 -16
196 -16
197 -36
198 -33
199 -33
200 -33
201 -16
202 -24
203 -32
204 -32
205 -16
206 -16
207 -55
208 -32
209 -57
210 -32
211 -50
212 -57
213 -55
214 -22
215 -32
216 -55
217 -16
218 -50
219 -17
220 -16
221 -27
222 -16
223 -58
224 -57
225 -55
226 -16
227 -54
228 -16
229 -32
230 -44
231 -16
232 -19
233 -16
234 -57
235 -55
236 -27
237 -57
238 -55
239 -27
240 -27
241 -17
242 -57
243 -19
244 -16
245 -57
246 -27
247 -50
248 -24
249 -32
250 -65
251 -17
252 -50
253 -55
254 -16
255 -32
256 -57
257 -50
258 -39
259 -50
260 -27
261 -32
262 -50
263 -32
264 -16
265 -17
266 -24
267 -50
268 -16
269 -50
270 -41
271 -17
272 -51
273 -50
274 -57
275 -55
276 -57
277 -50
278 -50
279 -55
280 -33
281 -32
282 -24
283 -16
284 -24
285 -16
286 -35
287 -55
288 -50
289 -16
290 -17
291 -36
292 -16
293 -33
294 -16
295 -24
296 -16
297 -27
298 -55
299 -50
300 -16
301 -57
302 -55
303 -17
304 -24
305 -16
306 -50
307 -27
308 -41
309 -27
310 -24
311 -16
312 -33
313 -33
314 -50
315 -20
316 -32
317 -16
318 -16
319 -57
320 -16
321 -16
322 -70
323 -27
324 -50
325 -43
326 -16
327 -17
328 -24
329 -57
330 -75
331 -57
332 -49
333 -33
334 -16
335 -18
336 -33
337 -17
338 -32
339 -50
340 -55
341 -55
342 -16
343 -16
344 -27
345 -32
346 -50
347 -55
348 -57
349 -55
350 -24
351 -27
352 -32
353 -18
354 -55
355 -33
356 -16
357 -16
358 -16
359 -17
360 -16
361 -22
362 -27
363 -32
364 -16
365 -27
366 -16
367 -55
368 -27
369 -55
370 -16
371 -42
372 -32
373 -16
374 -16
375 -59
376 -20
377 -55
378 -33
379 -92
380 -64
381 -27
382 -50
383 -32
384 -27
385 -27
386 -24
387 -16
388 -24
389 -55
390 -16
391 -57
392 -57
393 -25
394 -32
395 -27
396 -27
397 -17
398 -45
399 -57
400 -17
401 -55
402 -17
403 -17
404 -57
405 -32
406 -17
407 -16
408 -54
409 -55
410 -21
411 -18
412 -32
413 -50
414 -57
415 -16
416 -18
417 -33
418 -50
419 -16
420 -24
421 -33
422 -17
423 -27
424 -16
425 -16
426 -16
427 -57
428 -17
429 -24
430 -50
431 -57
432 -27
433 -24
434 -32
435 -24
436 -55
437 -16
438 -27
439 -16
440 -16
441 -27
442 -21
443 -17
444 -32
445 -33
446 -55
447 -16
448 -33
449 -82
450 -24
451 -27
452 -16
453 -33
454 -16
455 -16
456 -24
457 -57
458 -17
459 -17
460 -27
461 -55
462 -25
463 -33
464 -55
465 -57
466 -24
467 -16
468 -16
469 -16
470 -16
471 -33
472 -16
473 -32
474 -27
475 -59
476 -16
477 -27
478 -27
479 -33
480 -32
481 -17
482 -55
483 -32
484 -50
485 -57
486 -55
487 -17
488 -24
489 -33
490 -57
491 -27
492 -57
493 -16
494 -24
495 -32
496 -57
497 -24
498 -27
499 -27
500 -57
501 -16
502 -24
503 -16
504 -32
505 -55
506 -33
507 -33
508 -27
509 -32
510 -16
511 -17
512 -55
513 -27
514 -33
515 -55
516 -27
517 -32
518 -16
519 -41
520 -16
521 -50
522 -16
523 -24
524 -16
525 -16
526 -16
527 -17
528 -23
529 -50
530 -33
531 -16
532 -27
533 -21
534 -55
535 -16
536 -16
537 -24
538 -82
539 -50
540 -17
541 -27
542 -32
543 -32
544 -55
545 -24
546 -17
547 -50
548 -16
549 -27
550 -16
551 -16
552 -18
553 -55
554 -16
555 -20
556 -58
557 -55
558 -32
559 -16
560 -57
561 -27
562 -17
563 -27
564 -32
565 -27
566 -16
567 -27
568 -55
569 -17
570 -49
571 -17
572 -24
573 -32
574 -32
575 -16
576 -17
577 -17
578 -32
579 -57
580 -27
581 -24
582 -16
583 -55
584 -57
585 -57
586 -17
587 -32
588 -32
589 -17
590 -33
591 -57
592 -33
593 -33
594 -24
595 -57
596 -57
597 -50
598 -24
599 -16
600 -17
601 -33
602 -59
603 -27
604 -32
605 -16
606 -33
607 -66
608 -27
609 -17
610 -16
611 -24
612 -24
613 -55
614 -49
615 -33
616 -32
617 -16
618 -16
619 -33
620 -16
621 -27
622 -50
623 -16
624 -16
625 -50
626 -16
627 -52
628 -16
629 -55
630 -16
631 -50
632 -16
633 -16
634 -27
635 -33
636 -37
637 -32
638 -55
639 -24
640 -32
641 -24
642 -16
643 -33
644 -32
645 -24
646 -16
647 -32
648 -17
649 -55
650 -24
651 -17
652 -57
653 -32
654 -16
655 -32
656 -16
657 -32
658 -33
659 -57
660 -57
661 -16
662 -55
663 -17
664 -32
665 -27
666 -50
667 -16
668 -24
669 -32
670 -57
671 -32
672 -16
673 -16
674 -32
675 -18
676 -55
677 -16
678 -50
679 -21
680 -16
681 -17
682 -32
683 -24
684 -24
685 -33
686 -55
687 -32
688 -16
689 -27
690 -27
691 -16
692 -16
693 -17
694 -55
695 -32
696 -16
697 -16
698 -16
699 -32
700 -16
701 -16
702 -50
703 -55
704 -32
705 -24
706 -17
707 -32
708 -25
709 -33
710 -32
711 -16
712 -16
713 -23
714 -16
715 -50
716 -55
717 -24
718 -32
719 -50
720 -33
721 -27
722 -57
723 -16
724 -16
725 -17
726 -50
727 -16
728 -20
729 -16
730 -55
731 -16
732 -16
733 -27
734 -16
735 -16
736 -55
737 -16
738 -55
739 -17
740 -55
741 -32
742 -16
743 -32
744 -50
745 -57
746 -16
747 -55
748 -55
749 -16
750 -27
751 -50
752 -24
753 -50
754 -27
755 -16
756 -17
757 -16
758 -16
759 -32
760 -16
761 -33
762 -32
763 -55
764 -27
765 -29
766 -27
767 -32
768 -33
769 -16
770 -16
771 -16
772 -35
773 -24
774 -16
775 -27
776 -24
777 -24
778 -27
779 -16
780 -17
781 -57
782 -55
783 -33
784 -40
785 -32
786 -57
787 -33
788 -27
789 -50
790 -33
791 -50
792 -59
793 -16
794 -50
795 -57
796 -16
797 -32
798 -70
799 -18
800 -16
801 -16
802 -55
803 -16
804 -57
805 -16
806 -24
807 -16
808 -55
809 -16
810 -16
811 -24
812 -16
813 -16
814 -55
815 -16
816 -16
817 -16
818 -27
819 -27
820 -32
821 -16
822 -32
823 -16
824 -50
825 -19
826 -27
827 -17
828 -50
829 -16
830 -32
831 -16
832 -16
833 -32
834 -33
835 -17
836 -55
837 -57
838 -57
839 -24
840 -55
841 -55
842 -55
843 -17
844 -57
845 -55
846 -37
847 -16
848 -82
849 -24
850 -69
851 -48
852 -50
853 -50
854 -33
855 -16
856 -27
857 -55
858 -57
859 -16
860 -15
861 -33
862 -32
863 -17
864 -21
865 -16
866 -16
867 -16
868 -67
869 -27
870 -33
871 -24
872 -50
873 -16
874 -16
875 -38
876 -24
877 -54
878 -17
879 -27
880 -16
881 -32
882 -16
883 -24
884 -39
885 -32
886 -16
887 -24
888 -17
889 -16
890 -59
891 -27
892 -24
893 -24
894 -27
895 -16
896 -27
897 -66
898 -16
899 -57
900 -40
901 -16
902 -55
903 -16
904 -16
905 -24
906 -16
907 -33
908 -57
909 -17
910 -24
911 -87
912 -57
913 -16
914 -50
915 -50
916 -41
917 -57
918 -24
919 -27
920 -16
921 -17
922 -24
923 -16
924 -50
925 -57
926 -17
927 -33
928 -33
929 -16
930 -55
931 -16
932 -50
933 -24
934 -17
935 -16
936 -27
937 -94
938 -24
939 -57
940 -52
941 -17
942 -27
943 -40
944 -24
945 -50
946 -16
947 -24
948 -16
949 -33
950 -32
951 -16
952 -16
953 -16
954 -50
955 -24
956 -33
957 -27
958 -24
959 -55
960 -33
961 -29
962 -55
963 -33
964 -19
965 -17
966 -57
967 -24
968 -55
969 -32
970 -16
971 -57
972 -24
973 -27
974 -50
975 -17
976 -57
977 -64
978 -55
979 -17
980 -17
981 -16
982 -33
983 -16
984 -24
985 -16
986 -27
987 -33
988 -50
989 -33
990 -24
991 -55
992 -17
993 -16
994 -16
995 -60
996 -16
997 -37
998 -33
999 -23
