0 -50
1 -17
2 -55
3 -16
4 -55
5 -16
6 -34
7 -68
8 -34
9 -48
10 -41
11 -27
12 -48
13 -17
14 -16
15 -16
16 -27
17 -48
18 -16
19 -27
20 -17
21 -51
22 -48
23 -48
24 -27
25 -48
26 -33
27 -17
28 -55
29 -51
30 -17
31 -51
32 -51
33 -48
34 -65
35 -48
36 -41
37 -16
38 -16
39 -16
40 -16
41 -34
42 -41
43 -16
44 -48
45 -16
46 -55
47 -16
48 -55
49 -48
50 -27
51 -50
52 -16
53 -17
54 -82
55 -48
56 -16
57 -16
58 -16
59 -23
60 -67
61 -50
62 -16
63 -16
64 -17
65 -36
66 -16
67 -51
68 -50
69 -48
70 -27
71 -55
72 -51
73 -27
74 -34
75 -51
76 -23
77 -16
78 -16
79 -51
80 -17
81 -55
82 -41
83 -26
84 -55
85 -47
86 -17
87 -50
88 -16
89 -50
90 -50
91 -48
92 -41
93 -16
94 -16
95 -50
96 -41
97 -51
98 -41
99 -17
100 -16
101 -50
102 -55
103 -16
104 -34
105 -55
106 -16
107 -16
108 -41
109 -27
110 -17
111 -55
112 -55
113 -48
114 -34
115 -41
116 -41
117 -43
118 -16
119 -41
120 -48
121 -17
122 -50
123 -46
124 -16
125 -48
126 -41
127 -51
128 -27
129 -16
130 -39
131 -16
132 -52
133 -16
134 -34
135 -16
136 -41
137 -17
138 -34
139 -34
140 -16
141 -27
142 -41
143 -16
144 -48
145 -55
146 -50
147 -34
148 -34
149 -41
150 -41
151 -48
152 -34
153 -50
154 -34
155 -51
156 -34
157 -48
158 -34
159 -50
160 -50
161 -16
162 -48
163 -55
164 -16
165 -16
166 -51
167 -16
168 -55
169 -16
170 -34
171 -27
172 -34
173 -16
174 -27
175 -34
176 -51
177 -51
178 -55
179 -51
180 -27
181 -16
182 -16
183 -34
184 -51
185 -55
186 -34
187 -27
188 -34
189 -55
190 -48
191 -85
192 -41
193 -71
194 -16
195 -17
196 -16
197 -41
198 -48
199 -48
200 -16
201 -87
202 -20
203 -16
204 -22
205 -16
206 -17
207 -16
208 -48
209 -16
210 -16
211 -50
212 -48
213 -51
214 -55
215 -50
216 -17
217 -27
218 -16
219 -16
220 -16
221 -34
222 -16
223 -50
224 -42
225 -27
226 -17
227 -34
228 -48
229 -25
230 -55
231 -48
232 -55
233 -16
234 -16
235 -16
236 -17
237 -34
238 -41
239 -16
240 -16
241 -27
242 -16
243 -20
244 -27
245 -34
246 -50
247 -17
248 -38
249 -51
250 -41
251 -34
252 -19
253 -41
254 -51
255 -50
256 -16
257 -48
258 -17
259 -34
260 -16
261 -17
262 -17
263 -27
264 -27
265 -27
266 -55
267 -16
268 -55
269 -16
270 -48
271 -51
272 -27
273 -16
274 -27
275 -27
276 -16
277 -27
278 -61
279 -51
280 -16
281 -50
282 -16
283 -41
284 -41
285 -16
286 -16
287 -16
288 -55
289 -27
290 -51
291 -17
292 -41
293 -55
294 -48
295 -27
296 -16
297 -50
298 -51
299 -16
300 -48
301 -34
302 -27
303 -48
304 -50
305 -16
306 -55
307 -35
308 -17
309 -27
310 -41
311 -51
312 -16
313 -23
314 -48
315 -16
316 -17
317 -16
318 -51
319 -16
320 -41
321 -46
322 -71
323 -16
324 -51
325 -50
326 -16
327 -34
328 -48
329 -50
330 -48
331 -34
332 -17
333 -48
334 -34
335 -34
336 -48
337 -17
338 -55
339 -51
340 -16
341 -41
342 -51
343 -16
344 -50
345 -34
346 -16
347 -50
348 -55
349 -17
350 -27
351 -27
352 -50
353 -59
354 -16
355 -17
356 -48
357 -48
358 -50
359 -34
360 -17
361 -34
362 -59
363 -51
364 -41
365 -55
366 -16
367 -51
368 -16
369 -41
370 -41
371 -16
372 -27
373 -17
374 -20
375 -55
376 -34
377 -17
378 -16
379 -55
380 -17
381 -55
382 -41
383 -16
384 -51
385 -41
386 -41
387 -16
388 -41
389 -27
390 -51
391 -16
392 -55
393 -34
394 -50
395 -48
396 -27
397 -27
398 -51
399 -55
400 -21
401 -16
402 -17
403 -50
404 -51
405 -16
406 -27
407 -16
408 -50
409 -34
410 -55
411 -27
412 -16
413 -41
414 -41
415 -48
416 -41
417 -48
418 -48
419 -55
420 -34
421 -34
422 -16
423 -20
424 -29
425 -16
426 -16
427 -34
428 -16
429 -17
430 -55
431 -16
432 -27
433 -16
434 -17
435 -55
436 -34
437 -16
438 -27
439 -27
440 -34
441 -16
442 -88
443 -22
444 -17
445 -50
446 -57
447 -16
448 -55
449 -16
450 -16
451 -50
452 -55
453 -51
454 -27
455 -48
456 -54
457 -16
458 -27
459 -16
460 -48
461 -74
462 -41
463 -50
464 -24
465 -34
466 -16
467 -27
468 -24
469 -17
470 -16
471 -50
472 -41
473 -50
474 -16
475 -41
476 -51
477 -51
478 -55
479 -51
480 -50
481 -16
482 -17
483 -16
484 -33
485 -55
486 -50
487 -56
488 -55
489 -57
490 -48
491 -16
492 -55
493 -15
494 -27
495 -16
496 -41
497 -30
498 -16
499 -16
500 -55
501 -34
502 -16
503 -50
504 -34
505 -27
506 -17
507 -41
508 -50
509 -87
510 -41
511 -50
512 -55
513 -17
514 -16
515 -34
516 -50
517 -27
518 -55
519 -16
520 -48
521 -55
522 -16
523 -17
524 -27
525 -48
526 -16
527 -16
528 -16
529 -41
530 -29
531 -48
532 -16
533 -17
534 -16
535 -55
536 -48
537 -41
538 -27
539 -16
540 -56
541 -41
542 -50
543 -17
544 -41
545 -50
546 -27
547 -51
548 -17
549 -51
550 -27
551 -16
552 -16
553 -41
554 -16
555 -34
556 -17
557 -92
558 -41
559 -51
560 -41
561 -50
562 -50
563 -50
564 -16
565 -50
566 -61
567 -55
568 -55
569 -48
570 -27
571 -16
572 -41
573 -48
574 -48
575 -16
576 -27
577 -55
578 -48
579 -48
580 -17
581 -17
582 -27
583 -34
584 -16
585 -27
586 -34
587 -51
588 -21
589 -42
590 -16
591 -55
592 -41
593 -55
594 -34
595 -27
596 -17
597 -50
598 -41
599 -16
600 -55
601 -16
602 -17
603 -55
604 -17
605 -48
606 -16
607 -16
608 -48
609 -17
610 -16
611 -17
612 -16
613 -16
614 -51
615 -48
616 -48
617 -50
618 -16
619 -51
620 -51
621 -48
622 -16
623 -51
624 -17
625 -50
626 -41
627 -51
628 -34
629 -41
630 -50
631 -55
632 -50
633 -33
634 -16
635 -34
636 -48
637 -16
638 -27
639 -16
640 -16
641 -16
642 -48
643 -41
644 -17
645 -16
646 -27
647 -41
648 -26
649 -41
650 -27
651 -17
652 -16
653 -41
654 -16
655 -27
656 -16
657 -27
658 -50
659 -16
660 -50
661 -17
662 -41
663 -27
664 -27
665 -16
666 -16
667 -16
668 -50
669 -17
670 -16
671 -51
672 -55
673 -16
674 -27
675 -41
676 -41
677 -34
678 -34
679 -17
680 -58
681 -51
682 -51
683 -17
684 -55
685 -34
686 -34
687 -51
688 -16
689 -50
690 -27
691 -34
692 -16
693 -27
694 -19
695 -16
696 -16
697 -51
698 -16
699 -48
700 -17
701 -41
702 -48
703 -36
704 -50
705 -41
706 -50
707 -41
708 -37
709 -51
710 -55
711 -51
712 -50
713 -27
714 -87
715 -27
716 -41
717 -51
718 -48
719 -27
720 -48
721 -51
722 -16
723 -50
724 -16
725 -17
726 -17
727 -27
728 -72
729 -20
730 -34
731 -41
732 -34
733 -55
734 -27
735 -34
736 -51
737 -17
738 -48
739 -41
740 -16
741 -50
742 -50
743 -24
744 -17
745 -17
746 -51
747 -55
748 -16
749 -48
750 -48
751 -51
752 -17
753 -55
754 -34
755 -55
756 -16
757 -16
758 -41
759 -48
760 -51
761 -53
762 -34
763 -17
764 -48
765 -17
766 -41
767 -16
768 -41
769 -34
770 -41
771 -55
772 -48
773 -41
774 -17
775 -34
776 -16
777 -16
778 -50
779 -48
780 -16
781 -53
782 -17
783 -16
784 -34
785 -51
786 -55
787 -34
788 -16
789 -34
790 -50
791 -16
792 -51
793 -16
794 -16
795 -55
796 -16
797 -16
798 -72
799 -17
800 -41
801 -27
802 -55
803 -34
804 -34
805 -17
806 -51
807 -34
808 -16
809 -16
810 -34
811 -16
812 -16
813 -27
814 -50
815 -41
816 -27
817 -34
818 -16
819 -50
820 -46
821 -48
822 -51
823 -50
824 -17
825 -48
826 -16
827 -16
828 -17
829 -51
830 -20
831 -16
832 -16
833 -51
834 -16
835 -17
836 -16
837 -50
838 -48
839 -41
840 -16
841 -51
842 -16
843 -16
844 -16
845 -16
846 -23
847 -41
848 -48
849 -17
850 -17
851 -16
852 -51
853 -27
854 -16
855 -50
856 -48
857 -34
858 -17
859 -27
860 -34
861 -16
862 -16
863 -17
864 -69
865 -26
866 -16
867 -80
868 -55
869 -16
870 -48
871 -36
872 -50
873 -55
874 -17
875 -16
876 -51
877 -51
878 -16
879 -48
880 -16
881 -50
882 -51
883 -50
884 -55
885 -17
886 -27
887 -17
888 -41
889 -34
890 -16
891 -50
892 -16
893 -41
894 -55
895 -51
896 -48
897 -55
898 -16
899 -16
900 -50
901 -16
902 -51
903 -41
904 -16
905 -16
906 -71
907 -16
908 -17
909 -16
910 -50
911 -17
912 -48
913 -27
914 -51
915 -27
916 -51
917 -27
918 -16
919 -16
920 -32
921 -16
922 -16
923 -55
924 -45
925 -34
926 -41
927 -34
928 -55
929 -51
930 -16
931 -27
932 -16
933 -32
934 -48
935 -17
936 -87
937 -34
938 -48
939 -41
940 -17
941 -48
942 -41
943 -16
944 -16
945 -16
946 -16
947 -55
948 -16
949 -48
950 -16
951 -48
952 -34
953 -41
954 -34
955 -27
956 -23
957 -16
958 -50
959 -27
960 -27
961 -26
962 -55
963 -48
964 -34
965 -16
966 -17
967 -27
968 -16
969 -55
970 -41
971 -50
972 -55
973 -16
974 -27
975 -16
976 -16
977 -48
978 -17
979 -55
980 -50
981 -55
982 -51
983 -16
984 -41
985 -51
986 -48
987 -35
988 -16
989 -55
990 -16
991 -16
992 -16
993 -16
994 -50
995 -17
996 -34
997 -55
998 -48
999 -34
