0 -17
1 -50
2 -16
3 -50
4 -55
5 -17
6 -27
7 -16
8 -43
9 -16
10 -16
11 -22
12 -24
13 -51
14 -27
15 -24
16 -55
17 -24
18 -27
19 -17
20 -17
21 -16
22 -35
23 -16
24 -50
25 -51
26 -55
27 -27
28 -35
29 -31
30 -16
31 -51
32 -55
33 -17
34 -50
35 -35
36 -27
37 -16
38 -17
39 -16
40 -27
41 -16
42 -16
43 -27
44 -16
45 -51
46 -43
47 -51
48 -25
49 -16
50 -41
51 -51
52 -50
53 -17
54 -82
55 -50
56 -35
57 -50
58 -51
59 -60
60 -17
61 -16
62 -27
63 -16
64 -17
65 -55
66 -35
67 -16
68 -51
69 -27
70 -16
71 -51
72 -24
73 -16
74 -16
75 -16
76 -16
77 -27
78 -16
79 -27
80 -50
81 -50
82 -16
83 -46
84 -50
85 -16
86 -35
87 -27
88 -17
89 -35
90 -17
91 -16
92 -50
93 -60
94 -16
95 -51
96 -17
97 -27
98 -50
99 -27
100 -55
101 -17
102 -27
103 -27
104 -16
105 -35
106 -35
107 -55
108 -16
109 -16
110 -35
111 -16
112 -27
113 -27
114 -17
115 -55
116 -17
117 -24
118 -55
119 -55
120 -16
121 -24
122 -16
123 -16
124 -27
125 -17
126 -17
127 -24
128 -35
129 -16
130 -27
131 -55
132 -55
133 -16
134 -51
135 -24
136 -24
137 -35
138 -16
139 -35
140 -55
141 -17
142 -27
143 -27
144 -16
145 -59
146 -16
147 -16
148 -27
149 -16
150 -24
151 -27
152 -51
153 -16
154 -43
155 -19
156 -27
157 -24
158 -55
159 -24
160 -27
161 -16
162 -17
163 -16
164 -50
165 -16
166 -16
167 -24
168 -27
169 -55
170 -16
171 -35
172 -16
173 -16
174 -50
175 -27
176 -35
177 -16
178 -16
179 -55
180 -16
181 -24
182 -54
183 -16
184 -51
185 -50
186 -17
187 -16
188 -24
189 -24
190 -24
191 -27
192 -62
193 -16
194 -27
195 -50
196 -16
197 -16
198 -24
199 -55
200 -27
201 -52
202 -24
203 -27
204 -27
205 -16
206 -16
207 -50
208 -17
209 -50
210 -50
211 -51
212 -55
213 -24
214 -35
215 -27
216 -16
217 -55
218 -35
219 -16
220 -17
221 -17
222 -51
223 -24
224 -17
225 -16
226 -50
227 -16
228 -24
229 -16
230 -51
231 -27
232 -27
233 -50
234 -27
235 -24
236 -55
237 -16
238 -45
239 -27
240 -27
241 -27
242 -16
243 -50
244 -55
245 -50
246 -35
247 -16
248 -35
249 -51
250 -27
251 -24
252 -55
253 -41
254 -16
255 -51
256 -16
257 -27
258 -51
259 -51
260 -43
261 -35
262 -27
263 -16
264 -27
265 -51
266 -16
267 -24
268 -35
269 -24
270 -16
271 -50
272 -51
273 -27
274 -24
275 -16
276 -55
277 -16
278 -35
279 -27
280 -25
281 -55
282 -51
283 -27
284 -16
285 -16
286 -16
287 -16
288 -27
289 -50
290 -30
291 -27
292 -51
293 -27
294 -51
295 -17
296 -16
297 -25
298 -17
299 -24
300 -35
301 -16
302 -55
303 -35
304 -16
305 -17
306 -27
307 -27
308 -23
309 -55
310 -50
311 -35
312 -17
313 -16
314 -50
315 -35
316 -50
317 -50
318 -16
319 -54
320 -17
321 -16
322 -27
323 -16
324 -27
325 -18
326 -17
327 -35
328 -16
329 -16
330 -17
331 -55
332 -51
333 -46
334 -27
335 -16
336 -27
337 -16
338 -92
339 -51
340 -16
341 -35
342 -17
343 -17
344 -16
345 -27
346 -16
347 -50
348 -16
349 -27
350 -19
351 -16
352 -54
353 -16
354 -51
355 -27
356 -16
357 -51
358 -16
359 -24
360 -55
361 -16
362 -55
363 -27
364 -50
365 -73
366 -17
367 -51
368 -27
369 -16
370 -16
371 -24
372 -16
373 -55
374 -16
375 -27
376 -55
377 -51
378 -48
379 -55
380 -16
381 -16
382 -27
383 -35
384 -17
385 -16
386 -16
387 -24
388 -55
389 -40
390 -27
391 -27
392 -17
393 -35
394 -66
395 -27
396 -27
397 -50
398 -24
399 -27
400 -20
401 -24
402 -87
403 -50
404 -53
405 -16
406 -16
407 -55
408 -24
409 -27
410 -24
411 -16
412 -41
413 -16
414 -51
415 -17
416 -27
417 -16
418 -55
419 -16
420 -16
421 -51
422 -24
423 -55
424 -50
425 -21
426 -55
427 -20
428 -27
429 -50
430 -35
431 -55
432 -27
433 -54
434 -17
435 -17
436 -51
437 -35
438 -24
439 -55
440 -51
441 -16
442 -17
443 -27
444 -24
445 -50
446 -27
447 -16
448 -16
449 -35
450 -35
451 -50
452 -17
453 -27
454 -25
455 -35
456 -16
457 -55
458 -50
459 -55
460 -59
461 -24
462 -46
463 -16
464 -16
465 -27
466 -35
467 -35
468 -17
469 -16
470 -50
471 -55
472 -16
473 -51
474 -50
475 -50
476 -51
477 -51
478 -27
479 -16
480 -35
481 -50
482 -50
483 -27
484 -17
485 -55
486 -54
487 -27
488 -50
489 -51
490 -35
491 -16
492 -16
493 -16
494 -16
495 -27
496 -60
497 -35
498 -27
499 -50
500 -35
501 -27
502 -16
503 -50
504 -16
505 -50
506 -27
507 -27
508 -16
509 -16
510 -16
511 -28
512 -16
513 -16
514 -35
515 -35
516 -26
517 -17
518 -16
519 -50
520 -16
521 -50
522 -20
523 -27
524 -55
525 -16
526 -27
527 -24
528 -51
529 -27
530 -51
531 -16
532 -16
533 -17
534 -55
535 -30
536 -16
537 -24
538 -17
539 -51
540 -17
541 -26
542 -24
543 -41
544 -17
545 -16
546 -35
547 -24
548 -48
549 -24
550 -27
551 -16
552 -55
553 -17
554 -27
555 -35
556 -50
557 -21
558 -51
559 -23
560 -54
561 -24
562 -17
563 -16
564 -51
565 -35
566 -27
567 -16
568 -16
569 -50
570 -16
571 -16
572 -27
573 -52
574 -35
575 -51
576 -24
577 -51
578 -16
579 -27
580 -35
581 -87
582 -35
583 -16
584 -51
585 -51
586 -16
587 -16
588 -17
589 -50
590 -27
591 -55
592 -27
593 -51
594 -16
595 -27
596 -16
597 -35
598 -24
599 -27
600 -58
601 -16
602 -27
603 -24
604 -27
605 -32
606 -35
607 -24
608 -35
609 -50
610 -16
611 -55
612 -17
613 -30
614 -17
615 -27
616 -17
617 -24
618 -55
619 -18
620 -38
621 -92
622 -35
623 -39
624 -51
625 -17
626 -24
627 -16
628 -16
629 -50
630 -35
631 -35
632 -35
633 -16
634 -16
635 -24
636 -50
637 -27
638 -16
639 -17
640 -24
641 -50
642 -35
643 -51
644 -40
645 -16
646 -50
647 -51
648 -17
649 -51
650 -27
651 -16
652 -35
653 -17
654 -27
655 -17
656 -27
657 -27
658 -55
659 -55
660 -27
661 -27
662 -47
663 -27
664 -16
665 -48
666 -27
667 -17
668 -16
669 -27
670 -50
671 -16
672 -16
673 -32
674 -16
675 -26
676 -51
677 -27
678 -40
679 -40
680 -16
681 -51
682 -17
683 -16
684 -16
685 -35
686 -16
687 -16
688 -27
689 -51
690 -16
691 -55
692 -27
693 -16
694 -17
695 -24
696 -51
697 -51
698 -17
699 -27
700 -27
701 -50
702 -55
703 -51
704 -17
705 -27
706 -16
707 -17
708 -23
709 -16
710 -16
711 -24
712 -16
713 -16
714 -27
715 -41
716 -16
717 -50
718 -51
719 -27
720 -16
721 -27
722 -51
723 -17
724 -16
725 -51
726 -24
727 -35
728 -50
729 -54
730 -20
731 -24
732 -34
733 -50
734 -50
735 -42
736 -51
737 -55
738 -35
739 -27
740 -34
741 -55
742 -17
743 -50
744 -16
745 -24
746 -17
747 -16
748 -50
749 -27
750 -16
751 -51
752 -16
753 -34
754 -27
755 -16
756 -35
757 -27
758 -24
759 -35
760 -16
761 -16
762 -16
763 -51
764 -24
765 -27
766 -35
767 -51
768 -27
769 -17
770 -50
771 -55
772 -16
773 -35
774 -25
775 -27
776 -50
777 -17
778 -16
779 -31
780 -16
781 -16
782 -20
783 -27
784 -17
785 -82
786 -16
787 -27
788 -24
789 -51
790 -55
791 -27
792 -27
793 -35
794 -51
795 -16
796 -35
797 -16
798 -51
799 -16
800 -27
801 -27
802 -52
803 -27
804 -55
805 -16
806 -27
807 -24
808 -17
809 -35
810 -27
811 -16
812 -35
813 -35
814 -35
815 -16
816 -16
817 -17
818 -27
819 -16
820 -27
821 -17
822 -16
823 -27
824 -55
825 -52
826 -35
827 -17
828 -55
829 -51
830 -17
831 -24
832 -50
833 -27
834 -24
835 -27
836 -27
837 -27
838 -17
839 -16
840 -16
841 -55
842 -27
843 -16
844 -27
845 -27
846 -51
847 -27
848 -51
849 -24
850 -50
851 -51
852 -66
853 -35
854 -51
855 -50
856 -27
857 -50
858 -35
859 -61
860 -50
861 -35
862 -55
863 -16
864 -35
865 -16
866 -27
867 -24
868 -17
869 -16
870 -56
871 -17
872 -16
873 -68
874 -35
875 -32
876 -27
877 -16
878 -16
879 -16
880 -16
881 -16
882 -16
883 -16
884 -50
885 -17
886 -41
887 -17
888 -27
889 -16
890 -35
891 -55
892 -21
893 -24
894 -55
895 -16
896 -51
897 -50
898 -35
899 -51
900 -16
901 -27
902 -50
903 -27
904 -16
905 -16
906 -27
907 -27
908 -24
909 -16
910 -27
911 -16
912 -35
913 -24
914 -16
915 -55
916 -51
917 -35
918 -16
919 -24
920 -24
921 -87
922 -24
923 -27
924 -27
925 -51
926 -55
927 -16
928 -16
929 -27
930 -16
931 -16
932 -21
933 -16
934 -35
935 -24
936 -50
937 -35
938 -32
939 -27
940 -35
941 -50
942 -27
943 -16
944 -28
945 -17
946 -16
947 -17
948 -24
949 -38
950 -17
951 -16
952 -26
953 -47
954 -27
955 -27
956 -16
957 -17
958 -64
959 -16
960 -16
961 -24
962 -16
963 -17
964 -50
965 -16
966 -27
967 -27
968 -16
969 -35
970 -16
971 -16
972 -20
973 -17
974 -17
975 -16
976 -21
977 -55
978 -50
979 -27
980 -16
981 -16
982 -16
983 -16
984 -51
985 -27
986 -27
987 -35
988 -27
989 -16
990 -16
991 -27
992 -27
993 -27
994 -55
995 -51
996 -21
997 -35
998 -51
999 -55
