0 -67
1 -33
2 -16
3 -15
4 -50
5 -27
6 -50
7 -27
8 -15
9 -16
10 -16
11 -17
12 -28
13 -15
14 -16
15 -17
16 -16
17 -37
18 -16
19 -50
20 -55
21 -16
22 -15
23 -15
24 -50
25 -15
26 -55
27 -16
28 -50
29 -15
30 -33
31 -16
32 -15
33 -27
34 -50
35 -18
36 -17
37 -17
38 -22
39 -27
40 -16
41 -24
42 -55
43 -16
44 -16
45 -16
46 -27
47 -24
48 -55
49 -15
50 -15
51 -33
52 -16
53 -16
54 -39
55 -15
56 -16
57 -17
58 -16
59 -33
60 -17
61 -50
62 -55
63 -27
64 -27
65 -15
66 -50
67 -55
68 -20
69 -50
70 -55
71 -15
72 -87
73 -33
74 -55
75 -54
76 -16
77 -33
78 -50
79 -16
80 -50
81 -17
82 -16
83 -31
84 -16
85 -15
86 -15
87 -16
88 -17
89 -24
90 -24
91 -17
92 -15
93 -15
94 -15
95 -16
96 -55
97 -55
98 -24
99 -24
100 -15
101 -55
102 -15
103 -50
104 -16
105 -17
106 -27
107 -33
108 -16
109 -15
110 -17
111 -16
112 -27
113 -24
114 -55
115 -24
116 -33
117 -45
118 -15
119 -27
120 -27
121 -16
122 -24
123 -16
124 -50
125 -17
126 -51
127 -15
128 -16
129 -27
130 -16
131 -16
132 -16
133 -50
134 -15
135 -33
136 -25
137 -33
138 -55
139 -27
140 -50
141 -15
142 -27
143 -55
144 -15
145 -65
146 -16
147 -16
148 -24
149 -15
150 -50
151 -16
152 -15
153 -55
154 -16
155 -33
156 -15
157 -50
158 -24
159 -15
160 -24
161 -16
162 -15
163 -33
164 -20
165 -24
166 -16
167 -16
168 -52
169 -27
170 -50
171 -15
172 -15
173 -16
174 -26
175 -33
176 -24
177 -27
178 -17
179 -33
180 -16
181 -16
182 -16
183 -55
184 -51
185 -16
186 -17
187 -16
188 -17
189 -27
190 -27
191 -15
192 -55
193 -50
194 -27
195 -31
196 -17
197 -27
198 -15
199 -16
200 -22
201 -50
202 -27
203 -55
204 -55
205 -16
206 -55
207 -24
208 -16
209 -16
210 -33
211 -16
212 -27
213 -24
214 -17
215 -16
216 -17
217 -33
218 -33
219 -27
220 -27
221 -50
222 -16
223 -33
224 -50
225 -16
226 -24
227 -27
228 -15
229 -17
230 -15
231 -16
232 -15
233 -33
234 -50
235 -27
236 -33
237 -15
238 -27
239 -17
240 -50
241 -15
242 -24
243 -55
244 -50
245 -15
246 -33
247 -15
248 -17
249 -55
250 -52
251 -27
252 -55
253 -15
254 -16
255 -16
256 -27
257 -55
258 -16
259 -16
260 -27
261 -16
262 -33
263 -15
264 -16
265 -33
266 -31
267 -15
268 -50
269 -16
270 -70
271 -33
272 -16
273 -16
274 -17
275 -27
276 -24
277 -17
278 -15
279 -15
280 -17
281 -50
282 -24
283 -16
284 -72
285 -15
286 -34
287 -15
288 -16
289 -16
290 -16
291 -52
292 -24
293 -17
294 -15
295 -50
296 -24
297 -17
298 -15
299 -33
300 -15
301 -33
302 -16
303 -16
304 -38
305 -15
306 -24
307 -27
308 -24
309 -15
310 -58
311 -18
312 -82
313 -15
314 -24
315 -16
316 -24
317 -15
318 -55
319 -24
320 -33
321 -17
322 -16
323 -15
324 -17
325 -16
326 -16
327 -15
328 -16
329 -55
330 -55
331 -16
332 -33
333 -17
334 -36
335 -15
336 -27
337 -24
338 -15
339 -24
340 -16
341 -17
342 -27
343 -16
344 -16
345 -16
346 -16
347 -15
348 -16
349 -55
350 -50
351 -16
352 -33
353 -15
354 -27
355 -16
356 -16
357 -20
358 -16
359 -51
360 -24
361 -24
362 -16
363 -15
364 -15
365 -24
366 -15
367 -15
368 -20
369 -15
370 -21
371 -16
372 -55
373 -17
374 -16
375 -16
376 -16
377 -55
378 -33
379 -16
380 -16
381 -15
382 -27
383 -15
384 -16
385 -37
386 -24
387 -24
388 -16
389 -25
390 -17
391 -16
392 -50
393 -55
394 -15
395 -24
396 -16
397 -32
398 -27
399 -24
400 -17
401 -14
402 -27
403 -55
404 -15
405 -15
406 -27
407 -16
408 -27
409 -16
410 -17
411 -33
412 -27
413 -33
414 -27
415 -17
416 -52
417 -55
418 -16
419 -17
420 -24
421 -16
422 -27
423 -16
424 -16
425 -33
426 -16
427 -16
428 -15
429 -55
430 -27
431 -17
432 -55
433 -50
434 -16
435 -45
436 -16
437 -15
438 -16
439 -50
440 -16
441 -40
442 -16
443 -15
444 -17
445 -27
446 -55
447 -16
448 -15
449 -15
450 -15
451 -16
452 -15
453 -24
454 -55
455 -16
456 -16
457 -16
458 -16
459 -50
460 -21
461 -24
462 -16
463 -50
464 -27
465 -16
466 -16
467 -55
468 -72
469 -24
470 -27
471 -16
472 -44
473 -15
474 -27
475 -27
476 -16
477 -15
478 -24
479 -33
480 -27
481 -50
482 -16
483 -15
484 -15
485 -17
486 -35
487 -33
488 -17
489 -33
490 -27
491 -15
492 -15
493 -33
494 -50
495 -16
496 -16
497 -16
498 -48
499 -16
500 -50
501 -24
502 -24
503 -16
504 -50
505 -33
506 -15
507 -15
508 -16
509 -15
510 -24
511 -19
512 -16
513 -55
514 -24
515 -55
516 -15
517 -24
518 -50
519 -16
520 -27
521 -20
522 -15
523 -15
524 -27
525 -16
526 -16
527 -17
528 -24
529 -33
530 -33
531 -33
532 -17
533 -24
534 -16
535 -16
536 -15
537 -16
538 -15
539 -50
540 -16
541 -18
542 -27
543 -15
544 -24
545 -55
546 -50
547 -16
548 -16
549 -16
550 -27
551 -15
552 -24
553 -55
554 -22
555 -33
556 -24
557 -15
558 -27
559 -16
560 -16
561 -33
562 -16
563 -15
564 -15
565 -17
566 -15
567 -24
568 -16
569 -17
570 -15
571 -15
572 -16
573 -45
574 -16
575 -50
576 -27
577 -24
578 -27
579 -17
580 -16
581 -16
582 -16
583 -24
584 -16
585 -33
586 -42
587 -27
588 -24
589 -17
590 -17
591 -16
592 -27
593 -15
594 -24
595 -19
596 -15
597 -27
598 -27
599 -27
600 -15
601 -15
602 -16
603 -16
604 -17
605 -16
606 -16
607 -50
608 -55
609 -59
610 -24
611 -16
612 -24
613 -15
614 -16
615 -21
616 -15
617 -15
618 -24
619 -17
620 -15
621 -55
622 -33
623 -15
624 -46
625 -33
626 -16
627 -16
628 -16
629 -15
630 -16
631 -15
632 -16
633 -27
634 -33
635 -27
636 -50
637 -27
638 -15
639 -17
640 -15
641 -33
642 -55
643 -27
644 -16
645 -16
646 -16
647 -50
648 -17
649 -16
650 -27
651 -50
652 -15
653 -16
654 -33
655 -18
656 -55
657 -15
658 -27
659 -24
660 -27
661 -24
662 -24
663 -55
664 -16
665 -63
666 -55
667 -33
668 -16
669 -16
670 -16
671 -55
672 -16
673 -32
674 -27
675 -55
676 -50
677 -18
678 -17
679 -15
680 -21
681 -17
682 -27
683 -55
684 -15
685 -53
686 -56
687 -17
688 -17
689 -15
690 -27
691 -17
692 -55
693 -50
694 -17
695 -33
696 -24
697 -50
698 -16
699 -17
700 -16
701 -16
702 -33
703 -15
704 -15
705 -50
706 -27
707 -15
708 -15
709 -55
710 -33
711 -48
712 -27
713 -15
714 -16
715 -15
716 -36
717 -50
718 -33
719 -15
720 -16
721 -27
722 -16
723 -15
724 -16
725 -16
726 -55
727 -24
728 -24
729 -35
730 -33
731 -15
732 -17
733 -50
734 -24
735 -31
736 -15
737 -16
738 -50
739 -16
740 -33
741 -24
742 -17
743 -16
744 -17
745 -24
746 -55
747 -16
748 -27
749 -50
750 -15
751 -15
752 -55
753 -17
754 -15
755 -55
756 -16
757 -33
758 -15
759 -24
760 -27
761 -22
762 -16
763 -24
764 -15
765 -33
766 -16
767 -27
768 -16
769 -17
770 -55
771 -33
772 -17
773 -55
774 -16
775 -50
776 -16
777 -24
778 -15
779 -17
780 -33
781 -16
782 -15
783 -27
784 -16
785 -16
786 -33
787 -24
788 -16
789 -36
790 -33
791 -17
792 -15
793 -33
794 -28
795 -15
796 -50
797 -15
798 -33
799 -50
800 -50
801 -50
802 -15
803 -24
804 -16
805 -15
806 -15
807 -15
808 -15
809 -15
810 -20
811 -16
812 -33
813 -15
814 -18
815 -24
816 -17
817 -50
818 -17
819 -15
820 -17
821 -27
822 -55
823 -27
824 -47
825 -16
826 -16
827 -15
828 -17
829 -24
830 -16
831 -55
832 -27
833 -15
834 -17
835 -24
836 -15
837 -19
838 -50
839 -15
840 -15
841 -16
842 -15
843 -16
844 -50
845 -27
846 -55
847 -15
848 -33
849 -16
850 -16
851 -50
852 -24
853 -16
854 -27
855 -15
856 -24
857 -16
858 -15
859 -50
860 -33
861 -55
862 -15
863 -27
864 -16
865 -15
866 -55
867 -15
868 -50
869 -16
870 -27
871 -20
872 -16
873 -16
874 -31
875 -55
876 -50
877 -16
878 -16
879 -24
880 -15
881 -24
882 -17
883 -27
884 -16
885 -20
886 -55
887 -16
888 -27
889 -33
890 -17
891 -24
892 -16
893 -15
894 -52
895 -16
896 -16
897 -54
898 -23
899 -15
900 -15
901 -24
902 -50
903 -16
904 -55
905 -17
906 -16
907 -17
908 -22
909 -16
910 -33
911 -27
912 -33
913 -60
914 -50
915 -33
916 -16
917 -50
918 -15
919 -54
920 -15
921 -27
922 -27
923 -50
924 -16
925 -24
926 -15
927 -15
928 -55
929 -50
930 -15
931 -16
932 -24
933 -55
934 -17
935 -50
936 -15
937 -33
938 -27
939 -15
940 -55
941 -33
942 -16
943 -17
944 -16
945 -17
946 -15
947 -15
948 -45
949 -24
950 -39
951 -33
952 -15
953 -55
954 -55
955 -16
956 -15
957 -55
958 -16
959 -55
960 -33
961 -16
962 -33
963 -24
964 -15
965 -16
966 -16
967 -15
968 -33
969 -16
970 -15
971 -15
972 -17
973 -15
974 -16
975 -16
976 -15
977 -16
978 -15
979 -18
980 -15
981 -17
982 -15
983 -16
984 -27
985 -27
986 -50
987 -17
988 -17
989 -55
990 -15
991 -15
992 -50
993 -17
994 -16
995 -33
996 -15
997 -25
998 -16
999 -50
