0 -33
1 -41
2 -58
3 -50
4 -32
5 -16
6 -17
7 -27
8 -16
9 -57
10 -27
11 -32
12 -24
13 -50
14 -24
15 -17
16 -24
17 -32
18 -24
19 -57
20 -50
21 -57
22 -50
23 -16
24 -27
25 -33
26 -17
27 -55
28 -16
29 -50
30 -24
31 -57
32 -16
33 -33
34 -33
35 -17
36 -57
37 -57
38 -33
39 -16
40 -19
41 -32
42 -24
43 -33
44 -50
45 -33
46 -57
47 -33
48 -17
49 -16
50 -16
51 -57
52 -50
53 -37
54 -27
55 -55
56 -17
57 -16
58 -28
59 -57
60 -32
61 -16
62 -55
63 -27
64 -55
65 -57
66 -55
67 -16
68 -24
69 -57
70 -27
71 -57
72 -16
73 -16
74 -32
75 -16
76 -17
77 -17
78 -17
79 -50
80 -33
81 -57
82 -24
83 -32
84 -19
85 -57
86 -22
87 -22
88 -27
89 -24
90 -57
91 -55
92 -16
93 -17
94 -55
95 -24
96 -56
97 -27
98 -16
99 -16
100 -27
101 -48
102 -27
103 -16
104 -33
105 -32
106 -16
107 -32
108 -16
109 -32
110 -55
111 -16
112 -50
113 -33
114 -33
115 -32
116 -70
117 -55
118 -16
119 -24
120 -33
121 -55
122 -33
123 -57
124 -57
125 -32
126 -27
127 -16
128 -16
129 -33
130 -15
131 -27
132 -32
133 -16
134 -57
135 -27
136 -33
137 -16
138 -24
139 -16
140 -27
141 -16
142 -27
143 -16
144 -33
145 -27
146 -57
147 -24
148 -27
149 -27
150 -16
151 -57
152 -16
153 -32
154 -32
155 -16
156 -57
157 -16
158 -50
159 -24
160 -57
161 -16
162 -32
163 -42
164 -57
165 -16
166 -57
167 -50
168 -16
169 -17
170 -32
171 -57
172 -24
173 -33
174 -57
175 -33
176 -32
177 -57
178 -32
179 -17
180 -16
181 -16
182 -33
183 -16
184 -87
185 -55
186 -27
187 -32
188 -57
189 -17
190 -24
191 -33
192 -55
193 -16
194 -32
195 -16
196 -16
197 -27
198 -55
199 -16
200 -16
201 -16
202 -57
203 -16
204 -32
205 -24
206 -16
207 -33
208 -33
209 -16
210 -33
211 -57
212 -16
213 -16
214 -16
215 -27
216 -21
217 -24
218 -16
219 -24
220 -16
221 -32
222 -31
223 -57
224 -55
225 -16
226 -16
227 -16
228 -27
229 -24
230 -57
231 -55
232 -16
233 -16
234 -24
235 -55
236 -32
237 -36
238 -22
239 -57
240 -32
241 -27
242 -17
243 -32
244 -32
245 -27
246 -16
247 -32
248 -57
249 -16
250 -16
251 -16
252 -33
253 -27
254 -32
255 -32
256 -52
257 -33
258 -57
259 -32
260 -32
261 -32
262 -16
263 -24
264 -57
265 -55
266 -27
267 -50
268 -27
269 -50
270 -16
271 -32
272 -17
273 -24
274 -50
275 -26
276 -27
277 -20
278 -32
279 -24
280 -50
281 -32
282 -25
283 -57
284 -16
285 -24
286 -37
287 -16
288 -27
289 -32
290 -50
291 -16
292 -16
293 -24
294 -50
295 -17
296 -16
297 -17
298 -27
299 -32
300 -27
301 -27
302 -33
303 -32
304 -16
305 -16
306 -32
307 -57
308 -16
309 -33
310 -33
311 -17
312 -25
313 -56
314 -17
315 -24
316 -50
317 -24
318 -32
319 -16
320 -17
321 -17
322 -16
323 -57
324 -57
325 -24
326 -17
327 -32
328 -55
329 -17
330 -27
331 -16
332 -16
333 -27
334 -27
335 -33
336 -27
337 -32
338 -24
339 -27
340 -19
341 -16
342 -27
343 -24
344 -20
345 -50
346 -33
347 -33
348 -32
349 -33
350 -57
351 -16
352 -32
353 -32
354 -32
355 -57
356 -16
357 -32
358 -27
359 -57
360 -32
361 -27
362 -60
363 -24
364 -32
365 -24
366 -16
367 -50
368 -57
369 -16
370 -32
371 -57
372 -16
373 -57
374 -32
375 -16
376 -50
377 -17
378 -32
379 -17
380 -16
381 -16
382 -33
383 -55
384 -24
385 -50
386 -32
387 -50
388 -17
389 -17
390 -33
391 -57
392 -27
393 -50
394 -27
395 -32
396 -57
397 -16
398 -16
399 -16
400 -27
401 -24
402 -16
403 -55
404 -33
405 -33
406 -32
407 -55
408 -16
409 -40
410 -57
411 -32
412 -55
413 -16
414 -16
415 -17
416 -17
417 -16
418 -33
419 -16
420 -24
421 -27
422 -57
423 -17
424 -59
425 -24
426 -27
427 -29
428 -57
429 -55
430 -33
431 -24
432 -55
433 -33
434 -27
435 -16
436 -33
437 -50
438 -16
439 -55
440 -50
441 -57
442 -24
443 -57
444 -16
445 -50
446 -16
447 -16
448 -16
449 -50
450 -27
451 -32
452 -32
453 -32
454 -32
455 -55
456 -27
457 -24
458 -24
459 -16
460 -32
461 -16
462 -57
463 -32
464 -17
465 -27
466 -32
467 -54
468 -18
469 -17
470 -24
471 -32
472 -33
473 -50
474 -24
475 -16
476 -58
477 -47
478 -32
479 -17
480 -17
481 -50
482 -16
483 -57
484 -50
485 -55
486 -16
487 -27
488 -24
489 -32
490 -17
491 -16
492 -57
493 -50
494 -24
495 -32
496 -16
497 -27
498 -16
499 -55
500 -57
501 -27
502 -16
503 -33
504 -17
505 -27
506 -27
507 -16
508 -16
509 -57
510 -87
511 -16
512 -24
513 -52
514 -55
515 -33
516 -24
517 -41
518 -57
519 -58
520 -16
521 -33
522 -27
523 -33
524 -17
525 -50
526 -57
527 -24
528 -16
529 -50
530 -16
531 -33
532 -55
533 -32
534 -24
535 -16
536 -24
537 -17
538 -17
539 -54
540 -17
541 -55
542 -55
543 -20
544 -33
545 -24
546 -24
547 -50
548 -20
549 -27
550 -17
551 -24
552 -87
553 -24
554 -16
555 -32
556 -27
557 -50
558 -50
559 -20
560 -16
561 -87
562 -32
563 -16
564 -55
565 -50
566 -33
567 -32
568 -24
569 -57
570 -16
571 -17
572 -16
573 -32
574 -25
575 -16
576 -17
577 -16
578 -16
579 -17
580 -24
581 -16
582 -32
583 -32
584 -16
585 -16
586 -16
587 -57
588 -57
589 -16
590 -16
591 -33
592 -55
593 -50
594 -16
595 -16
596 -57
597 -20
598 -57
599 -27
600 -33
601 -42
602 -16
603 -27
604 -17
605 -74
606 -24
607 -57
608 -32
609 -16
610 -33
611 -36
612 -34
613 -32
614 -27
615 -16
616 -33
617 -16
618 -33
619 -17
620 -16
621 -55
622 -55
623 -24
624 -55
625 -24
626 -50
627 -17
628 -27
629 -16
630 -57
631 -24
632 -25
633 -37
634 -33
635 -24
636 -16
637 -16
638 -33
639 -33
640 -55
641 -55
642 -27
643 -55
644 -17
645 -70
646 -55
647 -27
648 -16
649 -24
650 -27
651 -16
652 -57
653 -50
654 -24
655 -57
656 -50
657 -16
658 -16
659 -24
660 -50
661 -16
662 -16
663 -32
664 -18
665 -24
666 -24
667 -24
668 -33
669 -33
670 -57
671 -33
672 -57
673 -16
674 -33
675 -24
676 -32
677 -27
678 -16
679 -28
680 -33
681 -24
682 -32
683 -50
684 -16
685 -16
686 -55
687 -33
688 -39
689 -16
690 -33
691 -16
692 -32
693 -50
694 -57
695 -24
696 -27
697 -55
698 -27
699 -50
700 -24
701 -24
702 -16
703 -50
704 -32
705 -24
706 -16
707 -17
708 -16
709 -30
710 -16
711 -55
712 -57
713 -16
714 -33
715 -16
716 -16
717 -32
718 -32
719 -24
720 -16
721 -32
722 -34
723 -57
724 -27
725 -27
726 -15
727 -59
728 -27
729 -16
730 -16
731 -24
732 -25
733 -21
734 -27
735 -50
736 -16
737 -32
738 -33
739 -50
740 -24
741 -24
742 -24
743 -49
744 -33
745 -27
746 -57
747 -16
748 -32
749 -55
750 -24
751 -17
752 -16
753 -40
754 -32
755 -32
756 -16
757 -41
758 -57
759 -16
760 -32
761 -33
762 -55
763 -16
764 -50
765 -16
766 -33
767 -32
768 -16
769 -16
770 -16
771 -16
772 -89
773 -16
774 -32
775 -33
776 -16
777 -24
778 -15
779 -24
780 -66
781 -28
782 -16
783 -16
784 -50
785 -16
786 -33
787 -16
788 -17
789 -16
790 -16
791 -16
792 -57
793 -16
794 -20
795 -16
796 -24
797 -16
798 -42
799 -27
800 -50
801 -50
802 -17
803 -33
804 -50
805 -16
806 -50
807 -16
808 -55
809 -33
810 -27
811 -17
812 -32
813 -33
814 -33
815 -16
816 -24
817 -17
818 -50
819 -57
820 -27
821 -57
822 -24
823 -16
824 -27
825 -27
826 -27
827 -32
828 -55
829 -16
830 -33
831 -16
832 -33
833 -50
834 -16
835 -50
836 -16
837 -16
838 -16
839 -27
840 -24
841 -57
842 -55
843 -17
844 -33
845 -16
846 -57
847 -16
848 -55
849 -16
850 -57
851 -16
852 -32
853 -50
854 -17
855 -50
856 -16
857 -55
858 -27
859 -17
860 -16
861 -33
862 -33
863 -57
864 -16
865 -16
866 -50
867 -27
868 -16
869 -57
870 -32
871 -16
872 -27
873 -16
874 -16
875 -17
876 -16
877 -50
878 -33
879 -17
880 -32
881 -17
882 -17
883 -16
884 -16
885 -17
886 -16
887 -55
888 -27
889 -33
890 -50
891 -57
892 -57
893 -38
894 -24
895 -33
896 -32
897 -55
898 -50
899 -33
900 -16
901 -17
902 -17
903 -27
904 -57
905 -50
906 -57
907 -16
908 -24
909 -16
910 -16
911 -32
912 -17
913 -16
914 -57
915 -50
916 -27
917 -32
918 -27
919 -55
920 -24
921 -16
922 -32
923 -16
924 -16
925 -16
926 -59
927 -32
928 -16
929 -21
930 -50
931 -20
932 -50
933 -50
934 -17
935 -16
936 -27
937 -32
938 -16
939 -55
940 -27
941 -16
942 -16
943 -16
944 -57
945 -17
946 -16
947 -33
948 -16
949 -16
950 -33
951 -16
952 -33
953 -50
954 -17
955 -17
956 -16
957 -47
958 -29
959 -16
960 -16
961 -27
962 -50
963 -24
964 -17
965 -33
966 -54
967 -17
968 -55
969 -16
970 -24
971 -57
972 -27
973 -33
974 -61
975 -57
976 -16
977 -50
978 -55
979 -60
980 -16
981 -27
982 -32
983 -50
984 -17
985 -22
986 -16
987 -32
988 -16
989 -16
990 -57
991 -17
992 -27
993 -55
994 -55
995 -51
996 -17
997 -27
998 -28
999 -16
