0 -31
1 -33
2 -53
3 -22
4 -17
5 -27
6 -24
7 -17
8 -50
9 -24
10 -57
11 -40
12 -16
13 -53
14 -24
15 -22
16 -17
17 -53
18 -16
19 -33
20 -53
21 -24
22 -16
23 -55
24 -17
25 -36
26 -55
27 -55
28 -16
29 -16
30 -27
31 -16
32 -29
33 -57
34 -16
35 -57
36 -27
37 -33
38 -47
39 -16
40 -27
41 -33
42 -60
43 -16
44 -50
45 -17
46 -16
47 -33
48 -16
49 -36
50 -33
51 -24
52 -36
53 -16
54 -55
55 -55
56 -23
57 -24
58 -33
59 -50
60 -27
61 -36
62 -64
63 -33
64 -16
65 -31
66 -43
67 -50
68 -16
69 -17
70 -17
71 -27
72 -24
73 -36
74 -16
75 -16
76 -16
77 -33
78 -55
79 -16
80 -33
81 -17
82 -50
83 -27
84 -50
85 -27
86 -16
87 -43
88 -53
89 -50
90 -33
91 -33
92 -48
93 -50
94 -16
95 -36
96 -27
97 -55
98 -24
99 -33
100 -16
101 -40
102 -16
103 -60
104 -36
105 -27
106 -55
107 -55
108 -33
109 -56
110 -27
111 -16
112 -87
113 -50
114 -17
115 -17
116 -51
117 -53
118 -16
119 -57
120 -16
121 -55
122 -24
123 -16
124 -31
125 -36
126 -31
127 -16
128 -30
129 -16
130 -55
131 -33
132 -24
133 -16
134 -16
135 -17
136 -33
137 -16
138 -16
139 -18
140 -27
141 -17
142 -16
143 -27
144 -33
145 -16
146 -16
147 -24
148 -18
149 -36
150 -16
151 -16
152 -55
153 -33
154 -55
155 -53
156 -57
157 -33
158 -16
159 -27
160 -24
161 -50
162 -36
163 -16
164 -33
165 -55
166 -36
167 -17
168 -27
169 -33
170 -36
171 -17
172 -31
173 -16
174 -33
175 -36
176 -16
177 -36
178 -24
179 -16
180 -16
181 -16
182 -50
183 -33
184 -55
185 -55
186 -17
187 -36
188 -16
189 -27
190 -17
191 -53
192 -17
193 -36
194 -50
195 -59
196 -16
197 -27
198 -18
199 -54
200 -16
201 -50
202 -33
203 -16
204 -55
205 -33
206 -17
207 -24
208 -80
209 -27
210 -17
211 -16
212 -16
213 -17
214 -55
215 -55
216 -16
217 -36
218 -48
219 -16
220 -33
221 -33
222 -16
223 -16
224 -52
225 -53
226 -27
227 -41
228 -16
229 -50
230 -50
231 -54
232 -16
233 -27
234 -16
235 -21
236 -27
237 -16
238 -50
239 -16
240 -36
241 -55
242 -21
243 -33
244 -16
245 -16
246 -16
247 -33
248 -27
249 -33
250 -27
251 -48
252 -16
253 -27
254 -16
255 -16
256 -20
257 -16
258 -53
259 -27
260 -33
261 -57
262 -16
263 -16
264 -21
265 -16
266 -50
267 -25
268 -57
269 -19
270 -53
271 -36
272 -27
273 -16
274 -16
275 -50
276 -27
277 -40
278 -55
279 -24
280 -24
281 -55
282 -50
283 -27
284 -16
285 -57
286 -50
287 -27
288 -36
289 -55
290 -50
291 -16
292 -18
293 -16
294 -16
295 -16
296 -24
297 -16
298 -24
299 -33
300 -55
301 -16
302 -50
303 -36
304 -29
305 -27
306 -55
307 -24
308 -17
309 -16
310 -55
311 -16
312 -33
313 -16
314 -31
315 -53
316 -53
317 -33
318 -31
319 -48
320 -55
321 -16
322 -36
323 -24
324 -55
325 -27
326 -24
327 -36
328 -27
329 -33
330 -33
331 -55
332 -57
333 -55
334 -33
335 -50
336 -25
337 -53
338 -16
339 -33
340 -24
341 -55
342 -16
343 -16
344 -37
345 -53
346 -66
347 -50
348 -36
349 -83
350 -18
351 -31
352 -53
353 -17
354 -33
355 -36
356 -50
357 -27
358 -24
359 -50
360 -87
361 -17
362 -53
363 -33
364 -27
365 -16
366 -17
367 -17
368 -24
369 -53
370 -16
371 -50
372 -36
373 -16
374 -33
375 -16
376 -33
377 -36
378 -50
379 -16
380 -24
381 -36
382 -27
383 -55
384 -55
385 -16
386 -16
387 -50
388 -50
389 -27
390 -57
391 -17
392 -16
393 -16
394 -16
395 -36
396 -36
397 -17
398 -33
399 -33
400 -36
401 -50
402 -36
403 -50
404 -17
405 -19
406 -27
407 -57
408 -16
409 -50
410 -56
411 -17
412 -36
413 -16
414 -36
415 -16
416 -16
417 -16
418 -55
419 -55
420 -36
421 -50
422 -16
423 -17
424 -42
425 -50
426 -16
427 -16
428 -16
429 -21
430 -50
431 -16
432 -27
433 -44
434 -36
435 -50
436 -24
437 -16
438 -24
439 -16
440 -27
441 -16
442 -50
443 -55
444 -21
445 -50
446 -16
447 -16
448 -27
449 -24
450 -33
451 -36
452 -16
453 -50
454 -27
455 -57
456 -55
457 -16
458 -24
459 -16
460 -24
461 -36
462 -24
463 -27
464 -55
465 -33
466 -33
467 -36
468 -17
469 -17
470 -16
471 -16
472 -57
473 -16
474 -36
475 -27
476 -36
477 -36
478 -36
479 -36
480 -27
481 -33
482 -55
483 -57
484 -57
485 -24
486 -27
487 -16
488 -24
489 -36
490 -15
491 -17
492 -17
493 -16
494 -27
495 -16
496 -27
497 -16
498 -31
499 -16
500 -33
501 -50
502 -27
503 -27
504 -24
505 -57
506 -27
507 -45
508 -33
509 -27
510 -50
511 -16
512 -27
513 -55
514 -16
515 -57
516 -55
517 -53
518 -53
519 -24
520 -57
521 -57
522 -16
523 -55
524 -55
525 -24
526 -33
527 -24
528 -16
529 -16
530 -17
531 -27
532 -28
533 -16
534 -24
535 -16
536 -27
537 -16
538 -16
539 -16
540 -21
541 -16
542 -16
543 -16
544 -16
545 -56
546 -17
547 -23
548 -36
549 -52
550 -16
551 -53
552 -33
553 -50
554 -24
555 -16
556 -83
557 -33
558 -33
559 -16
560 -16
561 -16
562 -33
563 -33
564 -52
565 -17
566 -16
567 -17
568 -16
569 -24
570 -16
571 -17
572 -24
573 -33
574 -16
575 -16
576 -36
577 -57
578 -16
579 -16
580 -24
581 -17
582 -17
583 -18
584 -33
585 -16
586 -53
587 -16
588 -36
589 -24
590 -53
591 -55
592 -50
593 -33
594 -17
595 -36
596 -24
597 -50
598 -50
599 -41
600 -55
601 -16
602 -16
603 -24
604 -33
605 -16
606 -16
607 -17
608 -51
609 -16
610 -16
611 -50
612 -54
613 -24
614 -24
615 -16
616 -24
617 -24
618 -16
619 -17
620 -49
621 -16
622 -50
623 -16
624 -16
625 -16
626 -51
627 -61
628 -17
629 -16
630 -17
631 -16
632 -24
633 -27
634 -55
635 -16
636 -27
637 -50
638 -44
639 -84
640 -16
641 -17
642 -16
643 -24
644 -27
645 -24
646 -55
647 -24
648 -19
649 -16
650 -53
651 -33
652 -16
653 -24
654 -57
655 -33
656 -24
657 -33
658 -16
659 -17
660 -57
661 -33
662 -33
663 -42
664 -31
665 -53
666 -16
667 -50
668 -55
669 -57
670 -16
671 -27
672 -16
673 -17
674 -50
675 -16
676 -55
677 -16
678 -16
679 -16
680 -24
681 -24
682 -42
683 -16
684 -33
685 -24
686 -24
687 -27
688 -50
689 -55
690 -17
691 -57
692 -33
693 -24
694 -36
695 -16
696 -16
697 -27
698 -16
699 -36
700 -16
701 -17
702 -53
703 -61
704 -16
705 -36
706 -16
707 -17
708 -57
709 -55
710 -55
711 -36
712 -31
713 -50
714 -36
715 -16
716 -16
717 -55
718 -16
719 -57
720 -36
721 -50
722 -55
723 -33
724 -24
725 -16
726 -53
727 -36
728 -16
729 -38
730 -16
731 -36
732 -50
733 -21
734 -55
735 -17
736 -50
737 -55
738 -27
739 -55
740 -17
741 -17
742 -51
743 -55
744 -55
745 -33
746 -27
747 -24
748 -16
749 -17
750 -50
751 -36
752 -16
753 -24
754 -16
755 -17
756 -57
757 -45
758 -17
759 -16
760 -50
761 -27
762 -31
763 -16
764 -16
765 -50
766 -57
767 -16
768 -50
769 -55
770 -36
771 -33
772 -16
773 -31
774 -36
775 -17
776 -33
777 -50
778 -36
779 -38
780 -24
781 -55
782 -24
783 -27
784 -31
785 -27
786 -55
787 -50
788 -17
789 -16
790 -24
791 -53
792 -50
793 -16
794 -33
795 -33
796 -36
797 -55
798 -16
799 -50
800 -27
801 -27
802 -16
803 -52
804 -55
805 -24
806 -17
807 -36
808 -27
809 -17
810 -16
811 -16
812 -17
813 -17
814 -16
815 -55
816 -36
817 -27
818 -24
819 -33
820 -16
821 -36
822 -31
823 -24
824 -55
825 -57
826 -33
827 -33
828 -16
829 -57
830 -27
831 -53
832 -33
833 -16
834 -55
835 -27
836 -16
837 -17
838 -36
839 -16
840 -50
841 -36
842 -56
843 -33
844 -36
845 -27
846 -16
847 -27
848 -27
849 -16
850 -57
851 -27
852 -57
853 -27
854 -16
855 -16
856 -53
857 -55
858 -42
859 -16
860 -17
861 -16
862 -55
863 -33
864 -50
865 -27
866 -50
867 -16
868 -27
869 -16
870 -17
871 -55
872 -27
873 -50
874 -17
875 -17
876 -27
877 -33
878 -55
879 -18
880 -27
881 -55
882 -55
883 -27
884 -33
885 -16
886 -27
887 -36
888 -33
889 -55
890 -50
891 -55
892 -17
893 -16
894 -17
895 -16
896 -31
897 -36
898 -16
899 -82
900 -17
901 -36
902 -16
903 -53
904 -53
905 -50
906 -24
907 -17
908 -36
909 -49
910 -27
911 -55
912 -55
913 -33
914 -55
915 -55
916 -16
917 -33
918 -27
919 -27
920 -62
921 -53
922 -55
923 -50
924 -33
925 -16
926 -53
927 -24
928 -16
929 -33
930 -16
931 -33
932 -57
933 -24
934 -17
935 -87
936 -16
937 -33
938 -55
939 -50
940 -50
941 -24
942 -31
943 -36
944 -48
945 -17
946 -24
947 -27
948 -27
949 -31
950 -33
951 -36
952 -50
953 -33
954 -31
955 -36
956 -36
957 -29
958 -16
959 -16
960 -24
961 -55
962 -27
963 -55
964 -50
965 -17
966 -24
967 -24
968 -51
969 -27
970 -27
971 -74
972 -31
973 -15
974 -57
975 -33
976 -50
977 -41
978 -27
979 -50
980 -16
981 -57
982 -24
983 -24
984 -16
985 -33
986 -33
987 -16
988 -16
989 -24
990 -16
991 -17
992 -33
993 -27
994 -16
995 -61
996 -20
997 -16
998 -17
999 -16
