0 -41
1 -15
2 -34
3 -16
4 -15
5 -48
6 -16
7 -17
8 -55
9 -41
10 -41
11 -63
12 -15
13 -48
14 -55
15 -25
16 -50
17 -20
18 -50
19 -17
20 -17
21 -15
22 -17
23 -34
24 -15
25 -34
26 -16
27 -16
28 -54
29 -16
30 -16
31 -15
32 -17
33 -16
34 -34
35 -16
36 -15
37 -21
38 -16
39 -16
40 -55
41 -16
42 -48
43 -16
44 -34
45 -16
46 -50
47 -41
48 -55
49 -25
50 -41
51 -34
52 -55
53 -16
54 -17
55 -17
56 -15
57 -16
58 -16
59 -21
60 -48
61 -41
62 -16
63 -48
64 -16
65 -34
66 -48
67 -34
68 -55
69 -48
70 -55
71 -50
72 -55
73 -41
74 -16
75 -15
76 -22
77 -68
78 -50
79 -34
80 -53
81 -17
82 -41
83 -25
84 -15
85 -25
86 -41
87 -16
88 -48
89 -16
90 -55
91 -48
92 -25
93 -48
94 -16
95 -34
96 -25
97 -16
98 -48
99 -16
100 -48
101 -46
102 -19
103 -48
104 -34
105 -25
106 -16
107 -16
108 -17
109 -41
110 -41
111 -24
112 -48
113 -16
114 -16
115 -16
116 -25
117 -15
118 -16
119 -17
120 -16
121 -48
122 -15
123 -15
124 -16
125 -15
126 -34
127 -48
128 -55
129 -15
130 -38
131 -16
132 -48
133 -48
134 -17
135 -16
136 -34
137 -25
138 -15
139 -16
140 -16
141 -43
142 -16
143 -39
144 -25
145 -16
146 -49
147 -16
148 -41
149 -34
150 -48
151 -15
152 -50
153 -34
154 -34
155 -34
156 -48
157 -25
158 -48
159 -15
160 -34
161 -17
162 -15
163 -16
164 -16
165 -16
166 -48
167 -16
168 -48
169 -20
170 -16
171 -55
172 -16
173 -16
174 -34
175 -48
176 -48
177 -41
178 -41
179 -48
180 -34
181 -37
182 -15
183 -16
184 -28
185 -48
186 -34
187 -16
188 -16
189 -30
190 -61
191 -16
192 -58
193 -55
194 -34
195 -50
196 -55
197 -50
198 -25
199 -41
200 -56
201 -41
202 -15
203 -55
204 -50
205 -50
206 -15
207 -55
208 -16
209 -61
210 -34
211 -50
212 -17
213 -25
214 -16
215 -50
216 -55
217 -15
218 -48
219 -39
220 -25
221 -34
222 -50
223 -16
224 -16
225 -41
226 -55
227 -34
228 -48
229 -15
230 -55
231 -16
232 -16
233 -31
234 -34
235 -25
236 -25
237 -34
238 -17
239 -17
240 -41
241 -16
242 -25
243 -25
244 -25
245 -34
246 -16
247 -50
248 -16
249 -16
250 -17
251 -34
252 -48
253 -16
254 -48
255 -15
256 -25
257 -16
258 -41
259 -41
260 -25
261 -50
262 -55
263 -25
264 -16
265 -16
266 -50
267 -17
268 -46
269 -16
270 -16
271 -15
272 -48
273 -16
274 -16
275 -34
276 -15
277 -42
278 -34
279 -34
280 -15
281 -48
282 -15
283 -34
284 -55
285 -59
286 -25
287 -16
288 -16
289 -55
290 -16
291 -15
292 -17
293 -15
294 -48
295 -16
296 -34
297 -15
298 -25
299 -47
300 -41
301 -16
302 -48
303 -55
304 -48
305 -65
306 -48
307 -17
308 -16
309 -48
310 -35
311 -83
312 -17
313 -41
314 -16
315 -16
316 -17
317 -25
318 -31
319 -25
320 -18
321 -17
322 -16
323 -25
324 -50
325 -16
326 -41
327 -15
328 -16
329 -16
330 -15
331 -16
332 -21
333 -48
334 -16
335 -17
336 -34
337 -34
338 -50
339 -55
340 -55
341 -16
342 -50
343 -16
344 -15
345 -41
346 -16
347 -48
348 -55
349 -55
350 -50
351 -25
352 -34
353 -25
354 -48
355 -55
356 -41
357 -34
358 -25
359 -48
360 -16
361 -15
362 -55
363 -16
364 -21
365 -25
366 -41
367 -16
368 -34
369 -16
370 -48
371 -25
372 -48
373 -87
374 -48
375 -52
376 -50
377 -50
378 -16
379 -15
380 -16
381 -17
382 -34
383 -41
384 -16
385 -55
386 -34
387 -41
388 -37
389 -25
390 -55
391 -34
392 -41
393 -16
394 -16
395 -16
396 -56
397 -16
398 -16
399 -16
400 -50
401 -34
402 -34
403 -16
404 -20
405 -34
406 -25
407 -55
408 -48
409 -16
410 -34
411 -31
412 -29
413 -55
414 -41
415 -48
416 -15
417 -17
418 -16
419 -34
420 -17
421 -25
422 -15
423 -25
424 -48
425 -48
426 -41
427 -55
428 -16
429 -34
430 -19
431 -41
432 -41
433 -41
434 -15
435 -55
436 -17
437 -55
438 -16
439 -17
440 -16
441 -16
442 -16
443 -16
444 -16
445 -41
446 -48
447 -16
448 -16
449 -16
450 -50
451 -15
452 -25
453 -50
454 -34
455 -48
456 -16
457 -34
458 -41
459 -34
460 -50
461 -25
462 -55
463 -25
464 -16
465 -25
466 -15
467 -55
468 -55
469 -16
470 -15
471 -15
472 -16
473 -16
474 -16
475 -50
476 -34
477 -50
478 -50
479 -15
480 -17
481 -34
482 -41
483 -55
484 -25
485 -16
486 -25
487 -17
488 -55
489 -17
490 -25
491 -17
492 -48
493 -16
494 -34
495 -16
496 -48
497 -34
498 -55
499 -48
500 -25
501 -17
502 -15
503 -48
504 -16
505 -17
506 -53
507 -34
508 -55
509 -61
510 -16
511 -34
512 -48
513 -16
514 -34
515 -25
516 -25
517 -15
518 -16
519 -16
520 -82
521 -15
522 -48
523 -48
524 -55
525 -16
526 -48
527 -50
528 -34
529 -48
530 -16
531 -48
532 -76
533 -17
534 -15
535 -48
536 -16
537 -34
538 -25
539 -16
540 -17
541 -34
542 -34
543 -48
544 -17
545 -48
546 -25
547 -15
548 -16
549 -25
550 -15
551 -17
552 -20
553 -25
554 -16
555 -49
556 -56
557 -16
558 -25
559 -55
560 -15
561 -15
562 -16
563 -55
564 -38
565 -31
566 -17
567 -41
568 -50
569 -34
570 -17
571 -34
572 -16
573 -29
574 -41
575 -16
576 -55
577 -15
578 -47
579 -15
580 -34
581 -55
582 -15
583 -16
584 -48
585 -15
586 -48
587 -25
588 -15
589 -17
590 -25
591 -21
592 -16
593 -41
594 -18
595 -15
596 -17
597 -16
598 -16
599 -34
600 -17
601 -48
602 -16
603 -17
604 -39
605 -15
606 -34
607 -16
608 -55
609 -49
610 -46
611 -16
612 -41
613 -55
614 -41
615 -48
616 -17
617 -16
618 -50
619 -41
620 -17
621 -16
622 -25
623 -17
624 -48
625 -25
626 -41
627 -16
628 -25
629 -15
630 -25
631 -25
632 -16
633 -48
634 -34
635 -41
636 -15
637 -16
638 -48
639 -16
640 -41
641 -15
642 -17
643 -16
644 -16
645 -16
646 -41
647 -16
648 -16
649 -25
650 -41
651 -39
652 -25
653 -41
654 -48
655 -39
656 -16
657 -16
658 -41
659 -50
660 -16
661 -34
662 -34
663 -34
664 -15
665 -32
666 -16
667 -16
668 -55
669 -50
670 -16
671 -15
672 -16
673 -55
674 -17
675 -48
676 -15
677 -48
678 -16
679 -15
680 -55
681 -25
682 -55
683 -15
684 -25
685 -50
686 -34
687 -25
688 -55
689 -87
690 -25
691 -16
692 -16
693 -41
694 -17
695 -50
696 -16
697 -17
698 -16
699 -41
700 -15
701 -66
702 -34
703 -16
704 -50
705 -50
706 -15
707 -34
708 -72
709 -34
710 -50
711 -34
712 -70
713 -55
714 -55
715 -25
716 -55
717 -19
718 -55
719 -16
720 -16
721 -16
722 -16
723 -50
724 -48
725 -15
726 -16
727 -15
728 -55
729 -31
730 -17
731 -17
732 -55
733 -46
734 -41
735 -42
736 -55
737 -15
738 -15
739 -48
740 -16
741 -15
742 -16
743 -15
744 -34
745 -17
746 -25
747 -50
748 -55
749 -15
750 -15
751 -41
752 -15
753 -48
754 -34
755 -15
756 -16
757 -53
758 -25
759 -25
760 -16
761 -16
762 -50
763 -25
764 -17
765 -38
766 -16
767 -25
768 -57
769 -16
770 -25
771 -16
772 -16
773 -17
774 -25
775 -16
776 -50
777 -50
778 -16
779 -17
780 -34
781 -41
782 -34
783 -16
784 -15
785 -17
786 -50
787 -50
788 -21
789 -25
790 -16
791 -92
792 -16
793 -55
794 -46
795 -16
796 -34
797 -16
798 -16
799 -16
800 -55
801 -16
802 -55
803 -15
804 -17
805 -16
806 -25
807 -55
808 -17
809 -54
810 -41
811 -16
812 -50
813 -41
814 -16
815 -34
816 -16
817 -16
818 -34
819 -16
820 -38
821 -41
822 -41
823 -25
824 -16
825 -25
826 -16
827 -16
828 -55
829 -55
830 -16
831 -50
832 -55
833 -55
834 -16
835 -41
836 -17
837 -50
838 -48
839 -34
840 -24
841 -41
842 -50
843 -16
844 -50
845 -17
846 -50
847 -51
848 -25
849 -16
850 -15
851 -87
852 -34
853 -17
854 -34
855 -41
856 -16
857 -17
858 -48
859 -41
860 -55
861 -25
862 -55
863 -34
864 -16
865 -25
866 -15
867 -34
868 -34
869 -17
870 -55
871 -16
872 -55
873 -34
874 -16
875 -48
876 -16
877 -15
878 -16
879 -16
880 -16
881 -28
882 -34
883 -33
884 -17
885 -17
886 -18
887 -54
888 -17
889 -34
890 -55
891 -53
892 -50
893 -48
894 -16
895 -35
896 -34
897 -48
898 -16
899 -16
900 -48
901 -34
902 -16
903 -25
904 -16
905 -16
906 -47
907 -48
908 -60
909 -34
910 -15
911 -16
912 -50
913 -41
914 -15
915 -56
916 -72
917 -16
918 -34
919 -41
920 -50
921 -55
922 -16
923 -34
924 -55
925 -41
926 -24
927 -41
928 -18
929 -25
930 -55
931 -41
932 -25
933 -17
934 -15
935 -15
936 -71
937 -48
938 -16
939 -15
940 -48
941 -48
942 -17
943 -46
944 -55
945 -41
946 -16
947 -41
948 -41
949 -25
950 -41
951 -34
952 -52
953 -36
954 -34
955 -15
956 -25
957 -55
958 -34
959 -16
960 -16
961 -16
962 -34
963 -48
964 -34
965 -16
966 -34
967 -16
968 -16
969 -50
970 -34
971 -50
972 -34
973 -25
974 -41
975 -55
976 -17
977 -50
978 -50
979 -50
980 -17
981 -16
982 -16
983 -26
984 -50
985 -29
986 -16
987 -34
988 -16
989 -15
990 -34
991 -50
992 -16
993 -17
994 -55
995 -48
996 -19
997 -15
998 -41
999 -25
