0 -16
1 -16
2 -27
3 -52
4 -31
5 -51
6 -18
7 -16
8 -27
9 -55
10 -50
11 -55
12 -27
13 -27
14 -16
15 -44
16 -51
17 -57
18 -16
19 -55
20 -42
21 -16
22 -16
23 -16
24 -16
25 -50
26 -27
27 -16
28 -42
29 -36
30 -27
31 -55
32 -40
33 -32
34 -16
35 -36
36 -40
37 -37
38 -36
39 -16
40 -36
41 -40
42 -16
43 -41
44 -40
45 -20
46 -16
47 -40
48 -52
49 -16
50 -50
51 -36
52 -33
53 -50
54 -36
55 -66
56 -50
57 -44
58 -16
59 -36
60 -55
61 -54
62 -55
63 -82
64 -16
65 -36
66 -16
67 -36
68 -16
69 -55
70 -16
71 -55
72 -27
73 -50
74 -16
75 -40
76 -41
77 -27
78 -41
79 -40
80 -82
81 -16
82 -42
83 -18
84 -40
85 -16
86 -44
87 -50
88 -27
89 -16
90 -40
91 -40
92 -40
93 -16
94 -16
95 -18
96 -57
97 -27
98 -40
99 -55
100 -16
101 -50
102 -16
103 -39
104 -50
105 -55
106 -55
107 -16
108 -40
109 -36
110 -16
111 -40
112 -50
113 -27
114 -36
115 -55
116 -36
117 -55
118 -27
119 -16
120 -55
121 -16
122 -44
123 -27
124 -27
125 -16
126 -27
127 -27
128 -18
129 -50
130 -31
131 -16
132 -44
133 -17
134 -16
135 -57
136 -16
137 -40
138 -46
139 -27
140 -42
141 -40
142 -51
143 -55
144 -36
145 -36
146 -40
147 -16
148 -27
149 -44
150 -16
151 -27
152 -27
153 -40
154 -55
155 -36
156 -16
157 -44
158 -16
159 -55
160 -16
161 -16
162 -16
163 -27
164 -31
165 -36
166 -40
167 -17
168 -42
169 -28
170 -40
171 -52
172 -55
173 -44
174 -16
175 -27
176 -44
177 -17
178 -36
179 -55
180 -16
181 -55
182 -27
183 -50
184 -55
185 -50
186 -36
187 -16
188 -27
189 -55
190 -63
191 -16
192 -16
193 -27
194 -27
195 -42
196 -36
197 -16
198 -16
199 -27
200 -16
201 -16
202 -16
203 -50
204 -19
205 -36
206 -51
207 -50
208 -60
209 -55
210 -18
211 -16
212 -52
213 -16
214 -27
215 -27
216 -36
217 -44
218 -44
219 -36
220 -16
221 -16
222 -27
223 -42
224 -16
225 -36
226 -27
227 -16
228 -16
229 -32
230 -16
231 -16
232 -16
233 -27
234 -28
235 -36
236 -55
237 -56
238 -16
239 -36
240 -27
241 -50
242 -55
243 -27
244 -40
245 -16
246 -40
247 -16
248 -27
249 -27
250 -40
251 -57
252 -50
253 -36
254 -36
255 -27
256 -40
257 -52
258 -20
259 -55
260 -40
261 -37
262 -16
263 -40
264 -36
265 -42
266 -51
267 -16
268 -33
269 -33
270 -16
271 -44
272 -16
273 -40
274 -27
275 -16
276 -50
277 -57
278 -44
279 -16
280 -42
281 -27
282 -55
283 -16
284 -36
285 -27
286 -40
287 -36
288 -36
289 -55
290 -27
291 -28
292 -27
293 -16
294 -27
295 -16
296 -16
297 -47
298 -50
299 -50
300 -44
301 -36
302 -42
303 -52
304 -36
305 -37
306 -36
307 -37
308 -36
309 -27
310 -59
311 -57
312 -50
313 -36
314 -42
315 -16
316 -36
317 -27
318 -27
319 -52
320 -40
321 -40
322 -36
323 -27
324 -36
325 -40
326 -16
327 -27
328 -36
329 -44
330 -16
331 -50
332 -16
333 -16
334 -44
335 -36
336 -27
337 -15
338 -16
339 -40
340 -36
341 -27
342 -16
343 -40
344 -50
345 -50
346 -16
347 -16
348 -50
349 -57
350 -50
351 -50
352 -16
353 -16
354 -36
355 -52
356 -42
357 -16
358 -16
359 -72
360 -40
361 -16
362 -16
363 -40
364 -55
365 -16
366 -36
367 -36
368 -27
369 -51
370 -16
371 -39
372 -27
373 -36
374 -16
375 -55
376 -16
377 -40
378 -50
379 -16
380 -55
381 -27
382 -27
383 -27
384 -16
385 -36
386 -27
387 -27
388 -17
389 -16
390 -40
391 -42
392 -40
393 -27
394 -55
395 -57
396 -16
397 -16
398 -57
399 -50
400 -42
401 -52
402 -40
403 -40
404 -50
405 -36
406 -37
407 -50
408 -27
409 -27
410 -47
411 -44
412 -16
413 -36
414 -16
415 -36
416 -55
417 -16
418 -27
419 -16
420 -37
421 -16
422 -55
423 -16
424 -16
425 -57
426 -46
427 -42
428 -41
429 -16
430 -35
431 -16
432 -27
433 -55
434 -16
435 -27
436 -44
437 -16
438 -50
439 -44
440 -16
441 -55
442 -42
443 -55
444 -40
445 -16
446 -42
447 -16
448 -27
449 -40
450 -36
451 -49
452 -27
453 -16
454 -52
455 -50
456 -40
457 -44
458 -55
459 -36
460 -40
461 -51
462 -27
463 -36
464 -44
465 -27
466 -40
467 -16
468 -16
469 -27
470 -50
471 -26
472 -16
473 -33
474 -40
475 -16
476 -16
477 -50
478 -16
479 -55
480 -74
481 -27
482 -16
483 -42
484 -52
485 -27
486 -55
487 -16
488 -40
489 -62
490 -16
491 -59
492 -40
493 -27
494 -36
495 -49
496 -42
497 -42
498 -40
499 -50
500 -36
501 -16
502 -55
503 -50
504 -40
505 -36
506 -55
507 -57
508 -50
509 -16
510 -16
511 -16
512 -19
513 -16
514 -40
515 -16
516 -50
517 -16
518 -65
519 -16
520 -36
521 -19
522 -55
523 -50
524 -36
525 -41
526 -16
527 -54
528 -42
529 -52
530 -27
531 -42
532 -55
533 -16
534 -40
535 -55
536 -55
537 -27
538 -40
539 -16
540 -27
541 -57
542 -44
543 -52
544 -51
545 -16
546 -27
547 -55
548 -50
549 -55
550 -27
551 -31
552 -16
553 -16
554 -27
555 -16
556 -87
557 -40
558 -18
559 -37
560 -27
561 -16
562 -16
563 -27
564 -56
565 -27
566 -68
567 -16
568 -44
569 -16
570 -16
571 -55
572 -40
573 -36
574 -40
575 -55
576 -16
577 -55
578 -34
579 -16
580 -16
581 -16
582 -29
583 -44
584 -16
585 -50
586 -27
587 -55
588 -40
589 -16
590 -27
591 -39
592 -50
593 -16
594 -50
595 -36
596 -27
597 -40
598 -27
599 -40
600 -16
601 -41
602 -55
603 -36
604 -16
605 -16
606 -40
607 -50
608 -27
609 -16
610 -55
611 -55
612 -40
613 -16
614 -50
615 -46
616 -51
617 -16
618 -16
619 -36
620 -16
621 -16
622 -44
623 -27
624 -55
625 -40
626 -27
627 -27
628 -36
629 -40
630 -16
631 -40
632 -55
633 -27
634 -83
635 -27
636 -36
637 -55
638 -27
639 -52
640 -16
641 -27
642 -36
643 -51
644 -55
645 -55
646 -57
647 -55
648 -55
649 -16
650 -33
651 -16
652 -50
653 -33
654 -16
655 -36
656 -44
657 -50
658 -57
659 -55
660 -16
661 -27
662 -16
663 -40
664 -16
665 -16
666 -50
667 -41
668 -27
669 -40
670 -16
671 -18
672 -17
673 -36
674 -50
675 -36
676 -44
677 -36
678 -57
679 -52
680 -16
681 -16
682 -74
683 -55
684 -40
685 -36
686 -31
687 -42
688 -44
689 -16
690 -36
691 -36
692 -36
693 -42
694 -44
695 -16
696 -41
697 -36
698 -55
699 -39
700 -32
701 -55
702 -82
703 -17
704 -16
705 -16
706 -16
707 -27
708 -36
709 -50
710 -50
711 -31
712 -55
713 -16
714 -38
715 -16
716 -25
717 -27
718 -16
719 -44
720 -55
721 -16
722 -27
723 -36
724 -57
725 -55
726 -42
727 -16
728 -17
729 -36
730 -27
731 -16
732 -51
733 -17
734 -16
735 -55
736 -16
737 -16
738 -50
739 -16
740 -15
741 -18
742 -46
743 -44
744 -27
745 -27
746 -81
747 -16
748 -16
749 -44
750 -27
751 -52
752 -16
753 -55
754 -40
755 -16
756 -36
757 -16
758 -55
759 -27
760 -27
761 -52
762 -36
763 -16
764 -36
765 -51
766 -16
767 -27
768 -53
769 -16
770 -46
771 -27
772 -17
773 -50
774 -29
775 -55
776 -31
777 -17
778 -36
779 -36
780 -16
781 -52
782 -55
783 -16
784 -20
785 -50
786 -50
787 -16
788 -16
789 -16
790 -50
791 -54
792 -51
793 -50
794 -36
795 -40
796 -40
797 -27
798 -55
799 -56
800 -27
801 -50
802 -51
803 -72
804 -55
805 -27
806 -16
807 -27
808 -42
809 -36
810 -16
811 -50
812 -16
813 -55
814 -32
815 -50
816 -17
817 -16
818 -50
819 -16
820 -17
821 -49
822 -16
823 -27
824 -40
825 -16
826 -33
827 -16
828 -16
829 -19
830 -16
831 -55
832 -40
833 -16
834 -50
835 -55
836 -55
837 -27
838 -50
839 -16
840 -17
841 -50
842 -55
843 -16
844 -36
845 -36
846 -55
847 -52
848 -16
849 -42
850 -50
851 -16
852 -27
853 -44
854 -27
855 -16
856 -27
857 -27
858 -44
859 -16
860 -16
861 -41
862 -27
863 -40
864 -32
865 -50
866 -16
867 -36
868 -16
869 -57
870 -49
871 -16
872 -44
873 -50
874 -40
875 -55
876 -40
877 -51
878 -16
879 -40
880 -44
881 -42
882 -36
883 -27
884 -55
885 -40
886 -44
887 -31
888 -29
889 -46
890 -50
891 -39
892 -29
893 -40
894 -16
895 -16
896 -36
897 -36
898 -55
899 -50
900 -36
901 -16
902 -16
903 -55
904 -16
905 -27
906 -40
907 -55
908 -27
909 -31
910 -16
911 -50
912 -16
913 -36
914 -36
915 -55
916 -16
917 -52
918 -51
919 -18
920 -16
921 -44
922 -16
923 -42
924 -40
925 -27
926 -27
927 -33
928 -83
929 -16
930 -36
931 -55
932 -50
933 -16
934 -36
935 -36
936 -40
937 -41
938 -52
939 -16
940 -16
941 -16
942 -55
943 -17
944 -18
945 -55
946 -42
947 -16
948 -16
949 -55
950 -55
951 -16
952 -36
953 -27
954 -55
955 -16
956 -36
957 -36
958 -16
959 -55
960 -16
961 -16
962 -51
963 -16
964 -36
965 -50
966 -40
967 -40
968 -40
969 -51
970 -16
971 -44
972 -16
973 -36
974 -46
975 -50
976 -44
977 -40
978 -40
979 -16
980 -57
981 -51
982 -55
983 -52
984 -36
985 -55
986 -33
987 -33
988 -44
989 -55
990 -50
991 -40
992 -55
993 -18
994 -36
995 -16
996 -44
997 -42
998 -17
999 -42
