0 -27
1 -20
2 -24
3 -16
4 -16
5 -16
6 -16
7 -27
8 -35
9 -17
10 -27
11 -27
12 -50
13 -50
14 -16
15 -51
16 -17
17 -35
18 -16
19 -27
20 -27
21 -16
22 -28
23 -42
24 -55
25 -16
26 -55
27 -27
28 -16
29 -50
30 -17
31 -51
32 -51
33 -27
34 -55
35 -50
36 -17
37 -27
38 -27
39 -55
40 -51
41 -27
42 -35
43 -51
44 -16
45 -50
46 -50
47 -17
48 -50
49 -24
50 -23
51 -51
52 -51
53 -24
54 -27
55 -16
56 -51
57 -24
58 -17
59 -16
60 -55
61 -50
62 -16
63 -50
64 -24
65 -27
66 -27
67 -16
68 -50
69 -55
70 -50
71 -16
72 -51
73 -16
74 -55
75 -35
76 -24
77 -55
78 -24
79 -35
80 -24
81 -50
82 -51
83 -24
84 -27
85 -39
86 -35
87 -50
88 -35
89 -35
90 -16
91 -27
92 -27
93 -27
94 -16
95 -50
96 -48
97 -78
98 -25
99 -27
100 -51
101 -24
102 -24
103 -50
104 -16
105 -16
106 -16
107 -24
108 -24
109 -27
110 -16
111 -16
112 -51
113 -16
114 -50
115 -35
116 -16
117 -51
118 -17
119 -65
120 -42
121 -29
122 -27
123 -27
124 -24
125 -16
126 -24
127 -27
128 -16
129 -27
130 -51
131 -27
132 -27
133 -16
134 -51
135 -16
136 -16
137 -16
138 -16
139 -55
140 -27
141 -35
142 -16
143 -27
144 -35
145 -22
146 -48
147 -16
148 -35
149 -51
150 -17
151 -51
152 -55
153 -51
154 -40
155 -20
156 -27
157 -51
158 -55
159 -27
160 -35
161 -51
162 -16
163 -51
164 -18
165 -55
166 -55
167 -17
168 -16
169 -27
170 -55
171 -16
172 -17
173 -16
174 -35
175 -16
176 -24
177 -17
178 -16
179 -31
180 -51
181 -17
182 -51
183 -16
184 -16
185 -55
186 -16
187 -27
188 -27
189 -50
190 -16
191 -16
192 -16
193 -24
194 -16
195 -27
196 -16
197 -16
198 -50
199 -51
200 -17
201 -24
202 -27
203 -16
204 -51
205 -27
206 -21
207 -16
208 -16
209 -51
210 -35
211 -16
212 -52
213 -16
214 -16
215 -16
216 -50
217 -18
218 -35
219 -16
220 -50
221 -46
222 -27
223 -35
224 -35
225 -16
226 -35
227 -16
228 -38
229 -16
230 -55
231 -17
232 -28
233 -27
234 -55
235 -16
236 -17
237 -17
238 -27
239 -24
240 -55
241 -27
242 -27
243 -27
244 -17
245 -27
246 -16
247 -46
248 -16
249 -50
250 -51
251 -50
252 -35
253 -50
254 -27
255 -16
256 -16
257 -17
258 -35
259 -35
260 -27
261 -16
262 -55
263 -16
264 -16
265 -27
266 -50
267 -16
268 -24
269 -16
270 -27
271 -51
272 -27
273 -17
274 -16
275 -19
276 -50
277 -24
278 -60
279 -27
280 -24
281 -16
282 -24
283 -17
284 -16
285 -55
286 -51
287 -51
288 -35
289 -24
290 -55
291 -48
292 -17
293 -16
294 -55
295 -16
296 -24
297 -16
298 -27
299 -51
300 -55
301 -16
302 -36
303 -16
304 -50
305 -55
306 -47
307 -35
308 -17
309 -35
310 -16
311 -50
312 -27
313 -16
314 -16
315 -28
316 -16
317 -24
318 -50
319 -24
320 -50
321 -16
322 -17
323 -24
324 -17
325 -24
326 -27
327 -41
328 -35
329 -17
330 -51
331 -55
332 -16
333 -27
334 -27
335 -16
336 -16
337 -16
338 -17
339 -51
340 -16
341 -16
342 -27
343 -51
344 -27
345 -24
346 -16
347 -51
348 -16
349 -27
350 -50
351 -27
352 -27
353 -16
354 -14
355 -103
356 -27
357 -16
358 -17
359 -16
360 -55
361 -24
362 -51
363 -16
364 -27
365 -51
366 -35
367 -29
368 -16
369 -16
370 -52
371 -17
372 -50
373 -24
374 -55
375 -35
376 -16
377 -16
378 -35
379 -16
380 -16
381 -55
382 -35
383 -16
384 -24
385 -35
386 -55
387 -59
388 -17
389 -35
390 -35
391 -24
392 -55
393 -35
394 -27
395 -31
396 -17
397 -24
398 -50
399 -17
400 -55
401 -24
402 -16
403 -50
404 -51
405 -36
406 -16
407 -35
408 -16
409 -55
410 -16
411 -17
412 -24
413 -51
414 -16
415 -51
416 -16
417 -16
418 -24
419 -35
420 -16
421 -51
422 -35
423 -55
424 -24
425 -27
426 -27
427 -50
428 -17
429 -27
430 -26
431 -16
432 -35
433 -27
434 -16
435 -16
436 -17
437 -16
438 -17
439 -31
440 -55
441 -27
442 -62
443 -27
444 -55
445 -50
446 -23
447 -55
448 -17
449 -16
450 -16
451 -31
452 -20
453 -50
454 -16
455 -16
456 -35
457 -16
458 -24
459 -17
460 -51
461 -27
462 -24
463 -55
464 -55
465 -50
466 -16
467 -51
468 -16
469 -35
470 -55
471 -16
472 -16
473 -55
474 -35
475 -27
476 -27
477 -55
478 -27
479 -27
480 -27
481 -16
482 -16
483 -35
484 -48
485 -55
486 -24
487 -27
488 -17
489 -35
490 -27
491 -17
492 -55
493 -54
494 -24
495 -38
496 -27
497 -51
498 -24
499 -50
500 -24
501 -17
502 -16
503 -16
504 -16
505 -17
506 -50
507 -16
508 -16
509 -50
510 -23
511 -55
512 -50
513 -24
514 -50
515 -27
516 -55
517 -51
518 -27
519 -24
520 -16
521 -27
522 -16
523 -16
524 -35
525 -55
526 -16
527 -16
528 -17
529 -28
530 -17
531 -16
532 -27
533 -35
534 -27
535 -16
536 -17
537 -17
538 -27
539 -16
540 -16
541 -55
542 -50
543 -16
544 -27
545 -50
546 -55
547 -24
548 -16
549 -35
550 -50
551 -27
552 -50
553 -55
554 -51
555 -16
556 -24
557 -16
558 -28
559 -50
560 -55
561 -50
562 -50
563 -27
564 -27
565 -27
566 -27
567 -50
568 -27
569 -27
570 -17
571 -27
572 -17
573 -55
574 -16
575 -17
576 -27
577 -55
578 -27
579 -27
580 -27
581 -16
582 -27
583 -17
584 -51
585 -51
586 -17
587 -55
588 -27
589 -27
590 -24
591 -17
592 -37
593 -32
594 -24
595 -17
596 -16
597 -27
598 -27
599 -27
600 -50
601 -16
602 -16
603 -27
604 -24
605 -35
606 -27
607 -51
608 -50
609 -16
610 -17
611 -35
612 -50
613 -27
614 -37
615 -17
616 -16
617 -55
618 -16
619 -51
620 -35
621 -27
622 -55
623 -27
624 -50
625 -24
626 -17
627 -49
628 -50
629 -35
630 -51
631 -35
632 -27
633 -16
634 -18
635 -51
636 -35
637 -27
638 -16
639 -50
640 -50
641 -27
642 -55
643 -51
644 -20
645 -17
646 -51
647 -17
648 -25
649 -55
650 -24
651 -17
652 -51
653 -24
654 -17
655 -51
656 -65
657 -50
658 -50
659 -40
660 -35
661 -16
662 -22
663 -24
664 -16
665 -16
666 -55
667 -55
668 -51
669 -17
670 -16
671 -16
672 -17
673 -27
674 -51
675 -51
676 -35
677 -51
678 -16
679 -16
680 -35
681 -55
682 -16
683 -16
684 -55
685 -55
686 -27
687 -24
688 -20
689 -50
690 -27
691 -16
692 -50
693 -16
694 -16
695 -16
696 -24
697 -17
698 -16
699 -16
700 -17
701 -16
702 -51
703 -16
704 -16
705 -27
706 -27
707 -48
708 -16
709 -27
710 -27
711 -16
712 -20
713 -27
714 -27
715 -16
716 -72
717 -27
718 -50
719 -24
720 -51
721 -55
722 -16
723 -51
724 -35
725 -51
726 -16
727 -55
728 -52
729 -27
730 -16
731 -27
732 -27
733 -27
734 -27
735 -16
736 -16
737 -24
738 -16
739 -17
740 -35
741 -16
742 -27
743 -51
744 -17
745 -35
746 -17
747 -16
748 -17
749 -17
750 -16
751 -16
752 -51
753 -17
754 -17
755 -16
756 -16
757 -17
758 -24
759 -55
760 -16
761 -16
762 -27
763 -35
764 -27
765 -27
766 -41
767 -50
768 -27
769 -16
770 -55
771 -27
772 -35
773 -24
774 -52
775 -16
776 -24
777 -51
778 -16
779 -27
780 -17
781 -16
782 -16
783 -50
784 -24
785 -16
786 -16
787 -16
788 -27
789 -24
790 -17
791 -54
792 -27
793 -51
794 -27
795 -32
796 -27
797 -35
798 -16
799 -73
800 -24
801 -35
802 -35
803 -55
804 -27
805 -82
806 -16
807 -15
808 -16
809 -16
810 -16
811 -16
812 -24
813 -24
814 -23
815 -16
816 -50
817 -17
818 -55
819 -27
820 -35
821 -31
822 -27
823 -51
824 -55
825 -24
826 -27
827 -51
828 -49
829 -35
830 -27
831 -55
832 -16
833 -17
834 -16
835 -27
836 -25
837 -16
838 -27
839 -55
840 -16
841 -17
842 -17
843 -50
844 -24
845 -51
846 -55
847 -17
848 -59
849 -16
850 -27
851 -39
852 -16
853 -24
854 -16
855 -24
856 -16
857 -55
858 -27
859 -51
860 -16
861 -27
862 -55
863 -16
864 -52
865 -45
866 -24
867 -51
868 -55
869 -27
870 -17
871 -16
872 -24
873 -27
874 -16
875 -16
876 -51
877 -50
878 -16
879 -50
880 -35
881 -27
882 -59
883 -24
884 -35
885 -35
886 -16
887 -16
888 -17
889 -56
890 -51
891 -50
892 -54
893 -35
894 -16
895 -50
896 -16
897 -16
898 -16
899 -16
900 -17
901 -35
902 -16
903 -27
904 -51
905 -17
906 -16
907 -16
908 -55
909 -88
910 -51
911 -24
912 -51
913 -16
914 -16
915 -24
916 -17
917 -16
918 -24
919 -16
920 -24
921 -41
922 -27
923 -51
924 -51
925 -17
926 -16
927 -24
928 -24
929 -35
930 -50
931 -55
932 -16
933 -35
934 -21
935 -27
936 -16
937 -24
938 -16
939 -51
940 -16
941 -51
942 -27
943 -16
944 -16
945 -27
946 -24
947 -50
948 -16
949 -16
950 -16
951 -16
952 -56
953 -16
954 -27
955 -50
956 -27
957 -17
958 -24
959 -51
960 -24
961 -50
962 -51
963 -24
964 -50
965 -27
966 -27
967 -16
968 -16
969 -16
970 -51
971 -16
972 -50
973 -27
974 -24
975 -16
976 -50
977 -50
978 -35
979 -16
980 -24
981 -50
982 -44
983 -16
984 -27
985 -50
986 -24
987 -35
988 -50
989 -16
990 -16
991 -16
992 -17
993 -24
994 -27
995 -55
996 -16
997 -16
998 -24
999 -51
