0 -36
1 -16
2 -55
3 -16
4 -27
5 -55
6 -16
7 -16
8 -16
9 -16
10 -24
11 -24
12 -24
13 -16
14 -54
15 -16
16 -55
17 -27
18 -17
19 -50
20 -16
21 -43
22 -27
23 -16
24 -18
25 -27
26 -16
27 -57
28 -57
29 -16
30 -16
31 -36
32 -51
33 -50
34 -36
35 -27
36 -16
37 -47
38 -24
39 -48
40 -27
41 -55
42 -23
43 -16
44 -17
45 -24
46 -24
47 -16
48 -51
49 -17
50 -51
51 -16
52 -57
53 -55
54 -17
55 -23
56 -55
57 -51
58 -43
59 -51
60 -24
61 -15
62 -16
63 -17
64 -24
65 -17
66 -16
67 -16
68 -16
69 -83
70 -57
71 -17
72 -50
73 -17
74 -15
75 -27
76 -34
77 -24
78 -24
79 -16
80 -24
81 -51
82 -55
83 -16
84 -36
85 -16
86 -34
87 -55
88 -50
89 -16
90 -50
91 -51
92 -55
93 -27
94 -50
95 -50
96 -36
97 -16
98 -24
99 -17
100 -46
101 -51
102 -50
103 -51
104 -27
105 -16
106 -16
107 -17
108 -55
109 -51
110 -31
111 -16
112 -17
113 -16
114 -26
115 -51
116 -16
117 -50
118 -16
119 -55
120 -55
121 -16
122 -16
123 -24
124 -16
125 -18
126 -51
127 -16
128 -16
129 -17
130 -16
131 -50
132 -16
133 -15
134 -50
135 -16
136 -16
137 -36
138 -55
139 -55
140 -24
141 -71
142 -16
143 -24
144 -89
145 -62
146 -16
147 -51
148 -27
149 -16
150 -24
151 -16
152 -24
153 -55
154 -27
155 -27
156 -26
157 -17
158 -17
159 -16
160 -16
161 -16
162 -16
163 -50
164 -34
165 -51
166 -27
167 -51
168 -24
169 -55
170 -16
171 -36
172 -27
173 -51
174 -35
175 -16
176 -16
177 -19
178 -50
179 -55
180 -16
181 -16
182 -57
183 -27
184 -17
185 -55
186 -53
187 -57
188 -17
189 -16
190 -16
191 -20
192 -27
193 -34
194 -46
195 -43
196 -16
197 -17
198 -24
199 -21
200 -17
201 -50
202 -17
203 -24
204 -27
205 -17
206 -54
207 -51
208 -24
209 -16
210 -34
211 -55
212 -36
213 -16
214 -27
215 -44
216 -50
217 -55
218 -17
219 -34
220 -38
221 -16
222 -16
223 -55
224 -18
225 -27
226 -19
227 -40
228 -17
229 -55
230 -29
231 -16
232 -27
233 -53
234 -51
235 -40
236 -16
237 -50
238 -27
239 -55
240 -54
241 -17
242 -16
243 -51
244 -17
245 -16
246 -29
247 -57
248 -32
249 -27
250 -16
251 -16
252 -50
253 -16
254 -17
255 -16
256 -24
257 -50
258 -34
259 -16
260 -57
261 -16
262 -27
263 -27
264 -27
265 -55
266 -16
267 -16
268 -16
269 -16
270 -24
271 -50
272 -27
273 -16
274 -23
275 -16
276 -16
277 -50
278 -24
279 -18
280 -16
281 -16
282 -55
283 -16
284 -16
285 -16
286 -15
287 -34
288 -47
289 -17
290 -27
291 -27
292 -50
293 -16
294 -27
295 -55
296 -51
297 -51
298 -27
299 -55
300 -24
301 -31
302 -24
303 -16
304 -55
305 -24
306 -27
307 -55
308 -66
309 -27
310 -27
311 -25
312 -68
313 -51
314 -24
315 -36
316 -16
317 -16
318 -36
319 -68
320 -16
321 -65
322 -16
323 -16
324 -24
325 -53
326 -16
327 -17
328 -30
329 -53
330 -17
331 -16
332 -50
333 -62
334 -51
335 -24
336 -16
337 -16
338 -34
339 -36
340 -16
341 -57
342 -43
343 -16
344 -16
345 -41
346 -20
347 -45
348 -16
349 -55
350 -24
351 -17
352 -17
353 -55
354 -16
355 -16
356 -16
357 -34
358 -16
359 -57
360 -31
361 -36
362 -24
363 -50
364 -27
365 -16
366 -16
367 -27
368 -53
369 -54
370 -48
371 -16
372 -16
373 -24
374 -41
375 -17
376 -55
377 -17
378 -55
379 -51
380 -63
381 -16
382 -50
383 -50
384 -27
385 -45
386 -49
387 -57
388 -55
389 -24
390 -34
391 -43
392 -16
393 -50
394 -16
395 -17
396 -17
397 -55
398 -36
399 -24
400 -27
401 -17
402 -16
403 -49
404 -36
405 -63
406 -24
407 -24
408 -43
409 -24
410 -71
411 -16
412 -55
413 -24
414 -55
415 -17
416 -16
417 -16
418 -24
419 -54
420 -16
421 -34
422 -16
423 -16
424 -55
425 -51
426 -57
427 -51
428 -24
429 -17
430 -50
431 -27
432 -60
433 -24
434 -16
435 -24
436 -26
437 -17
438 -24
439 -17
440 -51
441 -16
442 -51
443 -57
444 -51
445 -51
446 -16
447 -16
448 -24
449 -16
450 -27
451 -16
452 -55
453 -17
454 -27
455 -18
456 -27
457 -16
458 -36
459 -16
460 -50
461 -51
462 -51
463 -36
464 -50
465 -16
466 -51
467 -16
468 -17
469 -16
470 -51
471 -27
472 -71
473 -51
474 -16
475 -17
476 -31
477 -50
478 -50
479 -55
480 -59
481 -20
482 -16
483 -16
484 -27
485 -17
486 -16
487 -50
488 -17
489 -16
490 -50
491 -33
492 -50
493 -16
494 -16
495 -17
496 -57
497 -35
498 -17
499 -27
500 -51
501 -16
502 -16
503 -36
504 -16
505 -17
506 -36
507 -50
508 -24
509 -17
510 -55
511 -50
512 -54
513 -16
514 -16
515 -55
516 -27
517 -50
518 -27
519 -16
520 -20
521 -36
522 -52
523 -27
524 -27
525 -16
526 -24
527 -16
528 -59
529 -50
530 -27
531 -27
532 -17
533 -24
534 -16
535 -27
536 -24
537 -55
538 -24
539 -36
540 -36
541 -27
542 -50
543 -50
544 -24
545 -16
546 -51
547 -16
548 -27
549 -16
550 -55
551 -52
552 -16
553 -36
554 -36
555 -62
556 -16
557 -50
558 -16
559 -68
560 -34
561 -16
562 -33
563 -16
564 -57
565 -24
566 -36
567 -16
568 -51
569 -36
570 -27
571 -50
572 -57
573 -51
574 -17
575 -16
576 -32
577 -34
578 -27
579 -45
580 -71
581 -16
582 -51
583 -24
584 -55
585 -50
586 -24
587 -16
588 -50
589 -16
590 -16
591 -55
592 -16
593 -50
594 -24
595 -17
596 -55
597 -36
598 -16
599 -87
600 -53
601 -24
602 -27
603 -16
604 -55
605 -16
606 -16
607 -24
608 -34
609 -55
610 -53
611 -43
612 -57
613 -51
614 -35
615 -41
616 -51
617 -50
618 -50
619 -50
620 -50
621 -17
622 -50
623 -16
624 -38
625 -16
626 -50
627 -16
628 -55
629 -24
630 -51
631 -22
632 -16
633 -50
634 -16
635 -55
636 -50
637 -39
638 -16
639 -15
640 -51
641 -51
642 -55
643 -50
644 -55
645 -16
646 -68
647 -50
648 -27
649 -15
650 -43
651 -55
652 -24
653 -36
654 -55
655 -16
656 -36
657 -27
658 -19
659 -66
660 -55
661 -51
662 -16
663 -24
664 -27
665 -16
666 -17
667 -50
668 -83
669 -51
670 -50
671 -17
672 -83
673 -17
674 -55
675 -55
676 -16
677 -50
678 -16
679 -55
680 -50
681 -16
682 -16
683 -50
684 -18
685 -51
686 -58
687 -16
688 -16
689 -27
690 -17
691 -24
692 -17
693 -51
694 -24
695 -16
696 -16
697 -27
698 -86
699 -55
700 -32
701 -16
702 -20
703 -50
704 -16
705 -55
706 -16
707 -36
708 -24
709 -16
710 -50
711 -16
712 -16
713 -55
714 -51
715 -27
716 -50
717 -55
718 -51
719 -17
720 -71
721 -27
722 -27
723 -50
724 -51
725 -16
726 -51
727 -16
728 -53
729 -27
730 -16
731 -17
732 -17
733 -16
734 -51
735 -15
736 -16
737 -50
738 -51
739 -17
740 -24
741 -27
742 -16
743 -16
744 -36
745 -27
746 -16
747 -27
748 -83
749 -55
750 -43
751 -27
752 -51
753 -27
754 -16
755 -71
756 -17
757 -51
758 -36
759 -25
760 -51
761 -16
762 -16
763 -54
764 -53
765 -57
766 -51
767 -15
768 -27
769 -36
770 -53
771 -16
772 -16
773 -17
774 -47
775 -27
776 -57
777 -57
778 -16
779 -55
780 -55
781 -24
782 -16
783 -16
784 -16
785 -16
786 -17
787 -17
788 -31
789 -16
790 -51
791 -55
792 -16
793 -24
794 -55
795 -20
796 -51
797 -16
798 -83
799 -36
800 -55
801 -68
802 -55
803 -16
804 -54
805 -24
806 -51
807 -17
808 -27
809 -34
810 -27
811 -37
812 -27
813 -50
814 -85
815 -16
816 -27
817 -24
818 -36
819 -27
820 -24
821 -50
822 -16
823 -17
824 -36
825 -27
826 -50
827 -20
828 -16
829 -50
830 -24
831 -16
832 -55
833 -16
834 -41
835 -24
836 -50
837 -71
838 -15
839 -50
840 -32
841 -51
842 -41
843 -27
844 -16
845 -24
846 -17
847 -17
848 -27
849 -27
850 -27
851 -35
852 -33
853 -27
854 -17
855 -50
856 -16
857 -16
858 -51
859 -25
860 -34
861 -36
862 -31
863 -51
864 -55
865 -90
866 -27
867 -50
868 -16
869 -34
870 -36
871 -51
872 -55
873 -50
874 -13
875 -51
876 -36
877 -16
878 -16
879 -51
880 -51
881 -55
882 -34
883 -74
884 -34
885 -17
886 -27
887 -27
888 -16
889 -54
890 -16
891 -55
892 -27
893 -16
894 -51
895 -27
896 -16
897 -16
898 -57
899 -28
900 -17
901 -16
902 -65
903 -24
904 -50
905 -36
906 -16
907 -50
908 -24
909 -51
910 -24
911 -16
912 -77
913 -28
914 -38
915 -88
916 -34
917 -53
918 -51
919 -55
920 -51
921 -72
922 -50
923 -36
924 -16
925 -16
926 -16
927 -16
928 -50
929 -29
930 -24
931 -63
932 -16
933 -24
934 -34
935 -59
936 -51
937 -66
938 -50
939 -24
940 -21
941 -54
942 -55
943 -36
944 -71
945 -24
946 -55
947 -66
948 -24
949 -51
950 -17
951 -51
952 -57
953 -16
954 -50
955 -16
956 -67
957 -36
958 -57
959 -54
960 -34
961 -54
962 -50
963 -51
964 -50
965 -24
966 -24
967 -55
968 -50
969 -17
970 -41
971 -17
972 -15
973 -27
974 -55
975 -16
976 -51
977 -21
978 -17
979 -24
980 -16
981 -34
982 -24
983 -27
984 -27
985 -43
986 -16
987 -24
988 -50
989 -21
990 -55
991 -55
992 -47
993 -16
994 -24
995 -17
996 -16
997 -35
998 -17
999 -17
