0 -16
1 -16
2 -25
3 -38
4 -25
5 -16
6 -36
7 -67
8 -44
9 -16
10 -36
11 -27
12 -16
13 -36
14 -25
15 -16
16 -50
17 -44
18 -16
19 -16
20 -55
21 -66
22 -50
23 -50
24 -50
25 -25
26 -16
27 -38
28 -50
29 -50
30 -55
31 -44
32 -17
33 -16
34 -54
35 -50
36 -44
37 -16
38 -36
39 -18
40 -36
41 -43
42 -55
43 -48
44 -47
45 -16
46 -16
47 -16
48 -16
49 -17
50 -25
51 -33
52 -25
53 -36
54 -17
55 -35
56 -55
57 -50
58 -36
59 -31
60 -78
61 -16
62 -16
63 -50
64 -16
65 -48
66 -36
67 -55
68 -16
69 -37
70 -25
71 -67
72 -50
73 -44
74 -35
75 -27
76 -36
77 -17
78 -44
79 -55
80 -50
81 -44
82 -55
83 -36
84 -27
85 -16
86 -50
87 -41
88 -16
89 -50
90 -16
91 -25
92 -20
93 -25
94 -36
95 -36
96 -16
97 -50
98 -44
99 -16
100 -36
101 -25
102 -55
103 -16
104 -44
105 -17
106 -50
107 -23
108 -25
109 -16
110 -16
111 -16
112 -16
113 -16
114 -17
115 -30
116 -33
117 -36
118 -27
119 -36
120 -36
121 -17
122 -25
123 -50
124 -55
125 -25
126 -16
127 -82
128 -17
129 -17
130 -50
131 -17
132 -36
133 -27
134 -44
135 -16
136 -20
137 -25
138 -56
139 -25
140 -16
141 -16
142 -36
143 -25
144 -25
145 -16
146 -44
147 -36
148 -55
149 -25
150 -17
151 -16
152 -44
153 -38
154 -17
155 -37
156 -44
157 -38
158 -36
159 -38
160 -30
161 -55
162 -44
163 -25
164 -16
165 -41
166 -27
167 -25
168 -27
169 -17
170 -16
171 -50
172 -36
173 -44
174 -50
175 -16
176 -17
177 -14
178 -50
179 -16
180 -16
181 -16
182 -17
183 -44
184 -44
185 -16
186 -16
187 -43
188 -93
189 -36
190 -14
191 -50
192 -16
193 -55
194 -38
195 -16
196 -36
197 -20
198 -44
199 -44
200 -50
201 -17
202 -55
203 -35
204 -35
205 -25
206 -16
207 -44
208 -55
209 -44
210 -57
211 -16
212 -16
213 -16
214 -21
215 -25
216 -55
217 -16
218 -50
219 -17
220 -16
221 -50
222 -35
223 -44
224 -50
225 -36
226 -35
227 -25
228 -16
229 -35
230 -43
231 -16
232 -44
233 -16
234 -52
235 -16
236 -37
237 -16
238 -16
239 -50
240 -50
241 -35
242 -44
243 -55
244 -50
245 -44
246 -50
247 -40
248 -16
249 -55
250 -16
251 -19
252 -16
253 -36
254 -26
255 -50
256 -25
257 -17
258 -40
259 -25
260 -36
261 -28
262 -16
263 -50
264 -16
265 -53
266 -64
267 -55
268 -25
269 -36
270 -38
271 -25
272 -25
273 -44
274 -55
275 -54
276 -38
277 -16
278 -25
279 -17
280 -27
281 -16
282 -50
283 -36
284 -16
285 -16
286 -50
287 -16
288 -16
289 -36
290 -35
291 -33
292 -50
293 -25
294 -65
295 -16
296 -44
297 -36
298 -17
299 -55
300 -18
301 -44
302 -55
303 -55
304 -16
305 -36
306 -35
307 -16
308 -27
309 -17
310 -16
311 -16
312 -38
313 -25
314 -17
315 -14
316 -24
317 -35
318 -16
319 -25
320 -17
321 -36
322 -35
323 -55
324 -36
325 -52
326 -44
327 -17
328 -54
329 -20
330 -25
331 -50
332 -16
333 -36
334 -56
335 -17
336 -16
337 -16
338 -16
339 -25
340 -35
341 -24
342 -43
343 -35
344 -18
345 -16
346 -17
347 -25
348 -35
349 -44
350 -16
351 -36
352 -17
353 -36
354 -17
355 -44
356 -36
357 -55
358 -25
359 -35
360 -33
361 -16
362 -44
363 -59
364 -41
365 -16
366 -44
367 -16
368 -35
369 -35
370 -16
371 -36
372 -25
373 -16
374 -35
375 -16
376 -25
377 -17
378 -36
379 -25
380 -52
381 -16
382 -35
383 -50
384 -16
385 -16
386 -43
387 -35
388 -16
389 -17
390 -25
391 -16
392 -55
393 -50
394 -14
395 -52
396 -59
397 -50
398 -16
399 -38
400 -16
401 -31
402 -17
403 -16
404 -25
405 -16
406 -35
407 -16
408 -25
409 -44
410 -44
411 -16
412 -17
413 -16
414 -16
415 -25
416 -16
417 -16
418 -35
419 -17
420 -36
421 -17
422 -25
423 -24
424 -35
425 -50
426 -44
427 -17
428 -25
429 -44
430 -25
431 -37
432 -16
433 -35
434 -36
435 -16
436 -44
437 -17
438 -16
439 -25
440 -55
441 -35
442 -44
443 -44
444 -30
445 -16
446 -19
447 -37
448 -81
449 -16
450 -35
451 -25
452 -16
453 -16
454 -36
455 -20
456 -16
457 -16
458 -55
459 -16
460 -17
461 -44
462 -61
463 -16
464 -25
465 -36
466 -17
467 -16
468 -16
469 -35
470 -16
471 -16
472 -50
473 -36
474 -16
475 -44
476 -36
477 -35
478 -55
479 -51
480 -16
481 -35
482 -16
483 -50
484 -55
485 -55
486 -44
487 -55
488 -50
489 -16
490 -36
491 -44
492 -35
493 -16
494 -16
495 -35
496 -56
497 -16
498 -50
499 -35
500 -44
501 -35
502 -17
503 -16
504 -44
505 -19
506 -16
507 -36
508 -16
509 -25
510 -36
511 -16
512 -50
513 -50
514 -44
515 -38
516 -16
517 -48
518 -25
519 -27
520 -55
521 -45
522 -37
523 -16
524 -36
525 -16
526 -35
527 -44
528 -16
529 -25
530 -16
531 -55
532 -35
533 -44
534 -35
535 -55
536 -16
537 -16
538 -44
539 -16
540 -16
541 -16
542 -16
543 -35
544 -17
545 -35
546 -55
547 -50
548 -36
549 -16
550 -16
551 -16
552 -56
553 -50
554 -55
555 -56
556 -35
557 -33
558 -36
559 -44
560 -50
561 -16
562 -50
563 -16
564 -16
565 -55
566 -38
567 -16
568 -35
569 -16
570 -44
571 -16
572 -17
573 -36
574 -55
575 -16
576 -17
577 -16
578 -36
579 -44
580 -49
581 -38
582 -25
583 -16
584 -36
585 -55
586 -17
587 -16
588 -51
589 -35
590 -36
591 -87
592 -44
593 -35
594 -22
595 -22
596 -26
597 -35
598 -36
599 -55
600 -35
601 -36
602 -14
603 -16
604 -36
605 -16
606 -55
607 -16
608 -50
609 -44
610 -17
611 -55
612 -48
613 -16
614 -56
615 -18
616 -16
617 -50
618 -25
619 -16
620 -50
621 -36
622 -16
623 -25
624 -44
625 -17
626 -44
627 -61
628 -55
629 -17
630 -35
631 -44
632 -35
633 -50
634 -25
635 -44
636 -16
637 -16
638 -16
639 -16
640 -36
641 -16
642 -16
643 -16
644 -17
645 -25
646 -16
647 -35
648 -55
649 -16
650 -14
651 -49
652 -35
653 -16
654 -36
655 -44
656 -16
657 -25
658 -50
659 -16
660 -25
661 -16
662 -16
663 -14
664 -36
665 -18
666 -22
667 -51
668 -17
669 -35
670 -16
671 -17
672 -33
673 -18
674 -16
675 -16
676 -16
677 -36
678 -35
679 -16
680 -16
681 -24
682 -16
683 -25
684 -77
685 -55
686 -55
687 -33
688 -17
689 -16
690 -16
691 -36
692 -36
693 -67
694 -16
695 -55
696 -16
697 -17
698 -16
699 -50
700 -35
701 -35
702 -17
703 -44
704 -50
705 -25
706 -36
707 -35
708 -16
709 -16
710 -16
711 -17
712 -50
713 -16
714 -15
715 -16
716 -38
717 -25
718 -36
719 -17
720 -25
721 -33
722 -36
723 -36
724 -44
725 -44
726 -17
727 -16
728 -21
729 -50
730 -44
731 -50
732 -43
733 -16
734 -50
735 -44
736 -35
737 -25
738 -61
739 -55
740 -38
741 -25
742 -25
743 -36
744 -36
745 -25
746 -36
747 -17
748 -16
749 -16
750 -48
751 -55
752 -36
753 -56
754 -55
755 -17
756 -55
757 -35
758 -16
759 -44
760 -18
761 -57
762 -56
763 -35
764 -55
765 -16
766 -40
767 -16
768 -55
769 -44
770 -55
771 -44
772 -36
773 -25
774 -82
775 -17
776 -16
777 -16
778 -35
779 -35
780 -35
781 -55
782 -20
783 -54
784 -16
785 -55
786 -35
787 -35
788 -50
789 -16
790 -50
791 -17
792 -16
793 -35
794 -35
795 -17
796 -16
797 -44
798 -20
799 -27
800 -42
801 -17
802 -16
803 -44
804 -16
805 -44
806 -16
807 -35
808 -16
809 -55
810 -16
811 -16
812 -35
813 -25
814 -55
815 -17
816 -44
817 -16
818 -38
819 -36
820 -35
821 -16
822 -44
823 -25
824 -16
825 -55
826 -16
827 -50
828 -33
829 -44
830 -44
831 -25
832 -36
833 -55
834 -17
835 -36
836 -38
837 -50
838 -16
839 -16
840 -44
841 -43
842 -55
843 -36
844 -36
845 -50
846 -17
847 -17
848 -36
849 -16
850 -22
851 -55
852 -55
853 -25
854 -16
855 -55
856 -16
857 -50
858 -33
859 -50
860 -17
861 -16
862 -44
863 -36
864 -16
865 -16
866 -44
867 -17
868 -17
869 -55
870 -50
871 -43
872 -55
873 -17
874 -16
875 -35
876 -17
877 -20
878 -15
879 -35
880 -16
881 -25
882 -16
883 -16
884 -17
885 -50
886 -38
887 -55
888 -16
889 -16
890 -44
891 -16
892 -55
893 -16
894 -61
895 -16
896 -38
897 -55
898 -16
899 -17
900 -44
901 -36
902 -25
903 -16
904 -16
905 -55
906 -36
907 -25
908 -25
909 -25
910 -35
911 -56
912 -35
913 -50
914 -50
915 -36
916 -38
917 -50
918 -45
919 -16
920 -50
921 -17
922 -36
923 -36
924 -38
925 -25
926 -35
927 -55
928 -50
929 -14
930 -55
931 -44
932 -22
933 -50
934 -25
935 -36
936 -35
937 -35
938 -17
939 -16
940 -16
941 -51
942 -16
943 -16
944 -17
945 -38
946 -16
947 -35
948 -16
949 -16
950 -17
951 -16
952 -25
953 -35
954 -16
955 -51
956 -50
957 -16
958 -35
959 -36
960 -57
961 -37
962 -55
963 -44
964 -54
965 -17
966 -25
967 -35
968 -16
969 -16
970 -50
971 -36
972 -44
973 -55
974 -16
975 -35
976 -35
977 -44
978 -55
979 -55
980 -44
981 -44
982 -50
983 -25
984 -55
985 -16
986 -16
987 -16
988 -55
989 -33
990 -55
991 -20
992 -35
993 -55
994 -16
995 -36
996 -36
997 -55
998 -16
999 -36
