0 -57
1 -52
2 -48
3 -48
4 -75
5 -48
6 -48
7 -17
8 -48
9 -41
10 -57
11 -40
12 -42
13 -48
14 -41
15 -26
16 -36
17 -57
18 -66
19 -57
20 -61
21 -63
22 -42
23 -51
24 -69
25 -48
26 -36
27 -61
28 -42
29 -98
30 -48
31 -37
32 -48
33 -48
34 -41
35 -41
36 -37
37 -43
38 -48
39 -41
40 -36
41 -48
42 -32
43 -57
44 -85
45 -57
46 -103
47 -65
48 -41
49 -57
50 -57
51 -40
52 -41
53 -67
54 -38
55 -57
56 -44
57 -41
58 -70
59 -72
60 -103
61 -41
62 -48
63 -48
64 -57
65 -48
66 -70
67 -41
68 -52
69 -27
70 -30
71 -57
72 -40
73 -48
74 -30
75 -44
76 -30
77 -57
78 -42
79 -70
80 -38
81 -41
82 -66
83 -30
84 -41
85 -38
86 -70
87 -57
88 -41
89 -30
90 -41
91 -15
92 -48
93 -35
94 -66
95 -56
96 -94
97 -57
98 -74
99 -33
100 -48
101 -39
102 -26
103 -56
104 -40
105 -24
106 -41
107 -42
108 -38
109 -57
110 -72
111 -47
112 -34
113 -41
114 -48
115 -41
116 -15
117 -29
118 -41
119 -57
120 -48
121 -52
122 -41
123 -41
124 -32
125 -17
126 -41
127 -70
128 -42
129 -66
130 -41
131 -52
132 -30
133 -39
134 -48
135 -48
136 -15
137 -43
138 -38
139 -24
140 -38
141 -24
142 -70
143 -66
144 -62
145 -26
146 -21
147 -39
148 -40
149 -46
150 -37
151 -38
152 -42
153 -40
154 -36
155 -48
156 -31
157 -65
158 -57
159 -32
160 -41
161 -51
162 -20
163 -41
164 -47
165 -41
166 -33
167 -57
168 -41
169 -62
170 -66
171 -40
172 -57
173 -57
174 -56
175 -48
176 -57
177 -41
178 -48
179 -56
180 -27
181 -66
182 -55
183 -21
184 -48
185 -52
186 -41
187 -51
188 -46
189 -42
190 -62
191 -27
192 -66
193 -31
194 -24
195 -41
196 -49
197 -36
198 -55
199 -57
200 -51
201 -42
202 -20
203 -55
204 -31
205 -57
206 -19
207 -39
208 -36
209 -61
210 -29
211 -41
212 -106
213 -48
214 -66
215 -61
216 -41
217 -31
218 -49
219 -103
220 -48
221 -41
222 -94
223 -57
224 -30
225 -48
226 -40
227 -26
228 -57
229 -38
230 -26
231 -47
232 -48
233 -39
234 -34
235 -57
236 -57
237 -51
238 -48
239 -32
240 -57
241 -42
242 -65
243 -48
244 -52
245 -49
246 -36
247 -41
248 -61
249 -41
250 -41
251 -38
252 -41
253 -41
254 -52
255 -39
256 -24
257 -41
258 -81
259 -48
260 -57
261 -41
262 -42
263 -51
264 -42
265 -26
266 -48
267 -47
268 -48
269 -39
270 -48
271 -36
272 -51
273 -35
274 -38
275 -52
276 -40
277 -51
278 -65
279 -22
280 -39
281 -15
282 -55
283 -65
284 -57
285 -41
286 -40
287 -41
288 -41
289 -82
290 -41
291 -57
292 -70
293 -59
294 -25
295 -52
296 -42
297 -48
298 -57
299 -61
300 -41
301 -48
302 -65
303 -57
304 -33
305 -49
306 -41
307 -56
308 -55
309 -52
310 -48
311 -57
312 -65
313 -48
314 -48
315 -66
316 -33
317 -38
318 -48
319 -25
320 -51
321 -42
322 -48
323 -70
324 -26
325 -59
326 -48
327 -41
328 -41
329 -42
330 -36
331 -49
332 -41
333 -70
334 -30
335 -51
336 -41
337 -15
338 -49
339 -40
340 -57
341 -51
342 -48
343 -17
344 -47
345 -48
346 -21
347 -52
348 -37
349 -70
350 -56
351 -33
352 -41
353 -57
354 -57
355 -70
356 -52
357 -61
358 -30
359 -36
360 -70
361 -24
362 -32
363 -41
364 -40
365 -41
366 -70
367 -41
368 -52
369 -30
370 -31
371 -50
372 -51
373 -39
374 -43
375 -57
376 -42
377 -24
378 -41
379 -51
380 -49
381 -41
382 -48
383 -53
384 -56
385 -57
386 -70
387 -37
388 -64
389 -41
390 -61
391 -58
392 -60
393 -27
394 -48
395 -85
396 -48
397 -25
398 -42
399 -41
400 -42
401 -34
402 -48
403 -48
404 -49
405 -61
406 -98
407 -56
408 -31
409 -46
410 -43
411 -40
412 -49
413 -25
414 -36
415 -32
416 -48
417 -31
418 -39
419 -42
420 -57
421 -81
422 -51
423 -23
424 -61
425 -23
426 -36
427 -48
428 -56
429 -41
430 -57
431 -48
432 -34
433 -41
434 -25
435 -48
436 -36
437 -42
438 -48
439 -37
440 -52
441 -48
442 -39
443 -57
444 -63
445 -48
446 -55
447 -41
448 -18
449 -30
450 -40
451 -52
452 -61
453 -41
454 -41
455 -57
456 -42
457 -48
458 -37
459 -41
460 -51
461 -40
462 -42
463 -48
464 -33
465 -41
466 -48
467 -57
468 -22
469 -41
470 -38
471 -15
472 -70
473 -19
474 -48
475 -57
476 -41
477 -48
478 -39
479 -35
480 -30
481 -41
482 -48
483 -43
484 -48
485 -25
486 -40
487 -39
488 -33
489 -41
490 -57
491 -56
492 -57
493 -51
494 -27
495 -27
496 -52
497 -41
498 -58
499 -48
500 -36
501 -48
502 -37
503 -57
504 -57
505 -51
506 -42
507 -42
508 -54
509 -52
510 -46
511 -70
512 -41
513 -41
514 -41
515 -42
516 -48
517 -70
518 -69
519 -48
520 -41
521 -48
522 -41
523 -52
524 -47
525 -44
526 -44
527 -69
528 -61
529 -61
530 -61
531 -51
532 -48
533 -48
534 -37
535 -48
536 -60
537 -41
538 -70
539 -41
540 -48
541 -48
542 -57
543 -41
544 -46
545 -31
546 -35
547 -51
548 -66
549 -17
550 -40
551 -65
552 -36
553 -37
554 -66
555 -42
556 -57
557 -47
558 -57
559 -48
560 -67
561 -41
562 -89
563 -48
564 -48
565 -36
566 -47
567 -48
568 -56
569 -57
570 -81
571 -56
572 -22
573 -67
574 -55
575 -65
576 -29
577 -47
578 -59
579 -41
580 -48
581 -40
582 -40
583 -30
584 -48
585 -41
586 -57
587 -48
588 -42
589 -18
590 -42
591 -41
592 -41
593 -81
594 -30
595 -37
596 -65
597 -66
598 -47
599 -14
600 -41
601 -48
602 -48
603 -48
604 -48
605 -42
606 -48
607 -55
608 -22
609 -29
610 -43
611 -42
612 -61
613 -51
614 -42
615 -20
616 -41
617 -41
618 -41
619 -16
620 -40
621 -41
622 -44
623 -61
624 -26
625 -48
626 -57
627 -40
628 -57
629 -56
630 -27
631 -41
632 -48
633 -19
634 -48
635 -55
636 -57
637 -17
638 -41
639 -51
640 -23
641 -48
642 -30
643 -42
644 -66
645 -42
646 -41
647 -51
648 -57
649 -44
650 -50
651 -48
652 -40
653 -41
654 -25
655 -30
656 -42
657 -57
658 -65
659 -48
660 -51
661 -48
662 -41
663 -26
664 -47
665 -27
666 -52
667 -30
668 -48
669 -42
670 -57
671 -61
672 -57
673 -26
674 -30
675 -58
676 -52
677 -48
678 -41
679 -70
680 -33
681 -48
682 -66
683 -27
684 -31
685 -49
686 -35
687 -45
688 -41
689 -47
690 -47
691 -57
692 -44
693 -65
694 -50
695 -46
696 -48
697 -65
698 -41
699 -57
700 -41
701 -41
702 -57
703 -41
704 -65
705 -48
706 -48
707 -52
708 -41
709 -57
710 -42
711 -33
712 -61
713 -45
714 -41
715 -23
716 -42
717 -49
718 -47
719 -57
720 -41
721 -39
722 -41
723 -57
724 -40
725 -41
726 -48
727 -57
728 -65
729 -47
730 -26
731 -61
732 -48
733 -26
734 -25
735 -34
736 -48
737 -48
738 -57
739 -34
740 -40
741 -41
742 -55
743 -61
744 -47
745 -58
746 -52
747 -22
748 -41
749 -62
750 -40
751 -57
752 -55
753 -41
754 -41
755 -41
756 -34
757 -38
758 -41
759 -55
760 -61
761 -57
762 -44
763 -55
764 -52
765 -41
766 -41
767 -57
768 -38
769 -48
770 -39
771 -93
772 -41
773 -31
774 -41
775 -70
776 -65
777 -35
778 -48
779 -107
780 -52
781 -30
782 -81
783 -77
784 -48
785 -61
786 -35
787 -41
788 -41
789 -48
790 -48
791 -48
792 -19
793 -41
794 -65
795 -46
796 -69
797 -45
798 -42
799 -35
800 -57
801 -45
802 -70
803 -52
804 -56
805 -48
806 -41
807 -55
808 -48
809 -66
810 -38
811 -40
812 -57
813 -49
814 -52
815 -41
816 -41
817 -47
818 -61
819 -39
820 -41
821 -57
822 -41
823 -48
824 -59
825 -57
826 -51
827 -48
828 -54
829 -37
830 -57
831 -48
832 -32
833 -70
834 -47
835 -19
836 -55
837 -48
838 -27
839 -39
840 -33
841 -48
842 -40
843 -33
844 -70
845 -41
846 -53
847 -41
848 -51
849 -31
850 -34
851 -57
852 -44
853 -66
854 -70
855 -42
856 -42
857 -41
858 -43
859 -51
860 -48
861 -48
862 -35
863 -42
864 -42
865 -41
866 -57
867 -41
868 -31
869 -40
870 -60
871 -49
872 -42
873 -57
874 -41
875 -66
876 -35
877 -28
878 -42
879 -48
880 -20
881 -48
882 -42
883 -42
884 -30
885 -48
886 -26
887 -57
888 -52
889 -48
890 -57
891 -16
892 -48
893 -61
894 -57
895 -61
896 -53
897 -52
898 -48
899 -48
900 -61
901 -60
902 -61
903 -52
904 -41
905 -51
906 -57
907 -48
908 -70
909 -48
910 -42
911 -57
912 -48
913 -57
914 -57
915 -57
916 -85
917 -23
918 -42
919 -41
920 -55
921 -38
922 -61
923 -30
924 -31
925 -70
926 -48
927 -75
928 -49
929 -34
930 -48
931 -56
932 -66
933 -31
934 -25
935 -29
936 -70
937 -56
938 -52
939 -57
940 -37
941 -42
942 -41
943 -56
944 -40
945 -54
946 -70
947 -48
948 -66
949 -41
950 -56
951 -44
952 -51
953 -48
954 -41
955 -52
956 -66
957 -38
958 -42
959 -66
960 -17
961 -41
962 -66
963 -40
964 -35
965 -47
966 -27
967 -41
968 -42
969 -55
970 -57
971 -40
972 -40
973 -30
974 -48
975 -53
976 -50
977 -70
978 -48
979 -41
980 -44
981 -65
982 -49
983 -41
984 -72
985 -42
986 -27
987 -41
988 -39
989 -70
990 -38
991 -69
992 -41
993 -44
994 -61
995 -81
996 -57
997 -48
998 -61
999 -44
