0 -34
1 -16
2 -48
3 -17
4 -34
5 -16
6 -48
7 -16
8 -25
9 -16
10 -16
11 -48
12 -34
13 -15
14 -55
15 -16
16 -17
17 -16
18 -41
19 -48
20 -16
21 -16
22 -16
23 -48
24 -16
25 -22
26 -34
27 -25
28 -15
29 -48
30 -16
31 -50
32 -16
33 -61
34 -55
35 -16
36 -17
37 -34
38 -48
39 -16
40 -55
41 -32
42 -15
43 -15
44 -55
45 -25
46 -17
47 -55
48 -36
49 -48
50 -41
51 -55
52 -25
53 -48
54 -16
55 -54
56 -48
57 -16
58 -16
59 -16
60 -16
61 -41
62 -50
63 -16
64 -41
65 -15
66 -36
67 -34
68 -69
69 -55
70 -17
71 -16
72 -34
73 -48
74 -17
75 -55
76 -16
77 -16
78 -67
79 -41
80 -15
81 -17
82 -16
83 -16
84 -50
85 -16
86 -17
87 -17
88 -16
89 -48
90 -55
91 -55
92 -16
93 -20
94 -25
95 -54
96 -17
97 -32
98 -48
99 -16
100 -16
101 -18
102 -16
103 -48
104 -16
105 -16
106 -34
107 -16
108 -34
109 -16
110 -50
111 -48
112 -16
113 -17
114 -16
115 -50
116 -16
117 -16
118 -16
119 -48
120 -55
121 -17
122 -16
123 -16
124 -41
125 -15
126 -87
127 -17
128 -34
129 -16
130 -25
131 -16
132 -16
133 -48
134 -48
135 -16
136 -16
137 -16
138 -25
139 -16
140 -16
141 -25
142 -15
143 -16
144 -17
145 -77
146 -55
147 -48
148 -50
149 -48
150 -48
151 -34
152 -16
153 -55
154 -16
155 -16
156 -48
157 -34
158 -25
159 -25
160 -15
161 -16
162 -16
163 -15
164 -16
165 -16
166 -19
167 -17
168 -17
169 -17
170 -48
171 -48
172 -15
173 -15
174 -41
175 -41
176 -17
177 -16
178 -17
179 -48
180 -34
181 -41
182 -20
183 -15
184 -16
185 -16
186 -55
187 -16
188 -55
189 -25
190 -34
191 -50
192 -55
193 -16
194 -48
195 -16
196 -34
197 -34
198 -17
199 -46
200 -34
201 -55
202 -17
203 -41
204 -15
205 -17
206 -16
207 -25
208 -16
209 -50
210 -15
211 -50
212 -17
213 -16
214 -15
215 -25
216 -48
217 -18
218 -15
219 -17
220 -52
221 -29
222 -48
223 -15
224 -25
225 -34
226 -16
227 -25
228 -41
229 -16
230 -15
231 -34
232 -50
233 -48
234 -16
235 -16
236 -40
237 -17
238 -15
239 -20
240 -36
241 -15
242 -41
243 -34
244 -16
245 -16
246 -46
247 -17
248 -74
249 -36
250 -15
251 -50
252 -48
253 -17
254 -25
255 -16
256 -50
257 -15
258 -16
259 -16
260 -17
261 -25
262 -41
263 -16
264 -34
265 -15
266 -48
267 -34
268 -17
269 -34
270 -41
271 -16
272 -17
273 -50
274 -16
275 -16
276 -16
277 -48
278 -16
279 -25
280 -16
281 -25
282 -16
283 -50
284 -17
285 -50
286 -40
287 -41
288 -34
289 -48
290 -16
291 -25
292 -16
293 -55
294 -25
295 -25
296 -48
297 -13
298 -50
299 -22
300 -17
301 -16
302 -48
303 -55
304 -50
305 -41
306 -16
307 -34
308 -15
309 -16
310 -41
311 -15
312 -41
313 -48
314 -25
315 -34
316 -55
317 -34
318 -17
319 -41
320 -16
321 -25
322 -16
323 -16
324 -15
325 -16
326 -17
327 -16
328 -16
329 -50
330 -16
331 -16
332 -55
333 -48
334 -25
335 -41
336 -50
337 -16
338 -16
339 -48
340 -15
341 -16
342 -16
343 -15
344 -16
345 -25
346 -16
347 -25
348 -15
349 -16
350 -34
351 -48
352 -55
353 -21
354 -60
355 -25
356 -55
357 -55
358 -34
359 -17
360 -16
361 -50
362 -44
363 -48
364 -15
365 -15
366 -25
367 -34
368 -34
369 -16
370 -34
371 -41
372 -25
373 -15
374 -55
375 -50
376 -15
377 -17
378 -16
379 -15
380 -50
381 -50
382 -16
383 -48
384 -50
385 -16
386 -34
387 -54
388 -16
389 -25
390 -55
391 -15
392 -16
393 -17
394 -48
395 -50
396 -55
397 -34
398 -25
399 -25
400 -17
401 -15
402 -17
403 -25
404 -15
405 -16
406 -55
407 -52
408 -41
409 -48
410 -16
411 -41
412 -48
413 -16
414 -16
415 -34
416 -55
417 -48
418 -48
419 -16
420 -16
421 -15
422 -16
423 -16
424 -25
425 -55
426 -55
427 -48
428 -25
429 -50
430 -46
431 -50
432 -50
433 -37
434 -50
435 -16
436 -16
437 -48
438 -55
439 -16
440 -15
441 -41
442 -16
443 -16
444 -16
445 -25
446 -16
447 -48
448 -15
449 -16
450 -48
451 -17
452 -33
453 -55
454 -50
455 -15
456 -55
457 -41
458 -15
459 -20
460 -34
461 -50
462 -48
463 -16
464 -19
465 -16
466 -50
467 -17
468 -17
469 -41
470 -25
471 -17
472 -15
473 -15
474 -48
475 -34
476 -48
477 -38
478 -25
479 -21
480 -16
481 -34
482 -15
483 -34
484 -16
485 -15
486 -15
487 -41
488 -41
489 -41
490 -16
491 -55
492 -21
493 -25
494 -41
495 -41
496 -25
497 -34
498 -16
499 -41
500 -20
501 -16
502 -41
503 -16
504 -50
505 -50
506 -15
507 -17
508 -17
509 -34
510 -48
511 -17
512 -48
513 -46
514 -41
515 -41
516 -55
517 -25
518 -16
519 -48
520 -55
521 -16
522 -41
523 -17
524 -50
525 -15
526 -92
527 -55
528 -16
529 -35
530 -34
531 -16
532 -48
533 -16
534 -16
535 -55
536 -17
537 -16
538 -46
539 -34
540 -25
541 -48
542 -41
543 -17
544 -41
545 -55
546 -16
547 -25
548 -16
549 -16
550 -17
551 -48
552 -25
553 -25
554 -48
555 -17
556 -34
557 -41
558 -41
559 -48
560 -15
561 -41
562 -50
563 -25
564 -50
565 -16
566 -15
567 -34
568 -55
569 -48
570 -17
571 -15
572 -48
573 -41
574 -16
575 -15
576 -17
577 -41
578 -48
579 -34
580 -17
581 -41
582 -27
583 -41
584 -16
585 -34
586 -34
587 -34
588 -34
589 -32
590 -41
591 -41
592 -16
593 -15
594 -50
595 -50
596 -16
597 -16
598 -15
599 -17
600 -17
601 -48
602 -16
603 -16
604 -16
605 -19
606 -16
607 -16
608 -48
609 -41
610 -25
611 -48
612 -16
613 -50
614 -34
615 -16
616 -48
617 -50
618 -19
619 -50
620 -34
621 -16
622 -41
623 -34
624 -16
625 -25
626 -16
627 -16
628 -16
629 -41
630 -55
631 -25
632 -48
633 -50
634 -50
635 -34
636 -41
637 -41
638 -25
639 -15
640 -16
641 -25
642 -41
643 -50
644 -50
645 -16
646 -16
647 -34
648 -15
649 -41
650 -25
651 -48
652 -16
653 -34
654 -34
655 -17
656 -35
657 -34
658 -17
659 -50
660 -25
661 -55
662 -16
663 -17
664 -16
665 -55
666 -15
667 -16
668 -41
669 -16
670 -15
671 -50
672 -48
673 -48
674 -16
675 -25
676 -48
677 -16
678 -16
679 -42
680 -16
681 -16
682 -55
683 -16
684 -41
685 -15
686 -20
687 -50
688 -16
689 -16
690 -16
691 -25
692 -15
693 -15
694 -20
695 -25
696 -50
697 -41
698 -15
699 -29
700 -25
701 -16
702 -16
703 -16
704 -15
705 -48
706 -16
707 -66
708 -25
709 -24
710 -16
711 -16
712 -15
713 -23
714 -25
715 -25
716 -24
717 -41
718 -25
719 -16
720 -55
721 -44
722 -34
723 -50
724 -41
725 -48
726 -16
727 -50
728 -15
729 -34
730 -16
731 -48
732 -16
733 -50
734 -31
735 -31
736 -16
737 -25
738 -41
739 -41
740 -16
741 -16
742 -16
743 -34
744 -16
745 -50
746 -16
747 -48
748 -50
749 -15
750 -34
751 -34
752 -17
753 -34
754 -16
755 -17
756 -55
757 -41
758 -15
759 -34
760 -15
761 -15
762 -16
763 -34
764 -55
765 -34
766 -16
767 -16
768 -41
769 -16
770 -16
771 -25
772 -16
773 -48
774 -50
775 -34
776 -25
777 -15
778 -41
779 -50
780 -16
781 -16
782 -16
783 -16
784 -67
785 -50
786 -17
787 -25
788 -16
789 -16
790 -55
791 -16
792 -16
793 -17
794 -34
795 -16
796 -55
797 -34
798 -16
799 -16
800 -50
801 -16
802 -48
803 -17
804 -15
805 -48
806 -25
807 -17
808 -15
809 -21
810 -20
811 -41
812 -34
813 -48
814 -24
815 -41
816 -16
817 -50
818 -34
819 -48
820 -17
821 -80
822 -52
823 -50
824 -16
825 -55
826 -55
827 -17
828 -25
829 -16
830 -34
831 -50
832 -16
833 -41
834 -55
835 -53
836 -25
837 -34
838 -16
839 -41
840 -34
841 -15
842 -16
843 -48
844 -41
845 -16
846 -17
847 -16
848 -48
849 -15
850 -41
851 -41
852 -16
853 -41
854 -46
855 -16
856 -16
857 -16
858 -15
859 -15
860 -34
861 -50
862 -55
863 -48
864 -50
865 -16
866 -46
867 -15
868 -25
869 -25
870 -55
871 -67
872 -15
873 -87
874 -17
875 -34
876 -55
877 -55
878 -48
879 -48
880 -34
881 -17
882 -34
883 -48
884 -55
885 -16
886 -17
887 -48
888 -55
889 -25
890 -55
891 -15
892 -52
893 -55
894 -21
895 -17
896 -16
897 -15
898 -48
899 -25
900 -16
901 -25
902 -48
903 -25
904 -17
905 -21
906 -48
907 -41
908 -16
909 -16
910 -16
911 -41
912 -16
913 -55
914 -17
915 -34
916 -55
917 -25
918 -17
919 -55
920 -41
921 -16
922 -16
923 -17
924 -55
925 -41
926 -25
927 -16
928 -34
929 -16
930 -25
931 -41
932 -48
933 -48
934 -25
935 -15
936 -16
937 -55
938 -17
939 -55
940 -48
941 -48
942 -17
943 -16
944 -55
945 -56
946 -16
947 -48
948 -17
949 -41
950 -25
951 -41
952 -15
953 -15
954 -27
955 -16
956 -41
957 -34
958 -25
959 -34
960 -16
961 -48
962 -41
963 -16
964 -15
965 -48
966 -48
967 -16
968 -24
969 -16
970 -15
971 -72
972 -15
973 -50
974 -24
975 -34
976 -25
977 -16
978 -41
979 -25
980 -50
981 -17
982 -41
983 -17
984 -16
985 -16
986 -15
987 -25
988 -17
989 -55
990 -16
991 -34
992 -16
993 -15
994 -34
995 -15
996 -17
997 -15
998 -59
999 -21
