0 -16
1 -17
2 -16
3 -16
4 -51
5 -55
6 -17
7 -24
8 -27
9 -27
10 -16
11 -51
12 -51
13 -50
14 -35
15 -72
16 -23
17 -24
18 -16
19 -27
20 -17
21 -35
22 -59
23 -24
24 -24
25 -16
26 -27
27 -36
28 -33
29 -16
30 -24
31 -24
32 -51
33 -35
34 -50
35 -16
36 -16
37 -16
38 -16
39 -20
40 -16
41 -27
42 -16
43 -36
44 -51
45 -51
46 -55
47 -51
48 -35
49 -35
50 -16
51 -24
52 -24
53 -27
54 -16
55 -24
56 -36
57 -51
58 -27
59 -16
60 -16
61 -35
62 -51
63 -16
64 -16
65 -17
66 -16
67 -36
68 -50
69 -36
70 -57
71 -51
72 -36
73 -16
74 -43
75 -27
76 -55
77 -35
78 -16
79 -18
80 -36
81 -50
82 -16
83 -16
84 -36
85 -16
86 -16
87 -35
88 -50
89 -17
90 -21
91 -16
92 -50
93 -14
94 -36
95 -35
96 -50
97 -17
98 -27
99 -55
100 -24
101 -83
102 -56
103 -31
104 -27
105 -16
106 -37
107 -36
108 -31
109 -27
110 -55
111 -22
112 -24
113 -17
114 -16
115 -51
116 -24
117 -32
118 -16
119 -50
120 -55
121 -27
122 -16
123 -24
124 -27
125 -35
126 -16
127 -24
128 -51
129 -16
130 -16
131 -17
132 -36
133 -36
134 -17
135 -16
136 -18
137 -51
138 -36
139 -17
140 -55
141 -17
142 -35
143 -17
144 -16
145 -55
146 -27
147 -16
148 -24
149 -20
150 -24
151 -56
152 -50
153 -35
154 -40
155 -24
156 -24
157 -51
158 -35
159 -16
160 -16
161 -35
162 -27
163 -48
164 -16
165 -27
166 -51
167 -55
168 -55
169 -24
170 -36
171 -36
172 -16
173 -51
174 -51
175 -16
176 -55
177 -24
178 -34
179 -55
180 -50
181 -32
182 -16
183 -24
184 -55
185 -16
186 -24
187 -16
188 -55
189 -55
190 -27
191 -16
192 -27
193 -27
194 -28
195 -29
196 -27
197 -24
198 -35
199 -16
200 -27
201 -17
202 -35
203 -16
204 -73
205 -36
206 -17
207 -36
208 -36
209 -51
210 -24
211 -27
212 -16
213 -16
214 -55
215 -16
216 -50
217 -27
218 -16
219 -50
220 -50
221 -55
222 -16
223 -51
224 -16
225 -16
226 -24
227 -48
228 -16
229 -36
230 -51
231 -16
232 -17
233 -59
234 -16
235 -27
236 -55
237 -24
238 -27
239 -35
240 -35
241 -16
242 -55
243 -17
244 -36
245 -16
246 -24
247 -50
248 -36
249 -51
250 -35
251 -41
252 -55
253 -17
254 -51
255 -35
256 -17
257 -35
258 -27
259 -27
260 -17
261 -36
262 -16
263 -36
264 -17
265 -51
266 -55
267 -35
268 -22
269 -27
270 -58
271 -27
272 -35
273 -50
274 -17
275 -36
276 -17
277 -36
278 -24
279 -24
280 -23
281 -50
282 -16
283 -16
284 -51
285 -17
286 -16
287 -36
288 -16
289 -17
290 -55
291 -36
292 -36
293 -17
294 -55
295 -16
296 -24
297 -35
298 -16
299 -16
300 -35
301 -47
302 -27
303 -55
304 -27
305 -50
306 -16
307 -51
308 -43
309 -50
310 -16
311 -50
312 -51
313 -50
314 -16
315 -55
316 -50
317 -16
318 -16
319 -50
320 -51
321 -51
322 -36
323 -35
324 -36
325 -36
326 -17
327 -50
328 -16
329 -36
330 -17
331 -55
332 -28
333 -16
334 -16
335 -55
336 -35
337 -17
338 -51
339 -27
340 -27
341 -35
342 -16
343 -55
344 -66
345 -36
346 -58
347 -17
348 -24
349 -35
350 -27
351 -16
352 -16
353 -51
354 -16
355 -36
356 -55
357 -24
358 -36
359 -16
360 -55
361 -51
362 -36
363 -27
364 -16
365 -50
366 -50
367 -16
368 -16
369 -55
370 -35
371 -16
372 -36
373 -16
374 -17
375 -16
376 -50
377 -50
378 -16
379 -24
380 -16
381 -27
382 -55
383 -24
384 -22
385 -24
386 -21
387 -16
388 -27
389 -51
390 -24
391 -35
392 -36
393 -19
394 -36
395 -17
396 -55
397 -16
398 -27
399 -51
400 -51
401 -27
402 -16
403 -51
404 -24
405 -17
406 -36
407 -20
408 -16
409 -51
410 -16
411 -27
412 -24
413 -16
414 -36
415 -16
416 -17
417 -38
418 -16
419 -16
420 -50
421 -17
422 -51
423 -16
424 -16
425 -36
426 -50
427 -24
428 -27
429 -17
430 -16
431 -36
432 -35
433 -16
434 -35
435 -35
436 -55
437 -24
438 -24
439 -16
440 -29
441 -16
442 -16
443 -27
444 -50
445 -36
446 -17
447 -36
448 -24
449 -27
450 -36
451 -27
452 -55
453 -57
454 -51
455 -50
456 -16
457 -35
458 -51
459 -35
460 -17
461 -16
462 -16
463 -24
464 -16
465 -35
466 -16
467 -16
468 -27
469 -33
470 -50
471 -35
472 -50
473 -16
474 -36
475 -50
476 -55
477 -16
478 -16
479 -27
480 -27
481 -16
482 -16
483 -24
484 -16
485 -51
486 -24
487 -27
488 -35
489 -51
490 -36
491 -51
492 -35
493 -51
494 -50
495 -35
496 -27
497 -27
498 -51
499 -50
500 -36
501 -41
502 -16
503 -51
504 -24
505 -35
506 -50
507 -51
508 -35
509 -32
510 -17
511 -17
512 -27
513 -16
514 -55
515 -42
516 -16
517 -55
518 -35
519 -16
520 -24
521 -50
522 -35
523 -27
524 -16
525 -23
526 -35
527 -17
528 -24
529 -50
530 -51
531 -36
532 -17
533 -36
534 -50
535 -51
536 -70
537 -51
538 -50
539 -50
540 -55
541 -17
542 -35
543 -16
544 -27
545 -29
546 -19
547 -49
548 -16
549 -35
550 -36
551 -51
552 -17
553 -55
554 -27
555 -24
556 -55
557 -27
558 -55
559 -27
560 -51
561 -16
562 -17
563 -16
564 -16
565 -27
566 -27
567 -36
568 -36
569 -17
570 -27
571 -27
572 -24
573 -24
574 -16
575 -36
576 -35
577 -16
578 -17
579 -17
580 -16
581 -16
582 -36
583 -16
584 -16
585 -16
586 -36
587 -24
588 -36
589 -17
590 -17
591 -24
592 -36
593 -50
594 -24
595 -36
596 -50
597 -16
598 -55
599 -24
600 -24
601 -16
602 -35
603 -36
604 -35
605 -51
606 -50
607 -16
608 -24
609 -61
610 -16
611 -24
612 -35
613 -16
614 -36
615 -17
616 -35
617 -50
618 -27
619 -54
620 -16
621 -51
622 -16
623 -16
624 -36
625 -16
626 -51
627 -46
628 -55
629 -50
630 -55
631 -24
632 -16
633 -24
634 -28
635 -17
636 -16
637 -27
638 -16
639 -51
640 -54
641 -51
642 -35
643 -50
644 -50
645 -16
646 -17
647 -27
648 -16
649 -36
650 -27
651 -16
652 -36
653 -16
654 -17
655 -17
656 -16
657 -27
658 -17
659 -55
660 -24
661 -35
662 -17
663 -17
664 -55
665 -24
666 -17
667 -27
668 -16
669 -27
670 -51
671 -35
672 -16
673 -24
674 -35
675 -50
676 -45
677 -41
678 -24
679 -16
680 -50
681 -17
682 -24
683 -27
684 -16
685 -51
686 -50
687 -55
688 -17
689 -16
690 -16
691 -17
692 -16
693 -27
694 -16
695 -27
696 -35
697 -50
698 -29
699 -50
700 -55
701 -55
702 -27
703 -16
704 -17
705 -16
706 -27
707 -27
708 -16
709 -24
710 -35
711 -55
712 -16
713 -16
714 -50
715 -27
716 -16
717 -17
718 -55
719 -35
720 -35
721 -24
722 -16
723 -24
724 -16
725 -29
726 -55
727 -16
728 -51
729 -16
730 -14
731 -55
732 -16
733 -36
734 -16
735 -32
736 -24
737 -16
738 -16
739 -50
740 -27
741 -27
742 -36
743 -51
744 -40
745 -17
746 -22
747 -35
748 -16
749 -16
750 -16
751 -53
752 -50
753 -35
754 -17
755 -36
756 -50
757 -16
758 -55
759 -36
760 -16
761 -27
762 -55
763 -27
764 -16
765 -50
766 -50
767 -16
768 -55
769 -35
770 -30
771 -92
772 -50
773 -16
774 -35
775 -24
776 -27
777 -16
778 -16
779 -51
780 -55
781 -23
782 -16
783 -35
784 -51
785 -50
786 -51
787 -24
788 -24
789 -43
790 -24
791 -16
792 -36
793 -27
794 -35
795 -16
796 -17
797 -51
798 -50
799 -55
800 -55
801 -36
802 -36
803 -51
804 -24
805 -24
806 -27
807 -16
808 -16
809 -50
810 -17
811 -16
812 -55
813 -16
814 -50
815 -16
816 -17
817 -27
818 -51
819 -50
820 -16
821 -50
822 -51
823 -16
824 -17
825 -24
826 -51
827 -16
828 -21
829 -27
830 -20
831 -24
832 -51
833 -16
834 -55
835 -87
836 -50
837 -24
838 -24
839 -24
840 -35
841 -55
842 -24
843 -35
844 -35
845 -36
846 -24
847 -16
848 -16
849 -51
850 -24
851 -27
852 -60
853 -35
854 -16
855 -35
856 -17
857 -37
858 -36
859 -16
860 -21
861 -55
862 -55
863 -16
864 -50
865 -35
866 -36
867 -17
868 -16
869 -35
870 -17
871 -16
872 -51
873 -35
874 -27
875 -16
876 -55
877 -35
878 -27
879 -16
880 -16
881 -17
882 -17
883 -16
884 -16
885 -36
886 -27
887 -35
888 -50
889 -27
890 -24
891 -17
892 -17
893 -27
894 -50
895 -28
896 -35
897 -35
898 -16
899 -35
900 -16
901 -16
902 -27
903 -16
904 -16
905 -34
906 -16
907 -50
908 -92
909 -16
910 -27
911 -50
912 -24
913 -36
914 -24
915 -36
916 -27
917 -36
918 -16
919 -51
920 -24
921 -16
922 -51
923 -35
924 -16
925 -82
926 -35
927 -50
928 -55
929 -35
930 -16
931 -16
932 -16
933 -36
934 -55
935 -16
936 -50
937 -16
938 -24
939 -35
940 -51
941 -51
942 -16
943 -16
944 -55
945 -27
946 -16
947 -17
948 -16
949 -17
950 -27
951 -35
952 -36
953 -35
954 -16
955 -50
956 -27
957 -27
958 -35
959 -17
960 -50
961 -36
962 -16
963 -36
964 -27
965 -36
966 -16
967 -36
968 -16
969 -16
970 -16
971 -51
972 -50
973 -16
974 -51
975 -36
976 -87
977 -36
978 -16
979 -16
980 -17
981 -51
982 -24
983 -36
984 -16
985 -16
986 -55
987 -16
988 -50
989 -50
990 -51
991 -24
992 -55
993 -55
994 -55
995 -31
996 -50
997 -35
998 -36
999 -55
