0 -41
1 -25
2 -27
3 -14
4 -16
5 -50
6 -16
7 -22
8 -25
9 -35
10 -35
11 -45
12 -37
13 -55
14 -16
15 -15
16 -41
17 -16
18 -16
19 -54
20 -16
21 -34
22 -55
23 -55
24 -55
25 -14
26 -16
27 -17
28 -25
29 -54
30 -40
31 -37
32 -16
33 -35
34 -16
35 -37
36 -55
37 -35
38 -16
39 -16
40 -83
41 -27
42 -16
43 -16
44 -25
45 -35
46 -25
47 -25
48 -55
49 -25
50 -57
51 -16
52 -54
53 -35
54 -16
55 -25
56 -37
57 -41
58 -36
59 -35
60 -55
61 -41
62 -25
63 -53
64 -48
65 -50
66 -25
67 -41
68 -82
69 -55
70 -25
71 -16
72 -35
73 -16
74 -25
75 -61
76 -43
77 -35
78 -43
79 -50
80 -16
81 -35
82 -27
83 -35
84 -41
85 -25
86 -16
87 -35
88 -35
89 -35
90 -37
91 -50
92 -50
93 -25
94 -50
95 -50
96 -16
97 -41
98 -92
99 -41
100 -16
101 -41
102 -16
103 -17
104 -25
105 -16
106 -55
107 -25
108 -25
109 -27
110 -50
111 -35
112 -43
113 -16
114 -20
115 -16
116 -16
117 -53
118 -41
119 -35
120 -55
121 -25
122 -24
123 -16
124 -25
125 -41
126 -35
127 -35
128 -41
129 -25
130 -55
131 -25
132 -25
133 -16
134 -55
135 -48
136 -18
137 -27
138 -35
139 -16
140 -16
141 -16
142 -16
143 -25
144 -55
145 -16
146 -27
147 -15
148 -16
149 -61
150 -15
151 -26
152 -55
153 -55
154 -35
155 -41
156 -41
157 -55
158 -55
159 -41
160 -16
161 -36
162 -16
163 -16
164 -16
165 -50
166 -16
167 -20
168 -55
169 -49
170 -50
171 -40
172 -14
173 -25
174 -55
175 -16
176 -73
177 -60
178 -52
179 -25
180 -17
181 -16
182 -41
183 -70
184 -16
185 -16
186 -53
187 -14
188 -40
189 -16
190 -54
191 -14
192 -38
193 -16
194 -16
195 -25
196 -41
197 -50
198 -41
199 -50
200 -35
201 -42
202 -24
203 -25
204 -16
205 -20
206 -25
207 -16
208 -62
209 -16
210 -16
211 -16
212 -16
213 -35
214 -41
215 -53
216 -16
217 -14
218 -16
219 -27
220 -16
221 -43
222 -16
223 -55
224 -16
225 -55
226 -54
227 -55
228 -41
229 -16
230 -55
231 -37
232 -50
233 -25
234 -26
235 -55
236 -16
237 -16
238 -55
239 -24
240 -44
241 -16
242 -16
243 -17
244 -16
245 -16
246 -50
247 -16
248 -18
249 -16
250 -55
251 -41
252 -25
253 -59
254 -41
255 -37
256 -55
257 -50
258 -16
259 -25
260 -61
261 -55
262 -53
263 -61
264 -16
265 -87
266 -55
267 -16
268 -16
269 -20
270 -16
271 -35
272 -16
273 -14
274 -50
275 -50
276 -16
277 -25
278 -55
279 -43
280 -16
281 -35
282 -16
283 -41
284 -55
285 -55
286 -16
287 -35
288 -16
289 -16
290 -50
291 -35
292 -25
293 -25
294 -27
295 -43
296 -37
297 -50
298 -35
299 -24
300 -50
301 -53
302 -16
303 -37
304 -41
305 -50
306 -55
307 -25
308 -53
309 -16
310 -16
311 -16
312 -41
313 -25
314 -16
315 -17
316 -41
317 -16
318 -55
319 -55
320 -53
321 -41
322 -27
323 -25
324 -41
325 -17
326 -16
327 -25
328 -27
329 -17
330 -16
331 -39
332 -41
333 -73
334 -50
335 -44
336 -50
337 -14
338 -16
339 -17
340 -35
341 -16
342 -16
343 -16
344 -25
345 -16
346 -16
347 -16
348 -26
349 -16
350 -16
351 -35
352 -16
353 -55
354 -16
355 -61
356 -49
357 -41
358 -17
359 -16
360 -54
361 -55
362 -41
363 -16
364 -41
365 -16
366 -16
367 -16
368 -59
369 -35
370 -16
371 -20
372 -23
373 -16
374 -17
375 -16
376 -16
377 -16
378 -16
379 -50
380 -16
381 -57
382 -16
383 -16
384 -29
385 -16
386 -35
387 -16
388 -49
389 -16
390 -50
391 -41
392 -16
393 -61
394 -41
395 -34
396 -18
397 -35
398 -16
399 -58
400 -55
401 -50
402 -54
403 -41
404 -36
405 -41
406 -50
407 -16
408 -25
409 -16
410 -35
411 -50
412 -16
413 -35
414 -25
415 -25
416 -55
417 -41
418 -41
419 -52
420 -55
421 -16
422 -50
423 -24
424 -14
425 -15
426 -16
427 -16
428 -52
429 -24
430 -16
431 -25
432 -25
433 -25
434 -55
435 -16
436 -26
437 -50
438 -14
439 -53
440 -28
441 -25
442 -16
443 -58
444 -35
445 -25
446 -50
447 -61
448 -16
449 -16
450 -41
451 -16
452 -43
453 -41
454 -62
455 -26
456 -16
457 -58
458 -41
459 -26
460 -16
461 -16
462 -35
463 -35
464 -25
465 -17
466 -35
467 -45
468 -35
469 -55
470 -25
471 -37
472 -41
473 -50
474 -21
475 -55
476 -41
477 -26
478 -25
479 -16
480 -50
481 -55
482 -25
483 -55
484 -43
485 -35
486 -25
487 -41
488 -50
489 -51
490 -55
491 -16
492 -50
493 -24
494 -55
495 -25
496 -41
497 -35
498 -35
499 -25
500 -16
501 -55
502 -37
503 -50
504 -16
505 -54
506 -15
507 -26
508 -47
509 -16
510 -41
511 -16
512 -16
513 -56
514 -16
515 -55
516 -55
517 -35
518 -49
519 -43
520 -58
521 -55
522 -43
523 -17
524 -16
525 -25
526 -16
527 -35
528 -35
529 -43
530 -50
531 -25
532 -16
533 -16
534 -50
535 -21
536 -43
537 -50
538 -16
539 -16
540 -16
541 -25
542 -16
543 -54
544 -50
545 -41
546 -25
547 -50
548 -14
549 -35
550 -41
551 -16
552 -41
553 -35
554 -16
555 -56
556 -41
557 -37
558 -55
559 -54
560 -23
561 -27
562 -50
563 -49
564 -37
565 -16
566 -16
567 -35
568 -27
569 -16
570 -17
571 -14
572 -61
573 -35
574 -25
575 -25
576 -50
577 -16
578 -43
579 -43
580 -17
581 -43
582 -35
583 -28
584 -16
585 -27
586 -35
587 -17
588 -45
589 -49
590 -55
591 -27
592 -16
593 -16
594 -55
595 -16
596 -35
597 -55
598 -16
599 -41
600 -25
601 -16
602 -35
603 -24
604 -51
605 -16
606 -50
607 -20
608 -24
609 -43
610 -16
611 -16
612 -43
613 -55
614 -16
615 -41
616 -16
617 -16
618 -32
619 -16
620 -16
621 -16
622 -16
623 -25
624 -51
625 -25
626 -16
627 -43
628 -55
629 -41
630 -53
631 -43
632 -16
633 -35
634 -77
635 -17
636 -50
637 -36
638 -14
639 -16
640 -35
641 -14
642 -25
643 -16
644 -43
645 -43
646 -41
647 -41
648 -16
649 -50
650 -25
651 -41
652 -14
653 -16
654 -16
655 -41
656 -25
657 -55
658 -16
659 -16
660 -41
661 -55
662 -16
663 -43
664 -16
665 -43
666 -37
667 -25
668 -18
669 -56
670 -25
671 -58
672 -17
673 -50
674 -16
675 -55
676 -18
677 -16
678 -50
679 -41
680 -16
681 -17
682 -16
683 -37
684 -25
685 -16
686 -23
687 -25
688 -50
689 -55
690 -55
691 -26
692 -25
693 -50
694 -55
695 -16
696 -16
697 -16
698 -16
699 -26
700 -25
701 -43
702 -16
703 -22
704 -55
705 -27
706 -25
707 -55
708 -56
709 -16
710 -88
711 -17
712 -14
713 -77
714 -41
715 -25
716 -25
717 -19
718 -16
719 -50
720 -55
721 -50
722 -23
723 -35
724 -50
725 -16
726 -25
727 -16
728 -55
729 -16
730 -16
731 -27
732 -27
733 -54
734 -16
735 -61
736 -16
737 -35
738 -41
739 -16
740 -55
741 -25
742 -17
743 -50
744 -37
745 -50
746 -55
747 -19
748 -41
749 -43
750 -35
751 -22
752 -16
753 -16
754 -30
755 -35
756 -41
757 -55
758 -16
759 -14
760 -16
761 -50
762 -17
763 -41
764 -43
765 -16
766 -35
767 -41
768 -55
769 -35
770 -37
771 -55
772 -16
773 -16
774 -16
775 -57
776 -35
777 -16
778 -16
779 -19
780 -37
781 -16
782 -17
783 -25
784 -55
785 -41
786 -25
787 -16
788 -82
789 -87
790 -27
791 -43
792 -37
793 -16
794 -16
795 -16
796 -16
797 -41
798 -16
799 -25
800 -66
801 -41
802 -16
803 -37
804 -52
805 -35
806 -43
807 -25
808 -55
809 -51
810 -27
811 -50
812 -35
813 -20
814 -21
815 -16
816 -41
817 -55
818 -17
819 -41
820 -50
821 -43
822 -16
823 -55
824 -55
825 -54
826 -16
827 -41
828 -66
829 -16
830 -55
831 -16
832 -16
833 -15
834 -41
835 -16
836 -16
837 -16
838 -37
839 -16
840 -35
841 -55
842 -27
843 -27
844 -48
845 -35
846 -16
847 -43
848 -25
849 -35
850 -40
851 -14
852 -41
853 -16
854 -41
855 -41
856 -54
857 -35
858 -35
859 -16
860 -55
861 -35
862 -24
863 -50
864 -16
865 -55
866 -51
867 -16
868 -61
869 -16
870 -20
871 -24
872 -14
873 -41
874 -16
875 -25
876 -16
877 -35
878 -17
879 -20
880 -50
881 -16
882 -16
883 -16
884 -50
885 -27
886 -69
887 -20
888 -23
889 -16
890 -25
891 -35
892 -50
893 -55
894 -35
895 -55
896 -41
897 -16
898 -16
899 -41
900 -35
901 -55
902 -27
903 -35
904 -16
905 -50
906 -37
907 -27
908 -16
909 -43
910 -16
911 -50
912 -26
913 -36
914 -16
915 -50
916 -37
917 -37
918 -37
919 -16
920 -35
921 -16
922 -25
923 -16
924 -17
925 -16
926 -25
927 -35
928 -55
929 -16
930 -27
931 -14
932 -16
933 -16
934 -35
935 -16
936 -14
937 -54
938 -56
939 -16
940 -50
941 -41
942 -16
943 -55
944 -37
945 -25
946 -44
947 -37
948 -16
949 -16
950 -52
951 -35
952 -16
953 -41
954 -24
955 -25
956 -35
957 -16
958 -20
959 -55
960 -14
961 -16
962 -55
963 -41
964 -27
965 -59
966 -16
967 -14
968 -43
969 -54
970 -16
971 -50
972 -55
973 -43
974 -38
975 -16
976 -17
977 -25
978 -56
979 -61
980 -50
981 -55
982 -41
983 -16
984 -43
985 -16
986 -16
987 -37
988 -50
989 -16
990 -16
991 -50
992 -25
993 -16
994 -16
995 -14
996 -58
997 -35
998 -16
999 -35
