0 -53
1 -55
2 -57
3 -50
4 -32
5 -32
6 -60
7 -57
8 -16
9 -17
10 -27
11 -55
12 -16
13 -16
14 -16
15 -50
16 -23
17 -16
18 -16
19 -16
20 -48
21 -32
22 -16
23 -17
24 -33
25 -17
26 -57
27 -50
28 -18
29 -57
30 -57
31 -16
32 -50
33 -17
34 -57
35 -57
36 -24
37 -18
38 -17
39 -55
40 -27
41 -16
42 -16
43 -55
44 -16
45 -16
46 -16
47 -55
48 -16
49 -32
50 -28
51 -57
52 -16
53 -55
54 -47
55 -32
56 -16
57 -45
58 -16
59 -31
60 -17
61 -50
62 -55
63 -27
64 -32
65 -27
66 -55
67 -32
68 -19
69 -33
70 -24
71 -32
72 -16
73 -27
74 -23
75 -57
76 -17
77 -27
78 -57
79 -24
80 -32
81 -33
82 -50
83 -24
84 -16
85 -35
86 -24
87 -57
88 -16
89 -16
90 -16
91 -57
92 -16
93 -24
94 -16
95 -32
96 -32
97 -16
98 -32
99 -41
100 -27
101 -50
102 -28
103 -16
104 -32
105 -17
106 -24
107 -27
108 -24
109 -32
110 -33
111 -16
112 -55
113 -57
114 -27
115 -32
116 -24
117 -33
118 -17
119 -16
120 -32
121 -50
122 -32
123 -32
124 -24
125 -50
126 -55
127 -50
128 -24
129 -16
130 -17
131 -32
132 -16
133 -24
134 -16
135 -16
136 -17
137 -33
138 -16
139 -57
140 -43
141 -16
142 -16
143 -24
144 -50
145 -50
146 -16
147 -27
148 -16
149 -24
150 -17
151 -55
152 -33
153 -33
154 -40
155 -33
156 -33
157 -57
158 -87
159 -16
160 -50
161 -33
162 -17
163 -57
164 -32
165 -16
166 -55
167 -55
168 -16
169 -87
170 -17
171 -32
172 -32
173 -24
174 -27
175 -28
176 -15
177 -16
178 -27
179 -17
180 -58
181 -16
182 -32
183 -16
184 -57
185 -16
186 -50
187 -69
188 -24
189 -27
190 -50
191 -50
192 -50
193 -16
194 -57
195 -33
196 -30
197 -24
198 -16
199 -16
200 -16
201 -16
202 -57
203 -54
204 -50
205 -55
206 -16
207 -16
208 -55
209 -27
210 -42
211 -16
212 -50
213 -33
214 -24
215 -61
216 -27
217 -27
218 -57
219 -33
220 -16
221 -17
222 -27
223 -16
224 -16
225 -16
226 -17
227 -16
228 -57
229 -50
230 -22
231 -50
232 -50
233 -55
234 -55
235 -16
236 -50
237 -16
238 -40
239 -32
240 -17
241 -59
242 -50
243 -57
244 -29
245 -16
246 -24
247 -16
248 -40
249 -33
250 -16
251 -32
252 -55
253 -33
254 -27
255 -57
256 -32
257 -32
258 -17
259 -33
260 -27
261 -27
262 -32
263 -42
264 -16
265 -21
266 -57
267 -16
268 -32
269 -24
270 -17
271 -52
272 -17
273 -24
274 -27
275 -16
276 -24
277 -55
278 -16
279 -57
280 -16
281 -32
282 -33
283 -27
284 -57
285 -33
286 -17
287 -27
288 -55
289 -24
290 -32
291 -32
292 -24
293 -57
294 -16
295 -33
296 -16
297 -57
298 -16
299 -50
300 -33
301 -50
302 -55
303 -24
304 -33
305 -55
306 -24
307 -16
308 -32
309 -32
310 -16
311 -50
312 -50
313 -16
314 -16
315 -32
316 -17
317 -17
318 -16
319 -57
320 -32
321 -33
322 -55
323 -55
324 -17
325 -27
326 -33
327 -33
328 -27
329 -55
330 -16
331 -24
332 -57
333 -16
334 -17
335 -16
336 -57
337 -27
338 -57
339 -16
340 -16
341 -16
342 -24
343 -17
344 -32
345 -17
346 -50
347 -16
348 -33
349 -50
350 -17
351 -33
352 -16
353 -16
354 -50
355 -57
356 -27
357 -50
358 -16
359 -38
360 -50
361 -57
362 -24
363 -24
364 -16
365 -24
366 -55
367 -55
368 -32
369 -16
370 -17
371 -24
372 -57
373 -33
374 -16
375 -16
376 -50
377 -57
378 -16
379 -20
380 -33
381 -33
382 -50
383 -17
384 -32
385 -57
386 -16
387 -27
388 -32
389 -32
390 -55
391 -33
392 -16
393 -16
394 -27
395 -32
396 -35
397 -16
398 -16
399 -27
400 -27
401 -55
402 -50
403 -16
404 -57
405 -55
406 -23
407 -17
408 -57
409 -33
410 -16
411 -32
412 -16
413 -57
414 -44
415 -32
416 -60
417 -16
418 -60
419 -24
420 -32
421 -16
422 -16
423 -16
424 -24
425 -33
426 -24
427 -24
428 -57
429 -16
430 -57
431 -50
432 -16
433 -16
434 -16
435 -57
436 -16
437 -16
438 -17
439 -60
440 -57
441 -57
442 -55
443 -32
444 -27
445 -16
446 -32
447 -55
448 -24
449 -27
450 -32
451 -24
452 -60
453 -17
454 -57
455 -16
456 -17
457 -33
458 -17
459 -16
460 -16
461 -45
462 -50
463 -24
464 -16
465 -58
466 -16
467 -27
468 -50
469 -27
470 -27
471 -17
472 -32
473 -16
474 -17
475 -16
476 -24
477 -16
478 -17
479 -16
480 -57
481 -17
482 -27
483 -16
484 -55
485 -24
486 -32
487 -57
488 -17
489 -50
490 -16
491 -24
492 -55
493 -19
494 -23
495 -33
496 -32
497 -32
498 -27
499 -16
500 -57
501 -57
502 -17
503 -55
504 -16
505 -33
506 -16
507 -32
508 -50
509 -32
510 -17
511 -50
512 -43
513 -14
514 -16
515 -57
516 -16
517 -87
518 -24
519 -16
520 -51
521 -16
522 -33
523 -55
524 -16
525 -33
526 -24
527 -27
528 -27
529 -33
530 -16
531 -33
532 -16
533 -45
534 -24
535 -57
536 -17
537 -17
538 -57
539 -32
540 -32
541 -50
542 -50
543 -33
544 -32
545 -55
546 -24
547 -17
548 -57
549 -33
550 -16
551 -24
552 -16
553 -24
554 -33
555 -17
556 -16
557 -33
558 -16
559 -16
560 -40
561 -16
562 -27
563 -16
564 -24
565 -16
566 -16
567 -25
568 -57
569 -16
570 -32
571 -16
572 -16
573 -17
574 -57
575 -57
576 -55
577 -55
578 -17
579 -27
580 -27
581 -33
582 -16
583 -57
584 -16
585 -16
586 -17
587 -27
588 -50
589 -17
590 -16
591 -42
592 -57
593 -33
594 -24
595 -27
596 -31
597 -27
598 -17
599 -24
600 -32
601 -16
602 -27
603 -32
604 -16
605 -16
606 -24
607 -17
608 -16
609 -57
610 -24
611 -16
612 -50
613 -17
614 -32
615 -32
616 -16
617 -27
618 -21
619 -21
620 -43
621 -24
622 -57
623 -55
624 -32
625 -40
626 -32
627 -17
628 -58
629 -24
630 -32
631 -24
632 -16
633 -37
634 -27
635 -57
636 -50
637 -24
638 -57
639 -16
640 -50
641 -27
642 -32
643 -50
644 -24
645 -33
646 -55
647 -17
648 -24
649 -33
650 -33
651 -24
652 -32
653 -17
654 -33
655 -33
656 -24
657 -24
658 -24
659 -57
660 -16
661 -27
662 -16
663 -16
664 -57
665 -16
666 -24
667 -57
668 -16
669 -16
670 -55
671 -33
672 -16
673 -16
674 -40
675 -27
676 -16
677 -24
678 -32
679 -32
680 -57
681 -16
682 -57
683 -57
684 -50
685 -62
686 -16
687 -17
688 -24
689 -51
690 -17
691 -27
692 -32
693 -55
694 -50
695 -57
696 -16
697 -57
698 -24
699 -27
700 -27
701 -55
702 -16
703 -16
704 -32
705 -27
706 -32
707 -49
708 -50
709 -57
710 -16
711 -50
712 -57
713 -17
714 -16
715 -55
716 -50
717 -50
718 -32
719 -32
720 -57
721 -27
722 -24
723 -33
724 -54
725 -27
726 -87
727 -18
728 -27
729 -50
730 -16
731 -16
732 -16
733 -24
734 -50
735 -24
736 -57
737 -16
738 -50
739 -24
740 -24
741 -16
742 -24
743 -17
744 -27
745 -32
746 -55
747 -17
748 -16
749 -16
750 -16
751 -17
752 -33
753 -27
754 -16
755 -17
756 -50
757 -27
758 -50
759 -24
760 -57
761 -55
762 -16
763 -50
764 -16
765 -54
766 -87
767 -32
768 -17
769 -57
770 -55
771 -32
772 -27
773 -16
774 -17
775 -24
776 -55
777 -57
778 -24
779 -50
780 -32
781 -50
782 -50
783 -16
784 -33
785 -24
786 -16
787 -17
788 -16
789 -32
790 -27
791 -24
792 -32
793 -32
794 -17
795 -27
796 -16
797 -29
798 -16
799 -57
800 -50
801 -50
802 -20
803 -21
804 -50
805 -27
806 -16
807 -50
808 -33
809 -33
810 -17
811 -32
812 -16
813 -16
814 -16
815 -16
816 -55
817 -50
818 -55
819 -50
820 -33
821 -55
822 -16
823 -16
824 -16
825 -32
826 -32
827 -37
828 -33
829 -50
830 -50
831 -32
832 -16
833 -55
834 -16
835 -57
836 -24
837 -55
838 -16
839 -16
840 -16
841 -27
842 -16
843 -27
844 -35
845 -16
846 -16
847 -42
848 -16
849 -57
850 -16
851 -16
852 -32
853 -16
854 -33
855 -16
856 -16
857 -57
858 -16
859 -16
860 -17
861 -27
862 -27
863 -33
864 -16
865 -17
866 -40
867 -24
868 -38
869 -27
870 -27
871 -33
872 -33
873 -32
874 -16
875 -33
876 -50
877 -24
878 -50
879 -33
880 -33
881 -27
882 -17
883 -33
884 -24
885 -36
886 -50
887 -16
888 -16
889 -50
890 -54
891 -24
892 -27
893 -16
894 -27
895 -32
896 -33
897 -50
898 -57
899 -32
900 -17
901 -16
902 -32
903 -32
904 -32
905 -16
906 -16
907 -57
908 -16
909 -50
910 -27
911 -17
912 -16
913 -50
914 -50
915 -17
916 -17
917 -27
918 -57
919 -24
920 -20
921 -50
922 -50
923 -17
924 -54
925 -27
926 -16
927 -33
928 -57
929 -57
930 -57
931 -27
932 -24
933 -17
934 -57
935 -52
936 -24
937 -58
938 -50
939 -58
940 -27
941 -57
942 -16
943 -19
944 -17
945 -32
946 -33
947 -16
948 -55
949 -24
950 -27
951 -57
952 -57
953 -55
954 -32
955 -24
956 -16
957 -27
958 -16
959 -57
960 -27
961 -27
962 -16
963 -16
964 -32
965 -16
966 -16
967 -57
968 -16
969 -17
970 -16
971 -33
972 -32
973 -55
974 -55
975 -24
976 -27
977 -55
978 -16
979 -16
980 -16
981 -16
982 -16
983 -27
984 -24
985 -27
986 -55
987 -17
988 -57
989 -27
990 -16
991 -50
992 -16
993 -17
994 -16
995 -33
996 -33
997 -50
998 -55
999 -16
