0 -17
1 -27
2 -50
3 -50
4 -17
5 -16
6 -51
7 -51
8 -17
9 -34
10 -16
11 -27
12 -27
13 -51
14 -34
15 -16
16 -16
17 -61
18 -34
19 -27
20 -41
21 -41
22 -41
23 -17
24 -16
25 -51
26 -50
27 -55
28 -32
29 -55
30 -27
31 -41
32 -16
33 -27
34 -27
35 -34
36 -34
37 -34
38 -17
39 -55
40 -16
41 -17
42 -27
43 -16
44 -50
45 -17
46 -50
47 -17
48 -50
49 -16
50 -16
51 -16
52 -34
53 -17
54 -55
55 -17
56 -16
57 -27
58 -16
59 -51
60 -34
61 -41
62 -17
63 -16
64 -16
65 -16
66 -17
67 -16
68 -41
69 -34
70 -55
71 -38
72 -55
73 -16
74 -55
75 -51
76 -51
77 -34
78 -55
79 -55
80 -41
81 -55
82 -34
83 -17
84 -50
85 -17
86 -16
87 -17
88 -55
89 -34
90 -34
91 -17
92 -27
93 -34
94 -34
95 -17
96 -27
97 -34
98 -35
99 -55
100 -33
101 -16
102 -17
103 -17
104 -51
105 -27
106 -34
107 -28
108 -17
109 -18
110 -16
111 -50
112 -61
113 -41
114 -17
115 -50
116 -16
117 -27
118 -51
119 -50
120 -34
121 -27
122 -27
123 -50
124 -17
125 -16
126 -17
127 -27
128 -27
129 -27
130 -27
131 -50
132 -17
133 -41
134 -34
135 -16
136 -17
137 -17
138 -16
139 -17
140 -55
141 -34
142 -17
143 -55
144 -17
145 -39
146 -41
147 -16
148 -41
149 -34
150 -17
151 -27
152 -16
153 -15
154 -16
155 -55
156 -27
157 -41
158 -16
159 -50
160 -27
161 -20
162 -17
163 -17
164 -17
165 -16
166 -34
167 -34
168 -34
169 -50
170 -16
171 -16
172 -34
173 -31
174 -41
175 -51
176 -16
177 -41
178 -16
179 -50
180 -36
181 -18
182 -16
183 -17
184 -50
185 -17
186 -50
187 -16
188 -41
189 -17
190 -51
191 -37
192 -55
193 -55
194 -27
195 -27
196 -36
197 -34
198 -16
199 -17
200 -16
201 -50
202 -41
203 -16
204 -55
205 -17
206 -16
207 -16
208 -27
209 -16
210 -87
211 -34
212 -50
213 -55
214 -55
215 -16
216 -50
217 -17
218 -27
219 -37
220 -27
221 -34
222 -51
223 -51
224 -51
225 -51
226 -51
227 -17
228 -51
229 -34
230 -16
231 -50
232 -17
233 -16
234 -34
235 -34
236 -17
237 -16
238 -16
239 -16
240 -16
241 -34
242 -27
243 -50
244 -27
245 -17
246 -41
247 -16
248 -47
249 -27
250 -50
251 -50
252 -34
253 -17
254 -16
255 -27
256 -55
257 -51
258 -34
259 -51
260 -27
261 -17
262 -27
263 -28
264 -27
265 -34
266 -16
267 -17
268 -34
269 -16
270 -16
271 -51
272 -51
273 -41
274 -55
275 -51
276 -16
277 -27
278 -16
279 -16
280 -50
281 -17
282 -16
283 -27
284 -34
285 -16
286 -55
287 -16
288 -34
289 -16
290 -17
291 -16
292 -50
293 -51
294 -16
295 -17
296 -55
297 -51
298 -27
299 -17
300 -16
301 -16
302 -50
303 -16
304 -51
305 -34
306 -17
307 -16
308 -55
309 -17
310 -34
311 -50
312 -16
313 -50
314 -64
315 -55
316 -16
317 -36
318 -27
319 -37
320 -51
321 -16
322 -52
323 -16
324 -17
325 -71
326 -17
327 -16
328 -16
329 -17
330 -55
331 -34
332 -16
333 -16
334 -17
335 -27
336 -16
337 -17
338 -16
339 -16
340 -50
341 -51
342 -55
343 -16
344 -17
345 -17
346 -42
347 -41
348 -17
349 -41
350 -17
351 -16
352 -34
353 -16
354 -17
355 -34
356 -55
357 -55
358 -16
359 -17
360 -16
361 -16
362 -34
363 -52
364 -16
365 -34
366 -34
367 -16
368 -16
369 -51
370 -36
371 -42
372 -16
373 -16
374 -16
375 -34
376 -16
377 -17
378 -17
379 -55
380 -17
381 -41
382 -16
383 -50
384 -34
385 -17
386 -55
387 -16
388 -16
389 -17
390 -51
391 -17
392 -50
393 -17
394 -17
395 -50
396 -17
397 -17
398 -36
399 -17
400 -34
401 -51
402 -41
403 -16
404 -27
405 -51
406 -16
407 -17
408 -41
409 -16
410 -34
411 -16
412 -34
413 -34
414 -16
415 -17
416 -16
417 -27
418 -50
419 -34
420 -51
421 -27
422 -17
423 -17
424 -55
425 -16
426 -16
427 -16
428 -34
429 -17
430 -16
431 -51
432 -17
433 -34
434 -16
435 -50
436 -27
437 -50
438 -17
439 -51
440 -50
441 -50
442 -17
443 -51
444 -55
445 -16
446 -17
447 -17
448 -34
449 -17
450 -55
451 -19
452 -17
453 -17
454 -41
455 -17
456 -41
457 -55
458 -16
459 -16
460 -31
461 -41
462 -16
463 -16
464 -55
465 -16
466 -17
467 -51
468 -27
469 -17
470 -34
471 -51
472 -17
473 -17
474 -29
475 -16
476 -17
477 -27
478 -32
479 -27
480 -16
481 -17
482 -27
483 -41
484 -50
485 -16
486 -16
487 -51
488 -16
489 -34
490 -17
491 -34
492 -51
493 -34
494 -41
495 -55
496 -16
497 -50
498 -55
499 -51
500 -16
501 -46
502 -17
503 -16
504 -27
505 -55
506 -55
507 -27
508 -27
509 -16
510 -20
511 -17
512 -55
513 -51
514 -71
515 -16
516 -49
517 -27
518 -51
519 -16
520 -55
521 -17
522 -16
523 -17
524 -16
525 -55
526 -27
527 -17
528 -50
529 -51
530 -55
531 -16
532 -27
533 -51
534 -34
535 -34
536 -17
537 -16
538 -17
539 -16
540 -17
541 -55
542 -16
543 -16
544 -55
545 -51
546 -16
547 -51
548 -16
549 -16
550 -50
551 -55
552 -27
553 -41
554 -17
555 -21
556 -16
557 -27
558 -17
559 -16
560 -50
561 -51
562 -17
563 -50
564 -65
565 -50
566 -17
567 -35
568 -52
569 -27
570 -16
571 -16
572 -17
573 -34
574 -27
575 -27
576 -16
577 -55
578 -27
579 -16
580 -17
581 -55
582 -15
583 -51
584 -17
585 -27
586 -51
587 -17
588 -41
589 -16
590 -27
591 -27
592 -51
593 -17
594 -16
595 -41
596 -46
597 -16
598 -27
599 -50
600 -23
601 -34
602 -51
603 -34
604 -17
605 -16
606 -16
607 -41
608 -55
609 -51
610 -16
611 -17
612 -16
613 -16
614 -27
615 -34
616 -16
617 -17
618 -16
619 -17
620 -41
621 -16
622 -16
623 -51
624 -17
625 -50
626 -16
627 -17
628 -34
629 -34
630 -17
631 -16
632 -34
633 -50
634 -17
635 -16
636 -27
637 -41
638 -17
639 -16
640 -27
641 -34
642 -27
643 -16
644 -34
645 -51
646 -17
647 -51
648 -34
649 -16
650 -34
651 -51
652 -17
653 -17
654 -16
655 -16
656 -55
657 -16
658 -17
659 -51
660 -17
661 -17
662 -17
663 -15
664 -27
665 -51
666 -17
667 -16
668 -34
669 -55
670 -46
671 -17
672 -27
673 -22
674 -16
675 -39
676 -16
677 -34
678 -41
679 -34
680 -34
681 -41
682 -46
683 -51
684 -51
685 -17
686 -16
687 -27
688 -16
689 -16
690 -22
691 -17
692 -27
693 -16
694 -55
695 -16
696 -16
697 -16
698 -24
699 -41
700 -16
701 -41
702 -50
703 -50
704 -27
705 -51
706 -17
707 -34
708 -17
709 -39
710 -51
711 -16
712 -50
713 -41
714 -16
715 -16
716 -41
717 -51
718 -16
719 -33
720 -41
721 -41
722 -36
723 -16
724 -16
725 -17
726 -34
727 -16
728 -17
729 -17
730 -41
731 -17
732 -50
733 -16
734 -41
735 -51
736 -16
737 -34
738 -46
739 -41
740 -34
741 -34
742 -50
743 -55
744 -41
745 -27
746 -16
747 -34
748 -17
749 -55
750 -17
751 -57
752 -50
753 -57
754 -17
755 -17
756 -34
757 -16
758 -41
759 -17
760 -16
761 -51
762 -50
763 -16
764 -16
765 -34
766 -34
767 -51
768 -56
769 -16
770 -41
771 -34
772 -17
773 -16
774 -50
775 -16
776 -50
777 -17
778 -18
779 -17
780 -17
781 -34
782 -50
783 -16
784 -50
785 -51
786 -59
787 -20
788 -55
789 -51
790 -16
791 -16
792 -93
793 -34
794 -16
795 -41
796 -34
797 -27
798 -18
799 -17
800 -51
801 -50
802 -41
803 -27
804 -34
805 -27
806 -55
807 -55
808 -27
809 -16
810 -17
811 -23
812 -16
813 -27
814 -27
815 -55
816 -32
817 -17
818 -41
819 -17
820 -16
821 -17
822 -34
823 -20
824 -16
825 -27
826 -41
827 -16
828 -50
829 -16
830 -50
831 -27
832 -41
833 -51
834 -50
835 -17
836 -16
837 -27
838 -27
839 -17
840 -17
841 -16
842 -20
843 -48
844 -16
845 -16
846 -16
847 -51
848 -16
849 -50
850 -41
851 -51
852 -16
853 -51
854 -17
855 -34
856 -41
857 -42
858 -16
859 -16
860 -16
861 -41
862 -55
863 -16
864 -16
865 -50
866 -16
867 -16
868 -41
869 -41
870 -17
871 -17
872 -16
873 -34
874 -27
875 -17
876 -16
877 -27
878 -27
879 -20
880 -41
881 -27
882 -50
883 -41
884 -50
885 -34
886 -16
887 -41
888 -34
889 -17
890 -16
891 -55
892 -34
893 -16
894 -17
895 -27
896 -17
897 -16
898 -27
899 -16
900 -16
901 -67
902 -50
903 -55
904 -17
905 -41
906 -55
907 -17
908 -16
909 -16
910 -16
911 -16
912 -17
913 -17
914 -17
915 -16
916 -55
917 -17
918 -17
919 -50
920 -16
921 -16
922 -16
923 -34
924 -16
925 -51
926 -16
927 -41
928 -17
929 -16
930 -17
931 -55
932 -41
933 -51
934 -34
935 -16
936 -71
937 -27
938 -41
939 -50
940 -17
941 -50
942 -16
943 -17
944 -16
945 -41
946 -17
947 -51
948 -34
949 -16
950 -41
951 -41
952 -17
953 -51
954 -50
955 -52
956 -16
957 -51
958 -55
959 -55
960 -17
961 -41
962 -34
963 -17
964 -34
965 -16
966 -17
967 -17
968 -16
969 -41
970 -41
971 -55
972 -35
973 -18
974 -55
975 -40
976 -34
977 -51
978 -55
979 -16
980 -27
981 -16
982 -17
983 -41
984 -16
985 -16
986 -16
987 -41
988 -50
989 -16
990 -34
991 -16
992 -50
993 -27
994 -50
995 -16
996 -16
997 -16
998 -34
999 -55
