0 -16
1 -16
2 -55
3 -25
4 -27
5 -55
6 -55
7 -27
8 -16
9 -16
10 -16
11 -27
12 -50
13 -50
14 -55
15 -60
16 -43
17 -43
18 -51
19 -27
20 -27
21 -27
22 -16
23 -27
24 -27
25 -55
26 -55
27 -43
28 -16
29 -43
30 -16
31 -16
32 -55
33 -45
34 -50
35 -24
36 -51
37 -51
38 -51
39 -27
40 -50
41 -17
42 -51
43 -16
44 -16
45 -50
46 -51
47 -16
48 -27
49 -16
50 -43
51 -27
52 -51
53 -27
54 -50
55 -21
56 -16
57 -27
58 -27
59 -24
60 -16
61 -16
62 -55
63 -65
64 -27
65 -55
66 -27
67 -17
68 -55
69 -16
70 -27
71 -17
72 -51
73 -24
74 -17
75 -24
76 -16
77 -27
78 -24
79 -24
80 -27
81 -27
82 -24
83 -27
84 -16
85 -51
86 -43
87 -43
88 -27
89 -27
90 -45
91 -43
92 -16
93 -27
94 -27
95 -17
96 -50
97 -16
98 -16
99 -38
100 -16
101 -16
102 -16
103 -51
104 -16
105 -43
106 -43
107 -27
108 -24
109 -16
110 -16
111 -27
112 -16
113 -28
114 -51
115 -51
116 -16
117 -27
118 -43
119 -43
120 -16
121 -55
122 -16
123 -16
124 -24
125 -51
126 -43
127 -50
128 -50
129 -27
130 -43
131 -43
132 -36
133 -24
134 -17
135 -55
136 -51
137 -50
138 -17
139 -27
140 -16
141 -27
142 -16
143 -43
144 -55
145 -27
146 -27
147 -43
148 -27
149 -51
150 -17
151 -51
152 -40
153 -17
154 -29
155 -17
156 -43
157 -24
158 -55
159 -43
160 -16
161 -16
162 -38
163 -29
164 -24
165 -59
166 -27
167 -24
168 -50
169 -27
170 -50
171 -50
172 -16
173 -50
174 -27
175 -43
176 -27
177 -16
178 -17
179 -27
180 -16
181 -50
182 -51
183 -16
184 -43
185 -27
186 -43
187 -55
188 -50
189 -16
190 -16
191 -17
192 -16
193 -16
194 -27
195 -27
196 -55
197 -27
198 -50
199 -16
200 -24
201 -16
202 -43
203 -50
204 -17
205 -55
206 -16
207 -43
208 -17
209 -16
210 -59
211 -51
212 -27
213 -43
214 -50
215 -16
216 -42
217 -16
218 -17
219 -17
220 -51
221 -16
222 -24
223 -27
224 -27
225 -17
226 -27
227 -43
228 -55
229 -47
230 -50
231 -43
232 -51
233 -50
234 -16
235 -43
236 -27
237 -24
238 -50
239 -50
240 -16
241 -50
242 -51
243 -27
244 -17
245 -16
246 -27
247 -16
248 -27
249 -16
250 -27
251 -50
252 -88
253 -16
254 -27
255 -50
256 -55
257 -16
258 -16
259 -27
260 -50
261 -17
262 -16
263 -24
264 -16
265 -16
266 -16
267 -46
268 -16
269 -51
270 -43
271 -16
272 -50
273 -16
274 -16
275 -43
276 -27
277 -72
278 -16
279 -16
280 -55
281 -55
282 -27
283 -24
284 -16
285 -21
286 -17
287 -17
288 -24
289 -50
290 -16
291 -16
292 -50
293 -50
294 -17
295 -27
296 -16
297 -55
298 -17
299 -43
300 -24
301 -54
302 -16
303 -16
304 -16
305 -16
306 -27
307 -43
308 -51
309 -55
310 -50
311 -24
312 -17
313 -51
314 -43
315 -51
316 -24
317 -16
318 -55
319 -43
320 -17
321 -43
322 -16
323 -43
324 -16
325 -51
326 -27
327 -16
328 -16
329 -16
330 -55
331 -43
332 -51
333 -16
334 -50
335 -50
336 -27
337 -27
338 -55
339 -16
340 -17
341 -51
342 -16
343 -50
344 -49
345 -16
346 -50
347 -27
348 -24
349 -16
350 -16
351 -27
352 -24
353 -50
354 -17
355 -24
356 -43
357 -16
358 -46
359 -24
360 -21
361 -16
362 -50
363 -27
364 -24
365 -55
366 -50
367 -17
368 -51
369 -24
370 -28
371 -50
372 -83
373 -16
374 -27
375 -16
376 -18
377 -21
378 -16
379 -51
380 -27
381 -16
382 -27
383 -50
384 -55
385 -50
386 -24
387 -50
388 -31
389 -52
390 -51
391 -43
392 -55
393 -50
394 -16
395 -16
396 -27
397 -51
398 -27
399 -43
400 -24
401 -17
402 -43
403 -55
404 -27
405 -27
406 -24
407 -55
408 -27
409 -43
410 -17
411 -27
412 -24
413 -16
414 -24
415 -50
416 -27
417 -27
418 -16
419 -17
420 -42
421 -16
422 -16
423 -50
424 -24
425 -55
426 -16
427 -28
428 -51
429 -16
430 -38
431 -16
432 -39
433 -50
434 -27
435 -24
436 -25
437 -33
438 -55
439 -22
440 -51
441 -27
442 -27
443 -27
444 -27
445 -43
446 -51
447 -27
448 -27
449 -27
450 -24
451 -16
452 -27
453 -36
454 -27
455 -51
456 -43
457 -43
458 -50
459 -27
460 -50
461 -50
462 -50
463 -43
464 -27
465 -17
466 -16
467 -43
468 -43
469 -27
470 -43
471 -16
472 -51
473 -27
474 -16
475 -16
476 -43
477 -43
478 -27
479 -27
480 -17
481 -24
482 -43
483 -16
484 -51
485 -43
486 -51
487 -16
488 -51
489 -50
490 -16
491 -51
492 -27
493 -16
494 -24
495 -24
496 -47
497 -27
498 -55
499 -16
500 -49
501 -16
502 -24
503 -17
504 -51
505 -51
506 -16
507 -24
508 -19
509 -55
510 -43
511 -52
512 -51
513 -17
514 -51
515 -50
516 -16
517 -16
518 -24
519 -17
520 -55
521 -27
522 -27
523 -24
524 -43
525 -16
526 -43
527 -16
528 -16
529 -50
530 -55
531 -43
532 -43
533 -43
534 -27
535 -43
536 -43
537 -16
538 -16
539 -16
540 -43
541 -51
542 -17
543 -27
544 -16
545 -24
546 -27
547 -51
548 -16
549 -27
550 -27
551 -16
552 -24
553 -17
554 -23
555 -16
556 -24
557 -27
558 -50
559 -16
560 -16
561 -24
562 -16
563 -27
564 -50
565 -27
566 -50
567 -55
568 -24
569 -50
570 -17
571 -55
572 -27
573 -70
574 -51
575 -43
576 -51
577 -48
578 -55
579 -50
580 -27
581 -27
582 -50
583 -55
584 -50
585 -27
586 -43
587 -17
588 -16
589 -27
590 -43
591 -23
592 -55
593 -27
594 -51
595 -17
596 -16
597 -50
598 -17
599 -55
600 -19
601 -55
602 -16
603 -46
604 -43
605 -51
606 -16
607 -50
608 -51
609 -24
610 -24
611 -16
612 -55
613 -43
614 -24
615 -27
616 -55
617 -24
618 -16
619 -16
620 -51
621 -25
622 -16
623 -27
624 -74
625 -17
626 -24
627 -47
628 -24
629 -51
630 -16
631 -41
632 -51
633 -44
634 -24
635 -16
636 -16
637 -51
638 -42
639 -21
640 -51
641 -51
642 -17
643 -27
644 -17
645 -43
646 -16
647 -24
648 -50
649 -24
650 -24
651 -24
652 -51
653 -51
654 -24
655 -43
656 -50
657 -51
658 -16
659 -51
660 -50
661 -16
662 -17
663 -51
664 -28
665 -50
666 -24
667 -24
668 -50
669 -16
670 -16
671 -16
672 -27
673 -43
674 -27
675 -16
676 -16
677 -27
678 -27
679 -27
680 -17
681 -55
682 -87
683 -27
684 -51
685 -16
686 -50
687 -51
688 -16
689 -55
690 -27
691 -16
692 -17
693 -16
694 -28
695 -43
696 -51
697 -27
698 -40
699 -16
700 -50
701 -16
702 -38
703 -16
704 -17
705 -17
706 -16
707 -32
708 -24
709 -16
710 -50
711 -27
712 -17
713 -24
714 -55
715 -24
716 -50
717 -27
718 -51
719 -17
720 -24
721 -17
722 -51
723 -24
724 -16
725 -51
726 -27
727 -17
728 -27
729 -25
730 -51
731 -50
732 -43
733 -27
734 -51
735 -55
736 -17
737 -16
738 -16
739 -16
740 -16
741 -50
742 -27
743 -57
744 -17
745 -50
746 -17
747 -17
748 -24
749 -27
750 -16
751 -27
752 -16
753 -16
754 -51
755 -27
756 -24
757 -35
758 -51
759 -50
760 -51
761 -40
762 -27
763 -16
764 -17
765 -16
766 -48
767 -16
768 -50
769 -16
770 -50
771 -51
772 -16
773 -51
774 -60
775 -27
776 -27
777 -16
778 -27
779 -50
780 -51
781 -27
782 -43
783 -16
784 -27
785 -43
786 -27
787 -88
788 -27
789 -50
790 -24
791 -27
792 -16
793 -24
794 -16
795 -55
796 -16
797 -16
798 -83
799 -50
800 -16
801 -51
802 -16
803 -43
804 -43
805 -16
806 -13
807 -50
808 -16
809 -58
810 -51
811 -17
812 -16
813 -27
814 -16
815 -27
816 -50
817 -27
818 -27
819 -43
820 -59
821 -43
822 -24
823 -16
824 -51
825 -27
826 -16
827 -50
828 -16
829 -55
830 -16
831 -24
832 -27
833 -20
834 -16
835 -16
836 -27
837 -43
838 -27
839 -16
840 -16
841 -17
842 -50
843 -47
844 -24
845 -27
846 -43
847 -24
848 -50
849 -16
850 -27
851 -17
852 -55
853 -16
854 -16
855 -17
856 -17
857 -43
858 -27
859 -20
860 -16
861 -16
862 -24
863 -17
864 -16
865 -16
866 -27
867 -27
868 -16
869 -17
870 -16
871 -43
872 -43
873 -27
874 -43
875 -21
876 -55
877 -55
878 -16
879 -16
880 -43
881 -27
882 -55
883 -27
884 -55
885 -36
886 -87
887 -16
888 -17
889 -47
890 -17
891 -17
892 -55
893 -27
894 -51
895 -24
896 -55
897 -27
898 -51
899 -50
900 -16
901 -43
902 -16
903 -24
904 -83
905 -37
906 -27
907 -24
908 -27
909 -43
910 -55
911 -43
912 -36
913 -55
914 -17
915 -43
916 -27
917 -16
918 -16
919 -24
920 -50
921 -27
922 -16
923 -51
924 -65
925 -27
926 -43
927 -17
928 -55
929 -50
930 -16
931 -43
932 -16
933 -16
934 -16
935 -16
936 -24
937 -16
938 -27
939 -16
940 -16
941 -50
942 -16
943 -27
944 -15
945 -27
946 -16
947 -27
948 -24
949 -51
950 -16
951 -50
952 -50
953 -17
954 -43
955 -55
956 -16
957 -43
958 -17
959 -16
960 -43
961 -24
962 -14
963 -16
964 -16
965 -41
966 -16
967 -55
968 -51
969 -17
970 -16
971 -60
972 -27
973 -16
974 -16
975 -27
976 -16
977 -16
978 -29
979 -17
980 -72
981 -37
982 -41
983 -16
984 -43
985 -16
986 -24
987 -58
988 -16
989 -16
990 -27
991 -16
992 -16
993 -51
994 -17
995 -16
996 -27
997 -80
998 -43
999 -16
