0 -16
1 -57
2 -32
3 -39
4 -32
5 -33
6 -37
7 -24
8 -16
9 -51
10 -16
11 -16
12 -24
13 -19
14 -50
15 -24
16 -50
17 -24
18 -57
19 -50
20 -16
21 -16
22 -16
23 -57
24 -16
25 -24
26 -16
27 -33
28 -33
29 -27
30 -24
31 -55
32 -24
33 -50
34 -55
35 -27
36 -50
37 -24
38 -33
39 -16
40 -16
41 -17
42 -17
43 -57
44 -57
45 -16
46 -57
47 -16
48 -16
49 -57
50 -57
51 -32
52 -17
53 -16
54 -32
55 -27
56 -27
57 -50
58 -29
59 -57
60 -16
61 -35
62 -33
63 -27
64 -57
65 -16
66 -27
67 -32
68 -57
69 -16
70 -50
71 -27
72 -62
73 -58
74 -16
75 -55
76 -61
77 -57
78 -55
79 -32
80 -16
81 -33
82 -57
83 -24
84 -55
85 -32
86 -16
87 -57
88 -55
89 -17
90 -24
91 -16
92 -17
93 -17
94 -32
95 -57
96 -33
97 -16
98 -57
99 -16
100 -16
101 -18
102 -57
103 -17
104 -33
105 -27
106 -49
107 -55
108 -55
109 -50
110 -33
111 -32
112 -17
113 -17
114 -50
115 -55
116 -16
117 -16
118 -27
119 -33
120 -57
121 -50
122 -16
123 -33
124 -16
125 -57
126 -55
127 -16
128 -24
129 -24
130 -17
131 -16
132 -17
133 -16
134 -55
135 -57
136 -55
137 -16
138 -16
139 -32
140 -50
141 -57
142 -16
143 -50
144 -55
145 -33
146 -33
147 -24
148 -57
149 -33
150 -24
151 -52
152 -55
153 -16
154 -57
155 -57
156 -32
157 -16
158 -32
159 -16
160 -50
161 -50
162 -17
163 -20
164 -32
165 -16
166 -27
167 -57
168 -82
169 -27
170 -50
171 -32
172 -50
173 -57
174 -55
175 -32
176 -50
177 -32
178 -27
179 -55
180 -16
181 -74
182 -16
183 -17
184 -57
185 -16
186 -16
187 -17
188 -17
189 -57
190 -16
191 -55
192 -16
193 -27
194 -50
195 -55
196 -16
197 -48
198 -16
199 -55
200 -33
201 -16
202 -16
203 -50
204 -32
205 -50
206 -24
207 -16
208 -55
209 -55
210 -27
211 -27
212 -55
213 -24
214 -32
215 -16
216 -17
217 -32
218 -16
219 -51
220 -16
221 -16
222 -24
223 -55
224 -27
225 -16
226 -24
227 -57
228 -33
229 -16
230 -87
231 -16
232 -17
233 -16
234 -50
235 -24
236 -32
237 -55
238 -57
239 -50
240 -27
241 -16
242 -16
243 -50
244 -16
245 -17
246 -16
247 -32
248 -32
249 -27
250 -50
251 -24
252 -32
253 -17
254 -16
255 -16
256 -24
257 -55
258 -33
259 -33
260 -16
261 -14
262 -27
263 -32
264 -33
265 -16
266 -16
267 -27
268 -57
269 -55
270 -57
271 -16
272 -16
273 -57
274 -20
275 -27
276 -27
277 -24
278 -32
279 -32
280 -24
281 -27
282 -27
283 -50
284 -16
285 -27
286 -24
287 -32
288 -33
289 -20
290 -32
291 -17
292 -33
293 -27
294 -50
295 -57
296 -33
297 -24
298 -57
299 -57
300 -16
301 -27
302 -55
303 -57
304 -17
305 -16
306 -27
307 -33
308 -16
309 -50
310 -32
311 -16
312 -16
313 -16
314 -57
315 -16
316 -16
317 -16
318 -16
319 -16
320 -50
321 -27
322 -57
323 -16
324 -50
325 -50
326 -16
327 -23
328 -33
329 -33
330 -16
331 -29
332 -16
333 -32
334 -50
335 -55
336 -57
337 -32
338 -16
339 -32
340 -16
341 -33
342 -37
343 -21
344 -17
345 -55
346 -16
347 -55
348 -57
349 -27
350 -50
351 -27
352 -21
353 -32
354 -57
355 -27
356 -55
357 -57
358 -33
359 -16
360 -55
361 -17
362 -33
363 -32
364 -16
365 -57
366 -16
367 -16
368 -27
369 -16
370 -24
371 -50
372 -16
373 -16
374 -36
375 -27
376 -36
377 -17
378 -16
379 -17
380 -16
381 -24
382 -17
383 -51
384 -24
385 -24
386 -16
387 -57
388 -16
389 -25
390 -16
391 -32
392 -32
393 -55
394 -16
395 -50
396 -50
397 -17
398 -32
399 -27
400 -55
401 -17
402 -16
403 -57
404 -16
405 -33
406 -55
407 -29
408 -50
409 -16
410 -55
411 -16
412 -16
413 -27
414 -16
415 -17
416 -55
417 -57
418 -27
419 -55
420 -16
421 -55
422 -18
423 -55
424 -55
425 -17
426 -16
427 -17
428 -27
429 -27
430 -32
431 -17
432 -27
433 -27
434 -24
435 -32
436 -24
437 -16
438 -33
439 -57
440 -27
441 -17
442 -23
443 -32
444 -57
445 -27
446 -16
447 -24
448 -50
449 -57
450 -32
451 -50
452 -17
453 -50
454 -24
455 -20
456 -24
457 -16
458 -16
459 -27
460 -32
461 -17
462 -16
463 -32
464 -57
465 -17
466 -16
467 -66
468 -67
469 -16
470 -43
471 -57
472 -16
473 -24
474 -16
475 -17
476 -24
477 -16
478 -16
479 -17
480 -16
481 -57
482 -50
483 -17
484 -27
485 -38
486 -55
487 -16
488 -33
489 -22
490 -32
491 -32
492 -33
493 -20
494 -27
495 -50
496 -33
497 -57
498 -16
499 -24
500 -57
501 -23
502 -24
503 -55
504 -55
505 -16
506 -32
507 -17
508 -55
509 -60
510 -27
511 -57
512 -32
513 -55
514 -57
515 -55
516 -16
517 -16
518 -17
519 -16
520 -32
521 -24
522 -33
523 -21
524 -16
525 -50
526 -16
527 -57
528 -60
529 -55
530 -55
531 -57
532 -16
533 -27
534 -27
535 -17
536 -16
537 -16
538 -32
539 -50
540 -16
541 -55
542 -16
543 -89
544 -57
545 -16
546 -50
547 -16
548 -41
549 -27
550 -16
551 -50
552 -50
553 -55
554 -39
555 -55
556 -55
557 -17
558 -24
559 -18
560 -16
561 -16
562 -16
563 -16
564 -27
565 -33
566 -17
567 -57
568 -16
569 -50
570 -16
571 -25
572 -16
573 -17
574 -32
575 -27
576 -33
577 -16
578 -16
579 -27
580 -16
581 -17
582 -33
583 -17
584 -44
585 -16
586 -55
587 -50
588 -32
589 -27
590 -27
591 -27
592 -32
593 -33
594 -55
595 -16
596 -21
597 -17
598 -50
599 -27
600 -17
601 -59
602 -33
603 -57
604 -17
605 -32
606 -22
607 -33
608 -27
609 -17
610 -57
611 -50
612 -32
613 -16
614 -33
615 -33
616 -33
617 -27
618 -57
619 -16
620 -50
621 -16
622 -16
623 -17
624 -50
625 -24
626 -57
627 -24
628 -24
629 -50
630 -16
631 -24
632 -32
633 -50
634 -55
635 -17
636 -33
637 -32
638 -16
639 -16
640 -55
641 -57
642 -27
643 -17
644 -16
645 -17
646 -17
647 -16
648 -24
649 -32
650 -24
651 -57
652 -16
653 -57
654 -33
655 -24
656 -17
657 -53
658 -33
659 -16
660 -24
661 -16
662 -50
663 -16
664 -16
665 -33
666 -16
667 -27
668 -32
669 -50
670 -16
671 -17
672 -17
673 -27
674 -27
675 -27
676 -55
677 -27
678 -50
679 -17
680 -57
681 -50
682 -23
683 -18
684 -24
685 -24
686 -24
687 -37
688 -62
689 -16
690 -55
691 -17
692 -16
693 -50
694 -24
695 -55
696 -59
697 -17
698 -55
699 -55
700 -32
701 -33
702 -16
703 -55
704 -32
705 -57
706 -33
707 -27
708 -16
709 -16
710 -16
711 -46
712 -50
713 -32
714 -57
715 -29
716 -16
717 -50
718 -33
719 -16
720 -33
721 -16
722 -33
723 -24
724 -33
725 -17
726 -55
727 -41
728 -50
729 -50
730 -32
731 -27
732 -50
733 -33
734 -16
735 -17
736 -50
737 -25
738 -24
739 -55
740 -27
741 -32
742 -50
743 -24
744 -19
745 -16
746 -16
747 -24
748 -17
749 -16
750 -17
751 -17
752 -32
753 -55
754 -32
755 -27
756 -16
757 -61
758 -16
759 -16
760 -16
761 -16
762 -27
763 -27
764 -16
765 -16
766 -26
767 -17
768 -50
769 -46
770 -55
771 -57
772 -16
773 -55
774 -16
775 -16
776 -33
777 -17
778 -24
779 -32
780 -57
781 -33
782 -16
783 -55
784 -16
785 -24
786 -58
787 -32
788 -50
789 -16
790 -50
791 -16
792 -46
793 -16
794 -57
795 -50
796 -16
797 -16
798 -16
799 -24
800 -22
801 -17
802 -57
803 -44
804 -24
805 -16
806 -16
807 -32
808 -24
809 -33
810 -16
811 -50
812 -17
813 -16
814 -16
815 -27
816 -24
817 -27
818 -57
819 -32
820 -27
821 -55
822 -27
823 -33
824 -55
825 -17
826 -17
827 -16
828 -55
829 -50
830 -32
831 -24
832 -16
833 -57
834 -33
835 -32
836 -16
837 -16
838 -27
839 -57
840 -27
841 -50
842 -55
843 -17
844 -25
845 -50
846 -57
847 -57
848 -55
849 -18
850 -16
851 -33
852 -82
853 -24
854 -50
855 -24
856 -50
857 -24
858 -17
859 -17
860 -16
861 -27
862 -18
863 -16
864 -16
865 -32
866 -19
867 -16
868 -85
869 -18
870 -32
871 -57
872 -50
873 -57
874 -55
875 -27
876 -33
877 -57
878 -31
879 -55
880 -16
881 -57
882 -55
883 -33
884 -16
885 -27
886 -55
887 -32
888 -24
889 -29
890 -17
891 -24
892 -16
893 -33
894 -16
895 -33
896 -24
897 -16
898 -29
899 -24
900 -50
901 -50
902 -32
903 -17
904 -55
905 -32
906 -55
907 -50
908 -16
909 -57
910 -17
911 -57
912 -16
913 -17
914 -16
915 -16
916 -27
917 -32
918 -50
919 -16
920 -27
921 -57
922 -16
923 -17
924 -57
925 -32
926 -32
927 -16
928 -32
929 -50
930 -16
931 -55
932 -42
933 -32
934 -24
935 -50
936 -51
937 -24
938 -50
939 -19
940 -24
941 -50
942 -24
943 -17
944 -33
945 -50
946 -55
947 -27
948 -32
949 -33
950 -50
951 -57
952 -16
953 -20
954 -32
955 -16
956 -55
957 -55
958 -32
959 -55
960 -50
961 -16
962 -17
963 -16
964 -27
965 -50
966 -17
967 -16
968 -41
969 -24
970 -33
971 -24
972 -57
973 -57
974 -55
975 -33
976 -50
977 -57
978 -50
979 -27
980 -55
981 -27
982 -27
983 -24
984 -50
985 -36
986 -57
987 -24
988 -50
989 -16
990 -16
991 -33
992 -16
993 -37
994 -27
995 -27
996 -57
997 -17
998 -16
999 -17
