0 -55
1 -16
2 -16
3 -22
4 -17
5 -16
6 -55
7 -16
8 -34
9 -50
10 -16
11 -55
12 -16
13 -16
14 -17
15 -17
16 -17
17 -17
18 -19
19 -16
20 -55
21 -35
22 -51
23 -17
24 -55
25 -35
26 -16
27 -17
28 -16
29 -16
30 -51
31 -50
32 -17
33 -17
34 -50
35 -51
36 -27
37 -17
38 -51
39 -35
40 -16
41 -27
42 -51
43 -27
44 -16
45 -55
46 -19
47 -87
48 -35
49 -35
50 -27
51 -53
52 -34
53 -51
54 -50
55 -17
56 -27
57 -17
58 -51
59 -50
60 -16
61 -18
62 -17
63 -34
64 -24
65 -16
66 -16
67 -21
68 -17
69 -51
70 -55
71 -17
72 -27
73 -16
74 -34
75 -51
76 -17
77 -16
78 -27
79 -36
80 -16
81 -35
82 -27
83 -16
84 -35
85 -17
86 -55
87 -17
88 -16
89 -16
90 -55
91 -34
92 -16
93 -16
94 -34
95 -55
96 -16
97 -33
98 -51
99 -51
100 -16
101 -16
102 -27
103 -16
104 -34
105 -51
106 -34
107 -17
108 -16
109 -51
110 -17
111 -55
112 -16
113 -34
114 -27
115 -16
116 -51
117 -61
118 -50
119 -17
120 -17
121 -16
122 -17
123 -50
124 -25
125 -50
126 -16
127 -50
128 -16
129 -16
130 -27
131 -51
132 -34
133 -16
134 -55
135 -16
136 -18
137 -27
138 -37
139 -17
140 -16
141 -35
142 -51
143 -27
144 -51
145 -16
146 -55
147 -27
148 -34
149 -17
150 -27
151 -27
152 -51
153 -56
154 -50
155 -55
156 -35
157 -18
158 -50
159 -35
160 -67
161 -51
162 -51
163 -55
164 -16
165 -16
166 -55
167 -51
168 -51
169 -17
170 -34
171 -35
172 -50
173 -50
174 -16
175 -55
176 -51
177 -16
178 -17
179 -17
180 -16
181 -17
182 -17
183 -16
184 -27
185 -16
186 -51
187 -51
188 -27
189 -17
190 -17
191 -34
192 -18
193 -27
194 -16
195 -34
196 -16
197 -16
198 -16
199 -16
200 -27
201 -34
202 -34
203 -67
204 -23
205 -16
206 -50
207 -16
208 -16
209 -35
210 -51
211 -16
212 -51
213 -16
214 -17
215 -20
216 -16
217 -34
218 -34
219 -28
220 -27
221 -27
222 -55
223 -35
224 -16
225 -35
226 -16
227 -35
228 -35
229 -16
230 -17
231 -87
232 -18
233 -17
234 -35
235 -16
236 -27
237 -51
238 -16
239 -34
240 -16
241 -16
242 -17
243 -35
244 -17
245 -17
246 -27
247 -17
248 -55
249 -27
250 -48
251 -16
252 -55
253 -35
254 -16
255 -50
256 -16
257 -34
258 -34
259 -27
260 -35
261 -27
262 -88
263 -45
264 -17
265 -27
266 -34
267 -17
268 -55
269 -16
270 -16
271 -51
272 -16
273 -27
274 -35
275 -55
276 -17
277 -55
278 -19
279 -55
280 -54
281 -27
282 -34
283 -51
284 -35
285 -51
286 -35
287 -27
288 -34
289 -55
290 -27
291 -16
292 -51
293 -17
294 -35
295 -55
296 -50
297 -50
298 -16
299 -51
300 -34
301 -62
302 -16
303 -50
304 -55
305 -21
306 -27
307 -17
308 -16
309 -34
310 -17
311 -34
312 -16
313 -17
314 -54
315 -35
316 -50
317 -16
318 -51
319 -40
320 -35
321 -51
322 -16
323 -51
324 -35
325 -16
326 -16
327 -50
328 -50
329 -16
330 -19
331 -16
332 -17
333 -50
334 -49
335 -17
336 -17
337 -16
338 -55
339 -27
340 -35
341 -51
342 -17
343 -27
344 -17
345 -35
346 -31
347 -16
348 -51
349 -35
350 -34
351 -34
352 -17
353 -55
354 -16
355 -51
356 -17
357 -27
358 -34
359 -16
360 -17
361 -17
362 -35
363 -50
364 -42
365 -55
366 -35
367 -16
368 -35
369 -17
370 -16
371 -27
372 -35
373 -16
374 -16
375 -34
376 -16
377 -51
378 -16
379 -55
380 -16
381 -16
382 -87
383 -17
384 -55
385 -35
386 -51
387 -50
388 -35
389 -16
390 -50
391 -27
392 -50
393 -16
394 -34
395 -35
396 -49
397 -34
398 -34
399 -16
400 -16
401 -51
402 -55
403 -34
404 -51
405 -34
406 -16
407 -51
408 -16
409 -72
410 -17
411 -50
412 -17
413 -16
414 -35
415 -35
416 -27
417 -63
418 -55
419 -27
420 -34
421 -16
422 -35
423 -50
424 -55
425 -17
426 -50
427 -17
428 -27
429 -16
430 -16
431 -56
432 -16
433 -16
434 -34
435 -16
436 -27
437 -27
438 -51
439 -17
440 -16
441 -17
442 -27
443 -27
444 -50
445 -55
446 -16
447 -16
448 -50
449 -16
450 -55
451 -55
452 -51
453 -17
454 -17
455 -27
456 -16
457 -17
458 -55
459 -16
460 -27
461 -51
462 -16
463 -51
464 -34
465 -51
466 -54
467 -50
468 -17
469 -55
470 -55
471 -16
472 -16
473 -69
474 -55
475 -50
476 -16
477 -34
478 -16
479 -36
480 -17
481 -17
482 -17
483 -51
484 -17
485 -16
486 -55
487 -16
488 -35
489 -55
490 -17
491 -35
492 -16
493 -17
494 -51
495 -27
496 -16
497 -16
498 -50
499 -34
500 -16
501 -50
502 -50
503 -56
504 -16
505 -35
506 -17
507 -34
508 -16
509 -27
510 -52
511 -35
512 -17
513 -16
514 -27
515 -16
516 -16
517 -17
518 -27
519 -50
520 -16
521 -17
522 -16
523 -34
524 -16
525 -17
526 -16
527 -51
528 -17
529 -16
530 -17
531 -27
532 -27
533 -55
534 -17
535 -16
536 -50
537 -19
538 -27
539 -16
540 -21
541 -17
542 -16
543 -50
544 -16
545 -16
546 -16
547 -34
548 -51
549 -19
550 -17
551 -16
552 -17
553 -17
554 -16
555 -27
556 -16
557 -27
558 -16
559 -50
560 -16
561 -35
562 -17
563 -34
564 -50
565 -17
566 -27
567 -35
568 -33
569 -51
570 -17
571 -27
572 -17
573 -16
574 -59
575 -17
576 -16
577 -51
578 -17
579 -17
580 -16
581 -20
582 -35
583 -25
584 -55
585 -19
586 -51
587 -17
588 -16
589 -17
590 -17
591 -16
592 -16
593 -51
594 -17
595 -27
596 -20
597 -50
598 -50
599 -51
600 -17
601 -17
602 -34
603 -17
604 -51
605 -55
606 -16
607 -27
608 -17
609 -50
610 -50
611 -31
612 -16
613 -27
614 -66
615 -51
616 -16
617 -55
618 -55
619 -21
620 -34
621 -27
622 -16
623 -51
624 -55
625 -55
626 -17
627 -35
628 -34
629 -16
630 -17
631 -50
632 -27
633 -50
634 -51
635 -50
636 -37
637 -34
638 -16
639 -17
640 -17
641 -27
642 -50
643 -67
644 -16
645 -55
646 -17
647 -16
648 -16
649 -17
650 -27
651 -16
652 -17
653 -17
654 -34
655 -34
656 -17
657 -16
658 -17
659 -59
660 -34
661 -50
662 -34
663 -18
664 -16
665 -16
666 -16
667 -34
668 -16
669 -16
670 -16
671 -17
672 -17
673 -17
674 -17
675 -34
676 -27
677 -50
678 -17
679 -35
680 -27
681 -50
682 -34
683 -51
684 -17
685 -34
686 -55
687 -16
688 -16
689 -50
690 -17
691 -16
692 -27
693 -50
694 -27
695 -50
696 -18
697 -16
698 -25
699 -16
700 -16
701 -51
702 -16
703 -27
704 -63
705 -51
706 -34
707 -16
708 -16
709 -34
710 -16
711 -34
712 -51
713 -51
714 -51
715 -35
716 -50
717 -17
718 -34
719 -51
720 -55
721 -27
722 -35
723 -16
724 -50
725 -35
726 -27
727 -16
728 -55
729 -17
730 -55
731 -16
732 -27
733 -51
734 -35
735 -50
736 -50
737 -17
738 -17
739 -20
740 -17
741 -27
742 -34
743 -16
744 -51
745 -51
746 -16
747 -57
748 -34
749 -34
750 -51
751 -51
752 -27
753 -34
754 -16
755 -19
756 -16
757 -16
758 -51
759 -17
760 -51
761 -16
762 -35
763 -17
764 -55
765 -17
766 -35
767 -16
768 -55
769 -17
770 -17
771 -55
772 -34
773 -17
774 -16
775 -16
776 -55
777 -43
778 -16
779 -55
780 -16
781 -16
782 -34
783 -16
784 -50
785 -34
786 -74
787 -17
788 -16
789 -16
790 -50
791 -17
792 -37
793 -34
794 -17
795 -34
796 -17
797 -51
798 -16
799 -35
800 -17
801 -34
802 -50
803 -17
804 -51
805 -16
806 -16
807 -27
808 -51
809 -17
810 -27
811 -28
812 -17
813 -16
814 -17
815 -16
816 -17
817 -35
818 -55
819 -16
820 -16
821 -55
822 -17
823 -16
824 -34
825 -34
826 -16
827 -34
828 -17
829 -16
830 -35
831 -55
832 -16
833 -16
834 -16
835 -24
836 -38
837 -16
838 -51
839 -27
840 -16
841 -34
842 -19
843 -27
844 -50
845 -34
846 -35
847 -27
848 -55
849 -34
850 -27
851 -55
852 -50
853 -34
854 -55
855 -17
856 -16
857 -16
858 -50
859 -16
860 -35
861 -16
862 -17
863 -50
864 -16
865 -50
866 -17
867 -22
868 -35
869 -82
870 -34
871 -16
872 -16
873 -16
874 -34
875 -17
876 -17
877 -55
878 -16
879 -16
880 -16
881 -42
882 -55
883 -27
884 -35
885 -58
886 -17
887 -27
888 -35
889 -34
890 -50
891 -35
892 -17
893 -17
894 -17
895 -55
896 -51
897 -27
898 -27
899 -34
900 -16
901 -16
902 -55
903 -17
904 -15
905 -17
906 -16
907 -17
908 -17
909 -55
910 -34
911 -16
912 -17
913 -17
914 -17
915 -16
916 -16
917 -16
918 -27
919 -17
920 -17
921 -35
922 -17
923 -56
924 -51
925 -23
926 -35
927 -34
928 -27
929 -17
930 -51
931 -55
932 -58
933 -17
934 -55
935 -16
936 -55
937 -27
938 -16
939 -17
940 -17
941 -17
942 -50
943 -17
944 -17
945 -36
946 -18
947 -17
948 -17
949 -27
950 -17
951 -16
952 -27
953 -35
954 -60
955 -51
956 -16
957 -34
958 -16
959 -50
960 -16
961 -35
962 -17
963 -50
964 -55
965 -16
966 -16
967 -35
968 -51
969 -35
970 -27
971 -17
972 -17
973 -51
974 -27
975 -51
976 -17
977 -50
978 -55
979 -16
980 -34
981 -51
982 -16
983 -50
984 -34
985 -34
986 -17
987 -35
988 -16
989 -55
990 -34
991 -16
992 -20
993 -35
994 -17
995 -22
996 -55
997 -51
998 -16
999 -16
