0 -35
1 -17
2 -16
3 -17
4 -55
5 -16
6 -17
7 -17
8 -16
9 -16
10 -36
11 -31
12 -27
13 -16
14 -16
15 -16
16 -34
17 -42
18 -50
19 -27
20 -55
21 -16
22 -53
23 -17
24 -20
25 -55
26 -16
27 -16
28 -16
29 -16
30 -16
31 -17
32 -82
33 -35
34 -55
35 -17
36 -34
37 -44
38 -35
39 -50
40 -55
41 -34
42 -19
43 -55
44 -27
45 -18
46 -50
47 -27
48 -50
49 -16
50 -17
51 -27
52 -16
53 -17
54 -16
55 -47
56 -16
57 -34
58 -34
59 -35
60 -35
61 -16
62 -35
63 -16
64 -16
65 -17
66 -50
67 -16
68 -16
69 -16
70 -35
71 -55
72 -17
73 -55
74 -34
75 -55
76 -34
77 -17
78 -17
79 -55
80 -50
81 -16
82 -27
83 -16
84 -16
85 -92
86 -21
87 -35
88 -16
89 -17
90 -16
91 -21
92 -27
93 -50
94 -27
95 -50
96 -60
97 -34
98 -55
99 -16
100 -17
101 -16
102 -18
103 -35
104 -50
105 -16
106 -27
107 -17
108 -16
109 -16
110 -27
111 -34
112 -16
113 -16
114 -16
115 -16
116 -34
117 -17
118 -27
119 -17
120 -16
121 -55
122 -34
123 -55
124 -17
125 -35
126 -55
127 -34
128 -16
129 -55
130 -17
131 -35
132 -17
133 -50
134 -16
135 -16
136 -34
137 -17
138 -17
139 -16
140 -55
141 -17
142 -50
143 -16
144 -16
145 -16
146 -16
147 -16
148 -16
149 -50
150 -17
151 -55
152 -16
153 -16
154 -17
155 -16
156 -34
157 -16
158 -34
159 -16
160 -17
161 -17
162 -24
163 -16
164 -16
165 -55
166 -16
167 -62
168 -27
169 -35
170 -34
171 -16
172 -16
173 -35
174 -37
175 -27
176 -50
177 -17
178 -20
179 -16
180 -35
181 -54
182 -17
183 -20
184 -17
185 -35
186 -46
187 -55
188 -16
189 -34
190 -16
191 -17
192 -20
193 -17
194 -17
195 -35
196 -16
197 -34
198 -16
199 -35
200 -16
201 -35
202 -22
203 -16
204 -17
205 -55
206 -30
207 -17
208 -35
209 -17
210 -27
211 -55
212 -35
213 -16
214 -35
215 -50
216 -25
217 -50
218 -17
219 -16
220 -34
221 -34
222 -16
223 -17
224 -34
225 -55
226 -16
227 -17
228 -16
229 -16
230 -34
231 -55
232 -35
233 -17
234 -27
235 -34
236 -17
237 -17
238 -35
239 -34
240 -16
241 -16
242 -35
243 -16
244 -16
245 -19
246 -25
247 -35
248 -34
249 -55
250 -59
251 -27
252 -17
253 -35
254 -34
255 -17
256 -50
257 -34
258 -34
259 -16
260 -50
261 -17
262 -50
263 -17
264 -16
265 -34
266 -17
267 -55
268 -34
269 -17
270 -16
271 -16
272 -16
273 -34
274 -50
275 -34
276 -16
277 -16
278 -17
279 -16
280 -17
281 -35
282 -34
283 -21
284 -17
285 -17
286 -16
287 -50
288 -27
289 -16
290 -55
291 -50
292 -16
293 -27
294 -40
295 -23
296 -34
297 -34
298 -16
299 -55
300 -35
301 -17
302 -50
303 -35
304 -61
305 -17
306 -35
307 -16
308 -19
309 -16
310 -16
311 -27
312 -16
313 -16
314 -35
315 -16
316 -16
317 -16
318 -17
319 -16
320 -16
321 -17
322 -17
323 -16
324 -35
325 -16
326 -16
327 -17
328 -16
329 -17
330 -16
331 -16
332 -17
333 -16
334 -55
335 -17
336 -17
337 -17
338 -16
339 -55
340 -17
341 -35
342 -16
343 -16
344 -35
345 -16
346 -35
347 -27
348 -16
349 -17
350 -46
351 -16
352 -17
353 -17
354 -17
355 -20
356 -17
357 -16
358 -16
359 -35
360 -16
361 -34
362 -17
363 -34
364 -16
365 -15
366 -17
367 -27
368 -34
369 -34
370 -50
371 -34
372 -16
373 -17
374 -16
375 -16
376 -16
377 -27
378 -17
379 -16
380 -34
381 -27
382 -16
383 -34
384 -17
385 -16
386 -50
387 -17
388 -16
389 -34
390 -17
391 -27
392 -17
393 -55
394 -87
395 -16
396 -50
397 -16
398 -16
399 -27
400 -16
401 -16
402 -25
403 -16
404 -50
405 -35
406 -16
407 -16
408 -27
409 -50
410 -55
411 -27
412 -17
413 -17
414 -16
415 -27
416 -55
417 -16
418 -17
419 -35
420 -17
421 -50
422 -55
423 -35
424 -50
425 -56
426 -16
427 -17
428 -17
429 -55
430 -16
431 -50
432 -50
433 -17
434 -17
435 -55
436 -16
437 -17
438 -16
439 -35
440 -16
441 -55
442 -16
443 -20
444 -55
445 -34
446 -16
447 -27
448 -16
449 -55
450 -16
451 -16
452 -50
453 -58
454 -16
455 -55
456 -19
457 -17
458 -34
459 -16
460 -17
461 -50
462 -17
463 -34
464 -17
465 -16
466 -16
467 -17
468 -17
469 -17
470 -17
471 -16
472 -17
473 -16
474 -16
475 -16
476 -50
477 -55
478 -50
479 -27
480 -35
481 -27
482 -50
483 -34
484 -55
485 -16
486 -16
487 -16
488 -16
489 -51
490 -27
491 -35
492 -17
493 -34
494 -16
495 -50
496 -50
497 -16
498 -17
499 -16
500 -16
501 -16
502 -32
503 -17
504 -16
505 -16
506 -16
507 -54
508 -35
509 -17
510 -16
511 -34
512 -55
513 -27
514 -35
515 -50
516 -16
517 -16
518 -16
519 -50
520 -16
521 -54
522 -27
523 -16
524 -34
525 -16
526 -17
527 -50
528 -34
529 -17
530 -34
531 -55
532 -50
533 -50
534 -27
535 -16
536 -17
537 -16
538 -19
539 -16
540 -16
541 -55
542 -16
543 -17
544 -17
545 -67
546 -16
547 -27
548 -16
549 -55
550 -17
551 -50
552 -16
553 -17
554 -34
555 -20
556 -16
557 -16
558 -16
559 -16
560 -17
561 -16
562 -50
563 -35
564 -16
565 -16
566 -27
567 -55
568 -50
569 -27
570 -60
571 -16
572 -16
573 -17
574 -56
575 -52
576 -17
577 -34
578 -35
579 -17
580 -16
581 -27
582 -16
583 -50
584 -16
585 -19
586 -16
587 -16
588 -17
589 -16
590 -16
591 -46
592 -16
593 -27
594 -16
595 -50
596 -51
597 -62
598 -16
599 -16
600 -16
601 -16
602 -16
603 -50
604 -16
605 -55
606 -16
607 -16
608 -35
609 -17
610 -16
611 -55
612 -17
613 -16
614 -16
615 -55
616 -17
617 -34
618 -55
619 -34
620 -16
621 -34
622 -16
623 -34
624 -16
625 -34
626 -27
627 -17
628 -16
629 -17
630 -34
631 -17
632 -34
633 -17
634 -35
635 -27
636 -55
637 -17
638 -50
639 -50
640 -34
641 -16
642 -16
643 -17
644 -21
645 -27
646 -16
647 -17
648 -17
649 -50
650 -16
651 -55
652 -16
653 -16
654 -17
655 -16
656 -16
657 -62
658 -17
659 -17
660 -35
661 -16
662 -17
663 -34
664 -16
665 -50
666 -92
667 -16
668 -16
669 -35
670 -50
671 -55
672 -16
673 -17
674 -16
675 -19
676 -27
677 -27
678 -16
679 -17
680 -16
681 -16
682 -54
683 -35
684 -16
685 -16
686 -17
687 -34
688 -16
689 -16
690 -16
691 -17
692 -16
693 -35
694 -16
695 -16
696 -50
697 -50
698 -17
699 -50
700 -22
701 -27
702 -17
703 -16
704 -50
705 -15
706 -50
707 -22
708 -34
709 -16
710 -55
711 -55
712 -16
713 -27
714 -55
715 -35
716 -16
717 -16
718 -34
719 -27
720 -27
721 -52
722 -60
723 -16
724 -16
725 -35
726 -55
727 -17
728 -16
729 -35
730 -55
731 -17
732 -50
733 -16
734 -16
735 -35
736 -35
737 -41
738 -25
739 -35
740 -16
741 -16
742 -16
743 -34
744 -55
745 -16
746 -16
747 -16
748 -16
749 -20
750 -17
751 -17
752 -51
753 -17
754 -16
755 -17
756 -17
757 -16
758 -16
759 -27
760 -34
761 -16
762 -50
763 -16
764 -16
765 -16
766 -17
767 -55
768 -16
769 -50
770 -55
771 -55
772 -16
773 -16
774 -55
775 -16
776 -87
777 -16
778 -38
779 -17
780 -16
781 -27
782 -21
783 -36
784 -46
785 -16
786 -34
787 -34
788 -16
789 -16
790 -27
791 -55
792 -16
793 -16
794 -16
795 -27
796 -50
797 -16
798 -27
799 -16
800 -16
801 -27
802 -16
803 -35
804 -17
805 -50
806 -17
807 -16
808 -50
809 -34
810 -21
811 -17
812 -27
813 -17
814 -27
815 -16
816 -27
817 -27
818 -55
819 -17
820 -16
821 -50
822 -17
823 -34
824 -34
825 -16
826 -16
827 -27
828 -17
829 -17
830 -50
831 -16
832 -34
833 -16
834 -17
835 -16
836 -50
837 -16
838 -40
839 -16
840 -35
841 -17
842 -35
843 -16
844 -55
845 -87
846 -50
847 -35
848 -16
849 -16
850 -35
851 -17
852 -17
853 -16
854 -16
855 -54
856 -50
857 -35
858 -34
859 -34
860 -35
861 -16
862 -27
863 -16
864 -16
865 -16
866 -35
867 -55
868 -27
869 -17
870 -27
871 -16
872 -21
873 -27
874 -50
875 -17
876 -26
877 -34
878 -16
879 -16
880 -35
881 -27
882 -16
883 -35
884 -16
885 -16
886 -21
887 -16
888 -16
889 -16
890 -16
891 -16
892 -16
893 -27
894 -35
895 -50
896 -34
897 -17
898 -20
899 -17
900 -50
901 -27
902 -16
903 -16
904 -34
905 -51
906 -35
907 -16
908 -16
909 -16
910 -16
911 -17
912 -16
913 -50
914 -17
915 -17
916 -17
917 -16
918 -16
919 -34
920 -16
921 -16
922 -35
923 -25
924 -16
925 -16
926 -16
927 -55
928 -46
929 -17
930 -16
931 -16
932 -16
933 -16
934 -16
935 -16
936 -16
937 -20
938 -55
939 -34
940 -17
941 -16
942 -16
943 -16
944 -17
945 -17
946 -17
947 -17
948 -34
949 -50
950 -16
951 -50
952 -34
953 -16
954 -16
955 -16
956 -16
957 -17
958 -17
959 -16
960 -17
961 -17
962 -16
963 -17
964 -34
965 -17
966 -42
967 -16
968 -16
969 -35
970 -35
971 -16
972 -16
973 -35
974 -16
975 -16
976 -16
977 -27
978 -17
979 -17
980 -17
981 -55
982 -16
983 -27
984 -34
985 -27
986 -17
987 -27
988 -16
989 -17
990 -48
991 -16
992 -35
993 -17
994 -17
995 -16
996 -16
997 -34
998 -16
999 -34
