0 -27
1 -24
2 -16
3 -16
4 -27
5 -33
6 -55
7 -16
8 -16
9 -50
10 -50
11 -38
12 -17
13 -33
14 -55
15 -48
16 -55
17 -17
18 -32
19 -16
20 -55
21 -17
22 -27
23 -27
24 -16
25 -33
26 -24
27 -16
28 -16
29 -16
30 -55
31 -27
32 -16
33 -50
34 -30
35 -16
36 -32
37 -16
38 -50
39 -32
40 -24
41 -27
42 -16
43 -16
44 -50
45 -27
46 -17
47 -16
48 -50
49 -33
50 -17
51 -32
52 -16
53 -27
54 -24
55 -50
56 -24
57 -57
58 -24
59 -57
60 -16
61 -16
62 -33
63 -24
64 -16
65 -57
66 -17
67 -33
68 -32
69 -55
70 -33
71 -50
72 -55
73 -16
74 -16
75 -32
76 -55
77 -55
78 -32
79 -55
80 -57
81 -16
82 -57
83 -27
84 -32
85 -55
86 -16
87 -32
88 -33
89 -16
90 -27
91 -16
92 -17
93 -32
94 -50
95 -17
96 -16
97 -24
98 -33
99 -24
100 -57
101 -16
102 -16
103 -24
104 -36
105 -57
106 -24
107 -87
108 -17
109 -16
110 -57
111 -17
112 -16
113 -50
114 -17
115 -24
116 -24
117 -27
118 -32
119 -27
120 -16
121 -24
122 -50
123 -50
124 -27
125 -27
126 -32
127 -55
128 -27
129 -55
130 -33
131 -17
132 -33
133 -32
134 -24
135 -22
136 -32
137 -24
138 -55
139 -16
140 -16
141 -16
142 -57
143 -33
144 -33
145 -27
146 -32
147 -27
148 -55
149 -29
150 -24
151 -16
152 -27
153 -57
154 -20
155 -16
156 -55
157 -17
158 -77
159 -27
160 -17
161 -33
162 -33
163 -33
164 -55
165 -57
166 -33
167 -17
168 -16
169 -16
170 -33
171 -17
172 -32
173 -57
174 -16
175 -16
176 -24
177 -57
178 -16
179 -32
180 -57
181 -17
182 -55
183 -32
184 -33
185 -17
186 -28
187 -16
188 -17
189 -17
190 -23
191 -55
192 -17
193 -32
194 -50
195 -57
196 -32
197 -16
198 -16
199 -24
200 -33
201 -32
202 -57
203 -50
204 -16
205 -50
206 -15
207 -27
208 -55
209 -16
210 -33
211 -57
212 -17
213 -57
214 -27
215 -55
216 -27
217 -65
218 -17
219 -57
220 -32
221 -32
222 -27
223 -50
224 -59
225 -17
226 -27
227 -16
228 -55
229 -16
230 -16
231 -16
232 -55
233 -55
234 -32
235 -16
236 -32
237 -24
238 -16
239 -17
240 -16
241 -16
242 -16
243 -16
244 -32
245 -27
246 -32
247 -55
248 -27
249 -55
250 -64
251 -32
252 -17
253 -16
254 -16
255 -16
256 -16
257 -57
258 -16
259 -16
260 -55
261 -32
262 -33
263 -24
264 -50
265 -32
266 -50
267 -32
268 -17
269 -57
270 -55
271 -16
272 -33
273 -16
274 -16
275 -16
276 -57
277 -41
278 -24
279 -55
280 -17
281 -66
282 -16
283 -33
284 -50
285 -55
286 -16
287 -57
288 -33
289 -50
290 -27
291 -57
292 -16
293 -33
294 -16
295 -57
296 -23
297 -16
298 -17
299 -16
300 -37
301 -17
302 -33
303 -55
304 -27
305 -55
306 -17
307 -16
308 -32
309 -24
310 -33
311 -29
312 -33
313 -57
314 -16
315 -32
316 -55
317 -17
318 -51
319 -16
320 -24
321 -27
322 -16
323 -32
324 -57
325 -24
326 -16
327 -31
328 -17
329 -55
330 -24
331 -33
332 -50
333 -24
334 -17
335 -17
336 -55
337 -16
338 -45
339 -24
340 -57
341 -16
342 -27
343 -50
344 -61
345 -33
346 -24
347 -16
348 -24
349 -55
350 -55
351 -27
352 -32
353 -32
354 -32
355 -50
356 -16
357 -16
358 -32
359 -16
360 -33
361 -17
362 -55
363 -45
364 -16
365 -33
366 -16
367 -32
368 -50
369 -17
370 -33
371 -44
372 -16
373 -21
374 -16
375 -55
376 -24
377 -50
378 -57
379 -16
380 -32
381 -55
382 -50
383 -24
384 -27
385 -17
386 -16
387 -27
388 -16
389 -50
390 -55
391 -32
392 -67
393 -16
394 -24
395 -57
396 -36
397 -50
398 -16
399 -24
400 -32
401 -55
402 -27
403 -57
404 -32
405 -16
406 -24
407 -27
408 -50
409 -20
410 -50
411 -25
412 -32
413 -55
414 -24
415 -27
416 -55
417 -27
418 -33
419 -57
420 -24
421 -16
422 -55
423 -24
424 -16
425 -50
426 -24
427 -50
428 -16
429 -17
430 -16
431 -35
432 -15
433 -33
434 -55
435 -57
436 -32
437 -27
438 -16
439 -16
440 -16
441 -16
442 -61
443 -33
444 -33
445 -16
446 -16
447 -55
448 -77
449 -16
450 -27
451 -55
452 -16
453 -24
454 -16
455 -24
456 -55
457 -16
458 -17
459 -27
460 -16
461 -32
462 -33
463 -27
464 -57
465 -16
466 -20
467 -33
468 -79
469 -17
470 -32
471 -55
472 -24
473 -57
474 -16
475 -50
476 -17
477 -27
478 -17
479 -16
480 -50
481 -55
482 -16
483 -50
484 -55
485 -16
486 -16
487 -16
488 -17
489 -17
490 -55
491 -24
492 -57
493 -20
494 -32
495 -17
496 -32
497 -24
498 -59
499 -24
500 -27
501 -16
502 -16
503 -57
504 -16
505 -57
506 -32
507 -38
508 -17
509 -55
510 -59
511 -55
512 -55
513 -19
514 -16
515 -57
516 -50
517 -27
518 -52
519 -33
520 -59
521 -17
522 -16
523 -16
524 -27
525 -16
526 -57
527 -24
528 -32
529 -16
530 -27
531 -17
532 -50
533 -16
534 -33
535 -27
536 -50
537 -24
538 -17
539 -16
540 -17
541 -16
542 -16
543 -17
544 -24
545 -24
546 -16
547 -32
548 -16
549 -16
550 -16
551 -16
552 -32
553 -50
554 -24
555 -27
556 -55
557 -22
558 -57
559 -27
560 -16
561 -50
562 -24
563 -50
564 -57
565 -27
566 -27
567 -33
568 -50
569 -16
570 -33
571 -16
572 -33
573 -32
574 -24
575 -55
576 -32
577 -32
578 -27
579 -50
580 -31
581 -16
582 -57
583 -57
584 -24
585 -24
586 -57
587 -50
588 -17
589 -16
590 -57
591 -16
592 -24
593 -33
594 -16
595 -16
596 -59
597 -27
598 -27
599 -16
600 -32
601 -33
602 -16
603 -16
604 -16
605 -16
606 -33
607 -50
608 -17
609 -24
610 -50
611 -32
612 -16
613 -50
614 -36
615 -57
616 -27
617 -16
618 -48
619 -31
620 -27
621 -50
622 -16
623 -16
624 -17
625 -17
626 -27
627 -32
628 -16
629 -44
630 -16
631 -27
632 -55
633 -50
634 -27
635 -16
636 -16
637 -16
638 -16
639 -27
640 -16
641 -16
642 -28
643 -16
644 -55
645 -61
646 -17
647 -16
648 -55
649 -17
650 -33
651 -50
652 -27
653 -33
654 -24
655 -17
656 -24
657 -16
658 -24
659 -33
660 -50
661 -33
662 -57
663 -16
664 -16
665 -50
666 -16
667 -16
668 -16
669 -27
670 -33
671 -24
672 -33
673 -27
674 -55
675 -50
676 -50
677 -50
678 -27
679 -39
680 -16
681 -32
682 -16
683 -16
684 -32
685 -33
686 -20
687 -32
688 -27
689 -55
690 -58
691 -24
692 -57
693 -17
694 -16
695 -16
696 -50
697 -49
698 -57
699 -16
700 -32
701 -16
702 -27
703 -24
704 -32
705 -50
706 -55
707 -24
708 -16
709 -57
710 -24
711 -56
712 -57
713 -57
714 -16
715 -27
716 -16
717 -16
718 -27
719 -54
720 -16
721 -16
722 -50
723 -27
724 -32
725 -57
726 -32
727 -24
728 -27
729 -16
730 -33
731 -32
732 -24
733 -50
734 -16
735 -50
736 -24
737 -16
738 -16
739 -57
740 -32
741 -16
742 -16
743 -56
744 -16
745 -16
746 -16
747 -55
748 -16
749 -17
750 -16
751 -33
752 -55
753 -18
754 -16
755 -33
756 -17
757 -17
758 -33
759 -50
760 -16
761 -16
762 -24
763 -57
764 -17
765 -24
766 -24
767 -16
768 -16
769 -17
770 -20
771 -16
772 -16
773 -33
774 -55
775 -57
776 -55
777 -16
778 -16
779 -27
780 -16
781 -50
782 -32
783 -18
784 -16
785 -16
786 -33
787 -17
788 -55
789 -62
790 -24
791 -16
792 -32
793 -27
794 -36
795 -32
796 -27
797 -55
798 -71
799 -16
800 -24
801 -24
802 -55
803 -16
804 -41
805 -24
806 -16
807 -20
808 -55
809 -24
810 -57
811 -32
812 -17
813 -17
814 -16
815 -17
816 -32
817 -55
818 -33
819 -33
820 -50
821 -32
822 -32
823 -50
824 -17
825 -16
826 -50
827 -27
828 -16
829 -33
830 -16
831 -50
832 -27
833 -27
834 -16
835 -17
836 -57
837 -33
838 -50
839 -27
840 -16
841 -33
842 -55
843 -24
844 -61
845 -50
846 -16
847 -55
848 -32
849 -17
850 -27
851 -24
852 -27
853 -32
854 -27
855 -32
856 -18
857 -16
858 -16
859 -17
860 -16
861 -27
862 -27
863 -32
864 -17
865 -16
866 -27
867 -16
868 -16
869 -33
870 -17
871 -24
872 -24
873 -57
874 -57
875 -57
876 -54
877 -27
878 -17
879 -27
880 -17
881 -16
882 -16
883 -16
884 -50
885 -27
886 -57
887 -16
888 -57
889 -24
890 -16
891 -24
892 -33
893 -16
894 -57
895 -16
896 -24
897 -57
898 -16
899 -55
900 -27
901 -24
902 -55
903 -16
904 -21
905 -50
906 -57
907 -55
908 -16
909 -33
910 -16
911 -16
912 -16
913 -57
914 -57
915 -24
916 -17
917 -50
918 -24
919 -16
920 -16
921 -55
922 -16
923 -17
924 -27
925 -17
926 -20
927 -33
928 -16
929 -27
930 -16
931 -16
932 -32
933 -16
934 -17
935 -17
936 -27
937 -57
938 -16
939 -32
940 -16
941 -32
942 -33
943 -32
944 -16
945 -27
946 -27
947 -27
948 -16
949 -27
950 -33
951 -27
952 -16
953 -24
954 -50
955 -16
956 -33
957 -32
958 -33
959 -29
960 -50
961 -33
962 -47
963 -16
964 -16
965 -50
966 -24
967 -16
968 -16
969 -57
970 -27
971 -16
972 -17
973 -24
974 -17
975 -27
976 -21
977 -16
978 -55
979 -33
980 -50
981 -57
982 -24
983 -17
984 -24
985 -55
986 -16
987 -32
988 -27
989 -32
990 -57
991 -17
992 -55
993 -16
994 -16
995 -16
996 -50
997 -32
998 -27
999 -17
