0 -25
1 -62
2 -67
3 -27
4 -87
5 -43
6 -24
7 -71
8 -72
9 -20
10 -45
11 -71
12 -35
13 -80
14 -93
15 -49
16 -42
17 -31
18 -80
19 -16
20 -71
21 -52
22 -40
23 -22
24 -67
25 -33
26 -49
27 -28
28 -22
29 -72
30 -71
31 -71
32 -22
33 -45
34 -67
35 -32
36 -48
37 -83
38 -52
39 -17
40 -42
41 -83
42 -71
43 -41
44 -38
45 -30
46 -41
47 -28
48 -17
49 -71
50 -71
51 -35
52 -51
53 -47
54 -49
55 -71
56 -45
57 -45
58 -66
59 -59
60 -71
61 -36
62 -67
63 -38
64 -67
65 -49
66 -79
67 -35
68 -57
69 -20
70 -40
71 -45
72 -83
73 -29
74 -28
75 -79
76 -39
77 -39
78 -44
79 -71
80 -35
81 -71
82 -83
83 -42
84 -71
85 -48
86 -24
87 -57
88 -31
89 -51
90 -44
91 -71
92 -71
93 -83
94 -48
95 -48
96 -40
97 -48
98 -19
99 -49
100 -31
101 -17
102 -50
103 -37
104 -40
105 -40
106 -24
107 -27
108 -71
109 -20
110 -79
111 -67
112 -71
113 -21
114 -46
115 -83
116 -45
117 -67
118 -26
119 -71
120 -28
121 -83
122 -30
123 -29
124 -71
125 -39
126 -71
127 -32
128 -83
129 -71
130 -44
131 -67
132 -48
133 -67
134 -42
135 -25
136 -42
137 -30
138 -67
139 -84
140 -67
141 -50
142 -72
143 -67
144 -71
145 -75
146 -71
147 -42
148 -67
149 -37
150 -71
151 -36
152 -32
153 -45
154 -44
155 -71
156 -56
157 -49
158 -32
159 -68
160 -41
161 -20
162 -21
163 -42
164 -84
165 -33
166 -36
167 -67
168 -52
169 -41
170 -71
171 -71
172 -71
173 -58
174 -49
175 -37
176 -105
177 -24
178 -71
179 -28
180 -25
181 -67
182 -40
183 -71
184 -71
185 -33
186 -32
187 -45
188 -45
189 -37
190 -67
191 -24
192 -28
193 -90
194 -21
195 -56
196 -59
197 -66
198 -71
199 -44
200 -66
201 -49
202 -49
203 -38
204 -71
205 -71
206 -67
207 -21
208 -27
209 -71
210 -47
211 -67
212 -69
213 -71
214 -71
215 -67
216 -75
217 -67
218 -67
219 -32
220 -48
221 -58
222 -49
223 -67
224 -31
225 -71
226 -72
227 -71
228 -17
229 -54
230 -46
231 -30
232 -40
233 -44
234 -43
235 -43
236 -40
237 -20
238 -21
239 -71
240 -49
241 -63
242 -24
243 -49
244 -71
245 -83
246 -15
247 -84
248 -83
249 -48
250 -20
251 -39
252 -80
253 -70
254 -28
255 -71
256 -37
257 -71
258 -67
259 -71
260 -49
261 -20
262 -25
263 -71
264 -65
265 -71
266 -72
267 -67
268 -52
269 -71
270 -17
271 -46
272 -71
273 -29
274 -21
275 -52
276 -67
277 -63
278 -71
279 -71
280 -71
281 -71
282 -71
283 -20
284 -24
285 -48
286 -49
287 -71
288 -67
289 -84
290 -37
291 -49
292 -72
293 -71
294 -45
295 -71
296 -48
297 -67
298 -45
299 -71
300 -72
301 -71
302 -67
303 -67
304 -67
305 -57
306 -47
307 -83
308 -72
309 -71
310 -71
311 -71
312 -50
313 -36
314 -70
315 -49
316 -31
317 -78
318 -49
319 -48
320 -58
321 -71
322 -46
323 -40
324 -27
325 -84
326 -48
327 -71
328 -49
329 -29
330 -41
331 -80
332 -45
333 -27
334 -71
335 -38
336 -44
337 -37
338 -43
339 -48
340 -79
341 -79
342 -84
343 -32
344 -91
345 -72
346 -37
347 -28
348 -49
349 -48
350 -71
351 -40
352 -32
353 -49
354 -16
355 -71
356 -71
357 -23
358 -39
359 -44
360 -71
361 -20
362 -27
363 -57
364 -71
365 -83
366 -71
367 -84
368 -46
369 -49
370 -27
371 -28
372 -71
373 -67
374 -45
375 -67
376 -28
377 -81
378 -48
379 -71
380 -49
381 -39
382 -71
383 -71
384 -36
385 -37
386 -21
387 -44
388 -55
389 -28
390 -65
391 -71
392 -40
393 -53
394 -71
395 -16
396 -74
397 -34
398 -62
399 -45
400 -12
401 -45
402 -41
403 -71
404 -40
405 -44
406 -44
407 -71
408 -32
409 -49
410 -71
411 -32
412 -71
413 -75
414 -48
415 -67
416 -53
417 -45
418 -28
419 -45
420 -89
421 -28
422 -36
423 -56
424 -56
425 -41
426 -67
427 -28
428 -71
429 -48
430 -48
431 -28
432 -45
433 -80
434 -27
435 -71
436 -40
437 -71
438 -71
439 -39
440 -72
441 -53
442 -53
443 -22
444 -67
445 -35
446 -67
447 -19
448 -44
449 -83
450 -70
451 -71
452 -83
453 -76
454 -83
455 -21
456 -66
457 -67
458 -21
459 -50
460 -67
461 -103
462 -49
463 -48
464 -71
465 -31
466 -43
467 -44
468 -19
469 -80
470 -44
471 -77
472 -67
473 -48
474 -41
475 -71
476 -85
477 -67
478 -68
479 -48
480 -45
481 -71
482 -45
483 -40
484 -22
485 -67
486 -36
487 -71
488 -72
489 -44
490 -39
491 -40
492 -45
493 -71
494 -71
495 -32
496 -58
497 -41
498 -49
499 -41
500 -71
501 -71
502 -88
503 -71
504 -40
505 -44
506 -35
507 -45
508 -43
509 -58
510 -46
511 -41
512 -36
513 -31
514 -71
515 -71
516 -67
517 -48
518 -71
519 -67
520 -22
521 -67
522 -71
523 -45
524 -49
525 -67
526 -47
527 -83
528 -32
529 -83
530 -40
531 -49
532 -48
533 -71
534 -49
535 -78
536 -76
537 -45
538 -43
539 -44
540 -42
541 -40
542 -67
543 -40
544 -13
545 -71
546 -36
547 -67
548 -70
549 -71
550 -36
551 -67
552 -71
553 -30
554 -72
555 -78
556 -71
557 -71
558 -32
559 -71
560 -44
561 -67
562 -41
563 -35
564 -54
565 -32
566 -67
567 -32
568 -71
569 -67
570 -44
571 -46
572 -49
573 -72
574 -71
575 -55
576 -75
577 -71
578 -41
579 -67
580 -45
581 -71
582 -23
583 -20
584 -80
585 -48
586 -36
587 -71
588 -61
589 -52
590 -71
591 -49
592 -31
593 -40
594 -25
595 -32
596 -71
597 -35
598 -71
599 -67
600 -28
601 -48
602 -79
603 -67
604 -39
605 -67
606 -84
607 -53
608 -53
609 -79
610 -25
611 -71
612 -71
613 -44
614 -44
615 -40
616 -53
617 -44
618 -27
619 -48
620 -83
621 -40
622 -29
623 -37
624 -38
625 -72
626 -52
627 -51
628 -36
629 -31
630 -63
631 -45
632 -23
633 -24
634 -47
635 -25
636 -45
637 -21
638 -71
639 -49
640 -80
641 -48
642 -47
643 -41
644 -78
645 -49
646 -71
647 -41
648 -45
649 -71
650 -55
651 -22
652 -71
653 -49
654 -19
655 -28
656 -37
657 -29
658 -71
659 -71
660 -80
661 -49
662 -72
663 -45
664 -67
665 -31
666 -80
667 -67
668 -49
669 -45
670 -48
671 -76
672 -71
673 -51
674 -49
675 -45
676 -41
677 -71
678 -89
679 -34
680 -21
681 -12
682 -45
683 -40
684 -71
685 -48
686 -71
687 -23
688 -72
689 -47
690 -25
691 -72
692 -20
693 -92
694 -32
695 -67
696 -48
697 -44
698 -43
699 -20
700 -71
701 -71
702 -42
703 -41
704 -55
705 -48
706 -49
707 -71
708 -67
709 -40
710 -45
711 -23
712 -57
713 -44
714 -48
715 -71
716 -41
717 -67
718 -71
719 -58
720 -50
721 -16
722 -48
723 -41
724 -53
725 -27
726 -67
727 -53
728 -40
729 -26
730 -71
731 -52
732 -52
733 -67
734 -80
735 -41
736 -44
737 -39
738 -44
739 -67
740 -71
741 -75
742 -83
743 -36
744 -28
745 -71
746 -72
747 -71
748 -48
749 -40
750 -40
751 -47
752 -47
753 -41
754 -67
755 -71
756 -72
757 -48
758 -28
759 -24
760 -48
761 -44
762 -84
763 -45
764 -47
765 -41
766 -50
767 -44
768 -39
769 -49
770 -44
771 -51
772 -38
773 -48
774 -41
775 -45
776 -26
777 -71
778 -44
779 -84
780 -40
781 -84
782 -34
783 -67
784 -72
785 -32
786 -53
787 -40
788 -67
789 -45
790 -17
791 -49
792 -45
793 -34
794 -18
795 -72
796 -67
797 -71
798 -27
799 -37
800 -38
801 -26
802 -62
803 -57
804 -55
805 -44
806 -45
807 -67
808 -32
809 -48
810 -83
811 -67
812 -45
813 -67
814 -67
815 -49
816 -36
817 -92
818 -76
819 -71
820 -71
821 -45
822 -67
823 -22
824 -44
825 -30
826 -67
827 -67
828 -30
829 -31
830 -17
831 -45
832 -35
833 -36
834 -75
835 -42
836 -40
837 -27
838 -42
839 -53
840 -39
841 -22
842 -28
843 -83
844 -21
845 -47
846 -36
847 -24
848 -21
849 -50
850 -45
851 -45
852 -34
853 -45
854 -71
855 -32
856 -46
857 -71
858 -57
859 -67
860 -74
861 -49
862 -45
863 -84
864 -49
865 -72
866 -66
867 -47
868 -71
869 -41
870 -67
871 -19
872 -71
873 -89
874 -44
875 -28
876 -42
877 -72
878 -48
879 -84
880 -67
881 -42
882 -49
883 -72
884 -53
885 -28
886 -49
887 -37
888 -27
889 -76
890 -19
891 -82
892 -17
893 -44
894 -71
895 -41
896 -67
897 -41
898 -43
899 -71
900 -71
901 -40
902 -49
903 -49
904 -44
905 -73
906 -48
907 -41
908 -62
909 -71
910 -71
911 -40
912 -31
913 -80
914 -32
915 -22
916 -48
917 -22
918 -42
919 -48
920 -71
921 -56
922 -71
923 -39
924 -56
925 -48
926 -84
927 -84
928 -67
929 -40
930 -32
931 -23
932 -35
933 -49
934 -44
935 -76
936 -28
937 -27
938 -21
939 -21
940 -48
941 -19
942 -67
943 -48
944 -119
945 -50
946 -38
947 -20
948 -37
949 -45
950 -48
951 -71
952 -29
953 -36
954 -52
955 -27
956 -47
957 -31
958 -71
959 -48
960 -71
961 -71
962 -50
963 -49
964 -90
965 -40
966 -71
967 -23
968 -32
969 -44
970 -48
971 -71
972 -71
973 -20
974 -24
975 -43
976 -71
977 -22
978 -26
979 -67
980 -43
981 -21
982 -48
983 -44
984 -71
985 -36
986 -71
987 -67
988 -49
989 -67
990 -71
991 -50
992 -71
993 -49
994 -49
995 -39
996 -44
997 -47
998 -67
999 -44
