0 -50
1 -62
2 -16
3 -16
4 -25
5 -50
6 -25
7 -16
8 -41
9 -41
10 -48
11 -16
12 -55
13 -34
14 -20
15 -16
16 -16
17 -50
18 -54
19 -48
20 -48
21 -20
22 -16
23 -34
24 -55
25 -48
26 -41
27 -15
28 -16
29 -16
30 -16
31 -18
32 -16
33 -50
34 -25
35 -15
36 -17
37 -55
38 -16
39 -16
40 -34
41 -15
42 -41
43 -55
44 -16
45 -16
46 -16
47 -50
48 -34
49 -55
50 -55
51 -17
52 -48
53 -16
54 -41
55 -34
56 -15
57 -50
58 -25
59 -15
60 -16
61 -41
62 -34
63 -15
64 -16
65 -16
66 -34
67 -50
68 -55
69 -34
70 -50
71 -41
72 -55
73 -18
74 -16
75 -34
76 -48
77 -34
78 -48
79 -16
80 -25
81 -55
82 -48
83 -41
84 -48
85 -41
86 -48
87 -55
88 -15
89 -16
90 -25
91 -55
92 -16
93 -55
94 -16
95 -16
96 -55
97 -15
98 -20
99 -25
100 -25
101 -48
102 -16
103 -34
104 -48
105 -50
106 -41
107 -48
108 -25
109 -50
110 -16
111 -34
112 -16
113 -55
114 -55
115 -25
116 -50
117 -41
118 -48
119 -25
120 -72
121 -41
122 -41
123 -34
124 -22
125 -50
126 -16
127 -34
128 -15
129 -48
130 -34
131 -17
132 -16
133 -41
134 -50
135 -50
136 -25
137 -16
138 -17
139 -41
140 -41
141 -25
142 -25
143 -16
144 -25
145 -17
146 -16
147 -41
148 -48
149 -16
150 -16
151 -41
152 -46
153 -17
154 -17
155 -16
156 -16
157 -17
158 -17
159 -41
160 -48
161 -16
162 -16
163 -55
164 -55
165 -16
166 -16
167 -16
168 -15
169 -54
170 -78
171 -50
172 -34
173 -55
174 -17
175 -20
176 -48
177 -16
178 -34
179 -16
180 -41
181 -50
182 -41
183 -41
184 -48
185 -46
186 -34
187 -34
188 -34
189 -41
190 -50
191 -34
192 -16
193 -16
194 -17
195 -16
196 -50
197 -48
198 -41
199 -16
200 -16
201 -15
202 -20
203 -16
204 -55
205 -55
206 -15
207 -17
208 -48
209 -15
210 -15
211 -16
212 -25
213 -50
214 -48
215 -34
216 -41
217 -16
218 -41
219 -41
220 -55
221 -55
222 -41
223 -50
224 -17
225 -16
226 -16
227 -16
228 -48
229 -16
230 -34
231 -41
232 -25
233 -48
234 -52
235 -16
236 -34
237 -41
238 -50
239 -53
240 -23
241 -19
242 -55
243 -34
244 -28
245 -41
246 -41
247 -16
248 -48
249 -48
250 -16
251 -61
252 -15
253 -17
254 -26
255 -21
256 -16
257 -50
258 -34
259 -16
260 -34
261 -34
262 -50
263 -15
264 -25
265 -16
266 -16
267 -15
268 -17
269 -17
270 -48
271 -48
272 -16
273 -15
274 -25
275 -15
276 -35
277 -63
278 -16
279 -15
280 -34
281 -16
282 -16
283 -48
284 -17
285 -16
286 -24
287 -17
288 -41
289 -34
290 -41
291 -16
292 -16
293 -17
294 -41
295 -17
296 -48
297 -15
298 -50
299 -48
300 -16
301 -41
302 -16
303 -55
304 -17
305 -41
306 -50
307 -50
308 -55
309 -17
310 -25
311 -25
312 -15
313 -16
314 -25
315 -15
316 -48
317 -50
318 -41
319 -41
320 -25
321 -25
322 -41
323 -50
324 -17
325 -16
326 -16
327 -15
328 -55
329 -16
330 -16
331 -16
332 -41
333 -55
334 -17
335 -16
336 -55
337 -16
338 -17
339 -41
340 -66
341 -50
342 -48
343 -40
344 -16
345 -25
346 -16
347 -16
348 -57
349 -34
350 -25
351 -25
352 -15
353 -50
354 -34
355 -41
356 -17
357 -50
358 -55
359 -16
360 -24
361 -48
362 -16
363 -17
364 -48
365 -16
366 -16
367 -15
368 -15
369 -41
370 -48
371 -55
372 -17
373 -15
374 -48
375 -50
376 -55
377 -41
378 -48
379 -41
380 -23
381 -17
382 -25
383 -34
384 -17
385 -48
386 -16
387 -55
388 -50
389 -16
390 -16
391 -55
392 -41
393 -25
394 -16
395 -50
396 -34
397 -55
398 -15
399 -16
400 -15
401 -25
402 -16
403 -41
404 -25
405 -17
406 -55
407 -41
408 -16
409 -16
410 -48
411 -25
412 -15
413 -25
414 -16
415 -48
416 -16
417 -16
418 -15
419 -55
420 -41
421 -48
422 -34
423 -50
424 -34
425 -19
426 -34
427 -55
428 -55
429 -25
430 -16
431 -17
432 -48
433 -17
434 -16
435 -50
436 -33
437 -71
438 -16
439 -25
440 -16
441 -16
442 -55
443 -55
444 -55
445 -34
446 -16
447 -48
448 -41
449 -16
450 -21
451 -50
452 -17
453 -32
454 -25
455 -41
456 -41
457 -34
458 -15
459 -16
460 -16
461 -34
462 -50
463 -16
464 -21
465 -16
466 -50
467 -50
468 -34
469 -16
470 -16
471 -15
472 -16
473 -48
474 -15
475 -16
476 -41
477 -48
478 -48
479 -16
480 -16
481 -16
482 -48
483 -16
484 -16
485 -32
486 -15
487 -15
488 -15
489 -16
490 -16
491 -17
492 -41
493 -55
494 -39
495 -50
496 -15
497 -16
498 -60
499 -15
500 -34
501 -15
502 -17
503 -55
504 -16
505 -59
506 -50
507 -16
508 -55
509 -55
510 -34
511 -16
512 -16
513 -16
514 -16
515 -15
516 -25
517 -55
518 -16
519 -50
520 -16
521 -60
522 -15
523 -48
524 -17
525 -16
526 -16
527 -16
528 -50
529 -34
530 -48
531 -28
532 -34
533 -41
534 -50
535 -48
536 -17
537 -25
538 -46
539 -34
540 -16
541 -41
542 -16
543 -48
544 -27
545 -50
546 -16
547 -56
548 -34
549 -55
550 -34
551 -16
552 -50
553 -16
554 -34
555 -55
556 -17
557 -17
558 -16
559 -50
560 -16
561 -48
562 -16
563 -55
564 -15
565 -55
566 -17
567 -55
568 -50
569 -48
570 -25
571 -55
572 -34
573 -50
574 -16
575 -41
576 -16
577 -16
578 -55
579 -50
580 -16
581 -16
582 -55
583 -48
584 -16
585 -41
586 -16
587 -15
588 -16
589 -48
590 -29
591 -17
592 -17
593 -15
594 -16
595 -25
596 -48
597 -17
598 -16
599 -17
600 -17
601 -17
602 -25
603 -25
604 -16
605 -16
606 -34
607 -32
608 -17
609 -16
610 -17
611 -16
612 -55
613 -16
614 -34
615 -25
616 -77
617 -16
618 -15
619 -16
620 -16
621 -16
622 -16
623 -16
624 -16
625 -16
626 -18
627 -17
628 -55
629 -16
630 -48
631 -15
632 -34
633 -15
634 -25
635 -25
636 -16
637 -34
638 -17
639 -50
640 -41
641 -50
642 -26
643 -34
644 -25
645 -16
646 -16
647 -25
648 -16
649 -55
650 -55
651 -50
652 -16
653 -34
654 -17
655 -16
656 -48
657 -41
658 -34
659 -15
660 -17
661 -16
662 -25
663 -25
664 -34
665 -34
666 -16
667 -22
668 -41
669 -50
670 -17
671 -55
672 -25
673 -25
674 -16
675 -16
676 -34
677 -34
678 -34
679 -41
680 -44
681 -16
682 -41
683 -62
684 -16
685 -41
686 -41
687 -16
688 -41
689 -50
690 -16
691 -15
692 -16
693 -17
694 -41
695 -16
696 -17
697 -55
698 -15
699 -15
700 -50
701 -34
702 -48
703 -55
704 -16
705 -25
706 -48
707 -55
708 -16
709 -25
710 -34
711 -25
712 -16
713 -20
714 -55
715 -41
716 -17
717 -16
718 -25
719 -50
720 -41
721 -17
722 -16
723 -34
724 -15
725 -55
726 -15
727 -55
728 -55
729 -17
730 -17
731 -41
732 -22
733 -15
734 -25
735 -55
736 -55
737 -41
738 -17
739 -40
740 -34
741 -16
742 -15
743 -55
744 -16
745 -16
746 -55
747 -25
748 -17
749 -45
750 -16
751 -16
752 -49
753 -16
754 -16
755 -25
756 -16
757 -50
758 -34
759 -15
760 -15
761 -17
762 -41
763 -48
764 -16
765 -48
766 -16
767 -15
768 -34
769 -17
770 -34
771 -15
772 -17
773 -50
774 -37
775 -34
776 -28
777 -16
778 -48
779 -16
780 -16
781 -16
782 -25
783 -16
784 -16
785 -55
786 -41
787 -41
788 -55
789 -55
790 -41
791 -41
792 -16
793 -15
794 -17
795 -50
796 -50
797 -41
798 -55
799 -48
800 -15
801 -16
802 -20
803 -16
804 -34
805 -34
806 -34
807 -55
808 -16
809 -55
810 -25
811 -55
812 -16
813 -25
814 -16
815 -16
816 -16
817 -16
818 -25
819 -48
820 -16
821 -17
822 -16
823 -16
824 -16
825 -17
826 -48
827 -25
828 -55
829 -15
830 -41
831 -34
832 -48
833 -17
834 -34
835 -16
836 -50
837 -41
838 -25
839 -24
840 -17
841 -16
842 -16
843 -92
844 -41
845 -25
846 -48
847 -15
848 -17
849 -16
850 -16
851 -16
852 -46
853 -16
854 -50
855 -25
856 -55
857 -16
858 -55
859 -17
860 -16
861 -16
862 -52
863 -34
864 -17
865 -48
866 -15
867 -17
868 -65
869 -16
870 -55
871 -25
872 -16
873 -41
874 -25
875 -50
876 -17
877 -16
878 -55
879 -41
880 -48
881 -16
882 -41
883 -55
884 -48
885 -34
886 -16
887 -34
888 -16
889 -55
890 -55
891 -49
892 -48
893 -25
894 -17
895 -16
896 -16
897 -15
898 -16
899 -17
900 -50
901 -41
902 -15
903 -16
904 -25
905 -16
906 -16
907 -22
908 -25
909 -34
910 -16
911 -18
912 -50
913 -16
914 -48
915 -50
916 -16
917 -34
918 -16
919 -48
920 -25
921 -48
922 -16
923 -16
924 -48
925 -16
926 -16
927 -15
928 -16
929 -48
930 -73
931 -41
932 -34
933 -25
934 -16
935 -55
936 -16
937 -16
938 -15
939 -25
940 -15
941 -15
942 -16
943 -16
944 -16
945 -41
946 -48
947 -16
948 -15
949 -16
950 -55
951 -15
952 -15
953 -15
954 -55
955 -41
956 -55
957 -26
958 -17
959 -18
960 -48
961 -41
962 -25
963 -48
964 -48
965 -17
966 -15
967 -17
968 -17
969 -16
970 -25
971 -16
972 -17
973 -15
974 -16
975 -34
976 -50
977 -34
978 -50
979 -16
980 -48
981 -55
982 -17
983 -16
984 -25
985 -15
986 -15
987 -50
988 -45
989 -49
990 -55
991 -17
992 -15
993 -15
994 -17
995 -48
996 -50
997 -17
998 -17
999 -48
