0 -27
1 -55
2 -34
3 -27
4 -35
5 -35
6 -35
7 -50
8 -16
9 -50
10 -50
11 -16
12 -17
13 -34
14 -16
15 -16
16 -16
17 -35
18 -55
19 -35
20 -17
21 -16
22 -55
23 -17
24 -16
25 -16
26 -35
27 -50
28 -17
29 -28
30 -17
31 -16
32 -17
33 -27
34 -27
35 -34
36 -16
37 -17
38 -16
39 -55
40 -40
41 -16
42 -27
43 -17
44 -55
45 -16
46 -59
47 -28
48 -17
49 -16
50 -17
51 -17
52 -50
53 -17
54 -55
55 -50
56 -35
57 -16
58 -16
59 -17
60 -17
61 -16
62 -35
63 -40
64 -16
65 -16
66 -34
67 -55
68 -34
69 -50
70 -17
71 -33
72 -55
73 -16
74 -17
75 -34
76 -51
77 -27
78 -17
79 -17
80 -16
81 -34
82 -27
83 -17
84 -34
85 -34
86 -35
87 -27
88 -35
89 -17
90 -17
91 -16
92 -17
93 -54
94 -16
95 -24
96 -35
97 -17
98 -35
99 -17
100 -17
101 -16
102 -34
103 -35
104 -17
105 -16
106 -16
107 -35
108 -50
109 -17
110 -17
111 -50
112 -16
113 -65
114 -16
115 -50
116 -17
117 -17
118 -35
119 -50
120 -16
121 -27
122 -16
123 -16
124 -17
125 -17
126 -16
127 -17
128 -27
129 -16
130 -35
131 -17
132 -34
133 -17
134 -34
135 -27
136 -17
137 -16
138 -27
139 -16
140 -16
141 -16
142 -27
143 -46
144 -17
145 -17
146 -16
147 -50
148 -16
149 -17
150 -27
151 -17
152 -16
153 -55
154 -34
155 -16
156 -34
157 -20
158 -16
159 -35
160 -16
161 -17
162 -16
163 -17
164 -50
165 -50
166 -21
167 -55
168 -16
169 -50
170 -34
171 -16
172 -17
173 -49
174 -17
175 -47
176 -55
177 -16
178 -50
179 -17
180 -17
181 -16
182 -17
183 -50
184 -50
185 -50
186 -17
187 -35
188 -27
189 -16
190 -16
191 -21
192 -35
193 -17
194 -16
195 -17
196 -17
197 -50
198 -17
199 -16
200 -34
201 -50
202 -16
203 -18
204 -50
205 -50
206 -16
207 -17
208 -16
209 -17
210 -16
211 -27
212 -55
213 -56
214 -27
215 -16
216 -16
217 -16
218 -17
219 -17
220 -16
221 -50
222 -35
223 -50
224 -17
225 -34
226 -16
227 -17
228 -18
229 -17
230 -34
231 -17
232 -32
233 -27
234 -35
235 -40
236 -27
237 -51
238 -17
239 -27
240 -21
241 -27
242 -35
243 -34
244 -61
245 -16
246 -50
247 -17
248 -16
249 -17
250 -16
251 -35
252 -17
253 -50
254 -27
255 -17
256 -27
257 -16
258 -16
259 -16
260 -16
261 -27
262 -16
263 -16
264 -17
265 -17
266 -16
267 -17
268 -16
269 -55
270 -54
271 -34
272 -27
273 -17
274 -35
275 -55
276 -55
277 -17
278 -35
279 -50
280 -34
281 -16
282 -34
283 -16
284 -16
285 -17
286 -17
287 -34
288 -16
289 -16
290 -34
291 -27
292 -50
293 -17
294 -21
295 -41
296 -34
297 -55
298 -17
299 -50
300 -17
301 -62
302 -27
303 -17
304 -27
305 -17
306 -17
307 -27
308 -55
309 -16
310 -50
311 -55
312 -34
313 -50
314 -54
315 -27
316 -17
317 -27
318 -34
319 -27
320 -34
321 -55
322 -35
323 -16
324 -50
325 -16
326 -17
327 -50
328 -17
329 -25
330 -17
331 -16
332 -16
333 -16
334 -50
335 -55
336 -16
337 -17
338 -16
339 -35
340 -16
341 -16
342 -17
343 -16
344 -17
345 -17
346 -16
347 -16
348 -55
349 -16
350 -16
351 -27
352 -16
353 -17
354 -17
355 -20
356 -17
357 -35
358 -27
359 -17
360 -27
361 -35
362 -16
363 -16
364 -87
365 -16
366 -27
367 -27
368 -17
369 -55
370 -17
371 -17
372 -17
373 -52
374 -16
375 -16
376 -16
377 -55
378 -27
379 -55
380 -17
381 -16
382 -17
383 -16
384 -35
385 -55
386 -17
387 -35
388 -16
389 -16
390 -17
391 -17
392 -16
393 -16
394 -17
395 -34
396 -16
397 -55
398 -50
399 -39
400 -17
401 -21
402 -35
403 -17
404 -17
405 -34
406 -16
407 -16
408 -34
409 -35
410 -17
411 -34
412 -92
413 -50
414 -50
415 -51
416 -55
417 -55
418 -34
419 -17
420 -35
421 -17
422 -50
423 -16
424 -55
425 -17
426 -50
427 -16
428 -34
429 -17
430 -35
431 -50
432 -16
433 -27
434 -17
435 -16
436 -35
437 -17
438 -17
439 -35
440 -16
441 -27
442 -16
443 -16
444 -27
445 -27
446 -16
447 -27
448 -16
449 -17
450 -16
451 -27
452 -17
453 -34
454 -16
455 -27
456 -16
457 -17
458 -16
459 -87
460 -36
461 -50
462 -55
463 -17
464 -16
465 -16
466 -17
467 -27
468 -16
469 -27
470 -16
471 -16
472 -25
473 -27
474 -16
475 -17
476 -16
477 -16
478 -16
479 -17
480 -55
481 -87
482 -28
483 -55
484 -50
485 -17
486 -17
487 -17
488 -55
489 -20
490 -17
491 -30
492 -55
493 -17
494 -50
495 -50
496 -17
497 -16
498 -50
499 -35
500 -17
501 -55
502 -50
503 -17
504 -35
505 -34
506 -16
507 -27
508 -34
509 -16
510 -16
511 -27
512 -17
513 -34
514 -27
515 -17
516 -16
517 -20
518 -27
519 -16
520 -16
521 -50
522 -16
523 -50
524 -17
525 -50
526 -17
527 -16
528 -16
529 -55
530 -16
531 -17
532 -17
533 -55
534 -55
535 -17
536 -34
537 -17
538 -50
539 -50
540 -59
541 -16
542 -17
543 -27
544 -16
545 -34
546 -17
547 -27
548 -35
549 -17
550 -17
551 -28
552 -27
553 -17
554 -16
555 -50
556 -16
557 -55
558 -16
559 -35
560 -27
561 -17
562 -17
563 -50
564 -27
565 -55
566 -50
567 -35
568 -34
569 -17
570 -16
571 -19
572 -17
573 -17
574 -55
575 -24
576 -55
577 -16
578 -17
579 -34
580 -35
581 -34
582 -50
583 -16
584 -34
585 -16
586 -27
587 -16
588 -17
589 -35
590 -20
591 -34
592 -27
593 -17
594 -50
595 -16
596 -17
597 -27
598 -17
599 -61
600 -16
601 -55
602 -16
603 -17
604 -27
605 -17
606 -16
607 -27
608 -16
609 -34
610 -34
611 -35
612 -16
613 -16
614 -35
615 -35
616 -34
617 -21
618 -27
619 -17
620 -55
621 -17
622 -16
623 -16
624 -17
625 -16
626 -35
627 -17
628 -16
629 -27
630 -16
631 -17
632 -17
633 -17
634 -16
635 -16
636 -25
637 -35
638 -16
639 -34
640 -16
641 -50
642 -16
643 -17
644 -35
645 -55
646 -34
647 -16
648 -16
649 -17
650 -50
651 -17
652 -35
653 -16
654 -16
655 -17
656 -17
657 -16
658 -50
659 -16
660 -46
661 -27
662 -16
663 -34
664 -31
665 -17
666 -27
667 -17
668 -17
669 -17
670 -17
671 -50
672 -35
673 -16
674 -34
675 -24
676 -35
677 -17
678 -17
679 -17
680 -16
681 -27
682 -35
683 -17
684 -27
685 -17
686 -26
687 -35
688 -50
689 -16
690 -35
691 -50
692 -16
693 -18
694 -55
695 -34
696 -17
697 -16
698 -16
699 -27
700 -16
701 -55
702 -16
703 -27
704 -27
705 -16
706 -35
707 -18
708 -34
709 -27
710 -16
711 -27
712 -17
713 -57
714 -16
715 -35
716 -16
717 -50
718 -27
719 -34
720 -87
721 -35
722 -17
723 -50
724 -17
725 -17
726 -34
727 -16
728 -34
729 -50
730 -16
731 -20
732 -17
733 -27
734 -16
735 -16
736 -16
737 -35
738 -27
739 -17
740 -55
741 -55
742 -27
743 -35
744 -17
745 -50
746 -17
747 -55
748 -55
749 -17
750 -34
751 -34
752 -17
753 -55
754 -16
755 -34
756 -34
757 -17
758 -17
759 -27
760 -16
761 -17
762 -55
763 -34
764 -24
765 -27
766 -16
767 -17
768 -67
769 -16
770 -17
771 -55
772 -35
773 -34
774 -27
775 -17
776 -16
777 -16
778 -55
779 -16
780 -27
781 -17
782 -34
783 -17
784 -17
785 -17
786 -35
787 -16
788 -17
789 -54
790 -17
791 -18
792 -50
793 -17
794 -35
795 -55
796 -16
797 -32
798 -16
799 -20
800 -16
801 -35
802 -50
803 -17
804 -16
805 -55
806 -27
807 -27
808 -17
809 -27
810 -27
811 -16
812 -50
813 -17
814 -16
815 -20
816 -27
817 -16
818 -16
819 -34
820 -16
821 -27
822 -17
823 -16
824 -34
825 -17
826 -56
827 -50
828 -55
829 -16
830 -16
831 -27
832 -16
833 -16
834 -35
835 -28
836 -17
837 -16
838 -16
839 -34
840 -35
841 -50
842 -50
843 -55
844 -54
845 -17
846 -17
847 -35
848 -35
849 -27
850 -34
851 -17
852 -27
853 -24
854 -40
855 -17
856 -17
857 -17
858 -34
859 -35
860 -16
861 -34
862 -17
863 -35
864 -14
865 -16
866 -55
867 -17
868 -35
869 -17
870 -17
871 -27
872 -16
873 -55
874 -55
875 -16
876 -34
877 -16
878 -17
879 -17
880 -17
881 -34
882 -34
883 -16
884 -17
885 -34
886 -34
887 -50
888 -35
889 -17
890 -16
891 -16
892 -27
893 -16
894 -17
895 -17
896 -17
897 -27
898 -17
899 -16
900 -27
901 -35
902 -16
903 -27
904 -17
905 -55
906 -24
907 -16
908 -16
909 -55
910 -16
911 -16
912 -16
913 -34
914 -17
915 -17
916 -16
917 -43
918 -55
919 -16
920 -27
921 -50
922 -35
923 -20
924 -17
925 -17
926 -27
927 -17
928 -27
929 -17
930 -16
931 -16
932 -16
933 -17
934 -14
935 -17
936 -16
937 -17
938 -17
939 -55
940 -55
941 -27
942 -16
943 -17
944 -27
945 -50
946 -16
947 -17
948 -16
949 -17
950 -16
951 -17
952 -35
953 -17
954 -55
955 -55
956 -27
957 -50
958 -16
959 -17
960 -17
961 -55
962 -16
963 -31
964 -61
965 -16
966 -17
967 -17
968 -16
969 -35
970 -55
971 -16
972 -17
973 -34
974 -27
975 -35
976 -17
977 -55
978 -16
979 -16
980 -17
981 -16
982 -17
983 -17
984 -16
985 -17
986 -42
987 -50
988 -17
989 -16
990 -34
991 -34
992 -16
993 -27
994 -55
995 -35
996 -16
997 -35
998 -16
999 -17
