0 -30
1 -17
2 -24
3 -24
4 -15
5 -60
6 -50
7 -55
8 -50
9 -24
10 -50
11 -16
12 -31
13 -43
14 -17
15 -55
16 -33
17 -16
18 -31
19 -27
20 -16
21 -17
22 -31
23 -17
24 -22
25 -31
26 -33
27 -50
28 -16
29 -16
30 -33
31 -15
32 -16
33 -70
34 -16
35 -51
36 -27
37 -16
38 -17
39 -16
40 -16
41 -15
42 -15
43 -16
44 -16
45 -43
46 -43
47 -55
48 -16
49 -16
50 -33
51 -29
52 -16
53 -50
54 -16
55 -22
56 -16
57 -24
58 -33
59 -31
60 -33
61 -55
62 -16
63 -55
64 -16
65 -51
66 -16
67 -33
68 -17
69 -50
70 -63
71 -27
72 -33
73 -16
74 -33
75 -17
76 -50
77 -31
78 -50
79 -16
80 -27
81 -50
82 -16
83 -21
84 -50
85 -16
86 -24
87 -27
88 -24
89 -27
90 -44
91 -16
92 -50
93 -27
94 -50
95 -27
96 -16
97 -55
98 -27
99 -31
100 -24
101 -31
102 -16
103 -24
104 -24
105 -16
106 -24
107 -47
108 -43
109 -33
110 -24
111 -55
112 -55
113 -55
114 -27
115 -24
116 -33
117 -50
118 -27
119 -27
120 -24
121 -24
122 -20
123 -31
124 -31
125 -16
126 -27
127 -33
128 -61
129 -55
130 -31
131 -22
132 -23
133 -16
134 -22
135 -33
136 -50
137 -16
138 -30
139 -17
140 -59
141 -27
142 -24
143 -16
144 -24
145 -50
146 -55
147 -33
148 -17
149 -16
150 -16
151 -16
152 -17
153 -31
154 -16
155 -24
156 -23
157 -17
158 -16
159 -24
160 -27
161 -31
162 -50
163 -22
164 -16
165 -17
166 -55
167 -15
168 -16
169 -16
170 -50
171 -50
172 -17
173 -55
174 -16
175 -33
176 -15
177 -50
178 -55
179 -17
180 -16
181 -31
182 -31
183 -42
184 -33
185 -16
186 -42
187 -24
188 -16
189 -33
190 -16
191 -50
192 -24
193 -16
194 -25
195 -33
196 -32
197 -31
198 -43
199 -16
200 -51
201 -17
202 -17
203 -50
204 -58
205 -31
206 -31
207 -17
208 -17
209 -16
210 -17
211 -31
212 -50
213 -31
214 -24
215 -16
216 -50
217 -27
218 -50
219 -33
220 -16
221 -55
222 -20
223 -24
224 -24
225 -24
226 -24
227 -33
228 -16
229 -17
230 -33
231 -16
232 -17
233 -16
234 -27
235 -33
236 -22
237 -33
238 -16
239 -16
240 -50
241 -24
242 -27
243 -27
244 -31
245 -55
246 -50
247 -30
248 -16
249 -16
250 -50
251 -23
252 -16
253 -24
254 -31
255 -16
256 -31
257 -27
258 -55
259 -24
260 -45
261 -16
262 -27
263 -33
264 -31
265 -16
266 -17
267 -33
268 -16
269 -55
270 -55
271 -27
272 -17
273 -22
274 -33
275 -16
276 -26
277 -33
278 -19
279 -16
280 -17
281 -50
282 -24
283 -50
284 -55
285 -24
286 -16
287 -33
288 -33
289 -31
290 -31
291 -16
292 -27
293 -16
294 -55
295 -33
296 -25
297 -36
298 -31
299 -55
300 -55
301 -16
302 -16
303 -27
304 -53
305 -55
306 -17
307 -16
308 -50
309 -16
310 -16
311 -55
312 -16
313 -16
314 -16
315 -27
316 -16
317 -51
318 -16
319 -33
320 -24
321 -16
322 -55
323 -17
324 -31
325 -17
326 -59
327 -33
328 -55
329 -17
330 -70
331 -24
332 -24
333 -24
334 -24
335 -17
336 -16
337 -31
338 -50
339 -55
340 -15
341 -31
342 -16
343 -16
344 -17
345 -55
346 -20
347 -50
348 -55
349 -16
350 -16
351 -24
352 -31
353 -31
354 -16
355 -17
356 -30
357 -24
358 -55
359 -65
360 -16
361 -27
362 -23
363 -16
364 -55
365 -16
366 -33
367 -17
368 -16
369 -50
370 -22
371 -24
372 -50
373 -22
374 -16
375 -16
376 -31
377 -33
378 -31
379 -24
380 -33
381 -31
382 -17
383 -15
384 -16
385 -16
386 -24
387 -24
388 -16
389 -24
390 -16
391 -16
392 -50
393 -31
394 -82
395 -25
396 -30
397 -16
398 -31
399 -27
400 -50
401 -50
402 -17
403 -27
404 -17
405 -74
406 -16
407 -55
408 -16
409 -43
410 -24
411 -31
412 -17
413 -16
414 -16
415 -50
416 -16
417 -33
418 -16
419 -17
420 -16
421 -18
422 -27
423 -16
424 -27
425 -16
426 -24
427 -55
428 -24
429 -15
430 -33
431 -55
432 -50
433 -16
434 -17
435 -16
436 -50
437 -27
438 -16
439 -22
440 -55
441 -30
442 -22
443 -31
444 -27
445 -31
446 -17
447 -24
448 -33
449 -27
450 -16
451 -20
452 -55
453 -22
454 -55
455 -27
456 -55
457 -27
458 -50
459 -31
460 -31
461 -27
462 -49
463 -16
464 -17
465 -55
466 -31
467 -69
468 -16
469 -27
470 -16
471 -17
472 -27
473 -33
474 -27
475 -17
476 -17
477 -17
478 -50
479 -17
480 -27
481 -17
482 -16
483 -50
484 -43
485 -24
486 -27
487 -50
488 -33
489 -15
490 -30
491 -16
492 -17
493 -16
494 -31
495 -22
496 -55
497 -31
498 -50
499 -43
500 -16
501 -16
502 -55
503 -16
504 -49
505 -33
506 -50
507 -47
508 -24
509 -55
510 -31
511 -24
512 -31
513 -24
514 -27
515 -17
516 -17
517 -16
518 -16
519 -30
520 -31
521 -15
522 -31
523 -31
524 -16
525 -55
526 -27
527 -17
528 -16
529 -31
530 -31
531 -59
532 -24
533 -43
534 -27
535 -33
536 -31
537 -17
538 -17
539 -17
540 -16
541 -50
542 -16
543 -31
544 -33
545 -24
546 -27
547 -27
548 -31
549 -16
550 -17
551 -55
552 -33
553 -31
554 -50
555 -65
556 -50
557 -17
558 -17
559 -33
560 -33
561 -50
562 -33
563 -15
564 -31
565 -16
566 -16
567 -33
568 -22
569 -16
570 -31
571 -16
572 -31
573 -55
574 -17
575 -16
576 -16
577 -16
578 -50
579 -27
580 -17
581 -16
582 -50
583 -50
584 -17
585 -16
586 -18
587 -30
588 -31
589 -16
590 -16
591 -55
592 -55
593 -16
594 -27
595 -50
596 -27
597 -23
598 -55
599 -27
600 -50
601 -55
602 -50
603 -23
604 -16
605 -31
606 -16
607 -27
608 -37
609 -16
610 -55
611 -31
612 -20
613 -17
614 -37
615 -31
616 -31
617 -27
618 -16
619 -33
620 -55
621 -55
622 -15
623 -22
624 -17
625 -47
626 -17
627 -31
628 -20
629 -55
630 -50
631 -33
632 -27
633 -24
634 -16
635 -50
636 -50
637 -16
638 -27
639 -27
640 -50
641 -33
642 -20
643 -55
644 -22
645 -31
646 -22
647 -55
648 -16
649 -17
650 -27
651 -33
652 -16
653 -24
654 -16
655 -24
656 -16
657 -17
658 -16
659 -27
660 -31
661 -23
662 -16
663 -27
664 -55
665 -42
666 -31
667 -31
668 -24
669 -55
670 -30
671 -55
672 -27
673 -24
674 -55
675 -24
676 -24
677 -31
678 -16
679 -32
680 -24
681 -27
682 -25
683 -27
684 -33
685 -27
686 -17
687 -17
688 -27
689 -15
690 -17
691 -50
692 -17
693 -46
694 -17
695 -17
696 -55
697 -24
698 -16
699 -24
700 -31
701 -16
702 -50
703 -50
704 -16
705 -16
706 -60
707 -61
708 -27
709 -55
710 -16
711 -50
712 -24
713 -50
714 -27
715 -31
716 -16
717 -16
718 -50
719 -17
720 -74
721 -17
722 -33
723 -16
724 -16
725 -31
726 -24
727 -15
728 -24
729 -27
730 -24
731 -55
732 -55
733 -16
734 -27
735 -33
736 -24
737 -16
738 -16
739 -15
740 -24
741 -24
742 -43
743 -31
744 -17
745 -16
746 -50
747 -16
748 -55
749 -24
750 -24
751 -50
752 -16
753 -16
754 -50
755 -55
756 -16
757 -55
758 -16
759 -31
760 -17
761 -16
762 -24
763 -22
764 -55
765 -16
766 -16
767 -33
768 -33
769 -16
770 -27
771 -16
772 -55
773 -24
774 -55
775 -50
776 -15
777 -25
778 -17
779 -24
780 -17
781 -16
782 -16
783 -17
784 -16
785 -18
786 -24
787 -27
788 -50
789 -55
790 -16
791 -33
792 -27
793 -50
794 -33
795 -55
796 -17
797 -16
798 -15
799 -24
800 -55
801 -50
802 -55
803 -33
804 -50
805 -16
806 -55
807 -33
808 -31
809 -50
810 -16
811 -31
812 -55
813 -17
814 -24
815 -16
816 -55
817 -27
818 -17
819 -27
820 -33
821 -31
822 -16
823 -43
824 -36
825 -16
826 -31
827 -24
828 -33
829 -24
830 -22
831 -55
832 -24
833 -17
834 -24
835 -24
836 -24
837 -22
838 -22
839 -16
840 -17
841 -33
842 -55
843 -31
844 -27
845 -50
846 -24
847 -16
848 -31
849 -55
850 -31
851 -16
852 -33
853 -21
854 -43
855 -50
856 -16
857 -17
858 -50
859 -16
860 -16
861 -17
862 -33
863 -50
864 -16
865 -28
866 -16
867 -16
868 -16
869 -50
870 -31
871 -16
872 -31
873 -16
874 -33
875 -16
876 -24
877 -26
878 -16
879 -33
880 -17
881 -18
882 -33
883 -20
884 -55
885 -22
886 -27
887 -24
888 -27
889 -33
890 -16
891 -46
892 -22
893 -27
894 -31
895 -24
896 -55
897 -50
898 -33
899 -27
900 -46
901 -16
902 -33
903 -23
904 -31
905 -16
906 -55
907 -50
908 -17
909 -17
910 -16
911 -27
912 -33
913 -31
914 -16
915 -19
916 -17
917 -50
918 -67
919 -50
920 -16
921 -24
922 -24
923 -16
924 -50
925 -17
926 -55
927 -33
928 -27
929 -16
930 -27
931 -43
932 -50
933 -17
934 -27
935 -30
936 -16
937 -16
938 -27
939 -50
940 -27
941 -27
942 -33
943 -42
944 -15
945 -15
946 -16
947 -24
948 -22
949 -55
950 -16
951 -24
952 -16
953 -36
954 -22
955 -17
956 -31
957 -24
958 -33
959 -54
960 -16
961 -17
962 -55
963 -55
964 -17
965 -50
966 -16
967 -17
968 -31
969 -16
970 -16
971 -16
972 -24
973 -16
974 -16
975 -55
976 -16
977 -16
978 -16
979 -30
980 -27
981 -16
982 -27
983 -16
984 -18
985 -50
986 -55
987 -50
988 -24
989 -17
990 -55
991 -17
992 -16
993 -50
994 -16
995 -55
996 -50
997 -50
998 -27
999 -33
