0 -44
1 -50
2 -16
3 -18
4 -36
5 -16
6 -68
7 -16
8 -33
9 -16
10 -49
11 -16
12 -45
13 -23
14 -36
15 -16
16 -31
17 -66
18 -24
19 -17
20 -16
21 -16
22 -55
23 -39
24 -55
25 -16
26 -50
27 -16
28 -16
29 -27
30 -19
31 -27
32 -16
33 -76
34 -16
35 -41
36 -30
37 -16
38 -33
39 -16
40 -55
41 -27
42 -27
43 -27
44 -57
45 -17
46 -44
47 -27
48 -50
49 -27
50 -31
51 -39
52 -40
53 -50
54 -50
55 -27
56 -38
57 -16
58 -16
59 -34
60 -50
61 -17
62 -16
63 -15
64 -16
65 -16
66 -36
67 -24
68 -25
69 -19
70 -21
71 -36
72 -16
73 -36
74 -28
75 -50
76 -55
77 -16
78 -50
79 -55
80 -16
81 -55
82 -50
83 -20
84 -27
85 -31
86 -24
87 -57
88 -16
89 -16
90 -34
91 -16
92 -16
93 -36
94 -16
95 -16
96 -57
97 -16
98 -16
99 -16
100 -36
101 -41
102 -50
103 -21
104 -16
105 -20
106 -27
107 -16
108 -31
109 -50
110 -27
111 -48
112 -48
113 -16
114 -16
115 -51
116 -16
117 -16
118 -55
119 -15
120 -50
121 -22
122 -16
123 -36
124 -16
125 -27
126 -60
127 -26
128 -16
129 -27
130 -27
131 -44
132 -15
133 -14
134 -31
135 -36
136 -50
137 -55
138 -20
139 -27
140 -16
141 -27
142 -27
143 -27
144 -55
145 -16
146 -50
147 -36
148 -19
149 -55
150 -16
151 -16
152 -27
153 -57
154 -16
155 -27
156 -50
157 -36
158 -16
159 -34
160 -16
161 -27
162 -55
163 -16
164 -16
165 -16
166 -57
167 -44
168 -16
169 -31
170 -16
171 -16
172 -31
173 -16
174 -16
175 -16
176 -16
177 -16
178 -27
179 -34
180 -27
181 -36
182 -16
183 -34
184 -36
185 -34
186 -34
187 -16
188 -36
189 -27
190 -33
191 -44
192 -31
193 -20
194 -36
195 -16
196 -27
197 -38
198 -16
199 -17
200 -16
201 -16
202 -36
203 -35
204 -55
205 -52
206 -15
207 -16
208 -55
209 -57
210 -43
211 -82
212 -16
213 -36
214 -34
215 -16
216 -28
217 -50
218 -16
219 -16
220 -50
221 -19
222 -27
223 -44
224 -20
225 -43
226 -31
227 -37
228 -36
229 -16
230 -55
231 -41
232 -55
233 -55
234 -16
235 -50
236 -36
237 -60
238 -78
239 -44
240 -16
241 -44
242 -16
243 -24
244 -57
245 -61
246 -60
247 -55
248 -16
249 -16
250 -61
251 -27
252 -55
253 -27
254 -55
255 -27
256 -20
257 -36
258 -31
259 -55
260 -36
261 -16
262 -27
263 -27
264 -27
265 -16
266 -44
267 -27
268 -55
269 -57
270 -16
271 -37
272 -55
273 -20
274 -50
275 -36
276 -16
277 -16
278 -36
279 -27
280 -27
281 -44
282 -27
283 -44
284 -16
285 -16
286 -37
287 -16
288 -16
289 -30
290 -55
291 -43
292 -22
293 -44
294 -31
295 -16
296 -16
297 -36
298 -26
299 -44
300 -14
301 -16
302 -44
303 -20
304 -50
305 -36
306 -16
307 -25
308 -36
309 -27
310 -41
311 -16
312 -16
313 -16
314 -39
315 -54
316 -16
317 -31
318 -34
319 -31
320 -27
321 -16
322 -44
323 -16
324 -36
325 -45
326 -61
327 -27
328 -50
329 -16
330 -57
331 -55
332 -15
333 -30
334 -16
335 -28
336 -16
337 -16
338 -55
339 -36
340 -16
341 -55
342 -16
343 -27
344 -87
345 -16
346 -16
347 -16
348 -36
349 -39
350 -27
351 -31
352 -31
353 -27
354 -36
355 -36
356 -55
357 -16
358 -16
359 -50
360 -26
361 -27
362 -50
363 -36
364 -61
365 -50
366 -16
367 -21
368 -26
369 -16
370 -27
371 -27
372 -55
373 -16
374 -27
375 -24
376 -31
377 -27
378 -43
379 -55
380 -19
381 -16
382 -16
383 -26
384 -34
385 -20
386 -27
387 -16
388 -44
389 -50
390 -26
391 -44
392 -39
393 -55
394 -27
395 -50
396 -16
397 -27
398 -16
399 -50
400 -21
401 -16
402 -22
403 -44
404 -16
405 -27
406 -44
407 -31
408 -44
409 -16
410 -50
411 -16
412 -34
413 -16
414 -16
415 -27
416 -16
417 -36
418 -50
419 -27
420 -50
421 -55
422 -27
423 -17
424 -16
425 -47
426 -36
427 -38
428 -53
429 -50
430 -27
431 -27
432 -16
433 -36
434 -50
435 -16
436 -27
437 -50
438 -16
439 -55
440 -27
441 -55
442 -16
443 -16
444 -55
445 -55
446 -16
447 -74
448 -16
449 -36
450 -16
451 -27
452 -57
453 -15
454 -27
455 -16
456 -41
457 -36
458 -27
459 -27
460 -16
461 -31
462 -16
463 -16
464 -44
465 -27
466 -36
467 -55
468 -16
469 -50
470 -27
471 -31
472 -36
473 -16
474 -29
475 -31
476 -49
477 -43
478 -36
479 -18
480 -36
481 -37
482 -16
483 -50
484 -36
485 -36
486 -16
487 -36
488 -31
489 -44
490 -16
491 -16
492 -31
493 -44
494 -50
495 -27
496 -36
497 -36
498 -55
499 -50
500 -14
501 -15
502 -44
503 -48
504 -27
505 -55
506 -16
507 -30
508 -23
509 -57
510 -27
511 -16
512 -55
513 -14
514 -36
515 -31
516 -50
517 -16
518 -16
519 -16
520 -16
521 -27
522 -54
523 -31
524 -53
525 -16
526 -16
527 -59
528 -16
529 -44
530 -16
531 -31
532 -16
533 -27
534 -16
535 -29
536 -36
537 -27
538 -55
539 -55
540 -38
541 -18
542 -20
543 -55
544 -27
545 -52
546 -27
547 -39
548 -31
549 -16
550 -16
551 -32
552 -16
553 -31
554 -16
555 -55
556 -55
557 -27
558 -27
559 -16
560 -45
561 -15
562 -55
563 -27
564 -29
565 -27
566 -83
567 -55
568 -27
569 -27
570 -36
571 -27
572 -50
573 -36
574 -55
575 -44
576 -61
577 -27
578 -16
579 -38
580 -27
581 -36
582 -36
583 -36
584 -38
585 -55
586 -27
587 -50
588 -55
589 -31
590 -55
591 -31
592 -16
593 -55
594 -22
595 -44
596 -18
597 -45
598 -16
599 -50
600 -47
601 -26
602 -16
603 -50
604 -16
605 -27
606 -27
607 -16
608 -36
609 -27
610 -36
611 -28
612 -36
613 -36
614 -17
615 -21
616 -16
617 -34
618 -36
619 -16
620 -59
621 -20
622 -50
623 -27
624 -36
625 -36
626 -16
627 -16
628 -16
629 -15
630 -20
631 -16
632 -16
633 -16
634 -22
635 -27
636 -27
637 -56
638 -16
639 -27
640 -16
641 -27
642 -55
643 -16
644 -16
645 -16
646 -55
647 -36
648 -55
649 -27
650 -16
651 -55
652 -30
653 -27
654 -50
655 -36
656 -50
657 -52
658 -55
659 -35
660 -16
661 -27
662 -36
663 -27
664 -57
665 -92
666 -56
667 -51
668 -55
669 -57
670 -76
671 -55
672 -50
673 -16
674 -16
675 -39
676 -27
677 -55
678 -27
679 -55
680 -16
681 -27
682 -15
683 -16
684 -36
685 -20
686 -16
687 -16
688 -16
689 -16
690 -31
691 -27
692 -55
693 -57
694 -34
695 -16
696 -16
697 -36
698 -44
699 -31
700 -57
701 -16
702 -16
703 -55
704 -28
705 -50
706 -36
707 -16
708 -51
709 -16
710 -27
711 -27
712 -22
713 -27
714 -16
715 -36
716 -44
717 -17
718 -27
719 -55
720 -16
721 -27
722 -36
723 -33
724 -50
725 -21
726 -36
727 -16
728 -36
729 -56
730 -20
731 -44
732 -36
733 -16
734 -31
735 -36
736 -36
737 -31
738 -36
739 -44
740 -50
741 -59
742 -24
743 -16
744 -16
745 -27
746 -16
747 -16
748 -27
749 -44
750 -27
751 -55
752 -27
753 -16
754 -16
755 -36
756 -56
757 -36
758 -17
759 -27
760 -16
761 -44
762 -27
763 -36
764 -22
765 -66
766 -23
767 -31
768 -16
769 -50
770 -16
771 -16
772 -55
773 -16
774 -16
775 -31
776 -16
777 -31
778 -27
779 -31
780 -36
781 -36
782 -25
783 -33
784 -55
785 -32
786 -93
787 -29
788 -16
789 -31
790 -56
791 -27
792 -27
793 -36
794 -27
795 -16
796 -16
797 -48
798 -55
799 -36
800 -55
801 -16
802 -15
803 -16
804 -16
805 -16
806 -16
807 -55
808 -20
809 -35
810 -16
811 -50
812 -15
813 -16
814 -56
815 -21
816 -16
817 -50
818 -57
819 -44
820 -36
821 -50
822 -27
823 -16
824 -55
825 -15
826 -55
827 -36
828 -16
829 -36
830 -27
831 -16
832 -61
833 -44
834 -31
835 -16
836 -57
837 -36
838 -55
839 -16
840 -16
841 -36
842 -15
843 -36
844 -16
845 -65
846 -27
847 -16
848 -16
849 -51
850 -55
851 -27
852 -20
853 -20
854 -17
855 -36
856 -16
857 -36
858 -44
859 -36
860 -16
861 -50
862 -16
863 -55
864 -27
865 -16
866 -16
867 -57
868 -16
869 -44
870 -16
871 -61
872 -55
873 -50
874 -55
875 -44
876 -39
877 -55
878 -36
879 -55
880 -27
881 -50
882 -36
883 -16
884 -27
885 -22
886 -16
887 -50
888 -31
889 -27
890 -55
891 -46
892 -16
893 -27
894 -50
895 -50
896 -27
897 -16
898 -39
899 -16
900 -16
901 -16
902 -27
903 -17
904 -16
905 -50
906 -16
907 -27
908 -27
909 -16
910 -55
911 -21
912 -33
913 -50
914 -16
915 -24
916 -17
917 -44
918 -15
919 -36
920 -36
921 -48
922 -20
923 -36
924 -27
925 -21
926 -57
927 -16
928 -27
929 -16
930 -56
931 -20
932 -55
933 -55
934 -44
935 -36
936 -55
937 -51
938 -18
939 -20
940 -36
941 -15
942 -16
943 -18
944 -38
945 -16
946 -27
947 -55
948 -16
949 -36
950 -50
951 -50
952 -16
953 -27
954 -16
955 -61
956 -16
957 -27
958 -50
959 -23
960 -38
961 -36
962 -27
963 -21
964 -16
965 -15
966 -50
967 -22
968 -22
969 -40
970 -27
971 -16
972 -36
973 -50
974 -27
975 -50
976 -16
977 -57
978 -33
979 -34
980 -27
981 -27
982 -16
983 -38
984 -56
985 -16
986 -16
987 -36
988 -16
989 -13
990 -21
991 -16
992 -20
993 -26
994 -16
995 -27
996 -29
997 -50
998 -16
999 -27
