0 -16
1 -16
2 -16
3 -27
4 -50
5 -55
6 -16
7 -16
8 -16
9 -55
10 -15
11 -24
12 -27
13 -33
14 -16
15 -15
16 -32
17 -55
18 -33
19 -32
20 -17
21 -27
22 -27
23 -50
24 -33
25 -33
26 -16
27 -15
28 -17
29 -16
30 -27
31 -32
32 -40
33 -16
34 -16
35 -55
36 -33
37 -27
38 -33
39 -50
40 -17
41 -55
42 -55
43 -15
44 -16
45 -24
46 -50
47 -32
48 -17
49 -16
50 -33
51 -55
52 -16
53 -16
54 -52
55 -16
56 -15
57 -24
58 -28
59 -33
60 -16
61 -15
62 -50
63 -16
64 -32
65 -15
66 -71
67 -33
68 -15
69 -15
70 -15
71 -17
72 -55
73 -16
74 -24
75 -16
76 -33
77 -32
78 -17
79 -16
80 -17
81 -16
82 -16
83 -33
84 -24
85 -55
86 -17
87 -32
88 -16
89 -33
90 -16
91 -55
92 -55
93 -55
94 -15
95 -27
96 -33
97 -55
98 -55
99 -50
100 -16
101 -55
102 -50
103 -24
104 -15
105 -27
106 -17
107 -24
108 -16
109 -16
110 -33
111 -16
112 -55
113 -50
114 -55
115 -16
116 -17
117 -33
118 -32
119 -16
120 -42
121 -23
122 -24
123 -32
124 -16
125 -55
126 -39
127 -55
128 -55
129 -16
130 -24
131 -17
132 -60
133 -50
134 -16
135 -32
136 -16
137 -16
138 -15
139 -32
140 -55
141 -24
142 -16
143 -16
144 -15
145 -17
146 -66
147 -27
148 -17
149 -50
150 -16
151 -16
152 -16
153 -16
154 -27
155 -24
156 -16
157 -27
158 -16
159 -31
160 -16
161 -24
162 -16
163 -32
164 -58
165 -16
166 -32
167 -16
168 -35
169 -16
170 -17
171 -33
172 -33
173 -50
174 -16
175 -33
176 -33
177 -24
178 -50
179 -16
180 -27
181 -16
182 -50
183 -16
184 -16
185 -16
186 -33
187 -55
188 -50
189 -24
190 -32
191 -50
192 -33
193 -33
194 -16
195 -16
196 -16
197 -55
198 -17
199 -54
200 -24
201 -55
202 -32
203 -16
204 -16
205 -33
206 -50
207 -16
208 -55
209 -32
210 -55
211 -16
212 -16
213 -32
214 -27
215 -16
216 -15
217 -16
218 -50
219 -16
220 -24
221 -32
222 -27
223 -32
224 -32
225 -32
226 -16
227 -16
228 -35
229 -33
230 -15
231 -27
232 -15
233 -33
234 -17
235 -55
236 -55
237 -27
238 -15
239 -55
240 -16
241 -16
242 -16
243 -27
244 -17
245 -16
246 -16
247 -15
248 -20
249 -16
250 -33
251 -24
252 -50
253 -16
254 -16
255 -17
256 -15
257 -50
258 -33
259 -33
260 -56
261 -55
262 -32
263 -24
264 -16
265 -24
266 -50
267 -16
268 -15
269 -16
270 -14
271 -59
272 -16
273 -23
274 -16
275 -15
276 -32
277 -55
278 -15
279 -15
280 -32
281 -17
282 -26
283 -15
284 -33
285 -16
286 -16
287 -27
288 -16
289 -61
290 -17
291 -48
292 -55
293 -55
294 -33
295 -55
296 -17
297 -27
298 -33
299 -16
300 -24
301 -24
302 -50
303 -32
304 -27
305 -58
306 -16
307 -27
308 -16
309 -50
310 -55
311 -24
312 -16
313 -50
314 -16
315 -27
316 -16
317 -15
318 -24
319 -16
320 -55
321 -18
322 -16
323 -33
324 -32
325 -16
326 -15
327 -16
328 -41
329 -33
330 -17
331 -50
332 -24
333 -16
334 -16
335 -16
336 -15
337 -24
338 -16
339 -55
340 -15
341 -58
342 -24
343 -55
344 -16
345 -16
346 -24
347 -17
348 -15
349 -16
350 -17
351 -32
352 -32
353 -62
354 -27
355 -15
356 -16
357 -16
358 -16
359 -45
360 -33
361 -23
362 -16
363 -16
364 -32
365 -16
366 -16
367 -27
368 -16
369 -33
370 -55
371 -32
372 -27
373 -17
374 -32
375 -17
376 -16
377 -39
378 -16
379 -27
380 -16
381 -32
382 -27
383 -27
384 -16
385 -16
386 -17
387 -55
388 -27
389 -16
390 -50
391 -47
392 -55
393 -15
394 -16
395 -27
396 -16
397 -24
398 -59
399 -16
400 -15
401 -55
402 -50
403 -27
404 -16
405 -16
406 -32
407 -32
408 -15
409 -17
410 -50
411 -27
412 -55
413 -15
414 -17
415 -24
416 -55
417 -32
418 -55
419 -55
420 -17
421 -15
422 -15
423 -16
424 -15
425 -17
426 -17
427 -33
428 -17
429 -17
430 -32
431 -27
432 -16
433 -16
434 -55
435 -16
436 -50
437 -50
438 -50
439 -16
440 -24
441 -16
442 -55
443 -17
444 -16
445 -55
446 -32
447 -27
448 -33
449 -33
450 -33
451 -55
452 -33
453 -32
454 -27
455 -32
456 -27
457 -32
458 -24
459 -24
460 -15
461 -24
462 -16
463 -32
464 -55
465 -16
466 -50
467 -54
468 -33
469 -55
470 -15
471 -32
472 -32
473 -32
474 -33
475 -55
476 -16
477 -16
478 -16
479 -27
480 -25
481 -17
482 -24
483 -16
484 -16
485 -16
486 -27
487 -17
488 -32
489 -16
490 -16
491 -16
492 -16
493 -15
494 -17
495 -16
496 -50
497 -16
498 -15
499 -55
500 -27
501 -16
502 -24
503 -20
504 -33
505 -55
506 -33
507 -36
508 -16
509 -24
510 -33
511 -55
512 -33
513 -33
514 -16
515 -50
516 -32
517 -32
518 -16
519 -50
520 -27
521 -24
522 -33
523 -16
524 -54
525 -17
526 -24
527 -17
528 -15
529 -16
530 -24
531 -16
532 -16
533 -16
534 -24
535 -16
536 -47
537 -20
538 -32
539 -27
540 -16
541 -55
542 -15
543 -24
544 -27
545 -33
546 -16
547 -24
548 -50
549 -33
550 -32
551 -55
552 -16
553 -24
554 -24
555 -56
556 -16
557 -33
558 -15
559 -16
560 -31
561 -16
562 -55
563 -27
564 -16
565 -35
566 -33
567 -27
568 -50
569 -15
570 -16
571 -33
572 -15
573 -24
574 -17
575 -55
576 -32
577 -27
578 -50
579 -50
580 -55
581 -16
582 -50
583 -55
584 -21
585 -50
586 -16
587 -50
588 -15
589 -24
590 -27
591 -50
592 -16
593 -24
594 -24
595 -55
596 -24
597 -55
598 -19
599 -24
600 -27
601 -24
602 -50
603 -16
604 -16
605 -32
606 -27
607 -55
608 -27
609 -16
610 -33
611 -32
612 -16
613 -16
614 -15
615 -62
616 -16
617 -17
618 -55
619 -32
620 -32
621 -17
622 -33
623 -55
624 -36
625 -16
626 -55
627 -16
628 -33
629 -50
630 -28
631 -55
632 -55
633 -16
634 -55
635 -32
636 -24
637 -55
638 -24
639 -15
640 -16
641 -16
642 -42
643 -50
644 -16
645 -15
646 -33
647 -55
648 -32
649 -50
650 -27
651 -50
652 -27
653 -27
654 -17
655 -33
656 -59
657 -55
658 -55
659 -55
660 -27
661 -50
662 -15
663 -16
664 -54
665 -27
666 -24
667 -24
668 -15
669 -50
670 -17
671 -60
672 -17
673 -33
674 -45
675 -27
676 -32
677 -16
678 -72
679 -33
680 -16
681 -27
682 -27
683 -27
684 -33
685 -16
686 -17
687 -33
688 -33
689 -50
690 -24
691 -16
692 -27
693 -54
694 -18
695 -27
696 -32
697 -17
698 -16
699 -33
700 -16
701 -32
702 -17
703 -15
704 -16
705 -27
706 -50
707 -55
708 -15
709 -15
710 -16
711 -16
712 -17
713 -33
714 -16
715 -55
716 -16
717 -55
718 -33
719 -33
720 -15
721 -27
722 -32
723 -27
724 -16
725 -24
726 -33
727 -16
728 -32
729 -23
730 -32
731 -16
732 -47
733 -16
734 -21
735 -16
736 -17
737 -16
738 -27
739 -55
740 -15
741 -16
742 -50
743 -16
744 -27
745 -16
746 -16
747 -27
748 -23
749 -17
750 -32
751 -24
752 -16
753 -32
754 -50
755 -27
756 -27
757 -32
758 -50
759 -32
760 -17
761 -27
762 -32
763 -20
764 -50
765 -15
766 -33
767 -50
768 -16
769 -27
770 -50
771 -16
772 -27
773 -24
774 -17
775 -27
776 -33
777 -15
778 -55
779 -17
780 -17
781 -50
782 -55
783 -55
784 -27
785 -15
786 -55
787 -16
788 -33
789 -17
790 -33
791 -38
792 -33
793 -16
794 -33
795 -16
796 -16
797 -16
798 -33
799 -15
800 -16
801 -16
802 -33
803 -16
804 -16
805 -50
806 -33
807 -16
808 -33
809 -21
810 -33
811 -33
812 -50
813 -55
814 -17
815 -17
816 -27
817 -16
818 -16
819 -30
820 -54
821 -15
822 -33
823 -15
824 -16
825 -16
826 -55
827 -41
828 -15
829 -42
830 -16
831 -50
832 -16
833 -55
834 -15
835 -55
836 -27
837 -50
838 -32
839 -16
840 -32
841 -60
842 -15
843 -16
844 -32
845 -17
846 -32
847 -33
848 -50
849 -24
850 -16
851 -16
852 -24
853 -17
854 -16
855 -15
856 -33
857 -17
858 -17
859 -17
860 -27
861 -50
862 -32
863 -48
864 -50
865 -33
866 -16
867 -24
868 -24
869 -54
870 -24
871 -17
872 -16
873 -24
874 -15
875 -24
876 -55
877 -33
878 -27
879 -16
880 -16
881 -16
882 -16
883 -15
884 -55
885 -21
886 -33
887 -27
888 -17
889 -15
890 -50
891 -18
892 -17
893 -50
894 -48
895 -50
896 -24
897 -24
898 -24
899 -82
900 -33
901 -33
902 -33
903 -27
904 -32
905 -16
906 -32
907 -15
908 -55
909 -17
910 -16
911 -33
912 -16
913 -32
914 -15
915 -27
916 -17
917 -15
918 -16
919 -24
920 -17
921 -33
922 -16
923 -21
924 -16
925 -47
926 -15
927 -16
928 -33
929 -24
930 -15
931 -16
932 -24
933 -55
934 -17
935 -15
936 -24
937 -15
938 -58
939 -16
940 -32
941 -27
942 -33
943 -24
944 -33
945 -16
946 -27
947 -50
948 -17
949 -16
950 -50
951 -33
952 -50
953 -33
954 -16
955 -32
956 -16
957 -46
958 -16
959 -55
960 -27
961 -32
962 -16
963 -32
964 -33
965 -32
966 -33
967 -50
968 -50
969 -33
970 -16
971 -41
972 -27
973 -33
974 -17
975 -16
976 -55
977 -16
978 -27
979 -16
980 -16
981 -16
982 -17
983 -24
984 -50
985 -50
986 -16
987 -15
988 -33
989 -27
990 -27
991 -24
992 -82
993 -50
994 -15
995 -16
996 -32
997 -55
998 -16
999 -44
