0 -54
1 -30
2 -37
3 -16
4 -49
5 -27
6 -16
7 -18
8 -72
9 -33
10 -16
11 -50
12 -16
13 -50
14 -24
15 -16
16 -50
17 -33
18 -24
19 -27
20 -16
21 -24
22 -27
23 -24
24 -16
25 -16
26 -50
27 -16
28 -33
29 -17
30 -33
31 -16
32 -27
33 -24
34 -37
35 -40
36 -16
37 -50
38 -25
39 -55
40 -17
41 -50
42 -55
43 -16
44 -17
45 -16
46 -17
47 -50
48 -33
49 -16
50 -33
51 -33
52 -20
53 -48
54 -27
55 -16
56 -24
57 -22
58 -16
59 -16
60 -24
61 -30
62 -24
63 -18
64 -55
65 -37
66 -50
67 -48
68 -16
69 -33
70 -27
71 -35
72 -16
73 -16
74 -17
75 -33
76 -24
77 -24
78 -16
79 -27
80 -16
81 -19
82 -17
83 -33
84 -24
85 -19
86 -55
87 -16
88 -16
89 -72
90 -24
91 -27
92 -55
93 -33
94 -24
95 -17
96 -16
97 -24
98 -33
99 -55
100 -24
101 -51
102 -32
103 -16
104 -16
105 -30
106 -17
107 -24
108 -20
109 -33
110 -50
111 -16
112 -33
113 -24
114 -27
115 -16
116 -23
117 -37
118 -16
119 -37
120 -16
121 -27
122 -37
123 -30
124 -16
125 -16
126 -16
127 -48
128 -16
129 -16
130 -37
131 -24
132 -30
133 -17
134 -48
135 -37
136 -33
137 -27
138 -16
139 -50
140 -16
141 -27
142 -27
143 -27
144 -24
145 -24
146 -16
147 -16
148 -16
149 -24
150 -70
151 -17
152 -27
153 -33
154 -16
155 -37
156 -16
157 -37
158 -37
159 -35
160 -37
161 -27
162 -16
163 -33
164 -16
165 -16
166 -16
167 -16
168 -37
169 -30
170 -55
171 -45
172 -16
173 -37
174 -33
175 -17
176 -16
177 -17
178 -24
179 -17
180 -17
181 -24
182 -55
183 -16
184 -35
185 -16
186 -59
187 -27
188 -37
189 -55
190 -50
191 -27
192 -37
193 -17
194 -16
195 -24
196 -33
197 -55
198 -50
199 -72
200 -50
201 -16
202 -37
203 -17
204 -33
205 -16
206 -54
207 -40
208 -55
209 -24
210 -33
211 -37
212 -50
213 -24
214 -48
215 -55
216 -55
217 -16
218 -16
219 -16
220 -16
221 -33
222 -16
223 -33
224 -16
225 -50
226 -69
227 -16
228 -16
229 -27
230 -16
231 -17
232 -55
233 -24
234 -16
235 -24
236 -41
237 -26
238 -16
239 -16
240 -16
241 -16
242 -55
243 -55
244 -50
245 -37
246 -16
247 -16
248 -41
249 -19
250 -16
251 -50
252 -55
253 -40
254 -20
255 -17
256 -20
257 -37
258 -27
259 -24
260 -27
261 -35
262 -27
263 -48
264 -27
265 -17
266 -55
267 -17
268 -24
269 -27
270 -24
271 -33
272 -37
273 -37
274 -24
275 -27
276 -55
277 -50
278 -16
279 -17
280 -24
281 -37
282 -24
283 -21
284 -17
285 -17
286 -33
287 -37
288 -37
289 -50
290 -16
291 -38
292 -50
293 -16
294 -55
295 -16
296 -24
297 -19
298 -37
299 -55
300 -33
301 -22
302 -27
303 -27
304 -16
305 -16
306 -78
307 -33
308 -17
309 -17
310 -23
311 -71
312 -16
313 -24
314 -16
315 -16
316 -16
317 -33
318 -16
319 -19
320 -16
321 -16
322 -17
323 -50
324 -55
325 -17
326 -27
327 -17
328 -16
329 -33
330 -27
331 -37
332 -16
333 -16
334 -17
335 -35
336 -48
337 -17
338 -27
339 -16
340 -16
341 -37
342 -48
343 -16
344 -50
345 -40
346 -16
347 -37
348 -37
349 -16
350 -31
351 -37
352 -68
353 -33
354 -37
355 -37
356 -16
357 -42
358 -27
359 -33
360 -55
361 -14
362 -35
363 -55
364 -16
365 -55
366 -67
367 -17
368 -16
369 -24
370 -19
371 -16
372 -37
373 -55
374 -50
375 -16
376 -27
377 -33
378 -17
379 -16
380 -50
381 -55
382 -37
383 -43
384 -33
385 -16
386 -16
387 -17
388 -33
389 -17
390 -17
391 -50
392 -16
393 -24
394 -50
395 -55
396 -55
397 -16
398 -16
399 -17
400 -66
401 -37
402 -33
403 -55
404 -24
405 -17
406 -17
407 -16
408 -24
409 -36
410 -37
411 -16
412 -16
413 -16
414 -16
415 -37
416 -27
417 -50
418 -48
419 -37
420 -16
421 -32
422 -16
423 -16
424 -27
425 -16
426 -16
427 -50
428 -16
429 -16
430 -50
431 -37
432 -27
433 -16
434 -24
435 -33
436 -16
437 -55
438 -51
439 -55
440 -33
441 -16
442 -17
443 -33
444 -24
445 -48
446 -17
447 -27
448 -27
449 -16
450 -16
451 -17
452 -37
453 -55
454 -17
455 -24
456 -20
457 -37
458 -50
459 -24
460 -50
461 -16
462 -16
463 -37
464 -16
465 -37
466 -24
467 -55
468 -35
469 -16
470 -24
471 -24
472 -16
473 -37
474 -35
475 -55
476 -50
477 -50
478 -37
479 -24
480 -50
481 -16
482 -16
483 -44
484 -16
485 -16
486 -24
487 -49
488 -24
489 -33
490 -16
491 -55
492 -27
493 -50
494 -33
495 -24
496 -33
497 -16
498 -55
499 -24
500 -37
501 -24
502 -16
503 -17
504 -16
505 -33
506 -27
507 -33
508 -16
509 -16
510 -17
511 -50
512 -50
513 -24
514 -55
515 -24
516 -16
517 -16
518 -16
519 -37
520 -48
521 -16
522 -24
523 -16
524 -55
525 -17
526 -19
527 -37
528 -33
529 -55
530 -17
531 -37
532 -21
533 -16
534 -17
535 -27
536 -60
537 -27
538 -54
539 -16
540 -36
541 -33
542 -16
543 -17
544 -16
545 -24
546 -28
547 -50
548 -55
549 -16
550 -16
551 -33
552 -50
553 -29
554 -16
555 -16
556 -17
557 -24
558 -16
559 -37
560 -16
561 -16
562 -37
563 -17
564 -48
565 -17
566 -50
567 -16
568 -48
569 -17
570 -27
571 -24
572 -27
573 -27
574 -37
575 -16
576 -16
577 -55
578 -55
579 -24
580 -27
581 -55
582 -55
583 -27
584 -37
585 -27
586 -55
587 -24
588 -33
589 -50
590 -33
591 -37
592 -16
593 -55
594 -33
595 -55
596 -50
597 -17
598 -27
599 -40
600 -33
601 -27
602 -27
603 -33
604 -38
605 -16
606 -16
607 -35
608 -16
609 -50
610 -16
611 -51
612 -16
613 -50
614 -55
615 -55
616 -33
617 -33
618 -24
619 -16
620 -16
621 -20
622 -50
623 -69
624 -30
625 -24
626 -16
627 -16
628 -37
629 -37
630 -55
631 -16
632 -16
633 -55
634 -16
635 -16
636 -55
637 -27
638 -16
639 -16
640 -16
641 -16
642 -16
643 -37
644 -16
645 -48
646 -35
647 -17
648 -24
649 -17
650 -24
651 -17
652 -24
653 -24
654 -24
655 -16
656 -16
657 -27
658 -23
659 -27
660 -16
661 -37
662 -38
663 -18
664 -50
665 -27
666 -37
667 -33
668 -16
669 -16
670 -55
671 -33
672 -17
673 -50
674 -33
675 -24
676 -51
677 -19
678 -17
679 -33
680 -16
681 -33
682 -55
683 -37
684 -50
685 -16
686 -28
687 -48
688 -50
689 -42
690 -63
691 -16
692 -16
693 -37
694 -16
695 -16
696 -16
697 -27
698 -19
699 -16
700 -16
701 -24
702 -16
703 -48
704 -16
705 -58
706 -27
707 -16
708 -50
709 -27
710 -33
711 -24
712 -17
713 -55
714 -37
715 -24
716 -16
717 -17
718 -33
719 -24
720 -27
721 -16
722 -27
723 -16
724 -55
725 -16
726 -50
727 -33
728 -35
729 -55
730 -17
731 -17
732 -27
733 -50
734 -41
735 -33
736 -37
737 -16
738 -55
739 -16
740 -32
741 -17
742 -55
743 -24
744 -16
745 -61
746 -33
747 -52
748 -16
749 -33
750 -16
751 -50
752 -48
753 -55
754 -37
755 -16
756 -50
757 -19
758 -17
759 -50
760 -27
761 -55
762 -27
763 -21
764 -37
765 -17
766 -33
767 -50
768 -16
769 -50
770 -33
771 -48
772 -27
773 -16
774 -16
775 -16
776 -60
777 -16
778 -37
779 -27
780 -35
781 -24
782 -55
783 -16
784 -16
785 -16
786 -24
787 -27
788 -27
789 -16
790 -24
791 -33
792 -50
793 -27
794 -33
795 -37
796 -16
797 -16
798 -33
799 -55
800 -16
801 -17
802 -37
803 -16
804 -17
805 -16
806 -37
807 -33
808 -16
809 -37
810 -55
811 -24
812 -16
813 -48
814 -17
815 -24
816 -27
817 -50
818 -16
819 -55
820 -37
821 -55
822 -55
823 -33
824 -16
825 -16
826 -19
827 -33
828 -33
829 -16
830 -17
831 -24
832 -55
833 -16
834 -16
835 -33
836 -21
837 -33
838 -33
839 -16
840 -16
841 -27
842 -52
843 -37
844 -16
845 -24
846 -24
847 -36
848 -50
849 -24
850 -55
851 -55
852 -50
853 -16
854 -17
855 -24
856 -16
857 -48
858 -20
859 -16
860 -16
861 -37
862 -24
863 -48
864 -37
865 -24
866 -16
867 -17
868 -55
869 -19
870 -17
871 -50
872 -16
873 -16
874 -24
875 -35
876 -37
877 -27
878 -55
879 -35
880 -51
881 -33
882 -50
883 -35
884 -27
885 -37
886 -55
887 -50
888 -42
889 -55
890 -16
891 -33
892 -48
893 -17
894 -17
895 -27
896 -33
897 -87
898 -16
899 -27
900 -33
901 -16
902 -16
903 -55
904 -16
905 -24
906 -16
907 -55
908 -33
909 -27
910 -82
911 -63
912 -50
913 -55
914 -33
915 -50
916 -48
917 -35
918 -55
919 -27
920 -18
921 -16
922 -47
923 -16
924 -50
925 -50
926 -19
927 -48
928 -52
929 -37
930 -17
931 -16
932 -20
933 -17
934 -16
935 -17
936 -16
937 -27
938 -17
939 -16
940 -17
941 -50
942 -16
943 -27
944 -24
945 -17
946 -55
947 -33
948 -16
949 -50
950 -24
951 -37
952 -18
953 -27
954 -50
955 -16
956 -16
957 -45
958 -16
959 -37
960 -51
961 -27
962 -24
963 -27
964 -50
965 -50
966 -17
967 -27
968 -17
969 -17
970 -20
971 -27
972 -24
973 -16
974 -16
975 -16
976 -16
977 -16
978 -16
979 -37
980 -35
981 -55
982 -33
983 -48
984 -24
985 -37
986 -53
987 -16
988 -35
989 -37
990 -24
991 -24
992 -24
993 -55
994 -33
995 -55
996 -43
997 -27
998 -16
999 -33
