0 -46
1 -17
2 -53
3 -41
4 -39
5 -41
6 -16
7 -50
8 -50
9 -41
10 -16
11 -16
12 -25
13 -16
14 -48
15 -48
16 -55
17 -55
18 -34
19 -34
20 -16
21 -24
22 -16
23 -16
24 -17
25 -16
26 -16
27 -41
28 -50
29 -41
30 -52
31 -18
32 -17
33 -50
34 -17
35 -55
36 -41
37 -25
38 -16
39 -23
40 -41
41 -16
42 -34
43 -16
44 -55
45 -25
46 -15
47 -51
48 -17
49 -15
50 -50
51 -55
52 -50
53 -48
54 -50
55 -16
56 -16
57 -55
58 -55
59 -34
60 -50
61 -25
62 -16
63 -15
64 -50
65 -25
66 -17
67 -16
68 -16
69 -16
70 -16
71 -34
72 -55
73 -55
74 -17
75 -17
76 -34
77 -76
78 -34
79 -55
80 -48
81 -16
82 -15
83 -15
84 -50
85 -17
86 -34
87 -20
88 -17
89 -22
90 -16
91 -16
92 -16
93 -46
94 -55
95 -16
96 -41
97 -48
98 -16
99 -25
100 -16
101 -17
102 -16
103 -25
104 -16
105 -41
106 -16
107 -25
108 -16
109 -55
110 -34
111 -41
112 -48
113 -20
114 -25
115 -25
116 -17
117 -16
118 -16
119 -50
120 -16
121 -17
122 -34
123 -16
124 -55
125 -48
126 -50
127 -41
128 -15
129 -17
130 -41
131 -55
132 -16
133 -16
134 -16
135 -34
136 -37
137 -48
138 -25
139 -15
140 -16
141 -25
142 -25
143 -17
144 -15
145 -50
146 -16
147 -55
148 -17
149 -17
150 -15
151 -48
152 -16
153 -50
154 -50
155 -25
156 -16
157 -16
158 -16
159 -25
160 -41
161 -48
162 -41
163 -25
164 -34
165 -55
166 -76
167 -60
168 -25
169 -16
170 -21
171 -18
172 -48
173 -16
174 -25
175 -25
176 -25
177 -50
178 -27
179 -16
180 -17
181 -17
182 -16
183 -34
184 -21
185 -34
186 -15
187 -17
188 -48
189 -16
190 -21
191 -55
192 -31
193 -41
194 -41
195 -16
196 -16
197 -17
198 -49
199 -17
200 -41
201 -16
202 -41
203 -50
204 -48
205 -17
206 -16
207 -33
208 -16
209 -50
210 -25
211 -24
212 -41
213 -48
214 -16
215 -55
216 -16
217 -33
218 -25
219 -15
220 -16
221 -56
222 -25
223 -50
224 -55
225 -17
226 -34
227 -34
228 -41
229 -55
230 -48
231 -17
232 -34
233 -17
234 -50
235 -29
236 -16
237 -16
238 -35
239 -16
240 -16
241 -17
242 -17
243 -16
244 -25
245 -16
246 -41
247 -16
248 -25
249 -41
250 -16
251 -41
252 -17
253 -31
254 -47
255 -16
256 -54
257 -36
258 -34
259 -16
260 -41
261 -34
262 -50
263 -48
264 -41
265 -34
266 -16
267 -41
268 -41
269 -54
270 -16
271 -34
272 -50
273 -55
274 -16
275 -15
276 -15
277 -15
278 -16
279 -55
280 -48
281 -34
282 -25
283 -50
284 -15
285 -41
286 -15
287 -48
288 -34
289 -55
290 -41
291 -16
292 -16
293 -16
294 -16
295 -41
296 -50
297 -50
298 -41
299 -16
300 -15
301 -16
302 -25
303 -41
304 -16
305 -41
306 -41
307 -16
308 -17
309 -34
310 -48
311 -34
312 -25
313 -48
314 -16
315 -16
316 -41
317 -48
318 -25
319 -25
320 -55
321 -41
322 -41
323 -25
324 -48
325 -50
326 -60
327 -17
328 -55
329 -16
330 -33
331 -52
332 -16
333 -16
334 -17
335 -31
336 -54
337 -48
338 -25
339 -16
340 -41
341 -34
342 -25
343 -34
344 -15
345 -25
346 -55
347 -17
348 -25
349 -16
350 -16
351 -34
352 -41
353 -16
354 -48
355 -16
356 -17
357 -48
358 -17
359 -55
360 -47
361 -16
362 -41
363 -15
364 -15
365 -16
366 -16
367 -25
368 -21
369 -16
370 -25
371 -54
372 -41
373 -34
374 -34
375 -16
376 -15
377 -16
378 -34
379 -15
380 -15
381 -16
382 -41
383 -48
384 -41
385 -15
386 -41
387 -25
388 -41
389 -15
390 -16
391 -48
392 -25
393 -25
394 -17
395 -16
396 -55
397 -16
398 -25
399 -55
400 -15
401 -16
402 -15
403 -16
404 -41
405 -16
406 -34
407 -17
408 -25
409 -25
410 -55
411 -25
412 -16
413 -19
414 -55
415 -25
416 -50
417 -41
418 -16
419 -55
420 -17
421 -16
422 -18
423 -15
424 -55
425 -16
426 -34
427 -15
428 -48
429 -34
430 -25
431 -15
432 -20
433 -17
434 -16
435 -34
436 -50
437 -48
438 -55
439 -25
440 -15
441 -17
442 -16
443 -50
444 -55
445 -17
446 -55
447 -17
448 -15
449 -24
450 -16
451 -16
452 -34
453 -16
454 -55
455 -15
456 -34
457 -25
458 -15
459 -15
460 -15
461 -17
462 -16
463 -41
464 -16
465 -48
466 -34
467 -15
468 -16
469 -48
470 -41
471 -49
472 -25
473 -50
474 -50
475 -17
476 -25
477 -41
478 -34
479 -34
480 -16
481 -16
482 -16
483 -15
484 -34
485 -37
486 -41
487 -23
488 -20
489 -41
490 -16
491 -55
492 -41
493 -50
494 -50
495 -55
496 -16
497 -25
498 -50
499 -16
500 -16
501 -16
502 -17
503 -34
504 -50
505 -48
506 -61
507 -16
508 -17
509 -17
510 -16
511 -55
512 -41
513 -17
514 -48
515 -16
516 -48
517 -17
518 -55
519 -54
520 -17
521 -25
522 -50
523 -55
524 -55
525 -25
526 -16
527 -16
528 -48
529 -17
530 -16
531 -17
532 -41
533 -55
534 -50
535 -48
536 -41
537 -16
538 -34
539 -16
540 -41
541 -31
542 -17
543 -50
544 -16
545 -40
546 -18
547 -15
548 -41
549 -41
550 -34
551 -34
552 -41
553 -41
554 -50
555 -16
556 -50
557 -51
558 -16
559 -16
560 -25
561 -16
562 -25
563 -55
564 -16
565 -34
566 -25
567 -17
568 -48
569 -25
570 -48
571 -15
572 -41
573 -25
574 -17
575 -16
576 -34
577 -48
578 -16
579 -36
580 -17
581 -62
582 -41
583 -48
584 -17
585 -25
586 -56
587 -25
588 -25
589 -16
590 -15
591 -34
592 -34
593 -16
594 -16
595 -15
596 -16
597 -50
598 -48
599 -43
600 -16
601 -55
602 -55
603 -16
604 -34
605 -50
606 -24
607 -48
608 -50
609 -16
610 -18
611 -55
612 -55
613 -34
614 -16
615 -17
616 -25
617 -25
618 -17
619 -33
620 -48
621 -55
622 -48
623 -50
624 -48
625 -41
626 -16
627 -15
628 -50
629 -48
630 -16
631 -41
632 -20
633 -17
634 -25
635 -41
636 -50
637 -16
638 -34
639 -34
640 -34
641 -16
642 -16
643 -50
644 -29
645 -16
646 -16
647 -34
648 -55
649 -16
650 -34
651 -16
652 -16
653 -17
654 -16
655 -17
656 -16
657 -55
658 -48
659 -48
660 -16
661 -25
662 -55
663 -41
664 -50
665 -34
666 -17
667 -17
668 -16
669 -17
670 -16
671 -25
672 -49
673 -41
674 -48
675 -17
676 -25
677 -17
678 -16
679 -15
680 -16
681 -16
682 -17
683 -16
684 -28
685 -48
686 -16
687 -20
688 -34
689 -55
690 -41
691 -25
692 -41
693 -50
694 -30
695 -16
696 -41
697 -16
698 -34
699 -48
700 -16
701 -34
702 -55
703 -16
704 -16
705 -55
706 -56
707 -25
708 -25
709 -32
710 -16
711 -19
712 -41
713 -16
714 -16
715 -50
716 -42
717 -50
718 -41
719 -48
720 -16
721 -34
722 -16
723 -16
724 -50
725 -16
726 -55
727 -16
728 -20
729 -17
730 -16
731 -46
732 -16
733 -16
734 -19
735 -17
736 -87
737 -50
738 -16
739 -48
740 -16
741 -16
742 -41
743 -48
744 -48
745 -25
746 -48
747 -56
748 -34
749 -17
750 -87
751 -17
752 -25
753 -16
754 -50
755 -34
756 -15
757 -21
758 -25
759 -25
760 -17
761 -50
762 -16
763 -16
764 -16
765 -25
766 -16
767 -42
768 -55
769 -16
770 -16
771 -17
772 -16
773 -18
774 -41
775 -55
776 -16
777 -17
778 -15
779 -55
780 -55
781 -55
782 -41
783 -34
784 -16
785 -16
786 -41
787 -25
788 -34
789 -34
790 -17
791 -16
792 -17
793 -25
794 -16
795 -34
796 -20
797 -55
798 -16
799 -25
800 -41
801 -16
802 -16
803 -25
804 -16
805 -15
806 -22
807 -48
808 -16
809 -15
810 -34
811 -50
812 -48
813 -41
814 -55
815 -16
816 -55
817 -17
818 -16
819 -55
820 -63
821 -16
822 -41
823 -25
824 -55
825 -16
826 -16
827 -55
828 -50
829 -20
830 -55
831 -16
832 -48
833 -16
834 -36
835 -17
836 -17
837 -50
838 -17
839 -16
840 -16
841 -17
842 -16
843 -16
844 -25
845 -34
846 -25
847 -34
848 -17
849 -41
850 -16
851 -25
852 -50
853 -17
854 -50
855 -25
856 -48
857 -45
858 -16
859 -16
860 -50
861 -15
862 -16
863 -41
864 -41
865 -45
866 -25
867 -50
868 -55
869 -16
870 -41
871 -17
872 -25
873 -50
874 -34
875 -41
876 -17
877 -17
878 -15
879 -34
880 -48
881 -34
882 -34
883 -24
884 -21
885 -25
886 -34
887 -16
888 -17
889 -16
890 -16
891 -17
892 -17
893 -25
894 -41
895 -16
896 -15
897 -34
898 -20
899 -48
900 -16
901 -15
902 -48
903 -15
904 -15
905 -31
906 -16
907 -18
908 -41
909 -30
910 -50
911 -17
912 -59
913 -16
914 -16
915 -41
916 -41
917 -55
918 -34
919 -25
920 -55
921 -15
922 -55
923 -50
924 -55
925 -48
926 -15
927 -48
928 -16
929 -50
930 -34
931 -15
932 -25
933 -48
934 -34
935 -48
936 -15
937 -55
938 -25
939 -50
940 -48
941 -16
942 -55
943 -17
944 -16
945 -17
946 -17
947 -48
948 -32
949 -16
950 -25
951 -48
952 -17
953 -25
954 -15
955 -48
956 -41
957 -18
958 -34
959 -25
960 -34
961 -48
962 -17
963 -16
964 -50
965 -25
966 -55
967 -34
968 -34
969 -34
970 -16
971 -17
972 -17
973 -55
974 -15
975 -41
976 -25
977 -48
978 -25
979 -55
980 -50
981 -48
982 -41
983 -17
984 -15
985 -41
986 -41
987 -50
988 -16
989 -66
990 -17
991 -37
992 -15
993 -34
994 -55
995 -16
996 -17
997 -50
998 -17
999 -25
