0 -35
1 -18
2 -50
3 -50
4 -16
5 -55
6 -16
7 -53
8 -41
9 -35
10 -16
11 -24
12 -55
13 -16
14 -61
15 -36
16 -35
17 -45
18 -27
19 -35
20 -18
21 -16
22 -50
23 -31
24 -43
25 -61
26 -58
27 -36
28 -16
29 -55
30 -16
31 -16
32 -16
33 -16
34 -54
35 -61
36 -17
37 -61
38 -43
39 -56
40 -35
41 -45
42 -36
43 -16
44 -55
45 -43
46 -16
47 -35
48 -45
49 -16
50 -36
51 -45
52 -35
53 -27
54 -55
55 -16
56 -55
57 -16
58 -36
59 -16
60 -50
61 -16
62 -16
63 -16
64 -41
65 -27
66 -35
67 -36
68 -16
69 -50
70 -18
71 -50
72 -49
73 -50
74 -16
75 -66
76 -19
77 -50
78 -35
79 -16
80 -44
81 -45
82 -61
83 -23
84 -16
85 -56
86 -45
87 -16
88 -55
89 -16
90 -43
91 -35
92 -45
93 -35
94 -18
95 -79
96 -45
97 -16
98 -16
99 -50
100 -21
101 -36
102 -36
103 -36
104 -16
105 -36
106 -16
107 -27
108 -16
109 -16
110 -55
111 -55
112 -17
113 -16
114 -36
115 -50
116 -43
117 -36
118 -24
119 -17
120 -23
121 -16
122 -16
123 -43
124 -36
125 -50
126 -45
127 -34
128 -16
129 -35
130 -16
131 -36
132 -16
133 -50
134 -36
135 -16
136 -55
137 -39
138 -16
139 -16
140 -24
141 -16
142 -16
143 -35
144 -43
145 -18
146 -55
147 -35
148 -66
149 -16
150 -36
151 -55
152 -53
153 -16
154 -45
155 -45
156 -16
157 -55
158 -53
159 -16
160 -16
161 -16
162 -66
163 -16
164 -35
165 -19
166 -16
167 -50
168 -16
169 -27
170 -16
171 -36
172 -16
173 -17
174 -35
175 -55
176 -35
177 -35
178 -16
179 -44
180 -35
181 -16
182 -20
183 -50
184 -24
185 -36
186 -61
187 -35
188 -36
189 -18
190 -35
191 -23
192 -16
193 -16
194 -50
195 -36
196 -36
197 -16
198 -56
199 -16
200 -50
201 -45
202 -16
203 -16
204 -45
205 -16
206 -16
207 -48
208 -55
209 -45
210 -45
211 -36
212 -16
213 -35
214 -50
215 -55
216 -16
217 -51
218 -55
219 -55
220 -55
221 -16
222 -36
223 -26
224 -36
225 -17
226 -16
227 -36
228 -35
229 -45
230 -45
231 -16
232 -16
233 -16
234 -17
235 -16
236 -45
237 -50
238 -50
239 -56
240 -16
241 -36
242 -45
243 -45
244 -50
245 -21
246 -16
247 -16
248 -36
249 -50
250 -25
251 -16
252 -16
253 -36
254 -43
255 -43
256 -43
257 -50
258 -45
259 -25
260 -45
261 -50
262 -16
263 -16
264 -45
265 -50
266 -27
267 -25
268 -61
269 -55
270 -58
271 -16
272 -16
273 -61
274 -36
275 -45
276 -41
277 -21
278 -50
279 -16
280 -45
281 -36
282 -61
283 -36
284 -50
285 -16
286 -35
287 -35
288 -16
289 -16
290 -43
291 -55
292 -16
293 -35
294 -16
295 -16
296 -16
297 -19
298 -54
299 -16
300 -16
301 -36
302 -21
303 -35
304 -35
305 -41
306 -52
307 -55
308 -35
309 -45
310 -35
311 -50
312 -16
313 -55
314 -46
315 -45
316 -16
317 -44
318 -43
319 -36
320 -16
321 -16
322 -18
323 -27
324 -16
325 -36
326 -33
327 -16
328 -45
329 -58
330 -45
331 -16
332 -17
333 -16
334 -45
335 -36
336 -36
337 -17
338 -45
339 -55
340 -18
341 -16
342 -36
343 -55
344 -61
345 -50
346 -45
347 -31
348 -61
349 -45
350 -55
351 -36
352 -21
353 -36
354 -45
355 -35
356 -16
357 -16
358 -16
359 -16
360 -16
361 -24
362 -46
363 -43
364 -16
365 -36
366 -32
367 -50
368 -16
369 -16
370 -50
371 -16
372 -25
373 -16
374 -35
375 -50
376 -27
377 -36
378 -18
379 -35
380 -35
381 -16
382 -16
383 -61
384 -55
385 -14
386 -36
387 -35
388 -54
389 -16
390 -16
391 -45
392 -24
393 -36
394 -50
395 -36
396 -17
397 -16
398 -16
399 -16
400 -35
401 -50
402 -92
403 -16
404 -16
405 -22
406 -45
407 -16
408 -50
409 -46
410 -50
411 -27
412 -36
413 -16
414 -16
415 -45
416 -45
417 -16
418 -45
419 -16
420 -16
421 -16
422 -45
423 -16
424 -36
425 -16
426 -50
427 -35
428 -16
429 -50
430 -16
431 -55
432 -48
433 -35
434 -36
435 -16
436 -45
437 -50
438 -17
439 -43
440 -50
441 -35
442 -55
443 -16
444 -16
445 -35
446 -16
447 -66
448 -24
449 -55
450 -43
451 -21
452 -16
453 -43
454 -55
455 -16
456 -50
457 -17
458 -16
459 -16
460 -16
461 -45
462 -65
463 -36
464 -75
465 -16
466 -16
467 -53
468 -17
469 -17
470 -16
471 -36
472 -45
473 -50
474 -50
475 -16
476 -35
477 -50
478 -16
479 -36
480 -16
481 -20
482 -36
483 -61
484 -31
485 -43
486 -38
487 -35
488 -61
489 -36
490 -35
491 -18
492 -37
493 -16
494 -18
495 -16
496 -25
497 -55
498 -55
499 -55
500 -16
501 -16
502 -20
503 -16
504 -35
505 -16
506 -50
507 -45
508 -16
509 -55
510 -17
511 -16
512 -36
513 -16
514 -41
515 -36
516 -50
517 -35
518 -50
519 -41
520 -16
521 -16
522 -50
523 -35
524 -35
525 -16
526 -16
527 -45
528 -61
529 -55
530 -50
531 -16
532 -36
533 -45
534 -36
535 -31
536 -35
537 -61
538 -50
539 -35
540 -16
541 -56
542 -50
543 -31
544 -35
545 -16
546 -50
547 -16
548 -35
549 -16
550 -35
551 -55
552 -45
553 -16
554 -16
555 -50
556 -35
557 -50
558 -55
559 -43
560 -61
561 -35
562 -43
563 -50
564 -55
565 -35
566 -16
567 -16
568 -16
569 -50
570 -45
571 -16
572 -16
573 -61
574 -16
575 -44
576 -45
577 -16
578 -20
579 -45
580 -35
581 -16
582 -55
583 -43
584 -16
585 -35
586 -16
587 -26
588 -16
589 -16
590 -45
591 -16
592 -43
593 -17
594 -16
595 -58
596 -53
597 -53
598 -16
599 -16
600 -43
601 -53
602 -45
603 -16
604 -17
605 -23
606 -43
607 -50
608 -16
609 -31
610 -16
611 -45
612 -36
613 -17
614 -45
615 -36
616 -45
617 -16
618 -55
619 -45
620 -50
621 -36
622 -45
623 -36
624 -16
625 -45
626 -16
627 -50
628 -48
629 -16
630 -50
631 -50
632 -17
633 -55
634 -16
635 -55
636 -36
637 -39
638 -16
639 -35
640 -16
641 -50
642 -36
643 -17
644 -66
645 -16
646 -36
647 -16
648 -27
649 -55
650 -16
651 -16
652 -35
653 -16
654 -21
655 -35
656 -16
657 -45
658 -36
659 -16
660 -16
661 -16
662 -36
663 -16
664 -46
665 -33
666 -50
667 -16
668 -50
669 -24
670 -18
671 -55
672 -15
673 -45
674 -36
675 -35
676 -36
677 -36
678 -16
679 -35
680 -55
681 -16
682 -56
683 -66
684 -52
685 -50
686 -16
687 -45
688 -50
689 -43
690 -50
691 -55
692 -43
693 -16
694 -55
695 -16
696 -40
697 -53
698 -36
699 -36
700 -55
701 -55
702 -45
703 -67
704 -35
705 -45
706 -43
707 -21
708 -27
709 -36
710 -16
711 -16
712 -41
713 -36
714 -35
715 -17
716 -53
717 -16
718 -16
719 -50
720 -16
721 -46
722 -68
723 -36
724 -43
725 -23
726 -16
727 -50
728 -65
729 -45
730 -50
731 -45
732 -16
733 -16
734 -50
735 -55
736 -36
737 -45
738 -36
739 -41
740 -43
741 -16
742 -16
743 -16
744 -24
745 -50
746 -36
747 -36
748 -35
749 -35
750 -16
751 -45
752 -27
753 -16
754 -16
755 -16
756 -55
757 -43
758 -50
759 -55
760 -16
761 -16
762 -20
763 -16
764 -27
765 -18
766 -16
767 -16
768 -16
769 -55
770 -16
771 -16
772 -53
773 -16
774 -36
775 -36
776 -27
777 -50
778 -27
779 -16
780 -16
781 -16
782 -55
783 -45
784 -16
785 -50
786 -16
787 -16
788 -36
789 -24
790 -29
791 -36
792 -55
793 -17
794 -50
795 -50
796 -16
797 -16
798 -16
799 -43
800 -16
801 -16
802 -16
803 -46
804 -50
805 -16
806 -16
807 -16
808 -16
809 -16
810 -42
811 -16
812 -16
813 -35
814 -16
815 -35
816 -55
817 -36
818 -55
819 -31
820 -16
821 -43
822 -16
823 -35
824 -60
825 -16
826 -16
827 -36
828 -45
829 -36
830 -16
831 -16
832 -50
833 -16
834 -36
835 -61
836 -45
837 -27
838 -16
839 -15
840 -61
841 -50
842 -40
843 -35
844 -24
845 -45
846 -23
847 -35
848 -55
849 -50
850 -43
851 -27
852 -20
853 -36
854 -36
855 -27
856 -16
857 -16
858 -36
859 -36
860 -43
861 -36
862 -16
863 -50
864 -45
865 -54
866 -16
867 -45
868 -35
869 -58
870 -16
871 -36
872 -16
873 -24
874 -55
875 -45
876 -55
877 -16
878 -53
879 -55
880 -50
881 -35
882 -17
883 -50
884 -50
885 -61
886 -50
887 -31
888 -36
889 -16
890 -45
891 -40
892 -50
893 -26
894 -47
895 -53
896 -16
897 -16
898 -36
899 -16
900 -55
901 -50
902 -16
903 -16
904 -54
905 -27
906 -77
907 -53
908 -61
909 -24
910 -27
911 -45
912 -46
913 -16
914 -16
915 -35
916 -16
917 -36
918 -16
919 -45
920 -35
921 -45
922 -45
923 -36
924 -27
925 -16
926 -16
927 -24
928 -45
929 -53
930 -16
931 -34
932 -17
933 -36
934 -45
935 -55
936 -56
937 -16
938 -16
939 -36
940 -36
941 -35
942 -27
943 -36
944 -16
945 -36
946 -16
947 -27
948 -16
949 -45
950 -45
951 -36
952 -16
953 -35
954 -43
955 -60
956 -56
957 -55
958 -16
959 -23
960 -61
961 -35
962 -16
963 -35
964 -45
965 -45
966 -16
967 -45
968 -16
969 -16
970 -55
971 -50
972 -36
973 -16
974 -45
975 -50
976 -55
977 -18
978 -45
979 -45
980 -87
981 -16
982 -50
983 -16
984 -50
985 -16
986 -35
987 -36
988 -43
989 -16
990 -50
991 -35
992 -55
993 -50
994 -45
995 -16
996 -16
997 -45
998 -24
999 -16
