0 -16
1 -57
2 -16
3 -32
4 -55
5 -16
6 -32
7 -36
8 -57
9 -56
10 -50
11 -57
12 -50
13 -33
14 -32
15 -50
16 -20
17 -27
18 -57
19 -33
20 -16
21 -16
22 -32
23 -57
24 -33
25 -16
26 -55
27 -24
28 -16
29 -50
30 -32
31 -17
32 -16
33 -57
34 -56
35 -16
36 -57
37 -17
38 -27
39 -17
40 -50
41 -50
42 -16
43 -16
44 -16
45 -17
46 -33
47 -57
48 -57
49 -32
50 -16
51 -57
52 -33
53 -16
54 -50
55 -50
56 -50
57 -24
58 -16
59 -21
60 -55
61 -27
62 -16
63 -24
64 -16
65 -50
66 -16
67 -32
68 -32
69 -32
70 -16
71 -16
72 -27
73 -16
74 -50
75 -57
76 -57
77 -50
78 -27
79 -32
80 -33
81 -57
82 -16
83 -16
84 -27
85 -16
86 -16
87 -38
88 -24
89 -55
90 -16
91 -16
92 -55
93 -55
94 -16
95 -57
96 -16
97 -55
98 -16
99 -16
100 -57
101 -16
102 -24
103 -16
104 -17
105 -16
106 -55
107 -24
108 -27
109 -27
110 -17
111 -16
112 -57
113 -17
114 -16
115 -50
116 -16
117 -32
118 -57
119 -32
120 -16
121 -24
122 -41
123 -27
124 -43
125 -50
126 -57
127 -55
128 -27
129 -16
130 -16
131 -57
132 -50
133 -24
134 -24
135 -33
136 -57
137 -32
138 -50
139 -55
140 -33
141 -46
142 -17
143 -55
144 -27
145 -24
146 -35
147 -16
148 -55
149 -50
150 -28
151 -33
152 -27
153 -22
154 -50
155 -16
156 -17
157 -55
158 -32
159 -94
160 -16
161 -50
162 -24
163 -16
164 -33
165 -33
166 -27
167 -55
168 -17
169 -16
170 -50
171 -27
172 -33
173 -82
174 -55
175 -23
176 -55
177 -17
178 -16
179 -24
180 -32
181 -17
182 -16
183 -57
184 -57
185 -33
186 -65
187 -33
188 -55
189 -33
190 -24
191 -17
192 -16
193 -55
194 -16
195 -57
196 -16
197 -62
198 -16
199 -57
200 -33
201 -33
202 -24
203 -57
204 -24
205 -16
206 -33
207 -55
208 -59
209 -33
210 -17
211 -55
212 -24
213 -32
214 -16
215 -27
216 -24
217 -16
218 -24
219 -16
220 -57
221 -48
222 -27
223 -27
224 -32
225 -27
226 -16
227 -16
228 -24
229 -16
230 -55
231 -17
232 -16
233 -27
234 -16
235 -16
236 -50
237 -24
238 -55
239 -55
240 -16
241 -55
242 -57
243 -33
244 -55
245 -33
246 -16
247 -24
248 -50
249 -32
250 -33
251 -24
252 -50
253 -50
254 -50
255 -32
256 -33
257 -16
258 -27
259 -50
260 -24
261 -50
262 -16
263 -16
264 -57
265 -24
266 -20
267 -27
268 -17
269 -24
270 -17
271 -32
272 -17
273 -17
274 -50
275 -33
276 -50
277 -18
278 -16
279 -16
280 -27
281 -55
282 -60
283 -50
284 -17
285 -33
286 -17
287 -17
288 -33
289 -33
290 -16
291 -46
292 -16
293 -16
294 -16
295 -22
296 -32
297 -24
298 -57
299 -32
300 -17
301 -16
302 -55
303 -16
304 -17
305 -50
306 -16
307 -16
308 -55
309 -57
310 -16
311 -24
312 -55
313 -57
314 -16
315 -55
316 -55
317 -16
318 -55
319 -55
320 -17
321 -33
322 -55
323 -57
324 -57
325 -16
326 -16
327 -57
328 -32
329 -27
330 -33
331 -17
332 -55
333 -17
334 -33
335 -55
336 -32
337 -57
338 -24
339 -55
340 -27
341 -16
342 -57
343 -32
344 -17
345 -55
346 -16
347 -16
348 -24
349 -50
350 -33
351 -17
352 -62
353 -16
354 -24
355 -36
356 -32
357 -16
358 -33
359 -16
360 -27
361 -33
362 -55
363 -32
364 -17
365 -27
366 -24
367 -55
368 -16
369 -27
370 -55
371 -55
372 -16
373 -50
374 -16
375 -25
376 -27
377 -55
378 -17
379 -16
380 -33
381 -62
382 -57
383 -16
384 -18
385 -27
386 -33
387 -16
388 -24
389 -16
390 -16
391 -25
392 -50
393 -16
394 -50
395 -20
396 -27
397 -17
398 -16
399 -32
400 -57
401 -66
402 -17
403 -32
404 -57
405 -50
406 -17
407 -24
408 -27
409 -16
410 -16
411 -55
412 -33
413 -16
414 -27
415 -55
416 -27
417 -33
418 -24
419 -16
420 -16
421 -33
422 -16
423 -33
424 -32
425 -16
426 -17
427 -16
428 -61
429 -17
430 -87
431 -50
432 -27
433 -55
434 -16
435 -27
436 -16
437 -58
438 -24
439 -27
440 -16
441 -16
442 -57
443 -16
444 -24
445 -33
446 -32
447 -16
448 -50
449 -57
450 -16
451 -36
452 -16
453 -55
454 -24
455 -32
456 -57
457 -16
458 -57
459 -33
460 -50
461 -55
462 -32
463 -16
464 -17
465 -50
466 -57
467 -16
468 -32
469 -27
470 -16
471 -27
472 -16
473 -55
474 -50
475 -27
476 -33
477 -16
478 -27
479 -61
480 -32
481 -16
482 -32
483 -32
484 -33
485 -16
486 -59
487 -55
488 -33
489 -27
490 -16
491 -17
492 -27
493 -20
494 -16
495 -24
496 -16
497 -50
498 -27
499 -20
500 -50
501 -55
502 -67
503 -55
504 -16
505 -50
506 -44
507 -33
508 -16
509 -16
510 -27
511 -24
512 -33
513 -32
514 -17
515 -17
516 -16
517 -16
518 -16
519 -55
520 -17
521 -16
522 -27
523 -24
524 -24
525 -43
526 -16
527 -57
528 -16
529 -33
530 -16
531 -57
532 -33
533 -57
534 -16
535 -51
536 -57
537 -50
538 -50
539 -42
540 -17
541 -55
542 -24
543 -55
544 -55
545 -24
546 -32
547 -24
548 -16
549 -55
550 -55
551 -33
552 -33
553 -27
554 -17
555 -27
556 -30
557 -16
558 -24
559 -50
560 -24
561 -57
562 -50
563 -55
564 -17
565 -50
566 -32
567 -16
568 -27
569 -17
570 -16
571 -55
572 -16
573 -27
574 -57
575 -16
576 -16
577 -16
578 -16
579 -55
580 -24
581 -16
582 -33
583 -16
584 -57
585 -16
586 -33
587 -33
588 -27
589 -16
590 -55
591 -36
592 -27
593 -16
594 -57
595 -16
596 -33
597 -58
598 -24
599 -50
600 -47
601 -57
602 -33
603 -22
604 -27
605 -58
606 -16
607 -55
608 -62
609 -32
610 -24
611 -32
612 -57
613 -55
614 -36
615 -17
616 -57
617 -27
618 -32
619 -16
620 -55
621 -28
622 -32
623 -16
624 -16
625 -17
626 -55
627 -16
628 -32
629 -16
630 -55
631 -57
632 -50
633 -57
634 -33
635 -16
636 -16
637 -24
638 -33
639 -16
640 -24
641 -57
642 -16
643 -55
644 -32
645 -16
646 -33
647 -16
648 -32
649 -24
650 -29
651 -17
652 -32
653 -16
654 -17
655 -16
656 -16
657 -16
658 -55
659 -55
660 -32
661 -57
662 -50
663 -74
664 -16
665 -24
666 -33
667 -16
668 -16
669 -16
670 -16
671 -38
672 -57
673 -16
674 -32
675 -27
676 -32
677 -69
678 -17
679 -16
680 -57
681 -32
682 -16
683 -57
684 -32
685 -57
686 -32
687 -16
688 -17
689 -48
690 -24
691 -54
692 -24
693 -33
694 -24
695 -32
696 -56
697 -16
698 -50
699 -24
700 -28
701 -16
702 -27
703 -16
704 -27
705 -17
706 -32
707 -50
708 -33
709 -16
710 -50
711 -16
712 -16
713 -24
714 -55
715 -25
716 -57
717 -17
718 -50
719 -24
720 -16
721 -50
722 -16
723 -32
724 -24
725 -17
726 -24
727 -33
728 -17
729 -16
730 -50
731 -55
732 -57
733 -27
734 -24
735 -17
736 -54
737 -32
738 -54
739 -33
740 -33
741 -55
742 -16
743 -16
744 -50
745 -59
746 -24
747 -32
748 -50
749 -55
750 -16
751 -24
752 -16
753 -39
754 -50
755 -27
756 -32
757 -16
758 -24
759 -27
760 -16
761 -27
762 -16
763 -16
764 -16
765 -16
766 -16
767 -27
768 -55
769 -16
770 -57
771 -16
772 -24
773 -32
774 -27
775 -28
776 -16
777 -57
778 -16
779 -32
780 -57
781 -32
782 -32
783 -50
784 -36
785 -55
786 -57
787 -16
788 -55
789 -55
790 -16
791 -50
792 -57
793 -27
794 -32
795 -57
796 -55
797 -55
798 -33
799 -32
800 -16
801 -55
802 -27
803 -17
804 -16
805 -16
806 -27
807 -16
808 -16
809 -24
810 -24
811 -17
812 -33
813 -57
814 -55
815 -33
816 -33
817 -53
818 -17
819 -29
820 -16
821 -16
822 -61
823 -27
824 -17
825 -16
826 -57
827 -16
828 -16
829 -20
830 -16
831 -16
832 -55
833 -16
834 -16
835 -51
836 -32
837 -50
838 -57
839 -50
840 -57
841 -16
842 -57
843 -18
844 -16
845 -16
846 -26
847 -27
848 -16
849 -16
850 -74
851 -33
852 -17
853 -32
854 -16
855 -27
856 -57
857 -33
858 -16
859 -16
860 -24
861 -55
862 -33
863 -16
864 -22
865 -32
866 -16
867 -62
868 -24
869 -27
870 -24
871 -16
872 -16
873 -57
874 -32
875 -24
876 -33
877 -55
878 -20
879 -17
880 -55
881 -16
882 -50
883 -16
884 -16
885 -16
886 -55
887 -16
888 -50
889 -47
890 -50
891 -23
892 -16
893 -16
894 -16
895 -24
896 -16
897 -32
898 -16
899 -16
900 -16
901 -17
902 -50
903 -16
904 -32
905 -16
906 -16
907 -33
908 -33
909 -33
910 -16
911 -24
912 -32
913 -17
914 -16
915 -57
916 -17
917 -50
918 -33
919 -50
920 -27
921 -50
922 -57
923 -55
924 -36
925 -24
926 -33
927 -16
928 -16
929 -33
930 -33
931 -33
932 -24
933 -57
934 -32
935 -57
936 -17
937 -16
938 -16
939 -34
940 -33
941 -33
942 -27
943 -32
944 -33
945 -48
946 -17
947 -55
948 -16
949 -33
950 -50
951 -55
952 -16
953 -27
954 -33
955 -24
956 -89
957 -55
958 -18
959 -17
960 -27
961 -54
962 -16
963 -55
964 -67
965 -50
966 -33
967 -33
968 -82
969 -24
970 -24
971 -24
972 -16
973 -55
974 -16
975 -32
976 -33
977 -16
978 -57
979 -33
980 -33
981 -33
982 -24
983 -16
984 -33
985 -32
986 -50
987 -16
988 -55
989 -57
990 -55
991 -55
992 -27
993 -55
994 -24
995 -16
996 -55
997 -33
998 -17
999 -16
