0 -30
1 -34
2 -16
3 -17
4 -36
5 -50
6 -16
7 -16
8 -34
9 -16
10 -27
11 -54
12 -15
13 -29
14 -16
15 -33
16 -55
17 -33
18 -27
19 -20
20 -34
21 -17
22 -17
23 -27
24 -16
25 -16
26 -34
27 -16
28 -16
29 -17
30 -50
31 -16
32 -17
33 -34
34 -16
35 -35
36 -36
37 -33
38 -36
39 -36
40 -33
41 -33
42 -15
43 -33
44 -17
45 -16
46 -16
47 -16
48 -16
49 -17
50 -15
51 -33
52 -17
53 -34
54 -16
55 -15
56 -33
57 -16
58 -16
59 -16
60 -17
61 -62
62 -50
63 -36
64 -17
65 -16
66 -17
67 -16
68 -33
69 -34
70 -33
71 -33
72 -17
73 -16
74 -50
75 -55
76 -36
77 -34
78 -34
79 -27
80 -34
81 -15
82 -33
83 -27
84 -16
85 -55
86 -50
87 -15
88 -50
89 -16
90 -36
91 -15
92 -50
93 -27
94 -17
95 -17
96 -16
97 -27
98 -17
99 -55
100 -33
101 -55
102 -16
103 -15
104 -55
105 -55
106 -27
107 -27
108 -27
109 -17
110 -34
111 -17
112 -34
113 -27
114 -33
115 -33
116 -15
117 -33
118 -34
119 -34
120 -27
121 -36
122 -16
123 -15
124 -15
125 -33
126 -50
127 -16
128 -34
129 -16
130 -17
131 -44
132 -45
133 -36
134 -27
135 -16
136 -36
137 -15
138 -33
139 -16
140 -55
141 -34
142 -17
143 -33
144 -17
145 -27
146 -16
147 -22
148 -34
149 -32
150 -16
151 -34
152 -34
153 -36
154 -33
155 -27
156 -36
157 -34
158 -17
159 -34
160 -34
161 -16
162 -34
163 -22
164 -55
165 -50
166 -27
167 -50
168 -16
169 -27
170 -16
171 -36
172 -16
173 -34
174 -16
175 -50
176 -32
177 -34
178 -17
179 -16
180 -16
181 -33
182 -22
183 -27
184 -16
185 -55
186 -41
187 -36
188 -15
189 -36
190 -36
191 -16
192 -15
193 -15
194 -33
195 -16
196 -16
197 -50
198 -16
199 -50
200 -16
201 -55
202 -16
203 -66
204 -21
205 -36
206 -27
207 -36
208 -17
209 -34
210 -27
211 -16
212 -17
213 -36
214 -27
215 -16
216 -17
217 -33
218 -16
219 -44
220 -50
221 -50
222 -16
223 -16
224 -15
225 -16
226 -16
227 -16
228 -33
229 -33
230 -33
231 -15
232 -33
233 -50
234 -16
235 -27
236 -17
237 -27
238 -17
239 -34
240 -34
241 -50
242 -36
243 -15
244 -16
245 -17
246 -15
247 -50
248 -27
249 -27
250 -33
251 -27
252 -17
253 -55
254 -50
255 -36
256 -33
257 -15
258 -17
259 -16
260 -16
261 -15
262 -16
263 -17
264 -17
265 -55
266 -41
267 -15
268 -16
269 -27
270 -55
271 -50
272 -50
273 -17
274 -16
275 -27
276 -17
277 -15
278 -27
279 -16
280 -16
281 -34
282 -55
283 -50
284 -34
285 -16
286 -21
287 -16
288 -15
289 -17
290 -16
291 -16
292 -50
293 -33
294 -36
295 -63
296 -33
297 -17
298 -16
299 -16
300 -16
301 -67
302 -36
303 -27
304 -16
305 -34
306 -16
307 -55
308 -27
309 -27
310 -17
311 -33
312 -33
313 -16
314 -34
315 -21
316 -17
317 -55
318 -16
319 -21
320 -16
321 -50
322 -55
323 -55
324 -17
325 -55
326 -51
327 -17
328 -36
329 -55
330 -33
331 -50
332 -34
333 -16
334 -33
335 -17
336 -16
337 -16
338 -51
339 -16
340 -16
341 -36
342 -36
343 -55
344 -16
345 -17
346 -16
347 -16
348 -55
349 -34
350 -15
351 -16
352 -16
353 -44
354 -17
355 -16
356 -33
357 -16
358 -33
359 -50
360 -55
361 -15
362 -16
363 -55
364 -34
365 -36
366 -16
367 -50
368 -33
369 -16
370 -55
371 -36
372 -25
373 -55
374 -55
375 -27
376 -27
377 -16
378 -17
379 -50
380 -34
381 -16
382 -17
383 -17
384 -34
385 -17
386 -50
387 -33
388 -27
389 -50
390 -33
391 -51
392 -34
393 -55
394 -34
395 -16
396 -33
397 -27
398 -16
399 -27
400 -47
401 -34
402 -55
403 -16
404 -34
405 -15
406 -33
407 -16
408 -50
409 -34
410 -50
411 -34
412 -16
413 -27
414 -16
415 -52
416 -15
417 -36
418 -34
419 -34
420 -55
421 -33
422 -17
423 -66
424 -15
425 -16
426 -55
427 -15
428 -16
429 -17
430 -55
431 -16
432 -50
433 -16
434 -33
435 -34
436 -36
437 -36
438 -15
439 -27
440 -16
441 -16
442 -15
443 -50
444 -17
445 -33
446 -55
447 -15
448 -16
449 -17
450 -50
451 -26
452 -36
453 -36
454 -50
455 -15
456 -36
457 -17
458 -34
459 -55
460 -50
461 -27
462 -33
463 -27
464 -50
465 -33
466 -16
467 -50
468 -27
469 -27
470 -16
471 -17
472 -17
473 -33
474 -27
475 -50
476 -27
477 -16
478 -34
479 -17
480 -34
481 -50
482 -36
483 -34
484 -16
485 -16
486 -50
487 -16
488 -27
489 -55
490 -16
491 -21
492 -16
493 -33
494 -55
495 -27
496 -16
497 -16
498 -50
499 -36
500 -16
501 -17
502 -17
503 -33
504 -36
505 -17
506 -34
507 -55
508 -15
509 -17
510 -34
511 -33
512 -16
513 -33
514 -36
515 -17
516 -64
517 -50
518 -27
519 -16
520 -16
521 -34
522 -16
523 -17
524 -16
525 -16
526 -27
527 -33
528 -36
529 -36
530 -27
531 -40
532 -27
533 -36
534 -15
535 -36
536 -55
537 -17
538 -24
539 -16
540 -16
541 -36
542 -33
543 -50
544 -16
545 -50
546 -16
547 -17
548 -33
549 -27
550 -35
551 -34
552 -55
553 -50
554 -16
555 -17
556 -16
557 -15
558 -36
559 -34
560 -50
561 -15
562 -16
563 -17
564 -55
565 -50
566 -18
567 -42
568 -34
569 -33
570 -17
571 -33
572 -15
573 -16
574 -15
575 -25
576 -17
577 -18
578 -34
579 -55
580 -17
581 -17
582 -18
583 -34
584 -15
585 -50
586 -16
587 -52
588 -34
589 -15
590 -15
591 -33
592 -27
593 -16
594 -27
595 -16
596 -15
597 -34
598 -36
599 -16
600 -34
601 -33
602 -34
603 -36
604 -16
605 -33
606 -16
607 -36
608 -55
609 -16
610 -16
611 -36
612 -17
613 -27
614 -34
615 -15
616 -36
617 -39
618 -16
619 -16
620 -36
621 -33
622 -34
623 -17
624 -15
625 -16
626 -33
627 -34
628 -16
629 -34
630 -33
631 -16
632 -16
633 -17
634 -16
635 -50
636 -55
637 -50
638 -33
639 -36
640 -16
641 -27
642 -24
643 -16
644 -55
645 -16
646 -15
647 -17
648 -33
649 -15
650 -21
651 -59
652 -16
653 -61
654 -17
655 -27
656 -50
657 -15
658 -16
659 -17
660 -16
661 -16
662 -15
663 -50
664 -16
665 -16
666 -16
667 -15
668 -16
669 -55
670 -33
671 -17
672 -55
673 -16
674 -17
675 -16
676 -33
677 -17
678 -37
679 -55
680 -17
681 -16
682 -17
683 -55
684 -16
685 -33
686 -16
687 -34
688 -16
689 -16
690 -50
691 -16
692 -55
693 -50
694 -55
695 -21
696 -16
697 -33
698 -15
699 -50
700 -50
701 -36
702 -55
703 -27
704 -17
705 -16
706 -27
707 -87
708 -55
709 -16
710 -17
711 -15
712 -27
713 -33
714 -50
715 -24
716 -50
717 -50
718 -33
719 -16
720 -55
721 -33
722 -34
723 -27
724 -16
725 -16
726 -16
727 -55
728 -41
729 -16
730 -16
731 -36
732 -16
733 -36
734 -27
735 -27
736 -27
737 -34
738 -87
739 -15
740 -33
741 -55
742 -36
743 -15
744 -16
745 -55
746 -15
747 -16
748 -55
749 -33
750 -27
751 -33
752 -27
753 -55
754 -16
755 -50
756 -15
757 -55
758 -16
759 -33
760 -36
761 -34
762 -16
763 -16
764 -50
765 -16
766 -15
767 -15
768 -16
769 -33
770 -35
771 -33
772 -15
773 -36
774 -15
775 -33
776 -50
777 -55
778 -37
779 -15
780 -50
781 -17
782 -16
783 -17
784 -16
785 -16
786 -17
787 -55
788 -36
789 -50
790 -27
791 -16
792 -21
793 -33
794 -36
795 -16
796 -55
797 -38
798 -16
799 -33
800 -16
801 -16
802 -16
803 -33
804 -34
805 -34
806 -20
807 -16
808 -17
809 -15
810 -16
811 -16
812 -55
813 -15
814 -33
815 -33
816 -42
817 -16
818 -16
819 -16
820 -15
821 -16
822 -50
823 -17
824 -36
825 -16
826 -16
827 -16
828 -50
829 -34
830 -55
831 -16
832 -27
833 -55
834 -33
835 -33
836 -27
837 -36
838 -65
839 -16
840 -17
841 -36
842 -50
843 -20
844 -50
845 -34
846 -50
847 -16
848 -17
849 -17
850 -50
851 -21
852 -33
853 -16
854 -27
855 -15
856 -50
857 -27
858 -19
859 -36
860 -16
861 -16
862 -55
863 -29
864 -27
865 -16
866 -16
867 -16
868 -16
869 -16
870 -18
871 -36
872 -27
873 -27
874 -16
875 -17
876 -16
877 -16
878 -36
879 -33
880 -50
881 -34
882 -34
883 -16
884 -16
885 -55
886 -50
887 -16
888 -17
889 -19
890 -16
891 -15
892 -17
893 -15
894 -27
895 -55
896 -16
897 -15
898 -16
899 -50
900 -16
901 -33
902 -16
903 -17
904 -27
905 -33
906 -16
907 -55
908 -34
909 -16
910 -33
911 -27
912 -17
913 -50
914 -50
915 -34
916 -33
917 -33
918 -17
919 -17
920 -55
921 -15
922 -15
923 -34
924 -16
925 -16
926 -36
927 -16
928 -36
929 -33
930 -16
931 -16
932 -55
933 -27
934 -36
935 -33
936 -16
937 -16
938 -27
939 -39
940 -33
941 -33
942 -34
943 -55
944 -36
945 -16
946 -59
947 -34
948 -34
949 -16
950 -50
951 -27
952 -34
953 -54
954 -36
955 -16
956 -51
957 -16
958 -34
959 -34
960 -33
961 -15
962 -50
963 -27
964 -17
965 -27
966 -34
967 -34
968 -27
969 -50
970 -33
971 -33
972 -16
973 -27
974 -16
975 -16
976 -34
977 -54
978 -32
979 -33
980 -34
981 -55
982 -36
983 -16
984 -34
985 -34
986 -34
987 -33
988 -16
989 -16
990 -34
991 -16
992 -50
993 -16
994 -33
995 -50
996 -82
997 -33
998 -27
999 -17
