0 -16
1 -17
2 -17
3 -17
4 -55
5 -16
6 -34
7 -55
8 -41
9 -21
10 -17
11 -43
12 -16
13 -16
14 -55
15 -16
16 -16
17 -50
18 -31
19 -16
20 -16
21 -50
22 -51
23 -49
24 -16
25 -50
26 -16
27 -16
28 -16
29 -31
30 -34
31 -17
32 -50
33 -50
34 -20
35 -16
36 -55
37 -82
38 -25
39 -29
40 -16
41 -44
42 -25
43 -25
44 -25
45 -16
46 -34
47 -16
48 -17
49 -31
50 -25
51 -55
52 -34
53 -51
54 -51
55 -16
56 -51
57 -16
58 -25
59 -34
60 -55
61 -50
62 -17
63 -16
64 -51
65 -34
66 -25
67 -25
68 -55
69 -51
70 -25
71 -31
72 -16
73 -16
74 -16
75 -16
76 -25
77 -42
78 -16
79 -16
80 -16
81 -50
82 -17
83 -31
84 -16
85 -16
86 -51
87 -16
88 -51
89 -16
90 -17
91 -50
92 -16
93 -25
94 -34
95 -16
96 -34
97 -16
98 -31
99 -16
100 -17
101 -19
102 -16
103 -45
104 -25
105 -16
106 -16
107 -16
108 -43
109 -47
110 -43
111 -17
112 -55
113 -17
114 -16
115 -50
116 -31
117 -16
118 -31
119 -31
120 -31
121 -34
122 -55
123 -50
124 -29
125 -17
126 -50
127 -16
128 -17
129 -17
130 -51
131 -16
132 -17
133 -55
134 -34
135 -16
136 -17
137 -16
138 -16
139 -31
140 -16
141 -31
142 -31
143 -65
144 -25
145 -16
146 -51
147 -31
148 -31
149 -50
150 -43
151 -51
152 -59
153 -17
154 -17
155 -56
156 -43
157 -17
158 -16
159 -34
160 -34
161 -50
162 -25
163 -43
164 -34
165 -25
166 -51
167 -16
168 -43
169 -92
170 -55
171 -31
172 -25
173 -34
174 -17
175 -16
176 -55
177 -18
178 -51
179 -17
180 -35
181 -51
182 -51
183 -55
184 -16
185 -17
186 -16
187 -43
188 -50
189 -17
190 -34
191 -27
192 -16
193 -51
194 -19
195 -31
196 -43
197 -16
198 -34
199 -25
200 -51
201 -25
202 -17
203 -41
204 -31
205 -16
206 -25
207 -28
208 -27
209 -17
210 -50
211 -43
212 -17
213 -17
214 -17
215 -34
216 -51
217 -16
218 -16
219 -25
220 -25
221 -43
222 -51
223 -17
224 -16
225 -31
226 -55
227 -16
228 -34
229 -51
230 -31
231 -16
232 -31
233 -16
234 -34
235 -16
236 -51
237 -25
238 -16
239 -34
240 -17
241 -31
242 -37
243 -31
244 -51
245 -17
246 -25
247 -25
248 -55
249 -55
250 -25
251 -25
252 -55
253 -31
254 -20
255 -16
256 -51
257 -16
258 -55
259 -16
260 -31
261 -58
262 -16
263 -16
264 -31
265 -55
266 -50
267 -55
268 -43
269 -20
270 -34
271 -17
272 -16
273 -31
274 -34
275 -50
276 -17
277 -16
278 -25
279 -16
280 -34
281 -43
282 -16
283 -25
284 -50
285 -55
286 -51
287 -16
288 -34
289 -34
290 -55
291 -16
292 -20
293 -25
294 -16
295 -43
296 -34
297 -16
298 -16
299 -51
300 -51
301 -51
302 -43
303 -16
304 -25
305 -16
306 -16
307 -43
308 -16
309 -51
310 -25
311 -50
312 -50
313 -16
314 -51
315 -17
316 -43
317 -22
318 -63
319 -16
320 -43
321 -31
322 -31
323 -31
324 -43
325 -16
326 -16
327 -31
328 -50
329 -17
330 -51
331 -50
332 -50
333 -17
334 -25
335 -16
336 -16
337 -51
338 -55
339 -43
340 -16
341 -16
342 -16
343 -47
344 -16
345 -16
346 -50
347 -16
348 -34
349 -19
350 -16
351 -50
352 -50
353 -17
354 -16
355 -34
356 -17
357 -16
358 -16
359 -36
360 -51
361 -31
362 -43
363 -16
364 -16
365 -16
366 -16
367 -16
368 -20
369 -51
370 -25
371 -31
372 -29
373 -29
374 -17
375 -50
376 -50
377 -17
378 -16
379 -42
380 -25
381 -51
382 -43
383 -55
384 -16
385 -50
386 -55
387 -16
388 -50
389 -41
390 -16
391 -25
392 -16
393 -17
394 -16
395 -44
396 -50
397 -39
398 -31
399 -50
400 -17
401 -51
402 -43
403 -34
404 -51
405 -50
406 -16
407 -43
408 -16
409 -16
410 -51
411 -55
412 -55
413 -17
414 -16
415 -16
416 -43
417 -32
418 -51
419 -16
420 -16
421 -50
422 -17
423 -34
424 -25
425 -16
426 -55
427 -31
428 -31
429 -55
430 -43
431 -16
432 -16
433 -43
434 -55
435 -16
436 -51
437 -16
438 -34
439 -34
440 -56
441 -50
442 -16
443 -50
444 -31
445 -16
446 -54
447 -16
448 -55
449 -50
450 -17
451 -16
452 -25
453 -51
454 -17
455 -16
456 -31
457 -55
458 -43
459 -55
460 -50
461 -27
462 -34
463 -17
464 -43
465 -67
466 -55
467 -17
468 -51
469 -34
470 -17
471 -16
472 -17
473 -34
474 -51
475 -16
476 -23
477 -37
478 -25
479 -43
480 -29
481 -16
482 -47
483 -16
484 -55
485 -25
486 -16
487 -17
488 -50
489 -25
490 -51
491 -25
492 -17
493 -25
494 -50
495 -31
496 -72
497 -55
498 -16
499 -51
500 -31
501 -25
502 -16
503 -34
504 -55
505 -31
506 -17
507 -55
508 -65
509 -75
510 -16
511 -16
512 -51
513 -25
514 -51
515 -50
516 -50
517 -17
518 -43
519 -17
520 -48
521 -51
522 -16
523 -15
524 -16
525 -25
526 -25
527 -25
528 -16
529 -57
530 -25
531 -38
532 -25
533 -50
534 -16
535 -34
536 -31
537 -25
538 -55
539 -34
540 -43
541 -16
542 -50
543 -43
544 -50
545 -16
546 -55
547 -16
548 -34
549 -55
550 -83
551 -16
552 -51
553 -25
554 -51
555 -51
556 -38
557 -31
558 -16
559 -34
560 -43
561 -20
562 -16
563 -43
564 -31
565 -16
566 -17
567 -34
568 -50
569 -16
570 -55
571 -16
572 -31
573 -16
574 -16
575 -24
576 -55
577 -17
578 -50
579 -51
580 -23
581 -31
582 -34
583 -43
584 -50
585 -31
586 -16
587 -16
588 -17
589 -25
590 -47
591 -25
592 -34
593 -50
594 -55
595 -51
596 -43
597 -16
598 -17
599 -45
600 -25
601 -23
602 -34
603 -16
604 -31
605 -38
606 -34
607 -16
608 -34
609 -16
610 -43
611 -55
612 -43
613 -50
614 -25
615 -16
616 -17
617 -78
618 -17
619 -50
620 -50
621 -16
622 -51
623 -83
624 -34
625 -51
626 -34
627 -16
628 -50
629 -25
630 -25
631 -25
632 -34
633 -25
634 -17
635 -54
636 -21
637 -51
638 -16
639 -16
640 -34
641 -17
642 -24
643 -34
644 -31
645 -16
646 -55
647 -50
648 -16
649 -31
650 -55
651 -17
652 -55
653 -51
654 -51
655 -51
656 -51
657 -55
658 -16
659 -31
660 -16
661 -16
662 -25
663 -16
664 -16
665 -43
666 -16
667 -43
668 -55
669 -31
670 -51
671 -25
672 -17
673 -16
674 -34
675 -17
676 -25
677 -55
678 -43
679 -51
680 -16
681 -16
682 -31
683 -17
684 -16
685 -36
686 -51
687 -16
688 -16
689 -31
690 -51
691 -22
692 -22
693 -40
694 -50
695 -50
696 -51
697 -16
698 -31
699 -17
700 -38
701 -25
702 -16
703 -16
704 -31
705 -16
706 -16
707 -43
708 -16
709 -34
710 -16
711 -51
712 -59
713 -34
714 -16
715 -31
716 -17
717 -34
718 -44
719 -31
720 -16
721 -25
722 -16
723 -22
724 -49
725 -59
726 -50
727 -31
728 -55
729 -16
730 -52
731 -55
732 -17
733 -31
734 -34
735 -51
736 -16
737 -30
738 -34
739 -55
740 -34
741 -25
742 -50
743 -51
744 -16
745 -34
746 -31
747 -50
748 -50
749 -17
750 -23
751 -25
752 -34
753 -26
754 -25
755 -31
756 -51
757 -25
758 -16
759 -34
760 -17
761 -16
762 -25
763 -19
764 -51
765 -51
766 -16
767 -31
768 -31
769 -50
770 -16
771 -41
772 -16
773 -50
774 -43
775 -31
776 -50
777 -42
778 -41
779 -51
780 -17
781 -16
782 -31
783 -50
784 -50
785 -43
786 -17
787 -51
788 -16
789 -34
790 -17
791 -50
792 -17
793 -43
794 -16
795 -51
796 -16
797 -16
798 -16
799 -16
800 -87
801 -55
802 -55
803 -25
804 -34
805 -55
806 -17
807 -16
808 -55
809 -25
810 -34
811 -16
812 -16
813 -43
814 -17
815 -17
816 -22
817 -17
818 -50
819 -17
820 -47
821 -49
822 -16
823 -16
824 -31
825 -34
826 -50
827 -25
828 -43
829 -51
830 -46
831 -16
832 -16
833 -71
834 -29
835 -50
836 -43
837 -31
838 -16
839 -31
840 -50
841 -16
842 -43
843 -16
844 -29
845 -43
846 -34
847 -16
848 -50
849 -43
850 -55
851 -31
852 -54
853 -51
854 -16
855 -16
856 -75
857 -16
858 -16
859 -15
860 -55
861 -43
862 -34
863 -45
864 -51
865 -55
866 -16
867 -16
868 -24
869 -25
870 -16
871 -16
872 -50
873 -51
874 -16
875 -31
876 -25
877 -71
878 -58
879 -34
880 -31
881 -25
882 -21
883 -25
884 -51
885 -34
886 -50
887 -50
888 -50
889 -43
890 -55
891 -17
892 -25
893 -31
894 -55
895 -17
896 -16
897 -55
898 -31
899 -21
900 -31
901 -37
902 -55
903 -34
904 -17
905 -43
906 -55
907 -56
908 -55
909 -16
910 -50
911 -16
912 -17
913 -31
914 -55
915 -51
916 -16
917 -55
918 -51
919 -16
920 -16
921 -31
922 -55
923 -24
924 -16
925 -60
926 -51
927 -16
928 -34
929 -50
930 -31
931 -16
932 -51
933 -50
934 -50
935 -16
936 -16
937 -31
938 -31
939 -50
940 -17
941 -16
942 -55
943 -25
944 -16
945 -16
946 -16
947 -16
948 -43
949 -31
950 -25
951 -34
952 -16
953 -43
954 -34
955 -16
956 -16
957 -46
958 -16
959 -55
960 -31
961 -25
962 -43
963 -25
964 -31
965 -51
966 -52
967 -50
968 -25
969 -31
970 -16
971 -25
972 -43
973 -55
974 -16
975 -65
976 -50
977 -16
978 -31
979 -23
980 -50
981 -20
982 -20
983 -17
984 -50
985 -16
986 -25
987 -31
988 -17
989 -43
990 -34
991 -34
992 -55
993 -31
994 -16
995 -34
996 -17
997 -16
998 -31
999 -31
