0 -16
1 -36
2 -57
3 -50
4 -24
5 -27
6 -27
7 -18
8 -50
9 -55
10 -57
11 -66
12 -16
13 -18
14 -17
15 -50
16 -33
17 -16
18 -33
19 -33
20 -57
21 -16
22 -16
23 -16
24 -50
25 -24
26 -16
27 -16
28 -57
29 -52
30 -27
31 -71
32 -50
33 -16
34 -16
35 -20
36 -55
37 -24
38 -71
39 -55
40 -57
41 -17
42 -16
43 -15
44 -16
45 -57
46 -16
47 -17
48 -55
49 -33
50 -55
51 -27
52 -24
53 -36
54 -33
55 -27
56 -27
57 -16
58 -16
59 -54
60 -50
61 -22
62 -25
63 -33
64 -57
65 -77
66 -16
67 -24
68 -16
69 -16
70 -22
71 -16
72 -71
73 -71
74 -57
75 -33
76 -57
77 -36
78 -33
79 -24
80 -16
81 -55
82 -16
83 -16
84 -61
85 -33
86 -16
87 -57
88 -16
89 -55
90 -55
91 -16
92 -55
93 -24
94 -16
95 -33
96 -55
97 -24
98 -16
99 -50
100 -57
101 -17
102 -55
103 -29
104 -16
105 -27
106 -33
107 -17
108 -24
109 -16
110 -65
111 -57
112 -17
113 -50
114 -16
115 -27
116 -27
117 -54
118 -16
119 -16
120 -66
121 -15
122 -24
123 -57
124 -17
125 -17
126 -16
127 -57
128 -18
129 -55
130 -50
131 -16
132 -16
133 -57
134 -55
135 -57
136 -24
137 -32
138 -16
139 -57
140 -16
141 -17
142 -17
143 -16
144 -24
145 -82
146 -17
147 -33
148 -52
149 -71
150 -16
151 -50
152 -16
153 -51
154 -54
155 -33
156 -27
157 -50
158 -16
159 -16
160 -24
161 -57
162 -16
163 -36
164 -50
165 -17
166 -27
167 -27
168 -42
169 -17
170 -50
171 -55
172 -33
173 -50
174 -54
175 -54
176 -16
177 -24
178 -58
179 -36
180 -55
181 -54
182 -17
183 -27
184 -16
185 -16
186 -55
187 -57
188 -16
189 -27
190 -16
191 -17
192 -50
193 -27
194 -16
195 -16
196 -24
197 -71
198 -57
199 -50
200 -66
201 -33
202 -27
203 -16
204 -16
205 -55
206 -16
207 -17
208 -50
209 -33
210 -33
211 -16
212 -55
213 -50
214 -33
215 -24
216 -50
217 -33
218 -55
219 -17
220 -50
221 -17
222 -57
223 -50
224 -17
225 -48
226 -24
227 -27
228 -57
229 -17
230 -49
231 -16
232 -50
233 -17
234 -55
235 -50
236 -55
237 -54
238 -27
239 -55
240 -55
241 -16
242 -27
243 -16
244 -50
245 -16
246 -24
247 -50
248 -16
249 -29
250 -57
251 -16
252 -33
253 -50
254 -16
255 -57
256 -24
257 -35
258 -54
259 -55
260 -16
261 -16
262 -16
263 -27
264 -27
265 -50
266 -16
267 -17
268 -24
269 -55
270 -16
271 -17
272 -16
273 -16
274 -17
275 -61
276 -71
277 -16
278 -27
279 -17
280 -16
281 -33
282 -17
283 -55
284 -50
285 -55
286 -27
287 -55
288 -16
289 -27
290 -27
291 -50
292 -16
293 -63
294 -22
295 -16
296 -16
297 -25
298 -33
299 -65
300 -16
301 -33
302 -16
303 -16
304 -16
305 -55
306 -66
307 -71
308 -38
309 -16
310 -50
311 -33
312 -57
313 -54
314 -55
315 -17
316 -17
317 -27
318 -27
319 -16
320 -54
321 -24
322 -16
323 -57
324 -16
325 -24
326 -16
327 -27
328 -50
329 -16
330 -33
331 -27
332 -16
333 -33
334 -57
335 -55
336 -50
337 -55
338 -27
339 -50
340 -25
341 -16
342 -24
343 -16
344 -55
345 -27
346 -17
347 -27
348 -27
349 -63
350 -17
351 -71
352 -16
353 -24
354 -50
355 -54
356 -16
357 -27
358 -17
359 -16
360 -33
361 -47
362 -57
363 -71
364 -16
365 -54
366 -38
367 -16
368 -17
369 -66
370 -24
371 -55
372 -24
373 -50
374 -16
375 -16
376 -50
377 -16
378 -24
379 -17
380 -57
381 -55
382 -16
383 -27
384 -24
385 -16
386 -57
387 -16
388 -27
389 -27
390 -50
391 -27
392 -16
393 -27
394 -16
395 -65
396 -16
397 -27
398 -51
399 -17
400 -16
401 -24
402 -17
403 -16
404 -16
405 -25
406 -55
407 -55
408 -27
409 -27
410 -55
411 -24
412 -50
413 -16
414 -36
415 -67
416 -55
417 -57
418 -50
419 -17
420 -50
421 -24
422 -50
423 -27
424 -17
425 -20
426 -57
427 -66
428 -50
429 -50
430 -24
431 -16
432 -55
433 -33
434 -50
435 -27
436 -33
437 -33
438 -55
439 -57
440 -27
441 -50
442 -52
443 -50
444 -17
445 -50
446 -57
447 -16
448 -33
449 -24
450 -58
451 -66
452 -55
453 -50
454 -24
455 -27
456 -55
457 -16
458 -24
459 -33
460 -27
461 -27
462 -71
463 -41
464 -24
465 -24
466 -57
467 -57
468 -24
469 -16
470 -33
471 -55
472 -24
473 -27
474 -16
475 -24
476 -33
477 -50
478 -58
479 -17
480 -16
481 -50
482 -36
483 -17
484 -16
485 -33
486 -17
487 -33
488 -55
489 -33
490 -27
491 -50
492 -17
493 -16
494 -34
495 -16
496 -33
497 -50
498 -50
499 -17
500 -27
501 -17
502 -24
503 -27
504 -16
505 -50
506 -50
507 -27
508 -57
509 -17
510 -51
511 -16
512 -50
513 -16
514 -16
515 -27
516 -50
517 -17
518 -16
519 -17
520 -66
521 -27
522 -20
523 -57
524 -33
525 -57
526 -16
527 -49
528 -33
529 -57
530 -20
531 -54
532 -54
533 -17
534 -27
535 -16
536 -33
537 -33
538 -27
539 -16
540 -55
541 -16
542 -17
543 -16
544 -24
545 -35
546 -24
547 -27
548 -66
549 -50
550 -16
551 -16
552 -57
553 -16
554 -27
555 -50
556 -27
557 -55
558 -27
559 -57
560 -41
561 -20
562 -57
563 -27
564 -16
565 -55
566 -16
567 -27
568 -55
569 -50
570 -57
571 -16
572 -41
573 -16
574 -50
575 -50
576 -50
577 -17
578 -17
579 -27
580 -17
581 -16
582 -17
583 -57
584 -41
585 -24
586 -16
587 -16
588 -27
589 -57
590 -50
591 -33
592 -56
593 -57
594 -33
595 -22
596 -27
597 -41
598 -16
599 -55
600 -16
601 -33
602 -50
603 -27
604 -23
605 -33
606 -50
607 -17
608 -57
609 -71
610 -16
611 -66
612 -54
613 -24
614 -55
615 -55
616 -60
617 -16
618 -17
619 -35
620 -17
621 -16
622 -16
623 -16
624 -17
625 -16
626 -50
627 -33
628 -57
629 -57
630 -24
631 -50
632 -16
633 -57
634 -27
635 -27
636 -27
637 -17
638 -55
639 -50
640 -16
641 -50
642 -57
643 -50
644 -16
645 -33
646 -40
647 -33
648 -27
649 -17
650 -27
651 -16
652 -27
653 -16
654 -27
655 -57
656 -17
657 -27
658 -24
659 -17
660 -16
661 -50
662 -50
663 -17
664 -55
665 -17
666 -55
667 -16
668 -17
669 -24
670 -24
671 -16
672 -16
673 -55
674 -24
675 -50
676 -55
677 -50
678 -55
679 -50
680 -16
681 -50
682 -50
683 -16
684 -47
685 -16
686 -57
687 -57
688 -27
689 -66
690 -33
691 -24
692 -33
693 -66
694 -16
695 -16
696 -50
697 -16
698 -16
699 -55
700 -54
701 -57
702 -24
703 -16
704 -57
705 -16
706 -54
707 -71
708 -16
709 -55
710 -30
711 -50
712 -66
713 -20
714 -24
715 -57
716 -33
717 -33
718 -57
719 -55
720 -16
721 -50
722 -16
723 -16
724 -55
725 -41
726 -24
727 -24
728 -50
729 -57
730 -16
731 -16
732 -16
733 -21
734 -20
735 -20
736 -24
737 -54
738 -16
739 -16
740 -20
741 -16
742 -24
743 -33
744 -33
745 -16
746 -27
747 -16
748 -16
749 -55
750 -57
751 -17
752 -66
753 -27
754 -16
755 -27
756 -24
757 -16
758 -16
759 -16
760 -36
761 -16
762 -50
763 -50
764 -54
765 -17
766 -55
767 -24
768 -16
769 -50
770 -66
771 -16
772 -19
773 -55
774 -50
775 -27
776 -64
777 -33
778 -16
779 -24
780 -27
781 -17
782 -57
783 -16
784 -16
785 -55
786 -27
787 -50
788 -16
789 -16
790 -33
791 -27
792 -66
793 -16
794 -24
795 -57
796 -24
797 -16
798 -17
799 -16
800 -33
801 -57
802 -55
803 -50
804 -16
805 -71
806 -54
807 -21
808 -16
809 -55
810 -23
811 -16
812 -62
813 -17
814 -16
815 -50
816 -36
817 -36
818 -42
819 -24
820 -17
821 -16
822 -41
823 -55
824 -33
825 -27
826 -62
827 -63
828 -16
829 -25
830 -66
831 -48
832 -24
833 -54
834 -16
835 -16
836 -16
837 -56
838 -17
839 -17
840 -33
841 -16
842 -15
843 -16
844 -27
845 -33
846 -16
847 -50
848 -50
849 -41
850 -36
851 -24
852 -16
853 -57
854 -16
855 -17
856 -27
857 -24
858 -57
859 -16
860 -55
861 -71
862 -36
863 -71
864 -16
865 -24
866 -24
867 -27
868 -16
869 -17
870 -55
871 -27
872 -24
873 -16
874 -31
875 -16
876 -57
877 -27
878 -16
879 -16
880 -16
881 -16
882 -48
883 -33
884 -16
885 -16
886 -16
887 -17
888 -21
889 -27
890 -16
891 -17
892 -16
893 -16
894 -24
895 -17
896 -50
897 -57
898 -27
899 -33
900 -27
901 -36
902 -55
903 -41
904 -33
905 -55
906 -17
907 -16
908 -33
909 -16
910 -16
911 -58
912 -16
913 -55
914 -48
915 -50
916 -50
917 -50
918 -33
919 -57
920 -28
921 -27
922 -16
923 -66
924 -71
925 -54
926 -24
927 -16
928 -27
929 -47
930 -57
931 -55
932 -55
933 -33
934 -36
935 -16
936 -16
937 -27
938 -16
939 -54
940 -57
941 -17
942 -40
943 -57
944 -16
945 -33
946 -50
947 -27
948 -40
949 -16
950 -17
951 -16
952 -29
953 -17
954 -36
955 -71
956 -16
957 -33
958 -20
959 -33
960 -16
961 -55
962 -71
963 -55
964 -57
965 -17
966 -55
967 -16
968 -16
969 -27
970 -27
971 -33
972 -32
973 -71
974 -16
975 -38
976 -16
977 -42
978 -24
979 -16
980 -16
981 -16
982 -16
983 -16
984 -86
985 -17
986 -27
987 -55
988 -33
989 -50
990 -57
991 -16
992 -24
993 -62
994 -27
995 -16
996 -24
997 -24
998 -57
999 -27
