0 -27
1 -16
2 -16
3 -43
4 -27
5 -36
6 -16
7 -16
8 -50
9 -24
10 -36
11 -36
12 -55
13 -51
14 -27
15 -16
16 -16
17 -51
18 -27
19 -27
20 -16
21 -43
22 -16
23 -50
24 -50
25 -16
26 -51
27 -16
28 -24
29 -59
30 -18
31 -20
32 -55
33 -51
34 -43
35 -27
36 -43
37 -50
38 -55
39 -43
40 -16
41 -51
42 -27
43 -17
44 -51
45 -50
46 -17
47 -36
48 -16
49 -50
50 -16
51 -51
52 -16
53 -27
54 -50
55 -21
56 -46
57 -16
58 -24
59 -27
60 -17
61 -50
62 -17
63 -27
64 -51
65 -50
66 -55
67 -51
68 -17
69 -36
70 -58
71 -55
72 -16
73 -30
74 -51
75 -51
76 -50
77 -24
78 -27
79 -24
80 -16
81 -55
82 -27
83 -51
84 -50
85 -27
86 -16
87 -16
88 -17
89 -43
90 -36
91 -43
92 -17
93 -27
94 -55
95 -55
96 -16
97 -16
98 -50
99 -44
100 -16
101 -43
102 -50
103 -55
104 -51
105 -43
106 -51
107 -22
108 -59
109 -55
110 -16
111 -16
112 -27
113 -16
114 -16
115 -16
116 -36
117 -27
118 -43
119 -36
120 -16
121 -22
122 -24
123 -17
124 -50
125 -16
126 -27
127 -43
128 -43
129 -50
130 -16
131 -24
132 -24
133 -17
134 -17
135 -16
136 -43
137 -24
138 -17
139 -20
140 -47
141 -16
142 -43
143 -16
144 -36
145 -51
146 -16
147 -16
148 -55
149 -50
150 -16
151 -36
152 -51
153 -55
154 -36
155 -43
156 -16
157 -16
158 -46
159 -50
160 -27
161 -36
162 -36
163 -24
164 -17
165 -43
166 -20
167 -51
168 -27
169 -51
170 -16
171 -51
172 -24
173 -43
174 -27
175 -18
176 -55
177 -16
178 -50
179 -44
180 -36
181 -16
182 -55
183 -16
184 -17
185 -50
186 -16
187 -36
188 -66
189 -43
190 -55
191 -24
192 -50
193 -36
194 -17
195 -24
196 -32
197 -55
198 -50
199 -24
200 -16
201 -36
202 -17
203 -27
204 -16
205 -16
206 -36
207 -17
208 -87
209 -43
210 -16
211 -36
212 -43
213 -24
214 -16
215 -55
216 -17
217 -43
218 -16
219 -50
220 -55
221 -51
222 -16
223 -36
224 -59
225 -43
226 -16
227 -36
228 -51
229 -50
230 -16
231 -17
232 -24
233 -50
234 -41
235 -17
236 -24
237 -43
238 -16
239 -16
240 -16
241 -43
242 -50
243 -36
244 -36
245 -27
246 -51
247 -16
248 -36
249 -55
250 -17
251 -16
252 -51
253 -16
254 -51
255 -27
256 -43
257 -27
258 -50
259 -36
260 -24
261 -16
262 -54
263 -20
264 -27
265 -43
266 -51
267 -51
268 -50
269 -16
270 -24
271 -16
272 -55
273 -16
274 -43
275 -44
276 -55
277 -43
278 -43
279 -16
280 -27
281 -17
282 -36
283 -24
284 -17
285 -40
286 -27
287 -16
288 -24
289 -36
290 -24
291 -55
292 -75
293 -16
294 -27
295 -50
296 -24
297 -17
298 -16
299 -55
300 -27
301 -17
302 -56
303 -27
304 -31
305 -43
306 -24
307 -36
308 -37
309 -16
310 -51
311 -16
312 -51
313 -51
314 -51
315 -36
316 -17
317 -36
318 -51
319 -16
320 -16
321 -16
322 -17
323 -24
324 -16
325 -51
326 -17
327 -27
328 -27
329 -16
330 -50
331 -43
332 -17
333 -16
334 -43
335 -46
336 -36
337 -22
338 -36
339 -27
340 -16
341 -36
342 -51
343 -17
344 -27
345 -28
346 -24
347 -16
348 -16
349 -60
350 -16
351 -50
352 -27
353 -36
354 -17
355 -16
356 -24
357 -43
358 -55
359 -17
360 -16
361 -24
362 -16
363 -51
364 -17
365 -16
366 -24
367 -36
368 -57
369 -55
370 -55
371 -27
372 -51
373 -16
374 -43
375 -36
376 -55
377 -51
378 -16
379 -55
380 -51
381 -36
382 -36
383 -50
384 -16
385 -16
386 -16
387 -16
388 -87
389 -24
390 -51
391 -55
392 -50
393 -51
394 -36
395 -36
396 -50
397 -36
398 -36
399 -22
400 -43
401 -17
402 -55
403 -36
404 -16
405 -16
406 -87
407 -43
408 -16
409 -27
410 -17
411 -27
412 -16
413 -36
414 -50
415 -27
416 -27
417 -17
418 -27
419 -17
420 -24
421 -16
422 -24
423 -43
424 -50
425 -17
426 -43
427 -51
428 -20
429 -59
430 -16
431 -17
432 -16
433 -16
434 -16
435 -43
436 -24
437 -16
438 -24
439 -36
440 -16
441 -43
442 -17
443 -14
444 -36
445 -17
446 -24
447 -55
448 -36
449 -16
450 -24
451 -51
452 -16
453 -16
454 -16
455 -43
456 -17
457 -21
458 -51
459 -17
460 -27
461 -16
462 -25
463 -27
464 -50
465 -51
466 -17
467 -16
468 -16
469 -50
470 -55
471 -24
472 -17
473 -55
474 -55
475 -16
476 -16
477 -27
478 -17
479 -16
480 -49
481 -24
482 -16
483 -16
484 -16
485 -23
486 -50
487 -36
488 -36
489 -27
490 -17
491 -59
492 -55
493 -16
494 -51
495 -16
496 -55
497 -17
498 -16
499 -27
500 -16
501 -16
502 -16
503 -17
504 -17
505 -42
506 -50
507 -27
508 -16
509 -16
510 -50
511 -55
512 -16
513 -83
514 -43
515 -16
516 -55
517 -50
518 -50
519 -24
520 -24
521 -16
522 -43
523 -17
524 -55
525 -38
526 -42
527 -51
528 -43
529 -24
530 -51
531 -36
532 -27
533 -31
534 -16
535 -49
536 -16
537 -24
538 -16
539 -36
540 -43
541 -16
542 -38
543 -43
544 -17
545 -36
546 -16
547 -55
548 -55
549 -27
550 -17
551 -29
552 -21
553 -55
554 -50
555 -50
556 -51
557 -36
558 -51
559 -36
560 -36
561 -51
562 -27
563 -55
564 -55
565 -17
566 -16
567 -88
568 -27
569 -27
570 -24
571 -16
572 -51
573 -16
574 -55
575 -23
576 -16
577 -16
578 -16
579 -50
580 -17
581 -16
582 -16
583 -17
584 -51
585 -51
586 -24
587 -43
588 -16
589 -27
590 -16
591 -36
592 -55
593 -36
594 -50
595 -27
596 -43
597 -36
598 -27
599 -16
600 -55
601 -16
602 -55
603 -17
604 -38
605 -16
606 -50
607 -36
608 -55
609 -16
610 -36
611 -36
612 -16
613 -55
614 -27
615 -16
616 -19
617 -36
618 -27
619 -50
620 -27
621 -23
622 -16
623 -36
624 -24
625 -16
626 -51
627 -50
628 -52
629 -16
630 -27
631 -27
632 -27
633 -55
634 -50
635 -43
636 -16
637 -27
638 -16
639 -27
640 -24
641 -43
642 -16
643 -27
644 -36
645 -17
646 -36
647 -16
648 -16
649 -24
650 -16
651 -56
652 -27
653 -24
654 -50
655 -24
656 -43
657 -51
658 -16
659 -17
660 -16
661 -16
662 -36
663 -24
664 -36
665 -30
666 -16
667 -25
668 -24
669 -36
670 -16
671 -42
672 -36
673 -27
674 -36
675 -28
676 -50
677 -27
678 -43
679 -36
680 -16
681 -16
682 -24
683 -21
684 -51
685 -16
686 -55
687 -27
688 -36
689 -55
690 -50
691 -17
692 -17
693 -16
694 -23
695 -16
696 -43
697 -25
698 -50
699 -36
700 -51
701 -51
702 -51
703 -24
704 -27
705 -36
706 -24
707 -43
708 -15
709 -27
710 -27
711 -55
712 -16
713 -55
714 -24
715 -16
716 -36
717 -16
718 -51
719 -27
720 -17
721 -55
722 -43
723 -16
724 -36
725 -16
726 -17
727 -50
728 -55
729 -16
730 -16
731 -24
732 -64
733 -17
734 -24
735 -16
736 -16
737 -55
738 -18
739 -16
740 -16
741 -51
742 -16
743 -16
744 -67
745 -43
746 -16
747 -16
748 -51
749 -16
750 -50
751 -55
752 -16
753 -51
754 -27
755 -27
756 -55
757 -51
758 -62
759 -24
760 -16
761 -27
762 -50
763 -27
764 -16
765 -54
766 -16
767 -27
768 -51
769 -16
770 -27
771 -50
772 -27
773 -55
774 -36
775 -36
776 -17
777 -27
778 -24
779 -16
780 -55
781 -36
782 -27
783 -27
784 -55
785 -38
786 -24
787 -48
788 -51
789 -16
790 -55
791 -51
792 -43
793 -27
794 -16
795 -16
796 -27
797 -24
798 -24
799 -27
800 -43
801 -24
802 -16
803 -36
804 -16
805 -17
806 -41
807 -51
808 -36
809 -51
810 -41
811 -27
812 -55
813 -36
814 -36
815 -27
816 -51
817 -16
818 -43
819 -36
820 -27
821 -16
822 -51
823 -27
824 -16
825 -25
826 -17
827 -16
828 -17
829 -43
830 -24
831 -59
832 -24
833 -16
834 -16
835 -17
836 -43
837 -17
838 -27
839 -36
840 -50
841 -16
842 -43
843 -16
844 -17
845 -16
846 -17
847 -36
848 -51
849 -16
850 -17
851 -55
852 -36
853 -17
854 -16
855 -16
856 -27
857 -51
858 -17
859 -16
860 -27
861 -16
862 -51
863 -50
864 -25
865 -18
866 -16
867 -51
868 -36
869 -16
870 -17
871 -51
872 -27
873 -16
874 -55
875 -27
876 -17
877 -43
878 -27
879 -43
880 -16
881 -27
882 -51
883 -16
884 -55
885 -23
886 -27
887 -16
888 -16
889 -55
890 -27
891 -43
892 -17
893 -16
894 -55
895 -16
896 -27
897 -36
898 -50
899 -24
900 -50
901 -16
902 -50
903 -16
904 -55
905 -50
906 -27
907 -16
908 -87
909 -50
910 -51
911 -44
912 -24
913 -16
914 -36
915 -36
916 -16
917 -83
918 -16
919 -24
920 -17
921 -43
922 -16
923 -16
924 -55
925 -55
926 -27
927 -17
928 -16
929 -16
930 -24
931 -17
932 -26
933 -36
934 -51
935 -36
936 -27
937 -16
938 -36
939 -24
940 -50
941 -16
942 -16
943 -16
944 -17
945 -43
946 -16
947 -36
948 -16
949 -50
950 -50
951 -24
952 -17
953 -17
954 -50
955 -22
956 -36
957 -16
958 -50
959 -50
960 -18
961 -55
962 -17
963 -36
964 -36
965 -55
966 -24
967 -55
968 -55
969 -16
970 -43
971 -16
972 -50
973 -43
974 -16
975 -24
976 -36
977 -29
978 -18
979 -16
980 -17
981 -51
982 -27
983 -16
984 -51
985 -16
986 -17
987 -27
988 -27
989 -41
990 -17
991 -36
992 -51
993 -51
994 -43
995 -55
996 -16
997 -43
998 -36
999 -24
