0 -25
1 -25
2 -16
3 -55
4 -38
5 -41
6 -16
7 -17
8 -55
9 -66
10 -16
11 -25
12 -16
13 -16
14 -50
15 -34
16 -50
17 -66
18 -16
19 -25
20 -25
21 -24
22 -34
23 -34
24 -16
25 -55
26 -40
27 -16
28 -50
29 -16
30 -55
31 -41
32 -55
33 -16
34 -25
35 -55
36 -55
37 -17
38 -34
39 -34
40 -16
41 -55
42 -41
43 -16
44 -34
45 -16
46 -41
47 -25
48 -25
49 -41
50 -55
51 -20
52 -16
53 -55
54 -50
55 -41
56 -16
57 -16
58 -34
59 -16
60 -16
61 -34
62 -16
63 -41
64 -16
65 -54
66 -54
67 -16
68 -55
69 -17
70 -50
71 -55
72 -16
73 -16
74 -16
75 -16
76 -17
77 -25
78 -16
79 -16
80 -55
81 -55
82 -16
83 -17
84 -16
85 -16
86 -34
87 -41
88 -25
89 -16
90 -25
91 -34
92 -34
93 -50
94 -17
95 -34
96 -16
97 -55
98 -16
99 -41
100 -16
101 -16
102 -16
103 -50
104 -41
105 -16
106 -16
107 -16
108 -50
109 -16
110 -71
111 -16
112 -16
113 -41
114 -25
115 -16
116 -16
117 -34
118 -38
119 -41
120 -55
121 -34
122 -34
123 -25
124 -25
125 -34
126 -17
127 -34
128 -34
129 -41
130 -16
131 -16
132 -16
133 -50
134 -17
135 -34
136 -55
137 -16
138 -16
139 -16
140 -34
141 -33
142 -41
143 -31
144 -41
145 -55
146 -34
147 -17
148 -16
149 -17
150 -50
151 -28
152 -17
153 -50
154 -50
155 -16
156 -34
157 -66
158 -34
159 -50
160 -46
161 -17
162 -17
163 -17
164 -41
165 -16
166 -55
167 -17
168 -41
169 -34
170 -34
171 -25
172 -37
173 -16
174 -25
175 -16
176 -16
177 -16
178 -17
179 -34
180 -34
181 -34
182 -16
183 -12
184 -17
185 -34
186 -16
187 -16
188 -50
189 -41
190 -35
191 -16
192 -22
193 -16
194 -65
195 -16
196 -17
197 -16
198 -16
199 -16
200 -34
201 -25
202 -17
203 -16
204 -16
205 -16
206 -25
207 -25
208 -50
209 -16
210 -34
211 -16
212 -55
213 -16
214 -17
215 -25
216 -17
217 -34
218 -16
219 -16
220 -52
221 -16
222 -35
223 -25
224 -16
225 -50
226 -16
227 -16
228 -25
229 -34
230 -21
231 -16
232 -16
233 -16
234 -56
235 -20
236 -16
237 -17
238 -41
239 -57
240 -62
241 -34
242 -50
243 -65
244 -16
245 -16
246 -41
247 -55
248 -16
249 -55
250 -50
251 -36
252 -16
253 -34
254 -16
255 -25
256 -16
257 -50
258 -16
259 -25
260 -50
261 -25
262 -25
263 -16
264 -34
265 -16
266 -16
267 -50
268 -41
269 -24
270 -34
271 -17
272 -55
273 -16
274 -16
275 -23
276 -55
277 -41
278 -82
279 -25
280 -47
281 -41
282 -34
283 -16
284 -50
285 -32
286 -16
287 -16
288 -27
289 -25
290 -16
291 -16
292 -34
293 -17
294 -16
295 -55
296 -16
297 -50
298 -22
299 -16
300 -34
301 -55
302 -50
303 -16
304 -16
305 -34
306 -55
307 -16
308 -25
309 -41
310 -16
311 -16
312 -34
313 -34
314 -16
315 -41
316 -16
317 -16
318 -55
319 -55
320 -16
321 -55
322 -16
323 -16
324 -16
325 -50
326 -34
327 -50
328 -55
329 -50
330 -36
331 -50
332 -34
333 -41
334 -16
335 -25
336 -16
337 -16
338 -16
339 -50
340 -50
341 -18
342 -34
343 -16
344 -16
345 -25
346 -16
347 -41
348 -25
349 -25
350 -55
351 -34
352 -55
353 -25
354 -34
355 -16
356 -16
357 -17
358 -30
359 -17
360 -16
361 -50
362 -41
363 -16
364 -16
365 -16
366 -25
367 -55
368 -16
369 -16
370 -16
371 -18
372 -16
373 -17
374 -41
375 -34
376 -55
377 -17
378 -16
379 -25
380 -16
381 -34
382 -41
383 -16
384 -55
385 -38
386 -16
387 -34
388 -55
389 -55
390 -16
391 -34
392 -55
393 -25
394 -16
395 -16
396 -25
397 -25
398 -17
399 -41
400 -34
401 -34
402 -55
403 -25
404 -16
405 -25
406 -50
407 -55
408 -34
409 -41
410 -34
411 -25
412 -16
413 -16
414 -25
415 -16
416 -16
417 -20
418 -55
419 -66
420 -34
421 -16
422 -51
423 -16
424 -25
425 -55
426 -50
427 -34
428 -16
429 -17
430 -16
431 -34
432 -55
433 -55
434 -59
435 -16
436 -55
437 -16
438 -41
439 -55
440 -55
441 -17
442 -17
443 -16
444 -16
445 -55
446 -16
447 -25
448 -34
449 -50
450 -41
451 -16
452 -34
453 -16
454 -16
455 -16
456 -34
457 -34
458 -16
459 -25
460 -34
461 -16
462 -17
463 -17
464 -16
465 -18
466 -55
467 -16
468 -34
469 -17
470 -17
471 -34
472 -16
473 -25
474 -25
475 -19
476 -25
477 -16
478 -34
479 -41
480 -16
481 -25
482 -34
483 -21
484 -16
485 -25
486 -16
487 -25
488 -22
489 -25
490 -34
491 -34
492 -41
493 -25
494 -41
495 -25
496 -41
497 -25
498 -34
499 -25
500 -55
501 -16
502 -41
503 -16
504 -16
505 -34
506 -17
507 -16
508 -16
509 -32
510 -55
511 -55
512 -16
513 -16
514 -16
515 -16
516 -17
517 -34
518 -17
519 -16
520 -17
521 -16
522 -34
523 -17
524 -50
525 -25
526 -16
527 -16
528 -16
529 -16
530 -16
531 -16
532 -41
533 -50
534 -16
535 -41
536 -29
537 -16
538 -50
539 -16
540 -16
541 -16
542 -25
543 -18
544 -34
545 -50
546 -25
547 -25
548 -50
549 -50
550 -16
551 -50
552 -16
553 -25
554 -25
555 -34
556 -41
557 -16
558 -16
559 -55
560 -16
561 -17
562 -16
563 -16
564 -17
565 -20
566 -17
567 -50
568 -34
569 -41
570 -16
571 -16
572 -16
573 -34
574 -17
575 -16
576 -17
577 -16
578 -17
579 -16
580 -41
581 -34
582 -34
583 -34
584 -50
585 -16
586 -25
587 -41
588 -34
589 -50
590 -16
591 -26
592 -41
593 -16
594 -25
595 -16
596 -16
597 -50
598 -55
599 -46
600 -50
601 -16
602 -16
603 -92
604 -41
605 -55
606 -50
607 -16
608 -34
609 -41
610 -34
611 -41
612 -16
613 -16
614 -16
615 -50
616 -55
617 -25
618 -14
619 -16
620 -55
621 -16
622 -55
623 -41
624 -41
625 -16
626 -34
627 -55
628 -49
629 -41
630 -50
631 -16
632 -16
633 -71
634 -50
635 -16
636 -50
637 -16
638 -50
639 -16
640 -16
641 -16
642 -17
643 -16
644 -17
645 -50
646 -41
647 -55
648 -41
649 -34
650 -16
651 -16
652 -34
653 -55
654 -16
655 -34
656 -34
657 -35
658 -16
659 -16
660 -16
661 -50
662 -17
663 -55
664 -55
665 -55
666 -16
667 -34
668 -16
669 -17
670 -25
671 -25
672 -16
673 -50
674 -34
675 -60
676 -34
677 -25
678 -16
679 -34
680 -34
681 -34
682 -16
683 -17
684 -16
685 -42
686 -55
687 -16
688 -41
689 -34
690 -16
691 -16
692 -16
693 -25
694 -16
695 -34
696 -17
697 -34
698 -17
699 -17
700 -25
701 -41
702 -55
703 -16
704 -16
705 -54
706 -34
707 -16
708 -16
709 -16
710 -16
711 -16
712 -16
713 -41
714 -16
715 -82
716 -50
717 -16
718 -55
719 -54
720 -26
721 -16
722 -16
723 -55
724 -15
725 -34
726 -17
727 -17
728 -16
729 -34
730 -16
731 -34
732 -17
733 -16
734 -25
735 -16
736 -16
737 -16
738 -17
739 -17
740 -41
741 -16
742 -25
743 -55
744 -52
745 -41
746 -17
747 -25
748 -23
749 -55
750 -52
751 -50
752 -16
753 -16
754 -16
755 -25
756 -16
757 -16
758 -50
759 -16
760 -16
761 -34
762 -41
763 -50
764 -50
765 -55
766 -17
767 -41
768 -34
769 -16
770 -16
771 -16
772 -16
773 -17
774 -34
775 -16
776 -59
777 -25
778 -16
779 -23
780 -34
781 -34
782 -17
783 -16
784 -16
785 -20
786 -34
787 -55
788 -63
789 -16
790 -16
791 -16
792 -16
793 -16
794 -25
795 -50
796 -16
797 -34
798 -16
799 -50
800 -16
801 -50
802 -41
803 -55
804 -16
805 -50
806 -22
807 -16
808 -16
809 -22
810 -41
811 -16
812 -16
813 -16
814 -34
815 -20
816 -50
817 -34
818 -54
819 -17
820 -34
821 -29
822 -16
823 -34
824 -16
825 -16
826 -16
827 -16
828 -50
829 -16
830 -21
831 -41
832 -16
833 -21
834 -34
835 -34
836 -16
837 -34
838 -34
839 -41
840 -34
841 -50
842 -25
843 -18
844 -41
845 -61
846 -25
847 -25
848 -34
849 -25
850 -16
851 -34
852 -47
853 -55
854 -16
855 -16
856 -16
857 -16
858 -17
859 -25
860 -16
861 -50
862 -25
863 -17
864 -16
865 -55
866 -16
867 -16
868 -34
869 -34
870 -41
871 -34
872 -17
873 -34
874 -16
875 -55
876 -16
877 -50
878 -34
879 -16
880 -16
881 -25
882 -55
883 -16
884 -50
885 -16
886 -50
887 -63
888 -17
889 -34
890 -50
891 -16
892 -16
893 -34
894 -16
895 -25
896 -55
897 -34
898 -16
899 -17
900 -50
901 -25
902 -16
903 -16
904 -16
905 -16
906 -16
907 -16
908 -34
909 -34
910 -34
911 -41
912 -16
913 -16
914 -34
915 -41
916 -25
917 -16
918 -55
919 -41
920 -41
921 -17
922 -50
923 -50
924 -25
925 -25
926 -34
927 -16
928 -16
929 -41
930 -16
931 -25
932 -34
933 -16
934 -25
935 -34
936 -17
937 -16
938 -20
939 -55
940 -64
941 -34
942 -41
943 -25
944 -16
945 -16
946 -41
947 -16
948 -16
949 -50
950 -50
951 -16
952 -50
953 -25
954 -16
955 -17
956 -16
957 -51
958 -41
959 -16
960 -16
961 -16
962 -16
963 -41
964 -34
965 -50
966 -25
967 -16
968 -17
969 -41
970 -34
971 -34
972 -34
973 -41
974 -55
975 -34
976 -16
977 -50
978 -16
979 -50
980 -16
981 -55
982 -17
983 -16
984 -25
985 -16
986 -55
987 -16
988 -41
989 -16
990 -25
991 -50
992 -16
993 -48
994 -16
995 -41
996 -55
997 -50
998 -16
999 -16
