0 -27
1 -24
2 -27
3 -50
4 -55
5 -32
6 -15
7 -16
8 -16
9 -24
10 -15
11 -33
12 -16
13 -55
14 -55
15 -27
16 -55
17 -16
18 -24
19 -16
20 -55
21 -24
22 -50
23 -33
24 -27
25 -24
26 -55
27 -54
28 -52
29 -32
30 -16
31 -41
32 -17
33 -33
34 -17
35 -16
36 -50
37 -17
38 -50
39 -17
40 -16
41 -16
42 -16
43 -32
44 -27
45 -15
46 -32
47 -16
48 -16
49 -16
50 -55
51 -15
52 -16
53 -16
54 -27
55 -24
56 -17
57 -16
58 -16
59 -15
60 -27
61 -16
62 -23
63 -15
64 -17
65 -16
66 -27
67 -32
68 -17
69 -27
70 -55
71 -20
72 -33
73 -16
74 -32
75 -44
76 -25
77 -41
78 -32
79 -16
80 -24
81 -55
82 -16
83 -55
84 -39
85 -24
86 -32
87 -24
88 -16
89 -16
90 -15
91 -27
92 -23
93 -16
94 -16
95 -16
96 -16
97 -16
98 -16
99 -17
100 -27
101 -55
102 -50
103 -33
104 -50
105 -33
106 -33
107 -17
108 -15
109 -16
110 -32
111 -51
112 -17
113 -15
114 -24
115 -24
116 -16
117 -33
118 -16
119 -16
120 -50
121 -55
122 -24
123 -27
124 -15
125 -50
126 -27
127 -33
128 -23
129 -24
130 -32
131 -50
132 -15
133 -16
134 -16
135 -16
136 -16
137 -16
138 -15
139 -50
140 -17
141 -16
142 -24
143 -16
144 -30
145 -16
146 -55
147 -21
148 -50
149 -24
150 -16
151 -16
152 -15
153 -24
154 -55
155 -50
156 -16
157 -50
158 -32
159 -16
160 -55
161 -19
162 -16
163 -16
164 -28
165 -32
166 -16
167 -50
168 -16
169 -33
170 -24
171 -16
172 -32
173 -16
174 -33
175 -27
176 -15
177 -17
178 -32
179 -50
180 -27
181 -33
182 -24
183 -55
184 -50
185 -15
186 -16
187 -16
188 -15
189 -32
190 -27
191 -17
192 -17
193 -16
194 -33
195 -25
196 -16
197 -55
198 -16
199 -16
200 -33
201 -17
202 -24
203 -16
204 -82
205 -16
206 -17
207 -16
208 -50
209 -42
210 -32
211 -15
212 -17
213 -55
214 -50
215 -59
216 -55
217 -16
218 -16
219 -16
220 -16
221 -16
222 -17
223 -16
224 -16
225 -15
226 -32
227 -24
228 -15
229 -32
230 -16
231 -16
232 -32
233 -32
234 -28
235 -55
236 -52
237 -16
238 -17
239 -16
240 -55
241 -32
242 -16
243 -24
244 -15
245 -15
246 -27
247 -33
248 -16
249 -33
250 -20
251 -16
252 -16
253 -33
254 -55
255 -24
256 -16
257 -32
258 -16
259 -15
260 -27
261 -16
262 -16
263 -16
264 -16
265 -55
266 -16
267 -33
268 -16
269 -33
270 -16
271 -24
272 -27
273 -37
274 -32
275 -38
276 -16
277 -33
278 -17
279 -32
280 -24
281 -16
282 -55
283 -16
284 -16
285 -15
286 -16
287 -16
288 -33
289 -32
290 -50
291 -33
292 -16
293 -16
294 -50
295 -22
296 -50
297 -50
298 -15
299 -16
300 -24
301 -55
302 -24
303 -15
304 -17
305 -33
306 -33
307 -55
308 -16
309 -55
310 -16
311 -16
312 -15
313 -33
314 -33
315 -17
316 -17
317 -32
318 -27
319 -32
320 -15
321 -55
322 -33
323 -16
324 -20
325 -16
326 -16
327 -16
328 -50
329 -17
330 -16
331 -27
332 -16
333 -16
334 -33
335 -15
336 -16
337 -16
338 -16
339 -17
340 -33
341 -27
342 -55
343 -39
344 -24
345 -16
346 -17
347 -16
348 -16
349 -24
350 -27
351 -13
352 -52
353 -15
354 -50
355 -27
356 -55
357 -27
358 -17
359 -50
360 -32
361 -33
362 -32
363 -33
364 -16
365 -16
366 -16
367 -16
368 -16
369 -32
370 -55
371 -32
372 -16
373 -50
374 -55
375 -17
376 -24
377 -55
378 -15
379 -15
380 -16
381 -54
382 -15
383 -45
384 -16
385 -55
386 -55
387 -50
388 -16
389 -25
390 -17
391 -16
392 -16
393 -55
394 -27
395 -55
396 -16
397 -55
398 -15
399 -24
400 -15
401 -33
402 -32
403 -27
404 -32
405 -32
406 -24
407 -27
408 -24
409 -32
410 -32
411 -32
412 -16
413 -16
414 -24
415 -16
416 -32
417 -55
418 -27
419 -55
420 -32
421 -33
422 -27
423 -17
424 -15
425 -16
426 -15
427 -16
428 -17
429 -17
430 -24
431 -15
432 -24
433 -55
434 -50
435 -15
436 -27
437 -17
438 -17
439 -55
440 -16
441 -17
442 -24
443 -17
444 -16
445 -24
446 -33
447 -15
448 -27
449 -17
450 -52
451 -33
452 -55
453 -16
454 -32
455 -16
456 -16
457 -16
458 -17
459 -16
460 -50
461 -16
462 -16
463 -33
464 -32
465 -24
466 -15
467 -15
468 -16
469 -27
470 -16
471 -27
472 -17
473 -33
474 -16
475 -24
476 -24
477 -15
478 -32
479 -17
480 -17
481 -17
482 -16
483 -33
484 -27
485 -24
486 -55
487 -32
488 -27
489 -27
490 -21
491 -16
492 -17
493 -15
494 -50
495 -17
496 -42
497 -55
498 -24
499 -16
500 -17
501 -50
502 -32
503 -27
504 -50
505 -16
506 -17
507 -26
508 -24
509 -32
510 -17
511 -16
512 -15
513 -55
514 -16
515 -24
516 -16
517 -16
518 -25
519 -16
520 -50
521 -15
522 -50
523 -55
524 -16
525 -50
526 -16
527 -27
528 -32
529 -16
530 -55
531 -67
532 -24
533 -16
534 -33
535 -16
536 -32
537 -21
538 -27
539 -18
540 -24
541 -58
542 -42
543 -24
544 -16
545 -16
546 -55
547 -16
548 -55
549 -27
550 -32
551 -24
552 -32
553 -15
554 -15
555 -50
556 -16
557 -33
558 -16
559 -42
560 -16
561 -24
562 -23
563 -24
564 -15
565 -24
566 -16
567 -33
568 -33
569 -27
570 -16
571 -24
572 -27
573 -50
574 -27
575 -27
576 -27
577 -58
578 -16
579 -50
580 -27
581 -50
582 -24
583 -32
584 -32
585 -16
586 -36
587 -17
588 -50
589 -17
590 -15
591 -33
592 -15
593 -15
594 -32
595 -33
596 -33
597 -55
598 -27
599 -25
600 -27
601 -24
602 -16
603 -27
604 -50
605 -33
606 -16
607 -17
608 -27
609 -16
610 -24
611 -17
612 -15
613 -33
614 -16
615 -50
616 -32
617 -16
618 -17
619 -50
620 -33
621 -40
622 -16
623 -33
624 -21
625 -37
626 -50
627 -33
628 -50
629 -16
630 -27
631 -17
632 -24
633 -33
634 -16
635 -15
636 -16
637 -40
638 -42
639 -50
640 -17
641 -55
642 -55
643 -16
644 -27
645 -24
646 -23
647 -27
648 -55
649 -29
650 -16
651 -20
652 -24
653 -55
654 -55
655 -43
656 -17
657 -16
658 -17
659 -21
660 -27
661 -32
662 -16
663 -43
664 -16
665 -17
666 -15
667 -16
668 -16
669 -15
670 -50
671 -15
672 -33
673 -27
674 -17
675 -15
676 -27
677 -55
678 -16
679 -54
680 -32
681 -16
682 -17
683 -24
684 -50
685 -17
686 -15
687 -15
688 -16
689 -55
690 -17
691 -24
692 -27
693 -59
694 -16
695 -15
696 -55
697 -16
698 -15
699 -55
700 -55
701 -16
702 -17
703 -50
704 -16
705 -33
706 -33
707 -16
708 -27
709 -32
710 -16
711 -27
712 -32
713 -50
714 -24
715 -33
716 -16
717 -27
718 -33
719 -50
720 -24
721 -50
722 -33
723 -24
724 -32
725 -17
726 -17
727 -16
728 -55
729 -17
730 -27
731 -33
732 -55
733 -16
734 -32
735 -27
736 -16
737 -24
738 -16
739 -16
740 -32
741 -50
742 -55
743 -31
744 -50
745 -15
746 -27
747 -18
748 -17
749 -33
750 -27
751 -64
752 -17
753 -27
754 -50
755 -50
756 -16
757 -16
758 -16
759 -15
760 -16
761 -50
762 -16
763 -16
764 -55
765 -33
766 -55
767 -55
768 -33
769 -51
770 -55
771 -16
772 -24
773 -21
774 -27
775 -50
776 -24
777 -55
778 -17
779 -32
780 -16
781 -31
782 -82
783 -16
784 -16
785 -32
786 -40
787 -32
788 -27
789 -24
790 -17
791 -50
792 -17
793 -16
794 -24
795 -15
796 -16
797 -55
798 -33
799 -16
800 -16
801 -17
802 -32
803 -55
804 -16
805 -55
806 -24
807 -16
808 -50
809 -32
810 -16
811 -32
812 -27
813 -15
814 -32
815 -16
816 -17
817 -27
818 -55
819 -55
820 -24
821 -16
822 -17
823 -16
824 -24
825 -60
826 -32
827 -32
828 -16
829 -50
830 -24
831 -17
832 -32
833 -24
834 -55
835 -16
836 -50
837 -16
838 -16
839 -20
840 -32
841 -32
842 -55
843 -15
844 -16
845 -72
846 -50
847 -55
848 -27
849 -50
850 -24
851 -17
852 -32
853 -36
854 -55
855 -50
856 -33
857 -32
858 -33
859 -55
860 -16
861 -16
862 -33
863 -16
864 -15
865 -33
866 -50
867 -16
868 -17
869 -50
870 -55
871 -16
872 -32
873 -33
874 -16
875 -55
876 -55
877 -55
878 -50
879 -28
880 -16
881 -50
882 -27
883 -16
884 -15
885 -16
886 -24
887 -27
888 -24
889 -33
890 -82
891 -55
892 -16
893 -33
894 -50
895 -27
896 -15
897 -55
898 -24
899 -16
900 -50
901 -55
902 -15
903 -16
904 -33
905 -17
906 -56
907 -24
908 -27
909 -50
910 -18
911 -24
912 -16
913 -55
914 -37
915 -16
916 -16
917 -16
918 -16
919 -20
920 -17
921 -55
922 -50
923 -33
924 -20
925 -33
926 -27
927 -16
928 -16
929 -15
930 -24
931 -16
932 -16
933 -33
934 -50
935 -33
936 -16
937 -24
938 -24
939 -16
940 -16
941 -15
942 -16
943 -15
944 -16
945 -27
946 -16
947 -16
948 -55
949 -15
950 -15
951 -17
952 -16
953 -32
954 -16
955 -16
956 -50
957 -55
958 -16
959 -17
960 -24
961 -16
962 -16
963 -16
964 -32
965 -16
966 -28
967 -24
968 -24
969 -22
970 -24
971 -27
972 -55
973 -16
974 -32
975 -16
976 -17
977 -27
978 -24
979 -16
980 -27
981 -33
982 -33
983 -55
984 -32
985 -16
986 -16
987 -64
988 -32
989 -50
990 -16
991 -15
992 -55
993 -50
994 -50
995 -16
996 -50
997 -17
998 -32
999 -24
