0 -27
1 -24
2 -50
3 -17
4 -50
5 -27
6 -33
7 -41
8 -16
9 -55
10 -24
11 -16
12 -16
13 -17
14 -41
15 -27
16 -55
17 -27
18 -16
19 -50
20 -33
21 -17
22 -55
23 -33
24 -16
25 -24
26 -27
27 -16
28 -50
29 -55
30 -26
31 -17
32 -50
33 -16
34 -17
35 -41
36 -27
37 -50
38 -33
39 -16
40 -16
41 -24
42 -17
43 -55
44 -16
45 -17
46 -17
47 -16
48 -24
49 -33
50 -16
51 -67
52 -15
53 -17
54 -24
55 -24
56 -55
57 -33
58 -16
59 -24
60 -16
61 -50
62 -50
63 -55
64 -17
65 -55
66 -55
67 -27
68 -33
69 -55
70 -24
71 -50
72 -16
73 -24
74 -50
75 -33
76 -15
77 -33
78 -41
79 -16
80 -50
81 -15
82 -40
83 -27
84 -15
85 -16
86 -15
87 -16
88 -41
89 -35
90 -16
91 -16
92 -16
93 -16
94 -15
95 -50
96 -33
97 -16
98 -16
99 -50
100 -55
101 -16
102 -41
103 -51
104 -27
105 -24
106 -16
107 -16
108 -33
109 -41
110 -24
111 -55
112 -16
113 -41
114 -41
115 -16
116 -55
117 -16
118 -16
119 -55
120 -16
121 -16
122 -16
123 -71
124 -33
125 -15
126 -33
127 -33
128 -50
129 -24
130 -16
131 -17
132 -17
133 -41
134 -16
135 -17
136 -24
137 -15
138 -16
139 -41
140 -18
141 -16
142 -16
143 -27
144 -17
145 -17
146 -16
147 -16
148 -27
149 -55
150 -17
151 -17
152 -16
153 -16
154 -16
155 -41
156 -16
157 -27
158 -16
159 -16
160 -50
161 -17
162 -16
163 -16
164 -27
165 -17
166 -51
167 -41
168 -16
169 -40
170 -16
171 -15
172 -50
173 -55
174 -41
175 -15
176 -50
177 -16
178 -16
179 -16
180 -27
181 -33
182 -16
183 -24
184 -15
185 -24
186 -27
187 -44
188 -55
189 -50
190 -16
191 -16
192 -16
193 -41
194 -16
195 -24
196 -27
197 -16
198 -41
199 -15
200 -41
201 -16
202 -41
203 -17
204 -33
205 -15
206 -24
207 -16
208 -16
209 -15
210 -27
211 -22
212 -16
213 -55
214 -24
215 -33
216 -60
217 -16
218 -72
219 -16
220 -16
221 -24
222 -27
223 -16
224 -41
225 -16
226 -24
227 -27
228 -33
229 -16
230 -44
231 -16
232 -29
233 -55
234 -27
235 -55
236 -16
237 -33
238 -16
239 -16
240 -16
241 -55
242 -33
243 -16
244 -87
245 -16
246 -16
247 -16
248 -27
249 -27
250 -15
251 -17
252 -55
253 -50
254 -16
255 -28
256 -33
257 -16
258 -55
259 -58
260 -27
261 -16
262 -50
263 -27
264 -15
265 -27
266 -16
267 -15
268 -64
269 -24
270 -27
271 -24
272 -15
273 -41
274 -50
275 -15
276 -17
277 -16
278 -24
279 -60
280 -48
281 -16
282 -15
283 -24
284 -27
285 -33
286 -24
287 -16
288 -55
289 -55
290 -50
291 -16
292 -27
293 -16
294 -33
295 -15
296 -37
297 -17
298 -15
299 -13
300 -41
301 -55
302 -17
303 -16
304 -24
305 -16
306 -55
307 -41
308 -27
309 -33
310 -55
311 -24
312 -17
313 -24
314 -24
315 -33
316 -33
317 -27
318 -16
319 -24
320 -15
321 -16
322 -15
323 -41
324 -50
325 -16
326 -27
327 -16
328 -16
329 -27
330 -15
331 -16
332 -15
333 -24
334 -50
335 -24
336 -46
337 -16
338 -16
339 -24
340 -16
341 -15
342 -59
343 -27
344 -33
345 -50
346 -38
347 -17
348 -48
349 -55
350 -18
351 -27
352 -50
353 -27
354 -17
355 -50
356 -41
357 -16
358 -16
359 -17
360 -24
361 -50
362 -33
363 -15
364 -70
365 -55
366 -50
367 -16
368 -55
369 -15
370 -50
371 -50
372 -24
373 -27
374 -15
375 -33
376 -33
377 -15
378 -16
379 -50
380 -16
381 -55
382 -16
383 -17
384 -16
385 -16
386 -17
387 -42
388 -16
389 -17
390 -50
391 -24
392 -50
393 -15
394 -17
395 -55
396 -17
397 -41
398 -33
399 -17
400 -41
401 -33
402 -16
403 -55
404 -16
405 -16
406 -16
407 -50
408 -41
409 -24
410 -50
411 -16
412 -16
413 -61
414 -33
415 -50
416 -15
417 -41
418 -16
419 -16
420 -24
421 -41
422 -16
423 -65
424 -16
425 -33
426 -15
427 -33
428 -41
429 -55
430 -17
431 -33
432 -24
433 -41
434 -55
435 -16
436 -50
437 -55
438 -29
439 -17
440 -16
441 -50
442 -41
443 -27
444 -16
445 -41
446 -27
447 -41
448 -27
449 -27
450 -16
451 -58
452 -27
453 -16
454 -77
455 -38
456 -50
457 -16
458 -27
459 -16
460 -24
461 -16
462 -24
463 -15
464 -17
465 -55
466 -55
467 -55
468 -15
469 -52
470 -55
471 -16
472 -16
473 -24
474 -55
475 -16
476 -16
477 -15
478 -50
479 -17
480 -50
481 -55
482 -55
483 -33
484 -16
485 -16
486 -55
487 -16
488 -55
489 -60
490 -17
491 -24
492 -41
493 -16
494 -59
495 -24
496 -55
497 -16
498 -15
499 -16
500 -24
501 -15
502 -15
503 -24
504 -16
505 -17
506 -15
507 -16
508 -16
509 -33
510 -16
511 -33
512 -24
513 -16
514 -55
515 -17
516 -17
517 -50
518 -16
519 -24
520 -27
521 -16
522 -41
523 -33
524 -48
525 -50
526 -16
527 -17
528 -41
529 -41
530 -16
531 -16
532 -17
533 -15
534 -23
535 -42
536 -50
537 -33
538 -24
539 -17
540 -41
541 -27
542 -41
543 -50
544 -27
545 -27
546 -41
547 -55
548 -16
549 -70
550 -16
551 -16
552 -16
553 -16
554 -16
555 -44
556 -55
557 -27
558 -16
559 -16
560 -18
561 -50
562 -15
563 -16
564 -55
565 -33
566 -27
567 -50
568 -16
569 -16
570 -27
571 -55
572 -16
573 -27
574 -16
575 -16
576 -15
577 -16
578 -68
579 -15
580 -24
581 -16
582 -17
583 -41
584 -27
585 -41
586 -17
587 -17
588 -43
589 -17
590 -15
591 -24
592 -55
593 -24
594 -33
595 -31
596 -24
597 -16
598 -55
599 -16
600 -16
601 -33
602 -24
603 -15
604 -20
605 -16
606 -50
607 -27
608 -24
609 -41
610 -16
611 -50
612 -24
613 -17
614 -55
615 -16
616 -27
617 -41
618 -33
619 -20
620 -33
621 -16
622 -49
623 -16
624 -33
625 -17
626 -41
627 -50
628 -50
629 -17
630 -15
631 -15
632 -27
633 -33
634 -50
635 -16
636 -17
637 -50
638 -30
639 -17
640 -16
641 -54
642 -15
643 -27
644 -33
645 -17
646 -24
647 -16
648 -50
649 -24
650 -16
651 -55
652 -41
653 -15
654 -33
655 -59
656 -16
657 -17
658 -33
659 -15
660 -17
661 -17
662 -17
663 -50
664 -17
665 -27
666 -24
667 -16
668 -15
669 -29
670 -33
671 -16
672 -27
673 -41
674 -16
675 -16
676 -21
677 -27
678 -50
679 -16
680 -24
681 -24
682 -41
683 -24
684 -27
685 -16
686 -15
687 -24
688 -55
689 -55
690 -15
691 -33
692 -50
693 -16
694 -41
695 -41
696 -16
697 -50
698 -17
699 -24
700 -24
701 -16
702 -16
703 -24
704 -50
705 -41
706 -17
707 -27
708 -27
709 -41
710 -55
711 -16
712 -50
713 -27
714 -16
715 -17
716 -55
717 -17
718 -47
719 -55
720 -55
721 -33
722 -25
723 -41
724 -21
725 -16
726 -50
727 -20
728 -27
729 -50
730 -50
731 -41
732 -16
733 -55
734 -55
735 -17
736 -27
737 -15
738 -24
739 -39
740 -15
741 -27
742 -16
743 -50
744 -41
745 -17
746 -17
747 -24
748 -55
749 -16
750 -50
751 -16
752 -24
753 -59
754 -55
755 -16
756 -37
757 -41
758 -41
759 -55
760 -16
761 -15
762 -17
763 -33
764 -31
765 -24
766 -24
767 -16
768 -16
769 -16
770 -16
771 -16
772 -33
773 -33
774 -41
775 -16
776 -24
777 -16
778 -50
779 -44
780 -16
781 -16
782 -16
783 -27
784 -82
785 -15
786 -15
787 -16
788 -41
789 -27
790 -16
791 -16
792 -27
793 -17
794 -17
795 -16
796 -41
797 -16
798 -15
799 -35
800 -55
801 -55
802 -27
803 -55
804 -41
805 -27
806 -41
807 -50
808 -24
809 -55
810 -17
811 -16
812 -50
813 -16
814 -27
815 -24
816 -17
817 -19
818 -16
819 -41
820 -17
821 -16
822 -24
823 -41
824 -27
825 -27
826 -16
827 -16
828 -24
829 -33
830 -43
831 -16
832 -24
833 -15
834 -18
835 -27
836 -27
837 -16
838 -16
839 -35
840 -34
841 -33
842 -33
843 -55
844 -23
845 -16
846 -16
847 -16
848 -41
849 -33
850 -18
851 -15
852 -24
853 -16
854 -41
855 -33
856 -50
857 -60
858 -16
859 -16
860 -41
861 -33
862 -59
863 -41
864 -16
865 -33
866 -33
867 -16
868 -16
869 -27
870 -16
871 -56
872 -27
873 -17
874 -33
875 -27
876 -15
877 -16
878 -41
879 -50
880 -25
881 -44
882 -27
883 -33
884 -55
885 -27
886 -16
887 -33
888 -16
889 -33
890 -50
891 -16
892 -41
893 -16
894 -55
895 -87
896 -33
897 -24
898 -27
899 -41
900 -41
901 -50
902 -24
903 -50
904 -47
905 -55
906 -24
907 -15
908 -41
909 -27
910 -33
911 -59
912 -24
913 -15
914 -24
915 -33
916 -33
917 -16
918 -41
919 -17
920 -33
921 -24
922 -27
923 -15
924 -41
925 -41
926 -16
927 -16
928 -34
929 -16
930 -17
931 -16
932 -16
933 -55
934 -55
935 -27
936 -17
937 -27
938 -27
939 -27
940 -24
941 -16
942 -41
943 -16
944 -16
945 -16
946 -50
947 -33
948 -15
949 -15
950 -24
951 -41
952 -17
953 -41
954 -16
955 -16
956 -27
957 -27
958 -41
959 -33
960 -24
961 -24
962 -50
963 -27
964 -24
965 -24
966 -15
967 -33
968 -16
969 -24
970 -16
971 -50
972 -24
973 -16
974 -16
975 -16
976 -16
977 -16
978 -17
979 -16
980 -33
981 -59
982 -24
983 -27
984 -55
985 -41
986 -17
987 -16
988 -16
989 -24
990 -33
991 -55
992 -15
993 -27
994 -55
995 -24
996 -55
997 -16
998 -16
999 -16
