0 -16
1 -41
2 -24
3 -17
4 -33
5 -55
6 -31
7 -55
8 -33
9 -50
10 -55
11 -16
12 -57
13 -57
14 -17
15 -50
16 -16
17 -24
18 -17
19 -31
20 -57
21 -16
22 -63
23 -17
24 -33
25 -16
26 -33
27 -27
28 -55
29 -31
30 -16
31 -33
32 -16
33 -20
34 -57
35 -17
36 -31
37 -55
38 -31
39 -16
40 -33
41 -55
42 -24
43 -31
44 -33
45 -17
46 -16
47 -17
48 -24
49 -17
50 -16
51 -16
52 -16
53 -17
54 -57
55 -30
56 -31
57 -24
58 -16
59 -33
60 -17
61 -17
62 -27
63 -24
64 -16
65 -57
66 -16
67 -24
68 -33
69 -16
70 -50
71 -17
72 -27
73 -33
74 -33
75 -55
76 -16
77 -55
78 -16
79 -17
80 -31
81 -17
82 -55
83 -16
84 -27
85 -17
86 -16
87 -16
88 -16
89 -24
90 -17
91 -50
92 -55
93 -57
94 -33
95 -55
96 -16
97 -50
98 -50
99 -16
100 -16
101 -55
102 -16
103 -16
104 -16
105 -24
106 -24
107 -33
108 -31
109 -55
110 -24
111 -27
112 -31
113 -16
114 -16
115 -33
116 -16
117 -17
118 -17
119 -16
120 -55
121 -33
122 -24
123 -57
124 -31
125 -31
126 -17
127 -33
128 -16
129 -16
130 -24
131 -33
132 -27
133 -24
134 -44
135 -24
136 -24
137 -23
138 -55
139 -33
140 -33
141 -16
142 -50
143 -16
144 -55
145 -31
146 -16
147 -16
148 -33
149 -31
150 -16
151 -31
152 -57
153 -57
154 -16
155 -16
156 -24
157 -16
158 -27
159 -31
160 -31
161 -24
162 -31
163 -17
164 -55
165 -24
166 -57
167 -33
168 -17
169 -16
170 -31
171 -17
172 -19
173 -36
174 -57
175 -55
176 -16
177 -57
178 -31
179 -20
180 -55
181 -24
182 -16
183 -33
184 -55
185 -57
186 -50
187 -16
188 -55
189 -60
190 -16
191 -16
192 -48
193 -17
194 -31
195 -33
196 -16
197 -50
198 -16
199 -17
200 -16
201 -16
202 -17
203 -16
204 -17
205 -16
206 -27
207 -28
208 -48
209 -16
210 -16
211 -57
212 -24
213 -16
214 -57
215 -31
216 -16
217 -55
218 -24
219 -16
220 -24
221 -24
222 -27
223 -27
224 -16
225 -31
226 -33
227 -24
228 -17
229 -16
230 -55
231 -31
232 -31
233 -24
234 -16
235 -17
236 -16
237 -17
238 -17
239 -16
240 -50
241 -16
242 -17
243 -57
244 -16
245 -50
246 -33
247 -57
248 -21
249 -50
250 -31
251 -27
252 -16
253 -16
254 -16
255 -55
256 -50
257 -24
258 -33
259 -17
260 -31
261 -33
262 -17
263 -55
264 -17
265 -27
266 -50
267 -55
268 -31
269 -16
270 -24
271 -16
272 -16
273 -57
274 -16
275 -24
276 -24
277 -50
278 -16
279 -16
280 -16
281 -45
282 -33
283 -16
284 -16
285 -17
286 -50
287 -57
288 -16
289 -50
290 -17
291 -16
292 -17
293 -17
294 -57
295 -27
296 -16
297 -17
298 -33
299 -16
300 -57
301 -16
302 -16
303 -16
304 -62
305 -33
306 -31
307 -57
308 -24
309 -27
310 -61
311 -16
312 -27
313 -31
314 -16
315 -16
316 -51
317 -16
318 -16
319 -16
320 -16
321 -31
322 -16
323 -54
324 -41
325 -33
326 -57
327 -31
328 -39
329 -16
330 -16
331 -16
332 -31
333 -24
334 -27
335 -31
336 -31
337 -41
338 -17
339 -31
340 -55
341 -16
342 -27
343 -16
344 -27
345 -57
346 -33
347 -31
348 -27
349 -31
350 -16
351 -16
352 -55
353 -57
354 -33
355 -55
356 -31
357 -31
358 -17
359 -16
360 -17
361 -32
362 -31
363 -16
364 -55
365 -17
366 -17
367 -24
368 -27
369 -17
370 -16
371 -24
372 -55
373 -50
374 -50
375 -55
376 -16
377 -17
378 -50
379 -27
380 -57
381 -57
382 -57
383 -31
384 -33
385 -23
386 -31
387 -27
388 -50
389 -17
390 -16
391 -24
392 -16
393 -17
394 -27
395 -55
396 -17
397 -57
398 -48
399 -31
400 -27
401 -55
402 -55
403 -16
404 -27
405 -50
406 -27
407 -61
408 -24
409 -33
410 -16
411 -50
412 -27
413 -17
414 -50
415 -33
416 -27
417 -24
418 -33
419 -16
420 -55
421 -33
422 -24
423 -17
424 -31
425 -50
426 -50
427 -50
428 -50
429 -24
430 -24
431 -17
432 -50
433 -27
434 -50
435 -17
436 -31
437 -33
438 -17
439 -24
440 -57
441 -31
442 -16
443 -16
444 -57
445 -57
446 -55
447 -17
448 -24
449 -16
450 -50
451 -27
452 -16
453 -31
454 -50
455 -27
456 -79
457 -33
458 -24
459 -63
460 -24
461 -16
462 -23
463 -27
464 -33
465 -57
466 -27
467 -16
468 -16
469 -16
470 -16
471 -31
472 -24
473 -16
474 -16
475 -55
476 -16
477 -16
478 -31
479 -57
480 -16
481 -24
482 -55
483 -50
484 -57
485 -24
486 -33
487 -31
488 -33
489 -24
490 -16
491 -33
492 -33
493 -24
494 -16
495 -24
496 -16
497 -31
498 -33
499 -24
500 -57
501 -31
502 -55
503 -57
504 -57
505 -55
506 -55
507 -58
508 -51
509 -54
510 -16
511 -50
512 -31
513 -16
514 -24
515 -55
516 -27
517 -16
518 -33
519 -31
520 -31
521 -17
522 -16
523 -33
524 -16
525 -16
526 -50
527 -31
528 -42
529 -27
530 -25
531 -18
532 -31
533 -50
534 -17
535 -50
536 -17
537 -57
538 -17
539 -17
540 -16
541 -32
542 -76
543 -17
544 -24
545 -16
546 -16
547 -17
548 -57
549 -31
550 -50
551 -16
552 -16
553 -16
554 -16
555 -55
556 -50
557 -33
558 -50
559 -16
560 -50
561 -16
562 -33
563 -16
564 -18
565 -50
566 -31
567 -17
568 -16
569 -31
570 -33
571 -55
572 -55
573 -16
574 -22
575 -27
576 -51
577 -31
578 -24
579 -16
580 -57
581 -37
582 -16
583 -16
584 -16
585 -24
586 -17
587 -50
588 -16
589 -31
590 -54
591 -17
592 -17
593 -55
594 -16
595 -18
596 -50
597 -50
598 -24
599 -55
600 -16
601 -57
602 -16
603 -31
604 -17
605 -27
606 -16
607 -56
608 -17
609 -16
610 -16
611 -31
612 -24
613 -55
614 -20
615 -50
616 -57
617 -27
618 -50
619 -50
620 -24
621 -27
622 -27
623 -17
624 -55
625 -55
626 -55
627 -33
628 -33
629 -16
630 -27
631 -27
632 -31
633 -50
634 -50
635 -33
636 -48
637 -17
638 -50
639 -51
640 -33
641 -57
642 -55
643 -27
644 -16
645 -55
646 -17
647 -55
648 -24
649 -16
650 -57
651 -50
652 -17
653 -16
654 -16
655 -38
656 -24
657 -31
658 -24
659 -57
660 -16
661 -28
662 -24
663 -27
664 -33
665 -27
666 -16
667 -16
668 -16
669 -55
670 -17
671 -27
672 -50
673 -17
674 -28
675 -18
676 -16
677 -16
678 -52
679 -33
680 -27
681 -33
682 -16
683 -31
684 -33
685 -24
686 -24
687 -27
688 -16
689 -50
690 -50
691 -27
692 -27
693 -16
694 -17
695 -57
696 -33
697 -31
698 -31
699 -57
700 -17
701 -24
702 -24
703 -57
704 -16
705 -16
706 -57
707 -50
708 -27
709 -18
710 -27
711 -33
712 -27
713 -16
714 -33
715 -16
716 -17
717 -31
718 -16
719 -55
720 -31
721 -16
722 -50
723 -31
724 -57
725 -24
726 -27
727 -17
728 -16
729 -16
730 -50
731 -31
732 -31
733 -31
734 -31
735 -55
736 -17
737 -55
738 -50
739 -24
740 -50
741 -16
742 -57
743 -31
744 -16
745 -50
746 -57
747 -16
748 -57
749 -16
750 -55
751 -16
752 -22
753 -31
754 -24
755 -17
756 -33
757 -24
758 -24
759 -50
760 -24
761 -55
762 -17
763 -16
764 -27
765 -31
766 -17
767 -57
768 -24
769 -33
770 -33
771 -50
772 -16
773 -24
774 -33
775 -17
776 -17
777 -16
778 -16
779 -16
780 -17
781 -27
782 -17
783 -45
784 -24
785 -16
786 -59
787 -27
788 -24
789 -16
790 -50
791 -24
792 -27
793 -31
794 -24
795 -17
796 -16
797 -57
798 -57
799 -16
800 -55
801 -55
802 -50
803 -33
804 -16
805 -27
806 -55
807 -37
808 -16
809 -24
810 -24
811 -27
812 -24
813 -50
814 -16
815 -16
816 -31
817 -55
818 -17
819 -16
820 -16
821 -24
822 -16
823 -31
824 -43
825 -16
826 -16
827 -89
828 -17
829 -16
830 -33
831 -27
832 -33
833 -20
834 -27
835 -33
836 -16
837 -50
838 -24
839 -24
840 -24
841 -33
842 -50
843 -29
844 -33
845 -27
846 -31
847 -31
848 -27
849 -33
850 -37
851 -16
852 -31
853 -57
854 -16
855 -55
856 -55
857 -31
858 -31
859 -17
860 -31
861 -17
862 -16
863 -55
864 -17
865 -57
866 -31
867 -55
868 -59
869 -16
870 -50
871 -50
872 -17
873 -16
874 -16
875 -16
876 -27
877 -50
878 -60
879 -17
880 -57
881 -24
882 -50
883 -16
884 -24
885 -55
886 -33
887 -17
888 -27
889 -57
890 -55
891 -31
892 -50
893 -16
894 -57
895 -33
896 -33
897 -52
898 -24
899 -33
900 -24
901 -55
902 -24
903 -57
904 -17
905 -20
906 -16
907 -16
908 -50
909 -16
910 -57
911 -27
912 -16
913 -57
914 -40
915 -67
916 -33
917 -57
918 -48
919 -31
920 -33
921 -16
922 -55
923 -16
924 -31
925 -33
926 -16
927 -50
928 -16
929 -62
930 -33
931 -51
932 -57
933 -24
934 -27
935 -33
936 -17
937 -50
938 -27
939 -24
940 -41
941 -57
942 -25
943 -16
944 -48
945 -31
946 -17
947 -51
948 -31
949 -16
950 -27
951 -50
952 -17
953 -16
954 -17
955 -16
956 -33
957 -39
958 -57
959 -17
960 -24
961 -16
962 -31
963 -24
964 -55
965 -48
966 -57
967 -50
968 -31
969 -31
970 -16
971 -16
972 -57
973 -31
974 -55
975 -50
976 -16
977 -16
978 -16
979 -57
980 -87
981 -57
982 -33
983 -33
984 -50
985 -27
986 -33
987 -16
988 -27
989 -51
990 -17
991 -55
992 -55
993 -33
994 -17
995 -16
996 -27
997 -16
998 -16
999 -50
