0 -75
1 -74
2 -69
3 -70
4 -62
5 -34
6 -70
7 -50
8 -76
9 -70
10 -75
11 -76
12 -27
13 -70
14 -62
15 -46
16 -104
17 -73
18 -74
19 -70
20 -74
21 -73
22 -80
23 -70
24 -70
25 -547
26 -70
27 -3821
28 -70
29 -10120
30 -210
31 -51
32 -70
33 -76
34 -75
35 -71
36 -75
37 -430
38 -76
39 -68
40 -73
41 -73
42 -75
43 -70
44 -75
45 -70
46 -76
47 -130
48 -70
49 -437
50 -76
51 -76
52 -62
53 -76
54 -42
55 -74
56 -70
57 -79
58 -65
59 -74
60 -62
61 -360
62 -395
63 -75
64 -70
65 -2400
66 -70
67 -548
68 -2564
69 -62
70 -70
71 -70
72 -74
73 -70
74 -75
75 -112
76 -76
77 -644
78 -69
79 -701
80 -68
81 -34
82 -70
83 -76
84 -51
85 -48
86 -75
87 -122
88 -144
89 -75
90 -149
91 -70
92 -70
93 -73
94 -73
95 -76
96 -174
97 -38
98 -70
99 -70
100 -73
101 -75
102 -3058
103 -39
104 -75
105 -109
106 -71
107 -62
108 -73
109 -70
110 -236
111 -623
112 -43
113 -74
114 -93
115 -99
116 -74
117 -276
118 -5395
119 -76
120 -74
121 -75
122 -55
123 -62
124 -74
125 -75
126 -70
127 -70
128 -75
129 -207
130 -73
131 -46
132 -167
133 -36
134 -76
135 -66
136 -75
137 -70
138 -76
139 -154
140 -494
141 -73
142 -73
143 -184
144 -70
145 -70
146 -74
147 -62
148 -76
149 -70
150 -70
151 -62
152 -2349
153 -39
154 -75
155 -93
156 -137
157 -487
158 -75
159 -55
160 -70
161 -83
162 -75
163 -84
164 -10245
165 -8432
166 -62
167 -604
168 -74
169 -76
170 -76
171 -51
172 -33
173 -76
174 -75
175 -510
176 -73
177 -117
178 -70
179 -141
180 -62
181 -75
182 -76
183 -63
184 -73
185 -70
186 -75
187 -624
188 -75
189 -73
190 -70
191 -73
192 -76
193 -70
194 -73
195 -70
196 -70
197 -80
198 -46
199 -62
200 -70
201 -153
202 -76
203 -74
204 -2087
205 -73
206 -70
207 -75
208 -75
209 -73
210 -80
211 -74
212 -1432
213 -70
214 -41
215 -74
216 -728
217 -73
218 -76
219 -62
220 -74
221 -62
222 -74
223 -73
224 -1377
225 -277
226 -4715
227 -74
228 -75
229 -70
230 -74
231 -75
232 -626
233 -73
234 -75
235 -73
236 -80
237 -75
238 -404
239 -241
240 -87
241 -34
242 -70
243 -930
244 -73
245 -75
246 -158
247 -76
248 -302
249 -76
250 -65
251 -73
252 -62
253 -75
254 -70
255 -73
256 -74
257 -70
258 -74
259 -67
260 -73
261 -772
262 -73
263 -73
264 -73
265 -2285
266 -223
267 -40
268 -582
269 -164
270 -70
271 -75
272 -33
273 -62
274 -3382
275 -5068
276 -70
277 -36
278 -142
279 -62
280 -73
281 -65
282 -74
283 -3372
284 -366
285 -62
286 -73
287 -59
288 -659
289 -73
290 -70
291 -259
292 -75
293 -62
294 -73
295 -307
296 -51
297 -73
298 -53
299 -307
300 -75
301 -70
302 -75
303 -70
304 -70
305 -70
306 -34
307 -74
308 -70
309 -62
310 -42
311 -75
312 -74
313 -53
314 -70
315 -73
316 -62
317 -74
318 -73
319 -71
320 -73
321 -46
322 -74
323 -4564
324 -70
325 -62
326 -70
327 -70
328 -73
329 -75
330 -73
331 -70
332 -75
333 -46
334 -26
335 -75
336 -77
337 -75
338 -75
339 -62
340 -383
341 -1682
342 -62
343 -76
344 -76
345 -70
346 -2542
347 -46
348 -259
349 -73
350 -1543
351 -74
352 -74
353 -70
354 -1920
355 -70
356 -74
357 -75
358 -75
359 -73
360 -73
361 -73
362 -62
363 -75
364 -76
365 -65
366 -75
367 -70
368 -73
369 -75
370 -3618
371 -71
372 -75
373 -775
374 -75
375 -70
376 -3623
377 -75
378 -74
379 -46
380 -50
381 -62
382 -76
383 -73
384 -62
385 -62
386 -62
387 -73
388 -75
389 -75
390 -70
391 -69
392 -432
393 -70
394 -75
395 -2843
396 -73
397 -70
398 -73
399 -73
400 -76
401 -75
402 -76
403 -64
404 -1078
405 -73
406 -41
407 -51
408 -70
409 -51
410 -62
411 -70
412 -77
413 -62
414 -67
415 -70
416 -50
417 -55
418 -70
419 -68
420 -73
421 -62
422 -62
423 -74
424 -76
425 -76
426 -70
427 -140
428 -74
429 -54
430 -73
431 -51
432 -70
433 -70
434 -76
435 -75
436 -86
437 -62
438 -75
439 -76
440 -62
441 -76
442 -73
443 -70
444 -98
445 -128
446 -62
447 -74
448 -75
449 -76
450 -70
451 -76
452 -76
453 -75
454 -70
455 -75
456 -70
457 -75
458 -67
459 -140
460 -73
461 -73
462 -62
463 -74
464 -62
465 -46
466 -74
467 -62
468 -73
469 -34
470 -74
471 -71
472 -74
473 -70
474 -73
475 -51
476 -214
477 -135
478 -74
479 -75
480 -73
481 -76
482 -73
483 -62
484 -292
485 -62
486 -75
487 -75
488 -60
489 -76
490 -378
491 -75
492 -262
493 -111
494 -76
495 -76
496 -72
497 -62
498 -138
499 -57
500 -70
501 -75
502 -70
503 -2548
504 -76
505 -145
506 -33
507 -156
508 -70
509 -75
510 -70
511 -75
512 -73
513 -927
514 -73
515 -70
516 -75
517 -76
518 -81
519 -75
520 -76
521 -140
522 -46
523 -70
524 -33
525 -74
526 -73
527 -73
528 -51
529 -62
530 -76
531 -1615
532 -69
533 -73
534 -74
535 -75
536 -73
537 -75
538 -70
539 -75
540 -74
541 -75
542 -74
543 -77
544 -70
545 -74
546 -76
547 -15312
548 -75
549 -93
550 -224
551 -75
552 -1610
553 -75
554 -70
555 -70
556 -76
557 -74
558 -73
559 -11261
560 -87
561 -74
562 -350
563 -80
564 -74
565 -141
566 -67
567 -70
568 -70
569 -138
570 -70
571 -58
572 -75
573 -62
574 -79
575 -74
576 -74
577 -70
578 -76
579 -515
580 -70
581 -75
582 -75
583 -149
584 -157
585 -79
586 -74
587 -1843
588 -380
589 -62
590 -33
591 -241
592 -74
593 -76
594 -34
595 -76
596 -73
597 -174
598 -75
599 -74
600 -70
601 -62
602 -73
603 -61
604 -74
605 -74
606 -291
607 -73
608 -70
609 -40
610 -70
611 -73
612 -75
613 -70
614 -70
615 -62
616 -454
617 -73
618 -74
619 -4465
620 -74
621 -98
622 -70
623 -76
624 -75
625 -51
626 -74
627 -27
628 -75
629 -74
630 -435
631 -70
632 -73
633 -75
634 -75
635 -69
636 -5207
637 -70
638 -58
639 -73
640 -74
641 -70
642 -75
643 -42
644 -46
645 -70
646 -60
647 -75
648 -70
649 -74
650 -76
651 -75
652 -73
653 -70
654 -74
655 -286
656 -67
657 -76
658 -73
659 -74
660 -62
661 -74
662 -213
663 -75
664 -73
665 -80
666 -76
667 -75
668 -70
669 -55
670 -73
671 -70
672 -51
673 -70
674 -1715
675 -461
676 -70
677 -70
678 -72
679 -62
680 -75
681 -502
682 -76
683 -70
684 -75
685 -218
686 -4193
687 -33
688 -70
689 -217
690 -74
691 -62
692 -203
693 -179
694 -73
695 -70
696 -1543
697 -76
698 -207
699 -74
700 -74
701 -246
702 -159
703 -60
704 -75
705 -74
706 -424
707 -75
708 -73
709 -76
710 -55
711 -70
712 -70
713 -444
714 -70
715 -76
716 -96
717 -70
718 -4791
719 -362
720 -75
721 -62
722 -75
723 -2260
724 -74
725 -70
726 -55
727 -57
728 -74
729 -74
730 -79
731 -62
732 -87
733 -73
734 -33
735 -70
736 -62
737 -76
738 -70
739 -138
740 -40
741 -74
742 -259
743 -70
744 -36
745 -73
746 -511
747 -40
748 -70
749 -74
750 -90
751 -50
752 -70
753 -70
754 -75
755 -75
756 -2649
757 -74
758 -2192
759 -62
760 -70
761 -74
762 -74
763 -62
764 -70
765 -76
766 -469
767 -62
768 -73
769 -76
770 -119
771 -62
772 -334
773 -76
774 -7913
775 -70
776 -70
777 -76
778 -70
779 -76
780 -73
781 -74
782 -70
783 -75
784 -75
785 -70
786 -74
787 -289
788 -88
789 -75
790 -233
791 -77
792 -62
793 -75
794 -75
795 -70
796 -70
797 -76
798 -73
799 -337
800 -62
801 -75
802 -70
803 -77
804 -70
805 -76
806 -73
807 -122
808 -74
809 -75
810 -73
811 -62
812 -75
813 -323
814 -70
815 -35
816 -62
817 -75
818 -75
819 -62
820 -74
821 -130
822 -70
823 -161
824 -73
825 -75
826 -74
827 -73
828 -74
829 -76
830 -383
831 -51
832 -74
833 -74
834 -75
835 -436
836 -70
837 -76
838 -26
839 -74
840 -55
841 -199
842 -113
843 -70
844 -62
845 -1986
846 -74
847 -62
848 -40
849 -76
850 -74
851 -75
852 -353
853 -74
854 -348
855 -736
856 -74
857 -75
858 -76
859 -70
860 -50
861 -62
862 -76
863 -76
864 -70
865 -62
866 -46
867 -75
868 -418
869 -70
870 -70
871 -51
872 -70
873 -75
874 -62
875 -70
876 -401
877 -74
878 -62
879 -70
880 -62
881 -70
882 -75
883 -70
884 -73
885 -33
886 -70
887 -75
888 -73
889 -75
890 -74
891 -298
892 -39
893 -70
894 -70
895 -75
896 -75
897 -75
898 -33
899 -75
900 -75
901 -62
902 -75
903 -158
904 -76
905 -62
906 -1230
907 -55
908 -70
909 -70
910 -1183
911 -70
912 -62
913 -856
914 -74
915 -80
916 -163
917 -56
918 -76
919 -74
920 -146
921 -75
922 -75
923 -74
924 -65
925 -71
926 -75
927 -70
928 -76
929 -75
930 -75
931 -74
932 -74
933 -70
934 -76
935 -51
936 -70
937 -79
938 -46
939 -70
940 -61
941 -71
942 -56
943 -46
944 -75
945 -97
946 -70
947 -74
948 -68
949 -62
950 -62
951 -623
952 -76
953 -2785
954 -75
955 -51
956 -62
957 -70
958 -62
959 -75
960 -70
961 -63
962 -73
963 -74
964 -27
965 -81
966 -73
967 -904
968 -50
969 -76
970 -3691
971 -75
972 -2503
973 -73
974 -70
975 -62
976 -70
977 -62
978 -70
979 -76
980 -2357
981 -74
982 -54
983 -75
984 -74
985 -277
986 -76
987 -74
988 -70
989 -70
990 -70
991 -76
992 -70
993 -74
994 -62
995 -689
996 -70
997 -38
998 -1429
999 -62
