0 -67
1 -53
2 -75
3 -76
4 -75
5 -10327
6 -95
7 -70
8 -57
9 -56
10 -75
11 -70
12 -57
13 -70
14 -207
15 -67
16 -557
17 -109
18 -76
19 -74
20 -5705
21 -74
22 -7750
23 -73
24 -63
25 -152
26 -62
27 -70
28 -57
29 -62
30 -75
31 -75
32 -70
33 -63
34 -70
35 -76
36 -74
37 -63
38 -73
39 -66
40 -70
41 -75
42 -75
43 -62
44 -74
45 -282
46 -70
47 -74
48 -261
49 -62
50 -70
51 -62
52 -57
53 -855
54 -76
55 -57
56 -409
57 -360
58 -75
59 -70
60 -57
61 -70
62 -267
63 -73
64 -243
65 -73
66 -136
67 -75
68 -2050
69 -70
70 -63
71 -73
72 -74
73 -76
74 -67
75 -63
76 -75
77 -532
78 -76
79 -73
80 -62
81 -70
82 -397
83 -74
84 -331
85 -70
86 -70
87 -217
88 -75
89 -77
90 -73
91 -63
92 -70
93 -74
94 -1768
95 -70
96 -90
97 -74
98 -70
99 -75
100 -400
101 -64
102 -62
103 -62
104 -598
105 -70
106 -57
107 -70
108 -76
109 -75
110 -75
111 -348
112 -70
113 -67
114 -74
115 -73
116 -76
117 -877
118 -73
119 -73
120 -74
121 -74
122 -75
123 -2559
124 -62
125 -75
126 -62
127 -62
128 -147
129 -270
130 -76
131 -75
132 -53
133 -75
134 -70
135 -62
136 -70
137 -2531
138 -62
139 -70
140 -62
141 -62
142 -70
143 -75
144 -75
145 -76
146 -76
147 -57
148 -74
149 -76
150 -62
151 -57
152 -71
153 -79
154 -69
155 -63
156 -174
157 -70
158 -62
159 -74
160 -73
161 -62
162 -70
163 -2288
164 -75
165 -77
166 -159
167 -62
168 -729
169 -73
170 -75
171 -443
172 -75
173 -70
174 -75
175 -73
176 -75
177 -76
178 -76
179 -63
180 -73
181 -70
182 -60
183 -70
184 -75
185 -67
186 -179
187 -75
188 -2572
189 -74
190 -76
191 -73
192 -91
193 -267
194 -432
195 -4467
196 -75
197 -62
198 -73
199 -543
200 -75
201 -63
202 -413
203 -98
204 -70
205 -243
206 -75
207 -67
208 -57
209 -70
210 -74
211 -76
212 -75
213 -62
214 -83
215 -74
216 -282
217 -75
218 -63
219 -62
220 -73
221 -63
222 -62
223 -70
224 -70
225 -70
226 -754
227 -75
228 -2586
229 -74
230 -76
231 -57
232 -63
233 -76
234 -70
235 -928
236 -70
237 -165
238 -70
239 -70
240 -70
241 -62
242 -75
243 -75
244 -70
245 -70
246 -70
247 -55
248 -67
249 -74
250 -452
251 -68
252 -74
253 -70
254 -62
255 -63
256 -261
257 -74
258 -2605
259 -76
260 -62
261 -3583
262 -73
263 -561
264 -215
265 -48
266 -68
267 -70
268 -76
269 -73
270 -75
271 -67
272 -77
273 -282
274 -70
275 -170
276 -75
277 -73
278 -74
279 -1104
280 -192
281 -57
282 -75
283 -74
284 -1717
285 -70
286 -70
287 -2234
288 -4544
289 -74
290 -75
291 -70
292 -3331
293 -75
294 -76
295 -166
296 -73
297 -912
298 -75
299 -70
300 -62
301 -63
302 -211
303 -70
304 -75
305 -4073
306 -74
307 -70
308 -3655
309 -62
310 -70
311 -70
312 -77
313 -717
314 -75
315 -360
316 -62
317 -75
318 -70
319 -74
320 -73
321 -75
322 -73
323 -73
324 -62
325 -73
326 -70
327 -76
328 -75
329 -74
330 -73
331 -354
332 -67
333 -72
334 -73
335 -73
336 -76
337 -75
338 -76
339 -70
340 -57
341 -70
342 -75
343 -73
344 -168
345 -70
346 -69
347 -73
348 -75
349 -75
350 -74
351 -928
352 -2025
353 -204
354 -57
355 -75
356 -75
357 -70
358 -67
359 -289
360 -70
361 -70
362 -76
363 -70
364 -70
365 -74
366 -73
367 -266
368 -70
369 -75
370 -245
371 -75
372 -62
373 -75
374 -73
375 -75
376 -76
377 -75
378 -73
379 -2198
380 -70
381 -70
382 -62
383 -62
384 -75
385 -70
386 -70
387 -131
388 -78
389 -76
390 -75
391 -73
392 -83
393 -70
394 -73
395 -163
396 -70
397 -74
398 -75
399 -238
400 -75
401 -70
402 -80
403 -75
404 -70
405 -70
406 -76
407 -74
408 -75
409 -74
410 -2131
411 -75
412 -73
413 -512
414 -527
415 -67
416 -160
417 -300
418 -57
419 -74
420 -70
421 -70
422 -62
423 -75
424 -70
425 -74
426 -73
427 -106
428 -73
429 -430
430 -76
431 -75
432 -70
433 -70
434 -76
435 -204
436 -72
437 -62
438 -76
439 -475
440 -75
441 -62
442 -1922
443 -76
444 -76
445 -67
446 -75
447 -70
448 -67
449 -53
450 -70
451 -62
452 -73
453 -70
454 -75
455 -73
456 -73
457 -935
458 -62
459 -70
460 -57
461 -70
462 -33
463 -73
464 -70
465 -216
466 -184
467 -73
468 -73
469 -75
470 -75
471 -62
472 -804
473 -63
474 -6920
475 -75
476 -74
477 -63
478 -74
479 -62
480 -75
481 -396
482 -62
483 -73
484 -73
485 -75
486 -4525
487 -70
488 -73
489 -258
490 -73
491 -68
492 -75
493 -62
494 -642
495 -67
496 -74
497 -76
498 -74
499 -70
500 -188
501 -76
502 -73
503 -85
504 -67
505 -1501
506 -70
507 -75
508 -76
509 -70
510 -55
511 -74
512 -62
513 -62
514 -75
515 -62
516 -70
517 -76
518 -73
519 -73
520 -70
521 -62
522 -53
523 -75
524 -75
525 -78
526 -78
527 -967
528 -252
529 -62
530 -73
531 -75
532 -611
533 -76
534 -70
535 -70
536 -75
537 -70
538 -74
539 -67
540 -463
541 -70
542 -72
543 -62
544 -75
545 -70
546 -75
547 -74
548 -75
549 -75
550 -75
551 -76
552 -67
553 -154
554 -70
555 -75
556 -53
557 -74
558 -76
559 -70
560 -76
561 -70
562 -53
563 -75
564 -2118
565 -4602
566 -76
567 -75
568 -333
569 -400
570 -62
571 -75
572 -70
573 -74
574 -100
575 -60
576 -73
577 -62
578 -70
579 -73
580 -70
581 -75
582 -73
583 -70
584 -505
585 -70
586 -62
587 -70
588 -67
589 -70
590 -76
591 -70
592 -76
593 -76
594 -70
595 -675
596 -76
597 -62
598 -75
599 -70
600 -75
601 -76
602 -70
603 -73
604 -63
605 -74
606 -62
607 -73
608 -75
609 -73
610 -76
611 -62
612 -73
613 -95
614 -70
615 -62
616 -57
617 -4070
618 -75
619 -2386
620 -75
621 -65
622 -73
623 -70
624 -67
625 -894
626 -70
627 -874
628 -380
629 -75
630 -74
631 -75
632 -70
633 -416
634 -67
635 -73
636 -98
637 -75
638 -75
639 -70
640 -62
641 -81
642 -75
643 -74
644 -70
645 -70
646 -57
647 -62
648 -76
649 -75
650 -70
651 -75
652 -73
653 -76
654 -70
655 -75
656 -75
657 -3841
658 -70
659 -62
660 -70
661 -75
662 -75
663 -544
664 -74
665 -70
666 -73
667 -62
668 -73
669 -290
670 -71
671 -70
672 -73
673 -70
674 -62
675 -76
676 -62
677 -76
678 -76
679 -70
680 -228
681 -114
682 -74
683 -73
684 -63
685 -70
686 -73
687 -67
688 -63
689 -486
690 -80
691 -68
692 -70
693 -67
694 -2605
695 -70
696 -76
697 -75
698 -157
699 -78
700 -73
701 -2724
702 -67
703 -248
704 -62
705 -88
706 -70
707 -3246
708 -76
709 -52
710 -76
711 -203
712 -274
713 -75
714 -3180
715 -154
716 -70
717 -75
718 -76
719 -75
720 -73
721 -74
722 -75
723 -70
724 -67
725 -75
726 -76
727 -75
728 -76
729 -67
730 -73
731 -2412
732 -109
733 -75
734 -62
735 -350
736 -2526
737 -70
738 -68
739 -786
740 -75
741 -76
742 -673
743 -376
744 -70
745 -73
746 -57
747 -73
748 -76
749 -73
750 -74
751 -582
752 -76
753 -74
754 -3615
755 -75
756 -70
757 -53
758 -70
759 -504
760 -73
761 -74
762 -62
763 -102
764 -73
765 -70
766 -70
767 -62
768 -57
769 -70
770 -76
771 -67
772 -74
773 -73
774 -74
775 -76
776 -88
777 -62
778 -62
779 -57
780 -75
781 -74
782 -62
783 -62
784 -75
785 -75
786 -3408
787 -75
788 -70
789 -76
790 -277
791 -503
792 -75
793 -74
794 -73
795 -75
796 -70
797 -62
798 -62
799 -57
800 -74
801 -74
802 -75
803 -74
804 -75
805 -70
806 -76
807 -57
808 -70
809 -73
810 -1597
811 -74
812 -73
813 -75
814 -1981
815 -75
816 -302
817 -75
818 -70
819 -75
820 -273
821 -4091
822 -3039
823 -74
824 -70
825 -48
826 -393
827 -74
828 -75
829 -70
830 -63
831 -57
832 -3732
833 -73
834 -70
835 -50
836 -62
837 -76
838 -324
839 -6620
840 -387
841 -198
842 -63
843 -218
844 -186
845 -76
846 -62
847 -74
848 -70
849 -70
850 -75
851 -208
852 -53
853 -70
854 -76
855 -70
856 -352
857 -76
858 -45
859 -73
860 -62
861 -75
862 -62
863 -77
864 -70
865 -57
866 -4685
867 -76
868 -74
869 -73
870 -62
871 -70
872 -73
873 -75
874 -75
875 -76
876 -70
877 -8112
878 -75
879 -73
880 -70
881 -75
882 -74
883 -53
884 -75
885 -73
886 -70
887 -67
888 -63
889 -70
890 -70
891 -70
892 -74
893 -74
894 -32
895 -70
896 -53
897 -75
898 -74
899 -63
900 -75
901 -75
902 -200
903 -70
904 -74
905 -74
906 -75
907 -75
908 -75
909 -67
910 -74
911 -253
912 -70
913 -75
914 -74
915 -70
916 -70
917 -75
918 -80
919 -75
920 -308
921 -75
922 -75
923 -76
924 -74
925 -290
926 -140
927 -73
928 -70
929 -76
930 -57
931 -70
932 -73
933 -76
934 -3078
935 -75
936 -765
937 -187
938 -75
939 -75
940 -70
941 -62
942 -70
943 -76
944 -63
945 -68
946 -75
947 -73
948 -74
949 -76
950 -74
951 -2605
952 -63
953 -75
954 -63
955 -75
956 -70
957 -76
958 -70
959 -70
960 -76
961 -70
962 -67
963 -590
964 -153
965 -62
966 -62
967 -104
968 -70
969 -76
970 -94
971 -74
972 -67
973 -74
974 -70
975 -74
976 -67
977 -76
978 -1671
979 -70
980 -499
981 -73
982 -63
983 -76
984 -81
985 -1307
986 -75
987 -73
988 -475
989 -584
990 -76
991 -74
992 -73
993 -62
994 -1577
995 -75
996 -75
997 -70
998 -76
999 -67
