0 -75
1 -73
2 -70
3 -76
4 -52
5 -52
6 -74
7 -558
8 -76
9 -76
10 -75
11 -73
12 -93
13 -356
14 -108
15 -76
16 -70
17 -70
18 -62
19 -75
20 -52
21 -75
22 -75
23 -315
24 -75
25 -73
26 -70
27 -2220
28 -884
29 -76
30 -62
31 -75
32 -75
33 -74
34 -73
35 -70
36 -70
37 -62
38 -257
39 -73
40 -80
41 -73
42 -201
43 -76
44 -62
45 -2181
46 -70
47 -556
48 -75
49 -70
50 -70
51 -62
52 -52
53 -72
54 -66
55 -236
56 -75
57 -75
58 -52
59 -75
60 -74
61 -73
62 -62
63 -76
64 -74
65 -62
66 -75
67 -68
68 -73
69 -74
70 -74
71 -75
72 -52
73 -75
74 -1404
75 -70
76 -75
77 -52
78 -75
79 -75
80 -344
81 -378
82 -248
83 -419
84 -70
85 -5124
86 -52
87 -74
88 -62
89 -199
90 -70
91 -70
92 -185
93 -70
94 -199
95 -61
96 -76
97 -733
98 -73
99 -91
100 -285
101 -74
102 -301
103 -163
104 -75
105 -70
106 -52
107 -73
108 -272
109 -74
110 -75
111 -70
112 -70
113 -4960
114 -75
115 -285
116 -76
117 -83
118 -75
119 -52
120 -75
121 -75
122 -75
123 -1479
124 -132
125 -95
126 -1106
127 -75
128 -52
129 -2637
130 -74
131 -74
132 -62
133 -51
134 -73
135 -76
136 -69
137 -75
138 -2578
139 -321
140 -3683
141 -74
142 -74
143 -73
144 -62
145 -70
146 -52
147 -52
148 -75
149 -74
150 -71
151 -74
152 -75
153 -75
154 -76
155 -62
156 -52
157 -75
158 -608
159 -75
160 -73
161 -75
162 -73
163 -75
164 -74
165 -72
166 -76
167 -52
168 -52
169 -70
170 -74
171 -70
172 -152
173 -52
174 -120
175 -173
176 -62
177 -62
178 -70
179 -70
180 -291
181 -70
182 -73
183 -75
184 -2210
185 -70
186 -73
187 -538
188 -57
189 -75
190 -75
191 -901
192 -75
193 -75
194 -52
195 -70
196 -73
197 -73
198 -70
199 -76
200 -70
201 -5428
202 -63
203 -52
204 -62
205 -52
206 -70
207 -75
208 -1535
209 -76
210 -3508
211 -75
212 -70
213 -3881
214 -306
215 -74
216 -62
217 -52
218 -52
219 -52
220 -190
221 -70
222 -75
223 -73
224 -70
225 -53
226 -67
227 -62
228 -62
229 -75
230 -74
231 -76
232 -76
233 -62
234 -73
235 -2160
236 -70
237 -77
238 -70
239 -66
240 -76
241 -75
242 -70
243 -75
244 -631
245 -3112
246 -62
247 -76
248 -52
249 -562
250 -52
251 -70
252 -74
253 -73
254 -62
255 -62
256 -62
257 -947
258 -62
259 -70
260 -75
261 -76
262 -76
263 -52
264 -76
265 -73
266 -73
267 -73
268 -76
269 -364
270 -2544
271 -126
272 -73
273 -75
274 -1064
275 -73
276 -52
277 -75
278 -73
279 -655
280 -632
281 -57
282 -233
283 -76
284 -75
285 -74
286 -1479
287 -75
288 -255
289 -71
290 -47
291 -70
292 -76
293 -74
294 -70
295 -52
296 -217
297 -81
298 -62
299 -70
300 -70
301 -76
302 -75
303 -74
304 -76
305 -53
306 -70
307 -52
308 -70
309 -81
310 -72
311 -52
312 -76
313 -421
314 -70
315 -73
316 -62
317 -75
318 -2600
319 -364
320 -70
321 -62
322 -76
323 -76
324 -218
325 -73
326 -52
327 -75
328 -52
329 -73
330 -130
331 -52
332 -70
333 -52
334 -52
335 -187
336 -88
337 -70
338 -52
339 -453
340 -75
341 -52
342 -76
343 -75
344 -62
345 -1372
346 -62
347 -52
348 -359
349 -75
350 -52
351 -76
352 -1972
353 -75
354 -1190
355 -70
356 -70
357 -75
358 -96
359 -52
360 -52
361 -34
362 -76
363 -70
364 -62
365 -4155
366 -75
367 -483
368 -70
369 -70
370 -64
371 -52
372 -701
373 -74
374 -52
375 -76
376 -76
377 -52
378 -75
379 -4399
380 -252
381 -72
382 -70
383 -70
384 -75
385 -52
386 -76
387 -59
388 -326
389 -75
390 -70
391 -303
392 -76
393 -76
394 -266
395 -70
396 -52
397 -376
398 -73
399 -75
400 -73
401 -52
402 -62
403 -73
404 -74
405 -1574
406 -70
407 -70
408 -76
409 -76
410 -70
411 -76
412 -303
413 -8650
414 -3016
415 -75
416 -75
417 -73
418 -72
419 -62
420 -76
421 -75
422 -62
423 -239
424 -70
425 -533
426 -102
427 -73
428 -70
429 -75
430 -70
431 -75
432 -323
433 -76
434 -450
435 -53
436 -71
437 -52
438 -74
439 -73
440 -52
441 -75
442 -223
443 -74
444 -271
445 -6037
446 -71
447 -52
448 -75
449 -131
450 -70
451 -76
452 -73
453 -43
454 -75
455 -76
456 -179
457 -70
458 -307
459 -74
460 -70
461 -76
462 -1423
463 -75
464 -76
465 -52
466 -70
467 -75
468 -70
469 -141
470 -726
471 -76
472 -451
473 -270
474 -236
475 -70
476 -53
477 -52
478 -70
479 -73
480 -727
481 -73
482 -73
483 -76
484 -75
485 -74
486 -70
487 -70
488 -52
489 -74
490 -75
491 -70
492 -75
493 -52
494 -75
495 -74
496 -235
497 -70
498 -621
499 -103
500 -76
501 -75
502 -70
503 -75
504 -76
505 -62
506 -75
507 -70
508 -75
509 -74
510 -293
511 -70
512 -75
513 -52
514 -62
515 -74
516 -75
517 -75
518 -719
519 -74
520 -73
521 -76
522 -47
523 -6245
524 -70
525 -70
526 -73
527 -70
528 -371
529 -52
530 -74
531 -248
532 -744
533 -70
534 -94
535 -175
536 -121
537 -74
538 -208
539 -424
540 -73
541 -76
542 -70
543 -73
544 -70
545 -74
546 -74
547 -504
548 -73
549 -70
550 -73
551 -73
552 -63
553 -62
554 -52
555 -70
556 -73
557 -74
558 -73
559 -52
560 -73
561 -74
562 -52
563 -76
564 -75
565 -434
566 -73
567 -74
568 -75
569 -75
570 -75
571 -416
572 -75
573 -107
574 -74
575 -122
576 -75
577 -378
578 -52
579 -217
580 -62
581 -75
582 -70
583 -565
584 -65
585 -437
586 -74
587 -62
588 -75
589 -75
590 -75
591 -238
592 -75
593 -70
594 -62
595 -73
596 -52
597 -70
598 -75
599 -75
600 -601
601 -70
602 -196
603 -44
604 -91
605 -52
606 -74
607 -76
608 -52
609 -75
610 -62
611 -1429
612 -70
613 -74
614 -73
615 -70
616 -250
617 -75
618 -62
619 -75
620 -62
621 -74
622 -224
623 -76
624 -76
625 -76
626 -75
627 -143
628 -52
629 -74
630 -70
631 -74
632 -75
633 -52
634 -71
635 -74
636 -267
637 -74
638 -76
639 -70
640 -75
641 -537
642 -70
643 -73
644 -73
645 -73
646 -117
647 -76
648 -75
649 -52
650 -75
651 -52
652 -75
653 -62
654 -78
655 -85
656 -75
657 -73
658 -70
659 -75
660 -104
661 -62
662 -75
663 -75
664 -75
665 -70
666 -193
667 -62
668 -62
669 -75
670 -75
671 -74
672 -76
673 -76
674 -52
675 -76
676 -74
677 -5101
678 -73
679 -52
680 -62
681 -62
682 -186
683 -76
684 -75
685 -52
686 -2221
687 -75
688 -73
689 -72
690 -52
691 -1395
692 -70
693 -74
694 -70
695 -75
696 -75
697 -73
698 -62
699 -62
700 -76
701 -75
702 -74
703 -438
704 -62
705 -74
706 -76
707 -74
708 -75
709 -75
710 -70
711 -52
712 -75
713 -70
714 -2204
715 -438
716 -52
717 -75
718 -75
719 -579
720 -76
721 -62
722 -71
723 -75
724 -75
725 -822
726 -63
727 -62
728 -71
729 -52
730 -52
731 -73
732 -62
733 -52
734 -75
735 -909
736 -96
737 -75
738 -201
739 -62
740 -158
741 -52
742 -73
743 -70
744 -70
745 -70
746 -73
747 -52
748 -2944
749 -75
750 -75
751 -75
752 -75
753 -70
754 -70
755 -73
756 -75
757 -74
758 -62
759 -70
760 -75
761 -74
762 -73
763 -74
764 -2735
765 -76
766 -73
767 -75
768 -73
769 -75
770 -3565
771 -75
772 -156
773 -73
774 -75
775 -74
776 -75
777 -1817
778 -75
779 -76
780 -74
781 -62
782 -3482
783 -70
784 -3438
785 -76
786 -76
787 -1530
788 -74
789 -75
790 -219
791 -113
792 -75
793 -403
794 -70
795 -70
796 -1213
797 -75
798 -4073
799 -75
800 -73
801 -76
802 -1118
803 -76
804 -74
805 -70
806 -70
807 -60
808 -73
809 -52
810 -327
811 -76
812 -161
813 -70
814 -70
815 -73
816 -69
817 -2414
818 -75
819 -70
820 -75
821 -70
822 -75
823 -74
824 -71
825 -70
826 -74
827 -2875
828 -75
829 -75
830 -52
831 -453
832 -177
833 -75
834 -75
835 -62
836 -76
837 -70
838 -70
839 -66
840 -75
841 -82
842 -76
843 -70
844 -75
845 -70
846 -73
847 -74
848 -74
849 -70
850 -75
851 -75
852 -73
853 -780
854 -52
855 -76
856 -52
857 -74
858 -73
859 -62
860 -70
861 -50
862 -80
863 -103
864 -74
865 -559
866 -651
867 -76
868 -52
869 -73
870 -70
871 -52
872 -74
873 -70
874 -70
875 -52
876 -61
877 -546
878 -94
879 -11157
880 -2825
881 -76
882 -754
883 -74
884 -70
885 -75
886 -74
887 -75
888 -75
889 -75
890 -75
891 -74
892 -74
893 -73
894 -73
895 -594
896 -74
897 -74
898 -70
899 -522
900 -519
901 -75
902 -62
903 -1007
904 -52
905 -62
906 -62
907 -74
908 -73
909 -52
910 -108
911 -70
912 -70
913 -74
914 -62
915 -52
916 -52
917 -603
918 -75
919 -80
920 -109
921 -75
922 -70
923 -73
924 -73
925 -52
926 -75
927 -70
928 -73
929 -233
930 -52
931 -70
932 -74
933 -62
934 -95
935 -52
936 -66
937 -74
938 -75
939 -31
940 -84
941 -310
942 -73
943 -52
944 -74
945 -74
946 -71
947 -169
948 -52
949 -70
950 -9234
951 -73
952 -78
953 -52
954 -76
955 -52
956 -73
957 -75
958 -70
959 -75
960 -2716
961 -70
962 -73
963 -67
964 -70
965 -74
966 -76
967 -52
968 -74
969 -52
970 -70
971 -52
972 -525
973 -76
974 -75
975 -75
976 -75
977 -86
978 -70
979 -62
980 -341
981 -70
982 -272
983 -216
984 -271
985 -70
986 -522
987 -300
988 -70
989 -52
990 -387
991 -118
992 -76
993 -129
994 -75
995 -75
996 -49
997 -75
998 -74
999 -52
