0 -70
1 -94
2 -70
3 -62
4 -75
5 -70
6 -75
7 -29
8 -1526
9 -73
10 -73
11 -39
12 -2427
13 -70
14 -75
15 -76
16 -176
17 -62
18 -70
19 -49
20 -74
21 -74
22 -74
23 -751
24 -70
25 -75
26 -70
27 -74
28 -73
29 -70
30 -70
31 -68
32 -76
33 -75
34 -70
35 -75
36 -62
37 -237
38 -70
39 -75
40 -73
41 -70
42 -88
43 -70
44 -76
45 -75
46 -108
47 -75
48 -73
49 -478
50 -74
51 -1652
52 -75
53 -58
54 -70
55 -73
56 -402
57 -1978
58 -439
59 -200
60 -75
61 -75
62 -75
63 -164
64 -74
65 -58
66 -1817
67 -74
68 -45
69 -38
70 -46
71 -70
72 -70
73 -70
74 -74
75 -75
76 -70
77 -618
78 -77
79 -70
80 -1105
81 -73
82 -2471
83 -75
84 -75
85 -62
86 -76
87 -74
88 -73
89 -70
90 -76
91 -219
92 -75
93 -62
94 -62
95 -68
96 -871
97 -76
98 -70
99 -73
100 -75
101 -68
102 -2698
103 -62
104 -75
105 -74
106 -70
107 -62
108 -70
109 -75
110 -48
111 -70
112 -84
113 -67
114 -75
115 -70
116 -70
117 -70
118 -51
119 -1625
120 -74
121 -75
122 -70
123 -2857
124 -30
125 -407
126 -471
127 -70
128 -12687
129 -71
130 -70
131 -74
132 -22
133 -75
134 -188
135 -75
136 -9056
137 -3567
138 -76
139 -62
140 -62
141 -28
142 -73
143 -70
144 -75
145 -193
146 -75
147 -364
148 -70
149 -70
150 -72
151 -76
152 -69
153 -2636
154 -75
155 -74
156 -62
157 -7508
158 -73
159 -73
160 -70
161 -75
162 -74
163 -70
164 -62
165 -70
166 -75
167 -70
168 -62
169 -70
170 -91
171 -75
172 -1060
173 -75
174 -70
175 -136
176 -75
177 -74
178 -73
179 -75
180 -81
181 -75
182 -76
183 -74
184 -864
185 -70
186 -70
187 -75
188 -76
189 -73
190 -76
191 -70
192 -4373
193 -73
194 -70
195 -74
196 -76
197 -74
198 -62
199 -76
200 -4077
201 -52
202 -80
203 -6444
204 -75
205 -74
206 -73
207 -389
208 -70
209 -70
210 -76
211 -70
212 -75
213 -70
214 -208
215 -480
216 -75
217 -657
218 -776
219 -73
220 -1106
221 -70
222 -450
223 -62
224 -63
225 -75
226 -73
227 -869
228 -73
229 -30
230 -308
231 -62
232 -262
233 -76
234 -76
235 -86
236 -74
237 -426
238 -75
239 -75
240 -74
241 -205
242 -62
243 -70
244 -74
245 -75
246 -75
247 -7228
248 -75
249 -53
250 -75
251 -76
252 -70
253 -128
254 -75
255 -244
256 -76
257 -35
258 -74
259 -76
260 -62
261 -73
262 -70
263 -255
264 -70
265 -238
266 -75
267 -41
268 -76
269 -70
270 -139
271 -70
272 -709
273 -30
274 -75
275 -62
276 -75
277 -70
278 -42
279 -130
280 -99
281 -75
282 -74
283 -58
284 -73
285 -401
286 -70
287 -73
288 -62
289 -76
290 -62
291 -265
292 -4413
293 -70
294 -70
295 -75
296 -38
297 -73
298 -2189
299 -2953
300 -2823
301 -70
302 -75
303 -75
304 -2155
305 -76
306 -75
307 -75
308 -525
309 -70
310 -70
311 -62
312 -74
313 -70
314 -62
315 -74
316 -8136
317 -5500
318 -62
319 -5649
320 -76
321 -76
322 -62
323 -70
324 -74
325 -75
326 -74
327 -194
328 -198
329 -308
330 -75
331 -74
332 -237
333 -62
334 -75
335 -70
336 -70
337 -75
338 -62
339 -1864
340 -39
341 -204
342 -75
343 -75
344 -70
345 -560
346 -466
347 -2758
348 -75
349 -73
350 -62
351 -148
352 -74
353 -377
354 -76
355 -75
356 -73
357 -51
358 -62
359 -70
360 -3755
361 -74
362 -62
363 -75
364 -73
365 -1561
366 -171
367 -75
368 -70
369 -73
370 -70
371 -75
372 -48
373 -73
374 -75
375 -48
376 -74
377 -70
378 -73
379 -325
380 -64
381 -76
382 -76
383 -79
384 -76
385 -74
386 -465
387 -76
388 -75
389 -75
390 -70
391 -62
392 -70
393 -75
394 -135
395 -70
396 -75
397 -73
398 -75
399 -76
400 -70
401 -163
402 -75
403 -70
404 -1160
405 -5490
406 -75
407 -70
408 -75
409 -164
410 -75
411 -70
412 -74
413 -73
414 -76
415 -73
416 -76
417 -62
418 -62
419 -654
420 -188
421 -70
422 -74
423 -75
424 -42
425 -128
426 -74
427 -153
428 -75
429 -70
430 -75
431 -62
432 -62
433 -217
434 -75
435 -76
436 -42
437 -62
438 -74
439 -74
440 -28
441 -75
442 -74
443 -70
444 -386
445 -75
446 -74
447 -70
448 -76
449 -78
450 -75
451 -75
452 -62
453 -588
454 -35
455 -70
456 -70
457 -597
458 -4193
459 -62
460 -166
461 -70
462 -70
463 -70
464 -107
465 -76
466 -70
467 -62
468 -67
469 -1138
470 -79
471 -387
472 -74
473 -60
474 -498
475 -76
476 -425
477 -2050
478 -75
479 -63
480 -76
481 -75
482 -5779
483 -75
484 -70
485 -62
486 -70
487 -2476
488 -178
489 -75
490 -62
491 -62
492 -1415
493 -74
494 -76
495 -84
496 -76
497 -76
498 -43
499 -62
500 -75
501 -74
502 -75
503 -79
504 -738
505 -74
506 -298
507 -73
508 -226
509 -73
510 -70
511 -67
512 -2295
513 -697
514 -76
515 -70
516 -76
517 -76
518 -3924
519 -74
520 -70
521 -34
522 -56
523 -307
524 -30
525 -62
526 -70
527 -62
528 -62
529 -74
530 -1108
531 -70
532 -76
533 -43
534 -26
535 -2208
536 -70
537 -70
538 -289
539 -75
540 -70
541 -70
542 -34
543 -77
544 -62
545 -60
546 -56
547 -76
548 -74
549 -76
550 -73
551 -74
552 -74
553 -75
554 -62
555 -73
556 -70
557 -75
558 -53
559 -70
560 -75
561 -70
562 -73
563 -73
564 -70
565 -119
566 -70
567 -74
568 -76
569 -75
570 -62
571 -62
572 -73
573 -106
574 -75
575 -75
576 -75
577 -145
578 -6013
579 -76
580 -17
581 -75
582 -74
583 -74
584 -34
585 -45
586 -76
587 -70
588 -7358
589 -70
590 -62
591 -561
592 -140
593 -75
594 -258
595 -76
596 -74
597 -75
598 -194
599 -21
600 -73
601 -78
602 -74
603 -90
604 -103
605 -70
606 -62
607 -73
608 -366
609 -62
610 -70
611 -75
612 -73
613 -76
614 -70
615 -108
616 -134
617 -57
618 -70
619 -75
620 -93
621 -74
622 -70
623 -75
624 -39
625 -76
626 -37
627 -75
628 -73
629 -73
630 -390
631 -76
632 -48
633 -75
634 -70
635 -74
636 -76
637 -75
638 -74
639 -75
640 -277
641 -73
642 -62
643 -73
644 -73
645 -70
646 -70
647 -431
648 -70
649 -73
650 -75
651 -75
652 -74
653 -70
654 -75
655 -293
656 -51
657 -62
658 -1281
659 -210
660 -70
661 -74
662 -2287
663 -121
664 -62
665 -75
666 -74
667 -221
668 -71
669 -76
670 -130
671 -70
672 -596
673 -70
674 -7094
675 -75
676 -105
677 -76
678 -395
679 -62
680 -70
681 -75
682 -75
683 -75
684 -73
685 -70
686 -80
687 -76
688 -75
689 -75
690 -62
691 -65
692 -75
693 -17
694 -62
695 -42
696 -493
697 -4012
698 -74
699 -62
700 -75
701 -74
702 -75
703 -75
704 -75
705 -5743
706 -81
707 -75
708 -73
709 -75
710 -70
711 -62
712 -59
713 -75
714 -73
715 -75
716 -73
717 -76
718 -73
719 -90
720 -75
721 -76
722 -75
723 -70
724 -70
725 -166
726 -150
727 -44
728 -4296
729 -70
730 -314
731 -75
732 -74
733 -62
734 -76
735 -58
736 -74
737 -62
738 -75
739 -76
740 -32
741 -6619
742 -81
743 -76
744 -76
745 -392
746 -74
747 -75
748 -75
749 -76
750 -62
751 -62
752 -70
753 -70
754 -384
755 -62
756 -70
757 -75
758 -76
759 -287
760 -75
761 -31
762 -135
763 -70
764 -76
765 -117
766 -70
767 -73
768 -70
769 -76
770 -2181
771 -74
772 -76
773 -338
774 -75
775 -74
776 -76
777 -74
778 -74
779 -156
780 -109
781 -76
782 -75
783 -70
784 -789
785 -99
786 -62
787 -801
788 -4385
789 -75
790 -76
791 -3429
792 -62
793 -62
794 -75
795 -70
796 -75
797 -74
798 -75
799 -207
800 -585
801 -70
802 -62
803 -70
804 -70
805 -73
806 -827
807 -565
808 -68
809 -324
810 -75
811 -129
812 -77
813 -70
814 -186
815 -70
816 -62
817 -80
818 -307
819 -253
820 -70
821 -62
822 -76
823 -74
824 -2664
825 -75
826 -47
827 -70
828 -73
829 -1881
830 -75
831 -75
832 -75
833 -54
834 -73
835 -62
836 -70
837 -73
838 -73
839 -113
840 -79
841 -75
842 -76
843 -75
844 -75
845 -74
846 -70
847 -150
848 -70
849 -75
850 -2816
851 -73
852 -70
853 -74
854 -62
855 -75
856 -75
857 -74
858 -741
859 -76
860 -73
861 -57
862 -70
863 -75
864 -75
865 -70
866 -75
867 -73
868 -70
869 -183
870 -74
871 -70
872 -3307
873 -62
874 -2453
875 -62
876 -360
877 -76
878 -75
879 -74
880 -70
881 -3717
882 -70
883 -157
884 -813
885 -70
886 -70
887 -76
888 -76
889 -70
890 -76
891 -90
892 -75
893 -75
894 -2466
895 -75
896 -287
897 -175
898 -74
899 -70
900 -62
901 -187
902 -81
903 -74
904 -62
905 -74
906 -647
907 -70
908 -70
909 -51
910 -75
911 -326
912 -394
913 -74
914 -75
915 -62
916 -75
917 -75
918 -75
919 -70
920 -102
921 -75
922 -74
923 -75
924 -70
925 -75
926 -75
927 -100
928 -76
929 -75
930 -62
931 -255
932 -74
933 -190
934 -75
935 -80
936 -283
937 -74
938 -75
939 -76
940 -106
941 -74
942 -70
943 -1239
944 -76
945 -70
946 -73
947 -70
948 -73
949 -70
950 -75
951 -75
952 -74
953 -76
954 -384
955 -70
956 -70
957 -70
958 -73
959 -62
960 -73
961 -826
962 -74
963 -3471
964 -314
965 -78
966 -76
967 -38
968 -76
969 -307
970 -73
971 -76
972 -69
973 -95
974 -75
975 -3394
976 -70
977 -75
978 -19
979 -75
980 -108
981 -62
982 -54
983 -76
984 -4084
985 -70
986 -74
987 -75
988 -55
989 -70
990 -46
991 -127
992 -73
993 -74
994 -70
995 -75
996 -78
997 -161
998 -70
999 -329
