0 -66
1 -431
2 -65
3 -45
4 -221
5 -920
6 -72
7 -210
8 -28
9 -35
10 -40
11 -289
12 -32
13 -3159
14 -63
15 -28
16 -525
17 -66
18 -44
19 -547
20 -65
21 -33
22 -66
23 -66
24 -64
25 -2761
26 -786
27 -52
28 -65
29 -28
30 -65
31 -66
32 -2748
33 -66
34 -65
35 -66
36 -34
37 -63
38 -922
39 -65
40 -59
41 -65
42 -33
43 -44
44 -66
45 -64
46 -54
47 -65
48 -28
49 -63
50 -65
51 -65
52 -44
53 -63
54 -65
55 -66
56 -47
57 -44
58 -313
59 -75
60 -65
61 -64
62 -28
63 -76
64 -28
65 -66
66 -1077
67 -49
68 -52
69 -66
70 -2202
71 -477
72 -28
73 -64
74 -44
75 -65
76 -44
77 -59
78 -44
79 -64
80 -145
81 -583
82 -64
83 -65
84 -66
85 -4172
86 -64
87 -44
88 -28
89 -257
90 -6645
91 -172
92 -64
93 -361
94 -44
95 -912
96 -307
97 -60
98 -65
99 -220
100 -5517
101 -2385
102 -49
103 -1279
104 -44
105 -4119
106 -63
107 -2547
108 -66
109 -66
110 -229
111 -28
112 -28
113 -64
114 -65
115 -66
116 -28
117 -484
118 -66
119 -50
120 -62
121 -65
122 -393
123 -65
124 -28
125 -68
126 -65
127 -28
128 -962
129 -28
130 -31
131 -49
132 -65
133 -44
134 -65
135 -64
136 -64
137 -44
138 -65
139 -230
140 -65
141 -28
142 -192
143 -64
144 -66
145 -71
146 -63
147 -42
148 -2495
149 -943
150 -231
151 -65
152 -2524
153 -64
154 -546
155 -66
156 -64
157 -44
158 -64
159 -643
160 -63
161 -65
162 -514
163 -44
164 -418
165 -66
166 -63
167 -65
168 -66
169 -267
170 -59
171 -63
172 -5375
173 -66
174 -65
175 -63
176 -45
177 -44
178 -28
179 -66
180 -44
181 -44
182 -66
183 -44
184 -28
185 -23
186 -66
187 -65
188 -65
189 -40
190 -2356
191 -64
192 -65
193 -63
194 -257
195 -66
196 -40
197 -65
198 -44
199 -64
200 -121
201 -65
202 -442
203 -63
204 -63
205 -66
206 -62
207 -587
208 -66
209 -64
210 -222
211 -64
212 -66
213 -65
214 -44
215 -28
216 -64
217 -64
218 -335
219 -44
220 -6632
221 -44
222 -63
223 -28
224 -319
225 -39
226 -194
227 -65
228 -65
229 -183
230 -699
231 -65
232 -28
233 -44
234 -64
235 -67
236 -54
237 -589
238 -39
239 -66
240 -5992
241 -44
242 -5735
243 -66
244 -44
245 -379
246 -60
247 -65
248 -64
249 -2105
250 -28
251 -592
252 -2008
253 -540
254 -64
255 -66
256 -64
257 -65
258 -44
259 -28
260 -28
261 -178
262 -5498
263 -65
264 -84
265 -63
266 -66
267 -65
268 -52
269 -298
270 -28
271 -65
272 -65
273 -65
274 -63
275 -285
276 -28
277 -63
278 -44
279 -112
280 -65
281 -65
282 -63
283 -63
284 -204
285 -65
286 -32
287 -65
288 -1326
289 -65
290 -66
291 -615
292 -65
293 -66
294 -60
295 -66
296 -65
297 -44
298 -3105
299 -44
300 -63
301 -40
302 -594
303 -2688
304 -65
305 -54
306 -28
307 -1701
308 -65
309 -174
310 -65
311 -63
312 -60
313 -64
314 -65
315 -66
316 -28
317 -1167
318 -63
319 -54
320 -964
321 -2271
322 -44
323 -649
324 -40
325 -66
326 -61
327 -6380
328 -64
329 -25
330 -950
331 -63
332 -857
333 -63
334 -65
335 -65
336 -63
337 -65
338 -65
339 -65
340 -44
341 -64
342 -64
343 -28
344 -64
345 -90
346 -76
347 -1147
348 -63
349 -1035
350 -28
351 -307
352 -44
353 -44
354 -28
355 -47
356 -28
357 -64
358 -284
359 -64
360 -2447
361 -40
362 -3886
363 -66
364 -65
365 -65
366 -63
367 -35
368 -63
369 -44
370 -28
371 -63
372 -55
373 -65
374 -313
375 -63
376 -64
377 -63
378 -63
379 -45
380 -2990
381 -64
382 -44
383 -54
384 -3789
385 -82
386 -64
387 -64
388 -40
389 -63
390 -44
391 -64
392 -44
393 -64
394 -368
395 -59
396 -44
397 -139
398 -64
399 -66
400 -65
401 -866
402 -63
403 -387
404 -145
405 -65
406 -65
407 -28
408 -65
409 -65
410 -2319
411 -28
412 -460
413 -65
414 -64
415 -49
416 -44
417 -425
418 -4706
419 -3440
420 -44
421 -66
422 -100
423 -427
424 -64
425 -65
426 -2918
427 -98
428 -66
429 -63
430 -64
431 -65
432 -63
433 -28
434 -65
435 -63
436 -54
437 -66
438 -172
439 -32
440 -63
441 -1970
442 -3124
443 -519
444 -74
445 -152
446 -118
447 -64
448 -65
449 -65
450 -64
451 -64
452 -44
453 -65
454 -65
455 -175
456 -5681
457 -28
458 -63
459 -65
460 -66
461 -771
462 -66
463 -223
464 -64
465 -28
466 -459
467 -44
468 -65
469 -65
470 -65
471 -40
472 -80
473 -44
474 -60
475 -52
476 -28
477 -27
478 -44
479 -44
480 -853
481 -1858
482 -366
483 -2515
484 -44
485 -44
486 -277
487 -63
488 -64
489 -63
490 -66
491 -28
492 -66
493 -65
494 -44
495 -65
496 -65
497 -1321
498 -186
499 -44
500 -28
501 -44
502 -28
503 -65
504 -63
505 -16
506 -574
507 -122
508 -28
509 -177
510 -58
511 -40
512 -55
513 -44
514 -67
515 -50
516 -64
517 -617
518 -17
519 -63
520 -28
521 -65
522 -2728
523 -283
524 -104
525 -39
526 -64
527 -1734
528 -44
529 -55
530 -28
531 -32
532 -65
533 -44
534 -757
535 -44
536 -65
537 -223
538 -44
539 -65
540 -63
541 -64
542 -28
543 -2493
544 -66
545 -64
546 -65
547 -64
548 -1581
549 -65
550 -65
551 -66
552 -54
553 -547
554 -146
555 -28
556 -226
557 -218
558 -65
559 -66
560 -336
561 -422
562 -44
563 -49
564 -65
565 -6030
566 -63
567 -478
568 -40
569 -442
570 -63
571 -64
572 -61
573 -63
574 -66
575 -56
576 -28
577 -6152
578 -28
579 -64
580 -44
581 -492
582 -65
583 -39
584 -28
585 -54
586 -344
587 -65
588 -44
589 -44
590 -64
591 -60
592 -66
593 -451
594 -64
595 -65
596 -64
597 -481
598 -64
599 -41
600 -63
601 -66
602 -28
603 -64
604 -44
605 -65
606 -64
607 -3167
608 -65
609 -65
610 -186
611 -60
612 -285
613 -55
614 -65
615 -28
616 -48
617 -63
618 -65
619 -536
620 -439
621 -362
622 -198
623 -66
624 -65
625 -49
626 -44
627 -64
628 -65
629 -64
630 -63
631 -65
632 -66
633 -181
634 -65
635 -66
636 -66
637 -28
638 -65
639 -66
640 -65
641 -949
642 -63
643 -700
644 -51
645 -59
646 -65
647 -1882
648 -63
649 -28
650 -65
651 -64
652 -66
653 -217
654 -2383
655 -76
656 -44
657 -65
658 -1663
659 -758
660 -2153
661 -64
662 -66
663 -63
664 -541
665 -45
666 -65
667 -65
668 -2585
669 -63
670 -245
671 -36
672 -44
673 -64
674 -77
675 -154
676 -65
677 -66
678 -63
679 -65
680 -65
681 -63
682 -201
683 -65
684 -70
685 -44
686 -44
687 -65
688 -103
689 -1193
690 -1676
691 -59
692 -915
693 -182
694 -207
695 -53
696 -65
697 -66
698 -77
699 -736
700 -66
701 -1066
702 -178
703 -40
704 -129
705 -66
706 -64
707 -28
708 -44
709 -64
710 -5294
711 -63
712 -102
713 -44
714 -65
715 -66
716 -44
717 -63
718 -63
719 -64
720 -60
721 -64
722 -65
723 -66
724 -63
725 -862
726 -101
727 -58
728 -65
729 -123
730 -66
731 -80
732 -65
733 -65
734 -44
735 -28
736 -66
737 -44
738 -100
739 -66
740 -178
741 -585
742 -44
743 -28
744 -44
745 -264
746 -437
747 -65
748 -65
749 -64
750 -65
751 -662
752 -65
753 -2636
754 -65
755 -63
756 -198
757 -63
758 -65
759 -45
760 -58
761 -40
762 -66
763 -65
764 -65
765 -63
766 -63
767 -50
768 -5339
769 -44
770 -65
771 -66
772 -65
773 -31
774 -67
775 -65
776 -33
777 -64
778 -64
779 -65
780 -163
781 -64
782 -71
783 -28
784 -1680
785 -63
786 -2873
787 -65
788 -66
789 -44
790 -568
791 -64
792 -49
793 -378
794 -44
795 -66
796 -65
797 -138
798 -2816
799 -64
800 -63
801 -28
802 -367
803 -202
804 -38
805 -1828
806 -66
807 -61
808 -65
809 -65
810 -28
811 -66
812 -65
813 -1605
814 -65
815 -85
816 -63
817 -44
818 -172
819 -65
820 -63
821 -65
822 -28
823 -32
824 -63
825 -445
826 -66
827 -333
828 -63
829 -54
830 -784
831 -64
832 -58
833 -65
834 -28
835 -63
836 -798
837 -64
838 -44
839 -6954
840 -65
841 -65
842 -65
843 -65
844 -66
845 -747
846 -65
847 -82
848 -66
849 -65
850 -44
851 -44
852 -63
853 -1749
854 -65
855 -65
856 -32
857 -86
858 -60
859 -45
860 -227
861 -35
862 -1172
863 -28
864 -65
865 -55
866 -54
867 -141
868 -44
869 -65
870 -44
871 -65
872 -47
873 -144
874 -39
875 -28
876 -63
877 -65
878 -63
879 -64
880 -28
881 -4268
882 -58
883 -64
884 -633
885 -111
886 -64
887 -40
888 -3689
889 -28
890 -65
891 -66
892 -66
893 -1086
894 -144
895 -65
896 -1044
897 -551
898 -89
899 -498
900 -176
901 -58
902 -66
903 -64
904 -66
905 -28
906 -65
907 -65
908 -28
909 -140
910 -414
911 -65
912 -5781
913 -49
914 -65
915 -48
916 -44
917 -65
918 -63
919 -467
920 -65
921 -63
922 -33
923 -569
924 -596
925 -171
926 -196
927 -44
928 -244
929 -66
930 -59
931 -64
932 -64
933 -28
934 -66
935 -44
936 -63
937 -66
938 -44
939 -65
940 -64
941 -74
942 -60
943 -63
944 -44
945 -534
946 -64
947 -64
948 -44
949 -135
950 -266
951 -44
952 -44
953 -64
954 -28
955 -28
956 -63
957 -28
958 -626
959 -44
960 -65
961 -28
962 -66
963 -64
964 -761
965 -189
966 -4485
967 -28
968 -28
969 -242
970 -65
971 -717
972 -28
973 -343
974 -342
975 -65
976 -44
977 -13528
978 -64
979 -65
980 -622
981 -186
982 -44
983 -29
984 -65
985 -28
986 -56
987 -111
988 -35
989 -65
990 -66
991 -65
992 -44
993 -339
994 -1423
995 -28
996 -28
997 -577
998 -49
999 -65
