0 -63
1 -2227
2 -52
3 -64
4 -65
5 -727
6 -65
7 -78
8 -51
9 -3106
10 -2713
11 -149
12 -1686
13 -65
14 -64
15 -63
16 -2489
17 -64
18 -426
19 -64
20 -65
21 -64
22 -65
23 -65
24 -23
25 -65
26 -1333
27 -65
28 -93
29 -127
30 -2720
31 -65
32 -64
33 -1911
34 -63
35 -1845
36 -64
37 -64
38 -65
39 -63
40 -76
41 -65
42 -2301
43 -51
44 -63
45 -52
46 -65
47 -47
48 -65
49 -2067
50 -339
51 -64
52 -652
53 -3242
54 -85
55 -435
56 -986
57 -2042
58 -3486
59 -64
60 -6928
61 -1316
62 -65
63 -64
64 -39
65 -63
66 -2311
67 -64
68 -65
69 -59
70 -56
71 -51
72 -65
73 -5487
74 -65
75 -33
76 -1005
77 -53
78 -65
79 -65
80 -63
81 -1346
82 -70
83 -116
84 -65
85 -51
86 -65
87 -240
88 -52
89 -65
90 -421
91 -63
92 -1759
93 -44
94 -361
95 -38
96 -64
97 -1778
98 -37
99 -65
100 -47
101 -2571
102 -65
103 -53
104 -4056
105 -60
106 -285
107 -58
108 -64
109 -1244
110 -828
111 -64
112 -57
113 -65
114 -1238
115 -11903
116 -65
117 -65
118 -4332
119 -65
120 -51
121 -64
122 -54
123 -65
124 -65
125 -65
126 -5072
127 -2000
128 -63
129 -64
130 -47
131 -65
132 -5154
133 -65
134 -65
135 -64
136 -65
137 -65
138 -63
139 -64
140 -47
141 -65
142 -146
143 -348
144 -431
145 -6985
146 -55
147 -65
148 -72
149 -63
150 -64
151 -65
152 -65
153 -64
154 -63
155 -65
156 -1700
157 -2881
158 -671
159 -65
160 -6496
161 -65
162 -63
163 -1767
164 -65
165 -63
166 -63
167 -70
168 -344
169 -65
170 -2565
171 -54
172 -64
173 -2465
174 -2983
175 -765
176 -51
177 -47
178 -65
179 -65
180 -2207
181 -47
182 -57
183 -65
184 -9017
185 -441
186 -65
187 -63
188 -65
189 -93
190 -7448
191 -4476
192 -65
193 -65
194 -63
195 -63
196 -65
197 -65
198 -63
199 -190
200 -65
201 -568
202 -63
203 -1025
204 -4144
205 -65
206 -4230
207 -55
208 -404
209 -63
210 -65
211 -70
212 -1052
213 -65
214 -176
215 -567
216 -65
217 -63
218 -65
219 -65
220 -65
221 -63
222 -63
223 -4149
224 -47
225 -1716
226 -65
227 -2295
228 -72
229 -45
230 -1591
231 -51
232 -52
233 -64
234 -35
235 -64
236 -64
237 -4931
238 -64
239 -345
240 -97
241 -56
242 -64
243 -65
244 -65
245 -44
246 -51
247 -65
248 -8721
249 -51
250 -51
251 -64
252 -64
253 -109
254 -65
255 -65
256 -65
257 -65
258 -2715
259 -75
260 -48
261 -6259
262 -2584
263 -63
264 -51
265 -65
266 -65
267 -65
268 -54
269 -77
270 -65
271 -2033
272 -65
273 -52
274 -65
275 -1716
276 -65
277 -1065
278 -515
279 -273
280 -64
281 -44
282 -5381
283 -65
284 -53
285 -267
286 -65
287 -37
288 -970
289 -43
290 -1497
291 -64
292 -2211
293 -57
294 -2122
295 -62
296 -828
297 -1644
298 -962
299 -65
300 -176
301 -65
302 -63
303 -51
304 -43
305 -63
306 -34
307 -1944
308 -64
309 -709
310 -47
311 -64
312 -19
313 -91
314 -2202
315 -417
316 -63
317 -65
318 -63
319 -63
320 -47
321 -80
322 -63
323 -69
324 -43
325 -58
326 -2406
327 -65
328 -65
329 -2212
330 -64
331 -46
332 -50
333 -65
334 -90
335 -47
336 -65
337 -65
338 -52
339 -65
340 -64
341 -2785
342 -63
343 -2675
344 -64
345 -64
346 -787
347 -1653
348 -65
349 -4476
350 -48
351 -65
352 -2701
353 -63
354 -63
355 -758
356 -64
357 -154
358 -460
359 -4149
360 -312
361 -51
362 -65
363 -40
364 -65
365 -1275
366 -10113
367 -65
368 -63
369 -51
370 -1065
371 -5189
372 -47
373 -52
374 -63
375 -4098
376 -48
377 -65
378 -656
379 -45
380 -65
381 -166
382 -106
383 -64
384 -1168
385 -55
386 -65
387 -63
388 -47
389 -1744
390 -65
391 -63
392 -58
393 -65
394 -60
395 -64
396 -43
397 -82
398 -65
399 -2215
400 -65
401 -64
402 -16781
403 -1662
404 -64
405 -65
406 -65
407 -64
408 -54
409 -293
410 -65
411 -75
412 -54
413 -65
414 -1179
415 -444
416 -65
417 -55
418 -65
419 -64
420 -43
421 -3507
422 -435
423 -174
424 -38
425 -59
426 -51
427 -65
428 -742
429 -4577
430 -65
431 -44
432 -64
433 -64
434 -65
435 -65
436 -3414
437 -64
438 -43
439 -63
440 -64
441 -2404
442 -3865
443 -24
444 -63
445 -690
446 -76
447 -65
448 -65
449 -68
450 -65
451 -360
452 -65
453 -51
454 -65
455 -52
456 -354
457 -63
458 -107
459 -81
460 -48
461 -2010
462 -2466
463 -65
464 -62
465 -4094
466 -64
467 -65
468 -65
469 -47
470 -1178
471 -64
472 -4575
473 -1047
474 -3335
475 -101
476 -211
477 -127
478 -65
479 -65
480 -63
481 -65
482 -64
483 -6042
484 -47
485 -40
486 -42
487 -4582
488 -64
489 -65
490 -59
491 -324
492 -65
493 -51
494 -81
495 -52
496 -64
497 -54
498 -42
499 -81
500 -65
501 -3339
502 -2261
503 -65
504 -61
505 -1091
506 -65
507 -65
508 -2479
509 -2269
510 -63
511 -3867
512 -64
513 -68
514 -350
515 -63
516 -65
517 -463
518 -63
519 -53
520 -63
521 -43
522 -65
523 -58
524 -64
525 -65
526 -1300
527 -65
528 -48
529 -47
530 -207
531 -64
532 -63
533 -48
534 -65
535 -63
536 -57
537 -65
538 -65
539 -105
540 -930
541 -65
542 -63
543 -47
544 -64
545 -1951
546 -47
547 -51
548 -65
549 -43
550 -243
551 -65
552 -4001
553 -65
554 -65
555 -69
556 -1734
557 -2347
558 -63
559 -64
560 -47
561 -4854
562 -65
563 -52
564 -52
565 -57
566 -59
567 -64
568 -805
569 -64
570 -41
571 -65
572 -65
573 -65
574 -65
575 -281
576 -65
577 -54
578 -65
579 -58
580 -65
581 -92
582 -65
583 -1045
584 -63
585 -65
586 -1863
587 -2869
588 -54
589 -43
590 -3580
591 -154
592 -65
593 -65
594 -2151
595 -1001
596 -2350
597 -6948
598 -1460
599 -122
600 -69
601 -239
602 -63
603 -604
604 -64
605 -65
606 -64
607 -2332
608 -65
609 -554
610 -65
611 -34
612 -1226
613 -228
614 -65
615 -65
616 -64
617 -670
618 -48
619 -63
620 -65
621 -417
622 -65
623 -1446
624 -2957
625 -63
626 -127
627 -65
628 -63
629 -1014
630 -51
631 -1392
632 -1865
633 -64
634 -65
635 -65
636 -706
637 -65
638 -45
639 -63
640 -1517
641 -1039
642 -65
643 -58
644 -567
645 -65
646 -1608
647 -47
648 -63
649 -1131
650 -63
651 -2899
652 -675
653 -3832
654 -64
655 -42
656 -65
657 -64
658 -62
659 -47
660 -65
661 -2336
662 -47
663 -65
664 -672
665 -1881
666 -1209
667 -65
668 -69
669 -2386
670 -63
671 -6499
672 -48
673 -64
674 -2115
675 -4571
676 -64
677 -54
678 -65
679 -6037
680 -65
681 -65
682 -1665
683 -6049
684 -63
685 -2058
686 -5816
687 -65
688 -47
689 -2631
690 -56
691 -2665
692 -1611
693 -406
694 -912
695 -64
696 -1063
697 -50
698 -2922
699 -702
700 -65
701 -7146
702 -66
703 -64
704 -65
705 -63
706 -65
707 -64
708 -54
709 -1246
710 -337
711 -66
712 -51
713 -373
714 -65
715 -47
716 -64
717 -51
718 -65
719 -835
720 -45
721 -4165
722 -979
723 -2121
724 -63
725 -26
726 -65
727 -63
728 -65
729 -63
730 -258
731 -63
732 -1808
733 -2798
734 -64
735 -1140
736 -45
737 -65
738 -2027
739 -65
740 -65
741 -65
742 -64
743 -3989
744 -65
745 -554
746 -957
747 -1951
748 -63
749 -65
750 -2171
751 -277
752 -2570
753 -136
754 -511
755 -63
756 -222
757 -63
758 -70
759 -65
760 -375
761 -65
762 -12786
763 -65
764 -51
765 -614
766 -64
767 -64
768 -65
769 -43
770 -2128
771 -52
772 -63
773 -64
774 -191
775 -47
776 -73
777 -64
778 -63
779 -65
780 -1572
781 -65
782 -3406
783 -63
784 -542
785 -45
786 -6304
787 -1661
788 -2181
789 -47
790 -64
791 -3293
792 -982
793 -1562
794 -65
795 -64
796 -315
797 -281
798 -47
799 -2960
800 -953
801 -65
802 -2231
803 -65
804 -46
805 -1823
806 -63
807 -61
808 -2765
809 -323
810 -4138
811 -87
812 -8989
813 -60
814 -3173
815 -2704
816 -1599
817 -65
818 -52
819 -1830
820 -948
821 -64
822 -1289
823 -1166
824 -51
825 -5733
826 -3571
827 -263
828 -64
829 -589
830 -65
831 -63
832 -1907
833 -65
834 -57
835 -50
836 -65
837 -65
838 -51
839 -4401
840 -52
841 -64
842 -64
843 -2733
844 -452
845 -4729
846 -51
847 -1944
848 -63
849 -52
850 -63
851 -48
852 -56
853 -63
854 -106
855 -65
856 -64
857 -65
858 -49
859 -172
860 -1926
861 -63
862 -100
863 -2188
864 -432
865 -63
866 -65
867 -40
868 -1802
869 -1650
870 -65
871 -69
872 -17
873 -2610
874 -3568
875 -65
876 -65
877 -807
878 -1152
879 -64
880 -65
881 -11396
882 -1793
883 -63
884 -63
885 -65
886 -43
887 -175
888 -65
889 -275
890 -65
891 -65
892 -65
893 -42
894 -1387
895 -483
896 -2816
897 -77
898 -1126
899 -1517
900 -66
901 -64
902 -140
903 -260
904 -47
905 -65
906 -65
907 -63
908 -51
909 -595
910 -65
911 -392
912 -65
913 -1200
914 -44
915 -67
916 -3813
917 -63
918 -660
919 -65
920 -65
921 -65
922 -63
923 -65
924 -34
925 -4040
926 -65
927 -807
928 -422
929 -42
930 -34
931 -1626
932 -65
933 -63
934 -51
935 -65
936 -4775
937 -65
938 -47
939 -246
940 -54
941 -49
942 -44
943 -65
944 -314
945 -64
946 -51
947 -63
948 -65
949 -1103
950 -43
951 -66
952 -64
953 -65
954 -2764
955 -65
956 -41
957 -51
958 -65
959 -65
960 -140
961 -115
962 -75
963 -64
964 -558
965 -6724
966 -3147
967 -65
968 -65
969 -63
970 -65
971 -1152
972 -63
973 -65
974 -51
975 -4493
976 -523
977 -65
978 -41
979 -1143
980 -55
981 -64
982 -65
983 -35
984 -65
985 -132
986 -61
987 -140
988 -43
989 -3901
990 -51
991 -63
992 -2273
993 -64
994 -69
995 -52
996 -77
997 -1173
998 -63
999 -4938
