0 -73
1 -74
2 -76
3 -73
4 -73
5 -73
6 -70
7 -74
8 -242
9 -70
10 -92
11 -70
12 -193
13 -75
14 -75
15 -75
16 -73
17 -489
18 -70
19 -73
20 -75
21 -187
22 -73
23 -76
24 -712
25 -75
26 -65
27 -74
28 -968
29 -3762
30 -78
31 -70
32 -934
33 -73
34 -331
35 -1212
36 -74
37 -1621
38 -73
39 -35
40 -70
41 -70
42 -75
43 -76
44 -74
45 -428
46 -75
47 -76
48 -35
49 -27
50 -43
51 -70
52 -75
53 -35
54 -73
55 -76
56 -77
57 -49
58 -52
59 -27
60 -35
61 -58
62 -68
63 -708
64 -74
65 -75
66 -73
67 -35
68 -70
69 -74
70 -74
71 -46
72 -76
73 -297
74 -75
75 -76
76 -76
77 -75
78 -531
79 -2122
80 -517
81 -73
82 -70
83 -74
84 -62
85 -75
86 -1592
87 -882
88 -4997
89 -167
90 -70
91 -1762
92 -74
93 -35
94 -70
95 -76
96 -134
97 -36
98 -35
99 -92
100 -202
101 -73
102 -235
103 -75
104 -70
105 -74
106 -53
107 -4722
108 -76
109 -3332
110 -76
111 -1172
112 -35
113 -1242
114 -76
115 -70
116 -537
117 -27
118 -545
119 -77
120 -357
121 -1692
122 -34
123 -68
124 -70
125 -85
126 -76
127 -252
128 -73
129 -1707
130 -70
131 -564
132 -76
133 -73
134 -153
135 -80
136 -70
137 -472
138 -73
139 -35
140 -1622
141 -46
142 -35
143 -75
144 -75
145 -42
146 -610
147 -111
148 -74
149 -87
150 -75
151 -75
152 -423
153 -70
154 -70
155 -70
156 -27
157 -70
158 -66
159 -185
160 -73
161 -76
162 -75
163 -74
164 -816
165 -75
166 -74
167 -833
168 -27
169 -27
170 -530
171 -182
172 -35
173 -74
174 -74
175 -325
176 -70
177 -35
178 -27
179 -75
180 -227
181 -70
182 -450
183 -87
184 -4227
185 -35
186 -46
187 -480
188 -27
189 -27
190 -73
191 -75
192 -76
193 -75
194 -3287
195 -381
196 -35
197 -70
198 -4552
199 -650
200 -80
201 -73
202 -70
203 -157
204 -75
205 -38
206 -947
207 -509
208 -75
209 -1347
210 -27
211 -73
212 -404
213 -35
214 -75
215 -27
216 -422
217 -73
218 -70
219 -4262
220 -35
221 -75
222 -27
223 -76
224 -1937
225 -27
226 -70
227 -713
228 -27
229 -70
230 -73
231 -75
232 -74
233 -73
234 -76
235 -332
236 -75
237 -272
238 -65
239 -76
240 -70
241 -977
242 -2992
243 -1152
244 -69
245 -75
246 -680
247 -195
248 -74
249 -75
250 -2347
251 -75
252 -75
253 -73
254 -431
255 -58
256 -442
257 -27
258 -61
259 -35
260 -75
261 -27
262 -27
263 -557
264 -73
265 -73
266 -76
267 -70
268 -968
269 -27
270 -70
271 -74
272 -35
273 -75
274 -444
275 -75
276 -26
277 -79
278 -75
279 -111
280 -76
281 -75
282 -2482
283 -35
284 -76
285 -70
286 -553
287 -138
288 -65
289 -66
290 -73
291 -561
292 -27
293 -1352
294 -75
295 -27
296 -75
297 -39
298 -70
299 -27
300 -297
301 -64
302 -70
303 -76
304 -73
305 -35
306 -70
307 -70
308 -69
309 -35
310 -465
311 -75
312 -70
313 -76
314 -27
315 -66
316 -27
317 -80
318 -73
319 -75
320 -73
321 -75
322 -76
323 -80
324 -187
325 -27
326 -90
327 -246
328 -387
329 -27
330 -6601
331 -75
332 -34
333 -70
334 -64
335 -27
336 -74
337 -1737
338 -99
339 -477
340 -75
341 -34
342 -74
343 -75
344 -76
345 -27
346 -75
347 -48
348 -155
349 -74
350 -73
351 -125
352 -35
353 -2002
354 -70
355 -76
356 -75
357 -28
358 -348
359 -35
360 -27
361 -76
362 -27
363 -76
364 -73
365 -34
366 -36
367 -27
368 -70
369 -74
370 -73
371 -71
372 -27
373 -287
374 -27
375 -288
376 -2110
377 -73
378 -232
379 -27
380 -76
381 -75
382 -307
383 -492
384 -75
385 -35
386 -203
387 -132
388 -125
389 -512
390 -75
391 -75
392 -35
393 -866
394 -496
395 -70
396 -74
397 -27
398 -75
399 -818
400 -73
401 -77
402 -73
403 -28
404 -74
405 -238
406 -73
407 -65
408 -73
409 -505
410 -76
411 -27
412 -78
413 -4302
414 -76
415 -1402
416 -35
417 -35
418 -70
419 -27
420 -327
421 -74
422 -2247
423 -70
424 -93
425 -75
426 -74
427 -102
428 -75
429 -35
430 -75
431 -73
432 -70
433 -75
434 -1352
435 -76
436 -787
437 -222
438 -426
439 -76
440 -76
441 -70
442 -75
443 -73
444 -73
445 -76
446 -4037
447 -74
448 -467
449 -70
450 -76
451 -2257
452 -74
453 -74
454 -76
455 -70
456 -74
457 -27
458 -1748
459 -34
460 -541
461 -1702
462 -74
463 -70
464 -917
465 -35
466 -75
467 -75
468 -2157
469 -70
470 -27
471 -28
472 -75
473 -76
474 -70
475 -35
476 -74
477 -35
478 -27
479 -27
480 -551
481 -242
482 -75
483 -375
484 -75
485 -73
486 -73
487 -74
488 -70
489 -73
490 -75
491 -235
492 -35
493 -70
494 -460
495 -31
496 -75
497 -76
498 -764
499 -384
500 -27
501 -266
502 -70
503 -76
504 -508
505 -74
506 -1322
507 -969
508 -74
509 -35
510 -74
511 -81
512 -1222
513 -35
514 -75
515 -74
516 -345
517 -74
518 -70
519 -27
520 -76
521 -1013
522 -73
523 -70
524 -75
525 -162
526 -73
527 -158
528 -510
529 -932
530 -2795
531 -3292
532 -74
533 -247
534 -75
535 -27
536 -35
537 -70
538 -74
539 -74
540 -75
541 -535
542 -75
543 -75
544 -837
545 -76
546 -387
547 -27
548 -27
549 -73
550 -73
551 -74
552 -102
553 -70
554 -1026
555 -75
556 -76
557 -73
558 -1982
559 -58
560 -35
561 -504
562 -126
563 -75
564 -75
565 -295
566 -27
567 -572
568 -70
569 -70
570 -75
571 -56
572 -277
573 -27
574 -47
575 -35
576 -76
577 -76
578 -442
579 -35
580 -70
581 -76
582 -73
583 -341
584 -69
585 -74
586 -76
587 -52
588 -661
589 -75
590 -356
591 -2667
592 -35
593 -80
594 -74
595 -76
596 -70
597 -35
598 -75
599 -75
600 -73
601 -76
602 -75
603 -284
604 -70
605 -35
606 -252
607 -27
608 -27
609 -76
610 -27
611 -80
612 -76
613 -35
614 -75
615 -76
616 -75
617 -66
618 -27
619 -75
620 -74
621 -84
622 -75
623 -68
624 -76
625 -75
626 -74
627 -76
628 -76
629 -76
630 -73
631 -70
632 -35
633 -42
634 -75
635 -76
636 -75
637 -75
638 -27
639 -34
640 -35
641 -35
642 -837
643 -52
644 -74
645 -75
646 -70
647 -75
648 -76
649 -76
650 -75
651 -76
652 -982
653 -27
654 -187
655 -56
656 -205
657 -73
658 -2277
659 -553
660 -61
661 -76
662 -76
663 -27
664 -27
665 -27
666 -35
667 -35
668 -86
669 -27
670 -2712
671 -2222
672 -76
673 -74
674 -1182
675 -70
676 -35
677 -75
678 -1503
679 -3297
680 -70
681 -70
682 -213
683 -75
684 -27
685 -802
686 -74
687 -75
688 -397
689 -27
690 -262
691 -73
692 -1972
693 -70
694 -27
695 -76
696 -76
697 -852
698 -98
699 -75
700 -74
701 -195
702 -70
703 -70
704 -73
705 -74
706 -76
707 -3037
708 -1175
709 -74
710 -288
711 -75
712 -75
713 -69
714 -27
715 -74
716 -27
717 -856
718 -326
719 -75
720 -74
721 -73
722 -298
723 -75
724 -70
725 -76
726 -35
727 -74
728 -328
729 -76
730 -75
731 -75
732 -73
733 -76
734 -104
735 -27
736 -73
737 -75
738 -3562
739 -75
740 -35
741 -76
742 -35
743 -27
744 -376
745 -70
746 -1642
747 -74
748 -59
749 -70
750 -753
751 -27
752 -75
753 -112
754 -367
755 -27
756 -35
757 -57
758 -1187
759 -35
760 -974
761 -74
762 -27
763 -75
764 -101
765 -291
766 -50
767 -76
768 -75
769 -73
770 -55
771 -35
772 -316
773 -83
774 -75
775 -35
776 -76
777 -77
778 -35
779 -76
780 -73
781 -73
782 -70
783 -73
784 -425
785 -27
786 -27
787 -171
788 -76
789 -74
790 -74
791 -307
792 -2552
793 -73
794 -35
795 -75
796 -74
797 -186
798 -73
799 -27
800 -74
801 -75
802 -356
803 -70
804 -27
805 -341
806 -75
807 -178
808 -171
809 -28
810 -75
811 -2232
812 -74
813 -35
814 -35
815 -74
816 -70
817 -75
818 -66
819 -27
820 -75
821 -73
822 -52
823 -286
824 -76
825 -73
826 -35
827 -246
828 -35
829 -2977
830 -1867
831 -75
832 -75
833 -70
834 -227
835 -1056
836 -76
837 -76
838 -70
839 -35
840 -27
841 -35
842 -76
843 -75
844 -67
845 -8637
846 -27
847 -75
848 -35
849 -75
850 -70
851 -27
852 -564
853 -27
854 -459
855 -75
856 -1857
857 -76
858 -331
859 -76
860 -27
861 -75
862 -76
863 -70
864 -27
865 -75
866 -74
867 -27
868 -75
869 -75
870 -73
871 -76
872 -75
873 -75
874 -35
875 -35
876 -1087
877 -35
878 -74
879 -899
880 -75
881 -73
882 -963
883 -2662
884 -76
885 -997
886 -412
887 -75
888 -27
889 -4293
890 -1419
891 -38
892 -1462
893 -73
894 -75
895 -75
896 -782
897 -74
898 -70
899 -27
900 -80
901 -74
902 -70
903 -977
904 -636
905 -75
906 -35
907 -35
908 -70
909 -302
910 -74
911 -74
912 -67
913 -74
914 -35
915 -27
916 -187
917 -370
918 -35
919 -75
920 -2177
921 -75
922 -69
923 -306
924 -73
925 -76
926 -74
927 -277
928 -70
929 -73
930 -76
931 -217
932 -75
933 -75
934 -27
935 -231
936 -75
937 -193
938 -459
939 -75
940 -27
941 -73
942 -35
943 -6487
944 -75
945 -74
946 -73
947 -76
948 -76
949 -27
950 -1233
951 -75
952 -35
953 -76
954 -27
955 -27
956 -75
957 -74
958 -359
959 -74
960 -76
961 -70
962 -1382
963 -27
964 -1737
965 -70
966 -36
967 -75
968 -632
969 -1202
970 -67
971 -70
972 -73
973 -70
974 -507
975 -73
976 -73
977 -967
978 -884
979 -1147
980 -75
981 -74
982 -5697
983 -349
984 -448
985 -75
986 -32
987 -3497
988 -181
989 -262
990 -75
991 -75
992 -27
993 -75
994 -27
995 -74
996 -76
997 -75
998 -75
999 -332
