0 -2076
1 -73
2 -75
3 -70
4 -4498
5 -75
6 -43
7 -76
8 -70
9 -74
10 -73
11 -75
12 -74
13 -76
14 -62
15 -319
16 -730
17 -622
18 -296
19 -75
20 -70
21 -58
22 -5385
23 -73
24 -70
25 -62
26 -70
27 -196
28 -59
29 -63
30 -3942
31 -74
32 -70
33 -74
34 -643
35 -70
36 -186
37 -70
38 -662
39 -73
40 -63
41 -62
42 -86
43 -70
44 -62
45 -4168
46 -3666
47 -232
48 -1255
49 -182
50 -172
51 -76
52 -386
53 -73
54 -76
55 -74
56 -43
57 -73
58 -75
59 -70
60 -71
61 -70
62 -48
63 -75
64 -76
65 -76
66 -70
67 -70
68 -112
69 -75
70 -75
71 -43
72 -75
73 -76
74 -73
75 -76
76 -74
77 -76
78 -74
79 -70
80 -75
81 -70
82 -39
83 -70
84 -75
85 -58
86 -75
87 -2339
88 -73
89 -70
90 -75
91 -409
92 -70
93 -70
94 -3462
95 -74
96 -76
97 -76
98 -70
99 -62
100 -187
101 -136
102 -70
103 -75
104 -56
105 -75
106 -70
107 -273
108 -559
109 -73
110 -43
111 -73
112 -75
113 -75
114 -70
115 -175
116 -76
117 -39
118 -73
119 -62
120 -113
121 -70
122 -73
123 -62
124 -75
125 -172
126 -665
127 -76
128 -75
129 -75
130 -70
131 -427
132 -75
133 -73
134 -70
135 -75
136 -70
137 -90
138 -70
139 -3725
140 -75
141 -62
142 -70
143 -51
144 -73
145 -62
146 -91
147 -76
148 -268
149 -63
150 -78
151 -63
152 -188
153 -70
154 -1435
155 -74
156 -75
157 -70
158 -76
159 -110
160 -70
161 -76
162 -528
163 -70
164 -70
165 -473
166 -70
167 -74
168 -70
169 -75
170 -70
171 -75
172 -73
173 -73
174 -709
175 -70
176 -70
177 -75
178 -70
179 -3614
180 -75
181 -76
182 -75
183 -73
184 -58
185 -70
186 -75
187 -75
188 -3626
189 -1006
190 -76
191 -62
192 -40
193 -39
194 -62
195 -75
196 -75
197 -863
198 -527
199 -76
200 -70
201 -75
202 -63
203 -62
204 -75
205 -74
206 -74
207 -2724
208 -63
209 -75
210 -429
211 -59
212 -70
213 -382
214 -70
215 -70
216 -75
217 -225
218 -70
219 -62
220 -180
221 -70
222 -76
223 -73
224 -75
225 -62
226 -260
227 -70
228 -75
229 -62
230 -70
231 -75
232 -39
233 -205
234 -73
235 -70
236 -3745
237 -482
238 -62
239 -70
240 -711
241 -275
242 -76
243 -75
244 -236
245 -62
246 -73
247 -75
248 -70
249 -75
250 -75
251 -73
252 -58
253 -6598
254 -74
255 -70
256 -74
257 -109
258 -195
259 -70
260 -70
261 -75
262 -76
263 -39
264 -62
265 -75
266 -76
267 -73
268 -73
269 -75
270 -75
271 -62
272 -74
273 -70
274 -61
275 -73
276 -75
277 -58
278 -311
279 -3266
280 -80
281 -349
282 -48
283 -73
284 -67
285 -75
286 -75
287 -75
288 -75
289 -70
290 -43
291 -74
292 -53
293 -74
294 -75
295 -74
296 -380
297 -70
298 -126
299 -76
300 -74
301 -386
302 -75
303 -78
304 -3934
305 -76
306 -76
307 -62
308 -75
309 -62
310 -75
311 -74
312 -2004
313 -70
314 -245
315 -62
316 -75
317 -73
318 -622
319 -75
320 -62
321 -73
322 -70
323 -70
324 -226
325 -70
326 -62
327 -210
328 -80
329 -70
330 -70
331 -383
332 -70
333 -76
334 -76
335 -76
336 -74
337 -62
338 -217
339 -80
340 -70
341 -70
342 -76
343 -62
344 -70
345 -305
346 -63
347 -75
348 -62
349 -2119
350 -62
351 -62
352 -242
353 -70
354 -39
355 -62
356 -2487
357 -75
358 -75
359 -395
360 -73
361 -70
362 -62
363 -62
364 -825
365 -73
366 -70
367 -75
368 -53
369 -75
370 -54
371 -79
372 -70
373 -76
374 -75
375 -75
376 -1521
377 -67
378 -73
379 -45
380 -75
381 -70
382 -70
383 -104
384 -244
385 -59
386 -76
387 -53
388 -274
389 -122
390 -70
391 -73
392 -62
393 -78
394 -62
395 -70
396 -74
397 -70
398 -75
399 -59
400 -62
401 -75
402 -74
403 -70
404 -43
405 -76
406 -59
407 -4297
408 -75
409 -77
410 -70
411 -73
412 -86
413 -58
414 -62
415 -73
416 -62
417 -73
418 -76
419 -79
420 -73
421 -73
422 -75
423 -133
424 -131
425 -76
426 -70
427 -75
428 -382
429 -70
430 -75
431 -70
432 -70
433 -62
434 -75
435 -73
436 -75
437 -75
438 -75
439 -76
440 -74
441 -74
442 -66
443 -70
444 -70
445 -70
446 -75
447 -73
448 -74
449 -66
450 -62
451 -62
452 -43
453 -76
454 -74
455 -75
456 -76
457 -43
458 -74
459 -74
460 -70
461 -5576
462 -73
463 -62
464 -76
465 -45
466 -74
467 -52
468 -62
469 -70
470 -75
471 -94
472 -62
473 -58
474 -2337
475 -1365
476 -2553
477 -74
478 -105
479 -3029
480 -75
481 -73
482 -62
483 -62
484 -70
485 -75
486 -856
487 -370
488 -62
489 -70
490 -74
491 -48
492 -75
493 -63
494 -70
495 -39
496 -70
497 -63
498 -70
499 -70
500 -70
501 -4409
502 -73
503 -62
504 -171
505 -74
506 -75
507 -89
508 -75
509 -74
510 -602
511 -79
512 -9096
513 -75
514 -70
515 -87
516 -62
517 -73
518 -65
519 -598
520 -70
521 -75
522 -74
523 -314
524 -74
525 -70
526 -62
527 -60
528 -43
529 -62
530 -75
531 -79
532 -70
533 -75
534 -62
535 -309
536 -73
537 -53
538 -75
539 -74
540 -43
541 -266
542 -63
543 -70
544 -1143
545 -75
546 -74
547 -70
548 -76
549 -70
550 -48
551 -74
552 -75
553 -43
554 -62
555 -62
556 -90
557 -39
558 -70
559 -70
560 -43
561 -41
562 -62
563 -46
564 -70
565 -70
566 -70
567 -142
568 -44
569 -70
570 -2056
571 -70
572 -76
573 -75
574 -75
575 -74
576 -62
577 -3584
578 -70
579 -3103
580 -74
581 -62
582 -73
583 -70
584 -74
585 -76
586 -73
587 -70
588 -62
589 -74
590 -63
591 -73
592 -211
593 -74
594 -70
595 -121
596 -75
597 -73
598 -74
599 -70
600 -73
601 -70
602 -695
603 -70
604 -63
605 -70
606 -43
607 -62
608 -48
609 -62
610 -70
611 -62
612 -70
613 -76
614 -62
615 -413
616 -73
617 -70
618 -2746
619 -76
620 -74
621 -62
622 -62
623 -1315
624 -73
625 -75
626 -74
627 -74
628 -63
629 -75
630 -73
631 -110
632 -74
633 -74
634 -74
635 -225
636 -76
637 -75
638 -628
639 -75
640 -354
641 -75
642 -70
643 -398
644 -309
645 -75
646 -62
647 -73
648 -75
649 -2725
650 -139
651 -70
652 -74
653 -1640
654 -67
655 -43
656 -76
657 -76
658 -48
659 -73
660 -62
661 -70
662 -70
663 -70
664 -76
665 -1006
666 -75
667 -79
668 -70
669 -112
670 -43
671 -74
672 -70
673 -76
674 -2031
675 -48
676 -73
677 -62
678 -70
679 -70
680 -70
681 -2337
682 -73
683 -50
684 -75
685 -182
686 -2664
687 -70
688 -70
689 -75
690 -70
691 -63
692 -53
693 -62
694 -73
695 -59
696 -76
697 -3563
698 -398
699 -75
700 -1370
701 -103
702 -75
703 -75
704 -70
705 -70
706 -73
707 -1158
708 -73
709 -63
710 -75
711 -70
712 -517
713 -73
714 -74
715 -76
716 -75
717 -70
718 -172
719 -70
720 -108
721 -75
722 -119
723 -74
724 -70
725 -76
726 -63
727 -4119
728 -48
729 -75
730 -74
731 -76
732 -76
733 -462
734 -75
735 -3033
736 -70
737 -149
738 -62
739 -103
740 -8074
741 -62
742 -73
743 -76
744 -70
745 -75
746 -39
747 -58
748 -68
749 -62
750 -64
751 -76
752 -74
753 -75
754 -75
755 -75
756 -76
757 -196
758 -75
759 -74
760 -75
761 -62
762 -70
763 -76
764 -75
765 -122
766 -73
767 -50
768 -204
769 -404
770 -58
771 -1869
772 -62
773 -74
774 -143
775 -70
776 -75
777 -73
778 -73
779 -73
780 -70
781 -75
782 -359
783 -74
784 -70
785 -75
786 -141
787 -73
788 -43
789 -75
790 -44
791 -75
792 -74
793 -74
794 -761
795 -97
796 -53
797 -75
798 -75
799 -75
800 -70
801 -70
802 -70
803 -75
804 -75
805 -175
806 -75
807 -70
808 -74
809 -1912
810 -62
811 -217
812 -73
813 -75
814 -127
815 -62
816 -70
817 -70
818 -62
819 -4265
820 -75
821 -70
822 -5144
823 -70
824 -75
825 -76
826 -75
827 -953
828 -75
829 -76
830 -76
831 -75
832 -70
833 -70
834 -70
835 -135
836 -43
837 -70
838 -76
839 -74
840 -472
841 -1841
842 -75
843 -75
844 -62
845 -1264
846 -62
847 -291
848 -70
849 -74
850 -170
851 -59
852 -70
853 -131
854 -130
855 -70
856 -1422
857 -62
858 -73
859 -75
860 -63
861 -403
862 -839
863 -73
864 -61
865 -73
866 -73
867 -70
868 -75
869 -53
870 -63
871 -70
872 -74
873 -76
874 -53
875 -76
876 -74
877 -70
878 -73
879 -65
880 -75
881 -75
882 -75
883 -70
884 -70
885 -73
886 -74
887 -75
888 -73
889 -75
890 -70
891 -86
892 -76
893 -48
894 -70
895 -70
896 -48
897 -70
898 -73
899 -386
900 -39
901 -70
902 -73
903 -70
904 -75
905 -63
906 -76
907 -81
908 -75
909 -70
910 -73
911 -70
912 -70
913 -145
914 -1372
915 -62
916 -75
917 -75
918 -75
919 -70
920 -75
921 -75
922 -655
923 -329
924 -70
925 -74
926 -75
927 -75
928 -62
929 -70
930 -70
931 -76
932 -70
933 -63
934 -74
935 -70
936 -76
937 -62
938 -75
939 -62
940 -38
941 -73
942 -63
943 -269
944 -73
945 -80
946 -67
947 -48
948 -75
949 -1673
950 -294
951 -76
952 -176
953 -75
954 -1907
955 -35
956 -73
957 -73
958 -51
959 -63
960 -74
961 -1502
962 -178
963 -74
964 -53
965 -73
966 -70
967 -23
968 -74
969 -62
970 -202
971 -407
972 -74
973 -70
974 -76
975 -80
976 -62
977 -75
978 -74
979 -76
980 -74
981 -75
982 -75
983 -435
984 -75
985 -62
986 -74
987 -3127
988 -74
989 -469
990 -63
991 -74
992 -75
993 -1189
994 -70
995 -76
996 -3197
997 -150
998 -73
999 -76
