0 -63
1 -500
2 -54
3 -63
4 -65
5 -79
6 -1609
7 -60
8 -64
9 -62
10 -53
11 -831
12 -62
13 -1649
14 -53
15 -3133
16 -62
17 -65
18 -76
19 -469
20 -53
21 -64
22 -53
23 -229
24 -63
25 -63
26 -53
27 -65
28 -65
29 -343
30 -64
31 -62
32 -56
33 -63
34 -53
35 -135
36 -65
37 -378
38 -44
39 -53
40 -86
41 -66
42 -53
43 -65
44 -464
45 -52
46 -45
47 -63
48 -63
49 -682
50 -66
51 -63
52 -62
53 -65
54 -63
55 -2371
56 -62
57 -53
58 -210
59 -71
60 -51
61 -60
62 -62
63 -243
64 -1045
65 -70
66 -53
67 -66
68 -58
69 -1343
70 -64
71 -63
72 -64
73 -49
74 -63
75 -54
76 -3865
77 -41
78 -64
79 -65
80 -53
81 -59
82 -67
83 -65
84 -173
85 -53
86 -53
87 -63
88 -66
89 -64
90 -64
91 -62
92 -53
93 -64
94 -64
95 -63
96 -65
97 -49
98 -65
99 -53
100 -62
101 -62
102 -53
103 -173
104 -555
105 -66
106 -50
107 -65
108 -535
109 -62
110 -359
111 -64
112 -53
113 -63
114 -53
115 -62
116 -3445
117 -63
118 -64
119 -62
120 -64
121 -62
122 -57
123 -64
124 -65
125 -65
126 -62
127 -53
128 -62
129 -62
130 -143
131 -971
132 -121
133 -64
134 -372
135 -63
136 -65
137 -65
138 -69
139 -63
140 -61
141 -62
142 -65
143 -65
144 -65
145 -62
146 -63
147 -65
148 -63
149 -64
150 -58
151 -62
152 -41
153 -65
154 -64
155 -66
156 -199
157 -74
158 -65
159 -62
160 -51
161 -65
162 -53
163 -4374
164 -65
165 -62
166 -65
167 -65
168 -62
169 -65
170 -53
171 -53
172 -63
173 -64
174 -354
175 -73
176 -53
177 -63
178 -58
179 -198
180 -63
181 -96
182 -3052
183 -61
184 -65
185 -197
186 -63
187 -201
188 -63
189 -50
190 -206
191 -748
192 -53
193 -65
194 -62
195 -59
196 -59
197 -64
198 -121
199 -66
200 -470
201 -66
202 -359
203 -44
204 -289
205 -64
206 -65
207 -65
208 -65
209 -388
210 -65
211 -65
212 -62
213 -53
214 -594
215 -40
216 -55
217 -50
218 -62
219 -67
220 -63
221 -82
222 -64
223 -65
224 -53
225 -66
226 -106
227 -41
228 -6353
229 -65
230 -64
231 -67
232 -831
233 -53
234 -4283
235 -342
236 -116
237 -133
238 -65
239 -115
240 -65
241 -62
242 -63
243 -62
244 -63
245 -62
246 -65
247 -88
248 -74
249 -64
250 -65
251 -65
252 -296
253 -62
254 -53
255 -62
256 -114
257 -53
258 -65
259 -733
260 -65
261 -75
262 -62
263 -53
264 -53
265 -65
266 -65
267 -805
268 -53
269 -64
270 -63
271 -70
272 -48
273 -62
274 -48
275 -439
276 -65
277 -65
278 -8078
279 -62
280 -86
281 -62
282 -62
283 -64
284 -64
285 -65
286 -113
287 -65
288 -65
289 -42
290 -66
291 -110
292 -64
293 -166
294 -63
295 -4252
296 -89
297 -65
298 -65
299 -66
300 -52
301 -53
302 -59
303 -63
304 -65
305 -39
306 -392
307 -55
308 -65
309 -435
310 -415
311 -53
312 -64
313 -46
314 -53
315 -81
316 -62
317 -29
318 -63
319 -58
320 -564
321 -62
322 -64
323 -64
324 -65
325 -185
326 -55
327 -5714
328 -64
329 -63
330 -65
331 -65
332 -66
333 -1200
334 -74
335 -64
336 -62
337 -2049
338 -62
339 -63
340 -65
341 -548
342 -55
343 -64
344 -53
345 -65
346 -172
347 -53
348 -53
349 -2016
350 -64
351 -53
352 -53
353 -65
354 -63
355 -422
356 -66
357 -53
358 -150
359 -64
360 -65
361 -53
362 -106
363 -63
364 -63
365 -53
366 -63
367 -65
368 -65
369 -120
370 -55
371 -132
372 -64
373 -64
374 -49
375 -65
376 -66
377 -62
378 -68
379 -64
380 -65
381 -50
382 -173
383 -65
384 -64
385 -53
386 -65
387 -182
388 -496
389 -5638
390 -4293
391 -65
392 -65
393 -66
394 -65
395 -65
396 -65
397 -66
398 -66
399 -47
400 -65
401 -48
402 -45
403 -1441
404 -53
405 -472
406 -65
407 -53
408 -53
409 -65
410 -2020
411 -313
412 -62
413 -53
414 -65
415 -65
416 -58
417 -63
418 -132
419 -305
420 -63
421 -53
422 -65
423 -61
424 -63
425 -62
426 -53
427 -65
428 -62
429 -63
430 -65
431 -64
432 -56
433 -65
434 -63
435 -1688
436 -55
437 -46
438 -244
439 -59
440 -64
441 -65
442 -63
443 -718
444 -66
445 -65
446 -76
447 -64
448 -66
449 -261
450 -64
451 -38
452 -65
453 -65
454 -63
455 -59
456 -65
457 -64
458 -63
459 -63
460 -62
461 -63
462 -65
463 -65
464 -63
465 -38
466 -49
467 -63
468 -64
469 -60
470 -823
471 -64
472 -174
473 -63
474 -65
475 -62
476 -58
477 -65
478 -505
479 -62
480 -65
481 -61
482 -758
483 -53
484 -65
485 -124
486 -166
487 -66
488 -62
489 -65
490 -62
491 -60
492 -54
493 -63
494 -61
495 -133
496 -64
497 -66
498 -333
499 -66
500 -57
501 -65
502 -54
503 -182
504 -53
505 -66
506 -222
507 -64
508 -191
509 -121
510 -41
511 -134
512 -64
513 -192
514 -65
515 -209
516 -49
517 -195
518 -217
519 -38
520 -66
521 -64
522 -64
523 -59
524 -66
525 -65
526 -63
527 -70
528 -55
529 -53
530 -53
531 -56
532 -62
533 -62
534 -66
535 -53
536 -66
537 -53
538 -64
539 -81
540 -53
541 -54
542 -40
543 -58
544 -53
545 -61
546 -219
547 -2344
548 -65
549 -64
550 -63
551 -64
552 -66
553 -66
554 -518
555 -2165
556 -266
557 -66
558 -63
559 -66
560 -150
561 -62
562 -66
563 -63
564 -64
565 -53
566 -156
567 -48
568 -64
569 -53
570 -80
571 -62
572 -666
573 -80
574 -65
575 -63
576 -53
577 -66
578 -61
579 -9603
580 -63
581 -64
582 -50
583 -612
584 -62
585 -53
586 -2473
587 -53
588 -117
589 -64
590 -48
591 -8400
592 -66
593 -65
594 -62
595 -62
596 -65
597 -28
598 -63
599 -65
600 -6056
601 -64
602 -62
603 -66
604 -53
605 -93
606 -68
607 -64
608 -65
609 -58
610 -3938
611 -208
612 -1214
613 -85
614 -54
615 -64
616 -63
617 -102
618 -53
619 -53
620 -64
621 -65
622 -59
623 -64
624 -65
625 -65
626 -66
627 -65
628 -65
629 -54
630 -66
631 -65
632 -53
633 -65
634 -65
635 -63
636 -63
637 -66
638 -62
639 -66
640 -65
641 -620
642 -29
643 -1084
644 -783
645 -423
646 -31
647 -53
648 -66
649 -64
650 -53
651 -62
652 -62
653 -43
654 -75
655 -116
656 -268
657 -63
658 -62
659 -65
660 -66
661 -63
662 -53
663 -64
664 -63
665 -66
666 -64
667 -63
668 -221
669 -65
670 -62
671 -38
672 -64
673 -62
674 -63
675 -53
676 -53
677 -239
678 -63
679 -144
680 -78
681 -64
682 -66
683 -54
684 -63
685 -62
686 -63
687 -58
688 -232
689 -48
690 -62
691 -641
692 -66
693 -418
694 -53
695 -65
696 -64
697 -9285
698 -62
699 -49
700 -65
701 -1056
702 -63
703 -66
704 -47
705 -619
706 -3948
707 -66
708 -170
709 -65
710 -60
711 -66
712 -66
713 -426
714 -65
715 -53
716 -36
717 -147
718 -1739
719 -63
720 -1417
721 -528
722 -53
723 -457
724 -71
725 -58
726 -115
727 -53
728 -62
729 -695
730 -64
731 -65
732 -53
733 -65
734 -76
735 -85
736 -64
737 -65
738 -65
739 -64
740 -55
741 -63
742 -65
743 -66
744 -66
745 -291
746 -44
747 -63
748 -52
749 -66
750 -71
751 -64
752 -3083
753 -63
754 -64
755 -816
756 -41
757 -90
758 -54
759 -66
760 -65
761 -46
762 -75
763 -53
764 -53
765 -65
766 -64
767 -63
768 -53
769 -417
770 -62
771 -51
772 -65
773 -65
774 -53
775 -97
776 -63
777 -66
778 -53
779 -59
780 -314
781 -63
782 -63
783 -50
784 -4360
785 -65
786 -66
787 -65
788 -58
789 -65
790 -65
791 -40
792 -65
793 -59
794 -74
795 -64
796 -62
797 -55
798 -63
799 -47
800 -73
801 -65
802 -54
803 -120
804 -62
805 -43
806 -66
807 -63
808 -62
809 -62
810 -53
811 -53
812 -65
813 -64
814 -4086
815 -460
816 -62
817 -63
818 -49
819 -2310
820 -312
821 -68
822 -213
823 -65
824 -45
825 -66
826 -65
827 -62
828 -63
829 -63
830 -275
831 -917
832 -53
833 -174
834 -64
835 -66
836 -62
837 -66
838 -53
839 -194
840 -65
841 -63
842 -65
843 -63
844 -63
845 -66
846 -168
847 -171
848 -137
849 -66
850 -63
851 -69
852 -65
853 -241
854 -62
855 -64
856 -84
857 -3221
858 -55
859 -65
860 -76
861 -51
862 -66
863 -43
864 -65
865 -202
866 -65
867 -2291
868 -62
869 -67
870 -1439
871 -62
872 -63
873 -288
874 -53
875 -64
876 -64
877 -86
878 -65
879 -66
880 -63
881 -45
882 -233
883 -53
884 -508
885 -63
886 -207
887 -255
888 -68
889 -64
890 -584
891 -63
892 -410
893 -66
894 -355
895 -64
896 -65
897 -93
898 -53
899 -63
900 -75
901 -53
902 -71
903 -66
904 -29
905 -65
906 -582
907 -112
908 -65
909 -78
910 -65
911 -92
912 -427
913 -63
914 -363
915 -65
916 -65
917 -43
918 -53
919 -65
920 -52
921 -63
922 -53
923 -37
924 -64
925 -58
926 -11982
927 -65
928 -52
929 -65
930 -81
931 -63
932 -66
933 -45
934 -62
935 -63
936 -53
937 -66
938 -65
939 -65
940 -341
941 -270
942 -65
943 -66
944 -63
945 -40
946 -56
947 -63
948 -180
949 -125
950 -65
951 -464
952 -63
953 -65
954 -62
955 -65
956 -53
957 -53
958 -64
959 -326
960 -65
961 -65
962 -446
963 -66
964 -37
965 -65
966 -66
967 -64
968 -63
969 -66
970 -63
971 -53
972 -64
973 -49
974 -700
975 -637
976 -65
977 -401
978 -153
979 -53
980 -133
981 -235
982 -40
983 -50
984 -66
985 -49
986 -62
987 -54
988 -63
989 -62
990 -3192
991 -63
992 -64
993 -390
994 -66
995 -45
996 -65
997 -63
998 -48
999 -62
