0 -402
1 -72
2 -151
3 -74
4 -75
5 -74
6 -72
7 -68
8 -74
9 -83
10 -74
11 -2859
12 -61
13 -46
14 -2778
15 -74
16 -1415
17 -74
18 -106
19 -570
20 -167
21 -55
22 -85
23 -72
24 -72
25 -5564
26 -73
27 -25
28 -59
29 -105
30 -4934
31 -41
32 -52
33 -72
34 -74
35 -98
36 -74
37 -72
38 -362
39 -51
40 -135
41 -31
42 -2356
43 -72
44 -28
45 -74
46 -74
47 -40
48 -44
49 -402
50 -72
51 -52
52 -52
53 -136
54 -4930
55 -73
56 -1344
57 -61
58 -50
59 -68
60 -50
61 -73
62 -68
63 -73
64 -36
65 -73
66 -72
67 -390
68 -210
69 -105
70 -68
71 -72
72 -102
73 -188
74 -52
75 -52
76 -44
77 -72
78 -74
79 -68
80 -73
81 -46
82 -74
83 -35
84 -73
85 -3845
86 -74
87 -213
88 -5857
89 -1159
90 -108
91 -74
92 -10995
93 -74
94 -463
95 -84
96 -388
97 -73
98 -454
99 -42
100 -53
101 -42
102 -791
103 -32
104 -74
105 -262
106 -38
107 -420
108 -72
109 -74
110 -72
111 -44
112 -56
113 -6704
114 -480
115 -69
116 -37
117 -109
118 -44
119 -74
120 -73
121 -74
122 -75
123 -66
124 -477
125 -53
126 -641
127 -73
128 -191
129 -73
130 -74
131 -45
132 -72
133 -81
134 -53
135 -72
136 -40
137 -74
138 -41
139 -7016
140 -74
141 -63
142 -53
143 -40
144 -74
145 -838
146 -722
147 -72
148 -74
149 -74
150 -68
151 -193
152 -56
153 -72
154 -74
155 -224
156 -2036
157 -45
158 -485
159 -110
160 -263
161 -2513
162 -44
163 -1199
164 -1630
165 -6185
166 -4478
167 -66
168 -128
169 -47
170 -74
171 -51
172 -68
173 -69
174 -73
175 -45
176 -4455
177 -362
178 -71
179 -73
180 -74
181 -72
182 -74
183 -47
184 -46
185 -73
186 -74
187 -74
188 -53
189 -812
190 -74
191 -25
192 -324
193 -40
194 -395
195 -74
196 -1010
197 -74
198 -52
199 -8111
200 -24
201 -59
202 -44
203 -68
204 -68
205 -46
206 -74
207 -73
208 -52
209 -68
210 -45
211 -66
212 -54
213 -147
214 -74
215 -53
216 -2908
217 -56
218 -81
219 -72
220 -68
221 -68
222 -64
223 -74
224 -73
225 -46
226 -74
227 -4024
228 -44
229 -72
230 -68
231 -241
232 -74
233 -74
234 -68
235 -58
236 -68
237 -68
238 -53
239 -74
240 -73
241 -56
242 -192
243 -1853
244 -52
245 -53
246 -72
247 -45
248 -72
249 -68
250 -72
251 -68
252 -1700
253 -284
254 -502
255 -268
256 -93
257 -869
258 -72
259 -46
260 -52
261 -47
262 -345
263 -68
264 -75
265 -74
266 -29
267 -74
268 -81
269 -73
270 -73
271 -40
272 -74
273 -72
274 -73
275 -115
276 -73
277 -68
278 -53
279 -72
280 -72
281 -2031
282 -74
283 -86
284 -72
285 -74
286 -53
287 -128
288 -68
289 -63
290 -395
291 -74
292 -73
293 -157
294 -24
295 -74
296 -73
297 -52
298 -74
299 -52
300 -73
301 -593
302 -73
303 -56
304 -306
305 -74
306 -74
307 -1213
308 -117
309 -68
310 -50
311 -40
312 -153
313 -70
314 -72
315 -45
316 -74
317 -48
318 -31
319 -68
320 -904
321 -45
322 -50
323 -74
324 -73
325 -75
326 -42
327 -60
328 -53
329 -68
330 -157
331 -74
332 -62
333 -3056
334 -175
335 -50
336 -34
337 -69
338 -56
339 -73
340 -53
341 -74
342 -52
343 -307
344 -245
345 -73
346 -73
347 -5556
348 -72
349 -74
350 -74
351 -5942
352 -73
353 -72
354 -125
355 -72
356 -75
357 -5990
358 -74
359 -136
360 -52
361 -483
362 -25
363 -72
364 -50
365 -49
366 -3300
367 -35
368 -49
369 -73
370 -57
371 -74
372 -73
373 -73
374 -74
375 -54
376 -72
377 -154
378 -5378
379 -68
380 -65
381 -74
382 -72
383 -212
384 -74
385 -23
386 -2614
387 -74
388 -74
389 -72
390 -45
391 -25
392 -33
393 -52
394 -73
395 -40
396 -68
397 -74
398 -52
399 -72
400 -295
401 -54
402 -74
403 -19
404 -72
405 -52
406 -63
407 -40
408 -68
409 -68
410 -68
411 -72
412 -202
413 -21
414 -72
415 -74
416 -47
417 -1669
418 -74
419 -74
420 -26
421 -74
422 -75
423 -52
424 -72
425 -65
426 -74
427 -787
428 -581
429 -50
430 -25
431 -68
432 -165
433 -68
434 -31
435 -74
436 -53
437 -74
438 -64
439 -74
440 -74
441 -39
442 -72
443 -192
444 -522
445 -47
446 -73
447 -346
448 -73
449 -1104
450 -68
451 -62
452 -20
453 -74
454 -53
455 -73
456 -79
457 -28
458 -306
459 -456
460 -88
461 -42
462 -74
463 -74
464 -68
465 -74
466 -145
467 -74
468 -73
469 -53
470 -74
471 -2393
472 -62
473 -163
474 -74
475 -35
476 -21
477 -73
478 -68
479 -74
480 -72
481 -72
482 -200
483 -74
484 -2333
485 -73
486 -74
487 -74
488 -74
489 -74
490 -74
491 -39
492 -54
493 -1956
494 -74
495 -1178
496 -53
497 -1854
498 -39
499 -83
500 -74
501 -74
502 -74
503 -112
504 -73
505 -58
506 -73
507 -74
508 -74
509 -54
510 -74
511 -492
512 -106
513 -74
514 -53
515 -5773
516 -58
517 -72
518 -39
519 -74
520 -1038
521 -41
522 -72
523 -61
524 -72
525 -73
526 -68
527 -89
528 -5780
529 -72
530 -74
531 -74
532 -73
533 -74
534 -73
535 -73
536 -2954
537 -68
538 -47
539 -36
540 -74
541 -530
542 -49
543 -7720
544 -73
545 -73
546 -194
547 -74
548 -73
549 -42
550 -128
551 -46
552 -48
553 -74
554 -72
555 -643
556 -463
557 -79
558 -74
559 -46
560 -103
561 -66
562 -59
563 -72
564 -68
565 -51
566 -5387
567 -11607
568 -68
569 -74
570 -36
571 -68
572 -68
573 -68
574 -39
575 -73
576 -72
577 -58
578 -50
579 -68
580 -30
581 -73
582 -208
583 -32
584 -250
585 -67
586 -74
587 -1045
588 -68
589 -191
590 -43
591 -74
592 -68
593 -50
594 -54
595 -68
596 -68
597 -73
598 -72
599 -74
600 -49
601 -72
602 -74
603 -44
604 -72
605 -44
606 -36
607 -74
608 -74
609 -73
610 -194
611 -362
612 -44
613 -74
614 -74
615 -50
616 -74
617 -69
618 -72
619 -73
620 -332
621 -44
622 -807
623 -74
624 -112
625 -73
626 -320
627 -5538
628 -29
629 -69
630 -74
631 -68
632 -305
633 -3036
634 -74
635 -363
636 -74
637 -725
638 -530
639 -210
640 -68
641 -74
642 -72
643 -72
644 -4051
645 -240
646 -44
647 -45
648 -124
649 -1419
650 -53
651 -8531
652 -1918
653 -72
654 -74
655 -74
656 -532
657 -225
658 -68
659 -191
660 -74
661 -68
662 -72
663 -44
664 -73
665 -72
666 -68
667 -73
668 -72
669 -102
670 -52
671 -74
672 -74
673 -309
674 -263
675 -64
676 -1597
677 -74
678 -53
679 -64
680 -3201
681 -73
682 -44
683 -31
684 -73
685 -825
686 -38
687 -39
688 -73
689 -60
690 -1319
691 -52
692 -54
693 -74
694 -283
695 -68
696 -771
697 -303
698 -53
699 -57
700 -204
701 -89
702 -72
703 -3403
704 -1296
705 -73
706 -72
707 -43
708 -2050
709 -74
710 -52
711 -163
712 -36
713 -68
714 -105
715 -73
716 -50
717 -73
718 -695
719 -73
720 -72
721 -38
722 -74
723 -44
724 -53
725 -123
726 -48
727 -56
728 -58
729 -5604
730 -69
731 -584
732 -75
733 -74
734 -68
735 -73
736 -73
737 -61
738 -72
739 -68
740 -74
741 -48
742 -55
743 -163
744 -72
745 -74
746 -74
747 -74
748 -73
749 -68
750 -74
751 -41
752 -68
753 -30
754 -432
755 -54
756 -72
757 -43
758 -1107
759 -74
760 -73
761 -68
762 -74
763 -52
764 -52
765 -73
766 -49
767 -45
768 -73
769 -48
770 -65
771 -72
772 -74
773 -73
774 -74
775 -63
776 -74
777 -74
778 -79
779 -73
780 -44
781 -52
782 -73
783 -58
784 -118
785 -4868
786 -16935
787 -72
788 -74
789 -295
790 -68
791 -68
792 -74
793 -73
794 -61
795 -7007
796 -74
797 -73
798 -600
799 -73
800 -52
801 -74
802 -72
803 -37
804 -108
805 -62
806 -68
807 -542
808 -74
809 -51
810 -73
811 -36
812 -54
813 -72
814 -68
815 -68
816 -54
817 -72
818 -88
819 -138
820 -247
821 -52
822 -53
823 -43
824 -53
825 -3314
826 -72
827 -74
828 -4271
829 -73
830 -68
831 -44
832 -74
833 -74
834 -60
835 -4008
836 -23
837 -543
838 -74
839 -74
840 -52
841 -73
842 -73
843 -72
844 -74
845 -54
846 -134
847 -58
848 -74
849 -74
850 -70
851 -668
852 -2035
853 -391
854 -46
855 -73
856 -276
857 -418
858 -52
859 -74
860 -73
861 -72
862 -74
863 -59
864 -388
865 -67
866 -73
867 -73
868 -4735
869 -74
870 -65
871 -29
872 -356
873 -44
874 -52
875 -48
876 -68
877 -37
878 -27
879 -72
880 -47
881 -74
882 -74
883 -125
884 -68
885 -45
886 -1299
887 -58
888 -73
889 -74
890 -72
891 -68
892 -28
893 -72
894 -44
895 -55
896 -249
897 -250
898 -356
899 -52
900 -3743
901 -284
902 -73
903 -68
904 -72
905 -88
906 -74
907 -73
908 -261
909 -56
910 -74
911 -73
912 -68
913 -45
914 -72
915 -74
916 -2212
917 -44
918 -17
919 -156
920 -74
921 -73
922 -746
923 -23
924 -29
925 -52
926 -74
927 -72
928 -53
929 -74
930 -50
931 -4666
932 -73
933 -73
934 -73
935 -74
936 -74
937 -2556
938 -52
939 -68
940 -74
941 -74
942 -68
943 -23
944 -72
945 -74
946 -70
947 -72
948 -74
949 -44
950 -72
951 -68
952 -74
953 -73
954 -199
955 -39
956 -229
957 -124
958 -73
959 -74
960 -74
961 -73
962 -74
963 -68
964 -72
965 -31
966 -58
967 -74
968 -78
969 -56
970 -50
971 -61
972 -68
973 -74
974 -53
975 -72
976 -74
977 -4962
978 -72
979 -73
980 -23
981 -181
982 -72
983 -204
984 -34
985 -60
986 -60
987 -45
988 -74
989 -63
990 -3060
991 -72
992 -52
993 -73
994 -27
995 -78
996 -298
997 -68
998 -32
999 -68
