0 -68
1 -76
2 -43
3 -152
4 -69
5 -365
6 -54
7 -70
8 -71
9 -115
10 -54
11 -89
12 -70
13 -850
14 -69
15 -114
16 -54
17 -54
18 -54
19 -54
20 -70
21 -82
22 -2792
23 -37
24 -1347
25 -543
26 -3777
27 -71
28 -46
29 -70
30 -216
31 -70
32 -370
33 -533
34 -68
35 -102
36 -54
37 -190
38 -69
39 -70
40 -237
41 -69
42 -71
43 -40
44 -41
45 -71
46 -54
47 -356
48 -70
49 -1281
50 -71
51 -75
52 -72
53 -71
54 -70
55 -70
56 -71
57 -894
58 -872
59 -69
60 -68
61 -69
62 -70
63 -70
64 -65
65 -93
66 -54
67 -70
68 -54
69 -70
70 -68
71 -71
72 -72
73 -3692
74 -54
75 -70
76 -70
77 -1062
78 -70
79 -70
80 -49
81 -2211
82 -54
83 -54
84 -71
85 -79
86 -60
87 -70
88 -191
89 -54
90 -54
91 -1897
92 -46
93 -70
94 -3907
95 -68
96 -71
97 -68
98 -3197
99 -1065
100 -54
101 -1992
102 -71
103 -680
104 -500
105 -70
106 -70
107 -177
108 -1192
109 -54
110 -70
111 -40
112 -68
113 -135
114 -167
115 -7515
116 -68
117 -69
118 -70
119 -71
120 -818
121 -68
122 -70
123 -70
124 -1007
125 -48
126 -1877
127 -68
128 -42
129 -116
130 -505
131 -71
132 -54
133 -68
134 -1487
135 -155
136 -187
137 -68
138 -68
139 -70
140 -71
141 -69
142 -70
143 -70
144 -1317
145 -71
146 -3107
147 -608
148 -156
149 -69
150 -456
151 -70
152 -69
153 -70
154 -71
155 -303
156 -69
157 -70
158 -68
159 -70
160 -79
161 -54
162 -70
163 -54
164 -54
165 -70
166 -70
167 -3166
168 -134
169 -68
170 -70
171 -273
172 -61
173 -88
174 -35
175 -69
176 -69
177 -68
178 -54
179 -68
180 -227
181 -928
182 -71
183 -3022
184 -70
185 -83
186 -69
187 -68
188 -69
189 -68
190 -71
191 -69
192 -55
193 -54
194 -70
195 -68
196 -69
197 -71
198 -54
199 -69
200 -73
201 -70
202 -71
203 -68
204 -85
205 -629
206 -71
207 -186
208 -54
209 -69
210 -71
211 -70
212 -70
213 -54
214 -63
215 -360
216 -70
217 -70
218 -268
219 -11548
220 -457
221 -54
222 -69
223 -69
224 -285
225 -298
226 -70
227 -68
228 -71
229 -286
230 -70
231 -254
232 -54
233 -512
234 -72
235 -297
236 -69
237 -70
238 -42
239 -54
240 -70
241 -1387
242 -69
243 -70
244 -70
245 -68
246 -70
247 -70
248 -3202
249 -70
250 -70
251 -71
252 -54
253 -70
254 -1802
255 -387
256 -285
257 -69
258 -70
259 -375
260 -70
261 -616
262 -70
263 -71
264 -70
265 -291
266 -75
267 -418
268 -227
269 -70
270 -54
271 -71
272 -70
273 -70
274 -54
275 -69
276 -54
277 -71
278 -70
279 -70
280 -67
281 -68
282 -1807
283 -148
284 -54
285 -70
286 -35
287 -68
288 -215
289 -1028
290 -71
291 -58
292 -69
293 -146
294 -70
295 -70
296 -70
297 -60
298 -68
299 -41
300 -54
301 -176
302 -68
303 -209
304 -71
305 -70
306 -68
307 -65
308 -70
309 -75
310 -68
311 -25
312 -71
313 -70
314 -70
315 -55
316 -54
317 -54
318 -246
319 -68
320 -69
321 -70
322 -54
323 -70
324 -54
325 -54
326 -54
327 -69
328 -54
329 -70
330 -68
331 -6485
332 -69
333 -63
334 -70
335 -69
336 -730
337 -54
338 -533
339 -87
340 -290
341 -1667
342 -70
343 -190
344 -54
345 -61
346 -254
347 -69
348 -71
349 -208
350 -41
351 -54
352 -267
353 -70
354 -70
355 -1677
356 -894
357 -223
358 -204
359 -71
360 -35
361 -78
362 -70
363 -54
364 -73
365 -68
366 -71
367 -71
368 -73
369 -2473
370 -70
371 -296
372 -70
373 -3782
374 -69
375 -70
376 -70
377 -71
378 -69
379 -71
380 -70
381 -70
382 -337
383 -69
384 -69
385 -68
386 -54
387 -40
388 -99
389 -70
390 -70
391 -68
392 -71
393 -71
394 -54
395 -71
396 -70
397 -143
398 -70
399 -68
400 -54
401 -68
402 -71
403 -70
404 -47
405 -128
406 -70
407 -369
408 -40
409 -70
410 -65
411 -133
412 -69
413 -70
414 -59
415 -70
416 -67
417 -1432
418 -71
419 -70
420 -185
421 -71
422 -70
423 -68
424 -377
425 -211
426 -69
427 -437
428 -330
429 -70
430 -70
431 -650
432 -1359
433 -69
434 -71
435 -70
436 -119
437 -54
438 -69
439 -49
440 -54
441 -54
442 -200
443 -72
444 -68
445 -69
446 -54
447 -1807
448 -41
449 -73
450 -53
451 -1207
452 -2842
453 -197
454 -69
455 -70
456 -136
457 -70
458 -149
459 -69
460 -71
461 -70
462 -137
463 -225
464 -121
465 -837
466 -562
467 -68
468 -1417
469 -54
470 -54
471 -71
472 -233
473 -70
474 -70
475 -69
476 -68
477 -1636
478 -63
479 -71
480 -302
481 -497
482 -54
483 -54
484 -70
485 -73
486 -639
487 -282
488 -3567
489 -55
490 -71
491 -54
492 -54
493 -220
494 -68
495 -251
496 -41
497 -71
498 -69
499 -1487
500 -71
501 -70
502 -54
503 -71
504 -69
505 -1022
506 -196
507 -69
508 -69
509 -70
510 -70
511 -972
512 -867
513 -54
514 -517
515 -499
516 -70
517 -308
518 -3103
519 -70
520 -70
521 -123
522 -70
523 -397
524 -70
525 -71
526 -70
527 -70
528 -42
529 -70
530 -69
531 -70
532 -85
533 -70
534 -68
535 -71
536 -212
537 -70
538 -456
539 -70
540 -70
541 -70
542 -239
543 -69
544 -106
545 -86
546 -54
547 -71
548 -68
549 -104
550 -617
551 -88
552 -347
553 -72
554 -70
555 -68
556 -70
557 -316
558 -4047
559 -70
560 -341
561 -132
562 -1038
563 -6367
564 -242
565 -40
566 -383
567 -74
568 -54
569 -574
570 -106
571 -130
572 -69
573 -71
574 -54
575 -3656
576 -588
577 -70
578 -662
579 -71
580 -70
581 -69
582 -255
583 -69
584 -185
585 -192
586 -109
587 -69
588 -71
589 -358
590 -317
591 -71
592 -255
593 -237
594 -894
595 -8662
596 -71
597 -148
598 -59
599 -70
600 -71
601 -70
602 -70
603 -70
604 -2667
605 -70
606 -49
607 -69
608 -68
609 -71
610 -69
611 -707
612 -54
613 -70
614 -70
615 -1257
616 -218
617 -752
618 -242
619 -69
620 -425
621 -54
622 -71
623 -71
624 -254
625 -70
626 -2847
627 -71
628 -65
629 -262
630 -70
631 -70
632 -70
633 -70
634 -71
635 -1192
636 -70
637 -70
638 -70
639 -68
640 -76
641 -54
642 -70
643 -4466
644 -70
645 -70
646 -1035
647 -71
648 -54
649 -270
650 -71
651 -70
652 -73
653 -54
654 -47
655 -198
656 -66
657 -642
658 -461
659 -177
660 -175
661 -56
662 -54
663 -69
664 -70
665 -71
666 -70
667 -46
668 -2954
669 -908
670 -68
671 -41
672 -35
673 -141
674 -70
675 -69
676 -197
677 -70
678 -3612
679 -214
680 -68
681 -1092
682 -68
683 -77
684 -3207
685 -68
686 -71
687 -54
688 -41
689 -70
690 -537
691 -902
692 -70
693 -54
694 -47
695 -70
696 -70
697 -70
698 -68
699 -10472
700 -68
701 -70
702 -70
703 -69
704 -6685
705 -68
706 -1042
707 -69
708 -39
709 -36
710 -54
711 -41
712 -234
713 -70
714 -1149
715 -70
716 -402
717 -385
718 -70
719 -179
720 -247
721 -70
722 -119
723 -54
724 -70
725 -501
726 -69
727 -121
728 -562
729 -54
730 -70
731 -70
732 -70
733 -67
734 -54
735 -54
736 -70
737 -877
738 -42
739 -70
740 -33
741 -70
742 -69
743 -69
744 -70
745 -76
746 -70
747 -70
748 -54
749 -41
750 -69
751 -71
752 -905
753 -67
754 -70
755 -71
756 -68
757 -68
758 -527
759 -71
760 -3760
761 -70
762 -70
763 -71
764 -69
765 -71
766 -1367
767 -70
768 -854
769 -184
770 -70
771 -617
772 -70
773 -68
774 -155
775 -667
776 -71
777 -70
778 -617
779 -70
780 -70
781 -71
782 -69
783 -68
784 -68
785 -68
786 -70
787 -63
788 -68
789 -70
790 -279
791 -70
792 -71
793 -737
794 -70
795 -54
796 -142
797 -70
798 -70
799 -541
800 -54
801 -168
802 -71
803 -69
804 -187
805 -1072
806 -69
807 -71
808 -69
809 -70
810 -71
811 -71
812 -54
813 -71
814 -68
815 -70
816 -54
817 -158
818 -68
819 -70
820 -70
821 -68
822 -245
823 -70
824 -320
825 -69
826 -70
827 -293
828 -71
829 -239
830 -70
831 -70
832 -70
833 -69
834 -787
835 -69
836 -69
837 -263
838 -997
839 -70
840 -70
841 -560
842 -196
843 -70
844 -339
845 -3560
846 -135
847 -54
848 -117
849 -70
850 -71
851 -652
852 -513
853 -70
854 -2492
855 -71
856 -224
857 -70
858 -69
859 -69
860 -70
861 -666
862 -69
863 -68
864 -69
865 -70
866 -70
867 -70
868 -69
869 -54
870 -70
871 -2427
872 -54
873 -70
874 -82
875 -68
876 -197
877 -71
878 -70
879 -37
880 -71
881 -54
882 -70
883 -68
884 -71
885 -70
886 -54
887 -70
888 -69
889 -70
890 -69
891 -70
892 -71
893 -75
894 -71
895 -33
896 -70
897 -375
898 -70
899 -69
900 -71
901 -242
902 -1562
903 -35
904 -594
905 -68
906 -68
907 -71
908 -69
909 -54
910 -221
911 -54
912 -1717
913 -68
914 -70
915 -927
916 -54
917 -110
918 -42
919 -35
920 -2871
921 -70
922 -408
923 -318
924 -30
925 -71
926 -72
927 -197
928 -70
929 -70
930 -127
931 -70
932 -70
933 -68
934 -70
935 -67
936 -607
937 -786
938 -695
939 -98
940 -69
941 -68
942 -237
943 -46
944 -2072
945 -90
946 -68
947 -70
948 -68
949 -2211
950 -54
951 -70
952 -69
953 -69
954 -329
955 -54
956 -90
957 -54
958 -71
959 -145
960 -70
961 -61
962 -1492
963 -70
964 -55
965 -237
966 -71
967 -68
968 -682
969 -68
970 -837
971 -126
972 -70
973 -69
974 -70
975 -71
976 -69
977 -79
978 -40
979 -54
980 -478
981 -71
982 -201
983 -758
984 -72
985 -68
986 -70
987 -70
988 -55
989 -1192
990 -37
991 -71
992 -592
993 -168
994 -68
995 -69
996 -71
997 -185
998 -68
999 -70
