0 -70
1 -70
2 -556
3 -62
4 -74
5 -75
6 -2306
7 -76
8 -614
9 -39
10 -70
11 -74
12 -40
13 -73
14 -76
15 -5654
16 -70
17 -76
18 -140
19 -54
20 -391
21 -76
22 -73
23 -76
24 -74
25 -56
26 -75
27 -70
28 -75
29 -74
30 -54
31 -75
32 -140
33 -76
34 -652
35 -22
36 -62
37 -76
38 -75
39 -75
40 -70
41 -165
42 -76
43 -70
44 -75
45 -837
46 -58
47 -645
48 -62
49 -75
50 -850
51 -75
52 -1389
53 -68
54 -75
55 -73
56 -66
57 -75
58 -54
59 -54
60 -157
61 -2701
62 -455
63 -75
64 -482
65 -62
66 -41
67 -75
68 -42
69 -73
70 -133
71 -74
72 -75
73 -54
74 -75
75 -70
76 -54
77 -75
78 -75
79 -73
80 -79
81 -54
82 -57
83 -41
84 -76
85 -74
86 -1459
87 -99
88 -76
89 -62
90 -76
91 -45
92 -62
93 -75
94 -62
95 -730
96 -5906
97 -1773
98 -62
99 -75
100 -75
101 -73
102 -2007
103 -74
104 -75
105 -62
106 -133
107 -75
108 -50
109 -74
110 -54
111 -75
112 -62
113 -395
114 -73
115 -76
116 -54
117 -70
118 -76
119 -70
120 -207
121 -68
122 -73
123 -30
124 -74
125 -73
126 -76
127 -256
128 -76
129 -74
130 -73
131 -151
132 -104
133 -73
134 -74
135 -76
136 -73
137 -256
138 -1837
139 -1544
140 -306
141 -76
142 -634
143 -75
144 -68
145 -54
146 -47
147 -38
148 -62
149 -73
150 -76
151 -75
152 -54
153 -50
154 -73
155 -73
156 -62
157 -173
158 -76
159 -62
160 -74
161 -62
162 -74
163 -33
164 -380
165 -54
166 -75
167 -55
168 -75
169 -70
170 -73
171 -70
172 -75
173 -70
174 -796
175 -73
176 -62
177 -248
178 -76
179 -1398
180 -76
181 -54
182 -70
183 -70
184 -73
185 -74
186 -75
187 -75
188 -186
189 -267
190 -62
191 -69
192 -75
193 -175
194 -28
195 -74
196 -76
197 -556
198 -75
199 -73
200 -53
201 -184
202 -39
203 -73
204 -74
205 -54
206 -74
207 -39
208 -54
209 -76
210 -69
211 -75
212 -68
213 -62
214 -75
215 -62
216 -350
217 -70
218 -62
219 -73
220 -70
221 -390
222 -62
223 -70
224 -75
225 -70
226 -54
227 -75
228 -74
229 -70
230 -654
231 -73
232 -1130
233 -75
234 -405
235 -75
236 -752
237 -76
238 -74
239 -74
240 -70
241 -75
242 -73
243 -70
244 -105
245 -75
246 -34
247 -41
248 -70
249 -74
250 -75
251 -59
252 -67
253 -62
254 -54
255 -54
256 -75
257 -138
258 -62
259 -62
260 -255
261 -70
262 -91
263 -355
264 -62
265 -76
266 -62
267 -75
268 -76
269 -68
270 -36
271 -62
272 -62
273 -75
274 -47
275 -74
276 -70
277 -76
278 -1451
279 -74
280 -70
281 -189
282 -74
283 -73
284 -470
285 -76
286 -3482
287 -75
288 -74
289 -70
290 -75
291 -171
292 -76
293 -76
294 -70
295 -54
296 -48
297 -54
298 -290
299 -54
300 -68
301 -60
302 -54
303 -75
304 -62
305 -185
306 -75
307 -62
308 -182
309 -73
310 -62
311 -75
312 -75
313 -62
314 -74
315 -75
316 -944
317 -62
318 -2129
319 -74
320 -151
321 -74
322 -62
323 -370
324 -74
325 -62
326 -693
327 -74
328 -690
329 -74
330 -75
331 -4668
332 -599
333 -70
334 -355
335 -62
336 -55
337 -70
338 -75
339 -75
340 -73
341 -115
342 -75
343 -70
344 -174
345 -80
346 -1014
347 -75
348 -70
349 -62
350 -76
351 -91
352 -74
353 -57
354 -75
355 -75
356 -76
357 -75
358 -75
359 -219
360 -62
361 -75
362 -70
363 -76
364 -75
365 -75
366 -724
367 -71
368 -62
369 -75
370 -74
371 -62
372 -74
373 -75
374 -1124
375 -70
376 -62
377 -596
378 -70
379 -62
380 -54
381 -42
382 -36
383 -92
384 -74
385 -74
386 -74
387 -74
388 -54
389 -1005
390 -59
391 -75
392 -53
393 -76
394 -139
395 -74
396 -51
397 -213
398 -73
399 -70
400 -70
401 -67
402 -428
403 -74
404 -354
405 -74
406 -75
407 -76
408 -62
409 -75
410 -62
411 -75
412 -2433
413 -59
414 -73
415 -62
416 -1376
417 -76
418 -76
419 -54
420 -31
421 -73
422 -70
423 -74
424 -74
425 -75
426 -76
427 -70
428 -126
429 -54
430 -1020
431 -107
432 -75
433 -81
434 -74
435 -74
436 -50
437 -54
438 -70
439 -75
440 -75
441 -122
442 -75
443 -76
444 -75
445 -70
446 -74
447 -74
448 -70
449 -184
450 -70
451 -75
452 -74
453 -62
454 -54
455 -54
456 -81
457 -39
458 -74
459 -125
460 -74
461 -76
462 -54
463 -75
464 -76
465 -8157
466 -73
467 -2680
468 -202
469 -53
470 -70
471 -75
472 -74
473 -298
474 -76
475 -220
476 -76
477 -165
478 -502
479 -74
480 -74
481 -73
482 -54
483 -76
484 -76
485 -58
486 -39
487 -62
488 -74
489 -1593
490 -73
491 -76
492 -267
493 -76
494 -75
495 -73
496 -73
497 -70
498 -251
499 -62
500 -75
501 -76
502 -76
503 -70
504 -785
505 -74
506 -76
507 -74
508 -1025
509 -75
510 -75
511 -54
512 -73
513 -74
514 -76
515 -54
516 -75
517 -62
518 -73
519 -54
520 -77
521 -54
522 -73
523 -70
524 -76
525 -76
526 -54
527 -73
528 -73
529 -571
530 -75
531 -74
532 -75
533 -75
534 -105
535 -74
536 -54
537 -70
538 -75
539 -522
540 -54
541 -3337
542 -62
543 -75
544 -70
545 -74
546 -65
547 -70
548 -75
549 -75
550 -868
551 -73
552 -74
553 -15173
554 -76
555 -85
556 -56
557 -76
558 -75
559 -492
560 -37
561 -62
562 -471
563 -36
564 -75
565 -55
566 -75
567 -70
568 -54
569 -63
570 -68
571 -53
572 -76
573 -62
574 -74
575 -60
576 -41
577 -76
578 -75
579 -75
580 -75
581 -163
582 -577
583 -60
584 -54
585 -74
586 -71
587 -70
588 -73
589 -178
590 -30
591 -74
592 -352
593 -76
594 -74
595 -73
596 -36
597 -75
598 -62
599 -70
600 -70
601 -120
602 -62
603 -62
604 -75
605 -78
606 -244
607 -74
608 -79
609 -62
610 -76
611 -65
612 -75
613 -74
614 -62
615 -73
616 -75
617 -75
618 -70
619 -74
620 -75
621 -38
622 -76
623 -54
624 -34
625 -27
626 -75
627 -196
628 -76
629 -76
630 -62
631 -54
632 -54
633 -76
634 -73
635 -54
636 -358
637 -54
638 -73
639 -56
640 -76
641 -75
642 -70
643 -711
644 -35
645 -75
646 -54
647 -47
648 -74
649 -75
650 -76
651 -75
652 -73
653 -70
654 -54
655 -73
656 -75
657 -86
658 -73
659 -262
660 -65
661 -1545
662 -76
663 -75
664 -179
665 -81
666 -54
667 -75
668 -146
669 -54
670 -92
671 -3149
672 -54
673 -69
674 -62
675 -54
676 -54
677 -76
678 -75
679 -54
680 -75
681 -62
682 -75
683 -241
684 -62
685 -74
686 -62
687 -373
688 -76
689 -75
690 -75
691 -37
692 -54
693 -81
694 -76
695 -70
696 -28
697 -31
698 -202
699 -877
700 -54
701 -652
702 -304
703 -212
704 -76
705 -76
706 -1076
707 -36
708 -54
709 -258
710 -862
711 -70
712 -134
713 -612
714 -76
715 -480
716 -73
717 -73
718 -36
719 -5761
720 -74
721 -80
722 -75
723 -75
724 -74
725 -76
726 -62
727 -118
728 -544
729 -62
730 -73
731 -74
732 -70
733 -49
734 -75
735 -75
736 -75
737 -73
738 -75
739 -75
740 -206
741 -75
742 -76
743 -62
744 -76
745 -81
746 -62
747 -202
748 -70
749 -56
750 -75
751 -189
752 -62
753 -54
754 -364
755 -74
756 -73
757 -74
758 -5903
759 -62
760 -74
761 -74
762 -6476
763 -75
764 -75
765 -191
766 -75
767 -76
768 -54
769 -76
770 -70
771 -70
772 -70
773 -74
774 -62
775 -62
776 -70
777 -74
778 -39
779 -75
780 -1764
781 -73
782 -74
783 -75
784 -79
785 -62
786 -75
787 -636
788 -70
789 -62
790 -54
791 -76
792 -74
793 -70
794 -1176
795 -11378
796 -73
797 -1498
798 -75
799 -73
800 -54
801 -74
802 -63
803 -56
804 -57
805 -70
806 -76
807 -74
808 -36
809 -873
810 -74
811 -62
812 -70
813 -94
814 -2032
815 -75
816 -73
817 -54
818 -73
819 -73
820 -66
821 -75
822 -73
823 -54
824 -76
825 -75
826 -253
827 -72
828 -73
829 -62
830 -461
831 -81
832 -73
833 -76
834 -54
835 -40
836 -62
837 -54
838 -75
839 -324
840 -77
841 -78
842 -73
843 -76
844 -1774
845 -62
846 -678
847 -62
848 -75
849 -62
850 -73
851 -62
852 -76
853 -58
854 -74
855 -74
856 -70
857 -387
858 -62
859 -54
860 -76
861 -721
862 -75
863 -74
864 -75
865 -54
866 -74
867 -415
868 -76
869 -70
870 -75
871 -75
872 -76
873 -74
874 -70
875 -75
876 -74
877 -76
878 -76
879 -73
880 -73
881 -76
882 -76
883 -654
884 -76
885 -70
886 -62
887 -74
888 -54
889 -54
890 -75
891 -75
892 -62
893 -325
894 -76
895 -75
896 -73
897 -62
898 -75
899 -76
900 -54
901 -70
902 -62
903 -54
904 -76
905 -156
906 -75
907 -47
908 -62
909 -2248
910 -62
911 -109
912 -76
913 -412
914 -75
915 -75
916 -54
917 -73
918 -81
919 -54
920 -75
921 -73
922 -457
923 -62
924 -59
925 -62
926 -54
927 -175
928 -70
929 -64
930 -108
931 -74
932 -54
933 -1889
934 -74
935 -119
936 -69
937 -73
938 -73
939 -65
940 -75
941 -75
942 -74
943 -62
944 -74
945 -62
946 -62
947 -74
948 -54
949 -74
950 -73
951 -62
952 -74
953 -70
954 -75
955 -54
956 -97
957 -75
958 -76
959 -240
960 -62
961 -76
962 -420
963 -598
964 -73
965 -62
966 -73
967 -62
968 -62
969 -35
970 -54
971 -45
972 -75
973 -237
974 -70
975 -75
976 -75
977 -75
978 -62
979 -76
980 -73
981 -70
982 -76
983 -62
984 -74
985 -49
986 -54
987 -21
988 -75
989 -87
990 -73
991 -76
992 -75
993 -74
994 -75
995 -610
996 -291
997 -1143
998 -253
999 -75
