0 -74
1 -70
2 -75
3 -66
4 -62
5 -540
6 -73
7 -70
8 -70
9 -698
10 -934
11 -73
12 -407
13 -75
14 -75
15 -76
16 -70
17 -334
18 -53
19 -57
20 -70
21 -70
22 -75
23 -625
24 -77
25 -76
26 -67
27 -91
28 -76
29 -75
30 -74
31 -75
32 -62
33 -76
34 -74
35 -76
36 -75
37 -74
38 -75
39 -70
40 -1914
41 -70
42 -75
43 -73
44 -62
45 -74
46 -73
47 -57
48 -73
49 -70
50 -74
51 -75
52 -75
53 -80
54 -74
55 -81
56 -73
57 -74
58 -75
59 -189
60 -75
61 -75
62 -60
63 -76
64 -75
65 -80
66 -362
67 -70
68 -70
69 -74
70 -3022
71 -70
72 -74
73 -70
74 -76
75 -77
76 -260
77 -75
78 -153
79 -233
80 -3149
81 -57
82 -63
83 -264
84 -2350
85 -76
86 -70
87 -62
88 -187
89 -74
90 -74
91 -70
92 -73
93 -62
94 -53
95 -70
96 -643
97 -70
98 -70
99 -42
100 -78
101 -76
102 -62
103 -911
104 -70
105 -75
106 -76
107 -75
108 -75
109 -62
110 -76
111 -70
112 -261
113 -801
114 -67
115 -70
116 -62
117 -496
118 -73
119 -62
120 -75
121 -75
122 -74
123 -237
124 -76
125 -1529
126 -74
127 -339
128 -75
129 -75
130 -75
131 -70
132 -62
133 -62
134 -90
135 -3077
136 -100
137 -70
138 -201
139 -53
140 -75
141 -75
142 -57
143 -76
144 -70
145 -1583
146 -3393
147 -118
148 -70
149 -70
150 -70
151 -70
152 -70
153 -413
154 -62
155 -70
156 -70
157 -73
158 -201
159 -127
160 -70
161 -75
162 -57
163 -865
164 -76
165 -73
166 -499
167 -70
168 -48
169 -76
170 -74
171 -241
172 -195
173 -62
174 -70
175 -52
176 -355
177 -181
178 -215
179 -74
180 -70
181 -70
182 -74
183 -70
184 -70
185 -73
186 -70
187 -62
188 -62
189 -3521
190 -74
191 -67
192 -62
193 -75
194 -4688
195 -70
196 -134
197 -73
198 -81
199 -75
200 -74
201 -70
202 -76
203 -4757
204 -70
205 -74
206 -73
207 -62
208 -73
209 -75
210 -76
211 -75
212 -74
213 -63
214 -74
215 -108
216 -62
217 -67
218 -90
219 -63
220 -74
221 -57
222 -74
223 -70
224 -53
225 -62
226 -70
227 -76
228 -75
229 -73
230 -76
231 -75
232 -74
233 -53
234 -57
235 -77
236 -73
237 -75
238 -70
239 -70
240 -76
241 -65
242 -76
243 -62
244 -70
245 -76
246 -60
247 -272
248 -70
249 -271
250 -62
251 -728
252 -73
253 -103
254 -75
255 -35
256 -2341
257 -62
258 -62
259 -70
260 -75
261 -147
262 -67
263 -99
264 -67
265 -55
266 -67
267 -70
268 -3190
269 -73
270 -3716
271 -81
272 -70
273 -71
274 -75
275 -630
276 -74
277 -62
278 -2328
279 -73
280 -73
281 -513
282 -75
283 -76
284 -70
285 -70
286 -62
287 -75
288 -75
289 -70
290 -70
291 -74
292 -70
293 -76
294 -450
295 -70
296 -78
297 -523
298 -74
299 -75
300 -75
301 -70
302 -73
303 -73
304 -63
305 -70
306 -73
307 -63
308 -8826
309 -62
310 -70
311 -62
312 -74
313 -70
314 -75
315 -74
316 -70
317 -76
318 -70
319 -70
320 -76
321 -76
322 -70
323 -73
324 -70
325 -62
326 -62
327 -75
328 -73
329 -70
330 -74
331 -63
332 -49
333 -6133
334 -62
335 -62
336 -63
337 -70
338 -53
339 -4211
340 -70
341 -399
342 -138
343 -75
344 -57
345 -76
346 -89
347 -70
348 -76
349 -62
350 -73
351 -3950
352 -70
353 -76
354 -78
355 -634
356 -74
357 -123
358 -101
359 -118
360 -68
361 -64
362 -75
363 -76
364 -74
365 -70
366 -57
367 -67
368 -73
369 -66
370 -76
371 -75
372 -63
373 -70
374 -75
375 -62
376 -82
377 -69
378 -74
379 -70
380 -74
381 -76
382 -634
383 -76
384 -4402
385 -62
386 -75
387 -74
388 -3974
389 -70
390 -67
391 -70
392 -75
393 -75
394 -75
395 -70
396 -70
397 -366
398 -637
399 -76
400 -132
401 -5313
402 -78
403 -70
404 -176
405 -232
406 -149
407 -62
408 -76
409 -70
410 -74
411 -74
412 -62
413 -74
414 -70
415 -73
416 -5777
417 -69
418 -1058
419 -73
420 -75
421 -62
422 -73
423 -75
424 -67
425 -75
426 -76
427 -70
428 -76
429 -74
430 -57
431 -70
432 -73
433 -70
434 -1715
435 -75
436 -76
437 -70
438 -381
439 -55
440 -2898
441 -70
442 -57
443 -75
444 -76
445 -76
446 -430
447 -2726
448 -74
449 -153
450 -179
451 -62
452 -73
453 -62
454 -1853
455 -75
456 -57
457 -73
458 -53
459 -75
460 -70
461 -75
462 -70
463 -62
464 -63
465 -73
466 -74
467 -63
468 -74
469 -48
470 -76
471 -67
472 -264
473 -74
474 -62
475 -63
476 -49
477 -74
478 -70
479 -73
480 -45
481 -76
482 -74
483 -70
484 -71
485 -73
486 -53
487 -75
488 -70
489 -76
490 -63
491 -70
492 -412
493 -74
494 -75
495 -70
496 -53
497 -76
498 -70
499 -70
500 -75
501 -541
502 -70
503 -62
504 -5244
505 -74
506 -67
507 -70
508 -99
509 -76
510 -401
511 -75
512 -62
513 -70
514 -70
515 -285
516 -57
517 -70
518 -70
519 -70
520 -77
521 -74
522 -74
523 -57
524 -63
525 -113
526 -377
527 -75
528 -70
529 -96
530 -86
531 -74
532 -728
533 -74
534 -73
535 -76
536 -70
537 -243
538 -76
539 -74
540 -73
541 -4551
542 -76
543 -67
544 -73
545 -75
546 -70
547 -70
548 -76
549 -76
550 -60
551 -62
552 -70
553 -74
554 -74
555 -70
556 -57
557 -75
558 -80
559 -65
560 -61
561 -6004
562 -75
563 -73
564 -4552
565 -76
566 -76
567 -830
568 -70
569 -75
570 -81
571 -39
572 -75
573 -74
574 -53
575 -1174
576 -73
577 -74
578 -70
579 -4102
580 -36
581 -74
582 -70
583 -319
584 -76
585 -2185
586 -75
587 -73
588 -70
589 -495
590 -335
591 -75
592 -75
593 -980
594 -74
595 -73
596 -1020
597 -76
598 -63
599 -70
600 -67
601 -62
602 -70
603 -76
604 -62
605 -74
606 -70
607 -57
608 -74
609 -159
610 -75
611 -75
612 -275
613 -62
614 -2030
615 -63
616 -862
617 -1848
618 -70
619 -70
620 -57
621 -75
622 -70
623 -68
624 -70
625 -70
626 -62
627 -73
628 -76
629 -76
630 -70
631 -75
632 -75
633 -73
634 -73
635 -65
636 -70
637 -73
638 -53
639 -73
640 -75
641 -1475
642 -73
643 -80
644 -70
645 -76
646 -75
647 -62
648 -76
649 -57
650 -75
651 -53
652 -73
653 -69
654 -62
655 -74
656 -70
657 -73
658 -70
659 -2034
660 -75
661 -57
662 -1087
663 -75
664 -231
665 -75
666 -403
667 -70
668 -133
669 -70
670 -67
671 -67
672 -63
673 -73
674 -594
675 -75
676 -75
677 -70
678 -70
679 -75
680 -67
681 -75
682 -75
683 -75
684 -73
685 -73
686 -73
687 -73
688 -63
689 -70
690 -70
691 -2695
692 -62
693 -62
694 -70
695 -73
696 -75
697 -76
698 -70
699 -75
700 -7027
701 -75
702 -74
703 -76
704 -75
705 -502
706 -122
707 -76
708 -76
709 -63
710 -890
711 -76
712 -73
713 -62
714 -73
715 -319
716 -63
717 -1254
718 -75
719 -2976
720 -486
721 -74
722 -843
723 -1358
724 -196
725 -75
726 -76
727 -63
728 -75
729 -75
730 -62
731 -70
732 -271
733 -70
734 -75
735 -75
736 -137
737 -327
738 -70
739 -67
740 -63
741 -57
742 -578
743 -76
744 -75
745 -62
746 -75
747 -74
748 -76
749 -243
750 -62
751 -75
752 -62
753 -74
754 -355
755 -70
756 -75
757 -75
758 -76
759 -73
760 -70
761 -67
762 -62
763 -57
764 -62
765 -57
766 -75
767 -62
768 -279
769 -75
770 -70
771 -70
772 -75
773 -157
774 -239
775 -75
776 -75
777 -3068
778 -74
779 -125
780 -75
781 -70
782 -99
783 -75
784 -74
785 -38
786 -53
787 -53
788 -70
789 -73
790 -70
791 -74
792 -70
793 -511
794 -75
795 -73
796 -3330
797 -75
798 -70
799 -74
800 -74
801 -70
802 -76
803 -103
804 -75
805 -64
806 -70
807 -1757
808 -2002
809 -70
810 -74
811 -71
812 -57
813 -73
814 -74
815 -62
816 -74
817 -70
818 -73
819 -75
820 -73
821 -53
822 -62
823 -3927
824 -76
825 -75
826 -62
827 -407
828 -70
829 -402
830 -57
831 -309
832 -73
833 -75
834 -75
835 -73
836 -75
837 -70
838 -3537
839 -75
840 -53
841 -75
842 -201
843 -70
844 -1084
845 -53
846 -1559
847 -965
848 -62
849 -69
850 -75
851 -75
852 -75
853 -161
854 -57
855 -62
856 -228
857 -57
858 -452
859 -70
860 -60
861 -74
862 -57
863 -74
864 -76
865 -70
866 -74
867 -73
868 -73
869 -62
870 -57
871 -76
872 -73
873 -2108
874 -75
875 -70
876 -73
877 -8174
878 -74
879 -75
880 -76
881 -496
882 -113
883 -70
884 -70
885 -71
886 -74
887 -70
888 -70
889 -70
890 -90
891 -67
892 -1050
893 -62
894 -76
895 -2285
896 -623
897 -63
898 -73
899 -70
900 -74
901 -76
902 -75
903 -74
904 -74
905 -80
906 -75
907 -73
908 -10368
909 -73
910 -549
911 -75
912 -70
913 -62
914 -75
915 -70
916 -75
917 -104
918 -73
919 -76
920 -75
921 -74
922 -70
923 -75
924 -584
925 -70
926 -242
927 -75
928 -62
929 -75
930 -74
931 -75
932 -75
933 -73
934 -74
935 -186
936 -57
937 -3922
938 -75
939 -7626
940 -75
941 -75
942 -65
943 -75
944 -74
945 -182
946 -155
947 -2095
948 -4117
949 -70
950 -74
951 -73
952 -89
953 -53
954 -74
955 -74
956 -74
957 -75
958 -517
959 -3738
960 -53
961 -412
962 -75
963 -213
964 -75
965 -317
966 -58
967 -78
968 -74
969 -70
970 -76
971 -108
972 -62
973 -70
974 -3910
975 -70
976 -75
977 -62
978 -75
979 -62
980 -79
981 -74
982 -75
983 -75
984 -74
985 -76
986 -564
987 -73
988 -1387
989 -75
990 -73
991 -62
992 -75
993 -73
994 -174
995 -76
996 -75
997 -70
998 -78
999 -57
