0 -75
1 -48
2 -2875
3 -76
4 -595
5 -4490
6 -335
7 -70
8 -62
9 -75
10 -70
11 -76
12 -74
13 -76
14 -75
15 -73
16 -73
17 -74
18 -62
19 -75
20 -76
21 -308
22 -3295
23 -75
24 -75
25 -531
26 -1172
27 -288
28 -1200
29 -68
30 -75
31 -76
32 -235
33 -491
34 -62
35 -74
36 -76
37 -58
38 -76
39 -75
40 -75
41 -75
42 -1085
43 -608
44 -62
45 -75
46 -75
47 -38
48 -75
49 -70
50 -32
51 -865
52 -1405
53 -76
54 -2280
55 -75
56 -70
57 -74
58 -73
59 -321
60 -75
61 -74
62 -75
63 -75
64 -870
65 -75
66 -2205
67 -73
68 -74
69 -53
70 -75
71 -62
72 -75
73 -70
74 -1405
75 -73
76 -28
77 -48
78 -74
79 -68
80 -74
81 -68
82 -965
83 -260
84 -76
85 -76
86 -62
87 -1385
88 -2292
89 -76
90 -58
91 -70
92 -2251
93 -73
94 -62
95 -74
96 -29
97 -76
98 -120
99 -1045
100 -773
101 -59
102 -2270
103 -62
104 -76
105 -67
106 -760
107 -75
108 -70
109 -75
110 -576
111 -74
112 -62
113 -53
114 -1375
115 -265
116 -75
117 -75
118 -62
119 -73
120 -76
121 -80
122 -170
123 -446
124 -63
125 -75
126 -3180
127 -75
128 -73
129 -479
130 -2015
131 -2070
132 -75
133 -62
134 -402
135 -75
136 -68
137 -62
138 -80
139 -1127
140 -75
141 -75
142 -70
143 -70
144 -75
145 -74
146 -70
147 -75
148 -435
149 -75
150 -66
151 -75
152 -76
153 -76
154 -75
155 -57
156 -4269
157 -2045
158 -329
159 -75
160 -1581
161 -2516
162 -76
163 -75
164 -62
165 -76
166 -78
167 -74
168 -75
169 -3030
170 -76
171 -76
172 -73
173 -73
174 -75
175 -74
176 -4645
177 -76
178 -3881
179 -76
180 -75
181 -879
182 -73
183 -1440
184 -62
185 -49
186 -74
187 -70
188 -70
189 -530
190 -1450
191 -76
192 -62
193 -75
194 -73
195 -74
196 -76
197 -4590
198 -170
199 -70
200 -73
201 -743
202 -70
203 -851
204 -149
205 -62
206 -48
207 -76
208 -62
209 -50
210 -73
211 -75
212 -909
213 -58
214 -73
215 -1595
216 -54
217 -232
218 -559
219 -68
220 -70
221 -73
222 -76
223 -542
224 -62
225 -76
226 -74
227 -62
228 -3905
229 -1512
230 -75
231 -73
232 -70
233 -62
234 -75
235 -74
236 -75
237 -7273
238 -76
239 -75
240 -70
241 -70
242 -248
243 -68
244 -68
245 -75
246 -76
247 -68
248 -1405
249 -1546
250 -70
251 -3442
252 -74
253 -62
254 -70
255 -75
256 -62
257 -76
258 -70
259 -3971
260 -76
261 -1715
262 -64
263 -1976
264 -1760
265 -70
266 -6605
267 -70
268 -62
269 -70
270 -70
271 -76
272 -76
273 -73
274 -74
275 -72
276 -75
277 -76
278 -75
279 -73
280 -74
281 -62
282 -62
283 -58
284 -75
285 -75
286 -73
287 -50
288 -75
289 -75
290 -62
291 -70
292 -870
293 -75
294 -76
295 -70
296 -62
297 -76
298 -379
299 -74
300 -68
301 -74
302 -74
303 -76
304 -385
305 -75
306 -76
307 -73
308 -231
309 -275
310 -2480
311 -70
312 -73
313 -65
314 -70
315 -76
316 -217
317 -73
318 -75
319 -75
320 -74
321 -525
322 -70
323 -771
324 -58
325 -75
326 -951
327 -53
328 -73
329 -75
330 -74
331 -58
332 -73
333 -64
334 -1630
335 -76
336 -53
337 -76
338 -76
339 -65
340 -75
341 -75
342 -75
343 -70
344 -53
345 -624
346 -75
347 -76
348 -76
349 -1088
350 -2870
351 -800
352 -58
353 -3054
354 -74
355 -75
356 -1140
357 -73
358 -74
359 -48
360 -945
361 -1425
362 -76
363 -73
364 -75
365 -339
366 -75
367 -73
368 -1980
369 -74
370 -424
371 -415
372 -70
373 -68
374 -1115
375 -73
376 -76
377 -53
378 -3888
379 -75
380 -75
381 -76
382 -70
383 -62
384 -1935
385 -4499
386 -68
387 -180
388 -73
389 -75
390 -70
391 -75
392 -70
393 -75
394 -3333
395 -75
396 -62
397 -70
398 -73
399 -75
400 -75
401 -62
402 -62
403 -74
404 -70
405 -70
406 -76
407 -76
408 -68
409 -75
410 -70
411 -3078
412 -4922
413 -833
414 -70
415 -74
416 -75
417 -75
418 -73
419 -229
420 -806
421 -2246
422 -2692
423 -62
424 -1168
425 -75
426 -70
427 -76
428 -73
429 -75
430 -75
431 -75
432 -48
433 -74
434 -76
435 -75
436 -74
437 -1620
438 -82
439 -281
440 -76
441 -1345
442 -76
443 -64
444 -494
445 -495
446 -1150
447 -58
448 -1674
449 -62
450 -75
451 -2604
452 -75
453 -76
454 -75
455 -70
456 -2423
457 -159
458 -71
459 -75
460 -75
461 -70
462 -62
463 -75
464 -74
465 -2175
466 -1245
467 -875
468 -74
469 -108
470 -2125
471 -70
472 -70
473 -74
474 -75
475 -428
476 -75
477 -76
478 -1445
479 -70
480 -70
481 -70
482 -277
483 -75
484 -75
485 -1260
486 -10130
487 -75
488 -69
489 -470
490 -3243
491 -74
492 -5109
493 -62
494 -76
495 -904
496 -75
497 -127
498 -75
499 -129
500 -76
501 -75
502 -73
503 -1655
504 -76
505 -73
506 -1295
507 -378
508 -70
509 -74
510 -48
511 -62
512 -73
513 -73
514 -73
515 -65
516 -50
517 -2258
518 -1345
519 -2100
520 -75
521 -751
522 -70
523 -70
524 -74
525 -74
526 -74
527 -3247
528 -75
529 -74
530 -75
531 -75
532 -74
533 -68
534 -75
535 -76
536 -70
537 -75
538 -62
539 -62
540 -80
541 -75
542 -62
543 -75
544 -75
545 -73
546 -70
547 -75
548 -76
549 -75
550 -58
551 -76
552 -70
553 -75
554 -70
555 -575
556 -68
557 -2755
558 -70
559 -4011
560 -182
561 -70
562 -74
563 -74
564 -75
565 -76
566 -70
567 -277
568 -74
569 -51
570 -68
571 -76
572 -70
573 -76
574 -75
575 -68
576 -214
577 -62
578 -68
579 -76
580 -62
581 -770
582 -77
583 -76
584 -70
585 -3495
586 -74
587 -4097
588 -75
589 -29
590 -70
591 -77
592 -76
593 -714
594 -62
595 -295
596 -2019
597 -75
598 -432
599 -2267
600 -934
601 -62
602 -37
603 -76
604 -73
605 -287
606 -70
607 -73
608 -75
609 -62
610 -58
611 -58
612 -73
613 -73
614 -3561
615 -62
616 -76
617 -75
618 -2420
619 -70
620 -67
621 -133
622 -62
623 -70
624 -2198
625 -73
626 -80
627 -73
628 -75
629 -73
630 -2333
631 -2355
632 -507
633 -53
634 -790
635 -74
636 -5119
637 -2625
638 -75
639 -78
640 -1253
641 -53
642 -350
643 -73
644 -74
645 -70
646 -270
647 -74
648 -62
649 -74
650 -195
651 -73
652 -53
653 -62
654 -859
655 -58
656 -1315
657 -2875
658 -1845
659 -74
660 -73
661 -76
662 -63
663 -70
664 -908
665 -62
666 -3512
667 -73
668 -70
669 -75
670 -62
671 -70
672 -75
673 -251
674 -32
675 -2229
676 -1326
677 -68
678 -75
679 -3505
680 -70
681 -1814
682 -53
683 -75
684 -75
685 -76
686 -8920
687 -62
688 -73
689 -75
690 -75
691 -75
692 -3180
693 -108
694 -2290
695 -76
696 -75
697 -76
698 -76
699 -73
700 -75
701 -455
702 -75
703 -29
704 -1190
705 -62
706 -94
707 -74
708 -70
709 -75
710 -70
711 -2736
712 -75
713 -38
714 -147
715 -62
716 -76
717 -68
718 -73
719 -75
720 -666
721 -165
722 -75
723 -75
724 -74
725 -74
726 -75
727 -70
728 -9490
729 -75
730 -62
731 -75
732 -73
733 -74
734 -73
735 -62
736 -62
737 -207
738 -75
739 -75
740 -1027
741 -433
742 -62
743 -74
744 -58
745 -1991
746 -3600
747 -53
748 -76
749 -76
750 -73
751 -76
752 -968
753 -70
754 -29
755 -58
756 -62
757 -75
758 -74
759 -62
760 -78
761 -75
762 -2714
763 -73
764 -70
765 -70
766 -75
767 -70
768 -519
769 -75
770 -58
771 -2205
772 -76
773 -75
774 -76
775 -53
776 -68
777 -73
778 -75
779 -62
780 -840
781 -76
782 -75
783 -68
784 -70
785 -3030
786 -6754
787 -75
788 -75
789 -73
790 -70
791 -62
792 -65
793 -74
794 -68
795 -75
796 -75
797 -76
798 -29
799 -94
800 -62
801 -70
802 -74
803 -74
804 -1657
805 -73
806 -75
807 -48
808 -74
809 -68
810 -74
811 -62
812 -442
813 -77
814 -70
815 -75
816 -75
817 -495
818 -63
819 -76
820 -75
821 -75
822 -62
823 -76
824 -74
825 -73
826 -68
827 -76
828 -9189
829 -68
830 -270
831 -75
832 -1465
833 -2235
834 -76
835 -70
836 -74
837 -210
838 -74
839 -75
840 -1720
841 -75
842 -2630
843 -212
844 -6813
845 -82
846 -1979
847 -73
848 -1330
849 -76
850 -335
851 -70
852 -951
853 -70
854 -68
855 -62
856 -75
857 -68
858 -71
859 -138
860 -4275
861 -2650
862 -75
863 -79
864 -970
865 -74
866 -70
867 -77
868 -73
869 -76
870 -70
871 -62
872 -70
873 -166
874 -330
875 -70
876 -62
877 -73
878 -62
879 -62
880 -62
881 -284
882 -30
883 -73
884 -75
885 -70
886 -75
887 -7958
888 -834
889 -2895
890 -75
891 -75
892 -53
893 -825
894 -62
895 -665
896 -5543
897 -535
898 -165
899 -73
900 -75
901 -592
902 -4190
903 -76
904 -70
905 -171
906 -81
907 -1307
908 -75
909 -38
910 -73
911 -73
912 -280
913 -73
914 -70
915 -360
916 -800
917 -68
918 -75
919 -70
920 -6833
921 -933
922 -75
923 -2391
924 -75
925 -62
926 -73
927 -3115
928 -70
929 -74
930 -658
931 -70
932 -887
933 -5752
934 -76
935 -1782
936 -74
937 -74
938 -74
939 -73
940 -70
941 -122
942 -62
943 -6146
944 -73
945 -75
946 -1451
947 -3169
948 -70
949 -58
950 -75
951 -1795
952 -740
953 -70
954 -70
955 -75
956 -62
957 -76
958 -230
959 -74
960 -75
961 -39
962 -73
963 -415
964 -54
965 -74
966 -75
967 -74
968 -75
969 -48
970 -70
971 -74
972 -2049
973 -70
974 -74
975 -80
976 -720
977 -76
978 -2406
979 -62
980 -73
981 -75
982 -70
983 -63
984 -74
985 -58
986 -75
987 -79
988 -68
989 -95
990 -70
991 -70
992 -75
993 -75
994 -97
995 -75
996 -68
997 -76
998 -1407
999 -81
