0 -64
1 -684
2 -212
3 -68
4 -64
5 -1267
6 -68
7 -5274
8 -98
9 -2752
10 -68
11 -67
12 -64
13 -64
14 -70
15 -71
16 -70
17 -70
18 -70
19 -81
20 -70
21 -39
22 -203
23 -151
24 -1773
25 -72
26 -69
27 -1256
28 -109
29 -75
30 -572
31 -70
32 -70
33 -70
34 -64
35 -45
36 -70
37 -1723
38 -391
39 -442
40 -64
41 -213
42 -70
43 -70
44 -70
45 -69
46 -68
47 -68
48 -64
49 -990
50 -70
51 -64
52 -70
53 -64
54 -39
55 -70
56 -532
57 -64
58 -70
59 -972
60 -39
61 -632
62 -340
63 -461
64 -4363
65 -570
66 -65
67 -95
68 -73
69 -104
70 -910
71 -68
72 -337
73 -70
74 -68
75 -153
76 -172
77 -70
78 -1982
79 -45
80 -5502
81 -70
82 -1982
83 -212
84 -70
85 -35
86 -69
87 -64
88 -195
89 -527
90 -45
91 -69
92 -114
93 -68
94 -69
95 -70
96 -68
97 -70
98 -778
99 -1289
100 -64
101 -75
102 -70
103 -473
104 -70
105 -68
106 -70
107 -732
108 -70
109 -70
110 -1027
111 -69
112 -4676
113 -3555
114 -42
115 -70
116 -1377
117 -69
118 -70
119 -68
120 -68
121 -70
122 -69
123 -75
124 -3957
125 -627
126 -70
127 -70
128 -335
129 -64
130 -69
131 -64
132 -183
133 -70
134 -59
135 -239
136 -3847
137 -70
138 -957
139 -68
140 -70
141 -1397
142 -62
143 -4616
144 -68
145 -1748
146 -68
147 -226
148 -352
149 -45
150 -3197
151 -69
152 -1266
153 -70
154 -259
155 -452
156 -70
157 -780
158 -703
159 -68
160 -354
161 -70
162 -68
163 -132
164 -69
165 -4198
166 -70
167 -70
168 -2337
169 -70
170 -39
171 -70
172 -101
173 -98
174 -620
175 -70
176 -35
177 -68
178 -45
179 -4807
180 -68
181 -69
182 -70
183 -1109
184 -2097
185 -35
186 -783
187 -70
188 -445
189 -70
190 -68
191 -162
192 -70
193 -1037
194 -503
195 -313
196 -70
197 -70
198 -69
199 -190
200 -68
201 -70
202 -402
203 -135
204 -68
205 -64
206 -650
207 -946
208 -247
209 -3603
210 -64
211 -1277
212 -45
213 -75
214 -122
215 -68
216 -546
217 -68
218 -68
219 -70
220 -65
221 -69
222 -69
223 -70
224 -68
225 -69
226 -64
227 -1524
228 -64
229 -64
230 -70
231 -1350
232 -70
233 -65
234 -35
235 -65
236 -75
237 -70
238 -64
239 -197
240 -70
241 -70
242 -280
243 -68
244 -536
245 -69
246 -832
247 -70
248 -191
249 -327
250 -78
251 -344
252 -69
253 -70
254 -68
255 -70
256 -69
257 -70
258 -70
259 -1206
260 -168
261 -1061
262 -70
263 -72
264 -45
265 -161
266 -64
267 -70
268 -1962
269 -64
270 -65
271 -70
272 -68
273 -64
274 -652
275 -1567
276 -336
277 -70
278 -64
279 -64
280 -68
281 -877
282 -75
283 -35
284 -1127
285 -70
286 -174
287 -1281
288 -583
289 -70
290 -69
291 -70
292 -76
293 -1350
294 -70
295 -70
296 -70
297 -69
298 -219
299 -432
300 -563
301 -70
302 -72
303 -1197
304 -1471
305 -3005
306 -1817
307 -300
308 -69
309 -70
310 -114
311 -68
312 -64
313 -139
314 -64
315 -183
316 -422
317 -70
318 -64
319 -70
320 -71
321 -70
322 -947
323 -70
324 -64
325 -87
326 -70
327 -65
328 -31
329 -70
330 -64
331 -70
332 -70
333 -70
334 -64
335 -1493
336 -1242
337 -64
338 -70
339 -70
340 -70
341 -64
342 -64
343 -73
344 -68
345 -69
346 -877
347 -1247
348 -70
349 -34
350 -335
351 -70
352 -1992
353 -767
354 -68
355 -70
356 -1672
357 -372
358 -2782
359 -70
360 -70
361 -68
362 -70
363 -260
364 -69
365 -64
366 -64
367 -113
368 -70
369 -64
370 -89
371 -937
372 -69
373 -68
374 -1833
375 -70
376 -70
377 -137
378 -68
379 -169
380 -69
381 -347
382 -178
383 -70
384 -1784
385 -69
386 -551
387 -69
388 -64
389 -124
390 -102
391 -1571
392 -58
393 -70
394 -115
395 -140
396 -70
397 -1177
398 -118
399 -70
400 -70
401 -70
402 -184
403 -64
404 -69
405 -1206
406 -64
407 -962
408 -1260
409 -70
410 -70
411 -81
412 -71
413 -290
414 -70
415 -1547
416 -263
417 -170
418 -70
419 -333
420 -70
421 -70
422 -70
423 -248
424 -64
425 -3402
426 -1947
427 -1900
428 -511
429 -1070
430 -70
431 -93
432 -300
433 -301
434 -64
435 -1817
436 -644
437 -70
438 -64
439 -1163
440 -64
441 -31
442 -1052
443 -1022
444 -70
445 -70
446 -35
447 -562
448 -3632
449 -64
450 -187
451 -64
452 -68
453 -70
454 -70
455 -317
456 -70
457 -315
458 -70
459 -1622
460 -519
461 -70
462 -69
463 -70
464 -70
465 -70
466 -69
467 -1674
468 -70
469 -343
470 -70
471 -514
472 -435
473 -231
474 -68
475 -70
476 -35
477 -70
478 -340
479 -70
480 -70
481 -70
482 -359
483 -64
484 -68
485 -100
486 -70
487 -272
488 -132
489 -70
490 -70
491 -68
492 -68
493 -68
494 -892
495 -323
496 -127
497 -57
498 -70
499 -1802
500 -68
501 -4137
502 -352
503 -825
504 -190
505 -524
506 -68
507 -68
508 -68
509 -86
510 -69
511 -69
512 -130
513 -766
514 -70
515 -71
516 -69
517 -2612
518 -124
519 -69
520 -74
521 -70
522 -49
523 -69
524 -70
525 -70
526 -3132
527 -70
528 -69
529 -68
530 -1797
531 -184
532 -70
533 -348
534 -1902
535 -64
536 -52
537 -68
538 -64
539 -68
540 -69
541 -64
542 -225
543 -70
544 -39
545 -68
546 -37
547 -70
548 -70
549 -68
550 -70
551 -70
552 -31
553 -70
554 -68
555 -2153
556 -1310
557 -2822
558 -72
559 -64
560 -68
561 -3177
562 -70
563 -69
564 -2335
565 -70
566 -217
567 -181
568 -1016
569 -69
570 -69
571 -1187
572 -70
573 -122
574 -157
575 -64
576 -75
577 -70
578 -70
579 -767
580 -76
581 -5052
582 -76
583 -69
584 -374
585 -404
586 -70
587 -3947
588 -75
589 -68
590 -70
591 -70
592 -39
593 -2535
594 -4795
595 -69
596 -61
597 -45
598 -212
599 -70
600 -2561
601 -64
602 -1157
603 -69
604 -64
605 -70
606 -64
607 -339
608 -1862
609 -95
610 -70
611 -216
612 -70
613 -475
614 -727
615 -1261
616 -70
617 -3452
618 -4525
619 -104
620 -92
621 -1932
622 -67
623 -438
624 -70
625 -45
626 -68
627 -64
628 -68
629 -97
630 -70
631 -670
632 -2371
633 -68
634 -68
635 -1642
636 -2802
637 -64
638 -452
639 -68
640 -490
641 -1034
642 -70
643 -60
644 -68
645 -80
646 -68
647 -69
648 -750
649 -1889
650 -64
651 -710
652 -2662
653 -196
654 -70
655 -71
656 -69
657 -394
658 -415
659 -68
660 -68
661 -70
662 -875
663 -157
664 -497
665 -651
666 -105
667 -69
668 -64
669 -69
670 -70
671 -402
672 -70
673 -264
674 -70
675 -28
676 -64
677 -664
678 -608
679 -68
680 -1817
681 -71
682 -70
683 -69
684 -70
685 -1650
686 -755
687 -70
688 -68
689 -70
690 -68
691 -1612
692 -1046
693 -70
694 -70
695 -92
696 -510
697 -45
698 -451
699 -70
700 -31
701 -70
702 -70
703 -1175
704 -64
705 -506
706 -70
707 -487
708 -2197
709 -70
710 -69
711 -68
712 -2188
713 -1412
714 -69
715 -69
716 -68
717 -69
718 -70
719 -212
720 -70
721 -447
722 -68
723 -64
724 -64
725 -68
726 -440
727 -69
728 -1042
729 -442
730 -1177
731 -70
732 -70
733 -482
734 -210
735 -70
736 -64
737 -108
738 -546
739 -917
740 -242
741 -2829
742 -272
743 -70
744 -68
745 -70
746 -70
747 -70
748 -610
749 -355
750 -70
751 -64
752 -70
753 -75
754 -70
755 -69
756 -745
757 -70
758 -303
759 -71
760 -3135
761 -70
762 -70
763 -70
764 -1247
765 -292
766 -70
767 -51
768 -64
769 -70
770 -2372
771 -70
772 -68
773 -552
774 -70
775 -64
776 -64
777 -70
778 -69
779 -64
780 -64
781 -69
782 -74
783 -68
784 -389
785 -68
786 -70
787 -64
788 -69
789 -84
790 -69
791 -45
792 -68
793 -156
794 -540
795 -69
796 -70
797 -3647
798 -70
799 -211
800 -69
801 -372
802 -64
803 -70
804 -70
805 -70
806 -77
807 -67
808 -1912
809 -69
810 -69
811 -623
812 -643
813 -64
814 -70
815 -70
816 -229
817 -70
818 -35
819 -633
820 -69
821 -70
822 -69
823 -159
824 -69
825 -70
826 -70
827 -64
828 -70
829 -8665
830 -502
831 -69
832 -70
833 -64
834 -70
835 -1207
836 -407
837 -70
838 -70
839 -1113
840 -567
841 -642
842 -70
843 -70
844 -1136
845 -68
846 -70
847 -69
848 -45
849 -126
850 -942
851 -64
852 -70
853 -247
854 -894
855 -70
856 -473
857 -68
858 -1453
859 -70
860 -671
861 -69
862 -64
863 -468
864 -70
865 -70
866 -70
867 -70
868 -68
869 -684
870 -1952
871 -66
872 -70
873 -69
874 -984
875 -70
876 -70
877 -68
878 -70
879 -67
880 -217
881 -301
882 -3727
883 -68
884 -70
885 -68
886 -70
887 -69
888 -44
889 -70
890 -166
891 -750
892 -177
893 -2309
894 -69
895 -1042
896 -68
897 -70
898 -4075
899 -70
900 -202
901 -70
902 -70
903 -70
904 -869
905 -1222
906 -68
907 -35
908 -70
909 -70
910 -727
911 -64
912 -121
913 -632
914 -243
915 -1137
916 -2262
917 -70
918 -64
919 -70
920 -110
921 -185
922 -70
923 -70
924 -70
925 -411
926 -37
927 -73
928 -68
929 -70
930 -70
931 -629
932 -69
933 -301
934 -1258
935 -64
936 -39
937 -31
938 -72
939 -70
940 -1322
941 -73
942 -69
943 -423
944 -70
945 -70
946 -64
947 -70
948 -75
949 -70
950 -101
951 -707
952 -461
953 -85
954 -68
955 -64
956 -246
957 -68
958 -70
959 -70
960 -1737
961 -204
962 -69
963 -5002
964 -69
965 -70
966 -163
967 -69
968 -70
969 -70
970 -69
971 -240
972 -184
973 -1056
974 -70
975 -64
976 -70
977 -123
978 -69
979 -64
980 -541
981 -69
982 -64
983 -616
984 -161
985 -445
986 -70
987 -100
988 -2468
989 -1794
990 -70
991 -70
992 -572
993 -70
994 -1014
995 -1727
996 -156
997 -4712
998 -70
999 -70
