0 -71
1 -70
2 -70
3 -202
4 -71
5 -27
6 -87
7 -50
8 -260
9 -87
10 -71
11 -2072
12 -68
13 -68
14 -1712
15 -53
16 -70
17 -71
18 -1162
19 -70
20 -68
21 -68
22 -70
23 -53
24 -70
25 -69
26 -70
27 -53
28 -117
29 -70
30 -27
31 -64
32 -537
33 -27
34 -2567
35 -66
36 -65
37 -68
38 -53
39 -71
40 -5854
41 -1492
42 -45
43 -69
44 -42
45 -53
46 -71
47 -70
48 -1007
49 -69
50 -372
51 -71
52 -70
53 -65
54 -75
55 -59
56 -53
57 -71
58 -70
59 -238
60 -68
61 -75
62 -70
63 -71
64 -70
65 -27
66 -70
67 -71
68 -71
69 -68
70 -27
71 -70
72 -70
73 -70
74 -70
75 -70
76 -27
77 -69
78 -69
79 -71
80 -53
81 -70
82 -27
83 -27
84 -282
85 -53
86 -70
87 -68
88 -70
89 -68
90 -71
91 -70
92 -27
93 -70
94 -27
95 -1407
96 -69
97 -71
98 -205
99 -69
100 -70
101 -68
102 -68
103 -27
104 -41
105 -27
106 -65
107 -2987
108 -572
109 -70
110 -27
111 -70
112 -71
113 -70
114 -27
115 -70
116 -70
117 -68
118 -70
119 -45
120 -71
121 -53
122 -68
123 -69
124 -71
125 -68
126 -70
127 -65
128 -1227
129 -70
130 -68
131 -53
132 -53
133 -70
134 -70
135 -70
136 -70
137 -71
138 -502
139 -27
140 -167
141 -70
142 -394
143 -70
144 -45
145 -1117
146 -2217
147 -70
148 -120
149 -27
150 -53
151 -70
152 -5810
153 -6972
154 -331
155 -27
156 -589
157 -69
158 -53
159 -27
160 -69
161 -202
162 -70
163 -90
164 -70
165 -70
166 -70
167 -53
168 -42
169 -70
170 -53
171 -70
172 -69
173 -54
174 -70
175 -68
176 -79
177 -53
178 -70
179 -373
180 -53
181 -70
182 -75
183 -70
184 -70
185 -69
186 -70
187 -69
188 -70
189 -68
190 -103
191 -69
192 -70
193 -54
194 -70
195 -70
196 -49
197 -68
198 -61
199 -45
200 -69
201 -27
202 -53
203 -45
204 -63
205 -70
206 -49
207 -71
208 -71
209 -70
210 -70
211 -71
212 -68
213 -42
214 -69
215 -70
216 -70
217 -70
218 -70
219 -4317
220 -70
221 -70
222 -70
223 -70
224 -27
225 -365
226 -27
227 -42
228 -68
229 -68
230 -70
231 -53
232 -1578
233 -536
234 -69
235 -742
236 -71
237 -71
238 -49
239 -71
240 -71
241 -49
242 -27
243 -27
244 -27
245 -68
246 -70
247 -65
248 -27
249 -69
250 -69
251 -54
252 -70
253 -69
254 -70
255 -27
256 -67
257 -45
258 -70
259 -68
260 -467
261 -68
262 -70
263 -449
264 -70
265 -71
266 -792
267 -71
268 -615
269 -53
270 -68
271 -448
272 -2927
273 -53
274 -102
275 -70
276 -70
277 -446
278 -71
279 -357
280 -68
281 -68
282 -71
283 -71
284 -53
285 -2732
286 -71
287 -101
288 -69
289 -4547
290 -70
291 -69
292 -70
293 -71
294 -562
295 -69
296 -305
297 -45
298 -222
299 -71
300 -70
301 -42
302 -69
303 -70
304 -70
305 -69
306 -150
307 -68
308 -53
309 -70
310 -42
311 -27
312 -70
313 -69
314 -68
315 -70
316 -70
317 -507
318 -70
319 -27
320 -71
321 -69
322 -68
323 -45
324 -69
325 -70
326 -317
327 -27
328 -70
329 -1098
330 -255
331 -6382
332 -6082
333 -397
334 -72
335 -4387
336 -4127
337 -75
338 -71
339 -70
340 -69
341 -70
342 -70
343 -70
344 -70
345 -70
346 -70
347 -27
348 -42
349 -27
350 -27
351 -76
352 -68
353 -70
354 -68
355 -926
356 -70
357 -70
358 -70
359 -71
360 -4077
361 -70
362 -69
363 -47
364 -27
365 -53
366 -69
367 -63
368 -53
369 -27
370 -69
371 -69
372 -71
373 -70
374 -832
375 -383
376 -27
377 -583
378 -5532
379 -27
380 -68
381 -1337
382 -69
383 -49
384 -70
385 -64
386 -70
387 -70
388 -27
389 -27
390 -71
391 -27
392 -71
393 -69
394 -53
395 -69
396 -69
397 -530
398 -70
399 -70
400 -54
401 -27
402 -68
403 -65
404 -59
405 -53
406 -42
407 -68
408 -70
409 -70
410 -70
411 -54
412 -27
413 -687
414 -70
415 -49
416 -70
417 -70
418 -70
419 -69
420 -768
421 -27
422 -69
423 -27
424 -27
425 -70
426 -222
427 -70
428 -71
429 -833
430 -70
431 -27
432 -71
433 -69
434 -70
435 -27
436 -29
437 -70
438 -68
439 -71
440 -92
441 -53
442 -297
443 -70
444 -70
445 -53
446 -70
447 -70
448 -51
449 -71
450 -69
451 -54
452 -27
453 -237
454 -68
455 -70
456 -68
457 -45
458 -70
459 -68
460 -480
461 -70
462 -70
463 -71
464 -71
465 -492
466 -70
467 -70
468 -70
469 -70
470 -70
471 -53
472 -70
473 -70
474 -70
475 -68
476 -71
477 -70
478 -69
479 -71
480 -27
481 -70
482 -42
483 -69
484 -69
485 -4097
486 -53
487 -276
488 -71
489 -342
490 -70
491 -71
492 -68
493 -70
494 -70
495 -70
496 -27
497 -68
498 -70
499 -68
500 -859
501 -27
502 -71
503 -70
504 -53
505 -68
506 -27
507 -353
508 -432
509 -366
510 -70
511 -27
512 -159
513 -53
514 -242
515 -70
516 -68
517 -27
518 -70
519 -71
520 -40
521 -70
522 -73
523 -652
524 -70
525 -53
526 -71
527 -69
528 -42
529 -62
530 -27
531 -70
532 -1172
533 -71
534 -70
535 -27
536 -69
537 -45
538 -68
539 -68
540 -64
541 -201
542 -177
543 -66
544 -70
545 -70
546 -27
547 -27
548 -70
549 -70
550 -69
551 -42
552 -33
553 -71
554 -1035
555 -70
556 -53
557 -1317
558 -75
559 -68
560 -27
561 -65
562 -69
563 -66
564 -53
565 -70
566 -69
567 -68
568 -53
569 -151
570 -27
571 -68
572 -69
573 -69
574 -70
575 -27
576 -53
577 -71
578 -70
579 -53
580 -70
581 -71
582 -69
583 -69
584 -69
585 -70
586 -70
587 -70
588 -1542
589 -64
590 -70
591 -1970
592 -70
593 -70
594 -69
595 -2487
596 -27
597 -45
598 -70
599 -27
600 -71
601 -70
602 -27
603 -77
604 -70
605 -382
606 -69
607 -68
608 -53
609 -70
610 -70
611 -27
612 -71
613 -70
614 -42
615 -2592
616 -68
617 -118
618 -69
619 -27
620 -70
621 -53
622 -70
623 -152
624 -71
625 -70
626 -27
627 -45
628 -27
629 -53
630 -69
631 -69
632 -68
633 -51
634 -54
635 -69
636 -69
637 -68
638 -53
639 -69
640 -71
641 -70
642 -71
643 -64
644 -271
645 -70
646 -27
647 -45
648 -202
649 -71
650 -45
651 -3512
652 -53
653 -27
654 -2042
655 -27
656 -69
657 -64
658 -71
659 -70
660 -70
661 -54
662 -81
663 -45
664 -65
665 -53
666 -71
667 -68
668 -71
669 -42
670 -1234
671 -70
672 -70
673 -70
674 -69
675 -45
676 -27
677 -69
678 -53
679 -70
680 -53
681 -2067
682 -65
683 -70
684 -70
685 -68
686 -70
687 -70
688 -70
689 -837
690 -69
691 -70
692 -70
693 -70
694 -53
695 -947
696 -59
697 -68
698 -81
699 -70
700 -79
701 -68
702 -70
703 -70
704 -63
705 -179
706 -70
707 -68
708 -69
709 -867
710 -65
711 -45
712 -69
713 -49
714 -126
715 -68
716 -70
717 -339
718 -53
719 -68
720 -68
721 -169
722 -68
723 -53
724 -70
725 -3217
726 -53
727 -68
728 -70
729 -53
730 -69
731 -53
732 -71
733 -69
734 -27
735 -71
736 -76
737 -27
738 -64
739 -70
740 -53
741 -53
742 -71
743 -54
744 -70
745 -2517
746 -403
747 -53
748 -70
749 -70
750 -27
751 -45
752 -203
753 -53
754 -68
755 -27
756 -70
757 -27
758 -70
759 -1007
760 -71
761 -2482
762 -71
763 -69
764 -42
765 -53
766 -70
767 -27
768 -69
769 -74
770 -70
771 -70
772 -68
773 -27
774 -53
775 -1487
776 -70
777 -69
778 -27
779 -400
780 -53
781 -42
782 -27
783 -53
784 -70
785 -75
786 -69
787 -1192
788 -71
789 -1912
790 -27
791 -71
792 -54
793 -183
794 -70
795 -53
796 -69
797 -76
798 -68
799 -2002
800 -40
801 -53
802 -293
803 -70
804 -27
805 -27
806 -69
807 -70
808 -70
809 -69
810 -69
811 -53
812 -70
813 -69
814 -926
815 -71
816 -27
817 -53
818 -27
819 -68
820 -68
821 -68
822 -729
823 -68
824 -70
825 -27
826 -53
827 -69
828 -53
829 -62
830 -70
831 -71
832 -71
833 -202
834 -71
835 -27
836 -168
837 -71
838 -70
839 -68
840 -194
841 -322
842 -70
843 -69
844 -53
845 -234
846 -68
847 -69
848 -125
849 -69
850 -75
851 -45
852 -2152
853 -53
854 -53
855 -69
856 -61
857 -70
858 -68
859 -42
860 -70
861 -42
862 -70
863 -70
864 -70
865 -240
866 -68
867 -53
868 -66
869 -53
870 -68
871 -70
872 -53
873 -45
874 -70
875 -1247
876 -295
877 -70
878 -27
879 -42
880 -70
881 -68
882 -27
883 -70
884 -53
885 -1172
886 -68
887 -70
888 -71
889 -70
890 -42
891 -53
892 -68
893 -53
894 -71
895 -53
896 -2722
897 -69
898 -68
899 -352
900 -3912
901 -70
902 -1807
903 -51
904 -27
905 -70
906 -69
907 -69
908 -70
909 -62
910 -70
911 -82
912 -68
913 -70
914 -27
915 -27
916 -69
917 -53
918 -76
919 -70
920 -615
921 -70
922 -71
923 -53
924 -45
925 -71
926 -69
927 -665
928 -71
929 -70
930 -227
931 -27
932 -70
933 -27
934 -27
935 -70
936 -70
937 -49
938 -71
939 -70
940 -70
941 -71
942 -70
943 -27
944 -69
945 -68
946 -71
947 -68
948 -69
949 -70
950 -71
951 -70
952 -71
953 -68
954 -71
955 -70
956 -997
957 -53
958 -54
959 -692
960 -70
961 -70
962 -1057
963 -1627
964 -27
965 -70
966 -70
967 -71
968 -61
969 -28
970 -27
971 -42
972 -53
973 -637
974 -27
975 -42
976 -3887
977 -70
978 -35
979 -45
980 -70
981 -27
982 -68
983 -53
984 -70
985 -69
986 -54
987 -70
988 -53
989 -70
990 -53
991 -70
992 -68
993 -571
994 -70
995 -70
996 -70
997 -70
998 -68
999 -53
