0 -68
1 -69
2 -69
3 -68
4 -69
5 -41
6 -61
7 -67
8 -61
9 -67
10 -55
11 -1726
12 -69
13 -69
14 -453
15 -69
16 -50
17 -55
18 -66
19 -68
20 -69
21 -66
22 -61
23 -67
24 -69
25 -68
26 -63
27 -69
28 -65
29 -68
30 -38
31 -66
32 -40
33 -61
34 -6420
35 -62
36 -1915
37 -61
38 -515
39 -64
40 -66
41 -1432
42 -64
43 -67
44 -3866
45 -50
46 -3022
47 -69
48 -62
49 -55
50 -69
51 -676
52 -61
53 -63
54 -150
55 -69
56 -67
57 -68
58 -2257
59 -62
60 -69
61 -1071
62 -119
63 -1667
64 -68
65 -64
66 -226
67 -55
68 -69
69 -49
70 -1446
71 -68
72 -61
73 -69
74 -55
75 -3211
76 -241
77 -1881
78 -61
79 -55
80 -68
81 -60
82 -69
83 -69
84 -69
85 -68
86 -69
87 -57
88 -506
89 -3106
90 -69
91 -67
92 -65
93 -69
94 -55
95 -181
96 -69
97 -104
98 -61
99 -1823
100 -216
101 -14775
102 -69
103 -74
104 -69
105 -69
106 -67
107 -69
108 -69
109 -1220
110 -69
111 -68
112 -64
113 -3160
114 -47
115 -1691
116 -64
117 -66
118 -69
119 -5393
120 -68
121 -68
122 -62
123 -68
124 -55
125 -55
126 -220
127 -69
128 -3024
129 -66
130 -53
131 -3507
132 -69
133 -68
134 -1931
135 -66
136 -69
137 -69
138 -1553
139 -2847
140 -68
141 -61
142 -30
143 -68
144 -10478
145 -61
146 -69
147 -1433
148 -3355
149 -3403
150 -69
151 -66
152 -105
153 -61
154 -61
155 -2270
156 -69
157 -61
158 -61
159 -69
160 -55
161 -69
162 -61
163 -69
164 -55
165 -18
166 -69
167 -222
168 -55
169 -1335
170 -68
171 -484
172 -42
173 -79
174 -7309
175 -2088
176 -232
177 -901
178 -1036
179 -43
180 -964
181 -130
182 -68
183 -67
184 -68
185 -1920
186 -69
187 -69
188 -1426
189 -1720
190 -118
191 -69
192 -61
193 -5612
194 -66
195 -68
196 -68
197 -66
198 -68
199 -865
200 -67
201 -61
202 -55
203 -4226
204 -69
205 -69
206 -68
207 -69
208 -67
209 -61
210 -150
211 -371
212 -68
213 -3203
214 -73
215 -68
216 -5368
217 -67
218 -61
219 -69
220 -67
221 -69
222 -69
223 -56
224 -61
225 -42
226 -69
227 -69
228 -67
229 -33
230 -55
231 -204
232 -69
233 -614
234 -2191
235 -68
236 -68
237 -68
238 -63
239 -69
240 -69
241 -69
242 -2156
243 -51
244 -67
245 -3242
246 -746
247 -53
248 -66
249 -94
250 -69
251 -74
252 -326
253 -3014
254 -1676
255 -69
256 -4760
257 -67
258 -67
259 -69
260 -5595
261 -69
262 -64
263 -61
264 -407
265 -69
266 -69
267 -69
268 -67
269 -868
270 -61
271 -68
272 -150
273 -61
274 -69
275 -436
276 -331
277 -69
278 -61
279 -34
280 -66
281 -61
282 -69
283 -67
284 -69
285 -69
286 -61
287 -61
288 -966
289 -61
290 -55
291 -39
292 -55
293 -67
294 -68
295 -1784
296 -198
297 -69
298 -69
299 -67
300 -47
301 -67
302 -214
303 -57
304 -73
305 -762
306 -68
307 -653
308 -69
309 -61
310 -67
311 -8824
312 -69
313 -62
314 -2401
315 -2020
316 -68
317 -68
318 -97
319 -66
320 -711
321 -66
322 -64
323 -1697
324 -68
325 -77
326 -69
327 -69
328 -69
329 -67
330 -5356
331 -74
332 -69
333 -1059
334 -61
335 -50
336 -67
337 -1288
338 -61
339 -55
340 -40
341 -68
342 -309
343 -69
344 -50
345 -68
346 -2474
347 -1427
348 -55
349 -732
350 -68
351 -8325
352 -69
353 -69
354 -61
355 -488
356 -914
357 -61
358 -69
359 -69
360 -677
361 -55
362 -3750
363 -66
364 -55
365 -69
366 -67
367 -742
368 -61
369 -69
370 -67
371 -55
372 -441
373 -1757
374 -55
375 -68
376 -61
377 -90
378 -831
379 -1224
380 -55
381 -450
382 -69
383 -66
384 -68
385 -69
386 -9869
387 -61
388 -69
389 -68
390 -61
391 -69
392 -69
393 -3835
394 -948
395 -61
396 -69
397 -55
398 -86
399 -61
400 -67
401 -55
402 -69
403 -74
404 -3912
405 -69
406 -62
407 -8322
408 -67
409 -24
410 -236
411 -102
412 -69
413 -402
414 -70
415 -63
416 -55
417 -66
418 -68
419 -68
420 -2926
421 -61
422 -61
423 -43
424 -65
425 -70
426 -433
427 -1102
428 -1681
429 -217
430 -2117
431 -3045
432 -67
433 -69
434 -69
435 -69
436 -35
437 -43
438 -69
439 -4515
440 -406
441 -69
442 -1106
443 -69
444 -69
445 -58
446 -1498
447 -2167
448 -61
449 -56
450 -67
451 -69
452 -33
453 -62
454 -1943
455 -2149
456 -55
457 -39
458 -69
459 -68
460 -865
461 -2130
462 -2191
463 -1316
464 -1276
465 -69
466 -69
467 -56
468 -1597
469 -67
470 -536
471 -55
472 -69
473 -55
474 -55
475 -68
476 -711
477 -67
478 -68
479 -1223
480 -61
481 -69
482 -69
483 -67
484 -69
485 -67
486 -61
487 -67
488 -67
489 -47
490 -55
491 -46
492 -69
493 -61
494 -55
495 -3083
496 -68
497 -69
498 -55
499 -69
500 -4538
501 -161
502 -1567
503 -69
504 -67
505 -71
506 -69
507 -68
508 -1704
509 -69
510 -67
511 -69
512 -61
513 -2810
514 -446
515 -69
516 -69
517 -69
518 -69
519 -461
520 -61
521 -68
522 -69
523 -68
524 -69
525 -69
526 -90
527 -66
528 -8583
529 -68
530 -580
531 -69
532 -637
533 -192
534 -44
535 -110
536 -61
537 -849
538 -67
539 -69
540 -67
541 -61
542 -55
543 -200
544 -48
545 -69
546 -55
547 -1657
548 -427
549 -2583
550 -61
551 -69
552 -68
553 -65
554 -3891
555 -349
556 -2891
557 -4023
558 -69
559 -11816
560 -3204
561 -2336
562 -69
563 -55
564 -3751
565 -806
566 -53
567 -55
568 -70
569 -55
570 -4409
571 -66
572 -802
573 -68
574 -2878
575 -2065
576 -61
577 -1890
578 -68
579 -1711
580 -280
581 -69
582 -69
583 -61
584 -69
585 -69
586 -69
587 -69
588 -265
589 -61
590 -68
591 -1816
592 -61
593 -69
594 -81
595 -55
596 -347
597 -69
598 -1115
599 -61
600 -61
601 -69
602 -4350
603 -69
604 -2153
605 -69
606 -63
607 -69
608 -31
609 -473
610 -69
611 -793
612 -65
613 -3842
614 -68
615 -6549
616 -67
617 -3455
618 -2836
619 -64
620 -984
621 -66
622 -69
623 -150
624 -67
625 -61
626 -67
627 -69
628 -69
629 -68
630 -67
631 -68
632 -3966
633 -53
634 -61
635 -69
636 -67
637 -52
638 -61
639 -68
640 -68
641 -530
642 -67
643 -69
644 -67
645 -1660
646 -62
647 -957
648 -30
649 -38
650 -229
651 -67
652 -66
653 -68
654 -68
655 -64
656 -46
657 -1927
658 -232
659 -61
660 -59
661 -61
662 -68
663 -75
664 -67
665 -666
666 -67
667 -69
668 -62
669 -61
670 -2071
671 -68
672 -929
673 -68
674 -69
675 -69
676 -126
677 -66
678 -69
679 -50
680 -283
681 -68
682 -67
683 -686
684 -69
685 -68
686 -157
687 -4550
688 -35
689 -3000
690 -64
691 -68
692 -337
693 -68
694 -67
695 -69
696 -68
697 -694
698 -33
699 -62
700 -61
701 -79
702 -67
703 -1827
704 -3184
705 -1127
706 -7027
707 -69
708 -556
709 -69
710 -69
711 -1731
712 -67
713 -68
714 -69
715 -69
716 -61
717 -69
718 -67
719 -69
720 -69
721 -69
722 -68
723 -1214
724 -1478
725 -66
726 -62
727 -67
728 -61
729 -1437
730 -49
731 -69
732 -61
733 -69
734 -66
735 -1211
736 -69
737 -90
738 -55
739 -62
740 -69
741 -39
742 -69
743 -46
744 -68
745 -66
746 -69
747 -38
748 -64
749 -48
750 -67
751 -3761
752 -11151
753 -69
754 -68
755 -55
756 -2023
757 -18
758 -135
759 -67
760 -50
761 -3680
762 -61
763 -69
764 -69
765 -73
766 -74
767 -61
768 -67
769 -69
770 -1945
771 -13145
772 -740
773 -32
774 -68
775 -69
776 -68
777 -571
778 -1497
779 -69
780 -69
781 -69
782 -72
783 -55
784 -1959
785 -67
786 -53
787 -69
788 -29
789 -308
790 -69
791 -176
792 -69
793 -68
794 -1410
795 -69
796 -87
797 -818
798 -69
799 -61
800 -61
801 -67
802 -68
803 -1573
804 -1229
805 -705
806 -69
807 -64
808 -106
809 -69
810 -66
811 -3245
812 -68
813 -69
814 -48
815 -65
816 -69
817 -61
818 -69
819 -68
820 -5341
821 -69
822 -55
823 -69
824 -67
825 -68
826 -56
827 -186
828 -2483
829 -67
830 -74
831 -98
832 -306
833 -69
834 -64
835 -69
836 -561
837 -61
838 -66
839 -67
840 -68
841 -55
842 -64
843 -69
844 -69
845 -62
846 -573
847 -255
848 -61
849 -921
850 -45
851 -68
852 -69
853 -61
854 -96
855 -67
856 -55
857 -69
858 -982
859 -76
860 -7014
861 -402
862 -69
863 -69
864 -69
865 -66
866 -67
867 -69
868 -39
869 -571
870 -66
871 -1064
872 -61
873 -69
874 -69
875 -90
876 -67
877 -69
878 -69
879 -64
880 -67
881 -8408
882 -449
883 -193
884 -2578
885 -69
886 -1307
887 -61
888 -68
889 -68
890 -69
891 -74
892 -69
893 -1168
894 -12276
895 -640
896 -64
897 -42
898 -4992
899 -66
900 -61
901 -68
902 -68
903 -67
904 -6915
905 -62
906 -69
907 -67
908 -44
909 -68
910 -69
911 -67
912 -188
913 -3539
914 -1411
915 -69
916 -998
917 -389
918 -55
919 -2609
920 -68
921 -55
922 -4927
923 -103
924 -42
925 -557
926 -61
927 -60
928 -69
929 -61
930 -68
931 -67
932 -69
933 -69
934 -5571
935 -641
936 -68
937 -68
938 -256
939 -67
940 -69
941 -63
942 -55
943 -66
944 -861
945 -2033
946 -68
947 -2025
948 -69
949 -61
950 -69
951 -38
952 -69
953 -75
954 -2809
955 -68
956 -69
957 -69
958 -69
959 -56
960 -561
961 -69
962 -47
963 -996
964 -61
965 -2941
966 -47
967 -59
968 -61
969 -33
970 -52
971 -68
972 -69
973 -1058
974 -69
975 -68
976 -67
977 -69
978 -3385
979 -525
980 -67
981 -69
982 -67
983 -1296
984 -898
985 -11478
986 -69
987 -67
988 -55
989 -243
990 -214
991 -67
992 -1181
993 -1271
994 -69
995 -66
996 -55
997 -61
998 -67
999 -69
