0 -75
1 -565
2 -62
3 -74
4 -6147
5 -75
6 -70
7 -35
8 -35
9 -62
10 -80
11 -68
12 -62
13 -94
14 -76
15 -74
16 -62
17 -74
18 -75
19 -74
20 -35
21 -76
22 -76
23 -2291
24 -74
25 -62
26 -76
27 -74
28 -75
29 -75
30 -74
31 -2430
32 -70
33 -76
34 -62
35 -35
36 -47
37 -35
38 -74
39 -70
40 -70
41 -67
42 -76
43 -35
44 -4244
45 -74
46 -74
47 -1485
48 -705
49 -62
50 -1236
51 -2250
52 -835
53 -35
54 -219
55 -70
56 -75
57 -76
58 -282
59 -74
60 -62
61 -75
62 -1494
63 -66
64 -70
65 -322
66 -599
67 -35
68 -35
69 -35
70 -76
71 -453
72 -76
73 -75
74 -658
75 -74
76 -75
77 -75
78 -75
79 -1904
80 -74
81 -74
82 -51
83 -62
84 -75
85 -6763
86 -35
87 -72
88 -75
89 -380
90 -62
91 -74
92 -76
93 -154
94 -70
95 -298
96 -69
97 -80
98 -73
99 -69
100 -75
101 -74
102 -62
103 -76
104 -75
105 -76
106 -3795
107 -1507
108 -73
109 -35
110 -75
111 -76
112 -76
113 -75
114 -75
115 -75
116 -70
117 -75
118 -70
119 -62
120 -76
121 -73
122 -997
123 -2336
124 -75
125 -295
126 -66
127 -2080
128 -73
129 -814
130 -78
131 -368
132 -1486
133 -70
134 -75
135 -75
136 -200
137 -1829
138 -73
139 -76
140 -75
141 -2966
142 -1010
143 -73
144 -73
145 -76
146 -76
147 -62
148 -2751
149 -80
150 -35
151 -446
152 -76
153 -94
154 -1364
155 -75
156 -262
157 -74
158 -75
159 -168
160 -2585
161 -62
162 -2657
163 -64
164 -75
165 -70
166 -70
167 -35
168 -70
169 -479
170 -62
171 -1000
172 -62
173 -1709
174 -35
175 -75
176 -73
177 -73
178 -4313
179 -1197
180 -70
181 -73
182 -62
183 -2067
184 -35
185 -70
186 -173
187 -82
188 -62
189 -2279
190 -56
191 -70
192 -79
193 -55
194 -75
195 -62
196 -70
197 -79
198 -75
199 -35
200 -74
201 -75
202 -62
203 -70
204 -2575
205 -709
206 -75
207 -4350
208 -75
209 -75
210 -74
211 -74
212 -1481
213 -35
214 -73
215 -79
216 -73
217 -62
218 -119
219 -75
220 -58
221 -74
222 -76
223 -73
224 -4003
225 -76
226 -62
227 -65
228 -41
229 -70
230 -70
231 -35
232 -70
233 -62
234 -75
235 -74
236 -26
237 -35
238 -2331
239 -35
240 -75
241 -2132
242 -73
243 -70
244 -74
245 -70
246 -76
247 -75
248 -62
249 -75
250 -70
251 -86
252 -76
253 -74
254 -5138
255 -73
256 -273
257 -35
258 -76
259 -73
260 -76
261 -3024
262 -35
263 -76
264 -513
265 -70
266 -76
267 -75
268 -73
269 -70
270 -2015
271 -35
272 -496
273 -35
274 -73
275 -76
276 -62
277 -35
278 -75
279 -504
280 -75
281 -900
282 -73
283 -75
284 -1291
285 -75
286 -62
287 -35
288 -75
289 -75
290 -70
291 -75
292 -1131
293 -35
294 -35
295 -4498
296 -1176
297 -462
298 -75
299 -35
300 -2638
301 -76
302 -45
303 -76
304 -2952
305 -776
306 -75
307 -70
308 -3217
309 -65
310 -148
311 -70
312 -167
313 -263
314 -73
315 -286
316 -62
317 -163
318 -41
319 -76
320 -76
321 -35
322 -75
323 -62
324 -74
325 -1066
326 -70
327 -62
328 -76
329 -35
330 -71
331 -62
332 -465
333 -3480
334 -35
335 -70
336 -74
337 -230
338 -73
339 -76
340 -35
341 -74
342 -75
343 -1877
344 -74
345 -62
346 -38
347 -76
348 -73
349 -73
350 -73
351 -841
352 -53
353 -47
354 -842
355 -519
356 -76
357 -1712
358 -35
359 -75
360 -35
361 -35
362 -73
363 -767
364 -35
365 -75
366 -76
367 -73
368 -2282
369 -2080
370 -70
371 -75
372 -70
373 -75
374 -115
375 -73
376 -76
377 -70
378 -293
379 -75
380 -75
381 -76
382 -113
383 -73
384 -70
385 -70
386 -73
387 -70
388 -76
389 -5404
390 -658
391 -126
392 -69
393 -70
394 -62
395 -62
396 -75
397 -70
398 -458
399 -427
400 -76
401 -62
402 -2657
403 -35
404 -2398
405 -263
406 -75
407 -300
408 -73
409 -76
410 -2031
411 -75
412 -75
413 -51
414 -1161
415 -80
416 -76
417 -80
418 -74
419 -76
420 -74
421 -76
422 -75
423 -62
424 -70
425 -67
426 -3718
427 -75
428 -69
429 -75
430 -535
431 -75
432 -62
433 -76
434 -70
435 -62
436 -60
437 -362
438 -73
439 -62
440 -62
441 -2036
442 -62
443 -259
444 -35
445 -76
446 -35
447 -74
448 -417
449 -73
450 -76
451 -73
452 -62
453 -53
454 -62
455 -76
456 -73
457 -193
458 -35
459 -62
460 -70
461 -70
462 -81
463 -75
464 -563
465 -73
466 -737
467 -95
468 -52
469 -75
470 -73
471 -93
472 -76
473 -75
474 -75
475 -75
476 -70
477 -56
478 -73
479 -76
480 -35
481 -75
482 -85
483 -62
484 -299
485 -73
486 -57
487 -70
488 -74
489 -73
490 -53
491 -76
492 -35
493 -792
494 -62
495 -200
496 -62
497 -75
498 -75
499 -668
500 -75
501 -1284
502 -76
503 -93
504 -76
505 -75
506 -75
507 -76
508 -1500
509 -75
510 -75
511 -75
512 -75
513 -76
514 -558
515 -75
516 -374
517 -75
518 -35
519 -75
520 -70
521 -1927
522 -250
523 -5229
524 -73
525 -1297
526 -73
527 -35
528 -2116
529 -75
530 -2625
531 -75
532 -70
533 -76
534 -2747
535 -75
536 -484
537 -75
538 -76
539 -2341
540 -73
541 -560
542 -897
543 -71
544 -81
545 -76
546 -715
547 -62
548 -2122
549 -8101
550 -75
551 -74
552 -74
553 -1197
554 -74
555 -74
556 -75
557 -510
558 -75
559 -62
560 -73
561 -74
562 -62
563 -75
564 -75
565 -75
566 -3147
567 -35
568 -76
569 -70
570 -80
571 -70
572 -117
573 -450
574 -390
575 -75
576 -206
577 -73
578 -317
579 -246
580 -816
581 -75
582 -74
583 -73
584 -75
585 -74
586 -35
587 -75
588 -26
589 -70
590 -74
591 -62
592 -591
593 -1209
594 -140
595 -35
596 -75
597 -69
598 -74
599 -2827
600 -75
601 -1560
602 -80
603 -70
604 -75
605 -2043
606 -74
607 -35
608 -509
609 -74
610 -75
611 -74
612 -75
613 -75
614 -50
615 -1442
616 -79
617 -74
618 -147
619 -994
620 -55
621 -70
622 -489
623 -76
624 -74
625 -144
626 -75
627 -73
628 -73
629 -75
630 -2848
631 -75
632 -75
633 -295
634 -35
635 -70
636 -62
637 -309
638 -62
639 -75
640 -64
641 -76
642 -76
643 -74
644 -74
645 -75
646 -74
647 -62
648 -284
649 -1757
650 -76
651 -62
652 -35
653 -73
654 -373
655 -75
656 -76
657 -496
658 -136
659 -35
660 -75
661 -62
662 -70
663 -76
664 -35
665 -75
666 -3797
667 -266
668 -1620
669 -76
670 -42
671 -74
672 -76
673 -75
674 -80
675 -75
676 -35
677 -53
678 -73
679 -407
680 -74
681 -73
682 -4887
683 -62
684 -70
685 -73
686 -329
687 -2585
688 -3587
689 -766
690 -74
691 -70
692 -70
693 -81
694 -75
695 -70
696 -73
697 -73
698 -70
699 -73
700 -73
701 -75
702 -1309
703 -30
704 -75
705 -35
706 -75
707 -124
708 -102
709 -76
710 -110
711 -75
712 -75
713 -62
714 -35
715 -945
716 -10008
717 -75
718 -70
719 -71
720 -3227
721 -58
722 -76
723 -73
724 -4492
725 -79
726 -1836
727 -66
728 -73
729 -49
730 -77
731 -75
732 -139
733 -35
734 -250
735 -75
736 -73
737 -75
738 -75
739 -2971
740 -70
741 -62
742 -74
743 -73
744 -75
745 -70
746 -54
747 -205
748 -75
749 -75
750 -75
751 -75
752 -73
753 -1674
754 -75
755 -62
756 -73
757 -62
758 -1579
759 -1030
760 -62
761 -240
762 -1945
763 -70
764 -5177
765 -73
766 -75
767 -62
768 -816
769 -289
770 -75
771 -51
772 -75
773 -35
774 -75
775 -74
776 -266
777 -1723
778 -62
779 -1151
780 -50
781 -62
782 -596
783 -2624
784 -188
785 -66
786 -75
787 -1634
788 -76
789 -399
790 -74
791 -1699
792 -62
793 -136
794 -2561
795 -73
796 -35
797 -73
798 -1995
799 -121
800 -70
801 -75
802 -70
803 -75
804 -74
805 -75
806 -73
807 -70
808 -35
809 -385
810 -75
811 -73
812 -75
813 -73
814 -35
815 -35
816 -75
817 -75
818 -73
819 -76
820 -62
821 -70
822 -62
823 -73
824 -1038
825 -35
826 -35
827 -75
828 -726
829 -76
830 -1066
831 -815
832 -75
833 -62
834 -76
835 -75
836 -1231
837 -35
838 -74
839 -2283
840 -70
841 -62
842 -35
843 -486
844 -74
845 -75
846 -75
847 -75
848 -75
849 -39
850 -75
851 -6261
852 -75
853 -76
854 -1077
855 -75
856 -74
857 -75
858 -70
859 -74
860 -62
861 -62
862 -74
863 -76
864 -81
865 -160
866 -73
867 -583
868 -74
869 -70
870 -594
871 -73
872 -75
873 -75
874 -64
875 -76
876 -75
877 -74
878 -35
879 -62
880 -75
881 -47
882 -35
883 -62
884 -74
885 -74
886 -1871
887 -76
888 -347
889 -73
890 -74
891 -62
892 -3254
893 -304
894 -194
895 -75
896 -62
897 -70
898 -73
899 -75
900 -57
901 -62
902 -35
903 -76
904 -62
905 -148
906 -75
907 -70
908 -39
909 -73
910 -73
911 -76
912 -75
913 -75
914 -62
915 -35
916 -76
917 -75
918 -81
919 -70
920 -73
921 -70
922 -75
923 -76
924 -73
925 -2804
926 -62
927 -357
928 -74
929 -76
930 -70
931 -299
932 -216
933 -5290
934 -379
935 -75
936 -70
937 -75
938 -39
939 -62
940 -2140
941 -365
942 -76
943 -75
944 -62
945 -62
946 -74
947 -62
948 -74
949 -516
950 -75
951 -62
952 -35
953 -73
954 -35
955 -75
956 -35
957 -35
958 -70
959 -70
960 -74
961 -73
962 -4726
963 -152
964 -76
965 -76
966 -74
967 -76
968 -74
969 -3262
970 -68
971 -74
972 -75
973 -73
974 -74
975 -495
976 -326
977 -73
978 -62
979 -184
980 -551
981 -35
982 -75
983 -73
984 -62
985 -35
986 -74
987 -62
988 -35
989 -75
990 -62
991 -1025
992 -75
993 -75
994 -62
995 -62
996 -302
997 -35
998 -324
999 -1827
