0 -155
1 -79
2 -204
3 -115
4 -238
5 -90
6 -55
7 -84
8 -182
9 -189
10 -175
11 -136
12 -140
13 -124
14 -66
15 -80
16 -154
17 -52
18 -62
19 -79
20 -98
21 -92
22 -1005
23 -626
24 -79
25 -104
26 -133
27 -122
28 -145
29 -104
30 -102
31 -126
32 -176
33 -94
34 -98
35 -88
36 -246
37 -57
38 -112
39 -228
40 -45
41 -118
42 -69
43 -104
44 -163
45 -113
46 -96
47 -145
48 -26
49 -235
50 -71
51 -183
52 -66
53 -85
54 -77
55 -64
56 -105
57 -86
58 -334
59 -90
60 -129
61 -71
62 -80
63 -414
64 -489
65 -136
66 -202
67 -81
68 -70
69 -163
70 -70
71 -54
72 -66
73 -48
74 -114
75 -47
76 -115
77 -313
78 -178
79 -107
80 -290
81 -76
82 -160
83 -57
84 -66
85 -58
86 -55
87 -102
88 -73
89 -124
90 -122
91 -70
92 -144
93 -181
94 -125
95 -106
96 -93
97 -71
98 -124
99 -105
100 -173
101 -152
102 -211
103 -189
104 -102
105 -180
106 -225
107 -65
108 -181
109 -175
110 -52
111 -182
112 -195
113 -76
114 -367
115 -102
116 -95
117 -130
118 -98
119 -64
120 -109
121 -342
122 -43
123 -133
124 -108
125 -193
126 -236
127 -266
128 -30
129 -115
130 -95
131 -184
132 -68
133 -266
134 -87
135 -176
136 -175
137 -127
138 -104
139 -175
140 -150
141 -92
142 -109
143 -70
144 -149
145 -52
146 -38
147 -145
148 -65
149 -128
150 -194
151 -208
152 -405
153 -141
154 -55
155 -587
156 -139
157 -100
158 -246
159 -189
160 -153
161 -37
162 -98
163 -69
164 -99
165 -85
166 -56
167 -112
168 -70
169 -71
170 -239
171 -73
172 -158
173 -187
174 -68
175 -200
176 -45
177 -255
178 -96
179 -724
180 -106
181 -419
182 -46
183 -53
184 -70
185 -205
186 -121
187 -160
188 -95
189 -59
190 -145
191 -54
192 -145
193 -162
194 -74
195 -131
196 -46
197 -83
198 -56
199 -219
200 -102
201 -177
202 -164
203 -142
204 -249
205 -91
206 -97
207 -143
208 -96
209 -172
210 -66
211 -74
212 -44
213 -81
214 -52
215 -266
216 -180
217 -152
218 -86
219 -175
220 -174
221 -131
222 -111
223 -182
224 -54
225 -57
226 -175
227 -102
228 -57
229 -190
230 -435
231 -617
232 -139
233 -58
234 -59
235 -59
236 -197
237 -118
238 -271
239 -69
240 -93
241 -54
242 -193
243 -131
244 -178
245 -105
246 -98
247 -59
248 -65
249 -33
250 -106
251 -63
252 -47
253 -246
254 -151
255 -159
256 -59
257 -237
258 -86
259 -65
260 -66
261 -43
262 -217
263 -52
264 -97
265 -132
266 -69
267 -50
268 -176
269 -139
270 -248
271 -68
272 -57
273 -100
274 -168
275 -120
276 -74
277 -181
278 -86
279 -64
280 -96
281 -140
282 -59
283 -52
284 -95
285 -179
286 -188
287 -172
288 -86
289 -215
290 -75
291 -406
292 -53
293 -173
294 -167
295 -71
296 -164
297 -158
298 -56
299 -107
300 -65
301 -58
302 -115
303 -65
304 -87
305 -71
306 -766
307 -183
308 -152
309 -75
310 -413
311 -68
312 -91
313 -282
314 -124
315 -115
316 -128
317 -93
318 -79
319 -154
320 -64
321 -250
322 -136
323 -65
324 -121
325 -359
326 -89
327 -219
328 -72
329 -138
330 -67
331 -147
332 -92
333 -136
334 -313
335 -83
336 -63
337 -137
338 -101
339 -239
340 -117
341 -198
342 -113
343 -160
344 -105
345 -48
346 -123
347 -47
348 -74
349 -97
350 -59
351 -122
352 -21
353 -80
354 -241
355 -168
356 -163
357 -138
358 -170
359 -98
360 -54
361 -141
362 -59
363 -57
364 -134
365 -67
366 -79
367 -129
368 -46
369 -70
370 -62
371 -307
372 -64
373 -71
374 -119
375 -193
376 -157
377 -62
378 -153
379 -185
380 -62
381 -118
382 -61
383 -80
384 -233
385 -105
386 -192
387 -240
388 -90
389 -55
390 -61
391 -206
392 -201
393 -81
394 -128
395 -56
396 -94
397 -137
398 -181
399 -281
400 -159
401 -175
402 -152
403 -90
404 -101
405 -144
406 -82
407 -55
408 -74
409 -77
410 -1147
411 -59
412 -138
413 -1426
414 -65
415 -62
416 -64
417 -140
418 -135
419 -53
420 -102
421 -71
422 -66
423 -106
424 -157
425 -107
426 -70
427 -66
428 -206
429 -129
430 -195
431 -61
432 -135
433 -151
434 -96
435 -166
436 -105
437 -120
438 -551
439 -260
440 -70
441 -101
442 -152
443 -89
444 -111
445 -88
446 -194
447 -64
448 -187
449 -91
450 -196
451 -125
452 -97
453 -85
454 -288
455 -88
456 -181
457 -231
458 -195
459 -139
460 -37
461 -69
462 -46
463 -93
464 -201
465 -78
466 -271
467 -146
468 -236
469 -105
470 -81
471 -85
472 -86
473 -234
474 -89
475 -171
476 -158
477 -221
478 -65
479 -157
480 -210
481 -122
482 -152
483 -85
484 -80
485 -173
486 -82
487 -70
488 -86
489 -83
490 -72
491 -94
492 -176
493 -153
494 -58
495 -143
496 -151
497 -294
498 -159
499 -110
500 -120
501 -332
502 -235
503 -77
504 -130
505 -850
506 -114
507 -101
508 -49
509 -112
510 -278
511 -301
512 -120
513 -55
514 -90
515 -218
516 -420
517 -89
518 -67
519 -150
520 -129
521 -60
522 -141
523 -131
524 -127
525 -86
526 -179
527 -180
528 -77
529 -93
530 -230
531 -131
532 -159
533 -195
534 -167
535 -81
536 -113
537 -238
538 -73
539 -136
540 -96
541 -109
542 -126
543 -134
544 -125
545 -102
546 -47
547 -43
548 -178
549 -80
550 -152
551 -177
552 -125
553 -114
554 -118
555 -76
556 -96
557 -162
558 -123
559 -101
560 -38
561 -133
562 -57
563 -74
564 -118
565 -72
566 -284
567 -177
568 -95
569 -131
570 -157
571 -76
572 -177
573 -96
574 -74
575 -74
576 -255
577 -68
578 -59
579 -115
580 -242
581 -166
582 -132
583 -110
584 -311
585 -99
586 -99
587 -107
588 -114
589 -79
590 -101
591 -149
592 -149
593 -75
594 -104
595 -159
596 -33
597 -111
598 -49
599 -97
600 -106
601 -84
602 -158
603 -196
604 -98
605 -117
606 -82
607 -122
608 -123
609 -91
610 -170
611 -181
612 -124
613 -94
614 -65
615 -209
616 -223
617 -108
618 -138
619 -65
620 -140
621 -144
622 -121
623 -73
624 -62
625 -140
626 -101
627 -157
628 -121
629 -75
630 -95
631 -74
632 -259
633 -80
634 -128
635 -134
636 -160
637 -47
638 -111
639 -50
640 -116
641 -85
642 -138
643 -166
644 -153
645 -165
646 -143
647 -172
648 -56
649 -171
650 -84
651 -76
652 -110
653 -195
654 -200
655 -307
656 -201
657 -65
658 -65
659 -30
660 -121
661 -74
662 -178
663 -99
664 -89
665 -198
666 -96
667 -50
668 -183
669 -143
670 -131
671 -129
672 -103
673 -27
674 -79
675 -38
676 -128
677 -70
678 -79
679 -151
680 -283
681 -68
682 -177
683 -75
684 -156
685 -127
686 -67
687 -95
688 -96
689 -159
690 -61
691 -60
692 -62
693 -83
694 -149
695 -108
696 -83
697 -97
698 -314
699 -138
700 -81
701 -116
702 -61
703 -329
704 -63
705 -35
706 -280
707 -119
708 -239
709 -169
710 -91
711 -50
712 -148
713 -232
714 -79
715 -58
716 -58
717 -66
718 -111
719 -44
720 -172
721 -92
722 -156
723 -436
724 -67
725 -151
726 -137
727 -169
728 -165
729 -135
730 -107
731 -79
732 -171
733 -151
734 -74
735 -304
736 -136
737 -89
738 -85
739 -141
740 -159
741 -80
742 -273
743 -188
744 -117
745 -128
746 -156
747 -67
748 -199
749 -98
750 -114
751 -47
752 -200
753 -239
754 -91
755 -61
756 -182
757 -91
758 -59
759 -95
760 -123
761 -69
762 -133
763 -24
764 -73
765 -101
766 -72
767 -57
768 -224
769 -141
770 -203
771 -208
772 -153
773 -62
774 -490
775 -69
776 -53
777 -141
778 -59
779 -103
780 -83
781 -163
782 -142
783 -149
784 -52
785 -72
786 -536
787 -160
788 -61
789 -177
790 -63
791 -63
792 -119
793 -66
794 -267
795 -117
796 -67
797 -82
798 -80
799 -65
800 -247
801 -182
802 -139
803 -54
804 -206
805 -159
806 -108
807 -58
808 -67
809 -183
810 -83
811 -229
812 -133
813 -87
814 -82
815 -313
816 -96
817 -108
818 -45
819 -114
820 -75
821 -95
822 -279
823 -100
824 -67
825 -99
826 -84
827 -107
828 -227
829 -161
830 -140
831 -75
832 -163
833 -84
834 -439
835 -119
836 -293
837 -25
838 -73
839 -137
840 -1066
841 -107
842 -84
843 -106
844 -112
845 -162
846 -98
847 -240
848 -191
849 -152
850 -109
851 -162
852 -131
853 -83
854 -111
855 -263
856 -91
857 -186
858 -78
859 -129
860 -62
861 -230
862 -82
863 -91
864 -63
865 -114
866 -102
867 -121
868 -113
869 -95
870 -84
871 -140
872 -181
873 -81
874 -124
875 -55
876 -120
877 -99
878 -126
879 -258
880 -63
881 -152
882 -106
883 -78
884 -131
885 -39
886 -144
887 -207
888 -277
889 -179
890 -290
891 -66
892 -45
893 -95
894 -992
895 -176
896 -101
897 -152
898 -88
899 -33
900 -29
901 -123
902 -226
903 -84
904 -79
905 -215
906 -48
907 -111
908 -97
909 -140
910 -240
911 -54
912 -79
913 -251
914 -120
915 -64
916 -91
917 -740
918 -212
919 -137
920 -144
921 -103
922 -142
923 -138
924 -100
925 -73
926 -189
927 -162
928 -72
929 -109
930 -76
931 -175
932 -259
933 -114
934 -67
935 -64
936 -114
937 -111
938 -86
939 -199
940 -78
941 -227
942 -143
943 -77
944 -78
945 -365
946 -64
947 -117
948 -203
949 -49
950 -54
951 -56
952 -236
953 -219
954 -177
955 -263
956 -212
957 -146
958 -58
959 -136
960 -62
961 -106
962 -129
963 -113
964 -73
965 -45
966 -171
967 -198
968 -119
969 -101
970 -108
971 -96
972 -70
973 -184
974 -158
975 -171
976 -72
977 -111
978 -103
979 -82
980 -393
981 -127
982 -207
983 -148
984 -32
985 -81
986 -43
987 -43
988 -121
989 -85
990 -83
991 -107
992 -91
993 -72
994 -1080
995 -131
996 -111
997 -150
998 -126
999 -287
