0 -3339
1 -890
2 -53
3 -65
4 -65
5 -66
6 -49
7 -5574
8 -1447
9 -64
10 -121
11 -527
12 -65
13 -338
14 -65
15 -54
16 -685
17 -63
18 -65
19 -65
20 -57
21 -527
22 -65
23 -60
24 -65
25 -40
26 -66
27 -63
28 -65
29 -40
30 -64
31 -2900
32 -2172
33 -63
34 -48
35 -1080
36 -42
37 -50
38 -64
39 -66
40 -63
41 -64
42 -63
43 -59
44 -168
45 -66
46 -215
47 -63
48 -48
49 -59
50 -64
51 -68
52 -42
53 -64
54 -245
55 -65
56 -3122
57 -64
58 -69
59 -64
60 -66
61 -64
62 -2518
63 -48
64 -2516
65 -65
66 -65
67 -844
68 -65
69 -63
70 -64
71 -65
72 -63
73 -66
74 -3533
75 -66
76 -64
77 -64
78 -63
79 -66
80 -48
81 -49
82 -65
83 -64
84 -48
85 -3197
86 -3494
87 -69
88 -2120
89 -63
90 -27
91 -65
92 -48
93 -66
94 -269
95 -66
96 -2573
97 -48
98 -64
99 -65
100 -3060
101 -48
102 -455
103 -48
104 -2007
105 -65
106 -640
107 -48
108 -63
109 -1277
110 -55
111 -874
112 -4084
113 -66
114 -64
115 -34
116 -63
117 -65
118 -48
119 -64
120 -65
121 -2476
122 -1578
123 -49
124 -233
125 -2757
126 -48
127 -29
128 -48
129 -63
130 -119
131 -65
132 -39
133 -65
134 -666
135 -64
136 -440
137 -724
138 -48
139 -3413
140 -68
141 -63
142 -65
143 -887
144 -63
145 -65
146 -578
147 -64
148 -42
149 -63
150 -2597
151 -66
152 -68
153 -525
154 -931
155 -54
156 -44
157 -943
158 -65
159 -4642
160 -37
161 -65
162 -65
163 -66
164 -60
165 -65
166 -66
167 -853
168 -569
169 -3133
170 -65
171 -66
172 -65
173 -69
174 -65
175 -5696
176 -365
177 -79
178 -66
179 -65
180 -376
181 -65
182 -34
183 -58
184 -5063
185 -68
186 -153
187 -64
188 -826
189 -57
190 -64
191 -2590
192 -65
193 -404
194 -904
195 -66
196 -48
197 -1577
198 -64
199 -48
200 -426
201 -935
202 -59
203 -5175
204 -64
205 -65
206 -64
207 -63
208 -25
209 -48
210 -64
211 -59
212 -66
213 -66
214 -55
215 -47
216 -893
217 -65
218 -65
219 -48
220 -51
221 -3943
222 -64
223 -66
224 -63
225 -28
226 -66
227 -63
228 -34
229 -65
230 -1694
231 -70
232 -64
233 -66
234 -48
235 -48
236 -64
237 -66
238 -312
239 -63
240 -55
241 -1578
242 -195
243 -928
244 -48
245 -5937
246 -66
247 -66
248 -66
249 -1336
250 -63
251 -48
252 -48
253 -46
254 -65
255 -4806
256 -263
257 -64
258 -63
259 -2292
260 -68
261 -4034
262 -66
263 -137
264 -363
265 -55
266 -633
267 -1509
268 -354
269 -65
270 -2208
271 -65
272 -197
273 -65
274 -66
275 -69
276 -66
277 -429
278 -65
279 -66
280 -64
281 -455
282 -66
283 -3404
284 -60
285 -1661
286 -66
287 -48
288 -68
289 -65
290 -64
291 -64
292 -364
293 -48
294 -66
295 -65
296 -65
297 -65
298 -34
299 -66
300 -63
301 -48
302 -64
303 -4410
304 -1184
305 -6278
306 -59
307 -65
308 -65
309 -52
310 -5262
311 -1061
312 -64
313 -1112
314 -64
315 -1778
316 -80
317 -63
318 -782
319 -64
320 -64
321 -870
322 -1807
323 -7166
324 -69
325 -59
326 -3327
327 -2886
328 -48
329 -64
330 -66
331 -63
332 -67
333 -65
334 -429
335 -41
336 -3225
337 -48
338 -65
339 -65
340 -66
341 -1865
342 -170
343 -151
344 -48
345 -63
346 -65
347 -5319
348 -33
349 -63
350 -65
351 -3852
352 -66
353 -65
354 -65
355 -64
356 -2144
357 -63
358 -70
359 -57
360 -132
361 -65
362 -1372
363 -63
364 -48
365 -64
366 -122
367 -48
368 -64
369 -50
370 -65
371 -64
372 -10054
373 -508
374 -8957
375 -48
376 -63
377 -63
378 -516
379 -66
380 -1119
381 -66
382 -65
383 -3002
384 -2259
385 -6458
386 -48
387 -65
388 -424
389 -64
390 -66
391 -198
392 -48
393 -66
394 -48
395 -63
396 -65
397 -48
398 -48
399 -153
400 -65
401 -48
402 -65
403 -64
404 -473
405 -48
406 -48
407 -66
408 -2597
409 -64
410 -66
411 -69
412 -48
413 -44
414 -5056
415 -65
416 -4306
417 -66
418 -736
419 -48
420 -66
421 -63
422 -65
423 -66
424 -65
425 -54
426 -48
427 -66
428 -65
429 -42
430 -64
431 -2501
432 -984
433 -398
434 -3106
435 -48
436 -62
437 -2052
438 -46
439 -64
440 -7710
441 -48
442 -64
443 -187
444 -239
445 -65
446 -1752
447 -748
448 -66
449 -82
450 -59
451 -4938
452 -65
453 -65
454 -66
455 -48
456 -59
457 -65
458 -39
459 -65
460 -65
461 -969
462 -48
463 -63
464 -61
465 -56
466 -396
467 -48
468 -63
469 -519
470 -64
471 -65
472 -48
473 -91
474 -206
475 -4778
476 -340
477 -64
478 -1966
479 -66
480 -63
481 -367
482 -48
483 -1476
484 -275
485 -64
486 -98
487 -65
488 -66
489 -298
490 -65
491 -64
492 -55
493 -48
494 -68
495 -65
496 -3091
497 -680
498 -66
499 -65
500 -533
501 -65
502 -5648
503 -880
504 -66
505 -63
506 -35
507 -63
508 -68
509 -65
510 -988
511 -65
512 -5973
513 -64
514 -65
515 -41
516 -2165
517 -66
518 -87
519 -60
520 -65
521 -1328
522 -2455
523 -3824
524 -79
525 -63
526 -3100
527 -65
528 -48
529 -48
530 -66
531 -431
532 -1065
533 -64
534 -5889
535 -1936
536 -1828
537 -4754
538 -1088
539 -64
540 -993
541 -65
542 -244
543 -66
544 -65
545 -918
546 -2058
547 -48
548 -1720
549 -279
550 -49
551 -48
552 -65
553 -3108
554 -40
555 -833
556 -434
557 -65
558 -48
559 -48
560 -66
561 -64
562 -1515
563 -48
564 -64
565 -65
566 -48
567 -63
568 -66
569 -63
570 -65
571 -10566
572 -6076
573 -973
574 -64
575 -3022
576 -54
577 -433
578 -48
579 -44
580 -2982
581 -35
582 -5672
583 -65
584 -360
585 -64
586 -1107
587 -64
588 -863
589 -63
590 -63
591 -66
592 -3550
593 -64
594 -64
595 -847
596 -731
597 -308
598 -66
599 -65
600 -65
601 -642
602 -544
603 -69
604 -65
605 -64
606 -49
607 -64
608 -1211
609 -48
610 -249
611 -1469
612 -355
613 -49
614 -109
615 -2130
616 -65
617 -543
618 -1131
619 -732
620 -70
621 -48
622 -65
623 -74
624 -65
625 -397
626 -63
627 -64
628 -65
629 -65
630 -48
631 -336
632 -63
633 -65
634 -51
635 -128
636 -64
637 -66
638 -153
639 -66
640 -75
641 -64
642 -569
643 -48
644 -63
645 -106
646 -307
647 -65
648 -2990
649 -68
650 -438
651 -280
652 -50
653 -191
654 -64
655 -65
656 -778
657 -30
658 -48
659 -66
660 -65
661 -1744
662 -65
663 -64
664 -313
665 -66
666 -48
667 -53
668 -1293
669 -3598
670 -70
671 -180
672 -54
673 -66
674 -250
675 -64
676 -188
677 -63
678 -48
679 -66
680 -67
681 -213
682 -65
683 -65
684 -65
685 -65
686 -65
687 -48
688 -49
689 -352
690 -260
691 -63
692 -62
693 -64
694 -2810
695 -184
696 -25
697 -68
698 -2298
699 -66
700 -1545
701 -66
702 -1847
703 -918
704 -249
705 -856
706 -141
707 -48
708 -66
709 -46
710 -59
711 -48
712 -3633
713 -135
714 -261
715 -2725
716 -64
717 -48
718 -48
719 -69
720 -61
721 -65
722 -1476
723 -2488
724 -64
725 -324
726 -511
727 -63
728 -64
729 -750
730 -66
731 -48
732 -66
733 -66
734 -63
735 -66
736 -65
737 -67
738 -64
739 -51
740 -64
741 -65
742 -653
743 -2616
744 -409
745 -53
746 -64
747 -656
748 -65
749 -68
750 -64
751 -2226
752 -5378
753 -1678
754 -63
755 -63
756 -2344
757 -64
758 -63
759 -65
760 -48
761 -48
762 -64
763 -63
764 -292
765 -1875
766 -66
767 -63
768 -49
769 -65
770 -1698
771 -65
772 -318
773 -65
774 -2822
775 -48
776 -2613
777 -48
778 -426
779 -3602
780 -63
781 -63
782 -49
783 -65
784 -83
785 -64
786 -48
787 -485
788 -36
789 -66
790 -64
791 -63
792 -2388
793 -644
794 -66
795 -63
796 -65
797 -3107
798 -63
799 -846
800 -48
801 -63
802 -66
803 -1234
804 -30
805 -48
806 -66
807 -65
808 -48
809 -64
810 -63
811 -48
812 -64
813 -4024
814 -63
815 -2080
816 -63
817 -64
818 -48
819 -49
820 -65
821 -63
822 -48
823 -65
824 -48
825 -65
826 -65
827 -63
828 -1865
829 -64
830 -64
831 -71
832 -115
833 -66
834 -65
835 -68
836 -48
837 -64
838 -63
839 -64
840 -1850
841 -65
842 -3847
843 -48
844 -75
845 -65
846 -548
847 -65
848 -482
849 -64
850 -66
851 -63
852 -68
853 -48
854 -48
855 -66
856 -467
857 -59
858 -381
859 -232
860 -4574
861 -63
862 -48
863 -65
864 -48
865 -946
866 -137
867 -59
868 -328
869 -1356
870 -48
871 -66
872 -64
873 -3274
874 -119
875 -65
876 -66
877 -64
878 -63
879 -799
880 -1656
881 -64
882 -63
883 -64
884 -66
885 -484
886 -426
887 -48
888 -63
889 -65
890 -66
891 -67
892 -48
893 -48
894 -65
895 -65
896 -65
897 -64
898 -63
899 -65
900 -8433
901 -65
902 -65
903 -63
904 -144
905 -65
906 -63
907 -65
908 -64
909 -66
910 -4775
911 -1397
912 -65
913 -66
914 -146
915 -65
916 -48
917 -3320
918 -59
919 -48
920 -63
921 -65
922 -64
923 -64
924 -63
925 -65
926 -66
927 -198
928 -265
929 -65
930 -904
931 -58
932 -64
933 -280
934 -37
935 -4669
936 -476
937 -48
938 -65
939 -965
940 -48
941 -68
942 -68
943 -64
944 -63
945 -65
946 -65
947 -63
948 -64
949 -1407
950 -63
951 -843
952 -65
953 -772
954 -65
955 -66
956 -65
957 -57
958 -202
959 -65
960 -49
961 -66
962 -1350
963 -48
964 -48
965 -66
966 -174
967 -48
968 -65
969 -48
970 -65
971 -48
972 -48
973 -63
974 -63
975 -46
976 -3063
977 -63
978 -1464
979 -58
980 -60
981 -4308
982 -1045
983 -63
984 -65
985 -66
986 -65
987 -63
988 -64
989 -65
990 -63
991 -55
992 -150
993 -1648
994 -33
995 -48
996 -64
997 -67
998 -46
999 -48
