0 -872
1 -201
2 -76
3 -74
4 -73
5 -74
6 -34
7 -75
8 -75
9 -27
10 -75
11 -250
12 -70
13 -61
14 -75
15 -372
16 -60
17 -642
18 -75
19 -75
20 -70
21 -70
22 -246
23 -74
24 -95
25 -159
26 -1867
27 -75
28 -61
29 -74
30 -244
31 -65
32 -129
33 -76
34 -74
35 -74
36 -70
37 -76
38 -74
39 -74
40 -76
41 -75
42 -27
43 -27
44 -70
45 -73
46 -35
47 -72
48 -2392
49 -27
50 -35
51 -169
52 -75
53 -75
54 -75
55 -74
56 -420
57 -75
58 -27
59 -1826
60 -27
61 -75
62 -454
63 -76
64 -75
65 -76
66 -75
67 -69
68 -74
69 -142
70 -231
71 -70
72 -37
73 -1192
74 -35
75 -75
76 -75
77 -27
78 -205
79 -75
80 -27
81 -75
82 -76
83 -76
84 -102
85 -826
86 -74
87 -75
88 -74
89 -75
90 -231
91 -74
92 -75
93 -711
94 -76
95 -75
96 -27
97 -70
98 -39
99 -75
100 -75
101 -1000
102 -73
103 -35
104 -27
105 -74
106 -73
107 -70
108 -713
109 -76
110 -75
111 -74
112 -76
113 -74
114 -75
115 -27
116 -73
117 -75
118 -74
119 -75
120 -74
121 -41
122 -75
123 -505
124 -73
125 -1037
126 -76
127 -73
128 -75
129 -265
130 -103
131 -70
132 -70
133 -35
134 -94
135 -75
136 -73
137 -274
138 -80
139 -73
140 -35
141 -73
142 -35
143 -70
144 -289
145 -27
146 -76
147 -75
148 -75
149 -86
150 -199
151 -74
152 -27
153 -230
154 -76
155 -74
156 -75
157 -27
158 -76
159 -237
160 -68
161 -396
162 -35
163 -117
164 -73
165 -73
166 -75
167 -3572
168 -75
169 -27
170 -73
171 -73
172 -724
173 -75
174 -1116
175 -27
176 -55
177 -35
178 -27
179 -27
180 -74
181 -27
182 -35
183 -76
184 -404
185 -112
186 -76
187 -74
188 -27
189 -587
190 -75
191 -646
192 -28
193 -73
194 -68
195 -141
196 -577
197 -76
198 -75
199 -74
200 -578
201 -141
202 -73
203 -265
204 -470
205 -35
206 -76
207 -75
208 -173
209 -72
210 -297
211 -74
212 -34
213 -73
214 -74
215 -35
216 -353
217 -75
218 -75
219 -27
220 -27
221 -75
222 -75
223 -35
224 -76
225 -1572
226 -583
227 -70
228 -817
229 -422
230 -75
231 -33
232 -213
233 -97
234 -70
235 -70
236 -76
237 -1187
238 -51
239 -75
240 -272
241 -73
242 -70
243 -76
244 -70
245 -365
246 -76
247 -75
248 -35
249 -327
250 -76
251 -75
252 -35
253 -75
254 -70
255 -75
256 -74
257 -63
258 -35
259 -27
260 -74
261 -35
262 -74
263 -76
264 -74
265 -58
266 -70
267 -75
268 -27
269 -1344
270 -35
271 -73
272 -73
273 -183
274 -75
275 -75
276 -70
277 -75
278 -70
279 -70
280 -79
281 -75
282 -78
283 -247
284 -75
285 -139
286 -74
287 -75
288 -27
289 -76
290 -70
291 -27
292 -35
293 -1152
294 -284
295 -1257
296 -68
297 -34
298 -75
299 -70
300 -273
301 -1061
302 -75
303 -27
304 -187
305 -777
306 -75
307 -70
308 -217
309 -76
310 -75
311 -36
312 -1502
313 -73
314 -2922
315 -35
316 -3827
317 -27
318 -281
319 -1072
320 -882
321 -35
322 -75
323 -73
324 -2567
325 -404
326 -76
327 -27
328 -70
329 -75
330 -74
331 -104
332 -76
333 -76
334 -75
335 -310
336 -76
337 -75
338 -27
339 -1432
340 -3437
341 -40
342 -367
343 -74
344 -73
345 -75
346 -27
347 -139
348 -74
349 -75
350 -35
351 -297
352 -76
353 -76
354 -76
355 -35
356 -75
357 -73
358 -75
359 -74
360 -672
361 -219
362 -73
363 -73
364 -74
365 -35
366 -732
367 -75
368 -239
369 -506
370 -70
371 -5012
372 -2176
373 -179
374 -70
375 -35
376 -75
377 -46
378 -304
379 -73
380 -27
381 -75
382 -27
383 -667
384 -1007
385 -74
386 -73
387 -70
388 -70
389 -27
390 -74
391 -70
392 -51
393 -4412
394 -70
395 -37
396 -70
397 -76
398 -1002
399 -88
400 -70
401 -565
402 -70
403 -76
404 -27
405 -497
406 -35
407 -378
408 -122
409 -35
410 -50
411 -401
412 -75
413 -35
414 -339
415 -481
416 -74
417 -73
418 -73
419 -27
420 -35
421 -32
422 -74
423 -285
424 -75
425 -73
426 -75
427 -76
428 -76
429 -297
430 -27
431 -58
432 -123
433 -70
434 -70
435 -74
436 -74
437 -76
438 -76
439 -27
440 -27
441 -189
442 -73
443 -75
444 -2068
445 -76
446 -71
447 -392
448 -76
449 -2089
450 -725
451 -75
452 -537
453 -249
454 -75
455 -75
456 -27
457 -467
458 -73
459 -75
460 -27
461 -73
462 -75
463 -312
464 -75
465 -73
466 -70
467 -35
468 -483
469 -152
470 -27
471 -65
472 -1201
473 -4097
474 -68
475 -27
476 -76
477 -35
478 -70
479 -70
480 -35
481 -70
482 -201
483 -74
484 -27
485 -75
486 -75
487 -75
488 -27
489 -70
490 -73
491 -76
492 -69
493 -75
494 -75
495 -75
496 -74
497 -75
498 -75
499 -76
500 -75
501 -56
502 -71
503 -75
504 -74
505 -75
506 -75
507 -74
508 -665
509 -76
510 -70
511 -987
512 -328
513 -73
514 -35
515 -70
516 -2247
517 -1567
518 -90
519 -66
520 -605
521 -531
522 -2022
523 -76
524 -76
525 -70
526 -73
527 -1166
528 -75
529 -27
530 -75
531 -47
532 -767
533 -71
534 -63
535 -75
536 -35
537 -105
538 -2642
539 -1987
540 -76
541 -74
542 -74
543 -76
544 -1182
545 -592
546 -119
547 -76
548 -74
549 -47
550 -75
551 -75
552 -75
553 -27
554 -74
555 -27
556 -76
557 -74
558 -484
559 -73
560 -40
561 -4698
562 -75
563 -27
564 -35
565 -75
566 -75
567 -28
568 -35
569 -27
570 -75
571 -75
572 -664
573 -35
574 -76
575 -862
576 -27
577 -27
578 -75
579 -2062
580 -74
581 -27
582 -1112
583 -70
584 -70
585 -74
586 -74
587 -70
588 -397
589 -70
590 -35
591 -57
592 -142
593 -73
594 -74
595 -1687
596 -74
597 -74
598 -76
599 -71
600 -553
601 -74
602 -35
603 -74
604 -70
605 -76
606 -268
607 -152
608 -3313
609 -75
610 -76
611 -27
612 -74
613 -73
614 -35
615 -35
616 -892
617 -75
618 -252
619 -73
620 -75
621 -74
622 -70
623 -35
624 -76
625 -87
626 -70
627 -74
628 -75
629 -35
630 -80
631 -70
632 -75
633 -74
634 -177
635 -649
636 -74
637 -70
638 -76
639 -35
640 -74
641 -70
642 -35
643 -74
644 -73
645 -4770
646 -27
647 -76
648 -52
649 -74
650 -2847
651 -166
652 -35
653 -35
654 -552
655 -75
656 -73
657 -75
658 -73
659 -73
660 -35
661 -142
662 -35
663 -74
664 -75
665 -1242
666 -147
667 -369
668 -123
669 -35
670 -70
671 -572
672 -75
673 -35
674 -35
675 -1552
676 -75
677 -35
678 -73
679 -75
680 -73
681 -76
682 -67
683 -75
684 -277
685 -27
686 -70
687 -874
688 -74
689 -4602
690 -27
691 -75
692 -162
693 -70
694 -312
695 -190
696 -73
697 -70
698 -74
699 -35
700 -1105
701 -73
702 -69
703 -70
704 -477
705 -76
706 -1637
707 -75
708 -73
709 -75
710 -35
711 -1097
712 -372
713 -93
714 -70
715 -76
716 -70
717 -312
718 -75
719 -74
720 -75
721 -73
722 -65
723 -74
724 -70
725 -76
726 -73
727 -27
728 -75
729 -75
730 -74
731 -452
732 -27
733 -712
734 -832
735 -200
736 -27
737 -70
738 -74
739 -95
740 -75
741 -75
742 -75
743 -76
744 -70
745 -70
746 -75
747 -27
748 -535
749 -27
750 -35
751 -75
752 -1802
753 -2016
754 -75
755 -352
756 -259
757 -35
758 -1272
759 -97
760 -75
761 -35
762 -47
763 -367
764 -73
765 -75
766 -223
767 -1381
768 -98
769 -35
770 -127
771 -75
772 -27
773 -5427
774 -75
775 -73
776 -70
777 -67
778 -143
779 -27
780 -75
781 -76
782 -27
783 -76
784 -70
785 -75
786 -35
787 -80
788 -392
789 -55
790 -74
791 -27
792 -75
793 -847
794 -100
795 -3034
796 -947
797 -70
798 -75
799 -74
800 -70
801 -35
802 -75
803 -75
804 -74
805 -2337
806 -73
807 -75
808 -59
809 -132
810 -171
811 -35
812 -35
813 -70
814 -1085
815 -184
816 -3988
817 -70
818 -27
819 -74
820 -302
821 -70
822 -200
823 -1437
824 -70
825 -55
826 -75
827 -392
828 -27
829 -35
830 -70
831 -75
832 -74
833 -64
834 -73
835 -74
836 -70
837 -79
838 -76
839 -66
840 -75
841 -73
842 -65
843 -56
844 -75
845 -35
846 -301
847 -9135
848 -472
849 -27
850 -152
851 -47
852 -75
853 -74
854 -77
855 -27
856 -73
857 -76
858 -73
859 -35
860 -70
861 -1542
862 -184
863 -77
864 -76
865 -588
866 -1577
867 -292
868 -27
869 -35
870 -174
871 -27
872 -74
873 -70
874 -76
875 -76
876 -1036
877 -42
878 -26
879 -1069
880 -73
881 -757
882 -35
883 -75
884 -1562
885 -35
886 -75
887 -75
888 -76
889 -76
890 -27
891 -76
892 -177
893 -27
894 -76
895 -74
896 -4547
897 -35
898 -197
899 -75
900 -27
901 -501
902 -27
903 -75
904 -35
905 -280
906 -77
907 -1147
908 -74
909 -76
910 -81
911 -75
912 -57
913 -73
914 -35
915 -200
916 -74
917 -70
918 -73
919 -447
920 -76
921 -80
922 -73
923 -78
924 -692
925 -1562
926 -76
927 -75
928 -76
929 -70
930 -74
931 -317
932 -35
933 -74
934 -290
935 -76
936 -35
937 -75
938 -71
939 -75
940 -96
941 -197
942 -74
943 -27
944 -75
945 -601
946 -80
947 -75
948 -27
949 -35
950 -130
951 -73
952 -124
953 -51
954 -75
955 -1632
956 -802
957 -35
958 -75
959 -70
960 -35
961 -650
962 -1361
963 -75
964 -75
965 -79
966 -73
967 -73
968 -75
969 -474
970 -70
971 -35
972 -166
973 -74
974 -35
975 -75
976 -95
977 -76
978 -70
979 -76
980 -70
981 -2058
982 -76
983 -74
984 -46
985 -35
986 -27
987 -35
988 -76
989 -76
990 -70
991 -27
992 -27
993 -73
994 -71
995 -540
996 -76
997 -31
998 -101
999 -35
