0 -715
1 -62
2 -74
3 -74
4 -73
5 -76
6 -509
7 -2411
8 -73
9 -67
10 -3984
11 -75
12 -74
13 -733
14 -76
15 -628
16 -70
17 -119
18 -1065
19 -73
20 -75
21 -200
22 -75
23 -74
24 -57
25 -70
26 -75
27 -5176
28 -60
29 -75
30 -76
31 -70
32 -75
33 -74
34 -75
35 -208
36 -3589
37 -70
38 -70
39 -73
40 -73
41 -177
42 -75
43 -74
44 -74
45 -75
46 -74
47 -70
48 -415
49 -157
50 -78
51 -7218
52 -70
53 -859
54 -455
55 -71
56 -76
57 -75
58 -70
59 -62
60 -70
61 -62
62 -1610
63 -62
64 -74
65 -1430
66 -1091
67 -75
68 -365
69 -75
70 -75
71 -62
72 -75
73 -105
74 -85
75 -70
76 -62
77 -70
78 -77
79 -75
80 -75
81 -1573
82 -70
83 -76
84 -73
85 -74
86 -352
87 -1004
88 -205
89 -308
90 -56
91 -367
92 -70
93 -75
94 -1709
95 -70
96 -70
97 -62
98 -62
99 -70
100 -565
101 -293
102 -62
103 -73
104 -70
105 -76
106 -75
107 -70
108 -113
109 -75
110 -260
111 -76
112 -70
113 -76
114 -62
115 -132
116 -75
117 -75
118 -70
119 -177
120 -436
121 -135
122 -301
123 -76
124 -62
125 -4370
126 -2491
127 -75
128 -75
129 -74
130 -70
131 -76
132 -74
133 -75
134 -823
135 -4081
136 -230
137 -73
138 -66
139 -70
140 -74
141 -75
142 -70
143 -70
144 -205
145 -73
146 -62
147 -70
148 -70
149 -75
150 -535
151 -74
152 -997
153 -64
154 -70
155 -75
156 -75
157 -75
158 -73
159 -70
160 -70
161 -488
162 -76
163 -73
164 -75
165 -73
166 -75
167 -74
168 -3795
169 -75
170 -289
171 -74
172 -2932
173 -75
174 -62
175 -75
176 -75
177 -74
178 -62
179 -70
180 -74
181 -2885
182 -62
183 -75
184 -75
185 -74
186 -62
187 -73
188 -314
189 -71
190 -62
191 -75
192 -70
193 -86
194 -147
195 -568
196 -390
197 -75
198 -75
199 -1902
200 -1041
201 -74
202 -75
203 -160
204 -75
205 -5562
206 -2137
207 -2015
208 -193
209 -73
210 -62
211 -8138
212 -70
213 -76
214 -304
215 -74
216 -70
217 -1142
218 -73
219 -70
220 -75
221 -332
222 -226
223 -70
224 -204
225 -70
226 -73
227 -135
228 -1022
229 -80
230 -75
231 -70
232 -73
233 -2314
234 -62
235 -75
236 -70
237 -75
238 -62
239 -73
240 -70
241 -81
242 -70
243 -76
244 -75
245 -74
246 -75
247 -75
248 -75
249 -1635
250 -70
251 -70
252 -2037
253 -75
254 -70
255 -594
256 -70
257 -485
258 -336
259 -75
260 -73
261 -75
262 -75
263 -73
264 -76
265 -142
266 -76
267 -125
268 -70
269 -70
270 -75
271 -62
272 -70
273 -75
274 -75
275 -76
276 -70
277 -73
278 -75
279 -77
280 -75
281 -70
282 -70
283 -70
284 -76
285 -76
286 -73
287 -76
288 -62
289 -70
290 -75
291 -70
292 -70
293 -74
294 -7236
295 -73
296 -648
297 -75
298 -2684
299 -70
300 -155
301 -70
302 -1903
303 -70
304 -70
305 -73
306 -75
307 -74
308 -509
309 -75
310 -76
311 -73
312 -73
313 -73
314 -76
315 -75
316 -75
317 -74
318 -61
319 -62
320 -1394
321 -70
322 -269
323 -243
324 -3932
325 -75
326 -980
327 -77
328 -70
329 -75
330 -70
331 -75
332 -75
333 -76
334 -180
335 -185
336 -73
337 -115
338 -74
339 -75
340 -708
341 -91
342 -70
343 -3036
344 -70
345 -62
346 -62
347 -65
348 -382
349 -76
350 -74
351 -115
352 -75
353 -70
354 -233
355 -75
356 -70
357 -473
358 -75
359 -75
360 -76
361 -62
362 -75
363 -710
364 -70
365 -75
366 -765
367 -336
368 -184
369 -70
370 -74
371 -118
372 -73
373 -75
374 -75
375 -318
376 -67
377 -70
378 -75
379 -74
380 -79
381 -62
382 -154
383 -73
384 -62
385 -74
386 -70
387 -75
388 -70
389 -62
390 -75
391 -75
392 -73
393 -74
394 -75
395 -225
396 -73
397 -75
398 -100
399 -75
400 -156
401 -74
402 -517
403 -75
404 -70
405 -76
406 -426
407 -71
408 -186
409 -1606
410 -75
411 -73
412 -75
413 -75
414 -75
415 -218
416 -249
417 -75
418 -75
419 -164
420 -62
421 -62
422 -73
423 -73
424 -62
425 -75
426 -70
427 -70
428 -70
429 -76
430 -75
431 -75
432 -62
433 -800
434 -399
435 -74
436 -71
437 -76
438 -76
439 -74
440 -75
441 -70
442 -75
443 -70
444 -70
445 -75
446 -847
447 -257
448 -62
449 -75
450 -70
451 -65
452 -75
453 -75
454 -76
455 -75
456 -74
457 -70
458 -75
459 -76
460 -76
461 -75
462 -70
463 -75
464 -70
465 -75
466 -75
467 -70
468 -70
469 -76
470 -75
471 -323
472 -74
473 -70
474 -2345
475 -53
476 -75
477 -75
478 -62
479 -259
480 -424
481 -75
482 -73
483 -74
484 -81
485 -70
486 -70
487 -70
488 -76
489 -75
490 -62
491 -371
492 -73
493 -146
494 -207
495 -79
496 -75
497 -73
498 -4591
499 -74
500 -75
501 -71
502 -3010
503 -74
504 -76
505 -412
506 -75
507 -70
508 -70
509 -70
510 -68
511 -76
512 -62
513 -73
514 -74
515 -62
516 -533
517 -290
518 -75
519 -346
520 -70
521 -3550
522 -70
523 -75
524 -562
525 -105
526 -407
527 -1086
528 -74
529 -75
530 -70
531 -74
532 -76
533 -65
534 -6752
535 -2518
536 -70
537 -70
538 -70
539 -70
540 -70
541 -75
542 -409
543 -62
544 -75
545 -70
546 -11013
547 -70
548 -75
549 -70
550 -60
551 -70
552 -62
553 -74
554 -74
555 -75
556 -75
557 -73
558 -2573
559 -5277
560 -204
561 -140
562 -62
563 -76
564 -76
565 -52
566 -200
567 -76
568 -526
569 -75
570 -74
571 -430
572 -70
573 -519
574 -70
575 -70
576 -76
577 -75
578 -946
579 -62
580 -74
581 -509
582 -3374
583 -69
584 -74
585 -157
586 -2698
587 -75
588 -75
589 -106
590 -70
591 -73
592 -75
593 -73
594 -334
595 -73
596 -73
597 -212
598 -484
599 -62
600 -76
601 -74
602 -62
603 -70
604 -1714
605 -821
606 -5223
607 -1650
608 -130
609 -75
610 -75
611 -70
612 -939
613 -70
614 -75
615 -70
616 -806
617 -62
618 -70
619 -74
620 -75
621 -70
622 -70
623 -336
624 -75
625 -889
626 -74
627 -1532
628 -147
629 -75
630 -70
631 -70
632 -75
633 -479
634 -70
635 -63
636 -101
637 -62
638 -62
639 -70
640 -76
641 -527
642 -450
643 -79
644 -70
645 -74
646 -75
647 -3893
648 -73
649 -73
650 -2059
651 -70
652 -1010
653 -70
654 -73
655 -85
656 -70
657 -733
658 -73
659 -1712
660 -70
661 -323
662 -75
663 -183
664 -184
665 -71
666 -75
667 -70
668 -1185
669 -70
670 -174
671 -62
672 -73
673 -212
674 -75
675 -62
676 -2694
677 -75
678 -70
679 -57
680 -390
681 -74
682 -74
683 -73
684 -76
685 -70
686 -75
687 -70
688 -75
689 -70
690 -76
691 -76
692 -81
693 -70
694 -204
695 -74
696 -2152
697 -73
698 -74
699 -70
700 -76
701 -335
702 -76
703 -422
704 -1986
705 -6730
706 -73
707 -62
708 -3155
709 -147
710 -70
711 -75
712 -74
713 -73
714 -74
715 -62
716 -70
717 -265
718 -74
719 -76
720 -73
721 -4396
722 -71
723 -70
724 -76
725 -62
726 -362
727 -76
728 -75
729 -73
730 -70
731 -70
732 -70
733 -74
734 -81
735 -74
736 -62
737 -77
738 -2121
739 -62
740 -75
741 -70
742 -3046
743 -62
744 -75
745 -2865
746 -75
747 -156
748 -166
749 -161
750 -75
751 -75
752 -76
753 -220
754 -62
755 -1060
756 -76
757 -76
758 -74
759 -405
760 -73
761 -75
762 -84
763 -75
764 -62
765 -74
766 -73
767 -75
768 -75
769 -73
770 -4613
771 -74
772 -74
773 -62
774 -62
775 -70
776 -76
777 -73
778 -75
779 -76
780 -73
781 -70
782 -141
783 -62
784 -78
785 -74
786 -351
787 -190
788 -230
789 -70
790 -75
791 -75
792 -75
793 -70
794 -287
795 -75
796 -73
797 -62
798 -1954
799 -65
800 -70
801 -75
802 -70
803 -73
804 -62
805 -70
806 -70
807 -76
808 -727
809 -62
810 -74
811 -76
812 -118
813 -75
814 -209
815 -62
816 -90
817 -62
818 -75
819 -74
820 -90
821 -74
822 -73
823 -451
824 -1993
825 -242
826 -75
827 -73
828 -99
829 -74
830 -70
831 -74
832 -73
833 -110
834 -76
835 -81
836 -75
837 -76
838 -593
839 -75
840 -76
841 -104
842 -76
843 -49
844 -62
845 -1038
846 -76
847 -489
848 -142
849 -1723
850 -74
851 -70
852 -166
853 -74
854 -891
855 -75
856 -76
857 -152
858 -73
859 -75
860 -62
861 -70
862 -70
863 -70
864 -1210
865 -75
866 -76
867 -79
868 -73
869 -65
870 -73
871 -62
872 -70
873 -70
874 -4891
875 -2752
876 -70
877 -70
878 -73
879 -70
880 -62
881 -1085
882 -79
883 -75
884 -83
885 -76
886 -75
887 -74
888 -70
889 -70
890 -141
891 -80
892 -164
893 -402
894 -68
895 -75
896 -62
897 -74
898 -73
899 -62
900 -70
901 -2693
902 -70
903 -73
904 -639
905 -70
906 -76
907 -62
908 -76
909 -66
910 -289
911 -70
912 -182
913 -76
914 -76
915 -221
916 -75
917 -75
918 -75
919 -75
920 -3358
921 -75
922 -634
923 -71
924 -73
925 -78
926 -175
927 -227
928 -344
929 -696
930 -74
931 -221
932 -75
933 -57
934 -867
935 -397
936 -631
937 -541
938 -77
939 -70
940 -74
941 -75
942 -869
943 -70
944 -81
945 -75
946 -70
947 -73
948 -75
949 -1211
950 -75
951 -75
952 -74
953 -2503
954 -70
955 -251
956 -76
957 -70
958 -70
959 -75
960 -74
961 -335
962 -193
963 -62
964 -273
965 -75
966 -73
967 -73
968 -74
969 -96
970 -75
971 -109
972 -75
973 -74
974 -70
975 -62
976 -70
977 -74
978 -70
979 -73
980 -74
981 -40
982 -75
983 -1979
984 -1303
985 -418
986 -514
987 -611
988 -62
989 -245
990 -326
991 -73
992 -70
993 -62
994 -75
995 -73
996 -70
997 -116
998 -545
999 -83
