0 -45
1 -82
2 -177
3 -10080
4 -89
5 -840
6 -62
7 -90
8 -310
9 -90
10 -90
11 -1258
12 -2359
13 -2940
14 -90
15 -65
16 -89
17 -90
18 -548
19 -1455
20 -97
21 -46
22 -1193
23 -194
24 -4898
25 -921
26 -88
27 -51
28 -56
29 -90
30 -88
31 -90
32 -67
33 -53
34 -90
35 -501
36 -89
37 -90
38 -90
39 -2444
40 -82
41 -62
42 -82
43 -90
44 -63
45 -62
46 -262
47 -2418
48 -2286
49 -2585
50 -38
51 -13643
52 -44
53 -1490
54 -90
55 -3430
56 -1385
57 -38
58 -90
59 -76
60 -90
61 -62
62 -90
63 -53
64 -3911
65 -90
66 -51
67 -42
68 -9352
69 -4101
70 -88
71 -34
72 -90
73 -36
74 -89
75 -1071
76 -64
77 -89
78 -89
79 -65
80 -1750
81 -82
82 -90
83 -90
84 -326
85 -82
86 -58
87 -98
88 -82
89 -3002
90 -3924
91 -82
92 -53
93 -58
94 -90
95 -89
96 -88
97 -583
98 -90
99 -5208
100 -49
101 -133
102 -88
103 -5220
104 -57
105 -71
106 -84
107 -1866
108 -89
109 -302
110 -62
111 -63
112 -88
113 -89
114 -89
115 -133
116 -90
117 -118
118 -2159
119 -68
120 -74
121 -131
122 -90
123 -8927
124 -82
125 -61
126 -90
127 -55
128 -89
129 -88
130 -89
131 -2497
132 -88
133 -43
134 -3728
135 -90
136 -206
137 -60
138 -51
139 -5918
140 -84
141 -633
142 -62
143 -2405
144 -90
145 -84
146 -3939
147 -82
148 -2931
149 -4113
150 -90
151 -89
152 -93
153 -90
154 -138
155 -48
156 -62
157 -69
158 -603
159 -205
160 -67
161 -89
162 -204
163 -55
164 -82
165 -67
166 -88
167 -90
168 -40
169 -90
170 -90
171 -82
172 -90
173 -362
174 -53
175 -85
176 -89
177 -88
178 -90
179 -82
180 -62
181 -89
182 -2116
183 -2425
184 -59
185 -841
186 -34
187 -90
188 -59
189 -59
190 -82
191 -88
192 -90
193 -192
194 -632
195 -613
196 -245
197 -61
198 -1035
199 -137
200 -1101
201 -2037
202 -90
203 -89
204 -89
205 -61
206 -82
207 -90
208 -90
209 -491
210 -53
211 -40
212 -4079
213 -1719
214 -3318
215 -76
216 -70
217 -238
218 -57
219 -192
220 -3568
221 -49
222 -90
223 -3033
224 -2126
225 -57
226 -7843
227 -89
228 -90
229 -58
230 -67
231 -4611
232 -155
233 -82
234 -213
235 -199
236 -89
237 -3496
238 -90
239 -40
240 -90
241 -89
242 -82
243 -89
244 -88
245 -82
246 -62
247 -63
248 -82
249 -31
250 -90
251 -185
252 -685
253 -89
254 -89
255 -90
256 -1348
257 -93
258 -65
259 -88
260 -81
261 -67
262 -88
263 -90
264 -89
265 -67
266 -68
267 -90
268 -90
269 -89
270 -3658
271 -387
272 -118
273 -88
274 -90
275 -45
276 -67
277 -1645
278 -2390
279 -38
280 -89
281 -82
282 -466
283 -782
284 -90
285 -89
286 -90
287 -67
288 -36
289 -152
290 -333
291 -6558
292 -3965
293 -74
294 -90
295 -67
296 -383
297 -90
298 -90
299 -90
300 -78
301 -54
302 -90
303 -90
304 -90
305 -888
306 -41
307 -90
308 -82
309 -1068
310 -90
311 -38
312 -831
313 -223
314 -123
315 -90
316 -82
317 -88
318 -49
319 -62
320 -3951
321 -89
322 -90
323 -3143
324 -89
325 -90
326 -90
327 -90
328 -90
329 -57
330 -95
331 -45
332 -88
333 -88
334 -90
335 -78
336 -88
337 -41
338 -58
339 -89
340 -74
341 -90
342 -44
343 -808
344 -90
345 -90
346 -90
347 -89
348 -63
349 -90
350 -90
351 -51
352 -90
353 -61
354 -42
355 -476
356 -1398
357 -90
358 -89
359 -94
360 -89
361 -68
362 -90
363 -5711
364 -67
365 -69
366 -90
367 -90
368 -82
369 -90
370 -70
371 -558
372 -209
373 -108
374 -46
375 -89
376 -63
377 -57
378 -88
379 -89
380 -100
381 -90
382 -51
383 -67
384 -88
385 -62
386 -49
387 -90
388 -90
389 -947
390 -90
391 -62
392 -38
393 -67
394 -90
395 -5749
396 -90
397 -62
398 -528
399 -82
400 -91
401 -89
402 -39
403 -43
404 -89
405 -181
406 -87
407 -90
408 -576
409 -62
410 -90
411 -638
412 -58
413 -1874
414 -2597
415 -1568
416 -4666
417 -90
418 -177
419 -90
420 -57
421 -88
422 -90
423 -4995
424 -68
425 -58
426 -453
427 -90
428 -43
429 -62
430 -2351
431 -90
432 -88
433 -62
434 -88
435 -88
436 -4554
437 -62
438 -63
439 -56
440 -2395
441 -183
442 -90
443 -1483
444 -90
445 -89
446 -88
447 -50
448 -62
449 -82
450 -90
451 -90
452 -1733
453 -7140
454 -51
455 -8921
456 -89
457 -1967
458 -839
459 -88
460 -57
461 -90
462 -89
463 -90
464 -82
465 -1328
466 -62
467 -53
468 -1720
469 -58
470 -208
471 -38
472 -82
473 -229
474 -88
475 -67
476 -88
477 -90
478 -89
479 -53
480 -156
481 -90
482 -63
483 -89
484 -3484
485 -690
486 -90
487 -251
488 -90
489 -82
490 -88
491 -89
492 -221
493 -88
494 -90
495 -90
496 -153
497 -89
498 -80
499 -89
500 -5811
501 -82
502 -1039
503 -42
504 -1722
505 -67
506 -41
507 -84
508 -90
509 -187
510 -50
511 -1800
512 -1996
513 -2414
514 -90
515 -148
516 -53
517 -90
518 -90
519 -62
520 -773
521 -62
522 -90
523 -867
524 -807
525 -857
526 -588
527 -8409
528 -60
529 -88
530 -2233
531 -90
532 -90
533 -62
534 -88
535 -1351
536 -193
537 -90
538 -90
539 -3093
540 -1280
541 -89
542 -82
543 -93
544 -2445
545 -253
546 -63
547 -63
548 -90
549 -2533
550 -90
551 -82
552 -3793
553 -82
554 -90
555 -90
556 -44
557 -90
558 -14779
559 -3615
560 -90
561 -3622
562 -176
563 -90
564 -90
565 -81
566 -90
567 -58
568 -44
569 -90
570 -89
571 -89
572 -62
573 -50
574 -88
575 -3649
576 -58
577 -90
578 -89
579 -311
580 -62
581 -51
582 -36
583 -76
584 -90
585 -89
586 -1240
587 -82
588 -90
589 -66
590 -90
591 -90
592 -90
593 -90
594 -62
595 -92
596 -89
597 -1811
598 -90
599 -531
600 -63
601 -2738
602 -82
603 -82
604 -89
605 -63
606 -2233
607 -1029
608 -1545
609 -38
610 -81
611 -90
612 -90
613 -76
614 -90
615 -90
616 -47
617 -2024
618 -88
619 -90
620 -34
621 -1438
622 -90
623 -61
624 -233
625 -54
626 -90
627 -2096
628 -62
629 -90
630 -90
631 -200
632 -90
633 -2884
634 -90
635 -79
636 -90
637 -90
638 -82
639 -88
640 -368
641 -3265
642 -120
643 -924
644 -88
645 -3648
646 -90
647 -90
648 -90
649 -752
650 -87
651 -90
652 -26
653 -82
654 -6952
655 -90
656 -767
657 -40
658 -369
659 -90
660 -89
661 -252
662 -90
663 -2947
664 -71
665 -46
666 -4673
667 -89
668 -5380
669 -90
670 -56
671 -228
672 -3291
673 -82
674 -301
675 -57
676 -89
677 -57
678 -90
679 -90
680 -60
681 -55
682 -90
683 -90
684 -62
685 -82
686 -82
687 -58
688 -88
689 -90
690 -3520
691 -358
692 -68
693 -224
694 -4045
695 -53
696 -90
697 -82
698 -90
699 -204
700 -6012
701 -38
702 -82
703 -36
704 -2189
705 -88
706 -89
707 -88
708 -6978
709 -90
710 -88
711 -58
712 -89
713 -87
714 -90
715 -89
716 -62
717 -90
718 -2218
719 -89
720 -82
721 -88
722 -170
723 -124
724 -102
725 -82
726 -2549
727 -90
728 -58
729 -90
730 -78
731 -82
732 -71
733 -788
734 -46
735 -63
736 -90
737 -89
738 -5449
739 -88
740 -90
741 -90
742 -3993
743 -83
744 -62
745 -90
746 -89
747 -90
748 -61
749 -90
750 -155
751 -1303
752 -89
753 -90
754 -90
755 -32
756 -90
757 -1601
758 -3249
759 -57
760 -53
761 -1267
762 -88
763 -62
764 -57
765 -68
766 -4051
767 -90
768 -82
769 -4967
770 -78
771 -90
772 -380
773 -110
774 -88
775 -57
776 -88
777 -89
778 -4965
779 -90
780 -237
781 -55
782 -88
783 -89
784 -55
785 -82
786 -61
787 -90
788 -38
789 -62
790 -88
791 -89
792 -90
793 -88
794 -63
795 -1533
796 -89
797 -82
798 -3209
799 -59
800 -84
801 -90
802 -82
803 -1328
804 -90
805 -1601
806 -57
807 -90
808 -68
809 -2706
810 -9604
811 -1593
812 -58
813 -63
814 -62
815 -101
816 -2032
817 -1591
818 -52
819 -90
820 -90
821 -51
822 -63
823 -82
824 -88
825 -2561
826 -89
827 -63
828 -89
829 -88
830 -88
831 -701
832 -90
833 -62
834 -62
835 -90
836 -90
837 -89
838 -90
839 -88
840 -4285
841 -88
842 -59
843 -397
844 -89
845 -82
846 -3178
847 -90
848 -90
849 -88
850 -54
851 -90
852 -88
853 -2416
854 -88
855 -62
856 -3700
857 -64
858 -90
859 -76
860 -84
861 -52
862 -1761
863 -50
864 -77
865 -1217
866 -90
867 -186
868 -3813
869 -90
870 -61
871 -82
872 -57
873 -89
874 -3831
875 -89
876 -33
877 -353
878 -1449
879 -193
880 -90
881 -203
882 -434
883 -90
884 -146
885 -82
886 -90
887 -90
888 -89
889 -82
890 -82
891 -59
892 -41
893 -90
894 -58
895 -58
896 -62
897 -90
898 -89
899 -63
900 -234
901 -90
902 -72
903 -89
904 -90
905 -53
906 -53
907 -90
908 -74
909 -3766
910 -1799
911 -78
912 -155
913 -89
914 -283
915 -58
916 -89
917 -66
918 -90
919 -63
920 -275
921 -90
922 -90
923 -60
924 -1574
925 -90
926 -89
927 -5894
928 -89
929 -1912
930 -89
931 -90
932 -88
933 -87
934 -90
935 -89
936 -62
937 -677
938 -90
939 -89
940 -254
941 -160
942 -90
943 -95
944 -62
945 -165
946 -82
947 -90
948 -76
949 -2312
950 -88
951 -88
952 -212
953 -987
954 -47
955 -4174
956 -90
957 -90
958 -90
959 -88
960 -1224
961 -89
962 -56
963 -90
964 -88
965 -3481
966 -89
967 -90
968 -1604
969 -88
970 -89
971 -90
972 -82
973 -82
974 -1049
975 -3006
976 -110
977 -88
978 -573
979 -49
980 -90
981 -90
982 -262
983 -63
984 -616
985 -89
986 -2171
987 -1841
988 -80
989 -62
990 -90
991 -90
992 -89
993 -82
994 -84
995 -89
996 -82
997 -90
998 -51
999 -46
