0 -1068
1 -1641
2 -581
3 -69
4 -396
5 -1388
6 -57
7 -309
8 -69
9 -356
10 -71
11 -506
12 -69
13 -5570
14 -1356
15 -69
16 -539
17 -1204
18 -69
19 -67
20 -69
21 -69
22 -485
23 -67
24 -68
25 -69
26 -68
27 -61
28 -67
29 -69
30 -116
31 -69
32 -68
33 -69
34 -69
35 -69
36 -69
37 -68
38 -81
39 -107
40 -69
41 -203
42 -64
43 -838
44 -69
45 -600
46 -69
47 -241
48 -2794
49 -63
50 -312
51 -49
52 -34
53 -67
54 -105
55 -69
56 -67
57 -69
58 -460
59 -67
60 -69
61 -68
62 -61
63 -69
64 -123
65 -70
66 -68
67 -60
68 -69
69 -69
70 -69
71 -68
72 -68
73 -80
74 -72
75 -623
76 -67
77 -69
78 -69
79 -212
80 -2066
81 -55
82 -67
83 -69
84 -69
85 -720
86 -67
87 -69
88 -69
89 -42
90 -79
91 -488
92 -1264
93 -69
94 -69
95 -68
96 -1307
97 -8012
98 -69
99 -1381
100 -68
101 -90
102 -68
103 -53
104 -69
105 -301
106 -805
107 -52
108 -65
109 -541
110 -69
111 -643
112 -69
113 -68
114 -1546
115 -7428
116 -512
117 -69
118 -3772
119 -69
120 -69
121 -68
122 -70
123 -51
124 -88
125 -69
126 -2508
127 -205
128 -69
129 -2223
130 -61
131 -2382
132 -68
133 -163
134 -1085
135 -68
136 -53
137 -61
138 -123
139 -69
140 -3811
141 -231
142 -88
143 -68
144 -427
145 -57
146 -69
147 -67
148 -69
149 -60
150 -69
151 -2431
152 -69
153 -69
154 -1962
155 -69
156 -4987
157 -11470
158 -7459
159 -133
160 -185
161 -68
162 -67
163 -68
164 -68
165 -1159
166 -68
167 -68
168 -69
169 -69
170 -69
171 -363
172 -48
173 -69
174 -69
175 -69
176 -69
177 -6502
178 -1358
179 -52
180 -61
181 -69
182 -58
183 -69
184 -69
185 -111
186 -2442
187 -184
188 -197
189 -198
190 -179
191 -68
192 -309
193 -3405
194 -273
195 -7823
196 -5942
197 -2941
198 -70
199 -575
200 -1328
201 -131
202 -69
203 -69
204 -67
205 -69
206 -69
207 -18
208 -67
209 -69
210 -69
211 -302
212 -386
213 -56
214 -53
215 -68
216 -1113
217 -69
218 -69
219 -2291
220 -187
221 -69
222 -102
223 -204
224 -181
225 -540
226 -1436
227 -69
228 -67
229 -91
230 -69
231 -310
232 -69
233 -196
234 -219
235 -69
236 -67
237 -1732
238 -645
239 -111
240 -69
241 -69
242 -36
243 -361
244 -69
245 -1175
246 -69
247 -69
248 -69
249 -69
250 -326
251 -69
252 -78
253 -2364
254 -262
255 -298
256 -116
257 -621
258 -59
259 -67
260 -68
261 -67
262 -63
263 -52
264 -2131
265 -38
266 -37
267 -69
268 -67
269 -69
270 -348
271 -1560
272 -1461
273 -518
274 -1375
275 -69
276 -67
277 -68
278 -117
279 -69
280 -69
281 -415
282 -856
283 -367
284 -491
285 -43
286 -410
287 -4006
288 -1032
289 -609
290 -273
291 -68
292 -95
293 -1290
294 -68
295 -7707
296 -7248
297 -69
298 -485
299 -67
300 -261
301 -4737
302 -285
303 -273
304 -69
305 -419
306 -2117
307 -6767
308 -894
309 -1230
310 -239
311 -68
312 -78
313 -958
314 -69
315 -2277
316 -94
317 -137
318 -98
319 -824
320 -252
321 -1148
322 -69
323 -575
324 -69
325 -384
326 -807
327 -219
328 -1722
329 -68
330 -63
331 -52
332 -210
333 -69
334 -69
335 -69
336 -44
337 -3318
338 -354
339 -69
340 -69
341 -2406
342 -69
343 -465
344 -69
345 -5323
346 -68
347 -321
348 -102
349 -68
350 -37
351 -619
352 -69
353 -254
354 -69
355 -69
356 -112
357 -3191
358 -61
359 -67
360 -795
361 -69
362 -68
363 -63
364 -69
365 -37
366 -120
367 -68
368 -69
369 -2455
370 -242
371 -504
372 -69
373 -69
374 -63
375 -69
376 -69
377 -69
378 -69
379 -80
380 -968
381 -69
382 -69
383 -11782
384 -1758
385 -69
386 -68
387 -67
388 -211
389 -538
390 -1636
391 -66
392 -44
393 -69
394 -43
395 -4319
396 -69
397 -69
398 -593
399 -53
400 -74
401 -69
402 -68
403 -68
404 -1353
405 -3561
406 -69
407 -69
408 -67
409 -69
410 -3506
411 -169
412 -69
413 -283
414 -69
415 -759
416 -69
417 -67
418 -394
419 -61
420 -68
421 -945
422 -69
423 -308
424 -3973
425 -39
426 -604
427 -69
428 -535
429 -69
430 -193
431 -63
432 -1094
433 -49
434 -69
435 -69
436 -56
437 -419
438 -221
439 -2908
440 -69
441 -52
442 -67
443 -375
444 -67
445 -69
446 -63
447 -64
448 -69
449 -97
450 -59
451 -758
452 -345
453 -183
454 -69
455 -68
456 -328
457 -1711
458 -268
459 -63
460 -69
461 -465
462 -67
463 -297
464 -67
465 -69
466 -67
467 -422
468 -78
469 -69
470 -173
471 -276
472 -68
473 -67
474 -69
475 -335
476 -504
477 -71
478 -36
479 -69
480 -67
481 -330
482 -69
483 -68
484 -181
485 -74
486 -69
487 -52
488 -69
489 -63
490 -2310
491 -44
492 -69
493 -2332
494 -3543
495 -65
496 -327
497 -68
498 -69
499 -26
500 -39
501 -68
502 -1212
503 -65
504 -526
505 -161
506 -69
507 -52
508 -69
509 -69
510 -69
511 -69
512 -67
513 -521
514 -10222
515 -314
516 -178
517 -40
518 -68
519 -719
520 -5499
521 -68
522 -130
523 -74
524 -67
525 -69
526 -5818
527 -6986
528 -74
529 -69
530 -69
531 -74
532 -221
533 -69
534 -69
535 -4926
536 -369
537 -69
538 -131
539 -926
540 -3441
541 -1714
542 -69
543 -61
544 -2696
545 -1144
546 -1868
547 -69
548 -213
549 -69
550 -3076
551 -69
552 -68
553 -5034
554 -69
555 -69
556 -50
557 -3876
558 -218
559 -53
560 -255
561 -3721
562 -69
563 -69
564 -68
565 -67
566 -933
567 -51
568 -68
569 -1991
570 -3473
571 -26
572 -135
573 -2891
574 -8962
575 -116
576 -66
577 -1945
578 -67
579 -69
580 -67
581 -67
582 -19066
583 -412
584 -66
585 -207
586 -67
587 -69
588 -68
589 -219
590 -68
591 -68
592 -61
593 -70
594 -69
595 -69
596 -251
597 -538
598 -53
599 -69
600 -68
601 -67
602 -166
603 -429
604 -1672
605 -69
606 -68
607 -4055
608 -67
609 -69
610 -588
611 -3802
612 -69
613 -69
614 -67
615 -5063
616 -69
617 -69
618 -52
619 -2158
620 -42
621 -7820
622 -5070
623 -5059
624 -134
625 -851
626 -69
627 -2011
628 -69
629 -256
630 -68
631 -68
632 -63
633 -69
634 -608
635 -41
636 -328
637 -69
638 -2149
639 -312
640 -67
641 -592
642 -68
643 -69
644 -2816
645 -71
646 -67
647 -69
648 -68
649 -68
650 -68
651 -271
652 -52
653 -69
654 -69
655 -7983
656 -79
657 -38
658 -69
659 -49
660 -3502
661 -65
662 -1691
663 -342
664 -364
665 -53
666 -69
667 -67
668 -67
669 -68
670 -49
671 -893
672 -56
673 -68
674 -61
675 -490
676 -959
677 -1348
678 -64
679 -69
680 -69
681 -55
682 -75
683 -762
684 -59
685 -69
686 -388
687 -523
688 -62
689 -215
690 -54
691 -2167
692 -69
693 -67
694 -768
695 -68
696 -49
697 -2086
698 -68
699 -3428
700 -68
701 -38
702 -69
703 -54
704 -492
705 -68
706 -2369
707 -69
708 -69
709 -69
710 -69
711 -392
712 -63
713 -68
714 -202
715 -69
716 -61
717 -68
718 -67
719 -59
720 -4519
721 -2515
722 -69
723 -67
724 -2218
725 -66
726 -2404
727 -60
728 -154
729 -71
730 -69
731 -4518
732 -5117
733 -164
734 -69
735 -4467
736 -67
737 -68
738 -211
739 -106
740 -68
741 -67
742 -115
743 -67
744 -69
745 -67
746 -167
747 -457
748 -69
749 -68
750 -68
751 -68
752 -67
753 -69
754 -2136
755 -67
756 -68
757 -33
758 -148
759 -179
760 -69
761 -69
762 -69
763 -69
764 -68
765 -844
766 -69
767 -68
768 -1001
769 -55
770 -4452
771 -148
772 -69
773 -229
774 -69
775 -9133
776 -66
777 -67
778 -68
779 -2442
780 -69
781 -67
782 -67
783 -2014
784 -69
785 -69
786 -67
787 -68
788 -493
789 -2666
790 -11936
791 -69
792 -67
793 -69
794 -612
795 -69
796 -68
797 -10489
798 -2912
799 -69
800 -211
801 -329
802 -67
803 -1918
804 -58
805 -70
806 -69
807 -69
808 -69
809 -67
810 -3469
811 -391
812 -2080
813 -23
814 -69
815 -305
816 -69
817 -63
818 -1738
819 -69
820 -67
821 -69
822 -81
823 -42
824 -68
825 -68
826 -3415
827 -68
828 -5151
829 -69
830 -1963
831 -5091
832 -29
833 -134
834 -61
835 -69
836 -2316
837 -54
838 -68
839 -69
840 -69
841 -67
842 -67
843 -805
844 -5996
845 -1474
846 -141
847 -69
848 -41
849 -69
850 -68
851 -1884
852 -38
853 -67
854 -73
855 -264
856 -56
857 -67
858 -362
859 -549
860 -68
861 -141
862 -69
863 -185
864 -173
865 -67
866 -132
867 -62
868 -68
869 -3133
870 -447
871 -68
872 -336
873 -68
874 -61
875 -67
876 -68
877 -68
878 -69
879 -68
880 -67
881 -69
882 -2851
883 -56
884 -221
885 -2758
886 -69
887 -69
888 -181
889 -367
890 -213
891 -579
892 -51
893 -2463
894 -69
895 -69
896 -69
897 -69
898 -3294
899 -389
900 -71
901 -2841
902 -69
903 -69
904 -69
905 -55
906 -68
907 -495
908 -67
909 -2203
910 -382
911 -68
912 -52
913 -69
914 -69
915 -68
916 -69
917 -37
918 -153
919 -2107
920 -672
921 -64
922 -69
923 -69
924 -65
925 -67
926 -441
927 -5947
928 -36
929 -263
930 -917
931 -69
932 -69
933 -246
934 -838
935 -68
936 -1558
937 -67
938 -68
939 -1906
940 -68
941 -366
942 -5735
943 -52
944 -171
945 -150
946 -69
947 -52
948 -5529
949 -41
950 -77
951 -6222
952 -67
953 -281
954 -67
955 -559
956 -3735
957 -69
958 -5360
959 -69
960 -69
961 -65
962 -504
963 -590
964 -63
965 -68
966 -1851
967 -68
968 -148
969 -40
970 -747
971 -64
972 -69
973 -272
974 -69
975 -901
976 -3667
977 -4251
978 -1376
979 -273
980 -69
981 -64
982 -69
983 -46
984 -67
985 -530
986 -171
987 -67
988 -682
989 -68
990 -69
991 -110
992 -388
993 -68
994 -69
995 -69
996 -90
997 -52
998 -69
999 -437
