0 -74
1 -73
2 -57
3 -476
4 -75
5 -74
6 -74
7 -74
8 -70
9 -2791
10 -75
11 -2788
12 -75
13 -35
14 -352
15 -75
16 -369
17 -76
18 -74
19 -70
20 -74
21 -62
22 -73
23 -246
24 -74
25 -70
26 -75
27 -212
28 -54
29 -70
30 -162
31 -250
32 -62
33 -73
34 -70
35 -70
36 -127
37 -94
38 -62
39 -74
40 -85
41 -70
42 -74
43 -75
44 -62
45 -62
46 -71
47 -70
48 -62
49 -70
50 -75
51 -86
52 -1136
53 -75
54 -204
55 -89
56 -92
57 -62
58 -73
59 -62
60 -81
61 -2293
62 -2032
63 -70
64 -74
65 -372
66 -76
67 -75
68 -70
69 -200
70 -63
71 -76
72 -76
73 -70
74 -3761
75 -211
76 -177
77 -70
78 -75
79 -75
80 -73
81 -79
82 -61
83 -75
84 -73
85 -75
86 -388
87 -62
88 -75
89 -75
90 -75
91 -76
92 -399
93 -75
94 -76
95 -74
96 -198
97 -70
98 -305
99 -62
100 -70
101 -754
102 -76
103 -59
104 -104
105 -73
106 -62
107 -75
108 -75
109 -73
110 -70
111 -801
112 -166
113 -75
114 -70
115 -84
116 -75
117 -70
118 -75
119 -75
120 -70
121 -75
122 -70
123 -75
124 -74
125 -88
126 -68
127 -70
128 -75
129 -70
130 -392
131 -983
132 -2161
133 -73
134 -62
135 -484
136 -62
137 -75
138 -75
139 -75
140 -58
141 -81
142 -75
143 -238
144 -75
145 -131
146 -276
147 -577
148 -66
149 -73
150 -70
151 -73
152 -75
153 -73
154 -75
155 -76
156 -106
157 -75
158 -62
159 -244
160 -420
161 -76
162 -62
163 -320
164 -696
165 -70
166 -854
167 -73
168 -75
169 -73
170 -80
171 -75
172 -76
173 -518
174 -252
175 -74
176 -523
177 -62
178 -73
179 -70
180 -74
181 -74
182 -73
183 -73
184 -62
185 -70
186 -78
187 -70
188 -70
189 -238
190 -75
191 -1131
192 -76
193 -75
194 -76
195 -5580
196 -319
197 -76
198 -70
199 -441
200 -62
201 -75
202 -73
203 -75
204 -74
205 -75
206 -724
207 -73
208 -75
209 -75
210 -75
211 -3596
212 -70
213 -572
214 -2595
215 -75
216 -70
217 -70
218 -70
219 -165
220 -73
221 -75
222 -75
223 -683
224 -70
225 -62
226 -170
227 -69
228 -75
229 -71
230 -70
231 -76
232 -75
233 -70
234 -62
235 -75
236 -70
237 -75
238 -77
239 -73
240 -74
241 -73
242 -74
243 -87
244 -65
245 -76
246 -62
247 -62
248 -70
249 -75
250 -3784
251 -3849
252 -2753
253 -198
254 -423
255 -76
256 -74
257 -74
258 -240
259 -76
260 -75
261 -74
262 -70
263 -65
264 -283
265 -77
266 -415
267 -76
268 -375
269 -68
270 -75
271 -134
272 -584
273 -219
274 -75
275 -74
276 -75
277 -3334
278 -70
279 -762
280 -306
281 -73
282 -65
283 -457
284 -76
285 -70
286 -76
287 -297
288 -181
289 -70
290 -70
291 -70
292 -74
293 -56
294 -73
295 -75
296 -73
297 -70
298 -75
299 -76
300 -73
301 -62
302 -70
303 -252
304 -75
305 -70
306 -73
307 -73
308 -75
309 -62
310 -74
311 -74
312 -75
313 -75
314 -70
315 -75
316 -3465
317 -73
318 -75
319 -70
320 -70
321 -69
322 -70
323 -76
324 -122
325 -29
326 -62
327 -666
328 -73
329 -74
330 -75
331 -70
332 -74
333 -64
334 -73
335 -76
336 -76
337 -70
338 -74
339 -146
340 -76
341 -62
342 -76
343 -58
344 -73
345 -161
346 -76
347 -137
348 -2927
349 -87
350 -62
351 -74
352 -75
353 -75
354 -488
355 -74
356 -73
357 -70
358 -186
359 -2831
360 -198
361 -3691
362 -70
363 -62
364 -74
365 -74
366 -2030
367 -75
368 -70
369 -73
370 -62
371 -334
372 -182
373 -94
374 -235
375 -221
376 -62
377 -219
378 -1529
379 -70
380 -76
381 -70
382 -73
383 -56
384 -70
385 -73
386 -161
387 -62
388 -66
389 -70
390 -75
391 -73
392 -73
393 -335
394 -73
395 -75
396 -354
397 -70
398 -76
399 -195
400 -70
401 -75
402 -75
403 -75
404 -110
405 -75
406 -70
407 -55
408 -71
409 -73
410 -313
411 -73
412 -75
413 -75
414 -70
415 -70
416 -75
417 -75
418 -70
419 -75
420 -75
421 -74
422 -75
423 -75
424 -75
425 -359
426 -70
427 -299
428 -1368
429 -73
430 -76
431 -73
432 -421
433 -75
434 -72
435 -86
436 -75
437 -807
438 -70
439 -922
440 -74
441 -75
442 -277
443 -757
444 -62
445 -70
446 -70
447 -73
448 -2098
449 -76
450 -8906
451 -75
452 -74
453 -73
454 -70
455 -75
456 -74
457 -73
458 -73
459 -76
460 -270
461 -73
462 -76
463 -222
464 -2411
465 -75
466 -70
467 -74
468 -73
469 -70
470 -75
471 -74
472 -62
473 -74
474 -75
475 -75
476 -73
477 -111
478 -76
479 -62
480 -2004
481 -428
482 -75
483 -76
484 -70
485 -62
486 -70
487 -73
488 -76
489 -70
490 -75
491 -105
492 -443
493 -75
494 -3138
495 -62
496 -76
497 -2864
498 -76
499 -70
500 -76
501 -62
502 -62
503 -67
504 -70
505 -361
506 -71
507 -70
508 -70
509 -69
510 -176
511 -70
512 -57
513 -463
514 -70
515 -2267
516 -615
517 -70
518 -376
519 -74
520 -70
521 -4729
522 -70
523 -76
524 -70
525 -75
526 -62
527 -74
528 -1893
529 -62
530 -75
531 -74
532 -74
533 -70
534 -75
535 -61
536 -74
537 -70
538 -70
539 -70
540 -96
541 -73
542 -70
543 -70
544 -76
545 -1656
546 -74
547 -62
548 -62
549 -75
550 -75
551 -61
552 -124
553 -70
554 -70
555 -70
556 -30
557 -62
558 -523
559 -70
560 -70
561 -75
562 -74
563 -74
564 -74
565 -70
566 -507
567 -75
568 -62
569 -73
570 -75
571 -448
572 -160
573 -74
574 -73
575 -217
576 -1299
577 -62
578 -323
579 -74
580 -62
581 -70
582 -70
583 -73
584 -1465
585 -57
586 -101
587 -74
588 -70
589 -74
590 -62
591 -75
592 -70
593 -74
594 -939
595 -832
596 -62
597 -588
598 -73
599 -70
600 -70
601 -75
602 -255
603 -73
604 -80
605 -74
606 -73
607 -135
608 -74
609 -70
610 -74
611 -75
612 -398
613 -73
614 -74
615 -75
616 -70
617 -75
618 -73
619 -70
620 -70
621 -73
622 -75
623 -70
624 -473
625 -75
626 -73
627 -75
628 -219
629 -7348
630 -627
631 -1115
632 -586
633 -362
634 -63
635 -75
636 -5351
637 -70
638 -74
639 -75
640 -70
641 -188
642 -38
643 -75
644 -70
645 -78
646 -75
647 -75
648 -3376
649 -1740
650 -73
651 -74
652 -120
653 -76
654 -70
655 -62
656 -70
657 -75
658 -70
659 -75
660 -74
661 -75
662 -70
663 -62
664 -98
665 -62
666 -75
667 -70
668 -73
669 -62
670 -50
671 -73
672 -70
673 -62
674 -84
675 -75
676 -75
677 -75
678 -76
679 -70
680 -810
681 -73
682 -76
683 -75
684 -330
685 -74
686 -70
687 -73
688 -70
689 -76
690 -153
691 -212
692 -70
693 -154
694 -74
695 -70
696 -415
697 -70
698 -76
699 -2940
700 -70
701 -70
702 -74
703 -5335
704 -75
705 -456
706 -77
707 -75
708 -70
709 -65
710 -1280
711 -70
712 -75
713 -468
714 -65
715 -70
716 -310
717 -70
718 -73
719 -73
720 -62
721 -62
722 -75
723 -63
724 -76
725 -70
726 -75
727 -156
728 -73
729 -74
730 -716
731 -517
732 -78
733 -70
734 -290
735 -75
736 -62
737 -125
738 -342
739 -75
740 -62
741 -75
742 -75
743 -236
744 -75
745 -62
746 -70
747 -75
748 -70
749 -74
750 -75
751 -73
752 -76
753 -75
754 -75
755 -5674
756 -237
757 -75
758 -75
759 -73
760 -76
761 -2052
762 -835
763 -74
764 -70
765 -74
766 -74
767 -62
768 -62
769 -159
770 -341
771 -70
772 -69
773 -75
774 -70
775 -119
776 -70
777 -75
778 -70
779 -80
780 -2301
781 -70
782 -75
783 -515
784 -445
785 -70
786 -73
787 -73
788 -1277
789 -210
790 -70
791 -75
792 -62
793 -76
794 -75
795 -74
796 -137
797 -1084
798 -75
799 -73
800 -75
801 -203
802 -70
803 -18
804 -76
805 -75
806 -471
807 -1252
808 -70
809 -75
810 -70
811 -73
812 -139
813 -73
814 -74
815 -75
816 -70
817 -2047
818 -597
819 -62
820 -75
821 -62
822 -88
823 -431
824 -3740
825 -62
826 -73
827 -630
828 -380
829 -73
830 -62
831 -74
832 -75
833 -73
834 -74
835 -403
836 -74
837 -73
838 -70
839 -6997
840 -62
841 -86
842 -70
843 -70
844 -74
845 -75
846 -184
847 -75
848 -74
849 -83
850 -208
851 -74
852 -70
853 -454
854 -74
855 -2502
856 -74
857 -76
858 -73
859 -680
860 -939
861 -70
862 -62
863 -166
864 -1008
865 -562
866 -582
867 -73
868 -745
869 -2907
870 -73
871 -75
872 -70
873 -298
874 -70
875 -65
876 -4091
877 -3109
878 -70
879 -70
880 -70
881 -74
882 -73
883 -70
884 -74
885 -70
886 -70
887 -75
888 -62
889 -76
890 -70
891 -75
892 -70
893 -78
894 -73
895 -811
896 -74
897 -73
898 -10076
899 -3112
900 -158
901 -75
902 -75
903 -76
904 -76
905 -75
906 -70
907 -70
908 -637
909 -76
910 -3815
911 -70
912 -75
913 -70
914 -3736
915 -320
916 -76
917 -76
918 -74
919 -158
920 -73
921 -96
922 -76
923 -75
924 -70
925 -76
926 -425
927 -74
928 -73
929 -75
930 -294
931 -62
932 -203
933 -194
934 -73
935 -70
936 -75
937 -70
938 -101
939 -223
940 -75
941 -75
942 -62
943 -279
944 -3818
945 -69
946 -69
947 -75
948 -76
949 -70
950 -75
951 -75
952 -76
953 -73
954 -75
955 -74
956 -76
957 -62
958 -2424
959 -76
960 -73
961 -57
962 -70
963 -2122
964 -75
965 -70
966 -2236
967 -82
968 -62
969 -70
970 -80
971 -70
972 -75
973 -75
974 -76
975 -70
976 -70
977 -62
978 -75
979 -73
980 -75
981 -76
982 -70
983 -76
984 -2819
985 -6012
986 -75
987 -695
988 -75
989 -76
990 -74
991 -75
992 -76
993 -70
994 -477
995 -76
996 -62
997 -70
998 -62
999 -75
