0 -545
1 -57
2 -71
3 -47
4 -65
5 -1387
6 -70
7 -47
8 -69
9 -70
10 -1496
11 -68
12 -39
13 -71
14 -70
15 -47
16 -80
17 -68
18 -70
19 -71
20 -6690
21 -72
22 -68
23 -69
24 -61
25 -63
26 -70
27 -57
28 -47
29 -69
30 -61
31 -587
32 -69
33 -39
34 -39
35 -47
36 -66
37 -66
38 -57
39 -68
40 -70
41 -71
42 -70
43 -65
44 -70
45 -47
46 -39
47 -54
48 -70
49 -70
50 -68
51 -102
52 -39
53 -69
54 -66
55 -69
56 -47
57 -3242
58 -64
59 -69
60 -47
61 -70
62 -61
63 -68
64 -70
65 -47
66 -47
67 -70
68 -70
69 -70
70 -1772
71 -70
72 -69
73 -39
74 -1257
75 -427
76 -70
77 -71
78 -71
79 -1048
80 -68
81 -69
82 -66
83 -61
84 -65
85 -255
86 -68
87 -70
88 -60
89 -70
90 -1047
91 -70
92 -70
93 -47
94 -70
95 -71
96 -69
97 -69
98 -68
99 -69
100 -66
101 -65
102 -47
103 -54
104 -59
105 -47
106 -68
107 -1848
108 -50
109 -71
110 -71
111 -68
112 -399
113 -71
114 -39
115 -592
116 -70
117 -71
118 -69
119 -71
120 -70
121 -108
122 -70
123 -69
124 -66
125 -347
126 -654
127 -61
128 -70
129 -71
130 -70
131 -69
132 -70
133 -68
134 -61
135 -68
136 -70
137 -70
138 -61
139 -70
140 -70
141 -69
142 -69
143 -54
144 -70
145 -882
146 -1042
147 -69
148 -39
149 -47
150 -70
151 -70
152 -71
153 -63
154 -1587
155 -70
156 -39
157 -111
158 -1472
159 -71
160 -70
161 -70
162 -70
163 -70
164 -54
165 -75
166 -70
167 -228
168 -70
169 -70
170 -71
171 -196
172 -70
173 -1265
174 -70
175 -65
176 -70
177 -47
178 -146
179 -70
180 -70
181 -71
182 -70
183 -322
184 -61
185 -54
186 -70
187 -69
188 -177
189 -70
190 -47
191 -68
192 -68
193 -70
194 -71
195 -71
196 -71
197 -70
198 -70
199 -1612
200 -69
201 -47
202 -70
203 -69
204 -70
205 -61
206 -71
207 -69
208 -2322
209 -69
210 -70
211 -2712
212 -39
213 -1667
214 -70
215 -39
216 -61
217 -66
218 -61
219 -70
220 -71
221 -71
222 -3587
223 -69
224 -70
225 -70
226 -47
227 -69
228 -623
229 -70
230 -70
231 -2042
232 -402
233 -412
234 -68
235 -413
236 -53
237 -70
238 -39
239 -54
240 -61
241 -35
242 -39
243 -70
244 -71
245 -61
246 -61
247 -68
248 -54
249 -70
250 -47
251 -1582
252 -80
253 -39
254 -70
255 -373
256 -47
257 -71
258 -70
259 -57
260 -68
261 -426
262 -66
263 -70
264 -39
265 -68
266 -47
267 -70
268 -70
269 -6082
270 -68
271 -68
272 -66
273 -69
274 -69
275 -2158
276 -71
277 -47
278 -69
279 -2357
280 -70
281 -47
282 -141
283 -57
284 -69
285 -71
286 -70
287 -313
288 -2657
289 -68
290 -62
291 -2292
292 -506
293 -3357
294 -61
295 -44
296 -705
297 -82
298 -107
299 -70
300 -68
301 -234
302 -69
303 -39
304 -71
305 -343
306 -70
307 -250
308 -287
309 -1117
310 -73
311 -47
312 -47
313 -135
314 -68
315 -71
316 -70
317 -71
318 -70
319 -70
320 -70
321 -68
322 -43
323 -68
324 -76
325 -70
326 -562
327 -219
328 -70
329 -47
330 -420
331 -68
332 -47
333 -47
334 -71
335 -68
336 -47
337 -71
338 -68
339 -883
340 -47
341 -65
342 -47
343 -70
344 -57
345 -70
346 -57
347 -327
348 -39
349 -68
350 -137
351 -39
352 -68
353 -69
354 -354
355 -70
356 -70
357 -68
358 -39
359 -80
360 -54
361 -568
362 -2422
363 -70
364 -71
365 -70
366 -4487
367 -71
368 -47
369 -188
370 -68
371 -47
372 -1787
373 -54
374 -70
375 -70
376 -75
377 -61
378 -597
379 -39
380 -26
381 -241
382 -68
383 -201
384 -70
385 -70
386 -68
387 -70
388 -68
389 -71
390 -71
391 -83
392 -66
393 -68
394 -69
395 -70
396 -71
397 -69
398 -70
399 -262
400 -70
401 -47
402 -226
403 -71
404 -73
405 -582
406 -86
407 -61
408 -74
409 -39
410 -70
411 -70
412 -47
413 -43
414 -39
415 -2327
416 -532
417 -212
418 -70
419 -246
420 -71
421 -73
422 -59
423 -39
424 -71
425 -39
426 -57
427 -70
428 -533
429 -70
430 -1227
431 -69
432 -1303
433 -52
434 -69
435 -70
436 -47
437 -44
438 -70
439 -71
440 -71
441 -66
442 -70
443 -82
444 -61
445 -71
446 -73
447 -45
448 -39
449 -1442
450 -69
451 -71
452 -70
453 -70
454 -592
455 -161
456 -70
457 -51
458 -70
459 -70
460 -217
461 -68
462 -57
463 -70
464 -60
465 -70
466 -70
467 -68
468 -57
469 -70
470 -63
471 -68
472 -2702
473 -68
474 -71
475 -57
476 -57
477 -68
478 -69
479 -70
480 -69
481 -47
482 -39
483 -57
484 -70
485 -69
486 -70
487 -69
488 -47
489 -70
490 -47
491 -57
492 -47
493 -69
494 -70
495 -212
496 -707
497 -71
498 -39
499 -48
500 -71
501 -155
502 -1897
503 -66
504 -68
505 -56
506 -66
507 -39
508 -70
509 -70
510 -51
511 -68
512 -70
513 -70
514 -39
515 -70
516 -1277
517 -71
518 -69
519 -47
520 -3029
521 -71
522 -132
523 -71
524 -61
525 -70
526 -54
527 -70
528 -70
529 -1632
530 -2122
531 -39
532 -66
533 -71
534 -70
535 -67
536 -57
537 -71
538 -68
539 -61
540 -70
541 -70
542 -627
543 -1082
544 -68
545 -47
546 -68
547 -69
548 -70
549 -66
550 -39
551 -70
552 -39
553 -66
554 -2877
555 -39
556 -47
557 -57
558 -71
559 -70
560 -71
561 -71
562 -71
563 -437
564 -71
565 -70
566 -66
567 -70
568 -61
569 -2017
570 -71
571 -307
572 -222
573 -66
574 -71
575 -70
576 -70
577 -68
578 -3317
579 -70
580 -68
581 -48
582 -1707
583 -70
584 -160
585 -71
586 -39
587 -47
588 -70
589 -68
590 -68
591 -47
592 -47
593 -47
594 -71
595 -2297
596 -57
597 -69
598 -39
599 -69
600 -69
601 -70
602 -236
603 -70
604 -69
605 -54
606 -66
607 -70
608 -71
609 -71
610 -47
611 -72
612 -70
613 -68
614 -39
615 -71
616 -47
617 -47
618 -70
619 -82
620 -70
621 -71
622 -71
623 -613
624 -69
625 -157
626 -654
627 -69
628 -1842
629 -2165
630 -105
631 -135
632 -71
633 -39
634 -51
635 -70
636 -70
637 -168
638 -68
639 -71
640 -222
641 -70
642 -69
643 -69
644 -70
645 -47
646 -47
647 -47
648 -71
649 -61
650 -47
651 -179
652 -69
653 -357
654 -70
655 -467
656 -69
657 -47
658 -70
659 -70
660 -68
661 -70
662 -69
663 -70
664 -68
665 -2042
666 -39
667 -47
668 -70
669 -68
670 -70
671 -39
672 -186
673 -70
674 -61
675 -39
676 -70
677 -307
678 -70
679 -70
680 -47
681 -61
682 -39
683 -39
684 -470
685 -582
686 -70
687 -53
688 -69
689 -2157
690 -417
691 -237
692 -68
693 -76
694 -68
695 -417
696 -42
697 -563
698 -70
699 -133
700 -70
701 -68
702 -325
703 -47
704 -69
705 -1097
706 -70
707 -70
708 -70
709 -71
710 -70
711 -97
712 -71
713 -154
714 -68
715 -70
716 -57
717 -70
718 -70
719 -427
720 -47
721 -54
722 -71
723 -71
724 -54
725 -57
726 -68
727 -70
728 -67
729 -606
730 -66
731 -39
732 -70
733 -39
734 -39
735 -47
736 -71
737 -66
738 -70
739 -39
740 -70
741 -66
742 -62
743 -39
744 -71
745 -69
746 -47
747 -71
748 -65
749 -71
750 -70
751 -71
752 -69
753 -66
754 -89
755 -71
756 -71
757 -68
758 -72
759 -65
760 -363
761 -69
762 -1282
763 -70
764 -71
765 -39
766 -71
767 -70
768 -70
769 -1023
770 -49
771 -71
772 -47
773 -70
774 -69
775 -69
776 -39
777 -68
778 -92
779 -70
780 -68
781 -71
782 -70
783 -2312
784 -39
785 -47
786 -47
787 -57
788 -197
789 -39
790 -70
791 -70
792 -71
793 -70
794 -39
795 -61
796 -71
797 -70
798 -71
799 -54
800 -70
801 -51
802 -39
803 -70
804 -70
805 -70
806 -54
807 -59
808 -68
809 -70
810 -350
811 -70
812 -71
813 -70
814 -69
815 -402
816 -70
817 -70
818 -70
819 -65
820 -61
821 -39
822 -70
823 -71
824 -47
825 -69
826 -66
827 -70
828 -71
829 -39
830 -70
831 -71
832 -57
833 -66
834 -69
835 -47
836 -77
837 -59
838 -134
839 -35
840 -57
841 -54
842 -1453
843 -70
844 -70
845 -68
846 -69
847 -70
848 -71
849 -50
850 -68
851 -210
852 -47
853 -70
854 -70
855 -39
856 -68
857 -70
858 -39
859 -47
860 -150
861 -47
862 -70
863 -70
864 -70
865 -252
866 -70
867 -1682
868 -70
869 -70
870 -66
871 -327
872 -69
873 -54
874 -35
875 -682
876 -71
877 -68
878 -71
879 -54
880 -71
881 -68
882 -57
883 -47
884 -39
885 -70
886 -70
887 -71
888 -70
889 -54
890 -70
891 -70
892 -66
893 -54
894 -70
895 -47
896 -70
897 -69
898 -39
899 -70
900 -54
901 -47
902 -122
903 -47
904 -70
905 -39
906 -71
907 -130
908 -641
909 -375
910 -70
911 -70
912 -39
913 -75
914 -68
915 -69
916 -149
917 -47
918 -39
919 -39
920 -58
921 -70
922 -147
923 -522
924 -402
925 -39
926 -514
927 -58
928 -68
929 -211
930 -70
931 -71
932 -70
933 -39
934 -227
935 -70
936 -39
937 -70
938 -70
939 -57
940 -68
941 -70
942 -71
943 -189
944 -71
945 -66
946 -47
947 -66
948 -71
949 -498
950 -54
951 -47
952 -69
953 -70
954 -71
955 -627
956 -73
957 -47
958 -39
959 -71
960 -70
961 -101
962 -71
963 -57
964 -467
965 -1257
966 -47
967 -70
968 -242
969 -3657
970 -307
971 -71
972 -69
973 -70
974 -69
975 -71
976 -68
977 -39
978 -180
979 -71
980 -70
981 -58
982 -61
983 -70
984 -70
985 -70
986 -47
987 -70
988 -47
989 -69
990 -47
991 -451
992 -70
993 -70
994 -69
995 -69
996 -39
997 -70
998 -47
999 -782
