0 -73
1 -70
2 -62
3 -937
4 -591
5 -75
6 -76
7 -75
8 -742
9 -8269
10 -76
11 -74
12 -75
13 -62
14 -70
15 -62
16 -73
17 -70
18 -76
19 -76
20 -123
21 -75
22 -3682
23 -76
24 -62
25 -75
26 -1118
27 -2744
28 -75
29 -75
30 -75
31 -75
32 -73
33 -10400
34 -70
35 -62
36 -62
37 -62
38 -70
39 -76
40 -1175
41 -70
42 -294
43 -73
44 -74
45 -75
46 -43
47 -62
48 -46
49 -75
50 -76
51 -65
52 -76
53 -2755
54 -1629
55 -73
56 -77
57 -51
58 -2098
59 -6484
60 -73
61 -170
62 -5023
63 -2617
64 -76
65 -65
66 -74
67 -75
68 -74
69 -75
70 -74
71 -919
72 -74
73 -73
74 -75
75 -62
76 -73
77 -68
78 -62
79 -79
80 -62
81 -73
82 -75
83 -73
84 -47
85 -75
86 -76
87 -73
88 -74
89 -6639
90 -264
91 -4694
92 -75
93 -2234
94 -70
95 -62
96 -73
97 -3507
98 -75
99 -74
100 -401
101 -74
102 -75
103 -9034
104 -74
105 -75
106 -3291
107 -75
108 -1487
109 -2083
110 -3529
111 -74
112 -74
113 -1059
114 -42
115 -1729
116 -80
117 -2850
118 -881
119 -75
120 -74
121 -1506
122 -73
123 -62
124 -30
125 -2804
126 -74
127 -684
128 -75
129 -8841
130 -39
131 -70
132 -1112
133 -62
134 -75
135 -62
136 -38
137 -42
138 -75
139 -74
140 -466
141 -75
142 -67
143 -75
144 -62
145 -20
146 -75
147 -42
148 -1104
149 -76
150 -74
151 -76
152 -74
153 -1775
154 -66
155 -76
156 -74
157 -74
158 -70
159 -384
160 -76
161 -74
162 -329
163 -62
164 -62
165 -75
166 -74
167 -705
168 -74
169 -1232
170 -75
171 -4656
172 -3962
173 -42
174 -42
175 -495
176 -76
177 -75
178 -75
179 -1110
180 -62
181 -1700
182 -75
183 -62
184 -42
185 -3161
186 -38
187 -42
188 -74
189 -74
190 -75
191 -75
192 -74
193 -3224
194 -70
195 -76
196 -42
197 -355
198 -74
199 -76
200 -73
201 -75
202 -75
203 -4517
204 -75
205 -62
206 -70
207 -39
208 -73
209 -42
210 -74
211 -74
212 -75
213 -42
214 -51
215 -739
216 -1594
217 -51
218 -75
219 -73
220 -62
221 -76
222 -38
223 -62
224 -70
225 -76
226 -76
227 -62
228 -6811
229 -70
230 -3727
231 -97
232 -1730
233 -76
234 -62
235 -1769
236 -70
237 -74
238 -39
239 -1369
240 -75
241 -32
242 -4174
243 -26
244 -70
245 -1711
246 -46
247 -2206
248 -42
249 -75
250 -99
251 -62
252 -70
253 -4555
254 -74
255 -74
256 -62
257 -25
258 -2960
259 -62
260 -81
261 -73
262 -76
263 -62
264 -76
265 -429
266 -75
267 -4640
268 -329
269 -3660
270 -75
271 -62
272 -75
273 -4418
274 -76
275 -75
276 -76
277 -73
278 -75
279 -75
280 -73
281 -75
282 -39
283 -73
284 -75
285 -2398
286 -62
287 -75
288 -73
289 -723
290 -74
291 -62
292 -62
293 -76
294 -42
295 -1656
296 -358
297 -74
298 -75
299 -76
300 -70
301 -73
302 -73
303 -73
304 -63
305 -491
306 -1096
307 -75
308 -7448
309 -76
310 -42
311 -70
312 -779
313 -74
314 -62
315 -38
316 -51
317 -79
318 -1267
319 -75
320 -3309
321 -2719
322 -76
323 -74
324 -74
325 -47
326 -70
327 -70
328 -75
329 -1005
330 -751
331 -74
332 -76
333 -75
334 -62
335 -6845
336 -81
337 -25
338 -226
339 -3133
340 -74
341 -2469
342 -6808
343 -73
344 -75
345 -4619
346 -1261
347 -1211
348 -34
349 -254
350 -46
351 -3014
352 -42
353 -6240
354 -74
355 -62
356 -75
357 -3708
358 -75
359 -74
360 -70
361 -74
362 -76
363 -75
364 -62
365 -762
366 -39
367 -70
368 -76
369 -74
370 -75
371 -76
372 -73
373 -70
374 -74
375 -62
376 -589
377 -75
378 -73
379 -62
380 -5427
381 -75
382 -46
383 -75
384 -67
385 -75
386 -888
387 -62
388 -70
389 -4098
390 -75
391 -134
392 -75
393 -70
394 -2451
395 -7688
396 -73
397 -74
398 -679
399 -3351
400 -80
401 -2262
402 -778
403 -862
404 -62
405 -70
406 -74
407 -76
408 -2245
409 -62
410 -74
411 -70
412 -58
413 -64
414 -344
415 -1529
416 -1134
417 -54
418 -79
419 -2239
420 -1129
421 -74
422 -73
423 -5488
424 -74
425 -2774
426 -75
427 -74
428 -62
429 -75
430 -75
431 -884
432 -75
433 -46
434 -74
435 -1169
436 -70
437 -62
438 -94
439 -73
440 -1424
441 -73
442 -5821
443 -445
444 -2449
445 -76
446 -75
447 -76
448 -31
449 -80
450 -922
451 -75
452 -106
453 -1514
454 -3254
455 -75
456 -3076
457 -2121
458 -70
459 -6433
460 -80
461 -70
462 -74
463 -75
464 -74
465 -583
466 -2674
467 -1701
468 -66
469 -8686
470 -814
471 -75
472 -70
473 -1535
474 -78
475 -70
476 -1606
477 -62
478 -76
479 -62
480 -295
481 -42
482 -73
483 -70
484 -81
485 -76
486 -8654
487 -76
488 -76
489 -73
490 -75
491 -2893
492 -74
493 -75
494 -73
495 -73
496 -74
497 -277
498 -2163
499 -2554
500 -914
501 -939
502 -4813
503 -70
504 -1121
505 -42
506 -70
507 -62
508 -75
509 -4536
510 -70
511 -46
512 -42
513 -73
514 -74
515 -5768
516 -76
517 -76
518 -72
519 -74
520 -62
521 -70
522 -74
523 -7967
524 -1354
525 -384
526 -74
527 -75
528 -76
529 -131
530 -46
531 -42
532 -77
533 -69
534 -669
535 -74
536 -219
537 -62
538 -75
539 -73
540 -81
541 -4199
542 -4850
543 -19
544 -75
545 -76
546 -1214
547 -1174
548 -35
549 -62
550 -32
551 -75
552 -70
553 -1029
554 -296
555 -73
556 -63
557 -1484
558 -1410
559 -592
560 -74
561 -73
562 -1944
563 -76
564 -80
565 -81
566 -1089
567 -62
568 -62
569 -76
570 -76
571 -2696
572 -569
573 -409
574 -1786
575 -75
576 -75
577 -75
578 -74
579 -3794
580 -62
581 -74
582 -64
583 -76
584 -74
585 -75
586 -62
587 -66
588 -75
589 -76
590 -62
591 -70
592 -73
593 -1629
594 -73
595 -62
596 -2963
597 -75
598 -70
599 -62
600 -76
601 -75
602 -75
603 -461
604 -70
605 -75
606 -75
607 -1185
608 -710
609 -73
610 -70
611 -74
612 -1157
613 -834
614 -70
615 -62
616 -62
617 -76
618 -2338
619 -70
620 -760
621 -75
622 -70
623 -42
624 -74
625 -2587
626 -76
627 -70
628 -2257
629 -38
630 -314
631 -70
632 -42
633 -73
634 -42
635 -144
636 -76
637 -70
638 -29
639 -70
640 -74
641 -62
642 -219
643 -6747
644 -62
645 -7927
646 -73
647 -665
648 -99
649 -159
650 -1059
651 -2872
652 -1119
653 -479
654 -524
655 -1809
656 -76
657 -62
658 -75
659 -76
660 -74
661 -73
662 -6661
663 -344
664 -74
665 -73
666 -70
667 -74
668 -70
669 -70
670 -75
671 -70
672 -74
673 -809
674 -2650
675 -79
676 -75
677 -76
678 -70
679 -42
680 -494
681 -239
682 -74
683 -70
684 -42
685 -75
686 -1734
687 -75
688 -73
689 -3508
690 -73
691 -2559
692 -1568
693 -1942
694 -724
695 -73
696 -4449
697 -640
698 -62
699 -76
700 -75
701 -76
702 -3775
703 -35
704 -71
705 -227
706 -75
707 -75
708 -73
709 -73
710 -74
711 -31
712 -231
713 -42
714 -74
715 -2542
716 -76
717 -70
718 -70
719 -2849
720 -75
721 -75
722 -62
723 -75
724 -75
725 -75
726 -1751
727 -4884
728 -206
729 -73
730 -75
731 -382
732 -75
733 -39
734 -18
735 -75
736 -75
737 -2841
738 -3718
739 -70
740 -523
741 -536
742 -894
743 -1731
744 -3191
745 -74
746 -70
747 -62
748 -5105
749 -1486
750 -73
751 -75
752 -2967
753 -3871
754 -524
755 -73
756 -74
757 -68
758 -541
759 -73
760 -42
761 -70
762 -78
763 -75
764 -2349
765 -73
766 -74
767 -1934
768 -70
769 -76
770 -46
771 -75
772 -144
773 -75
774 -149
775 -1369
776 -75
777 -66
778 -2804
779 -76
780 -46
781 -74
782 -38
783 -979
784 -2109
785 -1807
786 -62
787 -3274
788 -57
789 -73
790 -239
791 -76
792 -73
793 -62
794 -76
795 -5225
796 -3912
797 -70
798 -29
799 -70
800 -3034
801 -75
802 -389
803 -73
804 -1186
805 -3597
806 -74
807 -39
808 -2875
809 -47
810 -3319
811 -73
812 -75
813 -70
814 -354
815 -76
816 -39
817 -1102
818 -76
819 -75
820 -62
821 -76
822 -4512
823 -75
824 -142
825 -75
826 -75
827 -73
828 -3112
829 -74
830 -80
831 -62
832 -5604
833 -601
834 -84
835 -76
836 -75
837 -74
838 -74
839 -42
840 -74
841 -46
842 -425
843 -75
844 -1654
845 -62
846 -75
847 -71
848 -81
849 -73
850 -76
851 -466
852 -2199
853 -75
854 -62
855 -75
856 -309
857 -62
858 -75
859 -1301
860 -74
861 -42
862 -66
863 -73
864 -75
865 -559
866 -525
867 -2599
868 -5594
869 -74
870 -76
871 -74
872 -2482
873 -449
874 -879
875 -75
876 -74
877 -66
878 -73
879 -75
880 -76
881 -76
882 -51
883 -75
884 -809
885 -73
886 -62
887 -75
888 -75
889 -6910
890 -9882
891 -74
892 -62
893 -73
894 -70
895 -62
896 -75
897 -1419
898 -76
899 -70
900 -75
901 -75
902 -1247
903 -75
904 -62
905 -647
906 -62
907 -62
908 -74
909 -75
910 -75
911 -47
912 -76
913 -414
914 -2229
915 -62
916 -75
917 -74
918 -70
919 -42
920 -62
921 -1793
922 -38
923 -62
924 -2746
925 -299
926 -679
927 -1343
928 -76
929 -70
930 -74
931 -835
932 -75
933 -2280
934 -73
935 -75
936 -954
937 -70
938 -42
939 -3738
940 -1739
941 -62
942 -74
943 -75
944 -2187
945 -30
946 -26
947 -1016
948 -62
949 -76
950 -73
951 -74
952 -2371
953 -1004
954 -3665
955 -75
956 -75
957 -76
958 -76
959 -919
960 -62
961 -76
962 -2566
963 -51
964 -62
965 -75
966 -46
967 -42
968 -66
969 -77
970 -6704
971 -73
972 -46
973 -70
974 -74
975 -99
976 -74
977 -75
978 -3135
979 -73
980 -62
981 -73
982 -70
983 -68
984 -70
985 -75
986 -73
987 -65
988 -62
989 -1397
990 -74
991 -25
992 -76
993 -62
994 -62
995 -73
996 -73
997 -73
998 -75
999 -70
