0 -62
1 -70
2 -70
3 -62
4 -62
5 -1978
6 -68
7 -62
8 -75
9 -292
10 -70
11 -73
12 -70
13 -71
14 -291
15 -75
16 -62
17 -842
18 -80
19 -74
20 -62
21 -70
22 -58
23 -70
24 -70
25 -75
26 -144
27 -73
28 -74
29 -153
30 -28
31 -943
32 -75
33 -74
34 -76
35 -75
36 -73
37 -429
38 -2007
39 -73
40 -75
41 -253
42 -76
43 -61
44 -70
45 -76
46 -101
47 -36
48 -1599
49 -70
50 -75
51 -4224
52 -75
53 -28
54 -75
55 -76
56 -75
57 -70
58 -75
59 -70
60 -74
61 -62
62 -52
63 -51
64 -159
65 -73
66 -68
67 -70
68 -70
69 -195
70 -62
71 -70
72 -70
73 -265
74 -2584
75 -70
76 -75
77 -3058
78 -543
79 -76
80 -55
81 -636
82 -115
83 -76
84 -71
85 -70
86 -349
87 -67
88 -75
89 -73
90 -73
91 -70
92 -76
93 -75
94 -76
95 -2186
96 -70
97 -75
98 -75
99 -74
100 -70
101 -76
102 -1728
103 -70
104 -76
105 -75
106 -76
107 -76
108 -70
109 -104
110 -58
111 -70
112 -74
113 -70
114 -62
115 -790
116 -53
117 -74
118 -75
119 -296
120 -70
121 -76
122 -74
123 -76
124 -75
125 -75
126 -428
127 -73
128 -76
129 -142
130 -53
131 -58
132 -142
133 -62
134 -70
135 -358
136 -62
137 -62
138 -75
139 -75
140 -70
141 -75
142 -67
143 -85
144 -2669
145 -72
146 -259
147 -75
148 -343
149 -73
150 -70
151 -62
152 -73
153 -53
154 -75
155 -75
156 -48
157 -267
158 -75
159 -73
160 -73
161 -404
162 -139
163 -62
164 -70
165 -275
166 -73
167 -75
168 -1256
169 -74
170 -221
171 -58
172 -55
173 -74
174 -76
175 -70
176 -648
177 -76
178 -173
179 -74
180 -3632
181 -70
182 -62
183 -1880
184 -73
185 -74
186 -1557
187 -70
188 -74
189 -763
190 -75
191 -198
192 -76
193 -75
194 -62
195 -70
196 -75
197 -73
198 -173
199 -75
200 -72
201 -824
202 -58
203 -53
204 -62
205 -644
206 -75
207 -76
208 -1516
209 -75
210 -70
211 -3321
212 -70
213 -74
214 -75
215 -67
216 -62
217 -73
218 -62
219 -70
220 -58
221 -3193
222 -70
223 -5723
224 -76
225 -74
226 -73
227 -62
228 -68
229 -78
230 -76
231 -62
232 -76
233 -154
234 -75
235 -91
236 -70
237 -70
238 -73
239 -62
240 -1176
241 -62
242 -74
243 -73
244 -73
245 -62
246 -68
247 -70
248 -2492
249 -220
250 -73
251 -75
252 -74
253 -76
254 -3302
255 -4308
256 -53
257 -218
258 -58
259 -76
260 -75
261 -70
262 -76
263 -433
264 -70
265 -75
266 -70
267 -76
268 -73
269 -490
270 -75
271 -3981
272 -251
273 -62
274 -74
275 -73
276 -74
277 -73
278 -76
279 -62
280 -53
281 -58
282 -73
283 -68
284 -68
285 -70
286 -68
287 -75
288 -68
289 -68
290 -176
291 -76
292 -74
293 -388
294 -75
295 -74
296 -76
297 -73
298 -74
299 -58
300 -68
301 -74
302 -73
303 -235
304 -75
305 -75
306 -77
307 -70
308 -70
309 -70
310 -75
311 -62
312 -2191
313 -76
314 -73
315 -73
316 -74
317 -70
318 -73
319 -58
320 -93
321 -76
322 -204
323 -62
324 -62
325 -70
326 -68
327 -75
328 -86
329 -76
330 -267
331 -74
332 -73
333 -75
334 -70
335 -85
336 -68
337 -70
338 -111
339 -75
340 -75
341 -73
342 -641
343 -86
344 -977
345 -75
346 -86
347 -106
348 -881
349 -74
350 -53
351 -75
352 -74
353 -73
354 -483
355 -75
356 -70
357 -75
358 -74
359 -63
360 -62
361 -67
362 -792
363 -206
364 -70
365 -73
366 -68
367 -74
368 -2285
369 -63
370 -68
371 -53
372 -62
373 -221
374 -74
375 -70
376 -74
377 -70
378 -62
379 -62
380 -165
381 -435
382 -70
383 -75
384 -70
385 -70
386 -70
387 -70
388 -73
389 -74
390 -70
391 -75
392 -75
393 -74
394 -70
395 -74
396 -70
397 -70
398 -62
399 -75
400 -73
401 -1809
402 -75
403 -73
404 -74
405 -58
406 -76
407 -70
408 -70
409 -287
410 -76
411 -62
412 -69
413 -75
414 -62
415 -80
416 -62
417 -75
418 -537
419 -649
420 -70
421 -62
422 -74
423 -91
424 -73
425 -369
426 -61
427 -89
428 -75
429 -62
430 -68
431 -62
432 -80
433 -53
434 -70
435 -73
436 -73
437 -89
438 -73
439 -68
440 -455
441 -70
442 -74
443 -70
444 -78
445 -68
446 -95
447 -28
448 -76
449 -123
450 -66
451 -70
452 -73
453 -58
454 -198
455 -58
456 -74
457 -4676
458 -76
459 -74
460 -28
461 -74
462 -711
463 -68
464 -59
465 -74
466 -70
467 -77
468 -75
469 -74
470 -74
471 -70
472 -74
473 -74
474 -62
475 -74
476 -79
477 -28
478 -76
479 -1292
480 -435
481 -76
482 -70
483 -76
484 -53
485 -76
486 -74
487 -62
488 -54
489 -74
490 -73
491 -74
492 -81
493 -75
494 -3870
495 -70
496 -315
497 -74
498 -74
499 -1046
500 -74
501 -70
502 -75
503 -62
504 -75
505 -574
506 -70
507 -75
508 -68
509 -178
510 -70
511 -62
512 -62
513 -53
514 -62
515 -107
516 -73
517 -73
518 -73
519 -74
520 -73
521 -62
522 -296
523 -768
524 -76
525 -70
526 -49
527 -76
528 -125
529 -70
530 -70
531 -76
532 -76
533 -81
534 -150
535 -58
536 -2512
537 -62
538 -75
539 -67
540 -73
541 -74
542 -75
543 -75
544 -75
545 -70
546 -73
547 -28
548 -247
549 -70
550 -75
551 -58
552 -62
553 -73
554 -75
555 -70
556 -58
557 -74
558 -62
559 -74
560 -76
561 -74
562 -1742
563 -62
564 -617
565 -54
566 -2146
567 -70
568 -28
569 -70
570 -80
571 -70
572 -76
573 -62
574 -70
575 -7025
576 -75
577 -75
578 -58
579 -58
580 -75
581 -60
582 -74
583 -73
584 -70
585 -48
586 -28
587 -232
588 -73
589 -73
590 -76
591 -76
592 -70
593 -28
594 -74
595 -74
596 -28
597 -70
598 -62
599 -63
600 -70
601 -75
602 -2383
603 -62
604 -208
605 -93
606 -105
607 -75
608 -76
609 -76
610 -74
611 -73
612 -62
613 -70
614 -228
615 -80
616 -36
617 -62
618 -70
619 -71
620 -76
621 -4684
622 -199
623 -74
624 -204
625 -75
626 -62
627 -75
628 -70
629 -5139
630 -126
631 -75
632 -76
633 -70
634 -75
635 -70
636 -75
637 -70
638 -75
639 -70
640 -70
641 -633
642 -62
643 -2096
644 -75
645 -75
646 -71
647 -62
648 -68
649 -75
650 -610
651 -76
652 -75
653 -70
654 -75
655 -32
656 -4818
657 -73
658 -73
659 -74
660 -75
661 -70
662 -70
663 -183
664 -53
665 -77
666 -165
667 -75
668 -74
669 -58
670 -6167
671 -432
672 -75
673 -75
674 -1522
675 -70
676 -75
677 -76
678 -70
679 -48
680 -75
681 -70
682 -67
683 -70
684 -70
685 -53
686 -71
687 -81
688 -73
689 -70
690 -74
691 -7735
692 -81
693 -74
694 -75
695 -58
696 -75
697 -70
698 -68
699 -62
700 -75
701 -75
702 -75
703 -62
704 -607
705 -74
706 -74
707 -75
708 -3062
709 -28
710 -2917
711 -70
712 -62
713 -75
714 -74
715 -861
716 -70
717 -75
718 -2213
719 -9418
720 -75
721 -75
722 -75
723 -74
724 -78
725 -75
726 -117
727 -76
728 -308
729 -62
730 -76
731 -75
732 -75
733 -75
734 -76
735 -70
736 -75
737 -70
738 -73
739 -75
740 -62
741 -62
742 -73
743 -70
744 -70
745 -289
746 -75
747 -70
748 -73
749 -70
750 -73
751 -36
752 -75
753 -80
754 -53
755 -76
756 -74
757 -75
758 -76
759 -70
760 -74
761 -74
762 -62
763 -70
764 -70
765 -70
766 -76
767 -112
768 -70
769 -75
770 -74
771 -70
772 -144
773 -75
774 -76
775 -1748
776 -70
777 -1058
778 -175
779 -70
780 -70
781 -70
782 -76
783 -76
784 -75
785 -70
786 -81
787 -74
788 -63
789 -76
790 -63
791 -28
792 -2240
793 -62
794 -62
795 -75
796 -62
797 -70
798 -74
799 -75
800 -138
801 -58
802 -70
803 -62
804 -5014
805 -70
806 -70
807 -70
808 -75
809 -74
810 -77
811 -70
812 -74
813 -58
814 -70
815 -211
816 -76
817 -70
818 -103
819 -1439
820 -62
821 -73
822 -74
823 -62
824 -76
825 -245
826 -74
827 -70
828 -74
829 -74
830 -75
831 -471
832 -235
833 -70
834 -74
835 -70
836 -76
837 -120
838 -371
839 -75
840 -70
841 -66
842 -216
843 -347
844 -74
845 -76
846 -74
847 -62
848 -3662
849 -80
850 -62
851 -70
852 -73
853 -58
854 -73
855 -317
856 -76
857 -75
858 -57
859 -68
860 -73
861 -53
862 -5510
863 -62
864 -75
865 -70
866 -48
867 -76
868 -73
869 -75
870 -75
871 -70
872 -929
873 -70
874 -58
875 -75
876 -74
877 -74
878 -75
879 -68
880 -75
881 -75
882 -74
883 -340
884 -75
885 -74
886 -74
887 -73
888 -74
889 -70
890 -73
891 -75
892 -76
893 -2719
894 -81
895 -76
896 -68
897 -62
898 -320
899 -68
900 -62
901 -70
902 -53
903 -70
904 -73
905 -75
906 -68
907 -75
908 -794
909 -70
910 -55
911 -62
912 -28
913 -73
914 -75
915 -1410
916 -70
917 -74
918 -2664
919 -73
920 -88
921 -127
922 -75
923 -74
924 -50
925 -62
926 -70
927 -70
928 -62
929 -73
930 -75
931 -96
932 -62
933 -75
934 -62
935 -68
936 -709
937 -73
938 -75
939 -76
940 -28
941 -75
942 -73
943 -75
944 -70
945 -66
946 -104
947 -75
948 -5746
949 -76
950 -535
951 -76
952 -224
953 -62
954 -70
955 -62
956 -97
957 -70
958 -74
959 -73
960 -75
961 -75
962 -75
963 -73
964 -62
965 -70
966 -68
967 -4916
968 -71
969 -75
970 -142
971 -70
972 -62
973 -70
974 -75
975 -707
976 -74
977 -58
978 -75
979 -70
980 -76
981 -58
982 -73
983 -74
984 -76
985 -70
986 -73
987 -1195
988 -180
989 -71
990 -73
991 -73
992 -84
993 -70
994 -48
995 -71
996 -70
997 -70
998 -70
999 -75
