0 -53
1 -65
2 -201
3 -66
4 -64
5 -64
6 -610
7 -51
8 -65
9 -40
10 -65
11 -51
12 -65
13 -64
14 -58
15 -51
16 -65
17 -2391
18 -65
19 -55
20 -51
21 -65
22 -63
23 -65
24 -65
25 -59
26 -63
27 -65
28 -65
29 -65
30 -65
31 -59
32 -1242
33 -63
34 -51
35 -3935
36 -33
37 -64
38 -63
39 -63
40 -65
41 -51
42 -67
43 -63
44 -83
45 -2633
46 -44
47 -64
48 -65
49 -59
50 -1663
51 -58
52 -53
53 -59
54 -51
55 -65
56 -74
57 -59
58 -1247
59 -63
60 -40
61 -51
62 -65
63 -65
64 -59
65 -51
66 -211
67 -70
68 -63
69 -2576
70 -46
71 -51
72 -59
73 -59
74 -59
75 -65
76 -65
77 -48
78 -63
79 -65
80 -59
81 -25
82 -64
83 -58
84 -50
85 -51
86 -65
87 -470
88 -63
89 -65
90 -64
91 -187
92 -66
93 -3810
94 -65
95 -50
96 -3023
97 -43
98 -64
99 -67
100 -63
101 -50
102 -64
103 -65
104 -31
105 -63
106 -113
107 -57
108 -64
109 -426
110 -3297
111 -63
112 -63
113 -59
114 -51
115 -64
116 -59
117 -59
118 -63
119 -209
120 -1652
121 -474
122 -53
123 -76
124 -59
125 -65
126 -51
127 -2710
128 -63
129 -51
130 -63
131 -63
132 -65
133 -53
134 -64
135 -63
136 -65
137 -59
138 -155
139 -65
140 -63
141 -69
142 -2580
143 -64
144 -355
145 -63
146 -59
147 -82
148 -65
149 -128
150 -53
151 -64
152 -64
153 -64
154 -43
155 -65
156 -51
157 -65
158 -64
159 -49
160 -65
161 -51
162 -63
163 -64
164 -53
165 -65
166 -72
167 -60
168 -59
169 -51
170 -43
171 -53
172 -41
173 -71
174 -53
175 -65
176 -65
177 -59
178 -2915
179 -62
180 -250
181 -59
182 -3739
183 -51
184 -73
185 -496
186 -59
187 -3331
188 -65
189 -64
190 -51
191 -65
192 -53
193 -59
194 -65
195 -65
196 -63
197 -63
198 -59
199 -31
200 -63
201 -65
202 -4595
203 -34
204 -65
205 -59
206 -53
207 -207
208 -60
209 -65
210 -64
211 -65
212 -50
213 -64
214 -59
215 -63
216 -56
217 -540
218 -53
219 -520
220 -64
221 -51
222 -65
223 -3856
224 -65
225 -65
226 -78
227 -63
228 -59
229 -65
230 -65
231 -59
232 -446
233 -44
234 -278
235 -53
236 -51
237 -6618
238 -1263
239 -53
240 -46
241 -362
242 -45
243 -65
244 -65
245 -64
246 -54
247 -51
248 -65
249 -59
250 -53
251 -10695
252 -381
253 -6136
254 -51
255 -64
256 -438
257 -59
258 -64
259 -65
260 -51
261 -63
262 -59
263 -64
264 -59
265 -1410
266 -53
267 -64
268 -65
269 -53
270 -53
271 -53
272 -63
273 -65
274 -59
275 -1360
276 -63
277 -53
278 -53
279 -53
280 -49
281 -15477
282 -65
283 -63
284 -65
285 -51
286 -65
287 -53
288 -63
289 -53
290 -59
291 -64
292 -65
293 -5334
294 -63
295 -59
296 -51
297 -64
298 -59
299 -65
300 -59
301 -51
302 -64
303 -65
304 -59
305 -64
306 -932
307 -65
308 -42
309 -53
310 -157
311 -136
312 -59
313 -59
314 -2158
315 -51
316 -59
317 -1782
318 -51
319 -51
320 -49
321 -31
322 -63
323 -4553
324 -2427
325 -59
326 -63
327 -182
328 -65
329 -64
330 -53
331 -722
332 -63
333 -64
334 -51
335 -65
336 -5681
337 -80
338 -51
339 -65
340 -3798
341 -168
342 -809
343 -65
344 -53
345 -65
346 -63
347 -59
348 -64
349 -51
350 -65
351 -49
352 -378
353 -8939
354 -59
355 -53
356 -53
357 -814
358 -49
359 -609
360 -6971
361 -65
362 -1358
363 -59
364 -2838
365 -51
366 -43
367 -55
368 -109
369 -48
370 -63
371 -82
372 -108
373 -73
374 -51
375 -2066
376 -51
377 -51
378 -2355
379 -104
380 -53
381 -88
382 -53
383 -64
384 -64
385 -75
386 -59
387 -3769
388 -51
389 -65
390 -63
391 -59
392 -65
393 -358
394 -65
395 -42
396 -64
397 -9539
398 -59
399 -51
400 -3414
401 -8066
402 -64
403 -59
404 -54
405 -59
406 -59
407 -63
408 -65
409 -59
410 -69
411 -87
412 -1674
413 -65
414 -63
415 -65
416 -51
417 -64
418 -64
419 -63
420 -59
421 -59
422 -65
423 -59
424 -1421
425 -139
426 -59
427 -425
428 -399
429 -107
430 -59
431 -49
432 -63
433 -64
434 -53
435 -46
436 -59
437 -3240
438 -70
439 -3688
440 -44
441 -53
442 -51
443 -65
444 -65
445 -1382
446 -65
447 -59
448 -53
449 -64
450 -63
451 -1274
452 -169
453 -62
454 -59
455 -283
456 -30
457 -7904
458 -668
459 -63
460 -49
461 -65
462 -63
463 -698
464 -65
465 -635
466 -53
467 -63
468 -65
469 -1364
470 -64
471 -51
472 -59
473 -1083
474 -59
475 -65
476 -54
477 -59
478 -53
479 -53
480 -314
481 -64
482 -30
483 -51
484 -64
485 -53
486 -65
487 -59
488 -214
489 -538
490 -51
491 -60
492 -51
493 -78
494 -59
495 -65
496 -9381
497 -65
498 -65
499 -570
500 -634
501 -65
502 -51
503 -58
504 -65
505 -65
506 -383
507 -41
508 -65
509 -63
510 -53
511 -47
512 -54
513 -76
514 -32
515 -59
516 -51
517 -59
518 -53
519 -53
520 -54
521 -63
522 -64
523 -51
524 -64
525 -64
526 -383
527 -53
528 -2630
529 -333
530 -50
531 -65
532 -53
533 -65
534 -50
535 -65
536 -289
537 -70
538 -65
539 -53
540 -67
541 -647
542 -63
543 -50
544 -2918
545 -54
546 -1515
547 -53
548 -94
549 -59
550 -64
551 -2978
552 -66
553 -64
554 -902
555 -51
556 -59
557 -111
558 -65
559 -64
560 -59
561 -64
562 -26
563 -51
564 -364
565 -59
566 -1326
567 -668
568 -51
569 -63
570 -5172
571 -63
572 -65
573 -64
574 -53
575 -49
576 -65
577 -241
578 -39
579 -51
580 -61
581 -60
582 -59
583 -49
584 -65
585 -53
586 -64
587 -66
588 -87
589 -64
590 -226
591 -64
592 -3560
593 -110
594 -71
595 -55
596 -63
597 -51
598 -1058
599 -51
600 -260
601 -96
602 -651
603 -65
604 -53
605 -4802
606 -43
607 -65
608 -51
609 -65
610 -36
611 -585
612 -3971
613 -65
614 -64
615 -2340
616 -63
617 -64
618 -63
619 -64
620 -59
621 -64
622 -44
623 -46
624 -43
625 -64
626 -1299
627 -51
628 -1452
629 -65
630 -522
631 -59
632 -393
633 -65
634 -465
635 -59
636 -53
637 -49
638 -490
639 -63
640 -3627
641 -58
642 -65
643 -64
644 -64
645 -48
646 -48
647 -68
648 -64
649 -53
650 -63
651 -53
652 -59
653 -63
654 -59
655 -59
656 -65
657 -49
658 -63
659 -65
660 -504
661 -521
662 -65
663 -59
664 -45
665 -2853
666 -73
667 -51
668 -51
669 -65
670 -59
671 -268
672 -53
673 -65
674 -779
675 -65
676 -63
677 -56
678 -64
679 -65
680 -59
681 -68
682 -65
683 -65
684 -1567
685 -44
686 -65
687 -65
688 -59
689 -59
690 -51
691 -99
692 -64
693 -67
694 -12724
695 -118
696 -214
697 -1238
698 -63
699 -65
700 -2532
701 -2034
702 -63
703 -65
704 -53
705 -2534
706 -262
707 -63
708 -65
709 -65
710 -1669
711 -276
712 -59
713 -59
714 -1250
715 -58
716 -63
717 -64
718 -4708
719 -64
720 -51
721 -65
722 -1562
723 -51
724 -115
725 -1591
726 -236
727 -1915
728 -65
729 -34
730 -63
731 -12210
732 -10311
733 -65
734 -59
735 -51
736 -149
737 -58
738 -53
739 -59
740 -18638
741 -51
742 -65
743 -6590
744 -53
745 -65
746 -43
747 -45
748 -125
749 -65
750 -64
751 -337
752 -69
753 -65
754 -65
755 -51
756 -3366
757 -64
758 -9960
759 -45
760 -65
761 -63
762 -51
763 -65
764 -63
765 -3284
766 -65
767 -229
768 -59
769 -65
770 -59
771 -510
772 -59
773 -65
774 -68
775 -64
776 -65
777 -59
778 -53
779 -58
780 -63
781 -64
782 -27
783 -444
784 -51
785 -3444
786 -63
787 -53
788 -63
789 -83
790 -51
791 -53
792 -43
793 -81
794 -47
795 -63
796 -4185
797 -2919
798 -53
799 -63
800 -63
801 -127
802 -51
803 -59
804 -64
805 -38
806 -59
807 -59
808 -67
809 -51
810 -64
811 -60
812 -2922
813 -118
814 -4523
815 -59
816 -20
817 -65
818 -64
819 -301
820 -2338
821 -63
822 -44
823 -64
824 -63
825 -6270
826 -63
827 -63
828 -293
829 -4398
830 -449
831 -53
832 -51
833 -1118
834 -64
835 -65
836 -55
837 -53
838 -45
839 -8538
840 -264
841 -53
842 -65
843 -64
844 -53
845 -64
846 -65
847 -65
848 -65
849 -59
850 -46
851 -3379
852 -53
853 -59
854 -5688
855 -51
856 -81
857 -63
858 -51
859 -63
860 -63
861 -80
862 -34
863 -63
864 -48
865 -65
866 -34
867 -64
868 -63
869 -1546
870 -421
871 -63
872 -45
873 -1250
874 -65
875 -63
876 -63
877 -65
878 -1335
879 -69
880 -51
881 -58
882 -59
883 -64
884 -65
885 -64
886 -64
887 -64
888 -59
889 -64
890 -29
891 -51
892 -53
893 -30
894 -53
895 -59
896 -65
897 -674
898 -287
899 -227
900 -65
901 -1175
902 -53
903 -1746
904 -64
905 -63
906 -1423
907 -63
908 -73
909 -4804
910 -51
911 -64
912 -65
913 -43
914 -65
915 -65
916 -65
917 -65
918 -63
919 -475
920 -40
921 -200
922 -231
923 -9628
924 -59
925 -65
926 -53
927 -63
928 -168
929 -1038
930 -2193
931 -40
932 -65
933 -59
934 -64
935 -64
936 -59
937 -40
938 -161
939 -65
940 -51
941 -53
942 -59
943 -59
944 -65
945 -3654
946 -59
947 -86
948 -65
949 -51
950 -65
951 -172
952 -145
953 -279
954 -1053
955 -518
956 -51
957 -64
958 -65
959 -65
960 -65
961 -64
962 -59
963 -45
964 -64
965 -59
966 -53
967 -65
968 -5387
969 -64
970 -52
971 -53
972 -53
973 -65
974 -65
975 -44
976 -309
977 -59
978 -64
979 -58
980 -128
981 -59
982 -64
983 -93
984 -2188
985 -65
986 -26
987 -3099
988 -65
989 -45
990 -53
991 -30
992 -2680
993 -53
994 -4264
995 -40
996 -65
997 -63
998 -164
999 -63
