0 -78
1 -78
2 -2386
3 -80
4 -80
5 -79
6 -2133
7 -80
8 -2295
9 -398
10 -80
11 -472
12 -2076
13 -50
14 -3487
15 -1451
16 -78
17 -80
18 -572
19 -79
20 -4603
21 -2965
22 -45
23 -723
24 -78
25 -1657
26 -80
27 -3687
28 -1791
29 -79
30 -1891
31 -1103
32 -70
33 -45
34 -80
35 -80
36 -616
37 -79
38 -1187
39 -1488
40 -79
41 -45
42 -1889
43 -79
44 -3092
45 -1642
46 -63
47 -1572
48 -80
49 -1537
50 -80
51 -45
52 -852
53 -45
54 -80
55 -78
56 -45
57 -80
58 -873
59 -79
60 -1716
61 -80
62 -1301
63 -874
64 -45
65 -76
66 -1197
67 -78
68 -68
69 -45
70 -80
71 -78
72 -80
73 -1498
74 -1682
75 -5173
76 -80
77 -80
78 -762
79 -47
80 -80
81 -80
82 -117
83 -1238
84 -1622
85 -78
86 -3302
87 -80
88 -807
89 -768
90 -6132
91 -8719
92 -190
93 -45
94 -3178
95 -737
96 -79
97 -207
98 -80
99 -2236
100 -63
101 -45
102 -1178
103 -197
104 -119
105 -80
106 -78
107 -2063
108 -1288
109 -1855
110 -3135
111 -80
112 -80
113 -377
114 -986
115 -80
116 -585
117 -1101
118 -1316
119 -80
120 -58
121 -3284
122 -45
123 -1457
124 -80
125 -667
126 -45
127 -78
128 -842
129 -45
130 -79
131 -80
132 -80
133 -80
134 -2161
135 -1108
136 -78
137 -79
138 -78
139 -4616
140 -7092
141 -80
142 -78
143 -1882
144 -10181
145 -785
146 -80
147 -994
148 -80
149 -1660
150 -79
151 -1589
152 -80
153 -3578
154 -85
155 -80
156 -80
157 -1570
158 -979
159 -6297
160 -79
161 -80
162 -78
163 -80
164 -5308
165 -79
166 -80
167 -80
168 -45
169 -5740
170 -62
171 -79
172 -2628
173 -2582
174 -45
175 -79
176 -5628
177 -78
178 -886
179 -80
180 -78
181 -80
182 -1218
183 -59
184 -1297
185 -79
186 -78
187 -80
188 -2786
189 -78
190 -45
191 -1170
192 -78
193 -5031
194 -49
195 -2792
196 -78
197 -566
198 -78
199 -1288
200 -377
201 -80
202 -2086
203 -78
204 -79
205 -2258
206 -940
207 -3194
208 -1675
209 -832
210 -82
211 -78
212 -80
213 -79
214 -45
215 -80
216 -78
217 -79
218 -1800
219 -45
220 -80
221 -80
222 -78
223 -45
224 -831
225 -80
226 -1413
227 -80
228 -78
229 -2546
230 -45
231 -80
232 -80
233 -1363
234 -2169
235 -2890
236 -12166
237 -45
238 -80
239 -80
240 -78
241 -706
242 -80
243 -80
244 -909
245 -45
246 -80
247 -45
248 -80
249 -80
250 -784
251 -80
252 -79
253 -469
254 -80
255 -845
256 -65
257 -80
258 -80
259 -2267
260 -722
261 -626
262 -942
263 -80
264 -79
265 -80
266 -4735
267 -80
268 -78
269 -79
270 -2693
271 -876
272 -202
273 -45
274 -2992
275 -80
276 -58
277 -80
278 -128
279 -80
280 -80
281 -80
282 -5245
283 -1036
284 -64
285 -80
286 -556
287 -142
288 -80
289 -238
290 -78
291 -77
292 -80
293 -69
294 -79
295 -842
296 -2136
297 -81
298 -80
299 -80
300 -102
301 -869
302 -78
303 -45
304 -7168
305 -6597
306 -79
307 -1139
308 -1026
309 -68
310 -6507
311 -382
312 -549
313 -79
314 -382
315 -45
316 -80
317 -72
318 -80
319 -78
320 -45
321 -78
322 -2339
323 -3301
324 -80
325 -393
326 -2886
327 -3659
328 -80
329 -1248
330 -80
331 -407
332 -497
333 -1899
334 -2211
335 -1444
336 -1652
337 -1581
338 -45
339 -327
340 -78
341 -45
342 -80
343 -80
344 -1332
345 -79
346 -45
347 -78
348 -78
349 -1272
350 -80
351 -78
352 -68
353 -78
354 -1553
355 -80
356 -499
357 -77
358 -79
359 -79
360 -4513
361 -45
362 -58
363 -6232
364 -80
365 -80
366 -80
367 -63
368 -751
369 -80
370 -1172
371 -79
372 -1062
373 -4331
374 -80
375 -1536
376 -58
377 -80
378 -7429
379 -3479
380 -45
381 -625
382 -58
383 -2517
384 -58
385 -995
386 -172
387 -78
388 -5021
389 -1394
390 -1107
391 -80
392 -578
393 -2579
394 -80
395 -47
396 -2237
397 -78
398 -80
399 -152
400 -78
401 -3268
402 -80
403 -333
404 -1792
405 -79
406 -80
407 -1423
408 -2642
409 -79
410 -2341
411 -78
412 -58
413 -80
414 -79
415 -78
416 -80
417 -80
418 -79
419 -78
420 -45
421 -918
422 -62
423 -6498
424 -80
425 -63
426 -80
427 -501
428 -83
429 -45
430 -78
431 -80
432 -487
433 -45
434 -232
435 -45
436 -80
437 -80
438 -80
439 -2184
440 -4954
441 -78
442 -1246
443 -3676
444 -6052
445 -45
446 -45
447 -80
448 -65
449 -80
450 -3404
451 -80
452 -54
453 -1619
454 -45
455 -4241
456 -43
457 -5812
458 -80
459 -395
460 -78
461 -172
462 -78
463 -78
464 -80
465 -80
466 -80
467 -74
468 -45
469 -3515
470 -78
471 -45
472 -3935
473 -39
474 -813
475 -3208
476 -80
477 -78
478 -4379
479 -2242
480 -1701
481 -79
482 -52
483 -80
484 -80
485 -80
486 -67
487 -2493
488 -2341
489 -68
490 -78
491 -80
492 -78
493 -1604
494 -78
495 -80
496 -80
497 -45
498 -62
499 -45
500 -80
501 -1690
502 -732
503 -75
504 -45
505 -80
506 -80
507 -1002
508 -1017
509 -85
510 -41
511 -7586
512 -45
513 -78
514 -1526
515 -80
516 -67
517 -4650
518 -5100
519 -273
520 -80
521 -45
522 -2197
523 -78
524 -79
525 -80
526 -58
527 -45
528 -253
529 -2110
530 -80
531 -80
532 -80
533 -66
534 -2307
535 -1417
536 -88
537 -80
538 -2281
539 -43
540 -80
541 -80
542 -45
543 -271
544 -44
545 -2575
546 -80
547 -2072
548 -4542
549 -416
550 -587
551 -3390
552 -80
553 -3098
554 -1283
555 -509
556 -78
557 -80
558 -79
559 -80
560 -465
561 -80
562 -912
563 -80
564 -84
565 -78
566 -47
567 -45
568 -78
569 -79
570 -79
571 -1809
572 -79
573 -80
574 -79
575 -78
576 -80
577 -58
578 -1501
579 -80
580 -324
581 -80
582 -45
583 -80
584 -2224
585 -1250
586 -208
587 -58
588 -45
589 -79
590 -80
591 -79
592 -276
593 -710
594 -59
595 -1456
596 -45
597 -80
598 -1125
599 -45
600 -2039
601 -2709
602 -45
603 -80
604 -80
605 -45
606 -2238
607 -568
608 -80
609 -78
610 -711
611 -3005
612 -5016
613 -725
614 -668
615 -251
616 -78
617 -2457
618 -80
619 -78
620 -78
621 -1713
622 -80
623 -79
624 -79
625 -3032
626 -80
627 -79
628 -992
629 -45
630 -45
631 -286
632 -80
633 -674
634 -78
635 -45
636 -79
637 -45
638 -58
639 -80
640 -80
641 -80
642 -587
643 -45
644 -1002
645 -80
646 -1336
647 -387
648 -45
649 -45
650 -247
651 -80
652 -1297
653 -1878
654 -57
655 -59
656 -967
657 -45
658 -7032
659 -4245
660 -1012
661 -1743
662 -64
663 -80
664 -424
665 -80
666 -80
667 -67
668 -1822
669 -259
670 -1084
671 -3230
672 -83
673 -57
674 -80
675 -58
676 -1831
677 -78
678 -78
679 -2697
680 -81
681 -826
682 -686
683 -118
684 -78
685 -80
686 -595
687 -80
688 -80
689 -5989
690 -668
691 -1822
692 -54
693 -722
694 -4709
695 -2417
696 -4084
697 -80
698 -80
699 -54
700 -80
701 -1609
702 -79
703 -442
704 -80
705 -933
706 -6152
707 -132
708 -78
709 -1382
710 -287
711 -663
712 -79
713 -2708
714 -78
715 -71
716 -1379
717 -44
718 -74
719 -1392
720 -80
721 -1138
722 -58
723 -80
724 -78
725 -181
726 -80
727 -3650
728 -45
729 -45
730 -80
731 -80
732 -79
733 -1569
734 -80
735 -926
736 -1601
737 -67
738 -89
739 -85
740 -78
741 -891
742 -45
743 -80
744 -80
745 -51
746 -5298
747 -45
748 -78
749 -446
750 -2248
751 -1197
752 -79
753 -80
754 -79
755 -80
756 -89
757 -63
758 -452
759 -759
760 -864
761 -80
762 -224
763 -1232
764 -80
765 -80
766 -360
767 -889
768 -1197
769 -45
770 -79
771 -46
772 -78
773 -2245
774 -79
775 -78
776 -80
777 -45
778 -1223
779 -262
780 -80
781 -78
782 -905
783 -79
784 -865
785 -78
786 -80
787 -1853
788 -707
789 -2710
790 -82
791 -45
792 -80
793 -168
794 -45
795 -6137
796 -4148
797 -45
798 -49
799 -2932
800 -57
801 -1382
802 -79
803 -80
804 -9290
805 -78
806 -3735
807 -6221
808 -365
809 -57
810 -80
811 -1385
812 -4096
813 -3585
814 -467
815 -317
816 -45
817 -5654
818 -80
819 -79
820 -57
821 -1211
822 -52
823 -865
824 -1338
825 -46
826 -3354
827 -2895
828 -4958
829 -57
830 -7611
831 -2274
832 -1158
833 -69
834 -3533
835 -63
836 -10659
837 -45
838 -643
839 -79
840 -1825
841 -1682
842 -5439
843 -4107
844 -45
845 -80
846 -80
847 -2005
848 -80
849 -10938
850 -58
851 -78
852 -45
853 -78
854 -79
855 -46
856 -80
857 -45
858 -78
859 -2366
860 -45
861 -80
862 -80
863 -801
864 -222
865 -1256
866 -80
867 -80
868 -4336
869 -79
870 -80
871 -80
872 -80
873 -68
874 -68
875 -80
876 -79
877 -80
878 -45
879 -998
880 -1601
881 -6108
882 -2565
883 -80
884 -67
885 -80
886 -656
887 -80
888 -1050
889 -790
890 -80
891 -80
892 -45
893 -42
894 -383
895 -45
896 -2131
897 -79
898 -1282
899 -64
900 -162
901 -1176
902 -5120
903 -1483
904 -80
905 -80
906 -79
907 -80
908 -485
909 -79
910 -3160
911 -47
912 -644
913 -3763
914 -78
915 -73
916 -45
917 -64
918 -80
919 -3053
920 -5416
921 -3672
922 -80
923 -80
924 -79
925 -6790
926 -1297
927 -222
928 -3776
929 -78
930 -45
931 -1032
932 -56
933 -80
934 -843
935 -79
936 -80
937 -45
938 -1762
939 -80
940 -79
941 -78
942 -12795
943 -80
944 -558
945 -7670
946 -786
947 -80
948 -79
949 -80
950 -8765
951 -80
952 -79
953 -70
954 -2237
955 -45
956 -45
957 -1360
958 -873
959 -80
960 -68
961 -80
962 -74
963 -80
964 -58
965 -49
966 -45
967 -45
968 -80
969 -80
970 -4560
971 -81
972 -80
973 -60
974 -153
975 -257
976 -45
977 -79
978 -960
979 -188
980 -45
981 -78
982 -545
983 -4126
984 -80
985 -80
986 -80
987 -78
988 -3403
989 -80
990 -302
991 -80
992 -79
993 -1147
994 -52
995 -127
996 -57
997 -3362
998 -1435
999 -80
