0 -75
1 -60
2 -901
3 -62
4 -73
5 -74
6 -60
7 -39
8 -257
9 -62
10 -78
11 -76
12 -70
13 -70
14 -49
15 -74
16 -76
17 -73
18 -29
19 -73
20 -210
21 -60
22 -60
23 -60
24 -76
25 -277
26 -1375
27 -61
28 -75
29 -62
30 -76
31 -127
32 -75
33 -75
34 -63
35 -76
36 -75
37 -76
38 -74
39 -62
40 -73
41 -70
42 -76
43 -74
44 -2768
45 -39
46 -77
47 -70
48 -107
49 -60
50 -38
51 -53
52 -74
53 -74
54 -75
55 -74
56 -6141
57 -74
58 -407
59 -306
60 -60
61 -2244
62 -75
63 -49
64 -75
65 -76
66 -75
67 -62
68 -53
69 -74
70 -298
71 -73
72 -73
73 -74
74 -60
75 -417
76 -74
77 -208
78 -75
79 -48
80 -70
81 -70
82 -70
83 -43
84 -76
85 -70
86 -55
87 -345
88 -251
89 -358
90 -63
91 -310
92 -75
93 -635
94 -75
95 -73
96 -74
97 -78
98 -316
99 -73
100 -73
101 -73
102 -71
103 -75
104 -74
105 -274
106 -76
107 -75
108 -53
109 -234
110 -75
111 -76
112 -2749
113 -73
114 -73
115 -74
116 -76
117 -65
118 -73
119 -74
120 -73
121 -75
122 -63
123 -246
124 -70
125 -74
126 -131
127 -53
128 -67
129 -75
130 -74
131 -73
132 -64
133 -73
134 -70
135 -76
136 -76
137 -252
138 -60
139 -70
140 -75
141 -75
142 -75
143 -133
144 -67
145 -272
146 -70
147 -75
148 -62
149 -70
150 -29
151 -74
152 -70
153 -236
154 -73
155 -75
156 -75
157 -1006
158 -70
159 -2093
160 -73
161 -74
162 -3225
163 -73
164 -127
165 -76
166 -75
167 -39
168 -718
169 -79
170 -75
171 -60
172 -74
173 -74
174 -70
175 -73
176 -70
177 -35
178 -60
179 -76
180 -63
181 -74
182 -75
183 -62
184 -70
185 -76
186 -148
187 -70
188 -75
189 -51
190 -304
191 -802
192 -440
193 -75
194 -75
195 -76
196 -8257
197 -68
198 -39
199 -60
200 -62
201 -75
202 -70
203 -62
204 -75
205 -75
206 -62
207 -70
208 -53
209 -74
210 -73
211 -73
212 -60
213 -75
214 -60
215 -76
216 -217
217 -74
218 -98
219 -75
220 -549
221 -75
222 -73
223 -48
224 -76
225 -74
226 -70
227 -62
228 -74
229 -175
230 -75
231 -50
232 -253
233 -73
234 -60
235 -62
236 -60
237 -817
238 -60
239 -269
240 -94
241 -65
242 -8077
243 -76
244 -76
245 -73
246 -76
247 -60
248 -74
249 -62
250 -75
251 -75
252 -4511
253 -60
254 -76
255 -75
256 -73
257 -76
258 -75
259 -60
260 -70
261 -75
262 -60
263 -48
264 -75
265 -3672
266 -77
267 -66
268 -802
269 -72
270 -3382
271 -69
272 -75
273 -73
274 -60
275 -70
276 -76
277 -43
278 -73
279 -80
280 -60
281 -63
282 -73
283 -62
284 -70
285 -224
286 -73
287 -1130
288 -74
289 -60
290 -76
291 -3059
292 -76
293 -73
294 -60
295 -75
296 -74
297 -60
298 -75
299 -78
300 -73
301 -60
302 -75
303 -75
304 -62
305 -73
306 -75
307 -75
308 -75
309 -62
310 -73
311 -106
312 -91
313 -60
314 -130
315 -851
316 -70
317 -39
318 -3725
319 -57
320 -70
321 -75
322 -297
323 -75
324 -2387
325 -70
326 -229
327 -70
328 -75
329 -68
330 -75
331 -70
332 -76
333 -75
334 -75
335 -28
336 -60
337 -53
338 -38
339 -74
340 -48
341 -76
342 -60
343 -68
344 -62
345 -60
346 -76
347 -74
348 -75
349 -76
350 -48
351 -74
352 -60
353 -73
354 -75
355 -60
356 -73
357 -75
358 -75
359 -75
360 -62
361 -76
362 -63
363 -73
364 -96
365 -62
366 -76
367 -63
368 -1628
369 -62
370 -62
371 -75
372 -60
373 -60
374 -60
375 -60
376 -76
377 -79
378 -196
379 -76
380 -394
381 -57
382 -176
383 -68
384 -74
385 -76
386 -60
387 -180
388 -73
389 -75
390 -130
391 -831
392 -74
393 -73
394 -70
395 -75
396 -29
397 -64
398 -75
399 -5885
400 -75
401 -73
402 -74
403 -70
404 -70
405 -60
406 -62
407 -506
408 -622
409 -60
410 -60
411 -60
412 -60
413 -75
414 -75
415 -2543
416 -60
417 -62
418 -60
419 -70
420 -6041
421 -62
422 -508
423 -246
424 -76
425 -76
426 -70
427 -70
428 -73
429 -74
430 -81
431 -2985
432 -73
433 -268
434 -36
435 -6463
436 -73
437 -75
438 -39
439 -76
440 -70
441 -73
442 -70
443 -74
444 -73
445 -70
446 -63
447 -354
448 -60
449 -39
450 -62
451 -75
452 -67
453 -48
454 -70
455 -58
456 -725
457 -70
458 -167
459 -60
460 -5725
461 -138
462 -53
463 -2172
464 -81
465 -60
466 -5620
467 -75
468 -3714
469 -60
470 -60
471 -75
472 -76
473 -70
474 -3205
475 -4569
476 -62
477 -316
478 -62
479 -75
480 -75
481 -75
482 -73
483 -75
484 -73
485 -62
486 -436
487 -60
488 -73
489 -60
490 -134
491 -73
492 -66
493 -70
494 -75
495 -74
496 -60
497 -605
498 -60
499 -2493
500 -75
501 -952
502 -62
503 -39
504 -75
505 -88
506 -74
507 -264
508 -76
509 -70
510 -76
511 -62
512 -75
513 -60
514 -70
515 -76
516 -70
517 -73
518 -73
519 -73
520 -2066
521 -39
522 -75
523 -70
524 -76
525 -60
526 -60
527 -53
528 -75
529 -3576
530 -190
531 -60
532 -3742
533 -74
534 -73
535 -73
536 -70
537 -62
538 -60
539 -62
540 -75
541 -58
542 -62
543 -125
544 -74
545 -48
546 -74
547 -76
548 -322
549 -251
550 -53
551 -34
552 -74
553 -62
554 -2291
555 -74
556 -62
557 -116
558 -75
559 -73
560 -60
561 -123
562 -73
563 -73
564 -826
565 -60
566 -68
567 -60
568 -62
569 -73
570 -60
571 -80
572 -207
573 -60
574 -62
575 -62
576 -73
577 -73
578 -69
579 -48
580 -398
581 -76
582 -73
583 -70
584 -75
585 -74
586 -143
587 -75
588 -143
589 -76
590 -60
591 -75
592 -73
593 -73
594 -73
595 -76
596 -75
597 -53
598 -2335
599 -71
600 -62
601 -62
602 -63
603 -75
604 -62
605 -77
606 -76
607 -75
608 -3301
609 -70
610 -114
611 -62
612 -75
613 -63
614 -53
615 -53
616 -44
617 -60
618 -74
619 -48
620 -75
621 -73
622 -58
623 -60
624 -76
625 -75
626 -75
627 -75
628 -60
629 -60
630 -60
631 -75
632 -70
633 -74
634 -75
635 -70
636 -76
637 -76
638 -75
639 -250
640 -70
641 -74
642 -74
643 -73
644 -75
645 -1630
646 -62
647 -63
648 -60
649 -75
650 -75
651 -55
652 -2500
653 -73
654 -35
655 -76
656 -73
657 -60
658 -43
659 -473
660 -73
661 -75
662 -53
663 -75
664 -76
665 -924
666 -679
667 -70
668 -76
669 -75
670 -74
671 -60
672 -76
673 -76
674 -4244
675 -650
676 -2018
677 -896
678 -126
679 -5559
680 -76
681 -70
682 -192
683 -60
684 -60
685 -60
686 -109
687 -1438
688 -659
689 -312
690 -75
691 -75
692 -74
693 -74
694 -723
695 -62
696 -75
697 -60
698 -93
699 -88
700 -75
701 -39
702 -63
703 -2905
704 -75
705 -73
706 -74
707 -76
708 -62
709 -75
710 -74
711 -60
712 -68
713 -73
714 -48
715 -597
716 -62
717 -44
718 -75
719 -70
720 -60
721 -75
722 -138
723 -2227
724 -70
725 -58
726 -70
727 -74
728 -70
729 -73
730 -75
731 -48
732 -48
733 -127
734 -73
735 -75
736 -74
737 -1398
738 -76
739 -70
740 -70
741 -44
742 -73
743 -76
744 -62
745 -150
746 -75
747 -60
748 -1707
749 -75
750 -62
751 -152
752 -62
753 -75
754 -60
755 -73
756 -60
757 -48
758 -201
759 -74
760 -3954
761 -60
762 -264
763 -249
764 -70
765 -75
766 -73
767 -74
768 -143
769 -75
770 -75
771 -62
772 -75
773 -72
774 -75
775 -63
776 -75
777 -2063
778 -75
779 -73
780 -75
781 -70
782 -89
783 -70
784 -343
785 -973
786 -67
787 -70
788 -68
789 -60
790 -74
791 -58
792 -76
793 -75
794 -458
795 -78
796 -75
797 -74
798 -74
799 -65
800 -70
801 -62
802 -70
803 -73
804 -994
805 -61
806 -65
807 -2814
808 -74
809 -198
810 -60
811 -682
812 -95
813 -73
814 -74
815 -63
816 -193
817 -75
818 -53
819 -76
820 -62
821 -74
822 -70
823 -75
824 -73
825 -75
826 -64
827 -75
828 -74
829 -75
830 -74
831 -75
832 -200
833 -73
834 -70
835 -75
836 -74
837 -76
838 -76
839 -74
840 -62
841 -73
842 -362
843 -70
844 -75
845 -63
846 -1174
847 -70
848 -60
849 -76
850 -74
851 -70
852 -4127
853 -128
854 -163
855 -73
856 -74
857 -62
858 -75
859 -75
860 -73
861 -70
862 -75
863 -75
864 -60
865 -77
866 -75
867 -143
868 -70
869 -76
870 -68
871 -70
872 -73
873 -75
874 -60
875 -138
876 -75
877 -114
878 -73
879 -74
880 -2785
881 -2179
882 -70
883 -70
884 -1550
885 -1052
886 -76
887 -74
888 -75
889 -78
890 -2769
891 -70
892 -75
893 -76
894 -77
895 -60
896 -73
897 -125
898 -75
899 -74
900 -76
901 -70
902 -75
903 -1053
904 -73
905 -4248
906 -76
907 -60
908 -628
909 -7407
910 -60
911 -75
912 -62
913 -76
914 -34
915 -76
916 -73
917 -5741
918 -360
919 -62
920 -73
921 -60
922 -34
923 -60
924 -73
925 -496
926 -62
927 -76
928 -75
929 -48
930 -74
931 -48
932 -75
933 -73
934 -70
935 -63
936 -75
937 -321
938 -60
939 -60
940 -155
941 -60
942 -2121
943 -76
944 -76
945 -75
946 -76
947 -306
948 -38
949 -73
950 -75
951 -60
952 -60
953 -74
954 -73
955 -75
956 -73
957 -67
958 -75
959 -75
960 -38
961 -70
962 -47
963 -56
964 -2404
965 -70
966 -62
967 -58
968 -62
969 -58
970 -75
971 -75
972 -60
973 -44
974 -73
975 -75
976 -73
977 -75
978 -3755
979 -77
980 -73
981 -60
982 -70
983 -79
984 -70
985 -70
986 -2566
987 -163
988 -75
989 -62
990 -70
991 -74
992 -1240
993 -63
994 -75
995 -587
996 -76
997 -76
998 -62
999 -76
