0 -66
1 -75
2 -75
3 -74
4 -73
5 -317
6 -27
7 -88
8 -194
9 -35
10 -195
11 -114
12 -73
13 -35
14 -633
15 -95
16 -27
17 -27
18 -70
19 -1062
20 -70
21 -76
22 -1402
23 -36
24 -39
25 -75
26 -76
27 -461
28 -64
29 -35
30 -76
31 -1402
32 -35
33 -1007
34 -76
35 -91
36 -75
37 -73
38 -798
39 -341
40 -5482
41 -75
42 -73
43 -664
44 -26
45 -75
46 -27
47 -102
48 -76
49 -109
50 -27
51 -70
52 -73
53 -76
54 -73
55 -728
56 -57
57 -75
58 -73
59 -27
60 -70
61 -76
62 -35
63 -70
64 -75
65 -152
66 -75
67 -76
68 -75
69 -76
70 -251
71 -75
72 -70
73 -27
74 -239
75 -3182
76 -74
77 -75
78 -35
79 -75
80 -75
81 -74
82 -75
83 -70
84 -502
85 -164
86 -76
87 -27
88 -167
89 -73
90 -76
91 -35
92 -245
93 -74
94 -75
95 -73
96 -593
97 -70
98 -73
99 -35
100 -75
101 -76
102 -76
103 -73
104 -68
105 -73
106 -75
107 -74
108 -27
109 -73
110 -67
111 -162
112 -1301
113 -73
114 -215
115 -76
116 -251
117 -74
118 -35
119 -73
120 -136
121 -74
122 -27
123 -52
124 -758
125 -75
126 -75
127 -73
128 -73
129 -74
130 -70
131 -76
132 -75
133 -73
134 -73
135 -74
136 -70
137 -27
138 -225
139 -1657
140 -70
141 -80
142 -70
143 -297
144 -35
145 -74
146 -70
147 -84
148 -27
149 -71
150 -532
151 -73
152 -74
153 -73
154 -224
155 -319
156 -224
157 -459
158 -31
159 -76
160 -1402
161 -2591
162 -27
163 -27
164 -76
165 -2967
166 -27
167 -27
168 -76
169 -70
170 -74
171 -269
172 -76
173 -75
174 -70
175 -110
176 -34
177 -497
178 -2502
179 -76
180 -673
181 -96
182 -81
183 -76
184 -76
185 -27
186 -70
187 -73
188 -75
189 -75
190 -908
191 -35
192 -74
193 -70
194 -35
195 -34
196 -2702
197 -74
198 -27
199 -76
200 -75
201 -75
202 -56
203 -36
204 -35
205 -35
206 -74
207 -887
208 -70
209 -75
210 -27
211 -73
212 -76
213 -70
214 -74
215 -67
216 -76
217 -75
218 -1082
219 -75
220 -27
221 -75
222 -75
223 -70
224 -74
225 -110
226 -70
227 -73
228 -75
229 -73
230 -76
231 -63
232 -70
233 -27
234 -73
235 -75
236 -76
237 -75
238 -70
239 -105
240 -296
241 -75
242 -35
243 -75
244 -325
245 -35
246 -74
247 -74
248 -73
249 -145
250 -104
251 -35
252 -4097
253 -35
254 -35
255 -97
256 -71
257 -117
258 -77
259 -73
260 -75
261 -400
262 -70
263 -70
264 -75
265 -2402
266 -174
267 -75
268 -76
269 -73
270 -75
271 -265
272 -76
273 -70
274 -75
275 -73
276 -122
277 -380
278 -73
279 -74
280 -27
281 -76
282 -74
283 -73
284 -76
285 -4927
286 -76
287 -280
288 -78
289 -27
290 -51
291 -336
292 -27
293 -455
294 -76
295 -52
296 -75
297 -75
298 -76
299 -70
300 -76
301 -567
302 -75
303 -110
304 -70
305 -70
306 -66
307 -74
308 -602
309 -27
310 -1302
311 -70
312 -522
313 -70
314 -333
315 -75
316 -73
317 -74
318 -35
319 -73
320 -35
321 -49
322 -70
323 -75
324 -76
325 -73
326 -68
327 -75
328 -4487
329 -112
330 -27
331 -76
332 -35
333 -207
334 -82
335 -35
336 -74
337 -75
338 -70
339 -73
340 -76
341 -27
342 -263
343 -73
344 -74
345 -75
346 -75
347 -35
348 -139
349 -74
350 -76
351 -75
352 -77
353 -1092
354 -70
355 -2207
356 -177
357 -74
358 -74
359 -31
360 -76
361 -230
362 -70
363 -76
364 -74
365 -73
366 -35
367 -75
368 -70
369 -75
370 -75
371 -74
372 -70
373 -1032
374 -532
375 -27
376 -70
377 -173
378 -73
379 -432
380 -73
381 -27
382 -73
383 -75
384 -75
385 -60
386 -1207
387 -27
388 -76
389 -101
390 -74
391 -27
392 -673
393 -50
394 -35
395 -74
396 -3487
397 -67
398 -74
399 -2171
400 -75
401 -70
402 -340
403 -362
404 -74
405 -70
406 -73
407 -70
408 -26
409 -75
410 -75
411 -508
412 -367
413 -75
414 -337
415 -437
416 -74
417 -76
418 -1122
419 -652
420 -125
421 -75
422 -74
423 -96
424 -75
425 -56
426 -73
427 -76
428 -74
429 -73
430 -75
431 -3837
432 -75
433 -698
434 -308
435 -75
436 -35
437 -36
438 -75
439 -75
440 -76
441 -677
442 -584
443 -73
444 -134
445 -70
446 -74
447 -43
448 -218
449 -35
450 -75
451 -70
452 -74
453 -165
454 -97
455 -73
456 -367
457 -73
458 -75
459 -75
460 -763
461 -530
462 -75
463 -507
464 -75
465 -27
466 -74
467 -75
468 -74
469 -74
470 -70
471 -78
472 -401
473 -76
474 -70
475 -27
476 -75
477 -74
478 -577
479 -1127
480 -27
481 -70
482 -75
483 -70
484 -27
485 -174
486 -76
487 -35
488 -73
489 -287
490 -412
491 -73
492 -412
493 -192
494 -169
495 -75
496 -173
497 -74
498 -75
499 -73
500 -73
501 -62
502 -74
503 -68
504 -75
505 -421
506 -80
507 -75
508 -80
509 -75
510 -70
511 -75
512 -74
513 -74
514 -35
515 -76
516 -51
517 -105
518 -521
519 -70
520 -75
521 -366
522 -73
523 -74
524 -75
525 -74
526 -35
527 -76
528 -71
529 -70
530 -231
531 -88
532 -35
533 -500
534 -75
535 -75
536 -73
537 -315
538 -705
539 -185
540 -136
541 -75
542 -35
543 -27
544 -75
545 -27
546 -35
547 -35
548 -75
549 -75
550 -75
551 -74
552 -76
553 -244
554 -27
555 -76
556 -74
557 -35
558 -73
559 -187
560 -76
561 -417
562 -35
563 -76
564 -71
565 -621
566 -1167
567 -47
568 -27
569 -39
570 -35
571 -76
572 -54
573 -74
574 -35
575 -309
576 -58
577 -27
578 -73
579 -70
580 -74
581 -272
582 -614
583 -73
584 -75
585 -73
586 -75
587 -70
588 -2607
589 -69
590 -70
591 -301
592 -359
593 -447
594 -76
595 -74
596 -599
597 -73
598 -4087
599 -1219
600 -35
601 -76
602 -76
603 -27
604 -6293
605 -662
606 -27
607 -1067
608 -75
609 -70
610 -76
611 -73
612 -70
613 -456
614 -70
615 -70
616 -73
617 -75
618 -75
619 -1007
620 -75
621 -75
622 -81
623 -27
624 -75
625 -76
626 -27
627 -166
628 -74
629 -73
630 -488
631 -76
632 -70
633 -76
634 -73
635 -76
636 -35
637 -206
638 -70
639 -75
640 -27
641 -73
642 -252
643 -287
644 -74
645 -27
646 -73
647 -75
648 -75
649 -70
650 -70
651 -73
652 -74
653 -75
654 -74
655 -2977
656 -76
657 -75
658 -482
659 -62
660 -81
661 -375
662 -75
663 -192
664 -74
665 -312
666 -73
667 -75
668 -56
669 -27
670 -592
671 -62
672 -70
673 -73
674 -70
675 -76
676 -35
677 -75
678 -27
679 -73
680 -70
681 -76
682 -76
683 -74
684 -75
685 -75
686 -76
687 -66
688 -35
689 -605
690 -76
691 -35
692 -73
693 -27
694 -27
695 -70
696 -97
697 -75
698 -26
699 -70
700 -75
701 -362
702 -75
703 -35
704 -74
705 -70
706 -76
707 -70
708 -6047
709 -70
710 -36
711 -27
712 -75
713 -27
714 -392
715 -532
716 -3557
717 -35
718 -1477
719 -74
720 -75
721 -75
722 -497
723 -27
724 -35
725 -35
726 -70
727 -73
728 -1307
729 -1157
730 -73
731 -76
732 -28
733 -74
734 -76
735 -75
736 -4072
737 -76
738 -2072
739 -70
740 -76
741 -56
742 -140
743 -75
744 -35
745 -72
746 -98
747 -70
748 -61
749 -27
750 -76
751 -147
752 -168
753 -73
754 -349
755 -73
756 -74
757 -74
758 -682
759 -27
760 -75
761 -35
762 -76
763 -73
764 -75
765 -27
766 -27
767 -282
768 -70
769 -103
770 -35
771 -73
772 -35
773 -74
774 -946
775 -75
776 -75
777 -76
778 -4617
779 -27
780 -27
781 -73
782 -71
783 -75
784 -52
785 -75
786 -73
787 -76
788 -35
789 -891
790 -439
791 -75
792 -70
793 -74
794 -75
795 -27
796 -75
797 -74
798 -1057
799 -70
800 -27
801 -76
802 -329
803 -35
804 -197
805 -36
806 -74
807 -74
808 -470
809 -147
810 -308
811 -71
812 -35
813 -65
814 -70
815 -70
816 -534
817 -76
818 -27
819 -27
820 -70
821 -35
822 -1612
823 -27
824 -75
825 -191
826 -75
827 -35
828 -989
829 -27
830 -48
831 -70
832 -74
833 -77
834 -75
835 -73
836 -75
837 -76
838 -74
839 -75
840 -73
841 -518
842 -74
843 -27
844 -80
845 -962
846 -73
847 -79
848 -74
849 -410
850 -1567
851 -27
852 -76
853 -27
854 -76
855 -176
856 -506
857 -542
858 -82
859 -75
860 -27
861 -187
862 -27
863 -73
864 -75
865 -76
866 -70
867 -5488
868 -76
869 -70
870 -27
871 -35
872 -202
873 -75
874 -92
875 -35
876 -512
877 -75
878 -75
879 -61
880 -27
881 -73
882 -1302
883 -74
884 -1672
885 -588
886 -70
887 -692
888 -76
889 -75
890 -74
891 -76
892 -73
893 -70
894 -79
895 -74
896 -74
897 -70
898 -35
899 -35
900 -35
901 -73
902 -74
903 -76
904 -75
905 -592
906 -196
907 -73
908 -70
909 -27
910 -76
911 -73
912 -35
913 -74
914 -78
915 -34
916 -27
917 -76
918 -75
919 -75
920 -249
921 -62
922 -2132
923 -78
924 -3977
925 -187
926 -347
927 -76
928 -35
929 -27
930 -71
931 -460
932 -76
933 -75
934 -70
935 -75
936 -73
937 -75
938 -75
939 -70
940 -70
941 -76
942 -35
943 -27
944 -75
945 -74
946 -70
947 -565
948 -27
949 -73
950 -213
951 -71
952 -75
953 -74
954 -27
955 -1502
956 -2752
957 -73
958 -75
959 -75
960 -132
961 -75
962 -73
963 -73
964 -799
965 -70
966 -73
967 -415
968 -74
969 -75
970 -35
971 -73
972 -2302
973 -75
974 -544
975 -2078
976 -72
977 -76
978 -75
979 -69
980 -27
981 -27
982 -70
983 -135
984 -157
985 -75
986 -187
987 -35
988 -27
989 -75
990 -75
991 -6047
992 -394
993 -2772
994 -75
995 -75
996 -75
997 -73
998 -75
999 -336
