0 -40
1 -90
2 -139
3 -90
4 -89
5 -90
6 -90
7 -89
8 -52
9 -90
10 -72
11 -474
12 -89
13 -88
14 -53
15 -1821
16 -72
17 -88
18 -90
19 -72
20 -57
21 -90
22 -72
23 -89
24 -62
25 -72
26 -88
27 -1405
28 -51
29 -90
30 -56
31 -89
32 -89
33 -94
34 -3252
35 -89
36 -51
37 -90
38 -88
39 -90
40 -72
41 -1884
42 -72
43 -89
44 -3952
45 -58
46 -72
47 -280
48 -90
49 -88
50 -57
51 -169
52 -88
53 -88
54 -90
55 -89
56 -534
57 -57
58 -89
59 -90
60 -74
61 -88
62 -76
63 -5331
64 -90
65 -70
66 -57
67 -75
68 -89
69 -88
70 -3064
71 -149
72 -90
73 -54
74 -1086
75 -90
76 -460
77 -90
78 -2266
79 -1591
80 -58
81 -47
82 -381
83 -315
84 -85
85 -90
86 -648
87 -56
88 -89
89 -1639
90 -89
91 -77
92 -89
93 -90
94 -90
95 -2925
96 -90
97 -3408
98 -820
99 -90
100 -53
101 -72
102 -89
103 -89
104 -95
105 -169
106 -89
107 -48
108 -244
109 -89
110 -56
111 -88
112 -88
113 -72
114 -54
115 -79
116 -87
117 -56
118 -47
119 -1316
120 -47
121 -2656
122 -48
123 -89
124 -7023
125 -90
126 -89
127 -7299
128 -47
129 -56
130 -4057
131 -57
132 -51
133 -57
134 -88
135 -90
136 -53
137 -1278
138 -89
139 -52
140 -53
141 -4116
142 -45
143 -90
144 -90
145 -88
146 -89
147 -6989
148 -152
149 -90
150 -72
151 -634
152 -89
153 -89
154 -52
155 -1225
156 -89
157 -89
158 -371
159 -4107
160 -90
161 -72
162 -1287
163 -72
164 -57
165 -90
166 -55
167 -51
168 -5434
169 -58
170 -88
171 -2133
172 -88
173 -49
174 -1981
175 -90
176 -58
177 -72
178 -88
179 -88
180 -90
181 -5607
182 -54
183 -53
184 -90
185 -73
186 -106
187 -39
188 -72
189 -89
190 -89
191 -51
192 -540
193 -89
194 -2105
195 -57
196 -89
197 -1667
198 -53
199 -89
200 -90
201 -90
202 -72
203 -90
204 -48
205 -497
206 -271
207 -72
208 -89
209 -946
210 -89
211 -50
212 -90
213 -90
214 -90
215 -90
216 -90
217 -208
218 -90
219 -89
220 -89
221 -56
222 -52
223 -57
224 -72
225 -6689
226 -90
227 -41
228 -90
229 -90
230 -90
231 -90
232 -89
233 -72
234 -90
235 -2917
236 -6257
237 -188
238 -89
239 -57
240 -72
241 -90
242 -90
243 -90
244 -89
245 -90
246 -52
247 -53
248 -1633
249 -205
250 -90
251 -48
252 -72
253 -3960
254 -90
255 -90
256 -72
257 -72
258 -49
259 -1862
260 -315
261 -74
262 -145
263 -5146
264 -90
265 -48
266 -2221
267 -89
268 -88
269 -88
270 -51
271 -72
272 -88
273 -45
274 -1738
275 -255
276 -90
277 -72
278 -72
279 -90
280 -2672
281 -69
282 -1333
283 -52
284 -2851
285 -90
286 -90
287 -88
288 -58
289 -1032
290 -90
291 -88
292 -89
293 -88
294 -975
295 -88
296 -56
297 -72
298 -90
299 -1761
300 -88
301 -52
302 -51
303 -89
304 -1032
305 -74
306 -54
307 -93
308 -1189
309 -52
310 -360
311 -90
312 -90
313 -1299
314 -538
315 -303
316 -90
317 -90
318 -54
319 -90
320 -26
321 -38
322 -1157
323 -90
324 -52
325 -52
326 -90
327 -90
328 -53
329 -56
330 -88
331 -58
332 -90
333 -72
334 -346
335 -90
336 -88
337 -90
338 -57
339 -48
340 -52
341 -4717
342 -90
343 -6695
344 -59
345 -47
346 -72
347 -90
348 -1054
349 -59
350 -83
351 -52
352 -90
353 -57
354 -84
355 -51
356 -72
357 -1458
358 -64
359 -88
360 -58
361 -90
362 -89
363 -652
364 -58
365 -84
366 -51
367 -90
368 -49
369 -88
370 -72
371 -1607
372 -882
373 -88
374 -72
375 -90
376 -53
377 -1557
378 -89
379 -92
380 -90
381 -72
382 -72
383 -90
384 -1500
385 -90
386 -90
387 -52
388 -6898
389 -58
390 -125
391 -72
392 -88
393 -72
394 -970
395 -90
396 -36
397 -6218
398 -88
399 -54
400 -58
401 -90
402 -51
403 -90
404 -47
405 -88
406 -90
407 -95
408 -85
409 -90
410 -498
411 -88
412 -51
413 -88
414 -90
415 -90
416 -88
417 -73
418 -54
419 -57
420 -54
421 -90
422 -90
423 -53
424 -88
425 -52
426 -45
427 -89
428 -91
429 -47
430 -1206
431 -1848
432 -90
433 -51
434 -90
435 -63
436 -788
437 -90
438 -90
439 -54
440 -72
441 -2410
442 -2573
443 -69
444 -1345
445 -5230
446 -83
447 -57
448 -90
449 -72
450 -90
451 -90
452 -90
453 -90
454 -31
455 -53
456 -72
457 -90
458 -72
459 -51
460 -50
461 -90
462 -90
463 -51
464 -88
465 -1078
466 -90
467 -48
468 -88
469 -11851
470 -90
471 -89
472 -90
473 -3397
474 -90
475 -88
476 -88
477 -68
478 -87
479 -88
480 -1712
481 -90
482 -90
483 -89
484 -88
485 -90
486 -50
487 -89
488 -88
489 -56
490 -48
491 -54
492 -392
493 -72
494 -1785
495 -44
496 -88
497 -57
498 -88
499 -89
500 -72
501 -90
502 -88
503 -90
504 -89
505 -89
506 -90
507 -51
508 -51
509 -89
510 -58
511 -57
512 -53
513 -90
514 -90
515 -90
516 -88
517 -90
518 -7310
519 -2381
520 -89
521 -51
522 -696
523 -11869
524 -90
525 -55
526 -90
527 -90
528 -1463
529 -89
530 -59
531 -90
532 -89
533 -53
534 -48
535 -90
536 -72
537 -84
538 -72
539 -73
540 -88
541 -64
542 -280
543 -68
544 -89
545 -90
546 -2784
547 -89
548 -42
549 -90
550 -52
551 -7698
552 -51
553 -127
554 -90
555 -2756
556 -90
557 -89
558 -53
559 -53
560 -89
561 -53
562 -90
563 -48
564 -90
565 -1311
566 -88
567 -57
568 -60
569 -89
570 -90
571 -72
572 -72
573 -58
574 -3715
575 -90
576 -88
577 -90
578 -72
579 -90
580 -53
581 -52
582 -108
583 -90
584 -90
585 -90
586 -90
587 -56
588 -258
589 -2285
590 -5385
591 -469
592 -90
593 -90
594 -56
595 -88
596 -90
597 -140
598 -56
599 -88
600 -4487
601 -47
602 -53
603 -212
604 -60
605 -1538
606 -507
607 -90
608 -120
609 -2420
610 -925
611 -90
612 -2255
613 -48
614 -89
615 -90
616 -89
617 -52
618 -133
619 -90
620 -1180
621 -180
622 -199
623 -1681
624 -89
625 -72
626 -56
627 -90
628 -3728
629 -5248
630 -89
631 -4998
632 -56
633 -90
634 -89
635 -88
636 -89
637 -9723
638 -90
639 -47
640 -89
641 -63
642 -90
643 -364
644 -591
645 -6040
646 -58
647 -123
648 -59
649 -89
650 -90
651 -72
652 -88
653 -2441
654 -292
655 -68
656 -518
657 -51
658 -47
659 -90
660 -88
661 -48
662 -89
663 -89
664 -57
665 -6715
666 -56
667 -57
668 -89
669 -89
670 -88
671 -4344
672 -56
673 -532
674 -90
675 -53
676 -88
677 -89
678 -657
679 -90
680 -72
681 -90
682 -90
683 -88
684 -90
685 -90
686 -140
687 -972
688 -90
689 -26
690 -52
691 -128
692 -88
693 -58
694 -140
695 -90
696 -89
697 -89
698 -90
699 -52
700 -31
701 -2781
702 -90
703 -72
704 -2082
705 -7783
706 -115
707 -88
708 -41
709 -53
710 -88
711 -52
712 -90
713 -78
714 -90
715 -6448
716 -85
717 -147
718 -61
719 -53
720 -88
721 -35
722 -968
723 -90
724 -43
725 -53
726 -72
727 -5673
728 -318
729 -90
730 -57
731 -90
732 -72
733 -57
734 -9803
735 -53
736 -72
737 -88
738 -88
739 -89
740 -89
741 -2505
742 -90
743 -80
744 -90
745 -90
746 -88
747 -90
748 -88
749 -45
750 -80
751 -59
752 -72
753 -89
754 -72
755 -47
756 -52
757 -1293
758 -90
759 -2888
760 -88
761 -1251
762 -51
763 -58
764 -1118
765 -57
766 -72
767 -88
768 -88
769 -3030
770 -48
771 -90
772 -27
773 -89
774 -72
775 -89
776 -90
777 -89
778 -1266
779 -90
780 -58
781 -48
782 -53
783 -90
784 -72
785 -5140
786 -88
787 -54
788 -46
789 -90
790 -195
791 -89
792 -51
793 -48
794 -63
795 -90
796 -90
797 -89
798 -52
799 -89
800 -90
801 -89
802 -90
803 -72
804 -34
805 -89
806 -90
807 -57
808 -88
809 -40
810 -1120
811 -90
812 -59
813 -47
814 -90
815 -5056
816 -57
817 -72
818 -53
819 -70
820 -1220
821 -69
822 -95
823 -106
824 -88
825 -54
826 -52
827 -4011
828 -47
829 -35
830 -95
831 -89
832 -52
833 -72
834 -54
835 -2025
836 -52
837 -92
838 -61
839 -90
840 -9940
841 -72
842 -90
843 -72
844 -127
845 -53
846 -72
847 -90
848 -77
849 -53
850 -87
851 -986
852 -2528
853 -55
854 -58
855 -72
856 -72
857 -89
858 -53
859 -88
860 -53
861 -72
862 -72
863 -90
864 -72
865 -532
866 -82
867 -53
868 -105
869 -90
870 -90
871 -47
872 -47
873 -89
874 -88
875 -1216
876 -89
877 -90
878 -74
879 -58
880 -33
881 -37
882 -57
883 -69
884 -88
885 -72
886 -90
887 -72
888 -72
889 -90
890 -848
891 -89
892 -60
893 -90
894 -60
895 -2324
896 -89
897 -54
898 -1234
899 -84
900 -42
901 -291
902 -88
903 -40
904 -3448
905 -90
906 -89
907 -343
908 -52
909 -90
910 -90
911 -89
912 -88
913 -72
914 -46
915 -89
916 -59
917 -72
918 -90
919 -89
920 -88
921 -57
922 -88
923 -231
924 -90
925 -89
926 -89
927 -89
928 -2394
929 -89
930 -455
931 -42
932 -90
933 -89
934 -89
935 -76
936 -90
937 -88
938 -72
939 -54
940 -52
941 -90
942 -1941
943 -89
944 -89
945 -32
946 -90
947 -51
948 -927
949 -53
950 -89
951 -56
952 -36
953 -47
954 -788
955 -3492
956 -54
957 -72
958 -44
959 -89
960 -2941
961 -58
962 -29
963 -89
964 -90
965 -793
966 -47
967 -44
968 -73
969 -89
970 -89
971 -2311
972 -53
973 -90
974 -90
975 -7192
976 -84
977 -53
978 -89
979 -90
980 -89
981 -88
982 -90
983 -2717
984 -58
985 -57
986 -54
987 -55
988 -277
989 -58
990 -89
991 -64
992 -72
993 -80
994 -53
995 -52
996 -236
997 -90
998 -72
999 -89
