0 -60
1 -2495
2 -75
3 -614
4 -62
5 -75
6 -371
7 -76
8 -62
9 -70
10 -861
11 -140
12 -812
13 -75
14 -80
15 -73
16 -227
17 -62
18 -76
19 -75
20 -60
21 -75
22 -108
23 -76
24 -70
25 -74
26 -77
27 -76
28 -60
29 -76
30 -75
31 -74
32 -62
33 -76
34 -73
35 -62
36 -74
37 -70
38 -74
39 -62
40 -75
41 -73
42 -62
43 -62
44 -70
45 -70
46 -62
47 -60
48 -145
49 -571
50 -73
51 -80
52 -62
53 -75
54 -2399
55 -526
56 -76
57 -75
58 -74
59 -58
60 -424
61 -62
62 -74
63 -73
64 -75
65 -74
66 -60
67 -5988
68 -70
69 -75
70 -70
71 -73
72 -77
73 -75
74 -198
75 -62
76 -60
77 -75
78 -62
79 -76
80 -60
81 -60
82 -60
83 -70
84 -75
85 -70
86 -76
87 -75
88 -70
89 -75
90 -98
91 -62
92 -73
93 -74
94 -73
95 -70
96 -74
97 -76
98 -60
99 -60
100 -1702
101 -3114
102 -1335
103 -75
104 -74
105 -74
106 -76
107 -60
108 -75
109 -75
110 -62
111 -70
112 -508
113 -60
114 -70
115 -80
116 -66
117 -75
118 -159
119 -107
120 -337
121 -60
122 -75
123 -92
124 -62
125 -74
126 -73
127 -62
128 -73
129 -60
130 -62
131 -70
132 -75
133 -75
134 -62
135 -75
136 -2225
137 -75
138 -2455
139 -75
140 -62
141 -57
142 -80
143 -73
144 -62
145 -1973
146 -75
147 -60
148 -355
149 -76
150 -4502
151 -62
152 -74
153 -1638
154 -76
155 -74
156 -75
157 -75
158 -206
159 -73
160 -73
161 -73
162 -60
163 -75
164 -62
165 -266
166 -62
167 -75
168 -62
169 -696
170 -73
171 -863
172 -74
173 -62
174 -62
175 -73
176 -75
177 -76
178 -81
179 -62
180 -69
181 -433
182 -74
183 -70
184 -73
185 -386
186 -275
187 -75
188 -76
189 -60
190 -62
191 -73
192 -75
193 -62
194 -292
195 -76
196 -62
197 -70
198 -62
199 -313
200 -76
201 -76
202 -74
203 -73
204 -89
205 -60
206 -70
207 -73
208 -186
209 -4431
210 -207
211 -62
212 -76
213 -211
214 -62
215 -70
216 -75
217 -62
218 -70
219 -1077
220 -75
221 -70
222 -350
223 -62
224 -75
225 -62
226 -96
227 -70
228 -62
229 -75
230 -74
231 -67
232 -62
233 -62
234 -62
235 -76
236 -76
237 -60
238 -75
239 -70
240 -76
241 -100
242 -62
243 -70
244 -73
245 -76
246 -73
247 -62
248 -70
249 -70
250 -75
251 -225
252 -74
253 -62
254 -76
255 -205
256 -73
257 -58
258 -75
259 -74
260 -2247
261 -70
262 -70
263 -3954
264 -62
265 -70
266 -70
267 -146
268 -76
269 -75
270 -75
271 -75
272 -73
273 -75
274 -58
275 -75
276 -76
277 -62
278 -62
279 -74
280 -70
281 -68
282 -60
283 -73
284 -70
285 -75
286 -75
287 -5257
288 -62
289 -60
290 -76
291 -74
292 -76
293 -73
294 -3351
295 -2051
296 -75
297 -74
298 -60
299 -64
300 -7584
301 -57
302 -122
303 -73
304 -74
305 -73
306 -344
307 -73
308 -60
309 -70
310 -2175
311 -505
312 -598
313 -70
314 -60
315 -1405
316 -229
317 -74
318 -73
319 -76
320 -74
321 -70
322 -168
323 -76
324 -2228
325 -62
326 -76
327 -62
328 -2249
329 -74
330 -75
331 -123
332 -1449
333 -76
334 -70
335 -75
336 -62
337 -62
338 -105
339 -62
340 -75
341 -62
342 -79
343 -62
344 -75
345 -397
346 -70
347 -60
348 -74
349 -62
350 -75
351 -73
352 -116
353 -73
354 -69
355 -2020
356 -888
357 -70
358 -67
359 -60
360 -62
361 -76
362 -143
363 -76
364 -70
365 -62
366 -73
367 -62
368 -103
369 -75
370 -62
371 -75
372 -4675
373 -81
374 -75
375 -73
376 -209
377 -75
378 -70
379 -75
380 -74
381 -62
382 -62
383 -76
384 -62
385 -63
386 -73
387 -74
388 -76
389 -75
390 -70
391 -84
392 -60
393 -60
394 -74
395 -65
396 -60
397 -76
398 -75
399 -75
400 -70
401 -75
402 -278
403 -60
404 -2983
405 -74
406 -73
407 -1049
408 -62
409 -122
410 -75
411 -60
412 -2886
413 -75
414 -74
415 -729
416 -62
417 -60
418 -74
419 -62
420 -1369
421 -972
422 -62
423 -74
424 -74
425 -60
426 -75
427 -62
428 -74
429 -70
430 -75
431 -75
432 -76
433 -75
434 -70
435 -75
436 -76
437 -73
438 -75
439 -74
440 -75
441 -70
442 -74
443 -76
444 -62
445 -62
446 -62
447 -76
448 -60
449 -60
450 -62
451 -247
452 -62
453 -405
454 -73
455 -62
456 -1918
457 -703
458 -1064
459 -62
460 -74
461 -1896
462 -76
463 -6172
464 -70
465 -62
466 -75
467 -75
468 -73
469 -76
470 -75
471 -75
472 -70
473 -283
474 -62
475 -536
476 -74
477 -75
478 -76
479 -5655
480 -169
481 -73
482 -62
483 -449
484 -62
485 -44
486 -73
487 -70
488 -75
489 -62
490 -61
491 -73
492 -76
493 -75
494 -463
495 -70
496 -74
497 -73
498 -75
499 -74
500 -60
501 -73
502 -47
503 -62
504 -62
505 -60
506 -62
507 -62
508 -70
509 -70
510 -301
511 -266
512 -75
513 -62
514 -62
515 -76
516 -76
517 -70
518 -75
519 -62
520 -95
521 -74
522 -489
523 -75
524 -62
525 -70
526 -62
527 -208
528 -62
529 -71
530 -50
531 -75
532 -76
533 -75
534 -76
535 -322
536 -75
537 -73
538 -60
539 -4223
540 -71
541 -76
542 -73
543 -62
544 -74
545 -2359
546 -75
547 -76
548 -202
549 -62
550 -198
551 -75
552 -62
553 -70
554 -1384
555 -75
556 -75
557 -70
558 -75
559 -140
560 -75
561 -62
562 -75
563 -81
564 -62
565 -75
566 -70
567 -76
568 -216
569 -76
570 -76
571 -62
572 -75
573 -73
574 -6142
575 -62
576 -62
577 -60
578 -76
579 -1166
580 -143
581 -73
582 -70
583 -659
584 -76
585 -75
586 -76
587 -70
588 -62
589 -4125
590 -75
591 -62
592 -75
593 -62
594 -70
595 -73
596 -3854
597 -75
598 -76
599 -73
600 -345
601 -62
602 -70
603 -76
604 -62
605 -76
606 -75
607 -70
608 -60
609 -75
610 -70
611 -73
612 -55
613 -75
614 -60
615 -73
616 -62
617 -62
618 -62
619 -63
620 -70
621 -75
622 -60
623 -75
624 -491
625 -74
626 -471
627 -74
628 -75
629 -62
630 -75
631 -76
632 -62
633 -74
634 -73
635 -74
636 -62
637 -73
638 -62
639 -73
640 -1360
641 -74
642 -76
643 -62
644 -60
645 -73
646 -70
647 -1007
648 -76
649 -73
650 -62
651 -76
652 -262
653 -271
654 -75
655 -156
656 -60
657 -75
658 -1267
659 -658
660 -60
661 -76
662 -70
663 -73
664 -3191
665 -74
666 -75
667 -60
668 -62
669 -62
670 -75
671 -75
672 -70
673 -73
674 -62
675 -261
676 -62
677 -74
678 -378
679 -62
680 -1615
681 -81
682 -62
683 -75
684 -1628
685 -70
686 -60
687 -62
688 -70
689 -295
690 -75
691 -3364
692 -62
693 -10223
694 -60
695 -75
696 -70
697 -75
698 -73
699 -70
700 -80
701 -62
702 -62
703 -185
704 -76
705 -74
706 -62
707 -75
708 -74
709 -76
710 -75
711 -73
712 -70
713 -66
714 -161
715 -5108
716 -74
717 -73
718 -75
719 -74
720 -70
721 -70
722 -62
723 -70
724 -70
725 -264
726 -75
727 -73
728 -75
729 -76
730 -76
731 -62
732 -60
733 -73
734 -70
735 -62
736 -73
737 -71
738 -73
739 -74
740 -76
741 -76
742 -547
743 -74
744 -73
745 -637
746 -78
747 -71
748 -82
749 -62
750 -940
751 -62
752 -76
753 -81
754 -73
755 -441
756 -70
757 -62
758 -60
759 -75
760 -62
761 -70
762 -75
763 -75
764 -60
765 -62
766 -75
767 -73
768 -60
769 -870
770 -62
771 -75
772 -60
773 -75
774 -62
775 -62
776 -75
777 -197
778 -62
779 -75
780 -74
781 -1218
782 -75
783 -75
784 -250
785 -76
786 -76
787 -127
788 -70
789 -75
790 -70
791 -70
792 -70
793 -62
794 -74
795 -60
796 -73
797 -73
798 -75
799 -74
800 -237
801 -75
802 -50
803 -263
804 -75
805 -70
806 -74
807 -62
808 -73
809 -62
810 -70
811 -73
812 -62
813 -74
814 -314
815 -74
816 -74
817 -75
818 -282
819 -75
820 -62
821 -62
822 -73
823 -76
824 -5079
825 -60
826 -76
827 -60
828 -73
829 -62
830 -76
831 -114
832 -73
833 -133
834 -74
835 -75
836 -62
837 -74
838 -75
839 -62
840 -75
841 -73
842 -74
843 -680
844 -60
845 -73
846 -73
847 -75
848 -74
849 -1989
850 -75
851 -62
852 -75
853 -76
854 -75
855 -70
856 -75
857 -62
858 -75
859 -74
860 -778
861 -76
862 -75
863 -75
864 -70
865 -76
866 -75
867 -75
868 -262
869 -73
870 -73
871 -75
872 -60
873 -73
874 -62
875 -76
876 -118
877 -76
878 -62
879 -147
880 -74
881 -70
882 -70
883 -70
884 -73
885 -111
886 -75
887 -74
888 -118
889 -75
890 -99
891 -62
892 -73
893 -76
894 -75
895 -1019
896 -74
897 -62
898 -73
899 -70
900 -76
901 -75
902 -62
903 -76
904 -73
905 -62
906 -209
907 -75
908 -75
909 -60
910 -60
911 -2041
912 -60
913 -75
914 -60
915 -76
916 -60
917 -62
918 -75
919 -60
920 -75
921 -62
922 -75
923 -62
924 -75
925 -176
926 -76
927 -75
928 -74
929 -70
930 -79
931 -62
932 -75
933 -469
934 -62
935 -70
936 -70
937 -74
938 -74
939 -7072
940 -75
941 -74
942 -74
943 -62
944 -60
945 -73
946 -76
947 -70
948 -62
949 -74
950 -75
951 -60
952 -73
953 -73
954 -73
955 -3817
956 -976
957 -73
958 -73
959 -75
960 -75
961 -173
962 -201
963 -591
964 -75
965 -75
966 -372
967 -74
968 -73
969 -60
970 -2286
971 -60
972 -60
973 -76
974 -3026
975 -149
976 -70
977 -73
978 -76
979 -74
980 -76
981 -62
982 -70
983 -131
984 -70
985 -75
986 -73
987 -62
988 -60
989 -73
990 -75
991 -113
992 -75
993 -75
994 -73
995 -73
996 -62
997 -75
998 -75
999 -76
