0 -598
1 -62
2 -73
3 -75
4 -74
5 -70
6 -199
7 -75
8 -508
9 -326
10 -1800
11 -76
12 -76
13 -75
14 -74
15 -62
16 -75
17 -75
18 -62
19 -76
20 -74
21 -75
22 -74
23 -75
24 -70
25 -70
26 -70
27 -223
28 -51
29 -2642
30 -62
31 -75
32 -74
33 -70
34 -74
35 -2830
36 -440
37 -76
38 -74
39 -68
40 -75
41 -78
42 -73
43 -75
44 -75
45 -62
46 -76
47 -154
48 -70
49 -75
50 -272
51 -66
52 -73
53 -179
54 -76
55 -223
56 -76
57 -70
58 -203
59 -62
60 -191
61 -62
62 -76
63 -76
64 -74
65 -363
66 -73
67 -256
68 -240
69 -70
70 -70
71 -73
72 -70
73 -70
74 -6062
75 -366
76 -62
77 -70
78 -74
79 -73
80 -70
81 -76
82 -366
83 -4243
84 -62
85 -62
86 -43
87 -75
88 -67
89 -75
90 -76
91 -69
92 -81
93 -73
94 -70
95 -1429
96 -70
97 -62
98 -70
99 -213
100 -2076
101 -62
102 -80
103 -70
104 -75
105 -290
106 -68
107 -70
108 -76
109 -62
110 -70
111 -1652
112 -70
113 -70
114 -76
115 -89
116 -62
117 -67
118 -75
119 -62
120 -75
121 -75
122 -73
123 -75
124 -1692
125 -380
126 -62
127 -62
128 -75
129 -70
130 -70
131 -891
132 -11140
133 -70
134 -62
135 -70
136 -81
137 -79
138 -62
139 -74
140 -70
141 -75
142 -76
143 -75
144 -325
145 -74
146 -2540
147 -74
148 -75
149 -80
150 -74
151 -70
152 -56
153 -74
154 -73
155 -74
156 -74
157 -62
158 -70
159 -86
160 -70
161 -74
162 -62
163 -70
164 -70
165 -70
166 -75
167 -74
168 -545
169 -75
170 -73
171 -422
172 -76
173 -602
174 -75
175 -62
176 -485
177 -76
178 -80
179 -76
180 -165
181 -70
182 -335
183 -70
184 -70
185 -70
186 -617
187 -70
188 -74
189 -62
190 -74
191 -73
192 -5768
193 -70
194 -70
195 -320
196 -97
197 -75
198 -75
199 -62
200 -2850
201 -3962
202 -75
203 -62
204 -76
205 -155
206 -73
207 -73
208 -76
209 -75
210 -1617
211 -100
212 -74
213 -73
214 -62
215 -62
216 -74
217 -76
218 -73
219 -62
220 -635
221 -80
222 -62
223 -76
224 -362
225 -75
226 -185
227 -75
228 -70
229 -70
230 -75
231 -1566
232 -74
233 -70
234 -95
235 -70
236 -75
237 -3495
238 -75
239 -67
240 -75
241 -75
242 -177
243 -402
244 -62
245 -76
246 -441
247 -312
248 -397
249 -2685
250 -70
251 -119
252 -2261
253 -75
254 -297
255 -62
256 -70
257 -75
258 -608
259 -6464
260 -70
261 -75
262 -3612
263 -73
264 -74
265 -75
266 -74
267 -1736
268 -70
269 -73
270 -74
271 -125
272 -76
273 -79
274 -62
275 -70
276 -1541
277 -70
278 -79
279 -75
280 -75
281 -75
282 -75
283 -659
284 -75
285 -70
286 -51
287 -62
288 -70
289 -75
290 -75
291 -74
292 -51
293 -73
294 -76
295 -76
296 -75
297 -74
298 -62
299 -173
300 -140
301 -65
302 -67
303 -70
304 -75
305 -125
306 -316
307 -62
308 -70
309 -70
310 -62
311 -70
312 -410
313 -70
314 -152
315 -3083
316 -62
317 -62
318 -75
319 -62
320 -62
321 -62
322 -724
323 -62
324 -62
325 -281
326 -75
327 -76
328 -70
329 -73
330 -75
331 -62
332 -70
333 -70
334 -70
335 -73
336 -73
337 -74
338 -70
339 -174
340 -70
341 -238
342 -75
343 -663
344 -62
345 -74
346 -109
347 -76
348 -73
349 -3565
350 -76
351 -62
352 -70
353 -134
354 -62
355 -76
356 -75
357 -62
358 -62
359 -70
360 -434
361 -73
362 -76
363 -75
364 -137
365 -73
366 -62
367 -242
368 -75
369 -75
370 -227
371 -74
372 -67
373 -70
374 -70
375 -62
376 -2850
377 -75
378 -73
379 -74
380 -70
381 -62
382 -2316
383 -75
384 -74
385 -70
386 -74
387 -70
388 -75
389 -95
390 -76
391 -62
392 -73
393 -76
394 -192
395 -1087
396 -63
397 -75
398 -70
399 -62
400 -74
401 -62
402 -1803
403 -73
404 -75
405 -76
406 -110
407 -74
408 -55
409 -75
410 -75
411 -1666
412 -62
413 -1582
414 -74
415 -994
416 -75
417 -57
418 -73
419 -74
420 -174
421 -73
422 -75
423 -74
424 -62
425 -62
426 -70
427 -73
428 -70
429 -74
430 -75
431 -145
432 -210
433 -75
434 -74
435 -74
436 -62
437 -70
438 -76
439 -62
440 -208
441 -73
442 -75
443 -75
444 -76
445 -62
446 -70
447 -81
448 -76
449 -75
450 -74
451 -81
452 -136
453 -74
454 -197
455 -1282
456 -75
457 -62
458 -70
459 -75
460 -274
461 -344
462 -73
463 -75
464 -57
465 -93
466 -171
467 -62
468 -2182
469 -75
470 -6454
471 -75
472 -62
473 -244
474 -70
475 -70
476 -70
477 -133
478 -2197
479 -482
480 -62
481 -73
482 -74
483 -70
484 -70
485 -1375
486 -8410
487 -62
488 -198
489 -76
490 -148
491 -75
492 -75
493 -75
494 -70
495 -74
496 -74
497 -70
498 -73
499 -70
500 -75
501 -70
502 -65
503 -75
504 -70
505 -73
506 -76
507 -76
508 -70
509 -73
510 -70
511 -62
512 -3887
513 -70
514 -70
515 -75
516 -268
517 -62
518 -511
519 -74
520 -70
521 -73
522 -70
523 -74
524 -44
525 -195
526 -70
527 -70
528 -70
529 -67
530 -76
531 -70
532 -73
533 -62
534 -91
535 -111
536 -76
537 -62
538 -62
539 -62
540 -70
541 -62
542 -62
543 -113
544 -62
545 -75
546 -75
547 -70
548 -75
549 -76
550 -73
551 -70
552 -75
553 -74
554 -84
555 -75
556 -76
557 -70
558 -62
559 -63
560 -70
561 -73
562 -62
563 -62
564 -198
565 -75
566 -62
567 -74
568 -75
569 -76
570 -76
571 -70
572 -62
573 -75
574 -54
575 -178
576 -75
577 -737
578 -74
579 -62
580 -81
581 -75
582 -1237
583 -2345
584 -75
585 -13001
586 -75
587 -62
588 -62
589 -73
590 -111
591 -62
592 -318
593 -70
594 -74
595 -70
596 -73
597 -70
598 -75
599 -74
600 -169
601 -62
602 -269
603 -1270
604 -62
605 -73
606 -800
607 -62
608 -75
609 -74
610 -70
611 -70
612 -73
613 -904
614 -62
615 -70
616 -62
617 -70
618 -65
619 -69
620 -70
621 -273
622 -414
623 -75
624 -70
625 -89
626 -75
627 -218
628 -62
629 -298
630 -62
631 -62
632 -207
633 -62
634 -74
635 -58
636 -73
637 -62
638 -76
639 -773
640 -73
641 -70
642 -75
643 -73
644 -70
645 -73
646 -74
647 -62
648 -70
649 -62
650 -70
651 -168
652 -74
653 -90
654 -76
655 -70
656 -75
657 -292
658 -74
659 -62
660 -62
661 -322
662 -76
663 -75
664 -75
665 -261
666 -75
667 -73
668 -75
669 -74
670 -307
671 -75
672 -75
673 -62
674 -73
675 -93
676 -74
677 -74
678 -70
679 -75
680 -76
681 -62
682 -73
683 -73
684 -73
685 -106
686 -62
687 -75
688 -76
689 -261
690 -74
691 -73
692 -75
693 -70
694 -76
695 -695
696 -74
697 -302
698 -75
699 -75
700 -70
701 -76
702 -73
703 -76
704 -91
705 -70
706 -73
707 -67
708 -74
709 -76
710 -75
711 -2131
712 -75
713 -75
714 -73
715 -75
716 -76
717 -62
718 -912
719 -75
720 -76
721 -70
722 -62
723 -76
724 -73
725 -1138
726 -75
727 -2559
728 -73
729 -76
730 -76
731 -117
732 -73
733 -1186
734 -76
735 -1368
736 -75
737 -5222
738 -74
739 -74
740 -62
741 -75
742 -73
743 -62
744 -62
745 -70
746 -70
747 -73
748 -75
749 -62
750 -62
751 -62
752 -501
753 -75
754 -75
755 -73
756 -73
757 -7402
758 -75
759 -62
760 -75
761 -386
762 -137
763 -76
764 -62
765 -223
766 -73
767 -260
768 -62
769 -74
770 -76
771 -63
772 -75
773 -73
774 -73
775 -75
776 -502
777 -73
778 -65
779 -62
780 -62
781 -537
782 -73
783 -75
784 -75
785 -62
786 -75
787 -74
788 -76
789 -443
790 -74
791 -74
792 -78
793 -55
794 -75
795 -76
796 -195
797 -75
798 -74
799 -75
800 -102
801 -76
802 -77
803 -75
804 -62
805 -62
806 -70
807 -54
808 -902
809 -75
810 -74
811 -517
812 -70
813 -70
814 -74
815 -62
816 -76
817 -1753
818 -62
819 -70
820 -75
821 -1391
822 -73
823 -75
824 -75
825 -76
826 -1519
827 -62
828 -70
829 -75
830 -75
831 -70
832 -735
833 -74
834 -74
835 -73
836 -187
837 -70
838 -5586
839 -75
840 -70
841 -75
842 -232
843 -77
844 -591
845 -225
846 -74
847 -70
848 -75
849 -70
850 -75
851 -62
852 -74
853 -70
854 -75
855 -73
856 -62
857 -73
858 -70
859 -74
860 -76
861 -57
862 -75
863 -662
864 -62
865 -70
866 -62
867 -75
868 -749
869 -72
870 -74
871 -75
872 -1755
873 -455
874 -34
875 -75
876 -76
877 -70
878 -289
879 -70
880 -75
881 -140
882 -75
883 -75
884 -62
885 -210
886 -73
887 -76
888 -79
889 -62
890 -73
891 -73
892 -2547
893 -70
894 -646
895 -526
896 -62
897 -70
898 -75
899 -75
900 -62
901 -74
902 -70
903 -70
904 -4596
905 -76
906 -75
907 -62
908 -74
909 -241
910 -344
911 -62
912 -75
913 -62
914 -70
915 -76
916 -70
917 -652
918 -62
919 -74
920 -62
921 -70
922 -74
923 -70
924 -75
925 -75
926 -767
927 -62
928 -70
929 -76
930 -62
931 -674
932 -62
933 -76
934 -62
935 -74
936 -70
937 -76
938 -73
939 -62
940 -62
941 -312
942 -57
943 -75
944 -75
945 -76
946 -62
947 -8670
948 -6315
949 -74
950 -62
951 -62
952 -62
953 -76
954 -75
955 -76
956 -70
957 -70
958 -70
959 -70
960 -70
961 -958
962 -74
963 -75
964 -70
965 -77
966 -74
967 -534
968 -73
969 -62
970 -73
971 -2029
972 -75
973 -201
974 -62
975 -73
976 -75
977 -76
978 -84
979 -1354
980 -70
981 -75
982 -62
983 -71
984 -70
985 -85
986 -73
987 -70
988 -73
989 -76
990 -70
991 -70
992 -70
993 -74
994 -62
995 -70
996 -70
997 -76
998 -70
999 -76
