0 -4066
1 -1357
2 -51
3 -53
4 -156
5 -69
6 -101
7 -634
8 -678
9 -770
10 -238
11 -125
12 -54
13 -1203
14 -42
15 -65
16 -47
17 -72
18 -87
19 -38
20 -54
21 -98
22 -49
23 -2128
24 -52
25 -179
26 -65
27 -936
28 -47
29 -68
30 -1635
31 -97
32 -157
33 -79
34 -47
35 -66
36 -90
37 -56
38 -629
39 -2582
40 -73
41 -468
42 -70
43 -65
44 -69
45 -84
46 -165
47 -65
48 -60
49 -87
50 -938
51 -5957
52 -203
53 -46
54 -2449
55 -1085
56 -1448
57 -2616
58 -63
59 -61
60 -31
61 -88
62 -111
63 -58
64 -674
65 -1254
66 -57
67 -82
68 -537
69 -63
70 -58
71 -167
72 -159
73 -1081
74 -83
75 -846
76 -67
77 -64
78 -66
79 -148
80 -172
81 -116
82 -91
83 -1524
84 -996
85 -128
86 -647
87 -1125
88 -72
89 -83
90 -69
91 -812
92 -127
93 -70
94 -88
95 -835
96 -123
97 -120
98 -35
99 -67
100 -78
101 -182
102 -58
103 -175
104 -74
105 -84
106 -277
107 -2064
108 -4897
109 -58
110 -218
111 -250
112 -72
113 -83
114 -478
115 -54
116 -106
117 -51
118 -44
119 -133
120 -56
121 -267
122 -1232
123 -81
124 -484
125 -26
126 -96
127 -68
128 -2967
129 -236
130 -54
131 -57
132 -566
133 -1708
134 -2762
135 -92
136 -1112
137 -76
138 -58
139 -493
140 -351
141 -3380
142 -120
143 -734
144 -142
145 -67
146 -105
147 -221
148 -60
149 -243
150 -332
151 -102
152 -84
153 -110
154 -86
155 -1515
156 -231
157 -1259
158 -117
159 -40
160 -62
161 -104
162 -195
163 -65
164 -154
165 -71
166 -830
167 -68
168 -46
169 -155
170 -63
171 -67
172 -42
173 -1256
174 -147
175 -77
176 -46
177 -1954
178 -388
179 -112
180 -59
181 -80
182 -69
183 -53
184 -142
185 -115
186 -60
187 -85
188 -79
189 -38
190 -86
191 -1356
192 -248
193 -59
194 -185
195 -127
196 -86
197 -379
198 -80
199 -51
200 -66
201 -91
202 -170
203 -54
204 -469
205 -103
206 -83
207 -99
208 -46
209 -62
210 -79
211 -1182
212 -60
213 -68
214 -50
215 -54
216 -105
217 -91
218 -466
219 -64
220 -73
221 -130
222 -574
223 -44
224 -96
225 -68
226 -60
227 -710
228 -29
229 -1269
230 -130
231 -1583
232 -70
233 -5030
234 -2061
235 -61
236 -62
237 -68
238 -124
239 -64
240 -114
241 -1525
242 -128
243 -88
244 -627
245 -59
246 -548
247 -58
248 -60
249 -3086
250 -658
251 -53
252 -41
253 -53
254 -56
255 -55
256 -1207
257 -54
258 -40
259 -55
260 -103
261 -55
262 -49
263 -154
264 -634
265 -59
266 -63
267 -140
268 -237
269 -120
270 -86
271 -49
272 -186
273 -755
274 -75
275 -387
276 -50
277 -132
278 -59
279 -467
280 -5020
281 -77
282 -68
283 -87
284 -96
285 -217
286 -66
287 -90
288 -648
289 -50
290 -65
291 -64
292 -73
293 -58
294 -68
295 -420
296 -4878
297 -83
298 -82
299 -117
300 -567
301 -281
302 -57
303 -114
304 -61
305 -136
306 -163
307 -2344
308 -71
309 -370
310 -95
311 -362
312 -53
313 -55
314 -51
315 -107
316 -399
317 -128
318 -57
319 -339
320 -1572
321 -112
322 -78
323 -2008
324 -143
325 -75
326 -29
327 -93
328 -131
329 -769
330 -537
331 -88
332 -93
333 -40
334 -79
335 -2153
336 -69
337 -77
338 -63
339 -756
340 -63
341 -50
342 -909
343 -52
344 -72
345 -783
346 -77
347 -46
348 -123
349 -71
350 -1021
351 -43
352 -51
353 -72
354 -116
355 -87
356 -69
357 -54
358 -77
359 -201
360 -71
361 -167
362 -76
363 -110
364 -2959
365 -68
366 -167
367 -62
368 -60
369 -58
370 -56
371 -76
372 -75
373 -44
374 -374
375 -354
376 -826
377 -643
378 -256
379 -60
380 -470
381 -75
382 -50
383 -60
384 -98
385 -132
386 -69
387 -122
388 -92
389 -134
390 -86
391 -144
392 -163
393 -68
394 -76
395 -64
396 -81
397 -135
398 -131
399 -79
400 -93
401 -54
402 -534
403 -67
404 -67
405 -49
406 -79
407 -547
408 -548
409 -69
410 -57
411 -112
412 -39
413 -431
414 -509
415 -107
416 -65
417 -61
418 -49
419 -98
420 -86
421 -366
422 -86
423 -50
424 -5855
425 -63
426 -182
427 -42
428 -58
429 -85
430 -406
431 -58
432 -50
433 -287
434 -138
435 -170
436 -78
437 -45
438 -69
439 -52
440 -634
441 -224
442 -76
443 -217
444 -691
445 -481
446 -55
447 -58
448 -65
449 -75
450 -60
451 -130
452 -166
453 -58
454 -73
455 -123
456 -1026
457 -65
458 -64
459 -60
460 -121
461 -134
462 -215
463 -1031
464 -68
465 -60
466 -89
467 -79
468 -75
469 -1105
470 -84
471 -585
472 -201
473 -62
474 -173
475 -691
476 -89
477 -66
478 -89
479 -123
480 -72
481 -69
482 -1265
483 -64
484 -297
485 -59
486 -1110
487 -60
488 -65
489 -86
490 -141
491 -750
492 -139
493 -72
494 -484
495 -143
496 -322
497 -68
498 -50
499 -79
500 -74
501 -116
502 -51
503 -29
504 -78
505 -47
506 -479
507 -67
508 -186
509 -155
510 -49
511 -88
512 -73
513 -74
514 -64
515 -46
516 -53
517 -69
518 -115
519 -169
520 -67
521 -74
522 -65
523 -82
524 -97
525 -1233
526 -1731
527 -59
528 -2266
529 -1802
530 -72
531 -57
532 -56
533 -64
534 -80
535 -141
536 -907
537 -41
538 -3206
539 -1320
540 -65
541 -1046
542 -78
543 -176
544 -695
545 -64
546 -62
547 -73
548 -58
549 -714
550 -62
551 -45
552 -94
553 -2824
554 -973
555 -68
556 -70
557 -79
558 -482
559 -75
560 -63
561 -1842
562 -50
563 -93
564 -712
565 -2084
566 -62
567 -88
568 -50
569 -71
570 -2035
571 -261
572 -108
573 -1314
574 -64
575 -54
576 -455
577 -183
578 -754
579 -59
580 -70
581 -130
582 -451
583 -163
584 -77
585 -131
586 -724
587 -51
588 -1274
589 -63
590 -79
591 -80
592 -2018
593 -224
594 -49
595 -137
596 -63
597 -707
598 -59
599 -129
600 -56
601 -149
602 -494
603 -1398
604 -55
605 -55
606 -94
607 -131
608 -240
609 -88
610 -63
611 -97
612 -1112
613 -177
614 -64
615 -56
616 -51
617 -93
618 -992
619 -95
620 -213
621 -75
622 -144
623 -80
624 -74
625 -85
626 -66
627 -186
628 -924
629 -238
630 -182
631 -1405
632 -82
633 -46
634 -2795
635 -78
636 -62
637 -66
638 -111
639 -824
640 -74
641 -911
642 -111
643 -555
644 -92
645 -108
646 -101
647 -73
648 -454
649 -390
650 -51
651 -54
652 -3763
653 -1639
654 -654
655 -54
656 -55
657 -49
658 -197
659 -85
660 -640
661 -87
662 -48
663 -49
664 -248
665 -97
666 -60
667 -66
668 -54
669 -75
670 -235
671 -351
672 -136
673 -47
674 -73
675 -108
676 -125
677 -84
678 -162
679 -58
680 -1099
681 -113
682 -143
683 -530
684 -120
685 -61
686 -138
687 -86
688 -171
689 -48
690 -51
691 -70
692 -74
693 -44
694 -68
695 -80
696 -75
697 -581
698 -134
699 -67
700 -223
701 -511
702 -194
703 -71
704 -66
705 -69
706 -261
707 -73
708 -61
709 -348
710 -680
711 -104
712 -386
713 -423
714 -54
715 -78
716 -163
717 -394
718 -194
719 -74
720 -241
721 -898
722 -139
723 -251
724 -153
725 -1666
726 -266
727 -69
728 -1963
729 -532
730 -63
731 -237
732 -396
733 -58
734 -54
735 -794
736 -495
737 -1108
738 -2308
739 -191
740 -276
741 -92
742 -175
743 -41
744 -53
745 -31
746 -49
747 -75
748 -68
749 -54
750 -3202
751 -725
752 -71
753 -965
754 -73
755 -198
756 -1430
757 -56
758 -85
759 -64
760 -170
761 -45
762 -411
763 -140
764 -601
765 -192
766 -73
767 -115
768 -120
769 -96
770 -55
771 -97
772 -127
773 -1437
774 -112
775 -56
776 -232
777 -90
778 -46
779 -111
780 -58
781 -70
782 -93
783 -1524
784 -73
785 -98
786 -49
787 -45
788 -73
789 -37
790 -254
791 -1345
792 -80
793 -1735
794 -58
795 -77
796 -70
797 -111
798 -74
799 -75
800 -1404
801 -69
802 -60
803 -103
804 -75
805 -1027
806 -76
807 -54
808 -90
809 -93
810 -110
811 -58
812 -82
813 -77
814 -1638
815 -47
816 -89
817 -45
818 -126
819 -62
820 -3619
821 -155
822 -6959
823 -399
824 -3398
825 -178
826 -49
827 -112
828 -105
829 -47
830 -79
831 -92
832 -85
833 -69
834 -2293
835 -97
836 -2307
837 -263
838 -61
839 -62
840 -295
841 -108
842 -74
843 -861
844 -50
845 -502
846 -69
847 -652
848 -53
849 -675
850 -352
851 -789
852 -722
853 -79
854 -468
855 -83
856 -45
857 -867
858 -54
859 -263
860 -1594
861 -703
862 -60
863 -2362
864 -125
865 -68
866 -57
867 -955
868 -1151
869 -122
870 -68
871 -48
872 -64
873 -70
874 -727
875 -87
876 -628
877 -68
878 -683
879 -58
880 -399
881 -88
882 -81
883 -125
884 -94
885 -52
886 -43
887 -82
888 -137
889 -151
890 -142
891 -99
892 -353
893 -71
894 -75
895 -97
896 -56
897 -80
898 -116
899 -80
900 -214
901 -95
902 -61
903 -68
904 -122
905 -124
906 -63
907 -421
908 -59
909 -59
910 -94
911 -47
912 -109
913 -384
914 -135
915 -69
916 -237
917 -51
918 -59
919 -134
920 -521
921 -91
922 -109
923 -103
924 -87
925 -136
926 -55
927 -165
928 -206
929 -2234
930 -130
931 -85
932 -68
933 -84
934 -169
935 -158
936 -113
937 -971
938 -89
939 -58
940 -1916
941 -67
942 -61
943 -53
944 -45
945 -3038
946 -70
947 -64
948 -64
949 -2125
950 -118
951 -277
952 -69
953 -1414
954 -64
955 -89
956 -148
957 -61
958 -109
959 -473
960 -73
961 -3597
962 -59
963 -643
964 -82
965 -80
966 -53
967 -46
968 -88
969 -73
970 -136
971 -94
972 -72
973 -55
974 -1087
975 -44
976 -83
977 -58
978 -68
979 -59
980 -108
981 -1318
982 -93
983 -103
984 -424
985 -1298
986 -613
987 -526
988 -788
989 -2537
990 -83
991 -72
992 -69
993 -61
994 -63
995 -594
996 -88
997 -53
998 -87
999 -64
