0 -758
1 -62
2 -71
3 -75
4 -76
5 -73
6 -60
7 -134
8 -75
9 -75
10 -73
11 -74
12 -75
13 -70
14 -855
15 -76
16 -75
17 -51
18 -303
19 -74
20 -70
21 -76
22 -1534
23 -60
24 -60
25 -1496
26 -62
27 -74
28 -73
29 -70
30 -70
31 -62
32 -74
33 -60
34 -46
35 -248
36 -60
37 -60
38 -539
39 -70
40 -74
41 -66
42 -80
43 -174
44 -2070
45 -66
46 -51
47 -260
48 -70
49 -51
50 -76
51 -65
52 -74
53 -62
54 -163
55 -74
56 -57
57 -75
58 -76
59 -74
60 -2020
61 -74
62 -2177
63 -74
64 -75
65 -75
66 -51
67 -76
68 -74
69 -73
70 -74
71 -70
72 -111
73 -76
74 -62
75 -62
76 -74
77 -55
78 -249
79 -652
80 -128
81 -60
82 -60
83 -75
84 -75
85 -76
86 -65
87 -70
88 -60
89 -74
90 -79
91 -70
92 -60
93 -70
94 -75
95 -73
96 -75
97 -70
98 -73
99 -139
100 -62
101 -60
102 -66
103 -74
104 -74
105 -75
106 -75
107 -74
108 -1942
109 -410
110 -60
111 -55
112 -74
113 -141
114 -2401
115 -70
116 -596
117 -75
118 -75
119 -74
120 -76
121 -74
122 -73
123 -137
124 -76
125 -73
126 -73
127 -75
128 -75
129 -76
130 -73
131 -73
132 -76
133 -62
134 -273
135 -75
136 -65
137 -73
138 -62
139 -76
140 -76
141 -74
142 -1756
143 -61
144 -62
145 -75
146 -55
147 -60
148 -75
149 -75
150 -450
151 -55
152 -661
153 -76
154 -673
155 -70
156 -73
157 -75
158 -76
159 -56
160 -3999
161 -51
162 -64
163 -73
164 -70
165 -3199
166 -75
167 -55
168 -55
169 -177
170 -95
171 -70
172 -341
173 -73
174 -75
175 -62
176 -76
177 -75
178 -60
179 -75
180 -35
181 -74
182 -70
183 -70
184 -74
185 -305
186 -73
187 -295
188 -75
189 -139
190 -60
191 -74
192 -75
193 -126
194 -184
195 -70
196 -76
197 -81
198 -75
199 -75
200 -76
201 -62
202 -60
203 -73
204 -204
205 -76
206 -62
207 -2054
208 -935
209 -174
210 -60
211 -396
212 -75
213 -142
214 -74
215 -64
216 -75
217 -62
218 -60
219 -56
220 -62
221 -546
222 -74
223 -73
224 -995
225 -76
226 -75
227 -69
228 -73
229 -70
230 -6943
231 -75
232 -76
233 -257
234 -36
235 -73
236 -74
237 -64
238 -196
239 -70
240 -76
241 -62
242 -76
243 -74
244 -73
245 -76
246 -74
247 -62
248 -685
249 -72
250 -74
251 -101
252 -75
253 -73
254 -70
255 -62
256 -60
257 -75
258 -62
259 -70
260 -60
261 -60
262 -62
263 -47
264 -76
265 -70
266 -75
267 -1210
268 -70
269 -75
270 -274
271 -51
272 -73
273 -75
274 -70
275 -74
276 -74
277 -54
278 -75
279 -74
280 -73
281 -70
282 -76
283 -76
284 -76
285 -195
286 -185
287 -70
288 -62
289 -62
290 -324
291 -69
292 -78
293 -76
294 -73
295 -76
296 -76
297 -74
298 -75
299 -63
300 -60
301 -70
302 -75
303 -60
304 -1145
305 -73
306 -73
307 -75
308 -70
309 -52
310 -70
311 -55
312 -73
313 -76
314 -337
315 -739
316 -2110
317 -139
318 -75
319 -74
320 -75
321 -74
322 -75
323 -74
324 -3472
325 -62
326 -75
327 -1063
328 -70
329 -75
330 -75
331 -474
332 -75
333 -75
334 -3068
335 -229
336 -372
337 -74
338 -74
339 -57
340 -75
341 -62
342 -74
343 -51
344 -63
345 -70
346 -76
347 -66
348 -62
349 -60
350 -76
351 -6035
352 -76
353 -74
354 -75
355 -73
356 -429
357 -1031
358 -75
359 -103
360 -99
361 -4070
362 -774
363 -60
364 -62
365 -75
366 -62
367 -75
368 -60
369 -74
370 -75
371 -75
372 -843
373 -31
374 -75
375 -73
376 -75
377 -284
378 -60
379 -75
380 -62
381 -74
382 -62
383 -3847
384 -73
385 -74
386 -220
387 -77
388 -39
389 -62
390 -60
391 -353
392 -51
393 -402
394 -60
395 -73
396 -2094
397 -297
398 -580
399 -6775
400 -74
401 -526
402 -73
403 -73
404 -70
405 -75
406 -314
407 -75
408 -75
409 -62
410 -76
411 -76
412 -66
413 -69
414 -75
415 -60
416 -75
417 -234
418 -1556
419 -401
420 -75
421 -60
422 -215
423 -70
424 -73
425 -75
426 -154
427 -70
428 -60
429 -76
430 -104
431 -62
432 -98
433 -70
434 -75
435 -73
436 -53
437 -75
438 -4462
439 -73
440 -53
441 -1202
442 -73
443 -74
444 -4920
445 -1368
446 -156
447 -28
448 -60
449 -364
450 -73
451 -60
452 -70
453 -52
454 -60
455 -62
456 -75
457 -75
458 -422
459 -75
460 -979
461 -44
462 -75
463 -75
464 -70
465 -70
466 -267
467 -60
468 -67
469 -51
470 -75
471 -75
472 -74
473 -62
474 -70
475 -62
476 -70
477 -70
478 -60
479 -70
480 -75
481 -73
482 -69
483 -105
484 -62
485 -469
486 -75
487 -70
488 -74
489 -75
490 -66
491 -75
492 -73
493 -470
494 -74
495 -76
496 -75
497 -79
498 -61
499 -76
500 -73
501 -76
502 -70
503 -76
504 -37
505 -76
506 -36
507 -183
508 -60
509 -75
510 -75
511 -210
512 -93
513 -159
514 -76
515 -70
516 -75
517 -43
518 -73
519 -70
520 -37
521 -76
522 -62
523 -75
524 -60
525 -73
526 -11381
527 -60
528 -76
529 -1186
530 -500
531 -571
532 -275
533 -62
534 -75
535 -74
536 -70
537 -148
538 -75
539 -62
540 -73
541 -76
542 -76
543 -73
544 -60
545 -75
546 -70
547 -62
548 -1315
549 -76
550 -60
551 -60
552 -74
553 -146
554 -75
555 -76
556 -85
557 -500
558 -62
559 -73
560 -1210
561 -76
562 -28
563 -75
564 -62
565 -142
566 -5650
567 -75
568 -38
569 -74
570 -621
571 -192
572 -75
573 -70
574 -62
575 -62
576 -33
577 -73
578 -73
579 -76
580 -75
581 -61
582 -4213
583 -75
584 -62
585 -73
586 -62
587 -60
588 -55
589 -60
590 -325
591 -70
592 -70
593 -74
594 -60
595 -60
596 -76
597 -75
598 -55
599 -75
600 -299
601 -76
602 -194
603 -73
604 -17
605 -75
606 -74
607 -60
608 -75
609 -75
610 -38
611 -158
612 -76
613 -74
614 -76
615 -70
616 -60
617 -21
618 -2042
619 -62
620 -73
621 -73
622 -74
623 -81
624 -75
625 -75
626 -62
627 -51
628 -62
629 -75
630 -70
631 -60
632 -76
633 -74
634 -476
635 -74
636 -65
637 -62
638 -1431
639 -3159
640 -74
641 -75
642 -267
643 -66
644 -62
645 -173
646 -74
647 -75
648 -73
649 -76
650 -713
651 -78
652 -75
653 -75
654 -162
655 -74
656 -75
657 -436
658 -203
659 -74
660 -74
661 -60
662 -73
663 -73
664 -80
665 -70
666 -60
667 -70
668 -62
669 -54
670 -74
671 -75
672 -352
673 -60
674 -51
675 -74
676 -79
677 -75
678 -411
679 -75
680 -73
681 -75
682 -2425
683 -73
684 -38
685 -70
686 -52
687 -4250
688 -60
689 -74
690 -76
691 -60
692 -62
693 -1582
694 -640
695 -75
696 -51
697 -282
698 -70
699 -70
700 -62
701 -76
702 -70
703 -76
704 -60
705 -70
706 -77
707 -60
708 -67
709 -60
710 -60
711 -75
712 -62
713 -151
714 -60
715 -70
716 -80
717 -75
718 -75
719 -60
720 -209
721 -75
722 -62
723 -59
724 -84
725 -274
726 -73
727 -239
728 -62
729 -74
730 -1629
731 -70
732 -62
733 -62
734 -63
735 -37
736 -75
737 -153
738 -55
739 -70
740 -76
741 -73
742 -70
743 -76
744 -439
745 -60
746 -37
747 -81
748 -280
749 -75
750 -62
751 -74
752 -60
753 -75
754 -70
755 -74
756 -1384
757 -60
758 -70
759 -75
760 -46
761 -73
762 -259
763 -314
764 -62
765 -876
766 -75
767 -670
768 -232
769 -74
770 -529
771 -75
772 -74
773 -70
774 -60
775 -74
776 -75
777 -70
778 -60
779 -47
780 -75
781 -75
782 -73
783 -76
784 -73
785 -62
786 -62
787 -60
788 -90
789 -75
790 -60
791 -75
792 -75
793 -75
794 -2974
795 -74
796 -38
797 -60
798 -34
799 -74
800 -55
801 -73
802 -76
803 -75
804 -75
805 -54
806 -70
807 -74
808 -5050
809 -75
810 -60
811 -73
812 -76
813 -60
814 -60
815 -73
816 -702
817 -73
818 -73
819 -73
820 -74
821 -62
822 -441
823 -76
824 -70
825 -75
826 -67
827 -74
828 -73
829 -70
830 -143
831 -75
832 -74
833 -63
834 -73
835 -60
836 -70
837 -64
838 -75
839 -62
840 -62
841 -57
842 -75
843 -326
844 -60
845 -74
846 -70
847 -75
848 -70
849 -73
850 -3190
851 -75
852 -74
853 -62
854 -76
855 -629
856 -73
857 -60
858 -76
859 -62
860 -75
861 -220
862 -76
863 -75
864 -1036
865 -549
866 -74
867 -1293
868 -60
869 -76
870 -75
871 -70
872 -53
873 -60
874 -73
875 -62
876 -62
877 -80
878 -75
879 -75
880 -41
881 -75
882 -75
883 -358
884 -1908
885 -74
886 -61
887 -62
888 -75
889 -60
890 -219
891 -75
892 -37
893 -75
894 -75
895 -60
896 -73
897 -62
898 -62
899 -74
900 -33
901 -75
902 -75
903 -50
904 -1088
905 -76
906 -60
907 -75
908 -218
909 -78
910 -76
911 -1543
912 -75
913 -181
914 -75
915 -36
916 -75
917 -73
918 -75
919 -70
920 -75
921 -332
922 -150
923 -75
924 -396
925 -62
926 -1151
927 -75
928 -60
929 -74
930 -60
931 -73
932 -74
933 -70
934 -287
935 -75
936 -73
937 -74
938 -70
939 -3491
940 -62
941 -75
942 -73
943 -60
944 -75
945 -68
946 -76
947 -60
948 -60
949 -1907
950 -73
951 -75
952 -57
953 -70
954 -39
955 -292
956 -55
957 -107
958 -74
959 -62
960 -60
961 -75
962 -73
963 -75
964 -74
965 -2079
966 -2621
967 -74
968 -73
969 -55
970 -75
971 -75
972 -76
973 -74
974 -75
975 -76
976 -75
977 -76
978 -70
979 -62
980 -70
981 -643
982 -76
983 -400
984 -76
985 -75
986 -73
987 -76
988 -70
989 -70
990 -75
991 -74
992 -80
993 -60
994 -73
995 -73
996 -93
997 -70
998 -62
999 -26
