0 -76
1 -370
2 -4027
3 -75
4 -75
5 -55
6 -74
7 -1155
8 -74
9 -182
10 -62
11 -52
12 -73
13 -65
14 -74
15 -1228
16 -55
17 -821
18 -75
19 -1559
20 -278
21 -1456
22 -115
23 -60
24 -74
25 -76
26 -46
27 -224
28 -75
29 -70
30 -75
31 -187
32 -73
33 -192
34 -60
35 -83
36 -74
37 -58
38 -76
39 -62
40 -75
41 -132
42 -74
43 -62
44 -60
45 -70
46 -62
47 -92
48 -74
49 -73
50 -75
51 -76
52 -74
53 -74
54 -75
55 -73
56 -60
57 -74
58 -75
59 -60
60 -60
61 -76
62 -1548
63 -75
64 -60
65 -37
66 -624
67 -75
68 -62
69 -74
70 -60
71 -62
72 -62
73 -75
74 -60
75 -75
76 -94
77 -206
78 -75
79 -75
80 -75
81 -60
82 -75
83 -75
84 -62
85 -75
86 -62
87 -75
88 -74
89 -74
90 -60
91 -76
92 -75
93 -70
94 -193
95 -75
96 -62
97 -76
98 -1213
99 -75
100 -62
101 -75
102 -62
103 -113
104 -76
105 -74
106 -352
107 -76
108 -70
109 -2078
110 -74
111 -60
112 -60
113 -75
114 -75
115 -1346
116 -73
117 -60
118 -75
119 -3067
120 -73
121 -74
122 -74
123 -547
124 -60
125 -62
126 -79
127 -186
128 -60
129 -76
130 -70
131 -2635
132 -76
133 -461
134 -169
135 -260
136 -75
137 -75
138 -70
139 -76
140 -74
141 -73
142 -93
143 -212
144 -62
145 -73
146 -60
147 -64
148 -73
149 -76
150 -62
151 -62
152 -75
153 -405
154 -73
155 -316
156 -160
157 -113
158 -75
159 -141
160 -82
161 -70
162 -124
163 -75
164 -60
165 -70
166 -62
167 -75
168 -185
169 -60
170 -141
171 -60
172 -291
173 -73
174 -73
175 -102
176 -73
177 -168
178 -82
179 -2077
180 -73
181 -60
182 -73
183 -60
184 -70
185 -73
186 -70
187 -74
188 -73
189 -67
190 -73
191 -72
192 -495
193 -74
194 -215
195 -75
196 -207
197 -70
198 -74
199 -74
200 -122
201 -70
202 -60
203 -74
204 -152
205 -73
206 -75
207 -89
208 -131
209 -60
210 -70
211 -56
212 -130
213 -65
214 -62
215 -92
216 -626
217 -1593
218 -70
219 -96
220 -68
221 -60
222 -62
223 -75
224 -70
225 -73
226 -471
227 -76
228 -76
229 -806
230 -797
231 -75
232 -83
233 -75
234 -128
235 -76
236 -147
237 -62
238 -70
239 -75
240 -73
241 -75
242 -1481
243 -347
244 -75
245 -76
246 -150
247 -56
248 -75
249 -122
250 -60
251 -515
252 -351
253 -67
254 -972
255 -62
256 -7172
257 -62
258 -75
259 -75
260 -769
261 -1066
262 -62
263 -70
264 -76
265 -75
266 -75
267 -74
268 -75
269 -496
270 -74
271 -73
272 -75
273 -74
274 -70
275 -74
276 -73
277 -2689
278 -285
279 -1399
280 -62
281 -75
282 -74
283 -76
284 -60
285 -70
286 -75
287 -60
288 -634
289 -76
290 -62
291 -80
292 -73
293 -74
294 -76
295 -289
296 -81
297 -73
298 -73
299 -89
300 -463
301 -1054
302 -74
303 -160
304 -62
305 -73
306 -60
307 -60
308 -65
309 -75
310 -62
311 -306
312 -76
313 -62
314 -117
315 -240
316 -70
317 -74
318 -66
319 -62
320 -74
321 -60
322 -515
323 -75
324 -142
325 -207
326 -76
327 -404
328 -75
329 -60
330 -62
331 -76
332 -2274
333 -72
334 -368
335 -74
336 -70
337 -70
338 -225
339 -71
340 -338
341 -74
342 -70
343 -73
344 -73
345 -73
346 -79
347 -60
348 -60
349 -64
350 -75
351 -243
352 -76
353 -60
354 -73
355 -70
356 -70
357 -312
358 -70
359 -73
360 -76
361 -62
362 -70
363 -62
364 -60
365 -75
366 -330
367 -74
368 -70
369 -76
370 -184
371 -73
372 -76
373 -84
374 -76
375 -75
376 -77
377 -633
378 -62
379 -62
380 -60
381 -75
382 -73
383 -76
384 -70
385 -70
386 -75
387 -70
388 -85
389 -75
390 -75
391 -60
392 -73
393 -73
394 -73
395 -74
396 -75
397 -221
398 -513
399 -62
400 -75
401 -70
402 -489
403 -74
404 -60
405 -146
406 -150
407 -62
408 -75
409 -62
410 -183
411 -75
412 -3232
413 -73
414 -297
415 -62
416 -64
417 -75
418 -62
419 -74
420 -60
421 -60
422 -75
423 -8197
424 -75
425 -75
426 -49
427 -75
428 -74
429 -263
430 -76
431 -60
432 -76
433 -59
434 -75
435 -75
436 -106
437 -73
438 -73
439 -76
440 -73
441 -81
442 -60
443 -73
444 -76
445 -76
446 -709
447 -75
448 -60
449 -75
450 -157
451 -68
452 -70
453 -73
454 -62
455 -62
456 -70
457 -75
458 -70
459 -120
460 -97
461 -74
462 -115
463 -69
464 -55
465 -361
466 -75
467 -75
468 -756
469 -62
470 -62
471 -2053
472 -625
473 -75
474 -75
475 -95
476 -75
477 -60
478 -74
479 -75
480 -80
481 -70
482 -75
483 -75
484 -58
485 -74
486 -75
487 -60
488 -406
489 -76
490 -70
491 -602
492 -62
493 -1903
494 -75
495 -76
496 -73
497 -73
498 -784
499 -75
500 -75
501 -62
502 -76
503 -75
504 -79
505 -76
506 -1351
507 -60
508 -75
509 -73
510 -70
511 -75
512 -73
513 -75
514 -75
515 -280
516 -190
517 -76
518 -73
519 -73
520 -116
521 -62
522 -220
523 -92
524 -106
525 -2700
526 -70
527 -73
528 -62
529 -501
530 -70
531 -62
532 -73
533 -1728
534 -62
535 -73
536 -481
537 -70
538 -62
539 -75
540 -51
541 -76
542 -76
543 -70
544 -62
545 -73
546 -62
547 -290
548 -70
549 -70
550 -62
551 -76
552 -70
553 -76
554 -5487
555 -60
556 -60
557 -54
558 -271
559 -75
560 -74
561 -67
562 -145
563 -74
564 -57
565 -60
566 -62
567 -5053
568 -101
569 -215
570 -286
571 -578
572 -74
573 -76
574 -60
575 -76
576 -75
577 -62
578 -70
579 -73
580 -70
581 -62
582 -189
583 -75
584 -75
585 -60
586 -33
587 -75
588 -73
589 -62
590 -76
591 -76
592 -62
593 -75
594 -76
595 -985
596 -75
597 -62
598 -72
599 -77
600 -60
601 -70
602 -137
603 -73
604 -126
605 -68
606 -69
607 -62
608 -76
609 -490
610 -60
611 -74
612 -76
613 -207
614 -70
615 -75
616 -56
617 -106
618 -60
619 -75
620 -73
621 -70
622 -75
623 -73
624 -1882
625 -75
626 -355
627 -73
628 -73
629 -777
630 -51
631 -75
632 -70
633 -60
634 -76
635 -75
636 -73
637 -76
638 -244
639 -70
640 -73
641 -73
642 -75
643 -77
644 -74
645 -62
646 -75
647 -501
648 -76
649 -76
650 -416
651 -62
652 -197
653 -75
654 -70
655 -75
656 -75
657 -777
658 -75
659 -54
660 -1012
661 -76
662 -62
663 -63
664 -60
665 -75
666 -73
667 -2375
668 -3279
669 -75
670 -75
671 -70
672 -70
673 -74
674 -74
675 -140
676 -62
677 -82
678 -131
679 -233
680 -1469
681 -75
682 -306
683 -75
684 -60
685 -231
686 -60
687 -75
688 -1691
689 -161
690 -150
691 -75
692 -55
693 -55
694 -70
695 -3748
696 -60
697 -76
698 -520
699 -172
700 -62
701 -75
702 -75
703 -70
704 -356
705 -1658
706 -5962
707 -53
708 -73
709 -75
710 -62
711 -113
712 -78
713 -74
714 -463
715 -60
716 -174
717 -122
718 -70
719 -75
720 -75
721 -396
722 -62
723 -74
724 -76
725 -189
726 -74
727 -73
728 -118
729 -75
730 -76
731 -60
732 -70
733 -1327
734 -75
735 -368
736 -166
737 -73
738 -75
739 -75
740 -62
741 -60
742 -73
743 -74
744 -54
745 -280
746 -76
747 -75
748 -38
749 -137
750 -75
751 -70
752 -244
753 -74
754 -75
755 -60
756 -60
757 -465
758 -74
759 -62
760 -62
761 -75
762 -76
763 -1746
764 -69
765 -75
766 -76
767 -74
768 -517
769 -74
770 -2765
771 -73
772 -817
773 -75
774 -75
775 -73
776 -70
777 -66
778 -1621
779 -75
780 -74
781 -75
782 -74
783 -901
784 -70
785 -75
786 -70
787 -70
788 -75
789 -62
790 -62
791 -74
792 -72
793 -75
794 -73
795 -76
796 -290
797 -51
798 -110
799 -76
800 -76
801 -60
802 -599
803 -75
804 -114
805 -74
806 -73
807 -46
808 -232
809 -70
810 -75
811 -62
812 -75
813 -60
814 -60
815 -62
816 -312
817 -75
818 -75
819 -60
820 -75
821 -75
822 -175
823 -76
824 -75
825 -75
826 -409
827 -814
828 -60
829 -74
830 -70
831 -123
832 -75
833 -74
834 -492
835 -573
836 -72
837 -76
838 -73
839 -1899
840 -73
841 -61
842 -70
843 -60
844 -122
845 -75
846 -75
847 -60
848 -75
849 -75
850 -60
851 -839
852 -480
853 -75
854 -178
855 -170
856 -75
857 -76
858 -565
859 -73
860 -69
861 -60
862 -63
863 -74
864 -46
865 -93
866 -75
867 -76
868 -74
869 -76
870 -360
871 -75
872 -70
873 -75
874 -357
875 -75
876 -195
877 -57
878 -62
879 -75
880 -73
881 -62
882 -624
883 -75
884 -76
885 -73
886 -76
887 -75
888 -41
889 -175
890 -646
891 -60
892 -62
893 -62
894 -75
895 -60
896 -62
897 -60
898 -363
899 -62
900 -74
901 -73
902 -263
903 -76
904 -60
905 -628
906 -119
907 -62
908 -62
909 -93
910 -75
911 -75
912 -75
913 -76
914 -594
915 -75
916 -90
917 -60
918 -77
919 -60
920 -60
921 -73
922 -55
923 -75
924 -75
925 -74
926 -75
927 -65
928 -104
929 -252
930 -75
931 -81
932 -75
933 -499
934 -230
935 -75
936 -74
937 -60
938 -75
939 -73
940 -73
941 -75
942 -77
943 -70
944 -76
945 -76
946 -62
947 -62
948 -595
949 -75
950 -37
951 -60
952 -1343
953 -70
954 -122
955 -220
956 -76
957 -69
958 -73
959 -940
960 -74
961 -412
962 -65
963 -60
964 -62
965 -70
966 -62
967 -150
968 -75
969 -74
970 -62
971 -62
972 -60
973 -75
974 -70
975 -62
976 -75
977 -73
978 -74
979 -60
980 -132
981 -60
982 -70
983 -75
984 -481
985 -74
986 -76
987 -471
988 -62
989 -80
990 -70
991 -931
992 -62
993 -75
994 -60
995 -75
996 -76
997 -62
998 -75
999 -70
