0 -76
1 -76
2 -70
3 -76
4 -333
5 -70
6 -76
7 -75
8 -2790
9 -2349
10 -74
11 -74
12 -75
13 -70
14 -75
15 -75
16 -75
17 -73
18 -73
19 -1710
20 -74
21 -74
22 -5455
23 -75
24 -70
25 -73
26 -485
27 -56
28 -62
29 -76
30 -75
31 -62
32 -74
33 -70
34 -56
35 -75
36 -70
37 -62
38 -70
39 -73
40 -75
41 -62
42 -56
43 -73
44 -76
45 -73
46 -1013
47 -95
48 -56
49 -1640
50 -1949
51 -74
52 -75
53 -76
54 -52
55 -373
56 -34
57 -76
58 -70
59 -70
60 -74
61 -70
62 -70
63 -75
64 -75
65 -75
66 -70
67 -73
68 -1410
69 -62
70 -70
71 -485
72 -75
73 -56
74 -1880
75 -62
76 -75
77 -75
78 -62
79 -73
80 -269
81 -74
82 -748
83 -62
84 -2714
85 -75
86 -76
87 -51
88 -75
89 -1567
90 -75
91 -70
92 -73
93 -75
94 -75
95 -99
96 -76
97 -639
98 -75
99 -56
100 -75
101 -73
102 -62
103 -76
104 -73
105 -58
106 -79
107 -5260
108 -74
109 -76
110 -765
111 -74
112 -75
113 -76
114 -75
115 -73
116 -70
117 -30
118 -75
119 -73
120 -2730
121 -348
122 -3015
123 -1243
124 -514
125 -74
126 -75
127 -74
128 -75
129 -73
130 -461
131 -70
132 -75
133 -75
134 -73
135 -70
136 -75
137 -36
138 -34
139 -9872
140 -40
141 -62
142 -70
143 -525
144 -46
145 -75
146 -76
147 -74
148 -75
149 -62
150 -180
151 -70
152 -70
153 -1355
154 -1190
155 -75
156 -75
157 -490
158 -75
159 -20
160 -52
161 -73
162 -76
163 -68
164 -715
165 -70
166 -73
167 -70
168 -73
169 -76
170 -239
171 -2347
172 -74
173 -76
174 -3164
175 -55
176 -2690
177 -67
178 -75
179 -75
180 -63
181 -2510
182 -70
183 -1372
184 -66
185 -2856
186 -71
187 -590
188 -62
189 -74
190 -74
191 -1407
192 -76
193 -67
194 -73
195 -74
196 -3156
197 -51
198 -73
199 -1442
200 -74
201 -985
202 -70
203 -74
204 -1203
205 -3475
206 -303
207 -62
208 -76
209 -56
210 -75
211 -62
212 -2775
213 -75
214 -62
215 -73
216 -73
217 -75
218 -54
219 -80
220 -76
221 -80
222 -1040
223 -76
224 -75
225 -46
226 -70
227 -928
228 -70
229 -33
230 -75
231 -80
232 -383
233 -75
234 -35
235 -3117
236 -70
237 -46
238 -62
239 -4366
240 -1660
241 -70
242 -1058
243 -420
244 -73
245 -76
246 -75
247 -75
248 -283
249 -279
250 -75
251 -70
252 -972
253 -70
254 -70
255 -62
256 -76
257 -555
258 -75
259 -75
260 -2832
261 -75
262 -36
263 -445
264 -100
265 -417
266 -76
267 -75
268 -75
269 -51
270 -79
271 -74
272 -50
273 -46
274 -62
275 -334
276 -73
277 -71
278 -7140
279 -695
280 -225
281 -70
282 -1580
283 -62
284 -62
285 -35
286 -6457
287 -74
288 -395
289 -75
290 -470
291 -99
292 -2849
293 -1009
294 -73
295 -195
296 -370
297 -75
298 -1170
299 -4862
300 -591
301 -3299
302 -70
303 -2085
304 -62
305 -73
306 -75
307 -4026
308 -74
309 -1023
310 -75
311 -575
312 -1447
313 -51
314 -1278
315 -70
316 -480
317 -4791
318 -75
319 -220
320 -51
321 -76
322 -75
323 -42
324 -46
325 -2225
326 -1243
327 -47
328 -73
329 -73
330 -70
331 -288
332 -60
333 -51
334 -3255
335 -74
336 -1037
337 -2937
338 -76
339 -70
340 -70
341 -1415
342 -80
343 -4052
344 -75
345 -47
346 -74
347 -4354
348 -70
349 -2694
350 -1430
351 -1880
352 -3247
353 -114
354 -62
355 -52
356 -1195
357 -73
358 -74
359 -809
360 -73
361 -68
362 -75
363 -76
364 -70
365 -70
366 -70
367 -2430
368 -62
369 -62
370 -75
371 -80
372 -4901
373 -70
374 -62
375 -51
376 -75
377 -205
378 -1369
379 -3644
380 -73
381 -62
382 -73
383 -73
384 -62
385 -70
386 -76
387 -62
388 -1102
389 -70
390 -293
391 -76
392 -2139
393 -775
394 -74
395 -74
396 -74
397 -62
398 -1440
399 -6150
400 -66
401 -75
402 -79
403 -76
404 -75
405 -969
406 -74
407 -278
408 -66
409 -70
410 -75
411 -70
412 -74
413 -1311
414 -62
415 -74
416 -76
417 -74
418 -62
419 -62
420 -1934
421 -73
422 -1039
423 -635
424 -74
425 -35
426 -75
427 -62
428 -2119
429 -786
430 -62
431 -75
432 -74
433 -73
434 -3164
435 -74
436 -2414
437 -73
438 -62
439 -291
440 -74
441 -55
442 -2919
443 -148
444 -75
445 -74
446 -75
447 -75
448 -39
449 -62
450 -42
451 -73
452 -1348
453 -2470
454 -75
455 -46
456 -75
457 -70
458 -75
459 -5881
460 -51
461 -76
462 -1040
463 -56
464 -74
465 -76
466 -480
467 -56
468 -70
469 -339
470 -1950
471 -75
472 -75
473 -1445
474 -70
475 -62
476 -62
477 -3529
478 -3095
479 -73
480 -75
481 -70
482 -75
483 -76
484 -400
485 -76
486 -73
487 -26
488 -70
489 -1520
490 -75
491 -289
492 -75
493 -76
494 -75
495 -70
496 -74
497 -75
498 -62
499 -76
500 -39
501 -4251
502 -3001
503 -75
504 -34
505 -80
506 -70
507 -1371
508 -76
509 -2300
510 -75
511 -58
512 -62
513 -71
514 -62
515 -73
516 -73
517 -76
518 -562
519 -538
520 -61
521 -75
522 -170
523 -74
524 -104
525 -73
526 -62
527 -75
528 -46
529 -76
530 -62
531 -75
532 -42
533 -73
534 -66
535 -1868
536 -74
537 -70
538 -75
539 -75
540 -75
541 -1746
542 -62
543 -705
544 -75
545 -74
546 -75
547 -73
548 -73
549 -73
550 -66
551 -73
552 -70
553 -74
554 -76
555 -46
556 -920
557 -74
558 -62
559 -62
560 -75
561 -418
562 -75
563 -74
564 -270
565 -75
566 -76
567 -65
568 -75
569 -76
570 -75
571 -75
572 -383
573 -73
574 -73
575 -75
576 -70
577 -70
578 -3211
579 -585
580 -1125
581 -75
582 -33
583 -70
584 -75
585 -66
586 -76
587 -79
588 -3665
589 -1901
590 -73
591 -76
592 -605
593 -73
594 -509
595 -563
596 -1621
597 -665
598 -75
599 -74
600 -62
601 -74
602 -73
603 -75
604 -75
605 -75
606 -70
607 -62
608 -1935
609 -1961
610 -44
611 -62
612 -75
613 -1560
614 -75
615 -3769
616 -1337
617 -74
618 -62
619 -645
620 -70
621 -458
622 -75
623 -70
624 -2450
625 -62
626 -2122
627 -76
628 -76
629 -42
630 -76
631 -70
632 -73
633 -62
634 -1003
635 -62
636 -60
637 -75
638 -62
639 -73
640 -76
641 -718
642 -1775
643 -73
644 -400
645 -73
646 -2202
647 -62
648 -52
649 -70
650 -1327
651 -56
652 -70
653 -46
654 -345
655 -75
656 -73
657 -36
658 -70
659 -73
660 -62
661 -67
662 -73
663 -75
664 -46
665 -70
666 -70
667 -794
668 -1180
669 -1285
670 -74
671 -75
672 -73
673 -65
674 -75
675 -73
676 -74
677 -400
678 -2065
679 -73
680 -34
681 -62
682 -75
683 -930
684 -67
685 -76
686 -1279
687 -75
688 -62
689 -74
690 -501
691 -76
692 -2033
693 -801
694 -508
695 -990
696 -62
697 -748
698 -74
699 -74
700 -566
701 -75
702 -62
703 -70
704 -355
705 -75
706 -1213
707 -76
708 -405
709 -76
710 -62
711 -1295
712 -74
713 -76
714 -74
715 -254
716 -73
717 -70
718 -74
719 -62
720 -1973
721 -51
722 -70
723 -70
724 -74
725 -75
726 -630
727 -31
728 -75
729 -2936
730 -70
731 -74
732 -255
733 -75
734 -75
735 -75
736 -74
737 -51
738 -73
739 -749
740 -74
741 -53
742 -61
743 -1938
744 -75
745 -40
746 -208
747 -70
748 -108
749 -75
750 -612
751 -74
752 -56
753 -298
754 -62
755 -1581
756 -1605
757 -75
758 -70
759 -75
760 -74
761 -62
762 -62
763 -2121
764 -76
765 -73
766 -74
767 -70
768 -3315
769 -74
770 -75
771 -57
772 -70
773 -34
774 -73
775 -74
776 -3248
777 -70
778 -74
779 -46
780 -70
781 -73
782 -70
783 -2365
784 -3010
785 -70
786 -73
787 -70
788 -74
789 -75
790 -76
791 -62
792 -73
793 -51
794 -62
795 -62
796 -413
797 -73
798 -70
799 -68
800 -69
801 -73
802 -75
803 -2188
804 -75
805 -73
806 -873
807 -70
808 -75
809 -73
810 -1020
811 -1420
812 -2415
813 -70
814 -75
815 -73
816 -74
817 -75
818 -66
819 -75
820 -75
821 -75
822 -63
823 -75
824 -78
825 -1438
826 -75
827 -73
828 -70
829 -75
830 -1440
831 -76
832 -75
833 -691
834 -2383
835 -76
836 -73
837 -75
838 -1225
839 -3172
840 -75
841 -75
842 -58
843 -76
844 -75
845 -75
846 -70
847 -75
848 -75
849 -76
850 -74
851 -73
852 -75
853 -73
854 -75
855 -74
856 -51
857 -75
858 -76
859 -1684
860 -51
861 -75
862 -73
863 -73
864 -385
865 -332
866 -75
867 -62
868 -73
869 -76
870 -74
871 -1995
872 -70
873 -75
874 -73
875 -62
876 -1619
877 -73
878 -67
879 -75
880 -60
881 -36
882 -448
883 -2675
884 -76
885 -323
886 -84
887 -3304
888 -51
889 -75
890 -62
891 -61
892 -3275
893 -75
894 -1200
895 -70
896 -2057
897 -2178
898 -76
899 -62
900 -73
901 -2176
902 -76
903 -75
904 -365
905 -75
906 -75
907 -69
908 -75
909 -75
910 -75
911 -33
912 -75
913 -34
914 -2316
915 -75
916 -74
917 -62
918 -73
919 -76
920 -74
921 -56
922 -76
923 -75
924 -75
925 -260
926 -73
927 -1952
928 -51
929 -70
930 -76
931 -71
932 -531
933 -76
934 -1010
935 -956
936 -1167
937 -75
938 -6272
939 -75
940 -75
941 -51
942 -75
943 -76
944 -2190
945 -74
946 -51
947 -56
948 -62
949 -1246
950 -38
951 -135
952 -2371
953 -74
954 -80
955 -387
956 -100
957 -74
958 -73
959 -62
960 -76
961 -74
962 -73
963 -4030
964 -74
965 -73
966 -62
967 -2279
968 -3006
969 -70
970 -62
971 -76
972 -74
973 -76
974 -75
975 -74
976 -930
977 -992
978 -75
979 -70
980 -249
981 -1735
982 -411
983 -37
984 -1528
985 -69
986 -62
987 -62
988 -604
989 -90
990 -73
991 -70
992 -75
993 -1969
994 -70
995 -62
996 -618
997 -70
998 -62
999 -2025
