0 -88
1 -43
2 -88
3 -89
4 -38
5 -89
6 -47
7 -3523
8 -88
9 -89
10 -89
11 -90
12 -64
13 -1560
14 -1080
15 -58
16 -53
17 -2557
18 -90
19 -44
20 -2518
21 -3642
22 -90
23 -1002
24 -85
25 -90
26 -53
27 -395
28 -90
29 -422
30 -402
31 -42
32 -1311
33 -98
34 -6089
35 -90
36 -632
37 -90
38 -1924
39 -49
40 -54
41 -90
42 -754
43 -542
44 -57
45 -90
46 -88
47 -59
48 -1507
49 -1429
50 -624
51 -54
52 -89
53 -89
54 -90
55 -90
56 -89
57 -90
58 -1910
59 -90
60 -88
61 -5883
62 -9894
63 -82
64 -90
65 -256
66 -48
67 -825
68 -90
69 -6250
70 -63
71 -4076
72 -88
73 -90
74 -529
75 -720
76 -64
77 -50
78 -1959
79 -90
80 -2939
81 -578
82 -90
83 -1185
84 -90
85 -510
86 -90
87 -90
88 -3681
89 -868
90 -89
91 -53
92 -88
93 -57
94 -519
95 -897
96 -41
97 -90
98 -90
99 -1313
100 -4013
101 -89
102 -1159
103 -363
104 -90
105 -2568
106 -82
107 -90
108 -64
109 -44
110 -44
111 -90
112 -90
113 -88
114 -2563
115 -1314
116 -2697
117 -53
118 -88
119 -7083
120 -90
121 -88
122 -90
123 -90
124 -90
125 -2398
126 -90
127 -89
128 -2130
129 -88
130 -69
131 -1797
132 -120
133 -39
134 -3816
135 -4584
136 -406
137 -88
138 -1893
139 -88
140 -2559
141 -581
142 -7481
143 -1052
144 -3239
145 -81
146 -90
147 -266
148 -90
149 -90
150 -90
151 -90
152 -90
153 -41
154 -5896
155 -4065
156 -7594
157 -89
158 -51
159 -89
160 -88
161 -58
162 -45
163 -3950
164 -89
165 -90
166 -59
167 -90
168 -84
169 -90
170 -88
171 -90
172 -8008
173 -89
174 -90
175 -90
176 -1381
177 -89
178 -88
179 -993
180 -3968
181 -4898
182 -63
183 -2914
184 -36
185 -1516
186 -52
187 -90
188 -102
189 -69
190 -1021
191 -90
192 -90
193 -58
194 -4571
195 -2387
196 -88
197 -737
198 -2015
199 -88
200 -88
201 -772
202 -90
203 -50
204 -1969
205 -1163
206 -2803
207 -58
208 -4183
209 -3059
210 -88
211 -1036
212 -58
213 -52
214 -89
215 -2306
216 -90
217 -593
218 -58
219 -295
220 -62
221 -2516
222 -90
223 -90
224 -54
225 -1119
226 -3111
227 -68
228 -2947
229 -59
230 -1136
231 -89
232 -90
233 -88
234 -89
235 -568
236 -43
237 -97
238 -90
239 -795
240 -1502
241 -89
242 -900
243 -3740
244 -90
245 -4295
246 -39
247 -3090
248 -827
249 -2328
250 -88
251 -1941
252 -89
253 -89
254 -90
255 -890
256 -61
257 -90
258 -90
259 -92
260 -89
261 -2875
262 -88
263 -90
264 -88
265 -90
266 -1182
267 -1842
268 -90
269 -918
270 -376
271 -59
272 -65
273 -88
274 -90
275 -90
276 -44
277 -652
278 -2914
279 -882
280 -41
281 -718
282 -88
283 -2898
284 -50
285 -57
286 -90
287 -1107
288 -47
289 -65
290 -8596
291 -589
292 -90
293 -47
294 -1588
295 -392
296 -90
297 -41
298 -47
299 -88
300 -90
301 -362
302 -1952
303 -1597
304 -94
305 -59
306 -89
307 -1310
308 -40
309 -90
310 -89
311 -5764
312 -771
313 -1550
314 -42
315 -90
316 -72
317 -7511
318 -2376
319 -90
320 -29
321 -43
322 -88
323 -757
324 -90
325 -3459
326 -40
327 -89
328 -62
329 -13708
330 -89
331 -48
332 -1145
333 -90
334 -88
335 -95
336 -88
337 -90
338 -88
339 -89
340 -90
341 -90
342 -47
343 -88
344 -89
345 -55
346 -5623
347 -630
348 -6259
349 -90
350 -88
351 -90
352 -94
353 -886
354 -1611
355 -89
356 -95
357 -815
358 -3045
359 -90
360 -88
361 -961
362 -3177
363 -2135
364 -90
365 -89
366 -2748
367 -88
368 -273
369 -89
370 -59
371 -90
372 -84
373 -90
374 -90
375 -90
376 -88
377 -2064
378 -90
379 -90
380 -60
381 -3883
382 -58
383 -2173
384 -2619
385 -83
386 -89
387 -94
388 -407
389 -88
390 -90
391 -90
392 -59
393 -88
394 -88
395 -90
396 -956
397 -1061
398 -90
399 -323
400 -421
401 -90
402 -137
403 -88
404 -58
405 -1347
406 -90
407 -717
408 -544
409 -90
410 -583
411 -308
412 -49
413 -69
414 -59
415 -88
416 -282
417 -57
418 -744
419 -90
420 -88
421 -52
422 -90
423 -48
424 -35
425 -90
426 -90
427 -4239
428 -90
429 -3268
430 -88
431 -1121
432 -2858
433 -91
434 -90
435 -4433
436 -1621
437 -92
438 -572
439 -90
440 -88
441 -93
442 -90
443 -88
444 -89
445 -88
446 -90
447 -959
448 -89
449 -89
450 -43
451 -90
452 -90
453 -49
454 -90
455 -88
456 -36
457 -89
458 -88
459 -49
460 -90
461 -59
462 -5021
463 -295
464 -5107
465 -875
466 -90
467 -90
468 -1564
469 -48
470 -35
471 -8932
472 -88
473 -37
474 -4481
475 -89
476 -90
477 -47
478 -88
479 -89
480 -55
481 -89
482 -89
483 -1853
484 -90
485 -3789
486 -3786
487 -88
488 -30
489 -39
490 -89
491 -3142
492 -2535
493 -57
494 -90
495 -90
496 -66
497 -37
498 -866
499 -90
500 -90
501 -58
502 -88
503 -90
504 -64
505 -53
506 -90
507 -88
508 -90
509 -54
510 -40
511 -35
512 -90
513 -90
514 -2362
515 -51
516 -7315
517 -90
518 -4990
519 -89
520 -90
521 -1934
522 -90
523 -1243
524 -94
525 -90
526 -89
527 -90
528 -90
529 -89
530 -90
531 -2289
532 -67
533 -4626
534 -90
535 -88
536 -90
537 -36
538 -3613
539 -5391
540 -89
541 -1794
542 -89
543 -88
544 -637
545 -95
546 -40
547 -88
548 -690
549 -88
550 -1637
551 -4387
552 -88
553 -245
554 -58
555 -90
556 -828
557 -2042
558 -883
559 -3111
560 -4009
561 -48
562 -57
563 -2049
564 -51
565 -49
566 -4523
567 -4568
568 -3801
569 -5415
570 -6312
571 -1348
572 -2126
573 -48
574 -309
575 -272
576 -939
577 -90
578 -90
579 -4741
580 -65
581 -90
582 -90
583 -4163
584 -90
585 -1074
586 -89
587 -1887
588 -4507
589 -518
590 -43
591 -6586
592 -90
593 -463
594 -90
595 -191
596 -4005
597 -2917
598 -89
599 -72
600 -90
601 -6715
602 -90
603 -1199
604 -88
605 -2687
606 -90
607 -46
608 -89
609 -88
610 -88
611 -88
612 -88
613 -6122
614 -542
615 -202
616 -77
617 -2209
618 -593
619 -90
620 -89
621 -89
622 -49
623 -397
624 -39
625 -90
626 -88
627 -41
628 -90
629 -88
630 -13454
631 -12923
632 -667
633 -90
634 -90
635 -1149
636 -59
637 -1053
638 -790
639 -90
640 -88
641 -90
642 -2675
643 -1708
644 -3390
645 -2427
646 -1369
647 -90
648 -88
649 -105
650 -871
651 -66
652 -63
653 -89
654 -88
655 -64
656 -90
657 -88
658 -90
659 -89
660 -57
661 -43
662 -758
663 -89
664 -32
665 -90
666 -1897
667 -88
668 -67
669 -1718
670 -1064
671 -88
672 -90
673 -57
674 -73
675 -45
676 -90
677 -80
678 -90
679 -75
680 -88
681 -88
682 -90
683 -647
684 -62
685 -279
686 -89
687 -1683
688 -89
689 -1094
690 -746
691 -90
692 -88
693 -54
694 -817
695 -2258
696 -90
697 -88
698 -88
699 -1832
700 -54
701 -90
702 -54
703 -367
704 -90
705 -90
706 -58
707 -2818
708 -3848
709 -88
710 -90
711 -2491
712 -56
713 -90
714 -62
715 -2253
716 -90
717 -55
718 -90
719 -70
720 -90
721 -929
722 -89
723 -733
724 -63
725 -90
726 -6765
727 -8558
728 -90
729 -89
730 -47
731 -90
732 -89
733 -547
734 -88
735 -88
736 -78
737 -8307
738 -88
739 -2715
740 -90
741 -80
742 -90
743 -3793
744 -90
745 -1898
746 -90
747 -2972
748 -90
749 -48
750 -2019
751 -3414
752 -5237
753 -3862
754 -90
755 -42
756 -4276
757 -80
758 -88
759 -1400
760 -90
761 -88
762 -1125
763 -90
764 -1777
765 -90
766 -1414
767 -90
768 -90
769 -39
770 -33
771 -52
772 -3254
773 -651
774 -81
775 -2979
776 -90
777 -90
778 -89
779 -935
780 -57
781 -57
782 -701
783 -90
784 -3815
785 -89
786 -88
787 -90
788 -2802
789 -95
790 -90
791 -90
792 -89
793 -88
794 -90
795 -90
796 -90
797 -982
798 -90
799 -3176
800 -58
801 -540
802 -74
803 -1147
804 -90
805 -88
806 -55
807 -90
808 -4837
809 -5232
810 -88
811 -90
812 -1241
813 -52
814 -90
815 -1506
816 -55
817 -90
818 -89
819 -90
820 -90
821 -90
822 -45
823 -90
824 -90
825 -5327
826 -90
827 -987
828 -414
829 -90
830 -5359
831 -492
832 -90
833 -48
834 -1829
835 -51
836 -95
837 -512
838 -4255
839 -84
840 -6875
841 -3438
842 -80
843 -74
844 -496
845 -58
846 -621
847 -1468
848 -88
849 -3119
850 -57
851 -8998
852 -45
853 -90
854 -95
855 -90
856 -89
857 -90
858 -2684
859 -366
860 -1690
861 -90
862 -47
863 -37
864 -127
865 -46
866 -2413
867 -90
868 -45
869 -326
870 -56
871 -54
872 -1728
873 -53
874 -88
875 -1331
876 -78
877 -2079
878 -90
879 -88
880 -90
881 -8289
882 -90
883 -73
884 -89
885 -1783
886 -88
887 -1224
888 -90
889 -90
890 -90
891 -52
892 -4342
893 -90
894 -2355
895 -72
896 -64
897 -48
898 -2763
899 -90
900 -76
901 -91
902 -2871
903 -90
904 -1615
905 -90
906 -59
907 -90
908 -58
909 -88
910 -90
911 -90
912 -90
913 -60
914 -84
915 -90
916 -2275
917 -88
918 -66
919 -90
920 -669
921 -89
922 -137
923 -263
924 -56
925 -88
926 -90
927 -52
928 -73
929 -1004
930 -2804
931 -44
932 -95
933 -49
934 -54
935 -406
936 -2054
937 -1575
938 -90
939 -90
940 -126
941 -90
942 -459
943 -90
944 -772
945 -90
946 -53
947 -129
948 -3200
949 -90
950 -90
951 -1067
952 -506
953 -42
954 -90
955 -1336
956 -89
957 -88
958 -2895
959 -1247
960 -572
961 -145
962 -90
963 -5519
964 -88
965 -1009
966 -90
967 -62
968 -2382
969 -90
970 -88
971 -90
972 -88
973 -127
974 -1175
975 -47
976 -76
977 -90
978 -54
979 -50
980 -90
981 -89
982 -55
983 -89
984 -48
985 -6373
986 -88
987 -90
988 -89
989 -90
990 -280
991 -90
992 -332
993 -43
994 -90
995 -1648
996 -563
997 -1433
998 -90
999 -707
