0 -240
1 -74
2 -79
3 -85
4 -132
5 -132
6 -219
7 -142
8 -102
9 -67
10 -217
11 -217
12 -334
13 -116
14 -72
15 -72
16 -65
17 -149
18 -132
19 -115
20 -123
21 -238
22 -210
23 -207
24 -195
25 -66
26 -72
27 -211
28 -194
29 -281
30 -106
31 -193
32 -149
33 -188
34 -196
35 -232
36 -157
37 -93
38 -164
39 -124
40 -154
41 -156
42 -181
43 -113
44 -116
45 -89
46 -196
47 -117
48 -120
49 -103
50 -101
51 -36
52 -159
53 -280
54 -160
55 -147
56 -211
57 -213
58 -171
59 -71
60 -193
61 -186
62 -200
63 -167
64 -201
65 -97
66 -264
67 -95
68 -79
69 -80
70 -102
71 -72
72 -67
73 -75
74 -127
75 -133
76 -267
77 -135
78 -173
79 -84
80 -59
81 -88
82 -134
83 -87
84 -92
85 -59
86 -113
87 -129
88 -74
89 -64
90 -135
91 -105
92 -179
93 -59
94 -130
95 -115
96 -135
97 -90
98 -134
99 -168
100 -77
101 -180
102 -159
103 -159
104 -108
105 -236
106 -120
107 -126
108 -157
109 -133
110 -186
111 -143
112 -134
113 -106
114 -94
115 -90
116 -79
117 -85
118 -70
119 -102
120 -105
121 -108
122 -203
123 -110
124 -184
125 -217
126 -213
127 -213
128 -147
129 -49
130 -143
131 -115
132 -120
133 -135
134 -255
135 -187
136 -52
137 -112
138 -120
139 -108
140 -167
141 -71
142 -85
143 -126
144 -82
145 -180
146 -95
147 -116
148 -49
149 -252
150 -276
151 -112
152 -61
153 -34
154 -127
155 -105
156 -195
157 -175
158 -74
159 -48
160 -110
161 -162
162 -177
163 -172
164 -160
165 -78
166 -114
167 -127
168 -127
169 -66
170 -120
171 -210
172 -45
173 -67
174 -143
175 -201
176 -208
177 -83
178 -90
179 -150
180 -106
181 -162
182 -98
183 -159
184 -118
185 -182
186 -121
187 -122
188 -53
189 -238
190 -85
191 -124
192 -217
193 -120
194 -210
195 -201
196 -120
197 -375
198 -277
199 -54
200 -89
201 -134
202 -289
203 -275
204 -118
205 -89
206 -108
207 -142
208 -62
209 -205
210 -155
211 -176
212 -124
213 -116
214 -78
215 -160
216 -69
217 -152
218 -266
219 -103
220 -73
221 -82
222 -57
223 -249
224 -47
225 -117
226 -61
227 -113
228 -121
229 -204
230 -109
231 -56
232 -52
233 -41
234 -150
235 -110
236 -64
237 -290
238 -99
239 -95
240 -254
241 -212
242 -130
243 -185
244 -167
245 -125
246 -68
247 -87
248 -141
249 -145
250 -46
251 -169
252 -203
253 -98
254 -64
255 -76
256 -240
257 -101
258 -147
259 -79
260 -107
261 -137
262 -105
263 -116
264 -71
265 -328
266 -196
267 -121
268 -118
269 -89
270 -167
271 -150
272 -119
273 -80
274 -198
275 -100
276 -145
277 -151
278 -85
279 -189
280 -204
281 -265
282 -242
283 -70
284 -94
285 -41
286 -196
287 -241
288 -52
289 -114
290 -106
291 -262
292 -124
293 -139
294 -132
295 -87
296 -260
297 -188
298 -66
299 -92
300 -197
301 -74
302 -118
303 -61
304 -159
305 -136
306 -134
307 -41
308 -251
309 -178
310 -162
311 -113
312 -117
313 -117
314 -146
315 -106
316 -58
317 -154
318 -57
319 -138
320 -136
321 -76
322 -239
323 -139
324 -128
325 -150
326 -97
327 -64
328 -181
329 -112
330 -191
331 -110
332 -60
333 -45
334 -73
335 -107
336 -66
337 -137
338 -85
339 -85
340 -226
341 -78
342 -125
343 -146
344 -134
345 -92
346 -152
347 -127
348 -168
349 -153
350 -94
351 -168
352 -203
353 -95
354 -100
355 -74
356 -62
357 -130
358 -185
359 -271
360 -239
361 -169
362 -94
363 -313
364 -63
365 -234
366 -161
367 -229
368 -171
369 -131
370 -137
371 -138
372 -93
373 -72
374 -125
375 -228
376 -106
377 -113
378 -224
379 -82
380 -82
381 -95
382 -211
383 -138
384 -217
385 -156
386 -246
387 -213
388 -146
389 -169
390 -27
391 -125
392 -63
393 -113
394 -63
395 -167
396 -86
397 -165
398 -165
399 -75
400 -150
401 -120
402 -187
403 -136
404 -167
405 -22
406 -91
407 -178
408 -55
409 -113
410 -160
411 -126
412 -73
413 -92
414 -115
415 -284
416 -144
417 -129
418 -207
419 -78
420 -65
421 -114
422 -200
423 -96
424 -91
425 -168
426 -82
427 -210
428 -79
429 -68
430 -129
431 -121
432 -88
433 -82
434 -114
435 -91
436 -131
437 -65
438 -116
439 -155
440 -58
441 -143
442 -302
443 -148
444 -163
445 -155
446 -139
447 -216
448 -61
449 -115
450 -113
451 -122
452 -106
453 -55
454 -225
455 -102
456 -142
457 -139
458 -136
459 -300
460 -133
461 -70
462 -122
463 -59
464 -59
465 -59
466 -235
467 -131
468 -131
469 -58
470 -130
471 -86
472 -95
473 -56
474 -214
475 -43
476 -152
477 -229
478 -137
479 -176
480 -122
481 -147
482 -157
483 -70
484 -123
485 -173
486 -255
487 -63
488 -142
489 -176
490 -130
491 -81
492 -51
493 -174
494 -68
495 -146
496 -115
497 -82
498 -143
499 -111
500 -185
501 -125
502 -150
503 -149
504 -102
505 -186
506 -119
507 -102
508 -146
509 -109
510 -121
511 -62
512 -139
513 -69
514 -199
515 -63
516 -167
517 -195
518 -69
519 -165
520 -183
521 -125
522 -127
523 -139
524 -124
525 -193
526 -76
527 -178
528 -48
529 -89
530 -72
531 -51
532 -193
533 -84
534 -177
535 -265
536 -141
537 -160
538 -98
539 -217
540 -83
541 -272
542 -156
543 -202
544 -132
545 -254
546 -168
547 -189
548 -188
549 -82
550 -160
551 -108
552 -150
553 -206
554 -164
555 -292
556 -133
557 -59
558 -193
559 -92
560 -213
561 -128
562 -123
563 -100
564 -139
565 -139
566 -148
567 -154
568 -175
569 -87
570 -127
571 -135
572 -67
573 -124
574 -143
575 -90
576 -102
577 -119
578 -96
579 -134
580 -102
581 -118
582 -150
583 -56
584 -99
585 -155
586 -102
587 -105
588 -89
589 -102
590 -124
591 -199
592 -90
593 -213
594 -41
595 -252
596 -97
597 -62
598 -177
599 -76
600 -181
601 -80
602 -80
603 -161
604 -69
605 -84
606 -71
607 -85
608 -48
609 -226
610 -138
611 -136
612 -166
613 -132
614 -172
615 -168
616 -77
617 -68
618 -66
619 -319
620 -204
621 -154
622 -112
623 -116
624 -219
625 -68
626 -207
627 -257
628 -141
629 -110
630 -102
631 -128
632 -64
633 -98
634 -165
635 -113
636 -114
637 -91
638 -105
639 -209
640 -135
641 -114
642 -95
643 -230
644 -77
645 -105
646 -81
647 -182
648 -128
649 -133
650 -59
651 -111
652 -68
653 -202
654 -194
655 -164
656 -123
657 -150
658 -104
659 -106
660 -83
661 -96
662 -75
663 -176
664 -199
665 -66
666 -143
667 -123
668 -236
669 -104
670 -149
671 -193
672 -220
673 -79
674 -150
675 -80
676 -55
677 -146
678 -99
679 -249
680 -181
681 -88
682 -131
683 -90
684 -99
685 -62
686 -116
687 -88
688 -72
689 -228
690 -203
691 -149
692 -213
693 -172
694 -131
695 -124
696 -174
697 -176
698 -135
699 -254
700 -119
701 -168
702 -95
703 -158
704 -308
705 -71
706 -87
707 -81
708 -160
709 -97
710 -101
711 -94
712 -100
713 -78
714 -46
715 -181
716 -196
717 -168
718 -90
719 -176
720 -230
721 -160
722 -95
723 -191
724 -66
725 -113
726 -102
727 -196
728 -209
729 -84
730 -97
731 -149
732 -189
733 -72
734 -134
735 -169
736 -48
737 -148
738 -176
739 -150
740 -195
741 -166
742 -156
743 -202
744 -85
745 -143
746 -186
747 -294
748 -288
749 -157
750 -57
751 -102
752 -172
753 -89
754 -62
755 -90
756 -77
757 -112
758 -73
759 -143
760 -85
761 -149
762 -115
763 -75
764 -182
765 -119
766 -44
767 -65
768 -213
769 -126
770 -153
771 -84
772 -197
773 -252
774 -134
775 -92
776 -248
777 -91
778 -132
779 -277
780 -236
781 -194
782 -291
783 -197
784 -119
785 -70
786 -339
787 -152
788 -211
789 -129
790 -258
791 -107
792 -143
793 -63
794 -60
795 -315
796 -159
797 -69
798 -102
799 -45
800 -202
801 -114
802 -183
803 -140
804 -207
805 -60
806 -211
807 -182
808 -71
809 -211
810 -224
811 -334
812 -101
813 -253
814 -109
815 -264
816 -94
817 -163
818 -75
819 -168
820 -119
821 -51
822 -189
823 -89
824 -112
825 -99
826 -145
827 -126
828 -234
829 -229
830 -235
831 -71
832 -198
833 -187
834 -141
835 -147
836 -117
837 -118
838 -223
839 -93
840 -188
841 -71
842 -178
843 -158
844 -128
845 -91
846 -166
847 -92
848 -84
849 -112
850 -171
851 -91
852 -53
853 -166
854 -239
855 -66
856 -288
857 -207
858 -163
859 -137
860 -56
861 -243
862 -79
863 -56
864 -80
865 -136
866 -80
867 -130
868 -48
869 -140
870 -154
871 -186
872 -136
873 -81
874 -65
875 -83
876 -228
877 -65
878 -94
879 -312
880 -69
881 -125
882 -56
883 -193
884 -168
885 -144
886 -46
887 -45
888 -72
889 -116
890 -116
891 -131
892 -84
893 -74
894 -59
895 -225
896 -218
897 -126
898 -229
899 -44
900 -184
901 -181
902 -176
903 -93
904 -194
905 -149
906 -158
907 -171
908 -93
909 -113
910 -155
911 -256
912 -127
913 -63
914 -198
915 -105
916 -110
917 -56
918 -107
919 -160
920 -90
921 -85
922 -145
923 -73
924 -192
925 -202
926 -110
927 -70
928 -112
929 -203
930 -102
931 -119
932 -151
933 -61
934 -82
935 -180
936 -160
937 -103
938 -42
939 -85
940 -168
941 -300
942 -170
943 -228
944 -97
945 -105
946 -153
947 -160
948 -135
949 -268
950 -172
951 -171
952 -188
953 -97
954 -307
955 -176
956 -271
957 -175
958 -104
959 -63
960 -63
961 -97
962 -237
963 -115
964 -85
965 -144
966 -75
967 -108
968 -120
969 -112
970 -239
971 -81
972 -69
973 -87
974 -95
975 -147
976 -86
977 -179
978 -176
979 -30
980 -101
981 -141
982 -79
983 -129
984 -248
985 -224
986 -99
987 -154
988 -103
989 -169
990 -63
991 -128
992 -205
993 -150
994 -85
995 -183
996 -188
997 -111
998 -159
999 -159
