0 -63
1 -6056
2 -65
3 -81
4 -99
5 -66
6 -66
7 -52
8 -5482
9 -64
10 -63
11 -65
12 -33
13 -78
14 -65
15 -65
16 -65
17 -62
18 -52
19 -52
20 -66
21 -65
22 -52
23 -50
24 -59
25 -66
26 -52
27 -66
28 -66
29 -65
30 -1759
31 -66
32 -63
33 -281
34 -66
35 -65
36 -65
37 -877
38 -52
39 -65
40 -2278
41 -139
42 -430
43 -59
44 -350
45 -65
46 -27
47 -54
48 -52
49 -51
50 -63
51 -54
52 -65
53 -65
54 -63
55 -52
56 -47
57 -53
58 -1675
59 -31
60 -1020
61 -52
62 -130
63 -60
64 -52
65 -63
66 -65
67 -63
68 -65
69 -66
70 -63
71 -54
72 -905
73 -66
74 -53
75 -1961
76 -64
77 -63
78 -567
79 -30
80 -52
81 -52
82 -66
83 -130
84 -52
85 -57
86 -354
87 -65
88 -59
89 -63
90 -65
91 -64
92 -64
93 -71
94 -65
95 -29
96 -65
97 -64
98 -274
99 -65
100 -63
101 -141
102 -60
103 -52
104 -435
105 -52
106 -58
107 -63
108 -52
109 -147
110 -299
111 -53
112 -44
113 -65
114 -52
115 -64
116 -52
117 -52
118 -248
119 -65
120 -52
121 -65
122 -66
123 -2032
124 -52
125 -52
126 -52
127 -66
128 -621
129 -52
130 -247
131 -61
132 -37
133 -52
134 -66
135 -52
136 -66
137 -29
138 -336
139 -54
140 -52
141 -27
142 -63
143 -63
144 -64
145 -66
146 -66
147 -30
148 -52
149 -65
150 -65
151 -63
152 -65
153 -45
154 -49
155 -31
156 -52
157 -52
158 -64
159 -65
160 -63
161 -66
162 -574
163 -50
164 -66
165 -666
166 -2671
167 -86
168 -46
169 -36
170 -63
171 -414
172 -66
173 -51
174 -65
175 -66
176 -65
177 -202
178 -426
179 -64
180 -38
181 -52
182 -222
183 -225
184 -44
185 -64
186 -66
187 -52
188 -1550
189 -321
190 -52
191 -65
192 -65
193 -65
194 -64
195 -135
196 -66
197 -52
198 -52
199 -60
200 -66
201 -38
202 -52
203 -52
204 -52
205 -369
206 -52
207 -153
208 -190
209 -207
210 -66
211 -52
212 -54
213 -27
214 -22
215 -65
216 -30
217 -757
218 -65
219 -30
220 -53
221 -64
222 -52
223 -52
224 -63
225 -65
226 -679
227 -378
228 -51
229 -103
230 -63
231 -66
232 -787
233 -65
234 -47
235 -64
236 -363
237 -52
238 -63
239 -52
240 -65
241 -77
242 -66
243 -81
244 -99
245 -65
246 -59
247 -27
248 -63
249 -49
250 -58
251 -52
252 -409
253 -63
254 -64
255 -49
256 -63
257 -52
258 -52
259 -64
260 -52
261 -63
262 -427
263 -149
264 -64
265 -63
266 -66
267 -64
268 -52
269 -52
270 -101
271 -66
272 -65
273 -64
274 -1239
275 -63
276 -63
277 -65
278 -39
279 -77
280 -66
281 -63
282 -65
283 -60
284 -51
285 -40
286 -52
287 -64
288 -352
289 -54
290 -68
291 -522
292 -63
293 -30
294 -65
295 -831
296 -47
297 -66
298 -54
299 -50
300 -152
301 -54
302 -52
303 -65
304 -65
305 -65
306 -403
307 -52
308 -65
309 -63
310 -64
311 -71
312 -66
313 -52
314 -63
315 -66
316 -63
317 -65
318 -66
319 -367
320 -66
321 -469
322 -216
323 -63
324 -52
325 -63
326 -65
327 -27
328 -63
329 -66
330 -65
331 -235
332 -65
333 -66
334 -65
335 -722
336 -65
337 -59
338 -52
339 -66
340 -65
341 -64
342 -65
343 -64
344 -63
345 -52
346 -751
347 -66
348 -773
349 -66
350 -54
351 -54
352 -63
353 -530
354 -65
355 -2011
356 -191
357 -66
358 -64
359 -66
360 -64
361 -54
362 -66
363 -52
364 -52
365 -65
366 -279
367 -65
368 -65
369 -65
370 -64
371 -2883
372 -203
373 -65
374 -65
375 -60
376 -64
377 -52
378 -70
379 -250
380 -52
381 -65
382 -52
383 -52
384 -66
385 -65
386 -51
387 -64
388 -52
389 -10434
390 -63
391 -65
392 -65
393 -54
394 -52
395 -49
396 -1569
397 -67
398 -97
399 -38
400 -338
401 -148
402 -63
403 -68
404 -65
405 -64
406 -2457
407 -41
408 -64
409 -291
410 -59
411 -78
412 -53
413 -202
414 -65
415 -65
416 -52
417 -63
418 -63
419 -66
420 -52
421 -65
422 -52
423 -52
424 -126
425 -57
426 -64
427 -65
428 -60
429 -63
430 -42
431 -65
432 -65
433 -52
434 -63
435 -65
436 -63
437 -58
438 -64
439 -66
440 -47
441 -66
442 -52
443 -66
444 -63
445 -65
446 -35
447 -1852
448 -74
449 -63
450 -65
451 -52
452 -52
453 -63
454 -66
455 -65
456 -70
457 -66
458 -63
459 -52
460 -45
461 -64
462 -63
463 -52
464 -52
465 -66
466 -63
467 -59
468 -51
469 -64
470 -36
471 -52
472 -235
473 -63
474 -65
475 -63
476 -52
477 -66
478 -63
479 -66
480 -52
481 -173
482 -52
483 -65
484 -63
485 -63
486 -66
487 -181
488 -65
489 -54
490 -33
491 -64
492 -90
493 -66
494 -65
495 -64
496 -65
497 -54
498 -65
499 -65
500 -52
501 -53
502 -64
503 -60
504 -52
505 -244
506 -52
507 -93
508 -190
509 -65
510 -36
511 -52
512 -65
513 -124
514 -467
515 -52
516 -64
517 -42
518 -63
519 -463
520 -200
521 -27
522 -63
523 -64
524 -52
525 -288
526 -65
527 -64
528 -695
529 -63
530 -63
531 -28
532 -1592
533 -65
534 -63
535 -7222
536 -79
537 -63
538 -1785
539 -373
540 -64
541 -66
542 -52
543 -52
544 -52
545 -52
546 -66
547 -65
548 -65
549 -34
550 -333
551 -83
552 -63
553 -27
554 -197
555 -379
556 -64
557 -65
558 -842
559 -65
560 -56
561 -398
562 -52
563 -52
564 -66
565 -46
566 -52
567 -52
568 -65
569 -78
570 -52
571 -64
572 -64
573 -66
574 -52
575 -859
576 -65
577 -527
578 -66
579 -165
580 -63
581 -279
582 -50
583 -66
584 -66
585 -54
586 -65
587 -52
588 -63
589 -235
590 -64
591 -206
592 -60
593 -65
594 -65
595 -52
596 -65
597 -65
598 -54
599 -65
600 -911
601 -66
602 -65
603 -64
604 -64
605 -812
606 -64
607 -64
608 -52
609 -63
610 -65
611 -46
612 -52
613 -64
614 -41
615 -37
616 -52
617 -59
618 -63
619 -142
620 -66
621 -52
622 -65
623 -50
624 -63
625 -65
626 -52
627 -52
628 -66
629 -173
630 -63
631 -1125
632 -63
633 -63
634 -325
635 -63
636 -5741
637 -63
638 -65
639 -63
640 -31
641 -1056
642 -64
643 -52
644 -65
645 -61
646 -36
647 -52
648 -65
649 -65
650 -65
651 -267
652 -4430
653 -1185
654 -52
655 -66
656 -52
657 -293
658 -63
659 -52
660 -464
661 -65
662 -63
663 -63
664 -33
665 -52
666 -63
667 -64
668 -23
669 -49
670 -65
671 -63
672 -54
673 -65
674 -3000
675 -64
676 -63
677 -52
678 -65
679 -66
680 -36
681 -66
682 -65
683 -44
684 -425
685 -65
686 -52
687 -26
688 -52
689 -52
690 -65
691 -159
692 -52
693 -60
694 -65
695 -54
696 -59
697 -66
698 -115
699 -52
700 -63
701 -298
702 -52
703 -63
704 -54
705 -63
706 -65
707 -52
708 -52
709 -64
710 -65
711 -3059
712 -63
713 -371
714 -52
715 -415
716 -3062
717 -64
718 -64
719 -311
720 -42
721 -65
722 -78
723 -65
724 -52
725 -63
726 -65
727 -191
728 -63
729 -62
730 -65
731 -65
732 -53
733 -65
734 -52
735 -413
736 -64
737 -106
738 -65
739 -1310
740 -31
741 -50
742 -1004
743 -65
744 -33
745 -66
746 -209
747 -63
748 -1827
749 -66
750 -52
751 -687
752 -65
753 -116
754 -8550
755 -52
756 -65
757 -65
758 -63
759 -66
760 -64
761 -65
762 -144
763 -63
764 -1764
765 -63
766 -497
767 -65
768 -155
769 -65
770 -66
771 -68
772 -65
773 -53
774 -312
775 -471
776 -52
777 -3071
778 -65
779 -65
780 -65
781 -66
782 -36
783 -65
784 -160
785 -52
786 -1336
787 -63
788 -64
789 -295
790 -157
791 -301
792 -64
793 -65
794 -266
795 -1115
796 -64
797 -35
798 -63
799 -63
800 -65
801 -66
802 -55
803 -65
804 -64
805 -42
806 -66
807 -65
808 -52
809 -3642
810 -107
811 -64
812 -37
813 -37
814 -65
815 -65
816 -52
817 -52
818 -541
819 -309
820 -63
821 -46
822 -720
823 -52
824 -66
825 -248
826 -65
827 -52
828 -4506
829 -52
830 -64
831 -4546
832 -54
833 -78
834 -52
835 -65
836 -108
837 -65
838 -65
839 -45
840 -52
841 -65
842 -63
843 -305
844 -54
845 -545
846 -63
847 -48
848 -3080
849 -52
850 -52
851 -66
852 -65
853 -65
854 -52
855 -53
856 -573
857 -65
858 -209
859 -66
860 -37
861 -65
862 -52
863 -59
864 -52
865 -65
866 -31
867 -66
868 -65
869 -52
870 -63
871 -54
872 -126
873 -52
874 -52
875 -2424
876 -65
877 -63
878 -52
879 -66
880 -52
881 -65
882 -63
883 -63
884 -65
885 -11210
886 -52
887 -52
888 -28
889 -223
890 -63
891 -7295
892 -52
893 -50
894 -64
895 -54
896 -65
897 -123
898 -130
899 -65
900 -176
901 -63
902 -64
903 -52
904 -63
905 -65
906 -69
907 -66
908 -63
909 -172
910 -65
911 -99
912 -59
913 -65
914 -290
915 -65
916 -596
917 -65
918 -64
919 -65
920 -60
921 -70
922 -66
923 -281
924 -52
925 -65
926 -52
927 -146
928 -65
929 -114
930 -54
931 -2634
932 -123
933 -56
934 -53
935 -46
936 -52
937 -51
938 -204
939 -63
940 -52
941 -63
942 -64
943 -53
944 -127
945 -28
946 -58
947 -65
948 -66
949 -52
950 -54
951 -39
952 -65
953 -52
954 -65
955 -65
956 -58
957 -64
958 -41
959 -22
960 -54
961 -54
962 -52
963 -64
964 -47
965 -65
966 -69
967 -65
968 -65
969 -64
970 -65
971 -65
972 -59
973 -58
974 -52
975 -63
976 -881
977 -66
978 -59
979 -300
980 -52
981 -65
982 -335
983 -63
984 -65
985 -1684
986 -64
987 -52
988 -64
989 -64
990 -32
991 -63
992 -52
993 -424
994 -63
995 -63
996 -65
997 -60
998 -405
999 -65
