0 -66
1 -66
2 -65
3 -140
4 -52
5 -630
6 -50
7 -52
8 -6334
9 -65
10 -64
11 -65
12 -3046
13 -53
14 -65
15 -66
16 -63
17 -52
18 -183
19 -65
20 -63
21 -321
22 -52
23 -58
24 -58
25 -66
26 -1995
27 -53
28 -389
29 -65
30 -63
31 -69
32 -63
33 -46
34 -65
35 -49
36 -53
37 -52
38 -53
39 -253
40 -50
41 -76
42 -65
43 -2629
44 -53
45 -53
46 -66
47 -154
48 -63
49 -65
50 -53
51 -47
52 -53
53 -63
54 -53
55 -66
56 -65
57 -595
58 -453
59 -47
60 -58
61 -63
62 -175
63 -65
64 -53
65 -41
66 -66
67 -65
68 -247
69 -3191
70 -65
71 -52
72 -66
73 -58
74 -64
75 -66
76 -58
77 -65
78 -130
79 -65
80 -171
81 -52
82 -64
83 -65
84 -65
85 -52
86 -35
87 -48
88 -66
89 -65
90 -64
91 -63
92 -52
93 -63
94 -66
95 -65
96 -70
97 -53
98 -55
99 -65
100 -65
101 -53
102 -63
103 -64
104 -65
105 -66
106 -64
107 -5733
108 -65
109 -566
110 -348
111 -166
112 -65
113 -52
114 -48
115 -63
116 -65
117 -1743
118 -53
119 -57
120 -235
121 -53
122 -178
123 -52
124 -50
125 -66
126 -52
127 -216
128 -53
129 -52
130 -53
131 -65
132 -64
133 -53
134 -146
135 -59
136 -244
137 -52
138 -66
139 -64
140 -65
141 -70
142 -541
143 -66
144 -98
145 -65
146 -63
147 -58
148 -49
149 -65
150 -64
151 -51
152 -65
153 -156
154 -64
155 -53
156 -53
157 -1418
158 -66
159 -47
160 -65
161 -52
162 -65
163 -282
164 -64
165 -65
166 -64
167 -1058
168 -72
169 -64
170 -64
171 -53
172 -58
173 -65
174 -193
175 -46
176 -41
177 -78
178 -64
179 -678
180 -53
181 -2774
182 -58
183 -53
184 -61
185 -52
186 -67
187 -65
188 -79
189 -46
190 -72
191 -64
192 -53
193 -58
194 -64
195 -65
196 -58
197 -65
198 -308
199 -52
200 -66
201 -1943
202 -63
203 -51
204 -53
205 -64
206 -65
207 -438
208 -64
209 -52
210 -64
211 -53
212 -208
213 -63
214 -65
215 -353
216 -2391
217 -9104
218 -143
219 -1843
220 -65
221 -52
222 -58
223 -125
224 -52
225 -65
226 -555
227 -1358
228 -68
229 -218
230 -65
231 -4251
232 -64
233 -64
234 -53
235 -59
236 -63
237 -64
238 -1503
239 -235
240 -51
241 -509
242 -53
243 -187
244 -65
245 -40
246 -1373
247 -66
248 -46
249 -63
250 -52
251 -52
252 -65
253 -63
254 -2973
255 -328
256 -449
257 -64
258 -399
259 -65
260 -63
261 -65
262 -3918
263 -66
264 -66
265 -63
266 -65
267 -63
268 -58
269 -64
270 -63
271 -65
272 -66
273 -63
274 -63
275 -66
276 -64
277 -58
278 -153
279 -52
280 -65
281 -52
282 -65
283 -65
284 -158
285 -52
286 -53
287 -66
288 -64
289 -65
290 -63
291 -40
292 -464
293 -64
294 -61
295 -65
296 -53
297 -400
298 -52
299 -65
300 -53
301 -65
302 -64
303 -65
304 -1556
305 -63
306 -65
307 -53
308 -66
309 -53
310 -65
311 -53
312 -329
313 -52
314 -64
315 -53
316 -53
317 -47
318 -65
319 -50
320 -572
321 -211
322 -169
323 -66
324 -52
325 -280
326 -52
327 -1518
328 -63
329 -52
330 -53
331 -63
332 -53
333 -99
334 -53
335 -65
336 -66
337 -65
338 -66
339 -421
340 -63
341 -5824
342 -422
343 -52
344 -65
345 -65
346 -1071
347 -63
348 -970
349 -53
350 -63
351 -83
352 -209
353 -65
354 -64
355 -63
356 -66
357 -63
358 -52
359 -72
360 -64
361 -66
362 -581
363 -52
364 -50
365 -64
366 -212
367 -53
368 -65
369 -83
370 -64
371 -684
372 -48
373 -328
374 -66
375 -390
376 -66
377 -64
378 -52
379 -52
380 -3373
381 -53
382 -59
383 -63
384 -63
385 -920
386 -87
387 -66
388 -66
389 -1073
390 -52
391 -2267
392 -818
393 -66
394 -7855
395 -51
396 -52
397 -63
398 -53
399 -1003
400 -2818
401 -63
402 -52
403 -64
404 -44
405 -65
406 -66
407 -48
408 -296
409 -1472
410 -86
411 -65
412 -169
413 -401
414 -52
415 -63
416 -65
417 -65
418 -64
419 -65
420 -384
421 -66
422 -65
423 -65
424 -261
425 -436
426 -65
427 -63
428 -61
429 -58
430 -64
431 -64
432 -27
433 -50
434 -65
435 -58
436 -64
437 -53
438 -63
439 -66
440 -35
441 -52
442 -69
443 -64
444 -367
445 -64
446 -66
447 -58
448 -65
449 -65
450 -63
451 -35
452 -58
453 -70
454 -517
455 -58
456 -63
457 -53
458 -63
459 -197
460 -58
461 -1628
462 -53
463 -65
464 -53
465 -58
466 -65
467 -141
468 -47
469 -58
470 -55
471 -52
472 -52
473 -65
474 -53
475 -65
476 -1778
477 -64
478 -66
479 -254
480 -65
481 -66
482 -50
483 -52
484 -52
485 -7655
486 -65
487 -66
488 -66
489 -223
490 -3126
491 -168
492 -644
493 -65
494 -58
495 -783
496 -65
497 -64
498 -65
499 -53
500 -66
501 -64
502 -65
503 -52
504 -63
505 -95
506 -63
507 -53
508 -65
509 -61
510 -1654
511 -63
512 -65
513 -65
514 -66
515 -63
516 -63
517 -53
518 -63
519 -52
520 -65
521 -833
522 -65
523 -1917
524 -52
525 -52
526 -65
527 -64
528 -10050
529 -58
530 -64
531 -52
532 -70
533 -43
534 -36
535 -66
536 -64
537 -53
538 -44
539 -65
540 -65
541 -63
542 -822
543 -53
544 -41
545 -63
546 -64
547 -53
548 -79
549 -66
550 -88
551 -66
552 -479
553 -64
554 -422
555 -66
556 -52
557 -2628
558 -65
559 -64
560 -48
561 -65
562 -52
563 -52
564 -53
565 -52
566 -64
567 -216
568 -64
569 -64
570 -1278
571 -53
572 -65
573 -53
574 -51
575 -63
576 -1482
577 -65
578 -192
579 -65
580 -65
581 -66
582 -1133
583 -68
584 -64
585 -66
586 -66
587 -65
588 -52
589 -65
590 -78
591 -66
592 -55
593 -326
594 -63
595 -53
596 -1368
597 -1753
598 -52
599 -119
600 -64
601 -493
602 -53
603 -53
604 -562
605 -52
606 -63
607 -65
608 -44
609 -70
610 -88
611 -53
612 -52
613 -58
614 -66
615 -52
616 -66
617 -67
618 -40
619 -64
620 -69
621 -50
622 -2009
623 -53
624 -64
625 -58
626 -5756
627 -71
628 -65
629 -65
630 -52
631 -58
632 -63
633 -100
634 -66
635 -65
636 -65
637 -63
638 -30
639 -2158
640 -66
641 -63
642 -63
643 -52
644 -65
645 -57
646 -65
647 -65
648 -65
649 -65
650 -64
651 -65
652 -63
653 -64
654 -53
655 -53
656 -65
657 -1158
658 -923
659 -323
660 -66
661 -26
662 -2538
663 -53
664 -52
665 -53
666 -1816
667 -65
668 -65
669 -52
670 -52
671 -66
672 -193
673 -3761
674 -64
675 -3334
676 -63
677 -65
678 -64
679 -66
680 -64
681 -47
682 -65
683 -65
684 -65
685 -139
686 -53
687 -46
688 -53
689 -64
690 -61
691 -113
692 -48
693 -58
694 -40
695 -66
696 -31
697 -47
698 -64
699 -65
700 -136
701 -65
702 -265
703 -52
704 -52
705 -63
706 -46
707 -43
708 -52
709 -53
710 -64
711 -3924
712 -65
713 -76
714 -66
715 -63
716 -64
717 -638
718 -64
719 -53
720 -338
721 -65
722 -6980
723 -66
724 -63
725 -65
726 -52
727 -50
728 -52
729 -144
730 -1344
731 -1093
732 -2435
733 -66
734 -133
735 -193
736 -65
737 -64
738 -52
739 -64
740 -52
741 -65
742 -437
743 -65
744 -46
745 -76
746 -65
747 -162
748 -63
749 -53
750 -269
751 -275
752 -51
753 -69
754 -61
755 -52
756 -66
757 -63
758 -63
759 -65
760 -53
761 -37
762 -1069
763 -66
764 -63
765 -63
766 -52
767 -53
768 -63
769 -2113
770 -64
771 -65
772 -64
773 -3626
774 -53
775 -58
776 -65
777 -102
778 -53
779 -29
780 -65
781 -47
782 -53
783 -49
784 -66
785 -64
786 -250
787 -47
788 -313
789 -80
790 -53
791 -53
792 -53
793 -47
794 -64
795 -40
796 -4273
797 -41
798 -48
799 -65
800 -58
801 -119
802 -70
803 -67
804 -57
805 -575
806 -533
807 -43
808 -87
809 -48
810 -53
811 -48
812 -53
813 -129
814 -52
815 -52
816 -53
817 -65
818 -64
819 -65
820 -64
821 -63
822 -63
823 -46
824 -176
825 -3488
826 -52
827 -66
828 -57
829 -60
830 -52
831 -53
832 -66
833 -52
834 -65
835 -64
836 -63
837 -64
838 -901
839 -66
840 -65
841 -63
842 -65
843 -2883
844 -2839
845 -53
846 -65
847 -185
848 -58
849 -64
850 -64
851 -65
852 -59
853 -703
854 -53
855 -64
856 -52
857 -63
858 -65
859 -52
860 -65
861 -66
862 -81
863 -5653
864 -53
865 -49
866 -64
867 -227
868 -52
869 -65
870 -66
871 -78
872 -53
873 -47
874 -64
875 -47
876 -4819
877 -49
878 -65
879 -65
880 -65
881 -65
882 -66
883 -76
884 -46
885 -52
886 -60
887 -51
888 -52
889 -66
890 -66
891 -63
892 -66
893 -65
894 -249
895 -65
896 -118
897 -53
898 -65
899 -65
900 -2623
901 -263
902 -548
903 -65
904 -63
905 -63
906 -52
907 -66
908 -86
909 -65
910 -66
911 -125
912 -1613
913 -343
914 -66
915 -47
916 -52
917 -1038
918 -6206
919 -65
920 -65
921 -57
922 -46
923 -52
924 -52
925 -64
926 -65
927 -73
928 -64
929 -53
930 -63
931 -63
932 -369
933 -53
934 -53
935 -554
936 -52
937 -65
938 -53
939 -2957
940 -51
941 -66
942 -65
943 -66
944 -6305
945 -65
946 -66
947 -65
948 -63
949 -52
950 -65
951 -64
952 -53
953 -148
954 -63
955 -52
956 -64
957 -64
958 -160
959 -192
960 -66
961 -63
962 -62
963 -51
964 -565
965 -63
966 -65
967 -65
968 -66
969 -4723
970 -64
971 -38
972 -64
973 -266
974 -65
975 -241
976 -66
977 -64
978 -64
979 -53
980 -65
981 -683
982 -59
983 -128
984 -52
985 -66
986 -65
987 -47
988 -63
989 -66
990 -64
991 -58
992 -64
993 -65
994 -51
995 -1488
996 -203
997 -58
998 -53
999 -63
