0 -75
1 -74
2 -1559
3 -73
4 -74
5 -61
6 -110
7 -74
8 -74
9 -971
10 -74
11 -62
12 -74
13 -72
14 -73
15 -74
16 -73
17 -75
18 -74
19 -75
20 -75
21 -74
22 -68
23 -335
24 -72
25 -74
26 -73
27 -75
28 -65
29 -73
30 -74
31 -3533
32 -62
33 -69
34 -1653
35 -160
36 -74
37 -75
38 -72
39 -74
40 -74
41 -74
42 -74
43 -72
44 -69
45 -74
46 -73
47 -4790
48 -74
49 -72
50 -74
51 -850
52 -62
53 -62
54 -484
55 -74
56 -74
57 -75
58 -322
59 -60
60 -2453
61 -1531
62 -74
63 -72
64 -1615
65 -135
66 -73
67 -72
68 -62
69 -4980
70 -74
71 -74
72 -2940
73 -73
74 -62
75 -72
76 -148
77 -1245
78 -75
79 -80
80 -74
81 -73
82 -73
83 -72
84 -69
85 -73
86 -39
87 -74
88 -4805
89 -72
90 -62
91 -74
92 -113
93 -75
94 -2346
95 -74
96 -74
97 -62
98 -3130
99 -69
100 -74
101 -430
102 -74
103 -72
104 -1873
105 -72
106 -74
107 -74
108 -74
109 -2112
110 -325
111 -62
112 -72
113 -74
114 -1080
115 -73
116 -1190
117 -69
118 -72
119 -240
120 -4915
121 -72
122 -62
123 -62
124 -238
125 -1110
126 -235
127 -72
128 -73
129 -3265
130 -74
131 -74
132 -62
133 -449
134 -242
135 -74
136 -62
137 -62
138 -3503
139 -73
140 -62
141 -62
142 -74
143 -74
144 -75
145 -74
146 -879
147 -74
148 -73
149 -72
150 -75
151 -62
152 -75
153 -1400
154 -74
155 -74
156 -73
157 -74
158 -245
159 -355
160 -74
161 -74
162 -73
163 -69
164 -62
165 -73
166 -3266
167 -74
168 -74
169 -74
170 -73
171 -72
172 -74
173 -69
174 -895
175 -75
176 -960
177 -74
178 -88
179 -720
180 -263
181 -64
182 -3572
183 -75
184 -74
185 -73
186 -74
187 -74
188 -62
189 -459
190 -74
191 -1943
192 -73
193 -74
194 -75
195 -74
196 -74
197 -832
198 -70
199 -72
200 -74
201 -72
202 -74
203 -164
204 -74
205 -69
206 -74
207 -74
208 -2226
209 -68
210 -73
211 -840
212 -74
213 -74
214 -72
215 -74
216 -75
217 -69
218 -74
219 -75
220 -1876
221 -74
222 -98
223 -74
224 -640
225 -5188
226 -62
227 -75
228 -62
229 -65
230 -73
231 -73
232 -72
233 -74
234 -62
235 -75
236 -2205
237 -405
238 -2231
239 -74
240 -367
241 -74
242 -72
243 -74
244 -75
245 -69
246 -3665
247 -1842
248 -72
249 -72
250 -72
251 -705
252 -57
253 -72
254 -5296
255 -69
256 -34
257 -75
258 -444
259 -75
260 -69
261 -3646
262 -1395
263 -73
264 -245
265 -73
266 -62
267 -74
268 -72
269 -74
270 -74
271 -75
272 -1645
273 -72
274 -1170
275 -62
276 -74
277 -73
278 -69
279 -62
280 -74
281 -2152
282 -69
283 -74
284 -62
285 -64
286 -62
287 -74
288 -74
289 -75
290 -69
291 -73
292 -74
293 -73
294 -75
295 -74
296 -72
297 -745
298 -75
299 -74
300 -74
301 -74
302 -1881
303 -73
304 -73
305 -82
306 -74
307 -73
308 -3282
309 -74
310 -74
311 -69
312 -62
313 -75
314 -705
315 -1700
316 -62
317 -69
318 -73
319 -74
320 -74
321 -63
322 -69
323 -74
324 -74
325 -69
326 -73
327 -75
328 -72
329 -1950
330 -1351
331 -62
332 -69
333 -72
334 -75
335 -69
336 -80
337 -74
338 -72
339 -72
340 -69
341 -74
342 -74
343 -74
344 -72
345 -447
346 -101
347 -74
348 -128
349 -62
350 -123
351 -75
352 -62
353 -696
354 -73
355 -69
356 -73
357 -73
358 -743
359 -69
360 -74
361 -2549
362 -74
363 -75
364 -371
365 -72
366 -1780
367 -74
368 -1120
369 -74
370 -4900
371 -160
372 -74
373 -75
374 -2832
375 -1166
376 -75
377 -73
378 -54
379 -4630
380 -69
381 -2085
382 -72
383 -74
384 -133
385 -1780
386 -138
387 -65
388 -74
389 -74
390 -1765
391 -74
392 -62
393 -44
394 -273
395 -74
396 -69
397 -379
398 -76
399 -72
400 -1900
401 -69
402 -62
403 -3272
404 -62
405 -69
406 -75
407 -62
408 -73
409 -69
410 -72
411 -56
412 -74
413 -74
414 -74
415 -74
416 -55
417 -73
418 -72
419 -125
420 -74
421 -75
422 -75
423 -62
424 -420
425 -73
426 -968
427 -74
428 -74
429 -3995
430 -74
431 -74
432 -52
433 -405
434 -462
435 -290
436 -69
437 -288
438 -80
439 -72
440 -74
441 -76
442 -73
443 -74
444 -74
445 -73
446 -69
447 -68
448 -12796
449 -73
450 -7773
451 -125
452 -70
453 -74
454 -74
455 -1115
456 -69
457 -69
458 -73
459 -57
460 -72
461 -283
462 -62
463 -74
464 -73
465 -74
466 -74
467 -74
468 -74
469 -1255
470 -74
471 -69
472 -74
473 -808
474 -74
475 -69
476 -72
477 -74
478 -74
479 -72
480 -69
481 -73
482 -73
483 -73
484 -732
485 -62
486 -4185
487 -74
488 -656
489 -70
490 -73
491 -920
492 -74
493 -73
494 -75
495 -337
496 -69
497 -73
498 -139
499 -73
500 -74
501 -931
502 -74
503 -72
504 -1196
505 -65
506 -74
507 -55
508 -74
509 -73
510 -62
511 -73
512 -230
513 -98
514 -74
515 -73
516 -73
517 -62
518 -74
519 -510
520 -309
521 -75
522 -74
523 -1491
524 -3254
525 -75
526 -74
527 -69
528 -70
529 -74
530 -72
531 -699
532 -75
533 -75
534 -74
535 -72
536 -73
537 -72
538 -74
539 -74
540 -72
541 -306
542 -75
543 -156
544 -74
545 -280
546 -74
547 -1196
548 -74
549 -73
550 -74
551 -74
552 -74
553 -75
554 -73
555 -72
556 -75
557 -2096
558 -62
559 -840
560 -74
561 -75
562 -74
563 -69
564 -73
565 -5404
566 -74
567 -72
568 -1660
569 -75
570 -74
571 -62
572 -62
573 -59
574 -74
575 -72
576 -70
577 -75
578 -670
579 -74
580 -595
581 -75
582 -661
583 -3185
584 -74
585 -74
586 -74
587 -1296
588 -69
589 -917
590 -74
591 -62
592 -74
593 -1284
594 -67
595 -68
596 -75
597 -74
598 -3290
599 -2155
600 -74
601 -75
602 -73
603 -523
604 -782
605 -69
606 -74
607 -2798
608 -1115
609 -62
610 -69
611 -75
612 -74
613 -62
614 -62
615 -245
616 -509
617 -73
618 -4287
619 -1639
620 -2705
621 -965
622 -72
623 -74
624 -1941
625 -73
626 -72
627 -3438
628 -75
629 -74
630 -74
631 -69
632 -215
633 -69
634 -75
635 -124
636 -74
637 -69
638 -74
639 -1197
640 -74
641 -74
642 -62
643 -69
644 -69
645 -62
646 -2976
647 -69
648 -525
649 -69
650 -69
651 -74
652 -72
653 -75
654 -75
655 -75
656 -74
657 -75
658 -74
659 -4310
660 -51
661 -62
662 -73
663 -296
664 -2437
665 -73
666 -69
667 -69
668 -239
669 -2526
670 -73
671 -73
672 -360
673 -465
674 -62
675 -74
676 -73
677 -1235
678 -72
679 -69
680 -75
681 -62
682 -3492
683 -75
684 -74
685 -62
686 -73
687 -72
688 -1905
689 -74
690 -4609
691 -75
692 -72
693 -62
694 -1910
695 -75
696 -74
697 -1700
698 -72
699 -73
700 -69
701 -73
702 -805
703 -2045
704 -75
705 -6219
706 -75
707 -63
708 -957
709 -74
710 -119
711 -64
712 -75
713 -82
714 -69
715 -79
716 -541
717 -72
718 -75
719 -2293
720 -895
721 -2243
722 -241
723 -62
724 -74
725 -71
726 -73
727 -74
728 -74
729 -69
730 -75
731 -493
732 -177
733 -62
734 -62
735 -136
736 -74
737 -74
738 -73
739 -69
740 -75
741 -75
742 -74
743 -75
744 -62
745 -72
746 -72
747 -74
748 -171
749 -74
750 -74
751 -72
752 -69
753 -74
754 -555
755 -79
756 -73
757 -74
758 -75
759 -62
760 -74
761 -75
762 -69
763 -73
764 -240
765 -73
766 -426
767 -122
768 -74
769 -69
770 -72
771 -74
772 -73
773 -304
774 -73
775 -1299
776 -62
777 -75
778 -74
779 -1710
780 -74
781 -2030
782 -640
783 -72
784 -62
785 -74
786 -73
787 -62
788 -62
789 -62
790 -75
791 -890
792 -67
793 -70
794 -2736
795 -63
796 -74
797 -1838
798 -74
799 -74
800 -1645
801 -75
802 -72
803 -72
804 -1290
805 -1870
806 -1615
807 -73
808 -62
809 -74
810 -1756
811 -62
812 -1485
813 -72
814 -62
815 -72
816 -1999
817 -74
818 -749
819 -2030
820 -72
821 -74
822 -75
823 -75
824 -69
825 -2295
826 -69
827 -73
828 -72
829 -75
830 -74
831 -73
832 -73
833 -1272
834 -210
835 -75
836 -985
837 -70
838 -69
839 -74
840 -370
841 -69
842 -73
843 -75
844 -75
845 -69
846 -69
847 -746
848 -67
849 -74
850 -73
851 -121
852 -1950
853 -73
854 -1158
855 -215
856 -74
857 -75
858 -62
859 -75
860 -72
861 -74
862 -57
863 -75
864 -1757
865 -75
866 -74
867 -72
868 -1135
869 -8895
870 -39
871 -74
872 -74
873 -1397
874 -73
875 -62
876 -73
877 -64
878 -73
879 -72
880 -106
881 -6045
882 -1655
883 -72
884 -2280
885 -74
886 -74
887 -2552
888 -1759
889 -69
890 -72
891 -103
892 -73
893 -2925
894 -74
895 -74
896 -72
897 -62
898 -979
899 -313
900 -62
901 -72
902 -1623
903 -75
904 -74
905 -75
906 -69
907 -69
908 -3507
909 -74
910 -75
911 -74
912 -62
913 -73
914 -74
915 -74
916 -376
917 -72
918 -75
919 -911
920 -2038
921 -74
922 -614
923 -3069
924 -815
925 -72
926 -1793
927 -62
928 -74
929 -62
930 -537
931 -62
932 -75
933 -75
934 -74
935 -3160
936 -74
937 -5120
938 -398
939 -60
940 -1986
941 -1265
942 -62
943 -62
944 -94
945 -75
946 -660
947 -74
948 -2532
949 -56
950 -72
951 -5780
952 -72
953 -74
954 -74
955 -69
956 -74
957 -4815
958 -74
959 -70
960 -828
961 -148
962 -72
963 -6715
964 -75
965 -3329
966 -105
967 -69
968 -3975
969 -75
970 -69
971 -283
972 -62
973 -62
974 -745
975 -75
976 -75
977 -1300
978 -74
979 -73
980 -69
981 -74
982 -74
983 -72
984 -74
985 -74
986 -286
987 -1923
988 -62
989 -74
990 -73
991 -673
992 -75
993 -146
994 -395
995 -75
996 -208
997 -73
998 -225
999 -75
