0 -1363
1 -831
2 -1340
3 -70
4 -39
5 -787
6 -2483
7 -8267
8 -57
9 -322
10 -53
11 -58
12 -1025
13 -262
14 -61
15 -49
16 -54
17 -79
18 -414
19 -406
20 -56
21 -2482
22 -38
23 -601
24 -1649
25 -840
26 -46
27 -375
28 -55
29 -43
30 -294
31 -60
32 -48
33 -611
34 -85
35 -47
36 -60
37 -3285
38 -53
39 -99
40 -160
41 -66
42 -1296
43 -57
44 -161
45 -50
46 -73
47 -64
48 -1301
49 -56
50 -1837
51 -27
52 -124
53 -2635
54 -59
55 -55
56 -496
57 -69
58 -122
59 -1699
60 -60
61 -157
62 -48
63 -1124
64 -4332
65 -59
66 -56
67 -36
68 -52
69 -63
70 -105
71 -79
72 -81
73 -67
74 -70
75 -65
76 -65
77 -145
78 -875
79 -51
80 -73
81 -56
82 -2861
83 -399
84 -4169
85 -347
86 -65
87 -1746
88 -55
89 -150
90 -4461
91 -107
92 -816
93 -69
94 -75
95 -3762
96 -55
97 -61
98 -66
99 -85
100 -60
101 -1592
102 -63
103 -74
104 -45
105 -2954
106 -51
107 -3290
108 -948
109 -4200
110 -76
111 -545
112 -560
113 -2032
114 -641
115 -4118
116 -143
117 -963
118 -839
119 -58
120 -50
121 -48
122 -60
123 -51
124 -48
125 -3234
126 -1326
127 -60
128 -214
129 -61
130 -62
131 -1090
132 -76
133 -55
134 -62
135 -1335
136 -142
137 -122
138 -94
139 -70
140 -48
141 -58
142 -57
143 -875
144 -54
145 -8929
146 -81
147 -66
148 -61
149 -1419
150 -55
151 -1155
152 -944
153 -67
154 -55
155 -66
156 -95
157 -65
158 -2628
159 -62
160 -68
161 -3747
162 -54
163 -116
164 -466
165 -2731
166 -56
167 -57
168 -60
169 -59
170 -434
171 -3687
172 -50
173 -59
174 -128
175 -55
176 -56
177 -94
178 -151
179 -581
180 -60
181 -756
182 -6557
183 -55
184 -52
185 -1563
186 -46
187 -45
188 -60
189 -49
190 -60
191 -1830
192 -49
193 -730
194 -312
195 -77
196 -358
197 -51
198 -55
199 -60
200 -60
201 -55
202 -2884
203 -56
204 -61
205 -3380
206 -50
207 -1127
208 -55
209 -62
210 -4537
211 -68
212 -1340
213 -42
214 -14
215 -69
216 -2921
217 -1530
218 -60
219 -778
220 -3979
221 -60
222 -55
223 -152
224 -76
225 -74
226 -49
227 -61
228 -1167
229 -65
230 -56
231 -366
232 -45
233 -68
234 -73
235 -48
236 -54
237 -53
238 -63
239 -80
240 -56
241 -650
242 -65
243 -74
244 -73
245 -61
246 -56
247 -35
248 -54
249 -55
250 -64
251 -1246
252 -45
253 -3869
254 -126
255 -690
256 -52
257 -2982
258 -52
259 -51
260 -71
261 -51
262 -1836
263 -4057
264 -59
265 -537
266 -60
267 -48
268 -725
269 -56
270 -385
271 -2017
272 -1630
273 -1594
274 -496
275 -394
276 -63
277 -51
278 -300
279 -92
280 -94
281 -48
282 -58
283 -74
284 -62
285 -51
286 -1174
287 -766
288 -65
289 -2206
290 -1935
291 -78
292 -64
293 -60
294 -9027
295 -66
296 -1864
297 -58
298 -64
299 -86
300 -72
301 -50
302 -53
303 -50
304 -4727
305 -10596
306 -23
307 -61
308 -57
309 -68
310 -63
311 -1561
312 -68
313 -836
314 -175
315 -456
316 -790
317 -60
318 -67
319 -995
320 -60
321 -46
322 -61
323 -77
324 -1996
325 -56
326 -51
327 -57
328 -64
329 -291
330 -53
331 -188
332 -88
333 -1356
334 -134
335 -62
336 -2523
337 -67
338 -951
339 -57
340 -44
341 -765
342 -58
343 -3041
344 -66
345 -1306
346 -2711
347 -75
348 -55
349 -369
350 -736
351 -50
352 -64
353 -55
354 -1846
355 -1879
356 -630
357 -256
358 -45
359 -56
360 -42
361 -754
362 -49
363 -41
364 -88
365 -7745
366 -463
367 -55
368 -45
369 -33
370 -880
371 -60
372 -3194
373 -53
374 -51
375 -63
376 -65
377 -1844
378 -50
379 -68
380 -60
381 -70
382 -51
383 -56
384 -61
385 -2947
386 -308
387 -3125
388 -58
389 -57
390 -288
391 -41
392 -604
393 -1171
394 -7048
395 -306
396 -272
397 -284
398 -4041
399 -113
400 -55
401 -55
402 -1510
403 -59
404 -70
405 -53
406 -59
407 -941
408 -933
409 -70
410 -3035
411 -98
412 -114
413 -61
414 -907
415 -60
416 -24
417 -46
418 -1775
419 -3669
420 -48
421 -68
422 -72
423 -66
424 -57
425 -381
426 -61
427 -58
428 -59
429 -40
430 -72
431 -248
432 -391
433 -71
434 -52
435 -496
436 -1778
437 -97
438 -66
439 -2384
440 -63
441 -811
442 -55
443 -55
444 -57
445 -51
446 -53
447 -67
448 -55
449 -2631
450 -2770
451 -56
452 -69
453 -168
454 -59
455 -601
456 -1848
457 -55
458 -53
459 -61
460 -51
461 -68
462 -55
463 -72
464 -52
465 -185
466 -57
467 -59
468 -59
469 -70
470 -839
471 -362
472 -50
473 -41
474 -60
475 -69
476 -198
477 -46
478 -2721
479 -59
480 -151
481 -50
482 -507
483 -48
484 -61
485 -8176
486 -58
487 -83
488 -1617
489 -41
490 -10230
491 -60
492 -176
493 -424
494 -166
495 -64
496 -1213
497 -1700
498 -44
499 -975
500 -67
501 -568
502 -90
503 -1023
504 -56
505 -449
506 -859
507 -836
508 -52
509 -76
510 -53
511 -819
512 -92
513 -55
514 -710
515 -1015
516 -56
517 -3543
518 -56
519 -114
520 -729
521 -3939
522 -278
523 -805
524 -19
525 -393
526 -55
527 -1556
528 -56
529 -63
530 -50
531 -62
532 -64
533 -1205
534 -51
535 -493
536 -1404
537 -56
538 -60
539 -67
540 -3285
541 -56
542 -1200
543 -48
544 -64
545 -55
546 -50
547 -2419
548 -86
549 -63
550 -54
551 -46
552 -51
553 -101
554 -61
555 -1516
556 -55
557 -60
558 -5363
559 -54
560 -46
561 -45
562 -46
563 -3469
564 -55
565 -174
566 -866
567 -61
568 -59
569 -60
570 -725
571 -1197
572 -934
573 -50
574 -95
575 -52
576 -60
577 -1969
578 -55
579 -3053
580 -48
581 -56
582 -63
583 -67
584 -59
585 -976
586 -29
587 -76
588 -59
589 -69
590 -55
591 -51
592 -58
593 -55
594 -60
595 -47
596 -40
597 -67
598 -58
599 -213
600 -136
601 -51
602 -63
603 -101
604 -2696
605 -55
606 -50
607 -57
608 -54
609 -180
610 -2237
611 -65
612 -385
613 -2571
614 -51
615 -56
616 -58
617 -55
618 -67
619 -64
620 -3005
621 -55
622 -296
623 -60
624 -598
625 -3669
626 -4743
627 -2591
628 -438
629 -1870
630 -1001
631 -2055
632 -184
633 -90
634 -60
635 -160
636 -52
637 -58
638 -52
639 -58
640 -59
641 -60
642 -1372
643 -49
644 -1789
645 -56
646 -77
647 -60
648 -174
649 -3585
650 -650
651 -55
652 -46
653 -62
654 -2979
655 -61
656 -177
657 -544
658 -60
659 -60
660 -64
661 -57
662 -76
663 -57
664 -55
665 -55
666 -45
667 -58
668 -90
669 -7159
670 -66
671 -72
672 -76
673 -1417
674 -2773
675 -59
676 -2972
677 -44
678 -42
679 -58
680 -72
681 -1684
682 -150
683 -46
684 -73
685 -58
686 -50
687 -58
688 -263
689 -144
690 -377
691 -3180
692 -69
693 -1216
694 -75
695 -33
696 -53
697 -5500
698 -80
699 -485
700 -277
701 -2165
702 -44
703 -55
704 -56
705 -65
706 -3388
707 -50
708 -50
709 -51
710 -309
711 -61
712 -654
713 -1257
714 -52
715 -75
716 -64
717 -50
718 -104
719 -1120
720 -48
721 -47
722 -98
723 -63
724 -8908
725 -55
726 -75
727 -90
728 -59
729 -1106
730 -73
731 -240
732 -75
733 -100
734 -65
735 -56
736 -38
737 -64
738 -53
739 -2170
740 -309
741 -40
742 -48
743 -59
744 -31
745 -515
746 -50
747 -368
748 -61
749 -465
750 -42
751 -104
752 -52
753 -393
754 -46
755 -51
756 -44
757 -51
758 -64
759 -60
760 -327
761 -1414
762 -58
763 -63
764 -63
765 -43
766 -74
767 -359
768 -58
769 -61
770 -164
771 -130
772 -1452
773 -45
774 -931
775 -162
776 -3135
777 -57
778 -61
779 -167
780 -80
781 -57
782 -428
783 -85
784 -87
785 -51
786 -62
787 -49
788 -379
789 -50
790 -58
791 -191
792 -69
793 -437
794 -76
795 -431
796 -330
797 -72
798 -950
799 -70
800 -96
801 -85
802 -72
803 -2727
804 -271
805 -59
806 -386
807 -49
808 -59
809 -2137
810 -68
811 -60
812 -43
813 -59
814 -55
815 -51
816 -37
817 -40
818 -55
819 -74
820 -85
821 -65
822 -1681
823 -55
824 -3908
825 -54
826 -59
827 -75
828 -193
829 -55
830 -66
831 -63
832 -37
833 -45
834 -110
835 -47
836 -945
837 -65
838 -72
839 -251
840 -1349
841 -53
842 -967
843 -4395
844 -48
845 -132
846 -67
847 -60
848 -3150
849 -69
850 -345
851 -71
852 -901
853 -74
854 -1807
855 -751
856 -44
857 -84
858 -48
859 -861
860 -70
861 -57
862 -42
863 -69
864 -52
865 -5896
866 -55
867 -739
868 -2730
869 -6369
870 -1621
871 -62
872 -63
873 -55
874 -55
875 -2961
876 -62
877 -2065
878 -52
879 -219
880 -52
881 -2255
882 -83
883 -60
884 -1406
885 -6838
886 -46
887 -59
888 -73
889 -66
890 -81
891 -856
892 -62
893 -49
894 -53
895 -536
896 -1389
897 -63
898 -55
899 -51
900 -192
901 -44
902 -53
903 -51
904 -352
905 -51
906 -1180
907 -185
908 -67
909 -46
910 -60
911 -58
912 -59
913 -68
914 -3695
915 -257
916 -70
917 -49
918 -60
919 -1511
920 -59
921 -48
922 -56
923 -92
924 -1358
925 -50
926 -58
927 -112
928 -46
929 -56
930 -73
931 -52
932 -59
933 -1947
934 -44
935 -49
936 -51
937 -76
938 -61
939 -58
940 -57
941 -6088
942 -55
943 -139
944 -56
945 -78
946 -52
947 -754
948 -592
949 -68
950 -47
951 -74
952 -42
953 -3449
954 -64
955 -954
956 -162
957 -268
958 -1151
959 -3858
960 -56
961 -61
962 -1027
963 -54
964 -1885
965 -48
966 -52
967 -306
968 -55
969 -289
970 -75
971 -59
972 -88
973 -55
974 -186
975 -1345
976 -71
977 -56
978 -56
979 -319
980 -59
981 -55
982 -1794
983 -54
984 -100
985 -1144
986 -98
987 -59
988 -64
989 -44
990 -1605
991 -80
992 -279
993 -238
994 -49
995 -4841
996 -703
997 -55
998 -50
999 -1111
