0 -76
1 -74
2 -70
3 -63
4 -63
5 -70
6 -70
7 -70
8 -75
9 -70
10 -63
11 -63
12 -76
13 -75
14 -62
15 -70
16 -74
17 -75
18 -74
19 -63
20 -76
21 -76
22 -70
23 -62
24 -62
25 -75
26 -62
27 -63
28 -73
29 -76
30 -74
31 -70
32 -70
33 -1935
34 -5077
35 -74
36 -75
37 -75
38 -74
39 -5648
40 -75
41 -63
42 -62
43 -76
44 -1960
45 -63
46 -73
47 -75
48 -48
49 -70
50 -3764
51 -325
52 -76
53 -70
54 -202
55 -62
56 -65
57 -75
58 -70
59 -63
60 -4940
61 -75
62 -76
63 -75
64 -62
65 -63
66 -70
67 -179
68 -70
69 -1679
70 -73
71 -70
72 -70
73 -73
74 -75
75 -75
76 -1777
77 -70
78 -63
79 -74
80 -71
81 -693
82 -75
83 -75
84 -63
85 -62
86 -75
87 -214
88 -70
89 -62
90 -74
91 -75
92 -70
93 -74
94 -76
95 -62
96 -1320
97 -74
98 -75
99 -74
100 -76
101 -74
102 -54
103 -75
104 -70
105 -75
106 -581
107 -126
108 -55
109 -75
110 -74
111 -74
112 -171
113 -76
114 -70
115 -400
116 -62
117 -75
118 -23
119 -3274
120 -1523
121 -70
122 -257
123 -74
124 -76
125 -63
126 -76
127 -74
128 -75
129 -75
130 -70
131 -4316
132 -70
133 -70
134 -75
135 -546
136 -74
137 -2811
138 -70
139 -74
140 -71
141 -63
142 -458
143 -70
144 -63
145 -62
146 -73
147 -75
148 -70
149 -70
150 -75
151 -70
152 -70
153 -75
154 -62
155 -8464
156 -74
157 -70
158 -75
159 -73
160 -70
161 -75
162 -63
163 -70
164 -75
165 -74
166 -63
167 -62
168 -70
169 -89
170 -76
171 -76
172 -74
173 -67
174 -76
175 -2920
176 -63
177 -75
178 -76
179 -217
180 -62
181 -75
182 -74
183 -74
184 -74
185 -78
186 -62
187 -70
188 -180
189 -75
190 -75
191 -75
192 -63
193 -73
194 -1398
195 -75
196 -73
197 -70
198 -306
199 -170
200 -70
201 -76
202 -67
203 -62
204 -269
205 -7213
206 -140
207 -255
208 -62
209 -75
210 -62
211 -62
212 -75
213 -63
214 -63
215 -70
216 -75
217 -73
218 -70
219 -73
220 -70
221 -74
222 -63
223 -69
224 -75
225 -76
226 -70
227 -82
228 -70
229 -74
230 -351
231 -1616
232 -75
233 -73
234 -63
235 -75
236 -75
237 -62
238 -71
239 -70
240 -76
241 -74
242 -75
243 -73
244 -125
245 -76
246 -74
247 -63
248 -75
249 -62
250 -70
251 -71
252 -81
253 -606
254 -70
255 -62
256 -75
257 -74
258 -174
259 -74
260 -63
261 -75
262 -223
263 -70
264 -63
265 -74
266 -70
267 -70
268 -75
269 -62
270 -75
271 -70
272 -63
273 -70
274 -70
275 -76
276 -76
277 -2560
278 -63
279 -63
280 -63
281 -117
282 -3732
283 -75
284 -74
285 -76
286 -62
287 -62
288 -63
289 -75
290 -75
291 -75
292 -289
293 -70
294 -76
295 -63
296 -75
297 -81
298 -72
299 -70
300 -76
301 -75
302 -75
303 -160
304 -73
305 -73
306 -73
307 -76
308 -63
309 -74
310 -76
311 -84
312 -73
313 -74
314 -74
315 -76
316 -75
317 -70
318 -205
319 -63
320 -76
321 -2695
322 -63
323 -62
324 -75
325 -44
326 -74
327 -70
328 -2234
329 -63
330 -70
331 -934
332 -2428
333 -62
334 -75
335 -480
336 -70
337 -74
338 -70
339 -62
340 -288
341 -70
342 -74
343 -336
344 -70
345 -62
346 -70
347 -63
348 -65
349 -75
350 -417
351 -81
352 -62
353 -4562
354 -2710
355 -70
356 -74
357 -74
358 -73
359 -1056
360 -70
361 -75
362 -63
363 -63
364 -76
365 -70
366 -70
367 -76
368 -158
369 -1404
370 -314
371 -75
372 -394
373 -76
374 -153
375 -102
376 -4897
377 -62
378 -75
379 -63
380 -66
381 -80
382 -70
383 -1053
384 -62
385 -62
386 -70
387 -70
388 -656
389 -76
390 -73
391 -75
392 -70
393 -73
394 -3678
395 -73
396 -75
397 -73
398 -96
399 -70
400 -70
401 -73
402 -4950
403 -74
404 -4388
405 -5267
406 -76
407 -74
408 -4045
409 -868
410 -62
411 -70
412 -4121
413 -81
414 -70
415 -75
416 -42
417 -73
418 -73
419 -389
420 -5143
421 -274
422 -73
423 -67
424 -74
425 -76
426 -70
427 -70
428 -75
429 -76
430 -68
431 -75
432 -1806
433 -100
434 -883
435 -70
436 -70
437 -73
438 -74
439 -63
440 -62
441 -76
442 -74
443 -73
444 -75
445 -76
446 -70
447 -76
448 -76
449 -62
450 -75
451 -70
452 -63
453 -73
454 -74
455 -3634
456 -74
457 -74
458 -74
459 -70
460 -76
461 -75
462 -77
463 -75
464 -74
465 -76
466 -75
467 -65
468 -75
469 -75
470 -183
471 -73
472 -176
473 -797
474 -73
475 -73
476 -76
477 -63
478 -61
479 -182
480 -70
481 -76
482 -63
483 -62
484 -73
485 -63
486 -91
487 -74
488 -63
489 -62
490 -63
491 -70
492 -75
493 -75
494 -74
495 -76
496 -75
497 -82
498 -62
499 -37
500 -74
501 -76
502 -70
503 -74
504 -1352
505 -70
506 -81
507 -75
508 -126
509 -70
510 -75
511 -220
512 -75
513 -73
514 -73
515 -73
516 -415
517 -59
518 -2781
519 -70
520 -70
521 -73
522 -63
523 -63
524 -58
525 -74
526 -162
527 -62
528 -70
529 -76
530 -75
531 -75
532 -74
533 -63
534 -62
535 -62
536 -76
537 -70
538 -73
539 -71
540 -70
541 -74
542 -673
543 -73
544 -1404
545 -73
546 -62
547 -74
548 -73
549 -302
550 -4105
551 -1920
552 -62
553 -2439
554 -74
555 -520
556 -74
557 -173
558 -76
559 -76
560 -75
561 -74
562 -182
563 -147
564 -183
565 -2084
566 -481
567 -70
568 -62
569 -70
570 -70
571 -75
572 -76
573 -187
574 -73
575 -70
576 -73
577 -74
578 -74
579 -75
580 -70
581 -74
582 -4339
583 -63
584 -76
585 -75
586 -75
587 -75
588 -75
589 -75
590 -101
591 -75
592 -63
593 -258
594 -76
595 -74
596 -74
597 -74
598 -70
599 -70
600 -62
601 -74
602 -76
603 -75
604 -74
605 -62
606 -70
607 -70
608 -74
609 -75
610 -70
611 -70
612 -74
613 -73
614 -62
615 -63
616 -73
617 -74
618 -63
619 -76
620 -73
621 -62
622 -70
623 -76
624 -75
625 -70
626 -75
627 -73
628 -62
629 -82
630 -63
631 -70
632 -62
633 -70
634 -63
635 -70
636 -75
637 -75
638 -3155
639 -74
640 -75
641 -62
642 -75
643 -70
644 -64
645 -63
646 -85
647 -129
648 -284
649 -76
650 -64
651 -70
652 -70
653 -3748
654 -62
655 -131
656 -70
657 -75
658 -70
659 -75
660 -70
661 -75
662 -73
663 -73
664 -572
665 -63
666 -75
667 -75
668 -75
669 -74
670 -70
671 -509
672 -76
673 -62
674 -179
675 -75
676 -150
677 -75
678 -76
679 -75
680 -2425
681 -3116
682 -77
683 -70
684 -70
685 -75
686 -73
687 -76
688 -76
689 -70
690 -102
691 -75
692 -173
693 -73
694 -62
695 -70
696 -74
697 -70
698 -76
699 -73
700 -75
701 -70
702 -63
703 -73
704 -75
705 -74
706 -66
707 -73
708 -75
709 -2847
710 -70
711 -236
712 -70
713 -74
714 -76
715 -62
716 -62
717 -74
718 -63
719 -698
720 -75
721 -74
722 -70
723 -27
724 -1196
725 -70
726 -70
727 -75
728 -75
729 -74
730 -62
731 -70
732 -75
733 -75
734 -70
735 -70
736 -70
737 -62
738 -2861
739 -62
740 -81
741 -110
742 -70
743 -74
744 -76
745 -71
746 -70
747 -74
748 -62
749 -357
750 -70
751 -63
752 -73
753 -74
754 -62
755 -62
756 -1248
757 -80
758 -73
759 -70
760 -70
761 -76
762 -70
763 -75
764 -70
765 -76
766 -65
767 -63
768 -73
769 -70
770 -62
771 -73
772 -76
773 -75
774 -70
775 -75
776 -2628
777 -70
778 -63
779 -64
780 -70
781 -62
782 -70
783 -74
784 -99
785 -95
786 -73
787 -551
788 -75
789 -63
790 -62
791 -73
792 -76
793 -75
794 -203
795 -78
796 -118
797 -70
798 -74
799 -70
800 -70
801 -70
802 -70
803 -159
804 -70
805 -62
806 -63
807 -74
808 -75
809 -570
810 -74
811 -218
812 -62
813 -64
814 -3157
815 -361
816 -70
817 -63
818 -70
819 -75
820 -62
821 -74
822 -63
823 -62
824 -74
825 -56
826 -76
827 -425
828 -71
829 -73
830 -70
831 -70
832 -74
833 -69
834 -74
835 -68
836 -70
837 -75
838 -68
839 -75
840 -70
841 -62
842 -62
843 -62
844 -75
845 -75
846 -301
847 -75
848 -74
849 -1296
850 -346
851 -74
852 -76
853 -63
854 -57
855 -63
856 -70
857 -75
858 -3107
859 -685
860 -76
861 -62
862 -129
863 -73
864 -70
865 -2820
866 -73
867 -79
868 -70
869 -73
870 -75
871 -70
872 -273
873 -70
874 -73
875 -70
876 -73
877 -63
878 -63
879 -74
880 -63
881 -74
882 -73
883 -2678
884 -62
885 -73
886 -76
887 -62
888 -74
889 -70
890 -63
891 -98
892 -75
893 -80
894 -75
895 -70
896 -261
897 -70
898 -76
899 -75
900 -70
901 -75
902 -76
903 -76
904 -70
905 -73
906 -74
907 -76
908 -73
909 -70
910 -75
911 -70
912 -215
913 -63
914 -70
915 -73
916 -3361
917 -75
918 -81
919 -75
920 -70
921 -70
922 -70
923 -63
924 -75
925 -62
926 -62
927 -75
928 -74
929 -76
930 -62
931 -75
932 -62
933 -1035
934 -211
935 -75
936 -372
937 -73
938 -1662
939 -70
940 -76
941 -345
942 -1977
943 -73
944 -923
945 -70
946 -57
947 -73
948 -75
949 -75
950 -192
951 -67
952 -73
953 -2425
954 -2132
955 -70
956 -7457
957 -78
958 -74
959 -67
960 -4898
961 -74
962 -76
963 -75
964 -75
965 -649
966 -70
967 -70
968 -70
969 -76
970 -75
971 -70
972 -73
973 -74
974 -70
975 -75
976 -70
977 -76
978 -75
979 -74
980 -75
981 -75
982 -315
983 -96
984 -168
985 -74
986 -73
987 -74
988 -70
989 -752
990 -74
991 -63
992 -76
993 -70
994 -75
995 -75
996 -75
997 -76
998 -63
999 -7165
