0 -70
1 -1171
2 -75
3 -75
4 -76
5 -63
6 -75
7 -62
8 -2218
9 -62
10 -73
11 -73
12 -76
13 -70
14 -62
15 -76
16 -62
17 -63
18 -70
19 -75
20 -62
21 -75
22 -70
23 -38
24 -86
25 -73
26 -167
27 -62
28 -75
29 -1412
30 -70
31 -158
32 -62
33 -70
34 -59
35 -70
36 -4004
37 -75
38 -76
39 -75
40 -76
41 -56
42 -73
43 -75
44 -70
45 -62
46 -79
47 -4667
48 -75
49 -76
50 -76
51 -73
52 -62
53 -74
54 -70
55 -74
56 -70
57 -92
58 -73
59 -75
60 -75
61 -46
62 -75
63 -40
64 -75
65 -43
66 -62
67 -40
68 -78
69 -73
70 -62
71 -70
72 -74
73 -75
74 -70
75 -76
76 -75
77 -73
78 -62
79 -58
80 -62
81 -66
82 -76
83 -74
84 -63
85 -34
86 -75
87 -75
88 -75
89 -59
90 -304
91 -234
92 -70
93 -75
94 -70
95 -75
96 -70
97 -62
98 -12201
99 -1562
100 -315
101 -73
102 -65
103 -347
104 -70
105 -41
106 -75
107 -221
108 -62
109 -1948
110 -80
111 -1881
112 -199
113 -28
114 -74
115 -76
116 -75
117 -183
118 -70
119 -70
120 -73
121 -70
122 -68
123 -73
124 -62
125 -566
126 -2588
127 -1535
128 -74
129 -75
130 -70
131 -76
132 -83
133 -74
134 -61
135 -48
136 -81
137 -74
138 -74
139 -80
140 -70
141 -75
142 -74
143 -164
144 -70
145 -73
146 -75
147 -75
148 -73
149 -74
150 -71
151 -2365
152 -70
153 -39
154 -70
155 -75
156 -5071
157 -62
158 -74
159 -70
160 -75
161 -204
162 -2379
163 -433
164 -70
165 -75
166 -78
167 -79
168 -75
169 -74
170 -6024
171 -74
172 -62
173 -1825
174 -70
175 -64
176 -76
177 -63
178 -2796
179 -73
180 -75
181 -63
182 -76
183 -437
184 -73
185 -75
186 -70
187 -74
188 -71
189 -75
190 -62
191 -63
192 -62
193 -75
194 -76
195 -264
196 -77
197 -62
198 -75
199 -70
200 -34
201 -366
202 -74
203 -76
204 -53
205 -73
206 -195
207 -75
208 -303
209 -75
210 -70
211 -70
212 -70
213 -182
214 -70
215 -76
216 -404
217 -68
218 -600
219 -74
220 -70
221 -75
222 -74
223 -77
224 -70
225 -70
226 -70
227 -80
228 -73
229 -70
230 -75
231 -81
232 -75
233 -49
234 -61
235 -76
236 -75
237 -70
238 -70
239 -75
240 -70
241 -73
242 -73
243 -52
244 -75
245 -70
246 -928
247 -64
248 -76
249 -1277
250 -121
251 -78
252 -56
253 -76
254 -808
255 -45
256 -74
257 -76
258 -80
259 -75
260 -36
261 -74
262 -76
263 -75
264 -48
265 -74
266 -62
267 -54
268 -75
269 -53
270 -75
271 -117
272 -75
273 -62
274 -57
275 -75
276 -252
277 -73
278 -41
279 -62
280 -43
281 -70
282 -75
283 -132
284 -74
285 -70
286 -76
287 -70
288 -70
289 -77
290 -74
291 -279
292 -62
293 -49
294 -75
295 -62
296 -76
297 -70
298 -80
299 -75
300 -76
301 -73
302 -70
303 -62
304 -75
305 -62
306 -2150
307 -73
308 -129
309 -126
310 -76
311 -70
312 -76
313 -64
314 -75
315 -122
316 -75
317 -70
318 -73
319 -70
320 -70
321 -70
322 -74
323 -70
324 -75
325 -74
326 -79
327 -391
328 -94
329 -76
330 -425
331 -75
332 -75
333 -59
334 -80
335 -38
336 -70
337 -74
338 -5577
339 -62
340 -3838
341 -70
342 -146
343 -75
344 -74
345 -525
346 -2031
347 -74
348 -1927
349 -73
350 -75
351 -125
352 -74
353 -75
354 -76
355 -74
356 -91
357 -73
358 -49
359 -369
360 -70
361 -61
362 -75
363 -60
364 -62
365 -70
366 -74
367 -76
368 -70
369 -70
370 -73
371 -62
372 -156
373 -70
374 -75
375 -238
376 -75
377 -62
378 -76
379 -62
380 -62
381 -69
382 -1985
383 -382
384 -75
385 -129
386 -74
387 -75
388 -1341
389 -76
390 -75
391 -62
392 -75
393 -75
394 -86
395 -70
396 -75
397 -74
398 -394
399 -242
400 -75
401 -145
402 -76
403 -63
404 -70
405 -74
406 -1730
407 -2919
408 -70
409 -177
410 -70
411 -62
412 -44
413 -70
414 -62
415 -73
416 -73
417 -70
418 -74
419 -76
420 -77
421 -461
422 -42
423 -63
424 -126
425 -27
426 -116
427 -74
428 -75
429 -62
430 -73
431 -1602
432 -70
433 -76
434 -62
435 -74
436 -170
437 -74
438 -74
439 -73
440 -86
441 -532
442 -152
443 -75
444 -5097
445 -75
446 -70
447 -48
448 -65
449 -67
450 -469
451 -41
452 -73
453 -70
454 -53
455 -1282
456 -70
457 -219
458 -302
459 -1529
460 -43
461 -73
462 -75
463 -70
464 -70
465 -403
466 -73
467 -76
468 -70
469 -75
470 -70
471 -70
472 -2402
473 -73
474 -73
475 -74
476 -62
477 -549
478 -74
479 -61
480 -569
481 -62
482 -76
483 -70
484 -1751
485 -70
486 -62
487 -75
488 -70
489 -62
490 -62
491 -73
492 -70
493 -75
494 -75
495 -70
496 -64
497 -54
498 -62
499 -610
500 -123
501 -75
502 -62
503 -73
504 -70
505 -76
506 -70
507 -39
508 -70
509 -62
510 -62
511 -70
512 -70
513 -76
514 -1424
515 -75
516 -123
517 -76
518 -70
519 -75
520 -70
521 -75
522 -62
523 -75
524 -366
525 -70
526 -215
527 -64
528 -75
529 -75
530 -194
531 -215
532 -70
533 -40
534 -74
535 -42
536 -75
537 -73
538 -73
539 -75
540 -70
541 -76
542 -3176
543 -79
544 -786
545 -70
546 -70
547 -238
548 -75
549 -73
550 -75
551 -70
552 -76
553 -111
554 -2537
555 -1183
556 -69
557 -411
558 -719
559 -41
560 -112
561 -70
562 -48
563 -75
564 -74
565 -73
566 -54
567 -43
568 -73
569 -78
570 -74
571 -70
572 -318
573 -57
574 -112
575 -80
576 -76
577 -62
578 -70
579 -197
580 -70
581 -75
582 -62
583 -74
584 -73
585 -70
586 -41
587 -62
588 -33
589 -75
590 -75
591 -74
592 -40
593 -70
594 -56
595 -75
596 -725
597 -1236
598 -62
599 -76
600 -76
601 -70
602 -61
603 -4461
604 -74
605 -2050
606 -95
607 -62
608 -75
609 -229
610 -75
611 -189
612 -74
613 -75
614 -76
615 -119
616 -74
617 -76
618 -70
619 -49
620 -246
621 -1320
622 -70
623 -76
624 -73
625 -49
626 -217
627 -75
628 -70
629 -142
630 -70
631 -75
632 -74
633 -76
634 -320
635 -70
636 -70
637 -76
638 -185
639 -75
640 -75
641 -80
642 -62
643 -88
644 -70
645 -74
646 -73
647 -62
648 -76
649 -70
650 -62
651 -62
652 -57
653 -74
654 -74
655 -75
656 -74
657 -74
658 -75
659 -75
660 -75
661 -44
662 -75
663 -74
664 -70
665 -62
666 -75
667 -70
668 -32
669 -70
670 -75
671 -148
672 -163
673 -2439
674 -70
675 -70
676 -62
677 -74
678 -103
679 -3247
680 -4426
681 -74
682 -73
683 -49
684 -101
685 -70
686 -102
687 -75
688 -73
689 -4409
690 -70
691 -74
692 -73
693 -62
694 -74
695 -76
696 -60
697 -1146
698 -76
699 -76
700 -70
701 -75
702 -75
703 -76
704 -75
705 -354
706 -53
707 -73
708 -70
709 -74
710 -75
711 -75
712 -70
713 -73
714 -46
715 -73
716 -78
717 -80
718 -5243
719 -38
720 -2194
721 -75
722 -76
723 -115
724 -2258
725 -62
726 -70
727 -70
728 -70
729 -48
730 -71
731 -62
732 -34
733 -75
734 -49
735 -73
736 -70
737 -61
738 -70
739 -73
740 -73
741 -70
742 -520
743 -70
744 -75
745 -73
746 -76
747 -62
748 -193
749 -70
750 -75
751 -70
752 -95
753 -632
754 -75
755 -75
756 -122
757 -81
758 -74
759 -70
760 -76
761 -2592
762 -76
763 -75
764 -76
765 -73
766 -202
767 -62
768 -76
769 -75
770 -62
771 -62
772 -111
773 -75
774 -75
775 -62
776 -73
777 -70
778 -73
779 -70
780 -62
781 -76
782 -449
783 -70
784 -70
785 -76
786 -70
787 -74
788 -75
789 -70
790 -63
791 -70
792 -70
793 -76
794 -70
795 -70
796 -75
797 -73
798 -75
799 -105
800 -76
801 -85
802 -73
803 -74
804 -62
805 -549
806 -4242
807 -73
808 -73
809 -76
810 -74
811 -75
812 -79
813 -70
814 -147
815 -77
816 -70
817 -288
818 -954
819 -80
820 -73
821 -75
822 -45
823 -48
824 -62
825 -74
826 -73
827 -76
828 -306
829 -473
830 -34
831 -178
832 -74
833 -70
834 -210
835 -75
836 -62
837 -75
838 -76
839 -75
840 -70
841 -62
842 -62
843 -70
844 -76
845 -74
846 -74
847 -75
848 -63
849 -75
850 -703
851 -70
852 -81
853 -1377
854 -62
855 -70
856 -131
857 -70
858 -70
859 -76
860 -76
861 -76
862 -73
863 -73
864 -70
865 -70
866 -73
867 -81
868 -3023
869 -66
870 -28
871 -74
872 -62
873 -5155
874 -75
875 -57
876 -38
877 -74
878 -70
879 -76
880 -60
881 -73
882 -76
883 -75
884 -76
885 -62
886 -39
887 -74
888 -5450
889 -74
890 -194
891 -106
892 -123
893 -75
894 -76
895 -64
896 -70
897 -74
898 -74
899 -656
900 -70
901 -70
902 -226
903 -75
904 -75
905 -76
906 -62
907 -73
908 -82
909 -70
910 -169
911 -74
912 -75
913 -70
914 -70
915 -153
916 -76
917 -74
918 -70
919 -301
920 -59
921 -76
922 -62
923 -70
924 -74
925 -197
926 -3685
927 -70
928 -79
929 -70
930 -73
931 -75
932 -62
933 -76
934 -76
935 -74
936 -2394
937 -64
938 -253
939 -75
940 -62
941 -74
942 -70
943 -70
944 -70
945 -145
946 -75
947 -73
948 -72
949 -64
950 -75
951 -70
952 -139
953 -62
954 -70
955 -62
956 -73
957 -70
958 -37
959 -70
960 -74
961 -75
962 -76
963 -62
964 -74
965 -76
966 -76
967 -76
968 -75
969 -75
970 -56
971 -74
972 -75
973 -73
974 -64
975 -75
976 -75
977 -67
978 -75
979 -62
980 -62
981 -9183
982 -73
983 -70
984 -581
985 -593
986 -75
987 -73
988 -70
989 -76
990 -432
991 -89
992 -74
993 -75
994 -1120
995 -73
996 -69
997 -75
998 -70
999 -76
