0 -53
1 -67
2 -63
3 -65
4 -65
5 -59
6 -59
7 -63
8 -37
9 -63
10 -65
11 -64
12 -410
13 -59
14 -63
15 -59
16 -181
17 -1492
18 -7280
19 -65
20 -56
21 -152
22 -473
23 -65
24 -100
25 -87
26 -59
27 -1105
28 -59
29 -65
30 -65
31 -59
32 -64
33 -4191
34 -63
35 -1369
36 -65
37 -35
38 -65
39 -3285
40 -59
41 -2081
42 -2509
43 -65
44 -64
45 -59
46 -65
47 -740
48 -64
49 -212
50 -6050
51 -63
52 -363
53 -65
54 -53
55 -63
56 -26
57 -28
58 -37
59 -64
60 -456
61 -397
62 -48
63 -4333
64 -26
65 -65
66 -188
67 -59
68 -45
69 -3306
70 -111
71 -63
72 -64
73 -2938
74 -3369
75 -65
76 -829
77 -59
78 -44
79 -53
80 -63
81 -26
82 -625
83 -1824
84 -1307
85 -600
86 -44
87 -65
88 -60
89 -59
90 -63
91 -30
92 -65
93 -59
94 -289
95 -932
96 -27
97 -59
98 -65
99 -64
100 -64
101 -141
102 -53
103 -146
104 -46
105 -26
106 -65
107 -84
108 -68
109 -63
110 -2791
111 -1301
112 -28
113 -4918
114 -64
115 -577
116 -63
117 -53
118 -64
119 -63
120 -65
121 -8299
122 -803
123 -96
124 -50
125 -2885
126 -64
127 -65
128 -59
129 -55
130 -4276
131 -35
132 -66
133 -65
134 -811
135 -53
136 -26
137 -3606
138 -64
139 -422
140 -27
141 -63
142 -68
143 -38
144 -722
145 -57
146 -624
147 -27
148 -63
149 -1761
150 -60
151 -181
152 -477
153 -64
154 -58
155 -137
156 -1218
157 -65
158 -2843
159 -35
160 -62
161 -28
162 -26
163 -3972
164 -26
165 -1037
166 -65
167 -157
168 -64
169 -30
170 -65
171 -64
172 -59
173 -4182
174 -2077
175 -35
176 -65
177 -460
178 -7032
179 -63
180 -63
181 -3627
182 -210
183 -65
184 -98
185 -52
186 -53
187 -64
188 -172
189 -562
190 -65
191 -377
192 -65
193 -5249
194 -65
195 -1666
196 -27
197 -2008
198 -63
199 -53
200 -65
201 -66
202 -65
203 -59
204 -64
205 -63
206 -382
207 -65
208 -65
209 -63
210 -39
211 -122
212 -2032
213 -3638
214 -65
215 -65
216 -28
217 -851
218 -1380
219 -60
220 -28
221 -1660
222 -158
223 -252
224 -1292
225 -883
226 -721
227 -26
228 -965
229 -65
230 -50
231 -65
232 -53
233 -113
234 -908
235 -70
236 -40
237 -64
238 -936
239 -70
240 -19
241 -65
242 -157
243 -377
244 -65
245 -64
246 -64
247 -27
248 -64
249 -1677
250 -65
251 -236
252 -53
253 -3763
254 -48
255 -5794
256 -4243
257 -59
258 -26
259 -64
260 -65
261 -65
262 -63
263 -59
264 -657
265 -127
266 -65
267 -1007
268 -65
269 -58
270 -1037
271 -64
272 -1867
273 -26
274 -26
275 -74
276 -572
277 -64
278 -363
279 -8579
280 -55
281 -26
282 -38
283 -59
284 -63
285 -29
286 -30
287 -674
288 -69
289 -63
290 -64
291 -1297
292 -65
293 -306
294 -33
295 -57
296 -56
297 -64
298 -30
299 -26
300 -59
301 -579
302 -28
303 -63
304 -65
305 -72
306 -825
307 -3988
308 -522
309 -845
310 -63
311 -27
312 -65
313 -59
314 -53
315 -65
316 -64
317 -172
318 -453
319 -65
320 -64
321 -2618
322 -65
323 -64
324 -65
325 -349
326 -39
327 -53
328 -68
329 -2238
330 -73
331 -65
332 -63
333 -64
334 -26
335 -61
336 -59
337 -53
338 -26
339 -50
340 -12687
341 -3316
342 -7338
343 -64
344 -52
345 -52
346 -65
347 -64
348 -26
349 -64
350 -59
351 -63
352 -63
353 -1017
354 -64
355 -65
356 -65
357 -48
358 -53
359 -372
360 -59
361 -65
362 -26
363 -58
364 -59
365 -964
366 -22
367 -65
368 -64
369 -65
370 -65
371 -308
372 -1124
373 -65
374 -71
375 -59
376 -52
377 -59
378 -612
379 -61
380 -50
381 -712
382 -2412
383 -68
384 -59
385 -59
386 -65
387 -59
388 -172
389 -65
390 -2712
391 -64
392 -57
393 -64
394 -425
395 -43
396 -59
397 -4062
398 -53
399 -59
400 -63
401 -65
402 -65
403 -65
404 -26
405 -65
406 -24
407 -4215
408 -311
409 -59
410 -64
411 -64
412 -53
413 -65
414 -548
415 -65
416 -60
417 -59
418 -1348
419 -26
420 -803
421 -44
422 -4327
423 -65
424 -729
425 -65
426 -59
427 -102
428 -63
429 -53
430 -83
431 -63
432 -26
433 -65
434 -1947
435 -65
436 -30
437 -69
438 -64
439 -26
440 -65
441 -65
442 -59
443 -151
444 -64
445 -59
446 -39
447 -65
448 -65
449 -65
450 -1717
451 -63
452 -64
453 -63
454 -65
455 -54
456 -59
457 -28
458 -64
459 -2681
460 -3026
461 -59
462 -218
463 -485
464 -63
465 -59
466 -59
467 -27
468 -66
469 -741
470 -26
471 -11204
472 -63
473 -563
474 -58
475 -60
476 -65
477 -65
478 -59
479 -2742
480 -52
481 -739
482 -26
483 -49
484 -43
485 -352
486 -63
487 -65
488 -64
489 -64
490 -64
491 -63
492 -66
493 -2371
494 -1537
495 -59
496 -662
497 -136
498 -777
499 -64
500 -65
501 -767
502 -630
503 -65
504 -63
505 -59
506 -59
507 -59
508 -778
509 -60
510 -63
511 -59
512 -35
513 -63
514 -74
515 -65
516 -64
517 -47
518 -217
519 -59
520 -408
521 -64
522 -63
523 -1863
524 -64
525 -63
526 -1567
527 -64
528 -432
529 -49
530 -7914
531 -63
532 -28
533 -65
534 -45
535 -59
536 -59
537 -39
538 -362
539 -63
540 -65
541 -290
542 -1447
543 -65
544 -64
545 -306
546 -63
547 -65
548 -26
549 -26
550 -148
551 -59
552 -390
553 -63
554 -5347
555 -43
556 -42
557 -63
558 -63
559 -3776
560 -64
561 -49
562 -52
563 -63
564 -63
565 -65
566 -1311
567 -63
568 -65
569 -38
570 -65
571 -59
572 -424
573 -201
574 -5227
575 -65
576 -26
577 -68
578 -52
579 -27
580 -65
581 -63
582 -51
583 -43
584 -57
585 -20
586 -65
587 -28
588 -88
589 -65
590 -1063
591 -59
592 -64
593 -63
594 -257
595 -65
596 -63
597 -53
598 -65
599 -30
600 -63
601 -3568
602 -53
603 -53
604 -28
605 -73
606 -457
607 -2173
608 -29
609 -2577
610 -65
611 -65
612 -65
613 -63
614 -65
615 -64
616 -39
617 -65
618 -1128
619 -65
620 -277
621 -64
622 -65
623 -702
624 -220
625 -65
626 -63
627 -65
628 -45
629 -64
630 -53
631 -64
632 -65
633 -65
634 -3462
635 -48
636 -49
637 -267
638 -63
639 -1878
640 -256
641 -49
642 -312
643 -70
644 -63
645 -27
646 -53
647 -26
648 -60
649 -64
650 -148
651 -292
652 -3645
653 -173
654 -65
655 -63
656 -26
657 -27
658 -65
659 -24
660 -63
661 -53
662 -41
663 -3755
664 -66
665 -65
666 -59
667 -53
668 -38
669 -4706
670 -14784
671 -63
672 -69
673 -320
674 -65
675 -65
676 -65
677 -248
678 -28
679 -64
680 -26
681 -36
682 -60
683 -59
684 -59
685 -40
686 -3413
687 -2987
688 -1097
689 -49
690 -51
691 -5223
692 -60
693 -65
694 -59
695 -65
696 -26
697 -59
698 -41
699 -43
700 -65
701 -2957
702 -2666
703 -4512
704 -259
705 -59
706 -59
707 -65
708 -59
709 -64
710 -27
711 -71
712 -63
713 -26
714 -59
715 -59
716 -312
717 -64
718 -65
719 -63
720 -65
721 -3342
722 -59
723 -28
724 -64
725 -172
726 -81
727 -53
728 -65
729 -616
730 -34
731 -1041
732 -1676
733 -965
734 -2957
735 -26
736 -1377
737 -620
738 -2852
739 -65
740 -65
741 -59
742 -26
743 -1925
744 -53
745 -3429
746 -26
747 -62
748 -65
749 -63
750 -1019
751 -2752
752 -59
753 -32
754 -63
755 -30
756 -26
757 -1007
758 -65
759 -59
760 -34
761 -70
762 -29
763 -65
764 -27
765 -37
766 -296
767 -170
768 -151
769 -35
770 -65
771 -34
772 -62
773 -63
774 -26
775 -26
776 -63
777 -64
778 -57
779 -65
780 -70
781 -65
782 -183
783 -63
784 -64
785 -65
786 -59
787 -97
788 -50
789 -63
790 -797
791 -63
792 -59
793 -70
794 -59
795 -53
796 -59
797 -65
798 -59
799 -1047
800 -206
801 -64
802 -65
803 -133
804 -58
805 -65
806 -59
807 -30
808 -2583
809 -64
810 -65
811 -26
812 -60
813 -65
814 -65
815 -2250
816 -1697
817 -300
818 -27
819 -1557
820 -7973
821 -64
822 -164
823 -63
824 -59
825 -1981
826 -63
827 -53
828 -57
829 -1192
830 -65
831 -142
832 -63
833 -65
834 -31
835 -65
836 -65
837 -63
838 -65
839 -94
840 -63
841 -63
842 -299
843 -65
844 -52
845 -28
846 -63
847 -59
848 -54
849 -2623
850 -347
851 -98
852 -1857
853 -68
854 -168
855 -44
856 -65
857 -63
858 -53
859 -65
860 -63
861 -43
862 -513
863 -46
864 -29
865 -70
866 -313
867 -65
868 -62
869 -63
870 -26
871 -65
872 -40
873 -3362
874 -92
875 -26
876 -63
877 -28
878 -1188
879 -59
880 -1121
881 -52
882 -414
883 -63
884 -59
885 -4112
886 -56
887 -2205
888 -47
889 -4321
890 -64
891 -64
892 -86
893 -166
894 -65
895 -52
896 -26
897 -902
898 -65
899 -65
900 -65
901 -65
902 -64
903 -770
904 -34
905 -63
906 -41
907 -27
908 -64
909 -65
910 -8632
911 -28
912 -1038
913 -59
914 -65
915 -59
916 -53
917 -14595
918 -36
919 -46
920 -59
921 -26
922 -30
923 -59
924 -179
925 -64
926 -65
927 -212
928 -41
929 -63
930 -5829
931 -65
932 -63
933 -65
934 -53
935 -43
936 -63
937 -59
938 -38
939 -63
940 -64
941 -63
942 -64
943 -153
944 -27
945 -59
946 -26
947 -31
948 -26
949 -63
950 -64
951 -434
952 -27
953 -64
954 -59
955 -58
956 -65
957 -27
958 -65
959 -44
960 -27
961 -28
962 -64
963 -236
964 -63
965 -51
966 -147
967 -57
968 -59
969 -76
970 -95
971 -160
972 -59
973 -139
974 -87
975 -63
976 -27
977 -1015
978 -65
979 -537
980 -64
981 -59
982 -65
983 -26
984 -64
985 -1098
986 -38
987 -65
988 -53
989 -277
990 -59
991 -607
992 -27
993 -300
994 -1452
995 -122
996 -821
997 -65
998 -2522
999 -63
