0 -42
1 -46
2 -59
3 -67
4 -6225
5 -56
6 -84
7 -64
8 -4494
9 -69
10 -75
11 -75
12 -54
13 -91
14 -71
15 -73
16 -259
17 -45
18 -58
19 -76
20 -48
21 -4241
22 -50
23 -47
24 -54
25 -56
26 -60
27 -61
28 -94
29 -106
30 -61
31 -243
32 -1225
33 -82
34 -768
35 -56
36 -62
37 -74
38 -39
39 -98
40 -45
41 -48
42 -91
43 -58
44 -51
45 -59
46 -83
47 -65
48 -63
49 -57
50 -91
51 -70
52 -80
53 -82
54 -3426
55 -1047
56 -73
57 -70
58 -51
59 -76
60 -63
61 -1163
62 -65
63 -63
64 -55
65 -73
66 -44
67 -66
68 -77
69 -70
70 -52
71 -103
72 -59
73 -50
74 -81
75 -756
76 -70
77 -1736
78 -39
79 -58
80 -77
81 -33
82 -74
83 -98
84 -95
85 -65
86 -724
87 -11211
88 -71
89 -56
90 -175
91 -42
92 -80
93 -57
94 -62
95 -80
96 -68
97 -98
98 -82
99 -68
100 -1789
101 -1537
102 -89
103 -56
104 -91
105 -1561
106 -77
107 -46
108 -42
109 -54
110 -586
111 -85
112 -32
113 -87
114 -69
115 -60
116 -66
117 -1148
118 -58
119 -41
120 -65
121 -85
122 -60
123 -68
124 -6946
125 -2805
126 -775
127 -50
128 -44
129 -59
130 -54
131 -65
132 -2305
133 -65
134 -4893
135 -50
136 -66
137 -48
138 -85
139 -92
140 -47
141 -67
142 -66
143 -74
144 -72
145 -41
146 -95
147 -64
148 -114
149 -72
150 -107
151 -75
152 -71
153 -73
154 -87
155 -48
156 -66
157 -7582
158 -76
159 -50
160 -84
161 -194
162 -220
163 -41
164 -102
165 -7501
166 -296
167 -110
168 -63
169 -49
170 -63
171 -61
172 -95
173 -66
174 -87
175 -67
176 -66
177 -57
178 -65
179 -52
180 -50
181 -5446
182 -62
183 -59
184 -51
185 -85
186 -62
187 -49
188 -75
189 -50
190 -58
191 -67
192 -74
193 -50
194 -69
195 -48
196 -3400
197 -20
198 -60
199 -71
200 -62
201 -53
202 -7077
203 -86
204 -68
205 -1995
206 -81
207 -81
208 -90
209 -81
210 -83
211 -406
212 -48
213 -55
214 -54
215 -76
216 -84
217 -90
218 -87
219 -4584
220 -72
221 -57
222 -158
223 -987
224 -48
225 -66
226 -6359
227 -75
228 -1337
229 -70
230 -75
231 -51
232 -61
233 -66
234 -85
235 -90
236 -57
237 -53
238 -62
239 -44
240 -34
241 -77
242 -78
243 -45
244 -649
245 -79
246 -54
247 -79
248 -98
249 -50
250 -53
251 -61
252 -42
253 -50
254 -45
255 -73
256 -37
257 -64
258 -1105
259 -321
260 -76
261 -48
262 -100
263 -105
264 -342
265 -65
266 -56
267 -80
268 -55
269 -83
270 -63
271 -53
272 -57
273 -88
274 -62
275 -230
276 -66
277 -691
278 -132
279 -64
280 -90
281 -86
282 -59
283 -89
284 -54
285 -94
286 -58
287 -55
288 -43
289 -398
290 -44
291 -76
292 -64
293 -45
294 -6001
295 -43
296 -52
297 -50
298 -70
299 -60
300 -55
301 -63
302 -48
303 -69
304 -72
305 -85
306 -63
307 -67
308 -2821
309 -89
310 -55
311 -41
312 -101
313 -39
314 -67
315 -83
316 -38
317 -61
318 -42
319 -61
320 -564
321 -50
322 -35
323 -846
324 -69
325 -66
326 -89
327 -769
328 -70
329 -67
330 -81
331 -58
332 -2316
333 -59
334 -35
335 -100
336 -98
337 -38
338 -113
339 -77
340 -76
341 -47
342 -104
343 -84
344 -74
345 -63
346 -74
347 -3043
348 -65
349 -3497
350 -2394
351 -410
352 -325
353 -67
354 -72
355 -60
356 -2795
357 -81
358 -82
359 -51
360 -139
361 -64
362 -60
363 -45
364 -69
365 -43
366 -2101
367 -86
368 -86
369 -65
370 -80
371 -61
372 -3376
373 -31
374 -72
375 -5344
376 -27
377 -93
378 -46
379 -163
380 -54
381 -52
382 -46
383 -67
384 -1214
385 -52
386 -198
387 -59
388 -66
389 -47
390 -55
391 -74
392 -1170
393 -79
394 -47
395 -49
396 -77
397 -48
398 -80
399 -347
400 -2075
401 -60
402 -60
403 -50
404 -56
405 -50
406 -76
407 -55
408 -46
409 -65
410 -51
411 -1254
412 -48
413 -61
414 -95
415 -84
416 -52
417 -74
418 -73
419 -68
420 -42
421 -4608
422 -45
423 -44
424 -67
425 -62
426 -626
427 -54
428 -86
429 -51
430 -746
431 -50
432 -109
433 -54
434 -105
435 -49
436 -86
437 -75
438 -86
439 -93
440 -82
441 -61
442 -38
443 -80
444 -55
445 -92
446 -1584
447 -93
448 -87
449 -64
450 -80
451 -56
452 -69
453 -46
454 -76
455 -56
456 -72
457 -69
458 -61
459 -86
460 -56
461 -65
462 -54
463 -34
464 -81
465 -60
466 -88
467 -2796
468 -50
469 -91
470 -56
471 -80
472 -60
473 -68
474 -50
475 -45
476 -42
477 -616
478 -79
479 -53
480 -88
481 -74
482 -42
483 -105
484 -89
485 -312
486 -355
487 -36
488 -50
489 -61
490 -49
491 -208
492 -122
493 -90
494 -82
495 -49
496 -61
497 -45
498 -35
499 -598
500 -1169
501 -47
502 -59
503 -60
504 -1436
505 -61
506 -80
507 -56
508 -90
509 -59
510 -44
511 -79
512 -1393
513 -1332
514 -84
515 -85
516 -72
517 -61
518 -42
519 -46
520 -48
521 -58
522 -66
523 -50
524 -59
525 -62
526 -757
527 -92
528 -62
529 -45
530 -60
531 -62
532 -65
533 -75
534 -45
535 -65
536 -50
537 -65
538 -63
539 -81
540 -54
541 -74
542 -50
543 -58
544 -62
545 -72
546 -46
547 -51
548 -68
549 -58
550 -67
551 -86
552 -43
553 -68
554 -585
555 -196
556 -51
557 -110
558 -150
559 -90
560 -61
561 -63
562 -42
563 -61
564 -66
565 -58
566 -60
567 -48
568 -80
569 -83
570 -45
571 -59
572 -65
573 -58
574 -19
575 -45
576 -77
577 -38
578 -74
579 -1367
580 -67
581 -64
582 -39
583 -59
584 -63
585 -51
586 -75
587 -40
588 -173
589 -134
590 -84
591 -545
592 -103
593 -94
594 -42
595 -78
596 -77
597 -72
598 -86
599 -40
600 -84
601 -55
602 -76
603 -74
604 -72
605 -44
606 -75
607 -74
608 -1426
609 -86
610 -65
611 -67
612 -83
613 -57
614 -84
615 -139
616 -32
617 -56
618 -80
619 -54
620 -70
621 -61
622 -61
623 -4201
624 -71
625 -80
626 -775
627 -50
628 -46
629 -80
630 -91
631 -58
632 -48
633 -48
634 -96
635 -75
636 -94
637 -191
638 -60
639 -73
640 -72
641 -76
642 -81
643 -1606
644 -66
645 -80
646 -103
647 -56
648 -85
649 -51
650 -54
651 -97
652 -50
653 -54
654 -1728
655 -1836
656 -84
657 -74
658 -55
659 -58
660 -162
661 -58
662 -57
663 -89
664 -54
665 -78
666 -72
667 -3766
668 -43
669 -52
670 -90
671 -75
672 -66
673 -61
674 -95
675 -61
676 -54
677 -50
678 -65
679 -68
680 -575
681 -91
682 -71
683 -76
684 -52
685 -52
686 -56
687 -1289
688 -92
689 -54
690 -110
691 -64
692 -61
693 -48
694 -71
695 -56
696 -65
697 -75
698 -69
699 -478
700 -64
701 -65
702 -54
703 -75
704 -98
705 -56
706 -61
707 -3609
708 -45
709 -2981
710 -42
711 -54
712 -536
713 -54
714 -50
715 -55
716 -1578
717 -71
718 -47
719 -245
720 -59
721 -80
722 -53
723 -44
724 -49
725 -40
726 -82
727 -62
728 -66
729 -54
730 -866
731 -67
732 -69
733 -61
734 -62
735 -83
736 -79
737 -74
738 -1441
739 -56
740 -57
741 -75
742 -52
743 -79
744 -74
745 -50
746 -74
747 -54
748 -63
749 -63
750 -60
751 -58
752 -55
753 -1411
754 -58
755 -53
756 -66
757 -101
758 -204
759 -82
760 -1313
761 -73
762 -58
763 -70
764 -45
765 -73
766 -20
767 -298
768 -90
769 -85
770 -59
771 -103
772 -51
773 -5076
774 -75
775 -837
776 -60
777 -49
778 -50
779 -73
780 -99
781 -78
782 -107
783 -66
784 -102
785 -79
786 -51
787 -73
788 -53
789 -55
790 -106
791 -61
792 -95
793 -46
794 -62
795 -68
796 -80
797 -68
798 -60
799 -64
800 -76
801 -470
802 -104
803 -1903
804 -60
805 -84
806 -78
807 -61
808 -55
809 -65
810 -66
811 -88
812 -554
813 -67
814 -55
815 -80
816 -55
817 -52
818 -63
819 -103
820 -78
821 -59
822 -75
823 -66
824 -53
825 -37
826 -64
827 -78
828 -408
829 -55
830 -61
831 -58
832 -135
833 -57
834 -65
835 -55
836 -73
837 -71
838 -64
839 -62
840 -72
841 -54
842 -92
843 -91
844 -54
845 -57
846 -71
847 -52
848 -1509
849 -68
850 -72
851 -68
852 -89
853 -81
854 -2199
855 -63
856 -82
857 -92
858 -62
859 -54
860 -63
861 -74
862 -105
863 -54
864 -92
865 -63
866 -50
867 -89
868 -67
869 -47
870 -44
871 -81
872 -51
873 -63
874 -68
875 -89
876 -86
877 -49
878 -60
879 -66
880 -3796
881 -79
882 -90
883 -40
884 -59
885 -63
886 -73
887 -70
888 -79
889 -66
890 -57
891 -1455
892 -98
893 -62
894 -51
895 -60
896 -85
897 -61
898 -85
899 -1928
900 -58
901 -45
902 -1106
903 -78
904 -50
905 -47
906 -61
907 -70
908 -49
909 -98
910 -47
911 -50
912 -3795
913 -55
914 -40
915 -2279
916 -184
917 -1228
918 -150
919 -104
920 -54
921 -65
922 -77
923 -69
924 -41
925 -50
926 -36
927 -85
928 -71
929 -57
930 -53
931 -63
932 -82
933 -75
934 -1338
935 -57
936 -56
937 -73
938 -65
939 -63
940 -52
941 -62
942 -4470
943 -43
944 -72
945 -63
946 -85
947 -663
948 -51
949 -65
950 -57
951 -47
952 -103
953 -57
954 -71
955 -52
956 -43
957 -55
958 -42
959 -76
960 -56
961 -67
962 -85
963 -46
964 -70
965 -70
966 -51
967 -59
968 -50
969 -56
970 -217
971 -707
972 -49
973 -43
974 -52
975 -1515
976 -46
977 -60
978 -93
979 -94
980 -69
981 -92
982 -60
983 -91
984 -75
985 -2995
986 -39
987 -47
988 -1097
989 -73
990 -84
991 -72
992 -45
993 -59
994 -50
995 -65
996 -184
997 -57
998 -62
999 -52
