0 -1922
1 -64
2 -409
3 -64
4 -64
5 -65
6 -64
7 -63
8 -51
9 -1182
10 -41
11 -633
12 -65
13 -65
14 -51
15 -64
16 -63
17 -2023
18 -66
19 -65
20 -51
21 -2382
22 -65
23 -66
24 -64
25 -51
26 -63
27 -60
28 -63
29 -3615
30 -65
31 -66
32 -65
33 -65
34 -65
35 -947
36 -65
37 -52
38 -65
39 -63
40 -63
41 -65
42 -1053
43 -51
44 -5477
45 -65
46 -51
47 -37
48 -65
49 -65
50 -65
51 -5581
52 -63
53 -75
54 -63
55 -587
56 -64
57 -63
58 -65
59 -63
60 -63
61 -51
62 -65
63 -1206
64 -131
65 -255
66 -64
67 -65
68 -65
69 -2252
70 -3957
71 -722
72 -64
73 -64
74 -56
75 -65
76 -64
77 -59
78 -51
79 -146
80 -66
81 -864
82 -69
83 -153
84 -687
85 -1497
86 -45
87 -67
88 -588
89 -47
90 -712
91 -65
92 -65
93 -312
94 -182
95 -1272
96 -1077
97 -1722
98 -3614
99 -35
100 -51
101 -51
102 -51
103 -66
104 -752
105 -63
106 -63
107 -65
108 -1722
109 -65
110 -51
111 -63
112 -59
113 -122
114 -51
115 -64
116 -51
117 -684
118 -66
119 -577
120 -357
121 -65
122 -63
123 -65
124 -66
125 -66
126 -4227
127 -1192
128 -65
129 -66
130 -65
131 -65
132 -63
133 -63
134 -68
135 -64
136 -351
137 -64
138 -938
139 -63
140 -63
141 -442
142 -1697
143 -232
144 -65
145 -65
146 -66
147 -65
148 -65
149 -64
150 -64
151 -188
152 -66
153 -1112
154 -96
155 -66
156 -66
157 -65
158 -2621
159 -51
160 -7178
161 -65
162 -320
163 -65
164 -64
165 -65
166 -76
167 -183
168 -8112
169 -65
170 -375
171 -65
172 -301
173 -51
174 -2579
175 -66
176 -65
177 -65
178 -51
179 -64
180 -98
181 -315
182 -816
183 -56
184 -173
185 -64
186 -65
187 -65
188 -226
189 -65
190 -64
191 -56
192 -66
193 -370
194 -2157
195 -51
196 -27
197 -2716
198 -65
199 -66
200 -32
201 -51
202 -65
203 -51
204 -63
205 -64
206 -122
207 -51
208 -40
209 -51
210 -63
211 -312
212 -1507
213 -65
214 -64
215 -48
216 -41
217 -51
218 -64
219 -65
220 -54
221 -65
222 -142
223 -7812
224 -51
225 -51
226 -63
227 -277
228 -63
229 -64
230 -30
231 -66
232 -65
233 -87
234 -664
235 -170
236 -2502
237 -65
238 -64
239 -6758
240 -3292
241 -65
242 -63
243 -65
244 -2177
245 -51
246 -51
247 -66
248 -2028
249 -292
250 -66
251 -532
252 -92
253 -65
254 -830
255 -76
256 -29
257 -59
258 -55
259 -63
260 -51
261 -51
262 -411
263 -447
264 -51
265 -65
266 -1442
267 -866
268 -164
269 -63
270 -63
271 -127
272 -65
273 -647
274 -1012
275 -65
276 -65
277 -51
278 -37
279 -4997
280 -65
281 -66
282 -312
283 -152
284 -352
285 -65
286 -65
287 -64
288 -65
289 -65
290 -64
291 -51
292 -506
293 -65
294 -69
295 -70
296 -202
297 -64
298 -45
299 -226
300 -65
301 -402
302 -65
303 -65
304 -65
305 -65
306 -338
307 -64
308 -441
309 -65
310 -65
311 -51
312 -662
313 -65
314 -124
315 -60
316 -256
317 -63
318 -128
319 -63
320 -51
321 -71
322 -65
323 -65
324 -65
325 -65
326 -66
327 -66
328 -70
329 -64
330 -63
331 -66
332 -66
333 -2170
334 -66
335 -65
336 -51
337 -64
338 -83
339 -66
340 -65
341 -51
342 -144
343 -66
344 -66
345 -65
346 -181
347 -338
348 -140
349 -46
350 -66
351 -63
352 -71
353 -29
354 -467
355 -65
356 -63
357 -30
358 -65
359 -1898
360 -65
361 -64
362 -63
363 -30
364 -63
365 -51
366 -502
367 -125
368 -65
369 -66
370 -65
371 -63
372 -246
373 -5337
374 -65
375 -65
376 -66
377 -70
378 -262
379 -65
380 -66
381 -66
382 -866
383 -64
384 -64
385 -65
386 -133
387 -65
388 -96
389 -64
390 -44
391 -41
392 -65
393 -51
394 -65
395 -51
396 -647
397 -1067
398 -65
399 -51
400 -66
401 -65
402 -331
403 -135
404 -65
405 -268
406 -65
407 -64
408 -65
409 -65
410 -57
411 -64
412 -62
413 -65
414 -812
415 -64
416 -63
417 -728
418 -61
419 -65
420 -354
421 -60
422 -63
423 -64
424 -1847
425 -2026
426 -65
427 -65
428 -36
429 -65
430 -132
431 -63
432 -66
433 -246
434 -65
435 -50
436 -65
437 -66
438 -63
439 -64
440 -51
441 -51
442 -50
443 -1612
444 -100
445 -64
446 -64
447 -65
448 -69
449 -236
450 -3593
451 -1851
452 -1632
453 -51
454 -66
455 -66
456 -63
457 -65
458 -66
459 -402
460 -66
461 -5437
462 -454
463 -65
464 -65
465 -309
466 -65
467 -231
468 -65
469 -65
470 -66
471 -65
472 -224
473 -79
474 -66
475 -62
476 -3113
477 -188
478 -85
479 -51
480 -1054
481 -65
482 -1122
483 -66
484 -65
485 -51
486 -63
487 -96
488 -65
489 -65
490 -65
491 -103
492 -181
493 -2450
494 -582
495 -65
496 -35
497 -65
498 -173
499 -65
500 -264
501 -64
502 -66
503 -51
504 -6682
505 -4254
506 -66
507 -159
508 -66
509 -65
510 -51
511 -51
512 -4604
513 -65
514 -51
515 -65
516 -328
517 -60
518 -3020
519 -83
520 -503
521 -63
522 -66
523 -66
524 -413
525 -66
526 -65
527 -68
528 -64
529 -66
530 -64
531 -65
532 -196
533 -65
534 -2077
535 -65
536 -63
537 -65
538 -65
539 -42
540 -66
541 -65
542 -812
543 -227
544 -65
545 -65
546 -55
547 -64
548 -51
549 -65
550 -56
551 -802
552 -917
553 -63
554 -872
555 -65
556 -65
557 -4240
558 -65
559 -51
560 -250
561 -61
562 -63
563 -30
564 -51
565 -1142
566 -65
567 -64
568 -65
569 -63
570 -51
571 -449
572 -65
573 -65
574 -2837
575 -347
576 -65
577 -63
578 -65
579 -63
580 -469
581 -4692
582 -38
583 -64
584 -54
585 -51
586 -407
587 -189
588 -114
589 -209
590 -42
591 -65
592 -143
593 -64
594 -919
595 -65
596 -3307
597 -66
598 -113
599 -64
600 -65
601 -63
602 -90
603 -51
604 -35
605 -51
606 -64
607 -65
608 -65
609 -27
610 -65
611 -64
612 -30
613 -51
614 -268
615 -191
616 -4682
617 -66
618 -6311
619 -1142
620 -51
621 -65
622 -3753
623 -200
624 -3202
625 -70
626 -65
627 -66
628 -63
629 -65
630 -65
631 -707
632 -66
633 -65
634 -65
635 -63
636 -51
637 -65
638 -843
639 -65
640 -65
641 -65
642 -65
643 -66
644 -65
645 -65
646 -64
647 -405
648 -65
649 -66
650 -1277
651 -51
652 -123
653 -45
654 -64
655 -64
656 -63
657 -851
658 -2828
659 -66
660 -408
661 -1282
662 -384
663 -65
664 -65
665 -1297
666 -631
667 -62
668 -712
669 -66
670 -537
671 -65
672 -65
673 -65
674 -192
675 -64
676 -65
677 -79
678 -65
679 -65
680 -639
681 -65
682 -64
683 -112
684 -44
685 -51
686 -64
687 -65
688 -64
689 -109
690 -63
691 -65
692 -63
693 -66
694 -174
695 -64
696 -145
697 -65
698 -51
699 -51
700 -4372
701 -66
702 -50
703 -36
704 -51
705 -3062
706 -66
707 -65
708 -440
709 -562
710 -66
711 -64
712 -4865
713 -66
714 -105
715 -64
716 -187
717 -65
718 -63
719 -65
720 -66
721 -51
722 -4137
723 -6172
724 -64
725 -65
726 -51
727 -66
728 -1164
729 -65
730 -1047
731 -24
732 -164
733 -587
734 -51
735 -65
736 -63
737 -63
738 -7058
739 -65
740 -51
741 -60
742 -64
743 -65
744 -65
745 -65
746 -64
747 -67
748 -63
749 -64
750 -2147
751 -6971
752 -51
753 -1121
754 -65
755 -192
756 -1037
757 -432
758 -51
759 -1123
760 -51
761 -441
762 -51
763 -909
764 -4932
765 -51
766 -66
767 -2488
768 -614
769 -166
770 -140
771 -65
772 -51
773 -5747
774 -40
775 -3287
776 -572
777 -1212
778 -65
779 -66
780 -1327
781 -1878
782 -72
783 -98
784 -66
785 -51
786 -66
787 -65
788 -63
789 -66
790 -64
791 -51
792 -1207
793 -66
794 -1136
795 -65
796 -65
797 -1307
798 -63
799 -46
800 -65
801 -562
802 -64
803 -65
804 -63
805 -171
806 -66
807 -66
808 -64
809 -63
810 -76
811 -65
812 -50
813 -63
814 -51
815 -66
816 -63
817 -78
818 -2684
819 -65
820 -64
821 -62
822 -65
823 -65
824 -66
825 -2947
826 -65
827 -63
828 -65
829 -1832
830 -199
831 -63
832 -807
833 -712
834 -65
835 -51
836 -65
837 -66
838 -65
839 -65
840 -65
841 -65
842 -30
843 -64
844 -66
845 -50
846 -63
847 -217
848 -65
849 -65
850 -1766
851 -65
852 -60
853 -63
854 -66
855 -65
856 -65
857 -65
858 -66
859 -235
860 -64
861 -253
862 -51
863 -177
864 -65
865 -63
866 -65
867 -65
868 -65
869 -51
870 -957
871 -65
872 -65
873 -63
874 -200
875 -63
876 -65
877 -63
878 -65
879 -264
880 -66
881 -63
882 -47
883 -36
884 -70
885 -51
886 -338
887 -65
888 -64
889 -171
890 -148
891 -139
892 -1232
893 -4119
894 -65
895 -65
896 -499
897 -65
898 -51
899 -522
900 -63
901 -472
902 -66
903 -65
904 -2238
905 -2882
906 -65
907 -1377
908 -67
909 -63
910 -64
911 -39
912 -42
913 -64
914 -65
915 -65
916 -69
917 -1112
918 -45
919 -3594
920 -3722
921 -169
922 -70
923 -64
924 -2087
925 -63
926 -63
927 -74
928 -51
929 -65
930 -65
931 -66
932 -65
933 -51
934 -63
935 -65
936 -66
937 -452
938 -65
939 -64
940 -63
941 -65
942 -66
943 -63
944 -65
945 -118
946 -2788
947 -3087
948 -66
949 -51
950 -250
951 -51
952 -51
953 -65
954 -51
955 -145
956 -63
957 -51
958 -65
959 -66
960 -775
961 -64
962 -587
963 -65
964 -836
965 -2774
966 -51
967 -183
968 -48
969 -63
970 -63
971 -51
972 -1025
973 -65
974 -68
975 -51
976 -66
977 -65
978 -65
979 -63
980 -65
981 -126
982 -69
983 -444
984 -146
985 -90
986 -66
987 -51
988 -588
989 -51
990 -249
991 -2707
992 -51
993 -51
994 -1292
995 -2902
996 -66
997 -64
998 -51
999 -6653
