0 -69
1 -64
2 -68
3 -27
4 -64
5 -247
6 -64
7 -70
8 -64
9 -64
10 -127
11 -69
12 -68
13 -46
14 -70
15 -27
16 -36
17 -70
18 -32
19 -68
20 -27
21 -27
22 -68
23 -70
24 -68
25 -67
26 -69
27 -70
28 -767
29 -64
30 -110
31 -33
32 -31
33 -70
34 -165
35 -70
36 -1324
37 -70
38 -1280
39 -70
40 -272
41 -49
42 -101
43 -69
44 -68
45 -69
46 -69
47 -70
48 -68
49 -70
50 -64
51 -69
52 -33
53 -56
54 -69
55 -68
56 -34
57 -75
58 -69
59 -64
60 -3336
61 -70
62 -64
63 -32
64 -64
65 -28
66 -70
67 -69
68 -27
69 -64
70 -23
71 -27
72 -28
73 -70
74 -69
75 -71
76 -70
77 -70
78 -39
79 -73
80 -61
81 -522
82 -69
83 -68
84 -65
85 -70
86 -1842
87 -908
88 -42
89 -269
90 -110
91 -27
92 -64
93 -27
94 -55
95 -379
96 -70
97 -64
98 -53
99 -134
100 -70
101 -206
102 -137
103 -70
104 -621
105 -57
106 -70
107 -70
108 -70
109 -70
110 -1552
111 -159
112 -70
113 -69
114 -288
115 -37
116 -27
117 -557
118 -67
119 -69
120 -68
121 -80
122 -60
123 -75
124 -70
125 -68
126 -70
127 -64
128 -64
129 -64
130 -47
131 -69
132 -2422
133 -28
134 -68
135 -98
136 -197
137 -70
138 -264
139 -68
140 -57
141 -5902
142 -70
143 -70
144 -64
145 -70
146 -89
147 -68
148 -69
149 -73
150 -74
151 -70
152 -69
153 -64
154 -2249
155 -2390
156 -27
157 -70
158 -867
159 -399
160 -70
161 -47
162 -70
163 -1212
164 -326
165 -70
166 -69
167 -71
168 -64
169 -32
170 -163
171 -70
172 -68
173 -27
174 -70
175 -70
176 -135
177 -279
178 -347
179 -70
180 -70
181 -69
182 -744
183 -29
184 -352
185 -68
186 -69
187 -70
188 -70
189 -507
190 -1408
191 -70
192 -71
193 -69
194 -64
195 -69
196 -82
197 -35
198 -68
199 -70
200 -70
201 -27
202 -27
203 -27
204 -235
205 -27
206 -70
207 -488
208 -69
209 -71
210 -651
211 -70
212 -482
213 -68
214 -70
215 -65
216 -3532
217 -64
218 -70
219 -68
220 -539
221 -68
222 -27
223 -70
224 -237
225 -70
226 -6082
227 -1861
228 -64
229 -69
230 -588
231 -64
232 -60
233 -27
234 -418
235 -155
236 -64
237 -70
238 -64
239 -69
240 -70
241 -1277
242 -64
243 -35
244 -27
245 -3527
246 -43
247 -45
248 -512
249 -70
250 -74
251 -68
252 -57
253 -70
254 -40
255 -70
256 -70
257 -72
258 -68
259 -64
260 -1823
261 -64
262 -69
263 -52
264 -3092
265 -68
266 -69
267 -3191
268 -68
269 -158
270 -39
271 -252
272 -64
273 -68
274 -84
275 -233
276 -28
277 -542
278 -187
279 -27
280 -70
281 -70
282 -27
283 -70
284 -70
285 -70
286 -68
287 -70
288 -2589
289 -70
290 -166
291 -55
292 -64
293 -70
294 -68
295 -70
296 -27
297 -70
298 -347
299 -68
300 -70
301 -28
302 -652
303 -70
304 -27
305 -70
306 -27
307 -34
308 -542
309 -70
310 -70
311 -69
312 -824
313 -69
314 -68
315 -64
316 -70
317 -70
318 -70
319 -68
320 -64
321 -70
322 -69
323 -69
324 -59
325 -70
326 -45
327 -70
328 -2092
329 -537
330 -215
331 -1426
332 -27
333 -68
334 -236
335 -126
336 -151
337 -68
338 -49
339 -144
340 -68
341 -32
342 -70
343 -68
344 -70
345 -70
346 -64
347 -167
348 -75
349 -299
350 -64
351 -146
352 -862
353 -69
354 -918
355 -70
356 -4083
357 -1057
358 -70
359 -127
360 -95
361 -226
362 -602
363 -362
364 -70
365 -22
366 -70
367 -333
368 -69
369 -882
370 -70
371 -27
372 -64
373 -74
374 -697
375 -70
376 -70
377 -70
378 -71
379 -70
380 -70
381 -27
382 -33
383 -70
384 -75
385 -2128
386 -70
387 -154
388 -70
389 -69
390 -250
391 -117
392 -70
393 -75
394 -68
395 -75
396 -225
397 -70
398 -987
399 -27
400 -35
401 -370
402 -70
403 -950
404 -64
405 -27
406 -64
407 -712
408 -1303
409 -69
410 -286
411 -64
412 -64
413 -54
414 -213
415 -69
416 -1457
417 -64
418 -48
419 -3275
420 -69
421 -162
422 -64
423 -393
424 -68
425 -322
426 -64
427 -494
428 -12658
429 -68
430 -27
431 -153
432 -70
433 -237
434 -70
435 -577
436 -1732
437 -70
438 -961
439 -209
440 -54
441 -27
442 -27
443 -70
444 -69
445 -59
446 -27
447 -69
448 -64
449 -70
450 -97
451 -1347
452 -70
453 -70
454 -28
455 -69
456 -70
457 -185
458 -64
459 -65
460 -2878
461 -411
462 -62
463 -27
464 -44
465 -64
466 -27
467 -64
468 -27
469 -141
470 -70
471 -331
472 -69
473 -1617
474 -284
475 -69
476 -5962
477 -199
478 -64
479 -69
480 -27
481 -70
482 -64
483 -69
484 -694
485 -68
486 -70
487 -64
488 -70
489 -68
490 -27
491 -70
492 -69
493 -28
494 -27
495 -70
496 -70
497 -70
498 -69
499 -23
500 -64
501 -70
502 -47
503 -52
504 -70
505 -511
506 -27
507 -70
508 -70
509 -1047
510 -1022
511 -68
512 -64
513 -70
514 -70
515 -69
516 -70
517 -64
518 -152
519 -69
520 -68
521 -70
522 -313
523 -253
524 -70
525 -70
526 -64
527 -68
528 -146
529 -70
530 -69
531 -70
532 -27
533 -106
534 -69
535 -70
536 -46
537 -69
538 -220
539 -519
540 -68
541 -70
542 -175
543 -64
544 -697
545 -48
546 -64
547 -59
548 -2207
549 -68
550 -70
551 -70
552 -70
553 -232
554 -100
555 -64
556 -39
557 -27
558 -1037
559 -71
560 -28
561 -52
562 -922
563 -69
564 -27
565 -255
566 -70
567 -69
568 -64
569 -68
570 -68
571 -54
572 -69
573 -70
574 -28
575 -219
576 -51
577 -69
578 -70
579 -1767
580 -70
581 -27
582 -70
583 -70
584 -995
585 -64
586 -70
587 -192
588 -72
589 -68
590 -68
591 -73
592 -132
593 -2120
594 -68
595 -64
596 -64
597 -27
598 -68
599 -27
600 -64
601 -70
602 -28
603 -127
604 -68
605 -64
606 -68
607 -407
608 -70
609 -56
610 -44
611 -3382
612 -70
613 -65
614 -219
615 -342
616 -70
617 -70
618 -68
619 -70
620 -28
621 -70
622 -219
623 -38
624 -391
625 -69
626 -449
627 -70
628 -70
629 -27
630 -70
631 -39
632 -356
633 -70
634 -68
635 -76
636 -1032
637 -1752
638 -70
639 -70
640 -3117
641 -75
642 -561
643 -193
644 -64
645 -32
646 -2354
647 -110
648 -70
649 -71
650 -64
651 -70
652 -70
653 -91
654 -1312
655 -70
656 -76
657 -299
658 -27
659 -78
660 -175
661 -62
662 -64
663 -70
664 -68
665 -64
666 -70
667 -68
668 -69
669 -206
670 -1627
671 -27
672 -70
673 -70
674 -70
675 -2367
676 -70
677 -65
678 -64
679 -70
680 -342
681 -64
682 -239
683 -73
684 -1687
685 -447
686 -39
687 -91
688 -64
689 -64
690 -3783
691 -270
692 -1007
693 -69
694 -27
695 -200
696 -733
697 -37
698 -51
699 -1742
700 -69
701 -70
702 -64
703 -70
704 -69
705 -370
706 -70
707 -68
708 -266
709 -70
710 -433
711 -70
712 -64
713 -70
714 -64
715 -50
716 -70
717 -70
718 -69
719 -70
720 -68
721 -70
722 -101
723 -70
724 -70
725 -482
726 -70
727 -56
728 -68
729 -96
730 -53
731 -70
732 -77
733 -3711
734 -70
735 -306
736 -28
737 -2542
738 -69
739 -3025
740 -70
741 -64
742 -164
743 -33
744 -68
745 -69
746 -27
747 -27
748 -70
749 -70
750 -68
751 -57
752 -64
753 -60
754 -941
755 -69
756 -32
757 -68
758 -64
759 -206
760 -70
761 -68
762 -70
763 -141
764 -1337
765 -64
766 -68
767 -68
768 -68
769 -70
770 -202
771 -69
772 -69
773 -504
774 -64
775 -827
776 -69
777 -209
778 -69
779 -64
780 -213
781 -27
782 -70
783 -69
784 -117
785 -1051
786 -69
787 -64
788 -28
789 -114
790 -69
791 -61
792 -233
793 -433
794 -164
795 -115
796 -187
797 -149
798 -27
799 -62
800 -70
801 -68
802 -27
803 -3532
804 -180
805 -68
806 -70
807 -988
808 -66
809 -70
810 -68
811 -70
812 -69
813 -70
814 -70
815 -2032
816 -68
817 -3457
818 -4975
819 -60
820 -27
821 -70
822 -68
823 -27
824 -833
825 -69
826 -70
827 -64
828 -64
829 -68
830 -56
831 -64
832 -68
833 -4842
834 -36
835 -69
836 -68
837 -59
838 -82
839 -69
840 -70
841 -283
842 -70
843 -70
844 -3742
845 -27
846 -70
847 -70
848 -496
849 -64
850 -27
851 -102
852 -862
853 -653
854 -2937
855 -70
856 -64
857 -70
858 -27
859 -732
860 -2947
861 -70
862 -79
863 -70
864 -24
865 -236
866 -69
867 -70
868 -36
869 -68
870 -1595
871 -43
872 -1492
873 -2493
874 -70
875 -165
876 -64
877 -662
878 -78
879 -68
880 -1013
881 -68
882 -70
883 -70
884 -70
885 -159
886 -70
887 -47
888 -70
889 -3584
890 -26
891 -68
892 -68
893 -28
894 -65
895 -1143
896 -69
897 -1257
898 -27
899 -5057
900 -70
901 -176
902 -64
903 -64
904 -122
905 -64
906 -1682
907 -70
908 -68
909 -70
910 -70
911 -69
912 -70
913 -202
914 -59
915 -194
916 -38
917 -70
918 -64
919 -68
920 -68
921 -610
922 -68
923 -69
924 -70
925 -70
926 -70
927 -70
928 -64
929 -4332
930 -64
931 -64
932 -402
933 -68
934 -65
935 -3828
936 -278
937 -70
938 -448
939 -42
940 -64
941 -2067
942 -70
943 -20
944 -51
945 -27
946 -1067
947 -70
948 -293
949 -64
950 -68
951 -68
952 -70
953 -64
954 -70
955 -70
956 -69
957 -2192
958 -59
959 -40
960 -69
961 -68
962 -135
963 -64
964 -70
965 -75
966 -70
967 -27
968 -70
969 -70
970 -68
971 -69
972 -422
973 -27
974 -27
975 -64
976 -27
977 -70
978 -1537
979 -69
980 -478
981 -70
982 -300
983 -70
984 -69
985 -1837
986 -922
987 -727
988 -27
989 -487
990 -556
991 -70
992 -64
993 -70
994 -70
995 -244
996 -70
997 -69
998 -277
999 -80
