0 -68
1 -73
2 -202
3 -68
4 -206
5 -73
6 -62
7 -26
8 -3589
9 -26
10 -258
11 -74
12 -62
13 -74
14 -54
15 -1326
16 -26
17 -74
18 -57
19 -459
20 -74
21 -72
22 -26
23 -68
24 -3703
25 -2050
26 -73
27 -54
28 -2533
29 -72
30 -61
31 -74
32 -73
33 -26
34 -74
35 -62
36 -79
37 -62
38 -74
39 -74
40 -72
41 -26
42 -68
43 -72
44 -61
45 -74
46 -151
47 -26
48 -74
49 -72
50 -68
51 -68
52 -73
53 -62
54 -45
55 -72
56 -74
57 -72
58 -1501
59 -54
60 -26
61 -68
62 -4770
63 -73
64 -62
65 -84
66 -73
67 -27
68 -74
69 -69
70 -49
71 -50
72 -74
73 -74
74 -62
75 -1346
76 -574
77 -58
78 -61
79 -58
80 -73
81 -73
82 -74
83 -61
84 -74
85 -72
86 -68
87 -45
88 -68
89 -72
90 -99
91 -73
92 -68
93 -54
94 -62
95 -74
96 -73
97 -73
98 -62
99 -74
100 -1031
101 -74
102 -135
103 -2078
104 -74
105 -74
106 -68
107 -73
108 -73
109 -72
110 -62
111 -72
112 -54
113 -45
114 -72
115 -62
116 -68
117 -61
118 -73
119 -26
120 -61
121 -61
122 -54
123 -265
124 -26
125 -72
126 -73
127 -4657
128 -61
129 -55
130 -137
131 -73
132 -74
133 -72
134 -72
135 -68
136 -72
137 -68
138 -610
139 -68
140 -1731
141 -356
142 -69
143 -54
144 -72
145 -62
146 -80
147 -62
148 -54
149 -26
150 -1557
151 -188
152 -73
153 -68
154 -74
155 -74
156 -26
157 -4236
158 -5265
159 -2452
160 -31
161 -74
162 -74
163 -62
164 -73
165 -62
166 -61
167 -68
168 -394
169 -61
170 -73
171 -61
172 -76
173 -74
174 -4124
175 -73
176 -74
177 -74
178 -62
179 -74
180 -61
181 -66
182 -62
183 -83
184 -62
185 -26
186 -68
187 -68
188 -61
189 -74
190 -57
191 -73
192 -930
193 -56
194 -26
195 -26
196 -61
197 -74
198 -54
199 -2170
200 -26
201 -74
202 -74
203 -1222
204 -43
205 -72
206 -62
207 -74
208 -2976
209 -74
210 -62
211 -1187
212 -54
213 -68
214 -26
215 -26
216 -61
217 -73
218 -107
219 -328
220 -72
221 -3963
222 -60
223 -72
224 -26
225 -73
226 -69
227 -61
228 -74
229 -68
230 -74
231 -73
232 -68
233 -63
234 -62
235 -73
236 -26
237 -62
238 -70
239 -56
240 -2464
241 -26
242 -64
243 -78
244 -133
245 -68
246 -26
247 -68
248 -230
249 -74
250 -73
251 -452
252 -61
253 -63
254 -2219
255 -69
256 -67
257 -73
258 -74
259 -511
260 -764
261 -74
262 -345
263 -73
264 -378
265 -49
266 -73
267 -73
268 -45
269 -74
270 -61
271 -1161
272 -73
273 -45
274 -62
275 -55
276 -302
277 -58
278 -68
279 -45
280 -26
281 -74
282 -74
283 -61
284 -68
285 -1208
286 -74
287 -74
288 -73
289 -62
290 -72
291 -478
292 -68
293 -61
294 -72
295 -61
296 -1990
297 -1360
298 -61
299 -68
300 -74
301 -74
302 -26
303 -74
304 -73
305 -68
306 -68
307 -901
308 -74
309 -72
310 -73
311 -73
312 -61
313 -698
314 -58
315 -74
316 -275
317 -73
318 -26
319 -62
320 -74
321 -54
322 -73
323 -62
324 -58
325 -325
326 -68
327 -61
328 -26
329 -68
330 -178
331 -70
332 -74
333 -26
334 -309
335 -74
336 -68
337 -66
338 -54
339 -61
340 -57
341 -64
342 -370
343 -287
344 -884
345 -74
346 -73
347 -68
348 -63
349 -61
350 -1030
351 -61
352 -72
353 -68
354 -295
355 -26
356 -72
357 -73
358 -154
359 -57
360 -73
361 -26
362 -49
363 -74
364 -74
365 -123
366 -72
367 -563
368 -69
369 -153
370 -74
371 -68
372 -72
373 -54
374 -72
375 -74
376 -62
377 -84
378 -62
379 -149
380 -45
381 -61
382 -373
383 -26
384 -3792
385 -72
386 -785
387 -62
388 -58
389 -152
390 -72
391 -81
392 -73
393 -72
394 -130
395 -61
396 -205
397 -44
398 -26
399 -68
400 -72
401 -62
402 -72
403 -62
404 -64
405 -414
406 -74
407 -295
408 -72
409 -73
410 -26
411 -62
412 -54
413 -74
414 -35
415 -699
416 -74
417 -74
418 -2566
419 -73
420 -61
421 -26
422 -61
423 -189
424 -74
425 -8894
426 -26
427 -2403
428 -61
429 -26
430 -61
431 -61
432 -68
433 -74
434 -72
435 -62
436 -68
437 -86
438 -72
439 -49
440 -474
441 -74
442 -74
443 -59
444 -68
445 -26
446 -74
447 -1217
448 -74
449 -68
450 -68
451 -74
452 -72
453 -60
454 -183
455 -7823
456 -1025
457 -74
458 -61
459 -45
460 -72
461 -74
462 -62
463 -58
464 -72
465 -62
466 -61
467 -74
468 -74
469 -256
470 -74
471 -62
472 -74
473 -68
474 -62
475 -54
476 -68
477 -244
478 -130
479 -73
480 -45
481 -61
482 -26
483 -69
484 -74
485 -72
486 -74
487 -63
488 -73
489 -63
490 -683
491 -26
492 -74
493 -1887
494 -328
495 -632
496 -546
497 -26
498 -334
499 -56
500 -73
501 -74
502 -68
503 -68
504 -54
505 -73
506 -62
507 -74
508 -68
509 -3257
510 -72
511 -61
512 -61
513 -1905
514 -68
515 -62
516 -235
517 -333
518 -68
519 -68
520 -73
521 -62
522 -73
523 -74
524 -74
525 -74
526 -62
527 -242
528 -26
529 -72
530 -62
531 -37
532 -73
533 -72
534 -200
535 -2382
536 -73
537 -62
538 -72
539 -44
540 -65
541 -74
542 -73
543 -73
544 -74
545 -74
546 -74
547 -74
548 -54
549 -61
550 -26
551 -72
552 -35
553 -195
554 -68
555 -72
556 -26
557 -61
558 -121
559 -68
560 -74
561 -73
562 -68
563 -68
564 -26
565 -74
566 -79
567 -3847
568 -74
569 -211
570 -26
571 -74
572 -73
573 -120
574 -1475
575 -5031
576 -72
577 -62
578 -60
579 -74
580 -26
581 -74
582 -69
583 -68
584 -74
585 -62
586 -74
587 -449
588 -72
589 -74
590 -121
591 -6433
592 -74
593 -61
594 -6992
595 -101
596 -26
597 -231
598 -217
599 -53
600 -74
601 -358
602 -69
603 -72
604 -62
605 -72
606 -61
607 -72
608 -74
609 -72
610 -74
611 -310
612 -54
613 -49
614 -74
615 -2722
616 -54
617 -251
618 -73
619 -26
620 -74
621 -262
622 -2246
623 -68
624 -74
625 -73
626 -1701
627 -74
628 -73
629 -113
630 -62
631 -429
632 -61
633 -26
634 -216
635 -171
636 -360
637 -7216
638 -58
639 -68
640 -74
641 -68
642 -58
643 -26
644 -74
645 -61
646 -62
647 -54
648 -73
649 -68
650 -73
651 -26
652 -74
653 -45
654 -73
655 -74
656 -58
657 -62
658 -1652
659 -72
660 -26
661 -74
662 -68
663 -45
664 -61
665 -67
666 -86
667 -65
668 -75
669 -65
670 -74
671 -1829
672 -231
673 -53
674 -61
675 -61
676 -2966
677 -26
678 -78
679 -473
680 -615
681 -74
682 -49
683 -72
684 -74
685 -73
686 -61
687 -77
688 -62
689 -761
690 -780
691 -74
692 -26
693 -26
694 -61
695 -74
696 -62
697 -68
698 -62
699 -310
700 -54
701 -74
702 -61
703 -74
704 -74
705 -72
706 -45
707 -62
708 -73
709 -135
710 -61
711 -73
712 -26
713 -180
714 -26
715 -62
716 -26
717 -74
718 -203
719 -74
720 -74
721 -62
722 -74
723 -5950
724 -66
725 -54
726 -62
727 -789
728 -26
729 -33
730 -68
731 -222
732 -129
733 -45
734 -303
735 -432
736 -138
737 -62
738 -73
739 -68
740 -72
741 -62
742 -74
743 -62
744 -68
745 -74
746 -69
747 -68
748 -26
749 -52
750 -74
751 -73
752 -61
753 -74
754 -73
755 -73
756 -54
757 -74
758 -54
759 -73
760 -53
761 -72
762 -564
763 -443
764 -66
765 -74
766 -212
767 -68
768 -74
769 -243
770 -54
771 -74
772 -183
773 -1486
774 -91
775 -62
776 -255
777 -26
778 -74
779 -74
780 -73
781 -74
782 -73
783 -54
784 -74
785 -62
786 -68
787 -26
788 -101
789 -58
790 -54
791 -74
792 -26
793 -81
794 -54
795 -62
796 -63
797 -73
798 -72
799 -72
800 -4209
801 -87
802 -73
803 -73
804 -50
805 -141
806 -241
807 -74
808 -26
809 -68
810 -74
811 -45
812 -72
813 -26
814 -74
815 -26
816 -543
817 -61
818 -2747
819 -73
820 -62
821 -1783
822 -54
823 -42
824 -68
825 -74
826 -1842
827 -73
828 -61
829 -74
830 -2311
831 -72
832 -62
833 -72
834 -521
835 -74
836 -68
837 -5278
838 -59
839 -26
840 -74
841 -26
842 -263
843 -74
844 -122
845 -61
846 -54
847 -1113
848 -26
849 -68
850 -73
851 -68
852 -72
853 -74
854 -74
855 -85
856 -73
857 -61
858 -74
859 -26
860 -74
861 -74
862 -61
863 -707
864 -292
865 -417
866 -41
867 -73
868 -74
869 -26
870 -74
871 -62
872 -108
873 -74
874 -45
875 -61
876 -142
877 -26
878 -26
879 -68
880 -68
881 -68
882 -74
883 -62
884 -72
885 -74
886 -58
887 -61
888 -68
889 -65
890 -74
891 -175
892 -72
893 -73
894 -1622
895 -82
896 -26
897 -62
898 -145
899 -26
900 -62
901 -26
902 -61
903 -251
904 -74
905 -45
906 -2052
907 -68
908 -72
909 -62
910 -73
911 -74
912 -72
913 -61
914 -120
915 -54
916 -49
917 -26
918 -74
919 -68
920 -68
921 -62
922 -26
923 -74
924 -74
925 -73
926 -58
927 -74
928 -61
929 -74
930 -74
931 -26
932 -57
933 -68
934 -62
935 -68
936 -68
937 -45
938 -1014
939 -68
940 -73
941 -1722
942 -68
943 -74
944 -265
945 -74
946 -74
947 -125
948 -72
949 -72
950 -72
951 -68
952 -61
953 -2644
954 -2631
955 -54
956 -57
957 -74
958 -49
959 -72
960 -54
961 -68
962 -60
963 -74
964 -62
965 -68
966 -73
967 -62
968 -74
969 -45
970 -54
971 -26
972 -68
973 -61
974 -74
975 -234
976 -61
977 -72
978 -26
979 -62
980 -74
981 -57
982 -26
983 -68
984 -73
985 -62
986 -2079
987 -74
988 -72
989 -56
990 -95
991 -26
992 -920
993 -74
994 -420
995 -5059
996 -621
997 -72
998 -73
999 -58
