0 -53
1 -65
2 -65
3 -744
4 -65
5 -63
6 -63
7 -53
8 -66
9 -58
10 -65
11 -471
12 -65
13 -69
14 -563
15 -59
16 -83
17 -64
18 -65
19 -66
20 -374
21 -49
22 -64
23 -66
24 -64
25 -53
26 -43
27 -58
28 -65
29 -2568
30 -65
31 -65
32 -53
33 -66
34 -40
35 -63
36 -1125
37 -65
38 -25
39 -516
40 -65
41 -53
42 -53
43 -65
44 -63
45 -1869
46 -64
47 -65
48 -53
49 -66
50 -65
51 -199
52 -56
53 -389
54 -73
55 -66
56 -2949
57 -65
58 -111
59 -65
60 -66
61 -66
62 -63
63 -64
64 -66
65 -53
66 -100
67 -313
68 -418
69 -65
70 -137
71 -170
72 -208
73 -65
74 -59
75 -65
76 -382
77 -53
78 -915
79 -64
80 -63
81 -334
82 -34
83 -398
84 -85
85 -64
86 -73
87 -1079
88 -12123
89 -155
90 -547
91 -118
92 -63
93 -413
94 -290
95 -66
96 -67
97 -65
98 -230
99 -965
100 -64
101 -462
102 -64
103 -64
104 -64
105 -65
106 -488
107 -30
108 -117
109 -559
110 -631
111 -29
112 -63
113 -52
114 -66
115 -63
116 -53
117 -562
118 -63
119 -41
120 -65
121 -63
122 -65
123 -65
124 -66
125 -63
126 -69
127 -44
128 -70
129 -49
130 -65
131 -2062
132 -446
133 -1023
134 -2814
135 -53
136 -60
137 -66
138 -47
139 -438
140 -65
141 -53
142 -65
143 -361
144 -201
145 -49
146 -362
147 -66
148 -55
149 -53
150 -137
151 -53
152 -65
153 -109
154 -58
155 -237
156 -64
157 -687
158 -64
159 -64
160 -351
161 -4110
162 -350
163 -46
164 -65
165 -64
166 -53
167 -53
168 -64
169 -3019
170 -63
171 -73
172 -65
173 -63
174 -47
175 -504
176 -63
177 -331
178 -53
179 -64
180 -49
181 -54
182 -65
183 -221
184 -179
185 -53
186 -66
187 -58
188 -65
189 -53
190 -64
191 -56
192 -2445
193 -66
194 -53
195 -197
196 -65
197 -53
198 -65
199 -839
200 -64
201 -64
202 -49
203 -65
204 -63
205 -65
206 -63
207 -292
208 -64
209 -692
210 -1754
211 -53
212 -23
213 -332
214 -277
215 -66
216 -65
217 -619
218 -42
219 -65
220 -64
221 -59
222 -53
223 -64
224 -63
225 -63
226 -66
227 -103
228 -65
229 -65
230 -5257
231 -53
232 -66
233 -316
234 -64
235 -63
236 -121
237 -54
238 -5559
239 -156
240 -53
241 -6703
242 -18
243 -66
244 -561
245 -64
246 -66
247 -63
248 -447
249 -658
250 -52
251 -65
252 -47
253 -50
254 -2560
255 -64
256 -55
257 -65
258 -256
259 -149
260 -66
261 -48
262 -182
263 -63
264 -65
265 -63
266 -66
267 -967
268 -53
269 -64
270 -63
271 -119
272 -495
273 -232
274 -44
275 -60
276 -526
277 -870
278 -64
279 -53
280 -363
281 -778
282 -106
283 -1039
284 -58
285 -670
286 -53
287 -65
288 -6428
289 -63
290 -66
291 -279
292 -714
293 -38
294 -4514
295 -65
296 -64
297 -53
298 -64
299 -112
300 -317
301 -49
302 -63
303 -9436
304 -42
305 -1235
306 -53
307 -53
308 -3429
309 -65
310 -63
311 -40
312 -126
313 -53
314 -66
315 -53
316 -319
317 -451
318 -66
319 -53
320 -544
321 -66
322 -63
323 -63
324 -537
325 -520
326 -64
327 -2283
328 -58
329 -64
330 -60
331 -65
332 -155
333 -531
334 -53
335 -63
336 -65
337 -63
338 -64
339 -56
340 -64
341 -65
342 -64
343 -776
344 -505
345 -65
346 -173
347 -31
348 -977
349 -254
350 -66
351 -63
352 -341
353 -604
354 -66
355 -63
356 -66
357 -65
358 -64
359 -54
360 -64
361 -46
362 -53
363 -764
364 -485
365 -49
366 -66
367 -64
368 -1378
369 -824
370 -31
371 -63
372 -62
373 -53
374 -66
375 -65
376 -66
377 -49
378 -63
379 -63
380 -64
381 -4766
382 -759
383 -274
384 -65
385 -44
386 -66
387 -66
388 -58
389 -59
390 -66
391 -40
392 -58
393 -42
394 -53
395 -27
396 -64
397 -467
398 -63
399 -66
400 -63
401 -66
402 -66
403 -63
404 -267
405 -118
406 -683
407 -801
408 -63
409 -63
410 -66
411 -65
412 -64
413 -70
414 -63
415 -64
416 -68
417 -65
418 -576
419 -65
420 -64
421 -63
422 -53
423 -65
424 -66
425 -65
426 -888
427 -53
428 -400
429 -65
430 -63
431 -306
432 -63
433 -63
434 -65
435 -65
436 -65
437 -63
438 -65
439 -4223
440 -285
441 -138
442 -65
443 -11262
444 -72
445 -68
446 -151
447 -64
448 -50
449 -64
450 -65
451 -53
452 -65
453 -65
454 -66
455 -64
456 -53
457 -232
458 -150
459 -936
460 -55
461 -65
462 -65
463 -53
464 -66
465 -58
466 -45
467 -84
468 -63
469 -64
470 -60
471 -382
472 -291
473 -453
474 -65
475 -66
476 -65
477 -52
478 -387
479 -65
480 -2079
481 -63
482 -53
483 -40
484 -66
485 -63
486 -35
487 -65
488 -52
489 -4784
490 -261
491 -50
492 -56
493 -49
494 -64
495 -7786
496 -64
497 -65
498 -1092
499 -937
500 -1378
501 -65
502 -63
503 -65
504 -161
505 -61
506 -65
507 -65
508 -64
509 -64
510 -65
511 -63
512 -80
513 -63
514 -63
515 -65
516 -63
517 -64
518 -63
519 -65
520 -249
521 -63
522 -128
523 -63
524 -65
525 -66
526 -64
527 -97
528 -64
529 -77
530 -65
531 -66
532 -1703
533 -64
534 -65
535 -65
536 -53
537 -63
538 -450
539 -65
540 -65
541 -45
542 -119
543 -53
544 -53
545 -53
546 -510
547 -65
548 -64
549 -65
550 -58
551 -53
552 -53
553 -229
554 -63
555 -64
556 -65
557 -65
558 -425
559 -53
560 -66
561 -60
562 -55
563 -729
564 -4848
565 -64
566 -179
567 -63
568 -48
569 -64
570 -149
571 -63
572 -64
573 -53
574 -185
575 -64
576 -66
577 -65
578 -576
579 -65
580 -63
581 -591
582 -53
583 -10302
584 -65
585 -63
586 -65
587 -245
588 -63
589 -58
590 -64
591 -63
592 -53
593 -2413
594 -66
595 -66
596 -301
597 -588
598 -65
599 -436
600 -192
601 -69
602 -630
603 -49
604 -63
605 -66
606 -65
607 -318
608 -64
609 -63
610 -53
611 -58
612 -5168
613 -894
614 -61
615 -288
616 -66
617 -492
618 -65
619 -53
620 -63
621 -49
622 -64
623 -63
624 -63
625 -66
626 -45
627 -64
628 -58
629 -65
630 -63
631 -527
632 -63
633 -36
634 -241
635 -59
636 -145
637 -63
638 -65
639 -58
640 -56
641 -63
642 -168
643 -65
644 -64
645 -63
646 -63
647 -65
648 -140
649 -56
650 -65
651 -65
652 -65
653 -1916
654 -109
655 -53
656 -53
657 -65
658 -64
659 -63
660 -64
661 -489
662 -65
663 -49
664 -53
665 -60
666 -53
667 -65
668 -66
669 -63
670 -63
671 -622
672 -181
673 -6135
674 -63
675 -575
676 -317
677 -64
678 -69
679 -65
680 -106
681 -64
682 -152
683 -65
684 -158
685 -400
686 -243
687 -64
688 -64
689 -65
690 -236
691 -25
692 -65
693 -66
694 -412
695 -383
696 -627
697 -65
698 -65
699 -65
700 -63
701 -64
702 -57
703 -493
704 -79
705 -346
706 -49
707 -1452
708 -45
709 -65
710 -65
711 -64
712 -282
713 -58
714 -53
715 -65
716 -3030
717 -106
718 -66
719 -66
720 -64
721 -326
722 -65
723 -58
724 -44
725 -64
726 -259
727 -64
728 -63
729 -63
730 -45
731 -66
732 -54
733 -200
734 -69
735 -108
736 -54
737 -64
738 -136
739 -66
740 -65
741 -53
742 -480
743 -64
744 -73
745 -69
746 -63
747 -235
748 -63
749 -735
750 -202
751 -2838
752 -44
753 -64
754 -64
755 -161
756 -64
757 -76
758 -202
759 -65
760 -85
761 -225
762 -66
763 -70
764 -64
765 -74
766 -53
767 -65
768 -63
769 -64
770 -80
771 -271
772 -65
773 -989
774 -65
775 -138
776 -66
777 -66
778 -53
779 -58
780 -64
781 -66
782 -1323
783 -66
784 -64
785 -49
786 -698
787 -1924
788 -65
789 -65
790 -63
791 -118
792 -77
793 -53
794 -53
795 -52
796 -85
797 -29
798 -63
799 -228
800 -329
801 -37
802 -5973
803 -65
804 -53
805 -53
806 -63
807 -694
808 -701
809 -63
810 -11304
811 -53
812 -117
813 -51
814 -65
815 -50
816 -294
817 -298
818 -408
819 -64
820 -66
821 -64
822 -65
823 -64
824 -64
825 -435
826 -43
827 -693
828 -70
829 -65
830 -65
831 -270
832 -63
833 -65
834 -65
835 -64
836 -65
837 -65
838 -53
839 -53
840 -63
841 -64
842 -759
843 -53
844 -64
845 -57
846 -64
847 -63
848 -65
849 -65
850 -53
851 -404
852 -70
853 -60
854 -65
855 -36
856 -63
857 -58
858 -64
859 -65
860 -65
861 -3411
862 -44
863 -65
864 -2579
865 -447
866 -66
867 -31
868 -158
869 -171
870 -224
871 -63
872 -65
873 -52
874 -64
875 -2204
876 -311
877 -63
878 -57
879 -65
880 -66
881 -423
882 -699
883 -64
884 -66
885 -5035
886 -64
887 -26
888 -54
889 -312
890 -210
891 -1000
892 -65
893 -485
894 -66
895 -46
896 -40
897 -63
898 -53
899 -1038
900 -64
901 -36
902 -65
903 -130
904 -64
905 -296
906 -66
907 -55
908 -53
909 -63
910 -50
911 -64
912 -66
913 -53
914 -95
915 -568
916 -66
917 -53
918 -996
919 -2073
920 -65
921 -65
922 -64
923 -711
924 -65
925 -63
926 -436
927 -63
928 -65
929 -480
930 -65
931 -63
932 -63
933 -666
934 -709
935 -63
936 -63
937 -66
938 -58
939 -101
940 -65
941 -65
942 -66
943 -60
944 -48
945 -66
946 -65
947 -53
948 -64
949 -608
950 -43
951 -63
952 -63
953 -66
954 -365
955 -168
956 -66
957 -176
958 -63
959 -53
960 -63
961 -64
962 -70
963 -1214
964 -64
965 -9755
966 -1429
967 -63
968 -66
969 -64
970 -73
971 -65
972 -243
973 -66
974 -66
975 -54
976 -64
977 -63
978 -265
979 -65
980 -727
981 -868
982 -44
983 -1051
984 -53
985 -63
986 -2255
987 -65
988 -63
989 -4661
990 -64
991 -42
992 -484
993 -65
994 -53
995 -53
996 -53
997 -96
998 -4823
999 -63
