0 -483
1 -62
2 -63
3 -52
4 -27
5 -530
6 -65
7 -1963
8 -72
9 -49
10 -65
11 -65
12 -65
13 -188
14 -633
15 -124
16 -53
17 -208
18 -64
19 -3751
20 -54
21 -65
22 -53
23 -157
24 -59
25 -59
26 -64
27 -1288
28 -32
29 -65
30 -31
31 -59
32 -670
33 -65
34 -6743
35 -65
36 -890
37 -63
38 -52
39 -54
40 -171
41 -53
42 -326
43 -46
44 -43
45 -52
46 -502
47 -65
48 -59
49 -53
50 -58
51 -53
52 -65
53 -64
54 -65
55 -53
56 -56
57 -63
58 -66
59 -53
60 -52
61 -828
62 -49
63 -3169
64 -65
65 -59
66 -59
67 -59
68 -59
69 -60
70 -53
71 -65
72 -63
73 -65
74 -59
75 -64
76 -51
77 -59
78 -44
79 -35
80 -63
81 -64
82 -64
83 -65
84 -7443
85 -60
86 -65
87 -59
88 -63
89 -63
90 -63
91 -63
92 -65
93 -65
94 -33
95 -56
96 -1046
97 -64
98 -146
99 -65
100 -40
101 -52
102 -63
103 -59
104 -53
105 -59
106 -65
107 -65
108 -57
109 -65
110 -63
111 -49
112 -59
113 -154
114 -60
115 -65
116 -98
117 -64
118 -59
119 -173
120 -24
121 -56
122 -420
123 -3548
124 -193
125 -59
126 -1035
127 -52
128 -63
129 -1008
130 -628
131 -59
132 -65
133 -99
134 -58
135 -138
136 -63
137 -775
138 -59
139 -63
140 -40
141 -3223
142 -59
143 -65
144 -73
145 -285
146 -58
147 -48
148 -318
149 -63
150 -56
151 -65
152 -54
153 -63
154 -64
155 -29
156 -65
157 -54
158 -126
159 -1524
160 -43
161 -55
162 -65
163 -65
164 -451
165 -59
166 -59
167 -84
168 -70
169 -322
170 -49
171 -59
172 -63
173 -59
174 -40
175 -64
176 -53
177 -65
178 -43
179 -58
180 -59
181 -54
182 -65
183 -52
184 -41
185 -108
186 -65
187 -166
188 -59
189 -62
190 -314
191 -43
192 -59
193 -59
194 -59
195 -59
196 -69
197 -126
198 -49
199 -5287
200 -65
201 -59
202 -897
203 -41
204 -35
205 -36
206 -43
207 -65
208 -45
209 -64
210 -63
211 -63
212 -65
213 -316
214 -65
215 -43
216 -78
217 -49
218 -65
219 -65
220 -4324
221 -64
222 -64
223 -7500
224 -59
225 -64
226 -56
227 -59
228 -49
229 -65
230 -54
231 -63
232 -54
233 -65
234 -837
235 -43
236 -367
237 -53
238 -65
239 -64
240 -59
241 -53
242 -55
243 -64
244 -65
245 -2161
246 -40
247 -63
248 -174
249 -53
250 -59
251 -63
252 -70
253 -20
254 -3375
255 -63
256 -63
257 -59
258 -56
259 -47
260 -64
261 -63
262 -29
263 -53
264 -65
265 -65
266 -64
267 -65
268 -59
269 -65
270 -66
271 -504
272 -59
273 -1918
274 -65
275 -3729
276 -248
277 -53
278 -59
279 -3267
280 -64
281 -64
282 -64
283 -59
284 -65
285 -65
286 -24
287 -65
288 -6851
289 -65
290 -73
291 -419
292 -63
293 -64
294 -59
295 -64
296 -2832
297 -1608
298 -63
299 -140
300 -53
301 -4843
302 -65
303 -64
304 -74
305 -213
306 -65
307 -5289
308 -43
309 -59
310 -65
311 -68
312 -54
313 -52
314 -361
315 -65
316 -59
317 -41
318 -88
319 -63
320 -70
321 -53
322 -110
323 -56
324 -64
325 -63
326 -40
327 -49
328 -49
329 -39
330 -65
331 -59
332 -48
333 -59
334 -59
335 -53
336 -291
337 -117
338 -65
339 -65
340 -398
341 -52
342 -65
343 -56
344 -54
345 -40
346 -53
347 -96
348 -54
349 -59
350 -320
351 -59
352 -31
353 -53
354 -65
355 -64
356 -131
357 -65
358 -63
359 -39
360 -49
361 -65
362 -2678
363 -53
364 -43
365 -65
366 -53
367 -192
368 -52
369 -53
370 -59
371 -63
372 -273
373 -59
374 -61
375 -1409
376 -169
377 -2979
378 -66
379 -4718
380 -56
381 -59
382 -63
383 -40
384 -64
385 -210
386 -1976
387 -59
388 -2818
389 -65
390 -64
391 -33
392 -53
393 -64
394 -72
395 -65
396 -113
397 -58
398 -63
399 -40
400 -51
401 -983
402 -474
403 -141
404 -59
405 -69
406 -263
407 -1078
408 -24
409 -65
410 -60
411 -53
412 -1203
413 -52
414 -33
415 -65
416 -65
417 -1568
418 -98
419 -64
420 -64
421 -41
422 -49
423 -58
424 -125
425 -64
426 -50
427 -62
428 -64
429 -59
430 -30
431 -150
432 -43
433 -58
434 -65
435 -59
436 -64
437 -53
438 -65
439 -56
440 -64
441 -53
442 -65
443 -73
444 -65
445 -249
446 -5275
447 -669
448 -82
449 -44
450 -26
451 -65
452 -63
453 -169
454 -64
455 -64
456 -64
457 -60
458 -61
459 -205
460 -52
461 -65
462 -53
463 -52
464 -59
465 -59
466 -65
467 -71
468 -63
469 -48
470 -62
471 -49
472 -52
473 -55
474 -112
475 -63
476 -48
477 -24
478 -53
479 -52
480 -49
481 -66
482 -53
483 -9778
484 -63
485 -171
486 -52
487 -65
488 -64
489 -65
490 -28
491 -59
492 -75
493 -59
494 -59
495 -56
496 -7284
497 -63
498 -59
499 -65
500 -235
501 -63
502 -406
503 -50
504 -58
505 -52
506 -65
507 -65
508 -53
509 -358
510 -65
511 -65
512 -63
513 -64
514 -63
515 -4425
516 -4319
517 -125
518 -65
519 -78
520 -63
521 -63
522 -65
523 -47
524 -58
525 -56
526 -65
527 -56
528 -59
529 -65
530 -51
531 -52
532 -384
533 -59
534 -64
535 -1532
536 -20
537 -152
538 -65
539 -66
540 -57
541 -1198
542 -64
543 -163
544 -64
545 -5374
546 -65
547 -65
548 -958
549 -635
550 -245
551 -49
552 -65
553 -677
554 -3398
555 -64
556 -64
557 -72
558 -48
559 -68
560 -65
561 -19
562 -433
563 -417
564 -65
565 -64
566 -62
567 -34
568 -63
569 -65
570 -39
571 -53
572 -65
573 -453
574 -64
575 -65
576 -65
577 -1103
578 -70
579 -29
580 -64
581 -63
582 -197
583 -72
584 -348
585 -59
586 -65
587 -243
588 -5698
589 -32
590 -48
591 -58
592 -52
593 -426
594 -59
595 -109
596 -64
597 -54
598 -30
599 -44
600 -209
601 -59
602 -44
603 -86
604 -64
605 -58
606 -65
607 -63
608 -64
609 -176
610 -129
611 -43
612 -440
613 -56
614 -3287
615 -28
616 -48
617 -65
618 -46
619 -52
620 -927
621 -59
622 -53
623 -65
624 -65
625 -39
626 -446
627 -65
628 -56
629 -159
630 -200
631 -65
632 -65
633 -63
634 -40
635 -43
636 -53
637 -59
638 -63
639 -70
640 -65
641 -54
642 -65
643 -49
644 -59
645 -63
646 -64
647 -56
648 -69
649 -53
650 -64
651 -64
652 -64
653 -64
654 -59
655 -39
656 -63
657 -65
658 -4200
659 -508
660 -95
661 -53
662 -57
663 -65
664 -34
665 -48
666 -53
667 -56
668 -2880
669 -65
670 -145
671 -64
672 -16
673 -64
674 -82
675 -53
676 -59
677 -58
678 -64
679 -95
680 -35
681 -31
682 -53
683 -63
684 -65
685 -58
686 -1629
687 -59
688 -562
689 -43
690 -59
691 -65
692 -66
693 -73
694 -68
695 -100
696 -64
697 -40
698 -430
699 -63
700 -65
701 -64
702 -53
703 -65
704 -105
705 -136
706 -39
707 -937
708 -63
709 -65
710 -40
711 -63
712 -59
713 -63
714 -39
715 -1048
716 -40
717 -91
718 -65
719 -64
720 -63
721 -78
722 -59
723 -63
724 -65
725 -64
726 -59
727 -41
728 -53
729 -59
730 -59
731 -482
732 -52
733 -239
734 -253
735 -65
736 -197
737 -59
738 -187
739 -64
740 -62
741 -5904
742 -49
743 -64
744 -2985
745 -63
746 -48
747 -56
748 -64
749 -65
750 -62
751 -59
752 -23
753 -65
754 -65
755 -63
756 -63
757 -63
758 -63
759 -4404
760 -65
761 -63
762 -59
763 -113
764 -52
765 -64
766 -59
767 -392
768 -65
769 -54
770 -59
771 -52
772 -62
773 -65
774 -59
775 -65
776 -186
777 -56
778 -48
779 -3743
780 -122
781 -58
782 -59
783 -65
784 -59
785 -59
786 -43
787 -64
788 -84
789 -63
790 -124
791 -53
792 -62
793 -246
794 -63
795 -65
796 -65
797 -59
798 -53
799 -65
800 -63
801 -52
802 -65
803 -45
804 -59
805 -65
806 -59
807 -64
808 -64
809 -52
810 -65
811 -763
812 -59
813 -254
814 -26
815 -63
816 -65
817 -59
818 -67
819 -65
820 -56
821 -65
822 -153
823 -63
824 -63
825 -73
826 -50
827 -54
828 -50
829 -65
830 -306
831 -252
832 -56
833 -43
834 -2586
835 -49
836 -65
837 -59
838 -64
839 -63
840 -48
841 -65
842 -64
843 -48
844 -104
845 -65
846 -170
847 -32
848 -53
849 -43
850 -2821
851 -53
852 -47
853 -65
854 -65
855 -65
856 -60
857 -65
858 -59
859 -65
860 -53
861 -63
862 -64
863 -62
864 -79
865 -296
866 -59
867 -63
868 -99
869 -59
870 -59
871 -64
872 -67
873 -140
874 -69
875 -65
876 -53
877 -92
878 -178
879 -65
880 -65
881 -63
882 -58
883 -43
884 -65
885 -1125
886 -49
887 -59
888 -3183
889 -65
890 -42
891 -65
892 -52
893 -70
894 -43
895 -59
896 -63
897 -59
898 -228
899 -1878
900 -43
901 -65
902 -364
903 -66
904 -63
905 -376
906 -63
907 -43
908 -65
909 -58
910 -53
911 -53
912 -65
913 -60
914 -32
915 -495
916 -53
917 -53
918 -52
919 -64
920 -65
921 -65
922 -2542
923 -53
924 -47
925 -53
926 -63
927 -64
928 -59
929 -948
930 -245
931 -63
932 -63
933 -65
934 -384
935 -64
936 -65
937 -56
938 -501
939 -1046
940 -63
941 -65
942 -299
943 -65
944 -546
945 -54
946 -64
947 -63
948 -65
949 -47
950 -65
951 -64
952 -65
953 -58
954 -59
955 -339
956 -23
957 -66
958 -63
959 -64
960 -63
961 -59
962 -53
963 -59
964 -29
965 -63
966 -64
967 -175
968 -342
969 -64
970 -77
971 -62
972 -65
973 -205
974 -29
975 -65
976 -34
977 -48
978 -65
979 -63
980 -64
981 -63
982 -1288
983 -49
984 -59
985 -219
986 -62
987 -63
988 -30
989 -364
990 -65
991 -59
992 -4772
993 -67
994 -65
995 -65
996 -63
997 -56
998 -66
999 -53
