0 -69
1 -5182
2 -3847
3 -5027
4 -4687
5 -9217
6 -1339
7 -8269
8 -79
9 -78
10 -3879
11 -6143
12 -88
13 -745
14 -2536
15 -2359
16 -3384
17 -1538
18 -5632
19 -826
20 -4667
21 -17413
22 -53
23 -1889
24 -2819
25 -76
26 -1299
27 -84
28 -557
29 -65
30 -9394
31 -997
32 -518
33 -436
34 -554
35 -1775
36 -3798
37 -52
38 -94
39 -1659
40 -7093
41 -2851
42 -43
43 -4082
44 -2404
45 -2844
46 -2669
47 -79
48 -3389
49 -7519
50 -1062
51 -3718
52 -1848
53 -57
54 -873
55 -49
56 -2968
57 -5797
58 -156
59 -74
60 -2988
61 -7795
62 -45
63 -39
64 -44
65 -1624
66 -749
67 -74
68 -896
69 -4650
70 -58
71 -5068
72 -2738
73 -4826
74 -3899
75 -1546
76 -48
77 -63
78 -2568
79 -3156
80 -2564
81 -2068
82 -1191
83 -3109
84 -73
85 -58
86 -6543
87 -270
88 -92
89 -112
90 -5408
91 -3644
92 -62
93 -2545
94 -92
95 -1256
96 -103
97 -3673
98 -6674
99 -1687
100 -4829
101 -3752
102 -3654
103 -6809
104 -4284
105 -3458
106 -61
107 -167
108 -512
109 -2449
110 -254
111 -594
112 -1964
113 -257
114 -556
115 -6636
116 -787
117 -64
118 -136
119 -77
120 -38
121 -1597
122 -913
123 -3809
124 -3724
125 -45
126 -29
127 -62
128 -59
129 -4876
130 -2683
131 -3156
132 -718
133 -97
134 -76
135 -2696
136 -38
137 -111
138 -3540
139 -102
140 -4089
141 -2598
142 -3924
143 -2533
144 -468
145 -99
146 -4779
147 -77
148 -95
149 -52
150 -62
151 -48
152 -11356
153 -6348
154 -193
155 -6194
156 -558
157 -33
158 -1399
159 -652
160 -2219
161 -7809
162 -57
163 -814
164 -45
165 -81
166 -8648
167 -84
168 -1859
169 -3598
170 -1013
171 -1925
172 -2747
173 -67
174 -8494
175 -68
176 -75
177 -2273
178 -33
179 -70
180 -72
181 -5950
182 -2687
183 -803
184 -5458
185 -3683
186 -1308
187 -55
188 -4830
189 -59
190 -598
191 -516
192 -53
193 -4976
194 -389
195 -1079
196 -1214
197 -6769
198 -6589
199 -7157
200 -890
201 -53
202 -41
203 -138
204 -3371
205 -1709
206 -702
207 -789
208 -56
209 -6786
210 -97
211 -43
212 -5178
213 -230
214 -3134
215 -1974
216 -1824
217 -1833
218 -57
219 -1208
220 -62
221 -2234
222 -5582
223 -76
224 -4985
225 -50
226 -888
227 -3024
228 -1364
229 -100
230 -1429
231 -2844
232 -75
233 -3239
234 -2229
235 -5524
236 -2372
237 -2000
238 -48
239 -177
240 -2747
241 -3622
242 -97
243 -5209
244 -51
245 -64
246 -1179
247 -88
248 -57
249 -70
250 -45
251 -111
252 -3991
253 -3811
254 -5135
255 -2394
256 -2609
257 -568
258 -6196
259 -3544
260 -914
261 -61
262 -1443
263 -414
264 -2819
265 -662
266 -189
267 -54
268 -3824
269 -4749
270 -5202
271 -1568
272 -897
273 -103
274 -4519
275 -1600
276 -69
277 -44
278 -733
279 -66
280 -68
281 -1833
282 -6001
283 -3959
284 -199
285 -78
286 -2223
287 -2008
288 -4160
289 -4063
290 -1378
291 -52
292 -2796
293 -5095
294 -494
295 -2715
296 -4174
297 -4409
298 -1743
299 -2724
300 -3187
301 -66
302 -1414
303 -1672
304 -7589
305 -1120
306 -2715
307 -4473
308 -81
309 -3117
310 -1319
311 -231
312 -3344
313 -3349
314 -84
315 -6488
316 -69
317 -504
318 -67
319 -5403
320 -1409
321 -64
322 -3251
323 -1335
324 -5545
325 -1383
326 -3617
327 -3777
328 -28
329 -4448
330 -1333
331 -44
332 -76
333 -44
334 -73
335 -118
336 -974
337 -112
338 -60
339 -32
340 -157
341 -54
342 -90
343 -3674
344 -3879
345 -120
346 -2239
347 -84
348 -2943
349 -34
350 -1489
351 -9919
352 -74
353 -1379
354 -3348
355 -4189
356 -96
357 -1193
358 -6594
359 -2329
360 -53
361 -285
362 -834
363 -3320
364 -1399
365 -1764
366 -45
367 -71
368 -1751
369 -1525
370 -52
371 -1914
372 -1234
373 -1726
374 -2129
375 -70
376 -64
377 -454
378 -1739
379 -76
380 -5908
381 -1998
382 -61
383 -205
384 -1147
385 -66
386 -3745
387 -890
388 -4134
389 -1826
390 -233
391 -4777
392 -1816
393 -40
394 -2738
395 -27
396 -64
397 -5864
398 -78
399 -1314
400 -2229
401 -1128
402 -34
403 -3299
404 -1962
405 -4321
406 -597
407 -68
408 -3509
409 -10352
410 -47
411 -1294
412 -5222
413 -3764
414 -1554
415 -52
416 -55
417 -8602
418 -8564
419 -1386
420 -36
421 -4077
422 -3919
423 -2919
424 -77
425 -81
426 -52
427 -99
428 -49
429 -4219
430 -2403
431 -86
432 -2408
433 -2191
434 -558
435 -15670
436 -44
437 -1348
438 -53
439 -4395
440 -10686
441 -124
442 -10176
443 -6359
444 -67
445 -1144
446 -73
447 -3640
448 -3676
449 -69
450 -98
451 -10185
452 -392
453 -53
454 -5259
455 -8823
456 -2323
457 -3574
458 -4454
459 -74
460 -77
461 -296
462 -1319
463 -81
464 -1209
465 -4610
466 -434
467 -1452
468 -388
469 -53
470 -90
471 -629
472 -3658
473 -53
474 -609
475 -1589
476 -544
477 -62
478 -9287
479 -2944
480 -4803
481 -79
482 -43
483 -216
484 -3256
485 -335
486 -1404
487 -33
488 -7847
489 -61
490 -47
491 -2559
492 -1349
493 -3551
494 -4325
495 -1689
496 -3329
497 -53
498 -3698
499 -5034
500 -2605
501 -293
502 -1184
503 -5099
504 -99
505 -2091
506 -61
507 -50
508 -3218
509 -5262
510 -4369
511 -812
512 -239
513 -1448
514 -58
515 -71
516 -3055
517 -68
518 -1611
519 -14546
520 -2229
521 -6043
522 -3658
523 -84
524 -7994
525 -57
526 -104
527 -3263
528 -1529
529 -53
530 -3476
531 -8311
532 -298
533 -1523
534 -374
535 -2198
536 -342
537 -2561
538 -1614
539 -1302
540 -3609
541 -68
542 -1708
543 -734
544 -1885
545 -94
546 -66
547 -4134
548 -1772
549 -20
550 -1804
551 -2781
552 -160
553 -104
554 -30
555 -2394
556 -5458
557 -4179
558 -82
559 -86
560 -2728
561 -49
562 -3934
563 -3593
564 -4278
565 -57
566 -60
567 -936
568 -2408
569 -1749
570 -3239
571 -107
572 -90
573 -1559
574 -6365
575 -1159
576 -2553
577 -125
578 -69
579 -448
580 -3951
581 -135
582 -72
583 -1402
584 -62
585 -2708
586 -3217
587 -1524
588 -94
589 -1605
590 -80
591 -5741
592 -2773
593 -54
594 -628
595 -384
596 -3483
597 -58
598 -1914
599 -4615
600 -1019
601 -1688
602 -1470
603 -4053
604 -76
605 -3563
606 -1749
607 -2689
608 -97
609 -5597
610 -93
611 -7162
612 -1678
613 -1798
614 -1809
615 -51
616 -282
617 -723
618 -67
619 -3229
620 -92
621 -924
622 -5609
623 -3474
624 -10017
625 -71
626 -475
627 -100
628 -3087
629 -3679
630 -280
631 -9711
632 -1809
633 -605
634 -47
635 -758
636 -3138
637 -315
638 -62
639 -6808
640 -101
641 -2574
642 -2649
643 -3589
644 -698
645 -2489
646 -68
647 -5404
648 -41
649 -69
650 -284
651 -5105
652 -4169
653 -2489
654 -5301
655 -7116
656 -457
657 -2566
658 -7258
659 -2068
660 -1134
661 -2049
662 -108
663 -69
664 -839
665 -1760
666 -1698
667 -932
668 -33
669 -6994
670 -1819
671 -39
672 -3244
673 -6309
674 -4069
675 -6563
676 -87
677 -1049
678 -1885
679 -2908
680 -122
681 -11470
682 -2094
683 -3041
684 -6233
685 -51
686 -5853
687 -41
688 -2355
689 -1230
690 -668
691 -769
692 -1865
693 -7285
694 -1284
695 -2190
696 -389
697 -1639
698 -86
699 -50
700 -94
701 -2932
702 -1333
703 -5609
704 -3554
705 -2804
706 -2494
707 -2228
708 -99
709 -89
710 -6743
711 -5671
712 -5791
713 -499
714 -1535
715 -1993
716 -855
717 -1914
718 -4394
719 -43
720 -1324
721 -3704
722 -53
723 -4237
724 -47
725 -71
726 -523
727 -3144
728 -3425
729 -2383
730 -2417
731 -1110
732 -3134
733 -8274
734 -33
735 -87
736 -3263
737 -2173
738 -2259
739 -1044
740 -70
741 -328
742 -241
743 -79
744 -93
745 -6069
746 -2153
747 -1303
748 -794
749 -569
750 -88
751 -2138
752 -8289
753 -1529
754 -2519
755 -1219
756 -4790
757 -2687
758 -78
759 -98
760 -89
761 -629
762 -57
763 -2689
764 -80
765 -2703
766 -817
767 -7500
768 -58
769 -5466
770 -1025
771 -924
772 -87
773 -1871
774 -1438
775 -38
776 -7749
777 -61
778 -813
779 -6215
780 -1759
781 -2024
782 -2240
783 -38
784 -59
785 -2748
786 -7163
787 -2296
788 -119
789 -3145
790 -77
791 -2423
792 -62
793 -42
794 -2621
795 -2713
796 -44
797 -959
798 -5534
799 -112
800 -52
801 -1284
802 -3530
803 -45
804 -84
805 -3629
806 -51
807 -2434
808 -73
809 -2886
810 -51
811 -2256
812 -3794
813 -83
814 -71
815 -112
816 -806
817 -1751
818 -51
819 -903
820 -1133
821 -5679
822 -85
823 -40
824 -262
825 -63
826 -49
827 -75
828 -244
829 -1872
830 -46
831 -86
832 -979
833 -1014
834 -64
835 -4119
836 -3803
837 -75
838 -78
839 -5198
840 -3542
841 -79
842 -54
843 -113
844 -61
845 -4433
846 -7999
847 -2766
848 -3837
849 -4593
850 -4109
851 -72
852 -72
853 -53
854 -4820
855 -2350
856 -5914
857 -2616
858 -693
859 -45
860 -3969
861 -1347
862 -1654
863 -53
864 -63
865 -408
866 -48
867 -3299
868 -979
869 -81
870 -4668
871 -4284
872 -6643
873 -647
874 -3699
875 -2864
876 -1634
877 -4909
878 -4202
879 -50
880 -984
881 -8148
882 -38
883 -45
884 -78
885 -363
886 -1950
887 -2713
888 -5363
889 -98
890 -711
891 -1713
892 -1244
893 -40
894 -5317
895 -4350
896 -3664
897 -11569
898 -3099
899 -6130
900 -69
901 -72
902 -4119
903 -2224
904 -3698
905 -46
906 -869
907 -4489
908 -3659
909 -84
910 -8679
911 -3899
912 -4634
913 -74
914 -1781
915 -74
916 -2042
917 -212
918 -61
919 -618
920 -2719
921 -4048
922 -3483
923 -42
924 -2465
925 -2219
926 -5766
927 -102
928 -2799
929 -9849
930 -76
931 -3459
932 -1183
933 -33
934 -91
935 -68
936 -4043
937 -7873
938 -2094
939 -381
940 -2334
941 -754
942 -136
943 -35
944 -63
945 -2254
946 -2444
947 -1414
948 -35
949 -33
950 -5300
951 -115
952 -6798
953 -374
954 -8449
955 -1960
956 -4531
957 -60
958 -69
959 -11759
960 -8982
961 -90
962 -2843
963 -4768
964 -3389
965 -75
966 -4369
967 -63
968 -107
969 -1882
970 -2206
971 -5208
972 -72
973 -50
974 -4553
975 -840
976 -11469
977 -93
978 -1913
979 -122
980 -5788
981 -3879
982 -64
983 -82
984 -60
985 -18
986 -293
987 -173
988 -2701
989 -32
990 -5412
991 -588
992 -108
993 -2724
994 -3728
995 -80
996 -7453
997 -734
998 -4728
999 -3686
