0 -1043
1 -75
2 -74
3 -75
4 -34
5 -74
6 -60
7 -70
8 -289
9 -347
10 -70
11 -81
12 -70
13 -2155
14 -76
15 -76
16 -60
17 -3295
18 -60
19 -449
20 -70
21 -73
22 -378
23 -75
24 -60
25 -76
26 -277
27 -76
28 -74
29 -73
30 -75
31 -76
32 -103
33 -63
34 -75
35 -75
36 -285
37 -4203
38 -75
39 -73
40 -34
41 -70
42 -70
43 -75
44 -73
45 -62
46 -76
47 -75
48 -17
49 -74
50 -76
51 -33
52 -70
53 -55
54 -75
55 -62
56 -60
57 -70
58 -75
59 -70
60 -75
61 -35
62 -62
63 -73
64 -48
65 -60
66 -73
67 -70
68 -71
69 -75
70 -75
71 -74
72 -136
73 -661
74 -74
75 -366
76 -75
77 -42
78 -487
79 -75
80 -47
81 -70
82 -75
83 -70
84 -70
85 -70
86 -62
87 -125
88 -70
89 -1666
90 -595
91 -75
92 -76
93 -1785
94 -30
95 -77
96 -60
97 -60
98 -74
99 -70
100 -102
101 -1024
102 -35
103 -76
104 -62
105 -33
106 -76
107 -76
108 -76
109 -60
110 -69
111 -1454
112 -775
113 -74
114 -34
115 -62
116 -76
117 -75
118 -75
119 -75
120 -75
121 -60
122 -1866
123 -60
124 -34
125 -62
126 -76
127 -73
128 -75
129 -75
130 -2031
131 -71
132 -75
133 -70
134 -70
135 -73
136 -60
137 -76
138 -59
139 -73
140 -74
141 -60
142 -70
143 -67
144 -76
145 -76
146 -70
147 -70
148 -62
149 -114
150 -113
151 -76
152 -62
153 -3071
154 -85
155 -70
156 -74
157 -34
158 -62
159 -73
160 -70
161 -73
162 -77
163 -73
164 -76
165 -60
166 -60
167 -727
168 -3518
169 -75
170 -125
171 -70
172 -2699
173 -73
174 -108
175 -73
176 -75
177 -70
178 -60
179 -74
180 -67
181 -110
182 -677
183 -76
184 -79
185 -62
186 -30
187 -74
188 -74
189 -38
190 -76
191 -302
192 -62
193 -62
194 -75
195 -75
196 -70
197 -35
198 -417
199 -62
200 -29
201 -75
202 -75
203 -75
204 -1352
205 -74
206 -42
207 -60
208 -62
209 -62
210 -34
211 -74
212 -73
213 -60
214 -73
215 -60
216 -73
217 -60
218 -74
219 -75
220 -76
221 -37
222 -75
223 -70
224 -73
225 -4053
226 -75
227 -75
228 -76
229 -60
230 -57
231 -62
232 -76
233 -60
234 -57
235 -76
236 -73
237 -338
238 -80
239 -93
240 -74
241 -589
242 -76
243 -68
244 -659
245 -4580
246 -76
247 -75
248 -76
249 -651
250 -406
251 -74
252 -255
253 -70
254 -75
255 -30
256 -76
257 -76
258 -62
259 -74
260 -60
261 -60
262 -8204
263 -75
264 -75
265 -34
266 -81
267 -81
268 -73
269 -196
270 -75
271 -2425
272 -76
273 -56
274 -73
275 -73
276 -455
277 -60
278 -76
279 -62
280 -73
281 -75
282 -70
283 -76
284 -74
285 -148
286 -75
287 -60
288 -57
289 -75
290 -50
291 -135
292 -60
293 -70
294 -458
295 -265
296 -57
297 -75
298 -62
299 -62
300 -62
301 -63
302 -74
303 -75
304 -215
305 -62
306 -36
307 -62
308 -144
309 -298
310 -75
311 -75
312 -62
313 -1128
314 -75
315 -70
316 -70
317 -73
318 -70
319 -70
320 -75
321 -60
322 -70
323 -75
324 -75
325 -55
326 -76
327 -503
328 -75
329 -70
330 -75
331 -85
332 -70
333 -31
334 -75
335 -74
336 -75
337 -35
338 -75
339 -75
340 -122
341 -61
342 -50
343 -979
344 -74
345 -34
346 -60
347 -35
348 -70
349 -68
350 -70
351 -1052
352 -73
353 -62
354 -62
355 -76
356 -74
357 -75
358 -70
359 -70
360 -308
361 -3710
362 -30
363 -75
364 -73
365 -60
366 -62
367 -133
368 -74
369 -17
370 -70
371 -33
372 -74
373 -60
374 -29
375 -76
376 -70
377 -70
378 -62
379 -74
380 -62
381 -73
382 -70
383 -75
384 -60
385 -74
386 -62
387 -27
388 -76
389 -74
390 -62
391 -75
392 -60
393 -70
394 -70
395 -313
396 -73
397 -60
398 -60
399 -70
400 -34
401 -76
402 -76
403 -703
404 -72
405 -76
406 -60
407 -70
408 -35
409 -62
410 -60
411 -55
412 -62
413 -1771
414 -75
415 -70
416 -82
417 -75
418 -35
419 -30
420 -35
421 -60
422 -75
423 -75
424 -198
425 -70
426 -62
427 -74
428 -906
429 -75
430 -62
431 -60
432 -30
433 -75
434 -93
435 -90
436 -74
437 -50
438 -60
439 -74
440 -74
441 -221
442 -60
443 -75
444 -2987
445 -500
446 -62
447 -221
448 -73
449 -62
450 -75
451 -76
452 -60
453 -1305
454 -74
455 -62
456 -75
457 -73
458 -74
459 -75
460 -75
461 -70
462 -167
463 -145
464 -724
465 -75
466 -70
467 -75
468 -172
469 -35
470 -75
471 -74
472 -75
473 -67
474 -75
475 -300
476 -70
477 -80
478 -75
479 -76
480 -70
481 -75
482 -74
483 -38
484 -62
485 -62
486 -70
487 -2103
488 -75
489 -367
490 -74
491 -75
492 -74
493 -58
494 -75
495 -73
496 -127
497 -75
498 -76
499 -74
500 -65
501 -60
502 -3284
503 -465
504 -76
505 -75
506 -75
507 -70
508 -35
509 -73
510 -60
511 -76
512 -35
513 -62
514 -75
515 -76
516 -76
517 -70
518 -34
519 -16
520 -75
521 -368
522 -30
523 -74
524 -62
525 -200
526 -188
527 -300
528 -75
529 -74
530 -60
531 -62
532 -75
533 -75
534 -70
535 -201
536 -75
537 -62
538 -75
539 -74
540 -73
541 -73
542 -73
543 -74
544 -35
545 -75
546 -42
547 -73
548 -76
549 -75
550 -76
551 -441
552 -70
553 -65
554 -75
555 -74
556 -75
557 -66
558 -75
559 -75
560 -38
561 -70
562 -57
563 -73
564 -75
565 -70
566 -42
567 -338
568 -75
569 -76
570 -70
571 -70
572 -62
573 -70
574 -72
575 -62
576 -74
577 -220
578 -452
579 -78
580 -34
581 -70
582 -76
583 -60
584 -33
585 -74
586 -35
587 -247
588 -74
589 -60
590 -70
591 -35
592 -62
593 -74
594 -60
595 -71
596 -62
597 -117
598 -60
599 -1447
600 -146
601 -70
602 -74
603 -70
604 -76
605 -75
606 -60
607 -75
608 -30
609 -76
610 -76
611 -30
612 -75
613 -76
614 -74
615 -73
616 -73
617 -75
618 -76
619 -75
620 -60
621 -70
622 -79
623 -75
624 -75
625 -75
626 -73
627 -74
628 -64
629 -70
630 -74
631 -53
632 -60
633 -138
634 -76
635 -76
636 -76
637 -30
638 -75
639 -605
640 -62
641 -62
642 -29
643 -73
644 -75
645 -74
646 -73
647 -75
648 -76
649 -74
650 -73
651 -75
652 -75
653 -76
654 -60
655 -3629
656 -75
657 -75
658 -70
659 -76
660 -76
661 -75
662 -70
663 -62
664 -75
665 -523
666 -86
667 -76
668 -60
669 -65
670 -76
671 -76
672 -2556
673 -71
674 -30
675 -76
676 -62
677 -30
678 -66
679 -74
680 -2812
681 -60
682 -73
683 -2021
684 -60
685 -70
686 -60
687 -60
688 -75
689 -365
690 -62
691 -35
692 -60
693 -75
694 -60
695 -74
696 -74
697 -75
698 -72
699 -60
700 -70
701 -73
702 -3985
703 -55
704 -166
705 -81
706 -62
707 -70
708 -35
709 -60
710 -73
711 -237
712 -73
713 -33
714 -35
715 -75
716 -52
717 -60
718 -74
719 -60
720 -83
721 -60
722 -70
723 -639
724 -62
725 -60
726 -75
727 -30
728 -52
729 -74
730 -75
731 -75
732 -50
733 -29
734 -60
735 -660
736 -73
737 -75
738 -75
739 -1762
740 -73
741 -482
742 -34
743 -77
744 -76
745 -38
746 -78
747 -70
748 -304
749 -4187
750 -68
751 -80
752 -74
753 -60
754 -70
755 -345
756 -74
757 -265
758 -75
759 -70
760 -60
761 -62
762 -60
763 -8034
764 -70
765 -74
766 -205
767 -25
768 -947
769 -34
770 -62
771 -75
772 -62
773 -74
774 -70
775 -164
776 -60
777 -108
778 -76
779 -74
780 -74
781 -35
782 -75
783 -70
784 -25
785 -75
786 -75
787 -60
788 -74
789 -367
790 -75
791 -76
792 -75
793 -35
794 -76
795 -76
796 -1012
797 -75
798 -75
799 -60
800 -75
801 -74
802 -75
803 -75
804 -64
805 -75
806 -33
807 -76
808 -76
809 -75
810 -62
811 -70
812 -70
813 -62
814 -76
815 -80
816 -232
817 -2264
818 -62
819 -60
820 -466
821 -73
822 -76
823 -30
824 -73
825 -233
826 -76
827 -62
828 -292
829 -75
830 -68
831 -62
832 -76
833 -75
834 -75
835 -1613
836 -69
837 -75
838 -74
839 -73
840 -70
841 -30
842 -74
843 -73
844 -70
845 -75
846 -74
847 -70
848 -62
849 -73
850 -76
851 -18
852 -55
853 -75
854 -91
855 -30
856 -75
857 -70
858 -60
859 -70
860 -76
861 -62
862 -76
863 -74
864 -103
865 -60
866 -62
867 -75
868 -75
869 -74
870 -60
871 -75
872 -73
873 -70
874 -73
875 -34
876 -74
877 -75
878 -377
879 -62
880 -134
881 -75
882 -52
883 -74
884 -75
885 -75
886 -126
887 -75
888 -74
889 -668
890 -75
891 -75
892 -74
893 -76
894 -73
895 -75
896 -75
897 -62
898 -478
899 -73
900 -75
901 -70
902 -30
903 -38
904 -73
905 -73
906 -62
907 -74
908 -75
909 -35
910 -65
911 -35
912 -62
913 -566
914 -62
915 -70
916 -76
917 -62
918 -60
919 -76
920 -81
921 -406
922 -60
923 -65
924 -79
925 -73
926 -60
927 -70
928 -70
929 -73
930 -75
931 -75
932 -3689
933 -17
934 -274
935 -62
936 -68
937 -73
938 -21
939 -2306
940 -76
941 -60
942 -75
943 -60
944 -60
945 -62
946 -62
947 -70
948 -67
949 -75
950 -29
951 -323
952 -74
953 -62
954 -74
955 -73
956 -29
957 -59
958 -76
959 -676
960 -340
961 -60
962 -75
963 -60
964 -47
965 -62
966 -141
967 -60
968 -74
969 -62
970 -425
971 -76
972 -75
973 -345
974 -79
975 -77
976 -9750
977 -62
978 -62
979 -62
980 -74
981 -74
982 -75
983 -62
984 -75
985 -75
986 -60
987 -74
988 -2346
989 -62
990 -70
991 -276
992 -34
993 -73
994 -542
995 -74
996 -60
997 -70
998 -60
999 -75
