0 -27
1 -75
2 -50
3 -408
4 -76
5 -1267
6 -75
7 -65
8 -75
9 -73
10 -35
11 -27
12 -75
13 -74
14 -66
15 -31
16 -35
17 -75
18 -70
19 -75
20 -75
21 -35
22 -27
23 -75
24 -867
25 -75
26 -70
27 -75
28 -74
29 -1086
30 -74
31 -348
32 -74
33 -262
34 -75
35 -74
36 -74
37 -75
38 -74
39 -76
40 -35
41 -35
42 -634
43 -27
44 -1972
45 -70
46 -74
47 -640
48 -826
49 -70
50 -74
51 -142
52 -582
53 -1733
54 -259
55 -76
56 -74
57 -75
58 -56
59 -27
60 -68
61 -70
62 -75
63 -70
64 -527
65 -56
66 -75
67 -35
68 -38
69 -147
70 -76
71 -111
72 -76
73 -157
74 -562
75 -69
76 -717
77 -76
78 -75
79 -35
80 -75
81 -405
82 -35
83 -107
84 -142
85 -2017
86 -76
87 -3462
88 -27
89 -70
90 -27
91 -70
92 -1102
93 -74
94 -1402
95 -73
96 -73
97 -75
98 -26
99 -75
100 -116
101 -357
102 -142
103 -27
104 -75
105 -1027
106 -70
107 -75
108 -35
109 -76
110 -74
111 -76
112 -496
113 -35
114 -58
115 -74
116 -353
117 -362
118 -76
119 -3127
120 -35
121 -35
122 -79
123 -27
124 -75
125 -2169
126 -75
127 -75
128 -769
129 -74
130 -35
131 -76
132 -617
133 -27
134 -70
135 -997
136 -35
137 -122
138 -70
139 -75
140 -327
141 -73
142 -74
143 -75
144 -70
145 -75
146 -812
147 -76
148 -75
149 -27
150 -74
151 -75
152 -76
153 -462
154 -122
155 -35
156 -35
157 -75
158 -75
159 -507
160 -35
161 -71
162 -73
163 -76
164 -75
165 -75
166 -76
167 -75
168 -34
169 -70
170 -73
171 -69
172 -517
173 -35
174 -1117
175 -126
176 -75
177 -73
178 -57
179 -93
180 -73
181 -35
182 -74
183 -75
184 -76
185 -67
186 -75
187 -75
188 -93
189 -811
190 -73
191 -76
192 -72
193 -75
194 -73
195 -27
196 -27
197 -35
198 -70
199 -70
200 -73
201 -27
202 -76
203 -145
204 -472
205 -75
206 -76
207 -76
208 -913
209 -63
210 -74
211 -27
212 -27
213 -70
214 -455
215 -241
216 -1143
217 -75
218 -75
219 -73
220 -75
221 -1439
222 -73
223 -2181
224 -35
225 -70
226 -357
227 -35
228 -35
229 -698
230 -70
231 -27
232 -2512
233 -74
234 -70
235 -74
236 -70
237 -74
238 -27
239 -70
240 -173
241 -75
242 -74
243 -56
244 -70
245 -4642
246 -449
247 -70
248 -75
249 -4487
250 -35
251 -27
252 -73
253 -404
254 -77
255 -742
256 -75
257 -69
258 -76
259 -70
260 -27
261 -513
262 -73
263 -70
264 -76
265 -73
266 -75
267 -157
268 -70
269 -76
270 -73
271 -75
272 -74
273 -27
274 -76
275 -677
276 -76
277 -165
278 -74
279 -35
280 -76
281 -73
282 -70
283 -70
284 -75
285 -75
286 -75
287 -73
288 -73
289 -445
290 -75
291 -75
292 -35
293 -27
294 -73
295 -27
296 -75
297 -70
298 -73
299 -75
300 -74
301 -145
302 -309
303 -70
304 -35
305 -75
306 -453
307 -857
308 -74
309 -73
310 -1667
311 -27
312 -527
313 -76
314 -332
315 -3587
316 -70
317 -70
318 -594
319 -27
320 -75
321 -70
322 -226
323 -327
324 -619
325 -29
326 -173
327 -650
328 -70
329 -324
330 -35
331 -70
332 -35
333 -601
334 -75
335 -70
336 -75
337 -37
338 -76
339 -51
340 -837
341 -75
342 -27
343 -87
344 -75
345 -300
346 -75
347 -181
348 -27
349 -897
350 -76
351 -76
352 -76
353 -35
354 -75
355 -75
356 -615
357 -407
358 -74
359 -34
360 -73
361 -401
362 -74
363 -70
364 -27
365 -27
366 -61
367 -73
368 -76
369 -75
370 -447
371 -70
372 -253
373 -35
374 -73
375 -60
376 -71
377 -342
378 -75
379 -27
380 -35
381 -74
382 -76
383 -27
384 -73
385 -35
386 -522
387 -447
388 -80
389 -70
390 -75
391 -76
392 -75
393 -27
394 -76
395 -70
396 -73
397 -73
398 -73
399 -2345
400 -74
401 -2529
402 -75
403 -35
404 -35
405 -70
406 -75
407 -74
408 -76
409 -73
410 -75
411 -70
412 -76
413 -73
414 -217
415 -27
416 -74
417 -75
418 -70
419 -1623
420 -27
421 -74
422 -70
423 -73
424 -73
425 -35
426 -73
427 -55
428 -74
429 -73
430 -77
431 -74
432 -3127
433 -35
434 -35
435 -74
436 -2212
437 -76
438 -70
439 -35
440 -27
441 -75
442 -35
443 -75
444 -74
445 -73
446 -70
447 -35
448 -73
449 -75
450 -2742
451 -75
452 -75
453 -208
454 -432
455 -74
456 -57
457 -75
458 -75
459 -74
460 -70
461 -75
462 -75
463 -74
464 -1654
465 -70
466 -75
467 -35
468 -120
469 -76
470 -27
471 -995
472 -27
473 -75
474 -1079
475 -76
476 -75
477 -27
478 -35
479 -73
480 -274
481 -73
482 -76
483 -35
484 -58
485 -68
486 -3082
487 -75
488 -160
489 -70
490 -232
491 -75
492 -571
493 -26
494 -75
495 -263
496 -75
497 -33
498 -523
499 -76
500 -27
501 -4207
502 -75
503 -76
504 -1552
505 -70
506 -647
507 -40
508 -75
509 -73
510 -75
511 -35
512 -75
513 -75
514 -35
515 -73
516 -76
517 -70
518 -75
519 -35
520 -35
521 -27
522 -490
523 -74
524 -1978
525 -80
526 -70
527 -35
528 -416
529 -73
530 -1902
531 -35
532 -48
533 -70
534 -76
535 -1867
536 -35
537 -917
538 -2112
539 -73
540 -75
541 -1747
542 -76
543 -73
544 -73
545 -75
546 -76
547 -35
548 -70
549 -75
550 -76
551 -74
552 -35
553 -92
554 -74
555 -75
556 -75
557 -792
558 -70
559 -1370
560 -155
561 -27
562 -81
563 -78
564 -3407
565 -27
566 -75
567 -1027
568 -52
569 -3732
570 -1572
571 -70
572 -27
573 -70
574 -70
575 -677
576 -3482
577 -282
578 -74
579 -27
580 -75
581 -2007
582 -75
583 -166
584 -391
585 -75
586 -27
587 -753
588 -75
589 -75
590 -27
591 -54
592 -26
593 -75
594 -75
595 -70
596 -117
597 -75
598 -74
599 -337
600 -163
601 -71
602 -50
603 -75
604 -92
605 -73
606 -75
607 -74
608 -74
609 -75
610 -74
611 -27
612 -73
613 -73
614 -27
615 -75
616 -48
617 -261
618 -27
619 -70
620 -61
621 -342
622 -70
623 -553
624 -27
625 -74
626 -74
627 -160
628 -73
629 -35
630 -27
631 -75
632 -70
633 -76
634 -73
635 -70
636 -70
637 -74
638 -3572
639 -70
640 -193
641 -76
642 -35
643 -76
644 -35
645 -80
646 -35
647 -5357
648 -35
649 -649
650 -73
651 -73
652 -66
653 -282
654 -35
655 -75
656 -223
657 -678
658 -2597
659 -74
660 -75
661 -75
662 -83
663 -35
664 -48
665 -76
666 -73
667 -27
668 -75
669 -75
670 -76
671 -27
672 -488
673 -52
674 -76
675 -75
676 -76
677 -75
678 -35
679 -75
680 -73
681 -27
682 -73
683 -1497
684 -75
685 -75
686 -76
687 -81
688 -1272
689 -74
690 -76
691 -74
692 -75
693 -27
694 -1287
695 -35
696 -73
697 -75
698 -70
699 -222
700 -76
701 -27
702 -73
703 -27
704 -76
705 -73
706 -74
707 -4222
708 -35
709 -73
710 -81
711 -1752
712 -76
713 -73
714 -73
715 -27
716 -90
717 -74
718 -73
719 -70
720 -76
721 -27
722 -76
723 -27
724 -76
725 -74
726 -2287
727 -488
728 -27
729 -426
730 -45
731 -73
732 -75
733 -35
734 -74
735 -2397
736 -3252
737 -455
738 -301
739 -4162
740 -35
741 -76
742 -76
743 -70
744 -316
745 -96
746 -35
747 -248
748 -75
749 -76
750 -70
751 -70
752 -74
753 -76
754 -75
755 -75
756 -932
757 -75
758 -75
759 -106
760 -74
761 -70
762 -74
763 -52
764 -64
765 -121
766 -73
767 -70
768 -70
769 -71
770 -1117
771 -27
772 -75
773 -262
774 -120
775 -35
776 -531
777 -75
778 -73
779 -1458
780 -68
781 -352
782 -75
783 -76
784 -76
785 -27
786 -75
787 -74
788 -75
789 -74
790 -73
791 -35
792 -627
793 -74
794 -70
795 -70
796 -27
797 -73
798 -70
799 -75
800 -28
801 -75
802 -35
803 -28
804 -75
805 -2972
806 -1059
807 -75
808 -70
809 -75
810 -76
811 -202
812 -35
813 -75
814 -70
815 -75
816 -27
817 -76
818 -70
819 -75
820 -61
821 -74
822 -70
823 -82
824 -76
825 -76
826 -76
827 -70
828 -68
829 -2517
830 -76
831 -70
832 -35
833 -2967
834 -75
835 -2437
836 -70
837 -75
838 -822
839 -2993
840 -35
841 -35
842 -35
843 -73
844 -290
845 -308
846 -73
847 -27
848 -73
849 -27
850 -73
851 -71
852 -73
853 -73
854 -51
855 -154
856 -75
857 -68
858 -28
859 -184
860 -70
861 -74
862 -589
863 -76
864 -110
865 -75
866 -1097
867 -27
868 -582
869 -73
870 -75
871 -35
872 -792
873 -70
874 -70
875 -66
876 -74
877 -35
878 -76
879 -76
880 -27
881 -54
882 -35
883 -73
884 -74
885 -73
886 -75
887 -4416
888 -27
889 -75
890 -74
891 -73
892 -943
893 -453
894 -73
895 -75
896 -276
897 -207
898 -74
899 -70
900 -76
901 -70
902 -27
903 -70
904 -75
905 -1085
906 -27
907 -76
908 -73
909 -27
910 -80
911 -27
912 -75
913 -35
914 -75
915 -70
916 -76
917 -75
918 -75
919 -76
920 -73
921 -76
922 -27
923 -62
924 -75
925 -35
926 -75
927 -74
928 -27
929 -35
930 -74
931 -76
932 -27
933 -52
934 -27
935 -75
936 -74
937 -27
938 -73
939 -893
940 -75
941 -74
942 -947
943 -1982
944 -75
945 -576
946 -35
947 -35
948 -75
949 -70
950 -75
951 -74
952 -75
953 -619
954 -75
955 -35
956 -37
957 -75
958 -83
959 -1327
960 -75
961 -70
962 -27
963 -75
964 -35
965 -70
966 -75
967 -70
968 -237
969 -361
970 -1752
971 -75
972 -70
973 -35
974 -259
975 -2872
976 -27
977 -74
978 -66
979 -35
980 -35
981 -110
982 -70
983 -75
984 -35
985 -73
986 -86
987 -801
988 -75
989 -272
990 -73
991 -73
992 -73
993 -76
994 -73
995 -70
996 -367
997 -75
998 -85
999 -75
