0 -74
1 -74
2 -70
3 -74
4 -51
5 -75
6 -75
7 -40
8 -53
9 -73
10 -229
11 -73
12 -74
13 -75
14 -76
15 -73
16 -74
17 -65
18 -73
19 -789
20 -195
21 -73
22 -91
23 -73
24 -70
25 -74
26 -75
27 -387
28 -70
29 -75
30 -76
31 -80
32 -610
33 -74
34 -121
35 -2855
36 -67
37 -75
38 -73
39 -75
40 -6503
41 -62
42 -986
43 -74
44 -76
45 -171
46 -187
47 -90
48 -75
49 -11001
50 -70
51 -105
52 -50
53 -70
54 -62
55 -70
56 -70
57 -70
58 -613
59 -75
60 -75
61 -70
62 -75
63 -70
64 -2392
65 -74
66 -75
67 -76
68 -75
69 -73
70 -76
71 -2102
72 -393
73 -60
74 -1232
75 -76
76 -96
77 -75
78 -75
79 -62
80 -70
81 -313
82 -74
83 -75
84 -74
85 -416
86 -70
87 -74
88 -62
89 -70
90 -74
91 -182
92 -73
93 -74
94 -568
95 -75
96 -6583
97 -222
98 -75
99 -242
100 -770
101 -75
102 -70
103 -280
104 -2049
105 -70
106 -75
107 -70
108 -74
109 -70
110 -76
111 -77
112 -75
113 -75
114 -75
115 -73
116 -655
117 -576
118 -75
119 -301
120 -71
121 -75
122 -80
123 -73
124 -74
125 -73
126 -418
127 -135
128 -76
129 -75
130 -74
131 -75
132 -262
133 -70
134 -70
135 -281
136 -202
137 -291
138 -6996
139 -76
140 -75
141 -70
142 -75
143 -74
144 -70
145 -75
146 -70
147 -73
148 -75
149 -76
150 -73
151 -70
152 -74
153 -59
154 -70
155 -75
156 -75
157 -70
158 -73
159 -73
160 -74
161 -1229
162 -62
163 -110
164 -73
165 -320
166 -62
167 -73
168 -74
169 -74
170 -109
171 -70
172 -492
173 -62
174 -75
175 -75
176 -1475
177 -75
178 -474
179 -70
180 -62
181 -86
182 -73
183 -73
184 -70
185 -76
186 -590
187 -76
188 -60
189 -75
190 -209
191 -75
192 -588
193 -73
194 -74
195 -73
196 -74
197 -76
198 -76
199 -1268
200 -70
201 -76
202 -74
203 -73
204 -660
205 -71
206 -96
207 -75
208 -70
209 -70
210 -76
211 -462
212 -70
213 -62
214 -76
215 -70
216 -62
217 -70
218 -75
219 -74
220 -71
221 -476
222 -72
223 -266
224 -74
225 -75
226 -60
227 -70
228 -53
229 -137
230 -75
231 -48
232 -70
233 -8956
234 -73
235 -76
236 -75
237 -73
238 -62
239 -70
240 -1308
241 -90
242 -75
243 -75
244 -62
245 -58
246 -869
247 -73
248 -70
249 -70
250 -75
251 -434
252 -59
253 -70
254 -197
255 -62
256 -80
257 -70
258 -75
259 -73
260 -74
261 -154
262 -70
263 -74
264 -75
265 -104
266 -75
267 -73
268 -68
269 -73
270 -73
271 -70
272 -68
273 -75
274 -76
275 -45
276 -161
277 -73
278 -75
279 -75
280 -75
281 -70
282 -70
283 -70
284 -76
285 -73
286 -119
287 -74
288 -62
289 -57
290 -62
291 -62
292 -74
293 -76
294 -74
295 -285
296 -75
297 -723
298 -62
299 -62
300 -75
301 -75
302 -70
303 -72
304 -63
305 -182
306 -63
307 -62
308 -69
309 -97
310 -75
311 -75
312 -70
313 -806
314 -70
315 -70
316 -73
317 -76
318 -81
319 -76
320 -646
321 -76
322 -65
323 -1425
324 -70
325 -75
326 -73
327 -254
328 -546
329 -62
330 -73
331 -194
332 -74
333 -73
334 -62
335 -317
336 -462
337 -499
338 -75
339 -151
340 -632
341 -75
342 -1019
343 -81
344 -75
345 -70
346 -70
347 -62
348 -288
349 -74
350 -76
351 -74
352 -75
353 -3595
354 -70
355 -75
356 -313
357 -73
358 -73
359 -175
360 -75
361 -70
362 -75
363 -124
364 -70
365 -62
366 -70
367 -75
368 -74
369 -74
370 -70
371 -74
372 -73
373 -76
374 -76
375 -75
376 -70
377 -70
378 -70
379 -1088
380 -363
381 -120
382 -70
383 -554
384 -359
385 -75
386 -79
387 -75
388 -70
389 -70
390 -661
391 -70
392 -263
393 -288
394 -74
395 -70
396 -70
397 -75
398 -5818
399 -62
400 -500
401 -1060
402 -70
403 -161
404 -70
405 -70
406 -62
407 -74
408 -75
409 -75
410 -74
411 -76
412 -73
413 -73
414 -73
415 -75
416 -83
417 -70
418 -75
419 -330
420 -58
421 -258
422 -70
423 -75
424 -74
425 -70
426 -1438
427 -129
428 -70
429 -75
430 -70
431 -68
432 -63
433 -74
434 -70
435 -223
436 -66
437 -76
438 -166
439 -70
440 -73
441 -47
442 -557
443 -70
444 -75
445 -75
446 -2271
447 -536
448 -99
449 -73
450 -70
451 -74
452 -76
453 -287
454 -50
455 -5023
456 -74
457 -75
458 -75
459 -70
460 -248
461 -323
462 -62
463 -75
464 -62
465 -114
466 -186
467 -62
468 -75
469 -75
470 -73
471 -2256
472 -65
473 -73
474 -75
475 -171
476 -70
477 -74
478 -62
479 -76
480 -70
481 -4506
482 -73
483 -62
484 -76
485 -428
486 -65
487 -76
488 -62
489 -75
490 -63
491 -74
492 -70
493 -73
494 -75
495 -70
496 -62
497 -6187
498 -62
499 -75
500 -2541
501 -410
502 -70
503 -86
504 -69
505 -74
506 -62
507 -512
508 -468
509 -2604
510 -104
511 -169
512 -81
513 -62
514 -76
515 -74
516 -77
517 -76
518 -73
519 -377
520 -219
521 -75
522 -254
523 -338
524 -2443
525 -70
526 -438
527 -3078
528 -154
529 -76
530 -240
531 -74
532 -75
533 -11072
534 -70
535 -549
536 -70
537 -73
538 -74
539 -62
540 -56
541 -70
542 -70
543 -76
544 -74
545 -70
546 -75
547 -75
548 -75
549 -70
550 -75
551 -333
552 -74
553 -62
554 -93
555 -174
556 -62
557 -331
558 -73
559 -422
560 -62
561 -70
562 -70
563 -73
564 -75
565 -73
566 -245
567 -73
568 -74
569 -62
570 -75
571 -74
572 -1939
573 -62
574 -138
575 -73
576 -73
577 -1404
578 -301
579 -75
580 -202
581 -95
582 -70
583 -81
584 -80
585 -62
586 -62
587 -62
588 -75
589 -75
590 -73
591 -74
592 -418
593 -70
594 -76
595 -73
596 -76
597 -75
598 -175
599 -75
600 -84
601 -75
602 -73
603 -73
604 -62
605 -67
606 -76
607 -74
608 -70
609 -70
610 -62
611 -62
612 -76
613 -1301
614 -73
615 -76
616 -70
617 -73
618 -62
619 -4394
620 -348
621 -1054
622 -74
623 -73
624 -62
625 -70
626 -62
627 -62
628 -70
629 -62
630 -74
631 -75
632 -172
633 -51
634 -74
635 -62
636 -329
637 -70
638 -151
639 -76
640 -74
641 -75
642 -75
643 -73
644 -74
645 -71
646 -163
647 -73
648 -74
649 -75
650 -46
651 -65
652 -74
653 -74
654 -171
655 -1021
656 -70
657 -74
658 -73
659 -70
660 -507
661 -70
662 -62
663 -70
664 -76
665 -75
666 -1697
667 -190
668 -85
669 -70
670 -70
671 -75
672 -73
673 -70
674 -75
675 -70
676 -70
677 -1492
678 -73
679 -70
680 -62
681 -73
682 -70
683 -2822
684 -73
685 -688
686 -703
687 -245
688 -75
689 -267
690 -55
691 -75
692 -70
693 -76
694 -75
695 -77
696 -62
697 -76
698 -429
699 -211
700 -75
701 -62
702 -75
703 -133
704 -70
705 -75
706 -70
707 -73
708 -62
709 -75
710 -154
711 -75
712 -70
713 -70
714 -70
715 -1288
716 -76
717 -76
718 -76
719 -75
720 -82
721 -75
722 -75
723 -322
724 -73
725 -1057
726 -70
727 -119
728 -75
729 -43
730 -73
731 -336
732 -706
733 -75
734 -74
735 -384
736 -62
737 -313
738 -74
739 -70
740 -75
741 -76
742 -70
743 -62
744 -75
745 -75
746 -141
747 -76
748 -62
749 -166
750 -74
751 -73
752 -78
753 -73
754 -201
755 -70
756 -73
757 -51
758 -568
759 -76
760 -70
761 -70
762 -70
763 -207
764 -76
765 -75
766 -70
767 -194
768 -70
769 -76
770 -73
771 -73
772 -70
773 -74
774 -81
775 -62
776 -76
777 -432
778 -70
779 -343
780 -74
781 -75
782 -70
783 -70
784 -50
785 -74
786 -1124
787 -62
788 -62
789 -147
790 -2342
791 -187
792 -107
793 -73
794 -62
795 -2711
796 -278
797 -70
798 -76
799 -73
800 -70
801 -70
802 -75
803 -207
804 -163
805 -123
806 -2449
807 -293
808 -75
809 -75
810 -70
811 -62
812 -74
813 -70
814 -70
815 -70
816 -349
817 -68
818 -62
819 -515
820 -74
821 -75
822 -70
823 -62
824 -70
825 -76
826 -1844
827 -70
828 -905
829 -76
830 -62
831 -75
832 -2112
833 -70
834 -1615
835 -289
836 -70
837 -74
838 -77
839 -78
840 -117
841 -76
842 -76
843 -76
844 -70
845 -76
846 -571
847 -70
848 -197
849 -442
850 -330
851 -70
852 -554
853 -201
854 -235
855 -75
856 -242
857 -70
858 -70
859 -237
860 -585
861 -76
862 -76
863 -71
864 -73
865 -86
866 -131
867 -74
868 -62
869 -62
870 -75
871 -128
872 -62
873 -62
874 -70
875 -74
876 -70
877 -76
878 -375
879 -70
880 -70
881 -66
882 -224
883 -63
884 -6594
885 -692
886 -284
887 -73
888 -74
889 -152
890 -70
891 -909
892 -70
893 -3139
894 -76
895 -75
896 -70
897 -205
898 -70
899 -77
900 -696
901 -421
902 -76
903 -70
904 -68
905 -81
906 -400
907 -70
908 -73
909 -75
910 -70
911 -76
912 -76
913 -62
914 -75
915 -70
916 -418
917 -73
918 -76
919 -74
920 -70
921 -62
922 -75
923 -543
924 -73
925 -75
926 -70
927 -62
928 -75
929 -73
930 -74
931 -73
932 -253
933 -1075
934 -74
935 -62
936 -70
937 -74
938 -75
939 -65
940 -1273
941 -75
942 -70
943 -75
944 -75
945 -76
946 -73
947 -76
948 -70
949 -296
950 -75
951 -78
952 -76
953 -1417
954 -73
955 -2795
956 -326
957 -80
958 -190
959 -340
960 -76
961 -70
962 -75
963 -101
964 -62
965 -223
966 -76
967 -70
968 -2301
969 -62
970 -73
971 -76
972 -74
973 -75
974 -70
975 -167
976 -75
977 -74
978 -73
979 -62
980 -73
981 -86
982 -75
983 -62
984 -164
985 -402
986 -50
987 -70
988 -70
989 -70
990 -70
991 -75
992 -75
993 -74
994 -76
995 -70
996 -150
997 -69
998 -62
999 -74
