0 -73
1 -75
2 -75
3 -74
4 -73
5 -74
6 -780
7 -74
8 -197
9 -63
10 -2609
11 -71
12 -5314
13 -76
14 -67
15 -62
16 -73
17 -62
18 -62
19 -74
20 -75
21 -73
22 -2460
23 -1300
24 -76
25 -75
26 -62
27 -1851
28 -73
29 -200
30 -75
31 -73
32 -140
33 -76
34 -62
35 -75
36 -200
37 -2591
38 -75
39 -73
40 -6605
41 -76
42 -76
43 -147
44 -76
45 -80
46 -2452
47 -1410
48 -242
49 -938
50 -713
51 -62
52 -186
53 -74
54 -74
55 -70
56 -75
57 -62
58 -75
59 -63
60 -75
61 -75
62 -69
63 -74
64 -519
65 -68
66 -73
67 -73
68 -75
69 -62
70 -70
71 -70
72 -76
73 -76
74 -60
75 -310
76 -74
77 -76
78 -62
79 -1783
80 -75
81 -62
82 -639
83 -321
84 -76
85 -355
86 -609
87 -70
88 -70
89 -73
90 -63
91 -1078
92 -73
93 -62
94 -73
95 -440
96 -5470
97 -1455
98 -74
99 -70
100 -77
101 -73
102 -75
103 -73
104 -125
105 -875
106 -76
107 -195
108 -75
109 -10001
110 -1240
111 -4613
112 -75
113 -2946
114 -155
115 -74
116 -74
117 -75
118 -2505
119 -62
120 -74
121 -74
122 -62
123 -73
124 -2608
125 -185
126 -63
127 -241
128 -55
129 -64
130 -74
131 -5572
132 -62
133 -335
134 -3070
135 -75
136 -170
137 -4104
138 -73
139 -79
140 -75
141 -76
142 -73
143 -76
144 -1136
145 -70
146 -1611
147 -53
148 -75
149 -70
150 -75
151 -76
152 -74
153 -63
154 -3155
155 -70
156 -89
157 -5060
158 -76
159 -237
160 -2060
161 -892
162 -58
163 -70
164 -3276
165 -465
166 -74
167 -63
168 -62
169 -58
170 -270
171 -70
172 -75
173 -70
174 -75
175 -63
176 -1576
177 -2835
178 -73
179 -67
180 -577
181 -75
182 -62
183 -63
184 -74
185 -74
186 -75
187 -75
188 -298
189 -549
190 -70
191 -525
192 -73
193 -63
194 -75
195 -70
196 -1000
197 -63
198 -70
199 -2473
200 -63
201 -74
202 -62
203 -63
204 -74
205 -79
206 -45
207 -3495
208 -75
209 -75
210 -76
211 -62
212 -73
213 -75
214 -62
215 -75
216 -1897
217 -75
218 -70
219 -1960
220 -70
221 -514
222 -73
223 -70
224 -75
225 -63
226 -76
227 -75
228 -75
229 -76
230 -74
231 -74
232 -75
233 -6847
234 -62
235 -74
236 -2681
237 -74
238 -1422
239 -887
240 -3415
241 -70
242 -73
243 -62
244 -75
245 -73
246 -466
247 -73
248 -48
249 -74
250 -62
251 -70
252 -62
253 -70
254 -70
255 -62
256 -74
257 -63
258 -73
259 -74
260 -76
261 -73
262 -77
263 -75
264 -95
265 -62
266 -62
267 -73
268 -58
269 -2878
270 -74
271 -62
272 -75
273 -73
274 -74
275 -74
276 -3674
277 -73
278 -75
279 -75
280 -62
281 -62
282 -74
283 -7226
284 -375
285 -75
286 -3335
287 -74
288 -73
289 -74
290 -76
291 -70
292 -76
293 -63
294 -62
295 -62
296 -76
297 -681
298 -1394
299 -75
300 -646
301 -74
302 -62
303 -80
304 -63
305 -1935
306 -70
307 -2662
308 -62
309 -500
310 -63
311 -75
312 -62
313 -6281
314 -63
315 -76
316 -63
317 -74
318 -62
319 -63
320 -908
321 -76
322 -417
323 -120
324 -76
325 -2385
326 -74
327 -75
328 -76
329 -1410
330 -1590
331 -75
332 -70
333 -69
334 -62
335 -2016
336 -1688
337 -75
338 -73
339 -76
340 -70
341 -70
342 -440
343 -3461
344 -76
345 -70
346 -75
347 -1937
348 -70
349 -75
350 -75
351 -33
352 -74
353 -70
354 -894
355 -62
356 -63
357 -62
358 -75
359 -295
360 -73
361 -76
362 -75
363 -74
364 -62
365 -74
366 -70
367 -1032
368 -63
369 -75
370 -14364
371 -70
372 -70
373 -63
374 -75
375 -75
376 -74
377 -74
378 -72
379 -62
380 -1720
381 -63
382 -76
383 -73
384 -73
385 -70
386 -1476
387 -2705
388 -74
389 -48
390 -76
391 -73
392 -63
393 -57
394 -76
395 -73
396 -75
397 -73
398 -74
399 -1706
400 -73
401 -62
402 -110
403 -75
404 -74
405 -2064
406 -70
407 -75
408 -205
409 -1140
410 -1960
411 -70
412 -63
413 -70
414 -75
415 -324
416 -73
417 -63
418 -1376
419 -70
420 -63
421 -73
422 -772
423 -63
424 -2977
425 -73
426 -73
427 -75
428 -5475
429 -277
430 -2505
431 -2149
432 -76
433 -1094
434 -63
435 -76
436 -70
437 -5408
438 -62
439 -63
440 -6535
441 -62
442 -2139
443 -50
444 -62
445 -62
446 -76
447 -75
448 -70
449 -1442
450 -74
451 -74
452 -70
453 -74
454 -1009
455 -1440
456 -73
457 -63
458 -70
459 -404
460 -75
461 -4430
462 -75
463 -53
464 -1572
465 -62
466 -62
467 -75
468 -73
469 -53
470 -960
471 -62
472 -76
473 -74
474 -216
475 -1560
476 -76
477 -75
478 -74
479 -75
480 -75
481 -75
482 -70
483 -75
484 -74
485 -74
486 -75
487 -73
488 -70
489 -62
490 -380
491 -4616
492 -74
493 -73
494 -7545
495 -73
496 -2010
497 -75
498 -75
499 -70
500 -74
501 -76
502 -1575
503 -8372
504 -74
505 -75
506 -598
507 -73
508 -62
509 -74
510 -1977
511 -76
512 -70
513 -3025
514 -76
515 -6960
516 -75
517 -1690
518 -75
519 -63
520 -70
521 -4754
522 -177
523 -75
524 -1272
525 -63
526 -76
527 -63
528 -70
529 -70
530 -1230
531 -4190
532 -73
533 -759
534 -62
535 -70
536 -75
537 -6170
538 -74
539 -311
540 -73
541 -725
542 -63
543 -1133
544 -91
545 -62
546 -75
547 -1343
548 -79
549 -75
550 -74
551 -90
552 -74
553 -989
554 -205
555 -62
556 -79
557 -75
558 -63
559 -75
560 -1019
561 -73
562 -885
563 -76
564 -76
565 -1050
566 -73
567 -73
568 -76
569 -70
570 -75
571 -75
572 -75
573 -75
574 -63
575 -63
576 -62
577 -75
578 -74
579 -70
580 -76
581 -1250
582 -70
583 -76
584 -70
585 -4055
586 -74
587 -76
588 -2435
589 -74
590 -74
591 -63
592 -70
593 -2305
594 -75
595 -504
596 -1646
597 -62
598 -62
599 -757
600 -63
601 -73
602 -63
603 -140
604 -51
605 -690
606 -63
607 -359
608 -435
609 -76
610 -400
611 -73
612 -76
613 -75
614 -75
615 -1183
616 -1408
617 -75
618 -766
619 -63
620 -74
621 -143
622 -3155
623 -62
624 -72
625 -74
626 -77
627 -75
628 -1951
629 -70
630 -280
631 -1220
632 -74
633 -73
634 -62
635 -227
636 -5139
637 -73
638 -75
639 -63
640 -75
641 -62
642 -73
643 -1215
644 -63
645 -62
646 -1610
647 -75
648 -70
649 -75
650 -74
651 -75
652 -217
653 -62
654 -268
655 -63
656 -75
657 -73
658 -565
659 -63
660 -75
661 -2815
662 -75
663 -2870
664 -73
665 -62
666 -63
667 -1335
668 -1505
669 -73
670 -73
671 -73
672 -75
673 -1529
674 -567
675 -2650
676 -76
677 -73
678 -324
679 -78
680 -75
681 -76
682 -73
683 -1260
684 -75
685 -74
686 -63
687 -73
688 -1392
689 -76
690 -75
691 -63
692 -62
693 -76
694 -76
695 -74
696 -70
697 -530
698 -73
699 -63
700 -62
701 -75
702 -73
703 -62
704 -94
705 -1320
706 -1080
707 -77
708 -3402
709 -74
710 -410
711 -74
712 -1305
713 -73
714 -70
715 -73
716 -62
717 -1486
718 -73
719 -73
720 -63
721 -495
722 -76
723 -59
724 -63
725 -63
726 -295
727 -1628
728 -76
729 -75
730 -62
731 -75
732 -62
733 -62
734 -74
735 -3270
736 -75
737 -186
738 -47
739 -53
740 -73
741 -68
742 -381
743 -904
744 -965
745 -73
746 -1747
747 -76
748 -1760
749 -745
750 -4855
751 -4371
752 -74
753 -76
754 -75
755 -70
756 -73
757 -63
758 -74
759 -75
760 -74
761 -70
762 -280
763 -62
764 -1890
765 -75
766 -4699
767 -63
768 -5889
769 -275
770 -70
771 -75
772 -76
773 -73
774 -74
775 -63
776 -63
777 -75
778 -63
779 -75
780 -296
781 -9434
782 -270
783 -75
784 -74
785 -75
786 -75
787 -73
788 -79
789 -63
790 -73
791 -75
792 -187
793 -73
794 -2451
795 -76
796 -76
797 -1728
798 -76
799 -76
800 -79
801 -1915
802 -62
803 -63
804 -70
805 -75
806 -74
807 -74
808 -75
809 -75
810 -459
811 -570
812 -62
813 -75
814 -74
815 -73
816 -70
817 -73
818 -73
819 -73
820 -62
821 -73
822 -2345
823 -62
824 -53
825 -73
826 -74
827 -71
828 -75
829 -75
830 -76
831 -150
832 -70
833 -615
834 -70
835 -70
836 -707
837 -75
838 -73
839 -73
840 -1379
841 -63
842 -75
843 -75
844 -76
845 -62
846 -70
847 -64
848 -73
849 -63
850 -75
851 -76
852 -4073
853 -70
854 -73
855 -625
856 -76
857 -5790
858 -75
859 -63
860 -62
861 -75
862 -70
863 -75
864 -73
865 -62
866 -76
867 -74
868 -76
869 -76
870 -415
871 -3625
872 -74
873 -76
874 -73
875 -75
876 -62
877 -62
878 -79
879 -73
880 -75
881 -98
882 -70
883 -75
884 -75
885 -63
886 -75
887 -70
888 -73
889 -63
890 -70
891 -73
892 -67
893 -4884
894 -309
895 -75
896 -1009
897 -74
898 -74
899 -75
900 -70
901 -73
902 -63
903 -75
904 -70
905 -76
906 -67
907 -75
908 -63
909 -74
910 -75
911 -62
912 -63
913 -76
914 -75
915 -76
916 -75
917 -76
918 -74
919 -70
920 -74
921 -74
922 -2415
923 -2315
924 -76
925 -73
926 -249
927 -76
928 -270
929 -75
930 -73
931 -209
932 -76
933 -75
934 -76
935 -62
936 -76
937 -73
938 -74
939 -63
940 -73
941 -2120
942 -70
943 -63
944 -75
945 -70
946 -76
947 -904
948 -76
949 -74
950 -2630
951 -2245
952 -63
953 -63
954 -690
955 -63
956 -62
957 -115
958 -76
959 -2761
960 -76
961 -75
962 -62
963 -73
964 -545
965 -73
966 -63
967 -76
968 -100
969 -62
970 -2666
971 -75
972 -373
973 -127
974 -73
975 -9069
976 -75
977 -75
978 -63
979 -76
980 -63
981 -75
982 -70
983 -63
984 -1747
985 -74
986 -62
987 -70
988 -63
989 -75
990 -1613
991 -571
992 -71
993 -64
994 -63
995 -76
996 -1350
997 -76
998 -1595
999 -63
