0 -75
1 -79
2 -76
3 -75
4 -1417
5 -35
6 -70
7 -70
8 -76
9 -70
10 -74
11 -355
12 -778
13 -76
14 -74
15 -73
16 -75
17 -27
18 -76
19 -73
20 -55
21 -27
22 -35
23 -35
24 -85
25 -75
26 -437
27 -73
28 -27
29 -68
30 -75
31 -27
32 -74
33 -73
34 -35
35 -75
36 -35
37 -902
38 -977
39 -27
40 -79
41 -65
42 -27
43 -154
44 -103
45 -104
46 -75
47 -111
48 -73
49 -35
50 -35
51 -228
52 -420
53 -70
54 -75
55 -78
56 -109
57 -76
58 -27
59 -74
60 -74
61 -76
62 -75
63 -75
64 -471
65 -70
66 -70
67 -27
68 -75
69 -70
70 -76
71 -70
72 -70
73 -75
74 -76
75 -74
76 -61
77 -149
78 -35
79 -73
80 -27
81 -75
82 -27
83 -70
84 -74
85 -60
86 -75
87 -74
88 -159
89 -75
90 -61
91 -73
92 -70
93 -76
94 -74
95 -74
96 -621
97 -43
98 -477
99 -2007
100 -70
101 -75
102 -293
103 -35
104 -35
105 -27
106 -520
107 -76
108 -3127
109 -435
110 -213
111 -27
112 -73
113 -73
114 -70
115 -70
116 -76
117 -4527
118 -147
119 -70
120 -74
121 -387
122 -75
123 -75
124 -35
125 -517
126 -87
127 -27
128 -75
129 -74
130 -33
131 -283
132 -74
133 -74
134 -157
135 -75
136 -35
137 -75
138 -70
139 -71
140 -74
141 -35
142 -74
143 -74
144 -75
145 -657
146 -56
147 -74
148 -74
149 -161
150 -75
151 -75
152 -35
153 -70
154 -4012
155 -352
156 -73
157 -70
158 -161
159 -75
160 -701
161 -75
162 -74
163 -74
164 -74
165 -73
166 -27
167 -75
168 -70
169 -74
170 -35
171 -74
172 -75
173 -423
174 -74
175 -73
176 -73
177 -76
178 -35
179 -126
180 -73
181 -35
182 -35
183 -73
184 -39
185 -75
186 -35
187 -75
188 -76
189 -27
190 -76
191 -73
192 -592
193 -75
194 -70
195 -74
196 -75
197 -1177
198 -73
199 -70
200 -76
201 -75
202 -75
203 -35
204 -302
205 -44
206 -2137
207 -63
208 -281
209 -75
210 -35
211 -75
212 -52
213 -75
214 -70
215 -70
216 -35
217 -27
218 -35
219 -61
220 -75
221 -73
222 -74
223 -76
224 -138
225 -70
226 -76
227 -70
228 -27
229 -35
230 -282
231 -75
232 -4877
233 -35
234 -40
235 -35
236 -79
237 -74
238 -73
239 -147
240 -74
241 -65
242 -75
243 -73
244 -1112
245 -74
246 -388
247 -74
248 -70
249 -100
250 -27
251 -35
252 -75
253 -76
254 -76
255 -75
256 -27
257 -76
258 -75
259 -118
260 -35
261 -131
262 -146
263 -70
264 -76
265 -74
266 -73
267 -75
268 -70
269 -74
270 -302
271 -567
272 -76
273 -1952
274 -27
275 -27
276 -290
277 -70
278 -738
279 -70
280 -86
281 -357
282 -854
283 -27
284 -70
285 -75
286 -70
287 -70
288 -908
289 -65
290 -35
291 -75
292 -35
293 -27
294 -220
295 -76
296 -27
297 -27
298 -73
299 -35
300 -202
301 -70
302 -195
303 -73
304 -77
305 -268
306 -73
307 -232
308 -587
309 -75
310 -27
311 -636
312 -74
313 -75
314 -267
315 -78
316 -70
317 -410
318 -74
319 -35
320 -75
321 -81
322 -75
323 -75
324 -27
325 -35
326 -70
327 -75
328 -74
329 -76
330 -74
331 -70
332 -73
333 -157
334 -73
335 -75
336 -76
337 -75
338 -27
339 -637
340 -70
341 -75
342 -70
343 -27
344 -27
345 -75
346 -35
347 -2407
348 -75
349 -70
350 -371
351 -73
352 -27
353 -27
354 -75
355 -709
356 -510
357 -35
358 -75
359 -70
360 -75
361 -35
362 -70
363 -73
364 -27
365 -75
366 -27
367 -74
368 -764
369 -35
370 -35
371 -75
372 -134
373 -70
374 -35
375 -27
376 -75
377 -76
378 -26
379 -725
380 -75
381 -35
382 -249
383 -75
384 -70
385 -75
386 -74
387 -731
388 -1267
389 -74
390 -74
391 -74
392 -366
393 -451
394 -70
395 -942
396 -75
397 -117
398 -35
399 -27
400 -73
401 -1767
402 -39
403 -27
404 -75
405 -74
406 -74
407 -27
408 -51
409 -76
410 -27
411 -73
412 -110
413 -70
414 -190
415 -74
416 -70
417 -75
418 -323
419 -76
420 -197
421 -235
422 -75
423 -74
424 -805
425 -651
426 -35
427 -1893
428 -35
429 -35
430 -74
431 -70
432 -74
433 -73
434 -27
435 -393
436 -460
437 -442
438 -76
439 -1522
440 -75
441 -342
442 -75
443 -56
444 -75
445 -76
446 -953
447 -75
448 -57
449 -75
450 -120
451 -74
452 -392
453 -75
454 -1777
455 -74
456 -1947
457 -62
458 -75
459 -75
460 -35
461 -27
462 -74
463 -75
464 -600
465 -40
466 -75
467 -403
468 -278
469 -27
470 -75
471 -70
472 -75
473 -74
474 -35
475 -815
476 -82
477 -70
478 -73
479 -569
480 -70
481 -27
482 -70
483 -76
484 -74
485 -75
486 -74
487 -70
488 -74
489 -73
490 -86
491 -967
492 -73
493 -76
494 -74
495 -35
496 -242
497 -357
498 -797
499 -27
500 -78
501 -74
502 -56
503 -5330
504 -2937
505 -27
506 -75
507 -73
508 -75
509 -85
510 -231
511 -875
512 -35
513 -138
514 -27
515 -73
516 -567
517 -27
518 -73
519 -187
520 -75
521 -35
522 -154
523 -547
524 -27
525 -280
526 -460
527 -56
528 -35
529 -349
530 -76
531 -75
532 -595
533 -320
534 -1867
535 -74
536 -75
537 -74
538 -75
539 -704
540 -75
541 -285
542 -70
543 -254
544 -70
545 -75
546 -507
547 -27
548 -2302
549 -1732
550 -75
551 -75
552 -3115
553 -27
554 -72
555 -27
556 -73
557 -95
558 -70
559 -70
560 -64
561 -75
562 -27
563 -598
564 -70
565 -74
566 -1228
567 -75
568 -35
569 -73
570 -27
571 -1152
572 -75
573 -575
574 -37
575 -82
576 -75
577 -6657
578 -1587
579 -70
580 -74
581 -73
582 -99
583 -75
584 -57
585 -70
586 -73
587 -74
588 -75
589 -73
590 -266
591 -73
592 -102
593 -80
594 -35
595 -3397
596 -74
597 -74
598 -35
599 -73
600 -30
601 -307
602 -27
603 -76
604 -350
605 -27
606 -70
607 -27
608 -190
609 -27
610 -982
611 -70
612 -74
613 -73
614 -76
615 -36
616 -51
617 -75
618 -1029
619 -35
620 -1574
621 -70
622 -55
623 -70
624 -74
625 -740
626 -75
627 -76
628 -73
629 -74
630 -1377
631 -74
632 -268
633 -70
634 -774
635 -27
636 -75
637 -75
638 -70
639 -27
640 -27
641 -74
642 -75
643 -367
644 -35
645 -74
646 -70
647 -35
648 -74
649 -74
650 -67
651 -75
652 -70
653 -307
654 -75
655 -75
656 -76
657 -27
658 -75
659 -248
660 -167
661 -70
662 -70
663 -76
664 -75
665 -76
666 -27
667 -859
668 -76
669 -75
670 -73
671 -73
672 -76
673 -75
674 -615
675 -75
676 -73
677 -225
678 -75
679 -70
680 -192
681 -35
682 -432
683 -36
684 -27
685 -190
686 -972
687 -76
688 -1222
689 -76
690 -35
691 -75
692 -329
693 -57
694 -27
695 -75
696 -74
697 -75
698 -75
699 -74
700 -27
701 -76
702 -74
703 -75
704 -35
705 -27
706 -73
707 -75
708 -443
709 -76
710 -35
711 -35
712 -75
713 -240
714 -75
715 -27
716 -75
717 -76
718 -76
719 -35
720 -73
721 -3012
722 -75
723 -69
724 -492
725 -49
726 -74
727 -73
728 -592
729 -75
730 -137
731 -490
732 -73
733 -295
734 -310
735 -75
736 -75
737 -103
738 -74
739 -309
740 -70
741 -73
742 -172
743 -75
744 -74
745 -74
746 -46
747 -3934
748 -1486
749 -73
750 -173
751 -73
752 -35
753 -27
754 -344
755 -75
756 -166
757 -57
758 -27
759 -73
760 -76
761 -74
762 -73
763 -76
764 -75
765 -70
766 -2472
767 -73
768 -27
769 -270
770 -35
771 -73
772 -973
773 -74
774 -75
775 -33
776 -87
777 -75
778 -1197
779 -76
780 -75
781 -68
782 -75
783 -76
784 -76
785 -27
786 -35
787 -35
788 -35
789 -75
790 -876
791 -75
792 -76
793 -404
794 -35
795 -35
796 -196
797 -73
798 -123
799 -556
800 -77
801 -55
802 -70
803 -2662
804 -27
805 -70
806 -251
807 -462
808 -70
809 -4987
810 -27
811 -77
812 -78
813 -1267
814 -75
815 -75
816 -75
817 -75
818 -32
819 -27
820 -80
821 -31
822 -75
823 -166
824 -35
825 -1122
826 -463
827 -76
828 -5587
829 -1047
830 -75
831 -1812
832 -75
833 -73
834 -68
835 -76
836 -35
837 -73
838 -76
839 -74
840 -174
841 -73
842 -250
843 -75
844 -64
845 -35
846 -1077
847 -75
848 -66
849 -417
850 -27
851 -76
852 -27
853 -70
854 -27
855 -27
856 -27
857 -35
858 -1419
859 -75
860 -27
861 -223
862 -74
863 -95
864 -133
865 -74
866 -74
867 -35
868 -76
869 -76
870 -364
871 -732
872 -362
873 -27
874 -75
875 -74
876 -73
877 -75
878 -4437
879 -70
880 -617
881 -35
882 -74
883 -75
884 -74
885 -75
886 -64
887 -73
888 -75
889 -73
890 -67
891 -73
892 -76
893 -74
894 -75
895 -75
896 -27
897 -73
898 -70
899 -75
900 -70
901 -27
902 -75
903 -851
904 -76
905 -249
906 -168
907 -35
908 -78
909 -74
910 -74
911 -74
912 -74
913 -73
914 -74
915 -75
916 -27
917 -74
918 -75
919 -35
920 -74
921 -27
922 -80
923 -35
924 -175
925 -75
926 -74
927 -74
928 -75
929 -75
930 -76
931 -34
932 -75
933 -76
934 -265
935 -75
936 -229
937 -75
938 -142
939 -26
940 -26
941 -196
942 -27
943 -75
944 -257
945 -75
946 -27
947 -35
948 -70
949 -27
950 -76
951 -71
952 -73
953 -364
954 -76
955 -90
956 -497
957 -74
958 -35
959 -70
960 -76
961 -66
962 -75
963 -73
964 -212
965 -74
966 -75
967 -27
968 -75
969 -61
970 -70
971 -519
972 -35
973 -75
974 -302
975 -113
976 -75
977 -9707
978 -76
979 -75
980 -35
981 -73
982 -195
983 -74
984 -35
985 -27
986 -76
987 -50
988 -94
989 -70
990 -27
991 -70
992 -32
993 -3357
994 -35
995 -75
996 -35
997 -74
998 -75
999 -76
