0 -76
1 -75
2 -70
3 -70
4 -630
5 -70
6 -3660
7 -57
8 -74
9 -39
10 -75
11 -73
12 -74
13 -60
14 -76
15 -73
16 -75
17 -75
18 -76
19 -78
20 -76
21 -41
22 -76
23 -70
24 -62
25 -74
26 -74
27 -75
28 -4319
29 -62
30 -73
31 -177
32 -75
33 -75
34 -1099
35 -106
36 -453
37 -1968
38 -70
39 -73
40 -62
41 -70
42 -70
43 -70
44 -70
45 -73
46 -73
47 -73
48 -4345
49 -217
50 -61
51 -76
52 -73
53 -537
54 -76
55 -76
56 -76
57 -467
58 -76
59 -70
60 -70
61 -1875
62 -73
63 -864
64 -75
65 -75
66 -70
67 -73
68 -70
69 -160
70 -398
71 -62
72 -73
73 -70
74 -1080
75 -75
76 -70
77 -73
78 -70
79 -74
80 -2971
81 -75
82 -76
83 -75
84 -73
85 -75
86 -70
87 -75
88 -75
89 -76
90 -75
91 -17
92 -70
93 -74
94 -261
95 -73
96 -72
97 -74
98 -70
99 -75
100 -416
101 -62
102 -70
103 -70
104 -270
105 -75
106 -7162
107 -73
108 -369
109 -76
110 -76
111 -333
112 -63
113 -74
114 -82
115 -521
116 -70
117 -70
118 -765
119 -393
120 -70
121 -338
122 -73
123 -76
124 -70
125 -75
126 -75
127 -70
128 -75
129 -438
130 -75
131 -75
132 -75
133 -70
134 -62
135 -70
136 -73
137 -70
138 -66
139 -75
140 -70
141 -70
142 -62
143 -75
144 -74
145 -62
146 -2482
147 -74
148 -75
149 -73
150 -62
151 -35
152 -413
153 -62
154 -74
155 -84
156 -509
157 -144
158 -379
159 -70
160 -74
161 -71
162 -73
163 -74
164 -70
165 -70
166 -80
167 -75
168 -40
169 -70
170 -220
171 -74
172 -869
173 -1807
174 -62
175 -74
176 -74
177 -70
178 -75
179 -75
180 -70
181 -356
182 -3387
183 -75
184 -278
185 -76
186 -75
187 -46
188 -70
189 -74
190 -70
191 -70
192 -8760
193 -70
194 -70
195 -1523
196 -70
197 -75
198 -70
199 -2614
200 -73
201 -74
202 -289
203 -75
204 -70
205 -74
206 -69
207 -73
208 -123
209 -73
210 -75
211 -65
212 -70
213 -70
214 -70
215 -70
216 -74
217 -74
218 -212
219 -157
220 -73
221 -62
222 -672
223 -74
224 -76
225 -38
226 -4741
227 -62
228 -70
229 -74
230 -37
231 -70
232 -81
233 -75
234 -62
235 -1982
236 -75
237 -42
238 -62
239 -70
240 -74
241 -73
242 -3190
243 -76
244 -73
245 -70
246 -75
247 -259
248 -62
249 -62
250 -75
251 -93
252 -73
253 -3501
254 -622
255 -68
256 -150
257 -76
258 -62
259 -62
260 -74
261 -75
262 -370
263 -74
264 -74
265 -76
266 -74
267 -73
268 -75
269 -68
270 -73
271 -185
272 -38
273 -61
274 -845
275 -62
276 -70
277 -70
278 -73
279 -70
280 -70
281 -67
282 -162
283 -75
284 -74
285 -73
286 -4722
287 -70
288 -70
289 -3562
290 -62
291 -75
292 -3321
293 -7079
294 -71
295 -65
296 -74
297 -287
298 -73
299 -75
300 -454
301 -45
302 -70
303 -77
304 -73
305 -74
306 -571
307 -75
308 -2409
309 -70
310 -40
311 -565
312 -141
313 -60
314 -70
315 -73
316 -75
317 -76
318 -3624
319 -75
320 -215
321 -73
322 -1333
323 -3944
324 -75
325 -75
326 -73
327 -227
328 -73
329 -70
330 -76
331 -75
332 -62
333 -73
334 -76
335 -4987
336 -60
337 -75
338 -74
339 -78
340 -73
341 -74
342 -104
343 -73
344 -70
345 -737
346 -75
347 -70
348 -3528
349 -74
350 -74
351 -62
352 -108
353 -74
354 -76
355 -74
356 -1325
357 -70
358 -70
359 -225
360 -76
361 -73
362 -75
363 -69
364 -2262
365 -70
366 -6571
367 -74
368 -45
369 -76
370 -76
371 -70
372 -40
373 -62
374 -70
375 -75
376 -2881
377 -75
378 -75
379 -4716
380 -75
381 -70
382 -70
383 -183
384 -75
385 -75
386 -4366
387 -75
388 -76
389 -612
390 -75
391 -75
392 -62
393 -70
394 -583
395 -425
396 -62
397 -209
398 -130
399 -75
400 -10450
401 -62
402 -74
403 -76
404 -76
405 -70
406 -447
407 -73
408 -70
409 -74
410 -74
411 -73
412 -75
413 -73
414 -75
415 -1452
416 -84
417 -39
418 -75
419 -69
420 -74
421 -75
422 -73
423 -70
424 -63
425 -73
426 -1713
427 -11639
428 -74
429 -70
430 -70
431 -937
432 -76
433 -70
434 -1202
435 -76
436 -76
437 -75
438 -74
439 -75
440 -75
441 -144
442 -70
443 -73
444 -75
445 -70
446 -62
447 -79
448 -68
449 -73
450 -394
451 -1626
452 -719
453 -76
454 -74
455 -75
456 -3866
457 -840
458 -75
459 -136
460 -56
461 -70
462 -70
463 -73
464 -169
465 -76
466 -133
467 -70
468 -76
469 -210
470 -70
471 -7221
472 -43
473 -70
474 -71
475 -75
476 -73
477 -75
478 -70
479 -62
480 -38
481 -2678
482 -5080
483 -75
484 -70
485 -75
486 -4035
487 -75
488 -70
489 -73
490 -74
491 -622
492 -416
493 -536
494 -75
495 -76
496 -76
497 -232
498 -37
499 -310
500 -70
501 -62
502 -75
503 -77
504 -3607
505 -3743
506 -70
507 -76
508 -267
509 -495
510 -74
511 -3701
512 -75
513 -66
514 -74
515 -75
516 -81
517 -62
518 -2866
519 -70
520 -74
521 -1384
522 -3409
523 -5305
524 -70
525 -70
526 -67
527 -62
528 -76
529 -76
530 -74
531 -70
532 -76
533 -73
534 -222
535 -3970
536 -76
537 -70
538 -376
539 -75
540 -76
541 -75
542 -75
543 -70
544 -60
545 -70
546 -76
547 -76
548 -76
549 -40
550 -70
551 -75
552 -62
553 -74
554 -70
555 -97
556 -551
557 -73
558 -5767
559 -76
560 -62
561 -75
562 -56
563 -75
564 -70
565 -74
566 -75
567 -70
568 -39
569 -75
570 -356
571 -33
572 -75
573 -73
574 -76
575 -62
576 -134
577 -5489
578 -62
579 -62
580 -70
581 -62
582 -2435
583 -361
584 -83
585 -73
586 -75
587 -73
588 -73
589 -70
590 -62
591 -75
592 -106
593 -621
594 -70
595 -76
596 -44
597 -40
598 -75
599 -62
600 -247
601 -76
602 -386
603 -70
604 -70
605 -75
606 -62
607 -75
608 -70
609 -73
610 -73
611 -70
612 -70
613 -62
614 -45
615 -851
616 -62
617 -114
618 -74
619 -70
620 -5319
621 -73
622 -62
623 -76
624 -75
625 -76
626 -70
627 -70
628 -62
629 -39
630 -75
631 -70
632 -70
633 -62
634 -70
635 -195
636 -76
637 -65
638 -70
639 -74
640 -62
641 -1207
642 -75
643 -73
644 -418
645 -79
646 -76
647 -118
648 -70
649 -2491
650 -75
651 -70
652 -55
653 -74
654 -70
655 -73
656 -3282
657 -70
658 -75
659 -76
660 -70
661 -2589
662 -73
663 -70
664 -72
665 -75
666 -4685
667 -491
668 -6583
669 -80
670 -5629
671 -5890
672 -5037
673 -346
674 -70
675 -73
676 -578
677 -62
678 -695
679 -149
680 -3668
681 -74
682 -76
683 -62
684 -1947
685 -70
686 -75
687 -70
688 -73
689 -243
690 -74
691 -36
692 -3103
693 -4773
694 -75
695 -111
696 -248
697 -70
698 -87
699 -30
700 -74
701 -377
702 -73
703 -74
704 -322
705 -70
706 -262
707 -70
708 -353
709 -73
710 -75
711 -74
712 -2751
713 -73
714 -219
715 -70
716 -70
717 -245
718 -75
719 -80
720 -74
721 -76
722 -75
723 -61
724 -73
725 -574
726 -70
727 -1014
728 -3321
729 -75
730 -754
731 -193
732 -198
733 -76
734 -74
735 -70
736 -73
737 -79
738 -62
739 -70
740 -70
741 -75
742 -74
743 -76
744 -75
745 -71
746 -70
747 -70
748 -62
749 -75
750 -5029
751 -99
752 -44
753 -1995
754 -74
755 -136
756 -74
757 -75
758 -70
759 -73
760 -62
761 -3537
762 -62
763 -62
764 -70
765 -62
766 -197
767 -31
768 -65
769 -75
770 -62
771 -75
772 -625
773 -76
774 -162
775 -702
776 -76
777 -3285
778 -64
779 -73
780 -70
781 -73
782 -473
783 -3305
784 -97
785 -2259
786 -37
787 -75
788 -74
789 -76
790 -119
791 -62
792 -74
793 -65
794 -73
795 -2389
796 -46
797 -76
798 -70
799 -73
800 -73
801 -2262
802 -73
803 -232
804 -70
805 -73
806 -74
807 -70
808 -346
809 -73
810 -70
811 -80
812 -63
813 -74
814 -75
815 -76
816 -74
817 -70
818 -70
819 -70
820 -186
821 -1117
822 -198
823 -54
824 -74
825 -75
826 -75
827 -74
828 -40
829 -75
830 -70
831 -73
832 -73
833 -162
834 -62
835 -74
836 -62
837 -1796
838 -71
839 -75
840 -76
841 -50
842 -70
843 -74
844 -73
845 -205
846 -1088
847 -139
848 -55
849 -70
850 -717
851 -75
852 -190
853 -73
854 -70
855 -62
856 -74
857 -76
858 -75
859 -70
860 -74
861 -164
862 -70
863 -70
864 -70
865 -33
866 -906
867 -62
868 -75
869 -70
870 -2692
871 -40
872 -62
873 -73
874 -73
875 -73
876 -73
877 -74
878 -74
879 -483
880 -75
881 -74
882 -74
883 -74
884 -74
885 -74
886 -115
887 -947
888 -62
889 -62
890 -62
891 -46
892 -46
893 -76
894 -75
895 -76
896 -4144
897 -62
898 -76
899 -2000
900 -40
901 -70
902 -73
903 -4658
904 -70
905 -75
906 -70
907 -429
908 -521
909 -40
910 -712
911 -180
912 -73
913 -76
914 -75
915 -73
916 -46
917 -329
918 -75
919 -62
920 -62
921 -104
922 -70
923 -75
924 -74
925 -1054
926 -3453
927 -76
928 -2911
929 -780
930 -62
931 -70
932 -75
933 -67
934 -73
935 -70
936 -73
937 -62
938 -62
939 -145
940 -368
941 -3345
942 -69
943 -341
944 -53
945 -76
946 -62
947 -73
948 -71
949 -75
950 -70
951 -366
952 -73
953 -76
954 -1544
955 -74
956 -75
957 -74
958 -73
959 -4759
960 -74
961 -62
962 -76
963 -70
964 -248
965 -70
966 -56
967 -75
968 -76
969 -62
970 -35
971 -495
972 -75
973 -74
974 -62
975 -70
976 -3086
977 -55
978 -74
979 -70
980 -62
981 -75
982 -74
983 -79
984 -312
985 -70
986 -62
987 -70
988 -70
989 -62
990 -74
991 -810
992 -159
993 -70
994 -2705
995 -73
996 -59
997 -74
998 -62
999 -73
