0 -27
1 -76
2 -75
3 -77
4 -75
5 -75
6 -75
7 -73
8 -27
9 -75
10 -73
11 -70
12 -70
13 -75
14 -70
15 -1372
16 -75
17 -70
18 -74
19 -226
20 -379
21 -35
22 -76
23 -521
24 -73
25 -75
26 -437
27 -75
28 -75
29 -76
30 -197
31 -73
32 -75
33 -73
34 -35
35 -49
36 -26
37 -70
38 -70
39 -27
40 -83
41 -69
42 -75
43 -27
44 -74
45 -70
46 -75
47 -35
48 -2747
49 -397
50 -27
51 -35
52 -79
53 -74
54 -75
55 -1853
56 -65
57 -75
58 -76
59 -75
60 -70
61 -75
62 -1046
63 -479
64 -43
65 -27
66 -70
67 -361
68 -73
69 -35
70 -35
71 -73
72 -76
73 -76
74 -75
75 -361
76 -73
77 -76
78 -75
79 -35
80 -71
81 -75
82 -27
83 -76
84 -76
85 -75
86 -1477
87 -630
88 -129
89 -36
90 -35
91 -27
92 -75
93 -73
94 -362
95 -27
96 -35
97 -27
98 -70
99 -313
100 -75
101 -70
102 -27
103 -74
104 -75
105 -70
106 -74
107 -35
108 -35
109 -75
110 -35
111 -70
112 -75
113 -74
114 -75
115 -76
116 -74
117 -74
118 -588
119 -70
120 -4842
121 -2832
122 -75
123 -75
124 -74
125 -29
126 -74
127 -73
128 -162
129 -76
130 -75
131 -73
132 -35
133 -70
134 -73
135 -27
136 -76
137 -74
138 -27
139 -1312
140 -75
141 -75
142 -66
143 -610
144 -842
145 -70
146 -232
147 -336
148 -73
149 -34
150 -218
151 -678
152 -27
153 -70
154 -70
155 -27
156 -27
157 -27
158 -73
159 -227
160 -74
161 -73
162 -75
163 -325
164 -75
165 -300
166 -70
167 -35
168 -76
169 -75
170 -319
171 -352
172 -150
173 -210
174 -76
175 -75
176 -36
177 -75
178 -76
179 -35
180 -27
181 -70
182 -250
183 -53
184 -464
185 -265
186 -689
187 -51
188 -621
189 -73
190 -1505
191 -76
192 -76
193 -76
194 -2352
195 -27
196 -27
197 -70
198 -75
199 -380
200 -51
201 -77
202 -70
203 -75
204 -88
205 -286
206 -76
207 -125
208 -74
209 -386
210 -73
211 -35
212 -35
213 -445
214 -73
215 -70
216 -340
217 -189
218 -70
219 -612
220 -73
221 -75
222 -74
223 -27
224 -231
225 -35
226 -70
227 -73
228 -323
229 -35
230 -66
231 -75
232 -279
233 -74
234 -252
235 -76
236 -73
237 -76
238 -73
239 -75
240 -76
241 -75
242 -75
243 -76
244 -76
245 -73
246 -307
247 -73
248 -70
249 -70
250 -74
251 -2957
252 -27
253 -107
254 -223
255 -417
256 -246
257 -76
258 -27
259 -35
260 -76
261 -35
262 -1557
263 -932
264 -80
265 -74
266 -200
267 -727
268 -697
269 -697
270 -546
271 -75
272 -2677
273 -76
274 -70
275 -76
276 -75
277 -35
278 -208
279 -70
280 -456
281 -318
282 -73
283 -356
284 -35
285 -56
286 -326
287 -80
288 -27
289 -27
290 -27
291 -2742
292 -73
293 -73
294 -75
295 -70
296 -400
297 -35
298 -27
299 -74
300 -76
301 -273
302 -70
303 -75
304 -74
305 -432
306 -75
307 -35
308 -35
309 -75
310 -27
311 -437
312 -312
313 -76
314 -75
315 -3067
316 -75
317 -75
318 -27
319 -1452
320 -27
321 -522
322 -120
323 -176
324 -75
325 -74
326 -70
327 -73
328 -69
329 -57
330 -294
331 -70
332 -73
333 -96
334 -75
335 -27
336 -35
337 -73
338 -70
339 -35
340 -35
341 -74
342 -74
343 -75
344 -75
345 -3830
346 -73
347 -71
348 -27
349 -27
350 -74
351 -35
352 -70
353 -75
354 -955
355 -60
356 -138
357 -74
358 -76
359 -70
360 -76
361 -7037
362 -70
363 -27
364 -254
365 -73
366 -75
367 -2772
368 -75
369 -1592
370 -472
371 -381
372 -73
373 -147
374 -77
375 -70
376 -57
377 -345
378 -76
379 -80
380 -2237
381 -27
382 -297
383 -26
384 -35
385 -75
386 -27
387 -517
388 -75
389 -75
390 -73
391 -35
392 -76
393 -34
394 -70
395 -75
396 -27
397 -35
398 -2962
399 -76
400 -75
401 -27
402 -70
403 -132
404 -74
405 -977
406 -75
407 -76
408 -70
409 -1617
410 -141
411 -75
412 -27
413 -436
414 -575
415 -73
416 -74
417 -70
418 -1118
419 -70
420 -74
421 -355
422 -74
423 -35
424 -70
425 -1105
426 -70
427 -347
428 -70
429 -70
430 -75
431 -280
432 -152
433 -618
434 -27
435 -75
436 -119
437 -200
438 -70
439 -75
440 -477
441 -40
442 -27
443 -75
444 -75
445 -74
446 -75
447 -44
448 -84
449 -1003
450 -35
451 -73
452 -76
453 -75
454 -74
455 -76
456 -70
457 -75
458 -101
459 -35
460 -75
461 -73
462 -27
463 -27
464 -461
465 -74
466 -27
467 -74
468 -95
469 -35
470 -35
471 -37
472 -70
473 -35
474 -35
475 -74
476 -274
477 -73
478 -75
479 -74
480 -75
481 -76
482 -35
483 -70
484 -70
485 -409
486 -929
487 -428
488 -75
489 -327
490 -74
491 -1362
492 -129
493 -74
494 -76
495 -75
496 -75
497 -1407
498 -74
499 -646
500 -73
501 -612
502 -269
503 -74
504 -75
505 -76
506 -35
507 -75
508 -177
509 -285
510 -2937
511 -74
512 -130
513 -79
514 -76
515 -76
516 -75
517 -159
518 -73
519 -168
520 -2472
521 -372
522 -75
523 -70
524 -75
525 -70
526 -75
527 -73
528 -76
529 -73
530 -157
531 -70
532 -71
533 -52
534 -75
535 -35
536 -112
537 -74
538 -26
539 -727
540 -27
541 -27
542 -75
543 -73
544 -75
545 -148
546 -75
547 -70
548 -862
549 -75
550 -75
551 -70
552 -26
553 -74
554 -1367
555 -76
556 -70
557 -74
558 -75
559 -74
560 -27
561 -2472
562 -35
563 -75
564 -75
565 -76
566 -63
567 -74
568 -73
569 -74
570 -35
571 -76
572 -75
573 -70
574 -74
575 -705
576 -27
577 -70
578 -74
579 -434
580 -283
581 -70
582 -27
583 -75
584 -39
585 -442
586 -27
587 -2867
588 -73
589 -58
590 -70
591 -75
592 -673
593 -425
594 -75
595 -35
596 -73
597 -35
598 -338
599 -160
600 -76
601 -35
602 -76
603 -35
604 -350
605 -73
606 -1747
607 -73
608 -734
609 -75
610 -74
611 -71
612 -73
613 -27
614 -196
615 -30
616 -362
617 -70
618 -74
619 -73
620 -73
621 -35
622 -27
623 -74
624 -1009
625 -80
626 -101
627 -27
628 -214
629 -76
630 -75
631 -75
632 -27
633 -115
634 -75
635 -75
636 -342
637 -27
638 -76
639 -75
640 -35
641 -70
642 -912
643 -411
644 -76
645 -27
646 -73
647 -243
648 -70
649 -73
650 -76
651 -74
652 -73
653 -75
654 -610
655 -896
656 -75
657 -35
658 -74
659 -76
660 -36
661 -76
662 -272
663 -75
664 -327
665 -377
666 -75
667 -75
668 -75
669 -74
670 -35
671 -75
672 -35
673 -51
674 -70
675 -75
676 -27
677 -27
678 -73
679 -66
680 -27
681 -479
682 -27
683 -76
684 -76
685 -74
686 -63
687 -74
688 -211
689 -74
690 -74
691 -136
692 -75
693 -70
694 -74
695 -75
696 -70
697 -70
698 -74
699 -286
700 -634
701 -107
702 -27
703 -1677
704 -75
705 -398
706 -27
707 -80
708 -74
709 -78
710 -35
711 -75
712 -75
713 -131
714 -75
715 -65
716 -75
717 -76
718 -69
719 -76
720 -68
721 -95
722 -33
723 -75
724 -76
725 -75
726 -73
727 -613
728 -792
729 -113
730 -75
731 -74
732 -70
733 -1057
734 -44
735 -74
736 -1137
737 -52
738 -2069
739 -27
740 -35
741 -75
742 -74
743 -75
744 -76
745 -70
746 -70
747 -73
748 -672
749 -70
750 -27
751 -74
752 -69
753 -76
754 -75
755 -35
756 -74
757 -75
758 -75
759 -5367
760 -57
761 -76
762 -501
763 -74
764 -4407
765 -35
766 -76
767 -75
768 -74
769 -802
770 -70
771 -74
772 -1567
773 -75
774 -692
775 -35
776 -1527
777 -69
778 -75
779 -74
780 -73
781 -421
782 -76
783 -75
784 -75
785 -76
786 -196
787 -50
788 -73
789 -75
790 -143
791 -27
792 -74
793 -74
794 -70
795 -70
796 -70
797 -70
798 -75
799 -98
800 -1133
801 -3203
802 -35
803 -27
804 -336
805 -70
806 -35
807 -397
808 -672
809 -75
810 -518
811 -70
812 -425
813 -74
814 -74
815 -75
816 -27
817 -73
818 -70
819 -27
820 -73
821 -1782
822 -215
823 -75
824 -75
825 -26
826 -27
827 -70
828 -74
829 -27
830 -76
831 -70
832 -394
833 -73
834 -75
835 -75
836 -96
837 -76
838 -247
839 -324
840 -27
841 -27
842 -70
843 -75
844 -75
845 -75
846 -76
847 -73
848 -75
849 -75
850 -896
851 -388
852 -74
853 -70
854 -75
855 -75
856 -76
857 -75
858 -35
859 -35
860 -75
861 -34
862 -185
863 -48
864 -35
865 -70
866 -74
867 -73
868 -76
869 -74
870 -747
871 -327
872 -75
873 -75
874 -75
875 -538
876 -290
877 -812
878 -5697
879 -35
880 -280
881 -35
882 -35
883 -76
884 -73
885 -76
886 -75
887 -27
888 -352
889 -5822
890 -323
891 -65
892 -367
893 -27
894 -70
895 -73
896 -315
897 -68
898 -3122
899 -70
900 -73
901 -647
902 -35
903 -73
904 -74
905 -75
906 -35
907 -27
908 -65
909 -70
910 -75
911 -35
912 -74
913 -27
914 -27
915 -74
916 -74
917 -27
918 -169
919 -75
920 -335
921 -73
922 -40
923 -75
924 -260
925 -70
926 -73
927 -27
928 -74
929 -302
930 -35
931 -73
932 -74
933 -483
934 -75
935 -75
936 -75
937 -196
938 -81
939 -74
940 -75
941 -35
942 -543
943 -73
944 -75
945 -992
946 -60
947 -74
948 -73
949 -75
950 -73
951 -877
952 -189
953 -35
954 -3192
955 -75
956 -27
957 -80
958 -73
959 -75
960 -76
961 -406
962 -76
963 -78
964 -110
965 -134
966 -75
967 -967
968 -27
969 -73
970 -76
971 -75
972 -27
973 -70
974 -75
975 -75
976 -35
977 -76
978 -238
979 -73
980 -222
981 -73
982 -506
983 -74
984 -73
985 -592
986 -75
987 -75
988 -75
989 -253
990 -122
991 -35
992 -35
993 -557
994 -76
995 -377
996 -76
997 -62
998 -75
999 -73
