0 -56
1 -1714
2 -248
3 -56
4 -34
5 -65
6 -66
7 -66
8 -66
9 -45
10 -39
11 -63
12 -65
13 -213
14 -308
15 -64
16 -65
17 -65
18 -125
19 -53
20 -65
21 -4631
22 -1506
23 -118
24 -65
25 -65
26 -43
27 -34
28 -64
29 -299
30 -116
31 -127
32 -328
33 -73
34 -4508
35 -66
36 -66
37 -90
38 -436
39 -43
40 -68
41 -63
42 -56
43 -56
44 -64
45 -63
46 -74
47 -38
48 -63
49 -63
50 -65
51 -4995
52 -65
53 -66
54 -63
55 -66
56 -43
57 -341
58 -5671
59 -65
60 -66
61 -65
62 -53
63 -56
64 -45
65 -149
66 -66
67 -1412
68 -63
69 -56
70 -636
71 -222
72 -63
73 -59
74 -63
75 -63
76 -63
77 -65
78 -70
79 -66
80 -63
81 -54
82 -63
83 -80
84 -52
85 -44
86 -43
87 -223
88 -63
89 -66
90 -66
91 -3640
92 -1587
93 -43
94 -64
95 -39
96 -63
97 -67
98 -65
99 -56
100 -1266
101 -48
102 -66
103 -64
104 -39
105 -102
106 -65
107 -66
108 -63
109 -64
110 -43
111 -287
112 -146
113 -41
114 -65
115 -65
116 -65
117 -65
118 -56
119 -66
120 -30
121 -66
122 -65
123 -53
124 -314
125 -23
126 -63
127 -43
128 -63
129 -43
130 -156
131 -38
132 -56
133 -560
134 -86
135 -66
136 -63
137 -56
138 -65
139 -65
140 -63
141 -65
142 -898
143 -65
144 -56
145 -43
146 -65
147 -66
148 -49
149 -65
150 -65
151 -65
152 -36
153 -66
154 -64
155 -64
156 -63
157 -306
158 -65
159 -66
160 -82
161 -56
162 -65
163 -65
164 -63
165 -56
166 -52
167 -56
168 -65
169 -56
170 -65
171 -65
172 -43
173 -53
174 -66
175 -64
176 -30
177 -286
178 -63
179 -4392
180 -52
181 -393
182 -56
183 -257
184 -64
185 -64
186 -65
187 -53
188 -178
189 -65
190 -65
191 -856
192 -65
193 -65
194 -65
195 -66
196 -528
197 -64
198 -44
199 -65
200 -65
201 -36
202 -62
203 -63
204 -56
205 -65
206 -632
207 -65
208 -65
209 -65
210 -65
211 -64
212 -1528
213 -66
214 -40
215 -63
216 -56
217 -65
218 -2678
219 -66
220 -53
221 -201
222 -56
223 -64
224 -65
225 -64
226 -36
227 -56
228 -59
229 -56
230 -39
231 -64
232 -57
233 -45
234 -63
235 -63
236 -49
237 -803
238 -122
239 -1652
240 -58
241 -65
242 -48
243 -40
244 -65
245 -43
246 -65
247 -56
248 -58
249 -65
250 -210
251 -63
252 -116
253 -64
254 -65
255 -65
256 -74
257 -65
258 -124
259 -43
260 -43
261 -64
262 -14507
263 -48
264 -49
265 -65
266 -93
267 -65
268 -80
269 -63
270 -151
271 -43
272 -63
273 -63
274 -65
275 -65
276 -7140
277 -59
278 -66
279 -43
280 -65
281 -38
282 -65
283 -82
284 -56
285 -65
286 -52
287 -58
288 -7476
289 -65
290 -65
291 -878
292 -71
293 -58
294 -40
295 -67
296 -37
297 -198
298 -190
299 -65
300 -43
301 -1163
302 -52
303 -43
304 -43
305 -38
306 -2714
307 -48
308 -97
309 -2570
310 -65
311 -65
312 -43
313 -65
314 -63
315 -250
316 -30
317 -389
318 -66
319 -39
320 -53
321 -66
322 -66
323 -66
324 -65
325 -64
326 -66
327 -65
328 -66
329 -65
330 -2289
331 -65
332 -63
333 -63
334 -64
335 -66
336 -65
337 -65
338 -64
339 -56
340 -65
341 -65
342 -63
343 -111
344 -2163
345 -53
346 -64
347 -63
348 -65
349 -48
350 -131
351 -64
352 -56
353 -54
354 -65
355 -659
356 -48
357 -82
358 -64
359 -65
360 -64
361 -82
362 -59
363 -66
364 -65
365 -45
366 -56
367 -66
368 -65
369 -65
370 -139
371 -64
372 -6822
373 -56
374 -107
375 -65
376 -69
377 -66
378 -65
379 -224
380 -61
381 -4450
382 -56
383 -63
384 -2485
385 -63
386 -65
387 -532
388 -64
389 -214
390 -64
391 -48
392 -40
393 -66
394 -63
395 -56
396 -64
397 -65
398 -66
399 -64
400 -64
401 -2035
402 -56
403 -287
404 -44
405 -189
406 -65
407 -53
408 -56
409 -65
410 -64
411 -63
412 -135
413 -58
414 -66
415 -56
416 -65
417 -56
418 -65
419 -59
420 -54
421 -66
422 -64
423 -66
424 -126
425 -40
426 -34
427 -63
428 -48
429 -63
430 -383
431 -65
432 -56
433 -56
434 -2484
435 -61
436 -54
437 -64
438 -445
439 -44
440 -56
441 -65
442 -65
443 -30
444 -43
445 -40
446 -53
447 -30
448 -29
449 -64
450 -2845
451 -45
452 -7285
453 -65
454 -167
455 -56
456 -34
457 -2940
458 -38
459 -47
460 -57
461 -65
462 -65
463 -3937
464 -43
465 -63
466 -49
467 -58
468 -66
469 -56
470 -30
471 -42
472 -65
473 -726
474 -64
475 -65
476 -30
477 -1443
478 -63
479 -248
480 -65
481 -64
482 -66
483 -63
484 -53
485 -977
486 -53
487 -126
488 -54
489 -134
490 -63
491 -583
492 -63
493 -163
494 -56
495 -63
496 -65
497 -66
498 -56
499 -68
500 -63
501 -63
502 -304
503 -43
504 -65
505 -65
506 -63
507 -566
508 -65
509 -54
510 -254
511 -43
512 -66
513 -53
514 -66
515 -63
516 -57
517 -76
518 -58
519 -46
520 -65
521 -64
522 -43
523 -64
524 -66
525 -64
526 -43
527 -156
528 -61
529 -65
530 -64
531 -30
532 -65
533 -66
534 -63
535 -63
536 -64
537 -63
538 -74
539 -2411
540 -53
541 -56
542 -40
543 -70
544 -465
545 -65
546 -56
547 -65
548 -30
549 -66
550 -65
551 -63
552 -65
553 -56
554 -65
555 -63
556 -599
557 -43
558 -64
559 -65
560 -64
561 -138
562 -65
563 -56
564 -44
565 -306
566 -65
567 -65
568 -70
569 -64
570 -65
571 -63
572 -1121
573 -157
574 -43
575 -63
576 -30
577 -65
578 -56
579 -65
580 -667
581 -43
582 -66
583 -66
584 -56
585 -313
586 -273
587 -418
588 -64
589 -34
590 -65
591 -63
592 -63
593 -66
594 -65
595 -43
596 -480
597 -239
598 -63
599 -63
600 -58
601 -64
602 -68
603 -65
604 -65
605 -63
606 -66
607 -39
608 -768
609 -65
610 -53
611 -65
612 -64
613 -59
614 -30
615 -53
616 -56
617 -140
618 -65
619 -58
620 -665
621 -65
622 -56
623 -65
624 -65
625 -69
626 -33
627 -64
628 -43
629 -200
630 -66
631 -65
632 -536
633 -66
634 -184
635 -66
636 -69
637 -65
638 -48
639 -63
640 -5570
641 -3215
642 -64
643 -329
644 -66
645 -66
646 -43
647 -194
648 -65
649 -57
650 -49
651 -65
652 -230
653 -56
654 -56
655 -53
656 -65
657 -63
658 -198
659 -61
660 -64
661 -227
662 -312
663 -40
664 -64
665 -56
666 -537
667 -36
668 -48
669 -43
670 -66
671 -130
672 -58
673 -64
674 -65
675 -56
676 -288
677 -56
678 -56
679 -66
680 -43
681 -104
682 -30
683 -45
684 -63
685 -56
686 -64
687 -273
688 -702
689 -64
690 -58
691 -43
692 -49
693 -44
694 -56
695 -56
696 -1246
697 -55
698 -55
699 -36
700 -63
701 -65
702 -43
703 -66
704 -1360
705 -63
706 -40
707 -49
708 -38
709 -65
710 -43
711 -59
712 -66
713 -63
714 -48
715 -64
716 -65
717 -549
718 -63
719 -56
720 -65
721 -65
722 -224
723 -56
724 -43
725 -65
726 -65
727 -40
728 -63
729 -674
730 -66
731 -65
732 -54
733 -104
734 -56
735 -63
736 -64
737 -199
738 -66
739 -65
740 -152
741 -34
742 -65
743 -63
744 -569
745 -53
746 -63
747 -65
748 -65
749 -63
750 -58
751 -63
752 -66
753 -65
754 -53
755 -66
756 -65
757 -56
758 -53
759 -40
760 -339
761 -40
762 -30
763 -65
764 -49
765 -43
766 -56
767 -141
768 -65
769 -56
770 -48
771 -65
772 -93
773 -65
774 -49
775 -66
776 -65
777 -66
778 -66
779 -66
780 -64
781 -65
782 -53
783 -44
784 -53
785 -64
786 -66
787 -56
788 -49
789 -53
790 -66
791 -43
792 -52
793 -204
794 -56
795 -43
796 -204
797 -392
798 -66
799 -65
800 -56
801 -65
802 -53
803 -348
804 -43
805 -55
806 -66
807 -66
808 -65
809 -66
810 -66
811 -65
812 -45
813 -66
814 -1217
815 -66
816 -65
817 -43
818 -56
819 -63
820 -1703
821 -66
822 -539
823 -58
824 -64
825 -53
826 -262
827 -66
828 -64
829 -64
830 -65
831 -129
832 -84
833 -53
834 -65
835 -56
836 -44
837 -164
838 -66
839 -65
840 -56
841 -65
842 -66
843 -53
844 -56
845 -89
846 -58
847 -604
848 -65
849 -53
850 -70
851 -43
852 -66
853 -39
854 -3036
855 -317
856 -65
857 -63
858 -56
859 -65
860 -64
861 -887
862 -64
863 -66
864 -36
865 -56
866 -56
867 -65
868 -59
869 -65
870 -66
871 -65
872 -63
873 -815
874 -39
875 -65
876 -64
877 -66
878 -64
879 -34
880 -43
881 -65
882 -56
883 -65
884 -56
885 -380
886 -567
887 -56
888 -112
889 -65
890 -63
891 -48
892 -53
893 -43
894 -66
895 -56
896 -64
897 -65
898 -65
899 -63
900 -65
901 -38
902 -63
903 -64
904 -64
905 -63
906 -331
907 -64
908 -65
909 -62
910 -53
911 -64
912 -56
913 -38
914 -56
915 -63
916 -65
917 -65
918 -56
919 -408
920 -34
921 -64
922 -56
923 -43
924 -66
925 -58
926 -152
927 -49
928 -3314
929 -66
930 -439
931 -64
932 -411
933 -48
934 -65
935 -34
936 -30
937 -49
938 -29
939 -66
940 -64
941 -63
942 -66
943 -43
944 -337
945 -56
946 -63
947 -63
948 -39
949 -66
950 -65
951 -71
952 -5312
953 -967
954 -64
955 -22
956 -216
957 -65
958 -56
959 -56
960 -56
961 -56
962 -53
963 -31
964 -56
965 -64
966 -65
967 -56
968 -30
969 -67
970 -392
971 -66
972 -88
973 -261
974 -56
975 -48
976 -71
977 -65
978 -50
979 -43
980 -64
981 -565
982 -63
983 -44
984 -58
985 -66
986 -6203
987 -56
988 -65
989 -32
990 -64
991 -56
992 -65
993 -65
994 -213
995 -273
996 -63
997 -66
998 -65
999 -54
