0 -53
1 -1665
2 -45
3 -415
4 -1084
5 -65
6 -79
7 -4393
8 -33
9 -160
10 -102
11 -64
12 -64
13 -113
14 -66
15 -53
16 -44
17 -66
18 -114
19 -65
20 -64
21 -227
22 -64
23 -19
24 -185
25 -75
26 -53
27 -125
28 -64
29 -53
30 -4682
31 -495
32 -66
33 -141
34 -53
35 -426
36 -136
37 -49
38 -254
39 -63
40 -53
41 -64
42 -63
43 -340
44 -694
45 -64
46 -53
47 -40
48 -53
49 -64
50 -63
51 -65
52 -46
53 -739
54 -66
55 -319
56 -75
57 -204
58 -37
59 -65
60 -64
61 -64
62 -136
63 -566
64 -24
65 -63
66 -65
67 -65
68 -330
69 -53
70 -50
71 -64
72 -1900
73 -50
74 -65
75 -53
76 -51
77 -53
78 -53
79 -503
80 -41
81 -53
82 -64
83 -534
84 -585
85 -64
86 -64
87 -65
88 -46
89 -505
90 -163
91 -649
92 -63
93 -4788
94 -63
95 -64
96 -65
97 -65
98 -65
99 -66
100 -59
101 -65
102 -493
103 -65
104 -86
105 -307
106 -45
107 -394
108 -64
109 -64
110 -402
111 -53
112 -64
113 -65
114 -65
115 -65
116 -65
117 -2418
118 -64
119 -65
120 -53
121 -58
122 -133
123 -49
124 -46
125 -66
126 -63
127 -52
128 -64
129 -63
130 -65
131 -144
132 -65
133 -284
134 -180
135 -53
136 -65
137 -41
138 -65
139 -66
140 -158
141 -63
142 -66
143 -55
144 -63
145 -426
146 -53
147 -156
148 -53
149 -66
150 -43
151 -166
152 -48
153 -65
154 -65
155 -280
156 -66
157 -53
158 -2954
159 -63
160 -64
161 -65
162 -33
163 -1346
164 -60
165 -2971
166 -144
167 -853
168 -64
169 -65
170 -65
171 -2939
172 -53
173 -66
174 -46
175 -814
176 -64
177 -79
178 -65
179 -65
180 -116
181 -49
182 -65
183 -342
184 -65
185 -318
186 -5155
187 -87
188 -1079
189 -44
190 -117
191 -65
192 -64
193 -281
194 -44
195 -30
196 -59
197 -48
198 -40
199 -221
200 -45
201 -63
202 -60
203 -70
204 -64
205 -285
206 -63
207 -66
208 -45
209 -50
210 -64
211 -65
212 -65
213 -63
214 -53
215 -63
216 -497
217 -303
218 -281
219 -340
220 -65
221 -53
222 -65
223 -57
224 -66
225 -64
226 -792
227 -65
228 -81
229 -66
230 -64
231 -3893
232 -43
233 -53
234 -64
235 -485
236 -63
237 -64
238 -53
239 -51
240 -2400
241 -40
242 -65
243 -59
244 -65
245 -119
246 -207
247 -24
248 -77
249 -40
250 -65
251 -66
252 -65
253 -65
254 -1418
255 -64
256 -46
257 -64
258 -375
259 -65
260 -63
261 -65
262 -66
263 -66
264 -47
265 -66
266 -66
267 -43
268 -65
269 -53
270 -70
271 -81
272 -125
273 -65
274 -65
275 -65
276 -400
277 -65
278 -65
279 -7072
280 -53
281 -39
282 -239
283 -615
284 -65
285 -47
286 -65
287 -59
288 -6326
289 -63
290 -67
291 -65
292 -63
293 -389
294 -64
295 -65
296 -53
297 -64
298 -87
299 -65
300 -65
301 -66
302 -177
303 -53
304 -65
305 -55
306 -7673
307 -148
308 -118
309 -65
310 -65
311 -53
312 -61
313 -64
314 -63
315 -53
316 -65
317 -38
318 -64
319 -63
320 -40
321 -104
322 -63
323 -63
324 -1978
325 -258
326 -64
327 -51
328 -53
329 -58
330 -66
331 -66
332 -65
333 -64
334 -55
335 -65
336 -53
337 -66
338 -63
339 -53
340 -54
341 -2544
342 -63
343 -53
344 -65
345 -1180
346 -66
347 -65
348 -63
349 -146
350 -102
351 -50
352 -63
353 -78
354 -167
355 -53
356 -264
357 -2975
358 -4092
359 -61
360 -53
361 -53
362 -65
363 -66
364 -37
365 -227
366 -404
367 -53
368 -230
369 -65
370 -65
371 -49
372 -53
373 -46
374 -65
375 -66
376 -40
377 -53
378 -63
379 -66
380 -53
381 -701
382 -730
383 -277
384 -428
385 -59
386 -65
387 -64
388 -45
389 -44
390 -45
391 -64
392 -64
393 -65
394 -65
395 -64
396 -229
397 -64
398 -653
399 -65
400 -65
401 -53
402 -1621
403 -452
404 -65
405 -238
406 -64
407 -64
408 -200
409 -446
410 -142
411 -66
412 -64
413 -60
414 -65
415 -64
416 -60
417 -65
418 -65
419 -873
420 -2769
421 -70
422 -66
423 -70
424 -59
425 -65
426 -64
427 -65
428 -64
429 -2831
430 -63
431 -64
432 -10921
433 -65
434 -367
435 -260
436 -770
437 -55
438 -43
439 -2434
440 -4469
441 -63
442 -65
443 -71
444 -65
445 -64
446 -6114
447 -80
448 -53
449 -45
450 -65
451 -63
452 -65
453 -63
454 -53
455 -63
456 -27
457 -64
458 -65
459 -31
460 -621
461 -53
462 -140
463 -148
464 -64
465 -65
466 -53
467 -51
468 -485
469 -285
470 -35
471 -66
472 -64
473 -188
474 -53
475 -3113
476 -49
477 -65
478 -50
479 -58
480 -71
481 -66
482 -48
483 -65
484 -265
485 -66
486 -64
487 -64
488 -64
489 -53
490 -65
491 -64
492 -64
493 -53
494 -66
495 -460
496 -209
497 -63
498 -65
499 -66
500 -201
501 -152
502 -62
503 -65
504 -59
505 -255
506 -177
507 -53
508 -64
509 -97
510 -1636
511 -4796
512 -66
513 -66
514 -64
515 -53
516 -170
517 -65
518 -53
519 -139
520 -63
521 -44
522 -66
523 -60
524 -53
525 -56
526 -53
527 -59
528 -94
529 -53
530 -63
531 -713
532 -725
533 -260
534 -46
535 -281
536 -168
537 -66
538 -64
539 -65
540 -27
541 -542
542 -66
543 -1216
544 -702
545 -53
546 -197
547 -63
548 -63
549 -926
550 -65
551 -66
552 -206
553 -74
554 -53
555 -55
556 -65
557 -64
558 -55
559 -53
560 -20
561 -64
562 -65
563 -94
564 -66
565 -66
566 -63
567 -636
568 -66
569 -64
570 -246
571 -64
572 -53
573 -60
574 -65
575 -66
576 -262
577 -65
578 -85
579 -53
580 -65
581 -238
582 -63
583 -66
584 -470
585 -53
586 -45
587 -65
588 -64
589 -80
590 -64
591 -423
592 -209
593 -371
594 -57
595 -53
596 -674
597 -754
598 -65
599 -65
600 -64
601 -65
602 -64
603 -65
604 -43
605 -63
606 -63
607 -53
608 -65
609 -63
610 -52
611 -299
612 -64
613 -46
614 -50
615 -53
616 -48
617 -67
618 -31
619 -165
620 -1715
621 -65
622 -63
623 -215
624 -58
625 -63
626 -64
627 -64
628 -168
629 -53
630 -53
631 -732
632 -63
633 -238
634 -59
635 -66
636 -50
637 -59
638 -65
639 -65
640 -66
641 -72
642 -65
643 -285
644 -63
645 -65
646 -65
647 -2554
648 -36
649 -343
650 -21
651 -63
652 -63
653 -457
654 -50
655 -66
656 -45
657 -65
658 -64
659 -549
660 -64
661 -63
662 -65
663 -53
664 -234
665 -4113
666 -53
667 -65
668 -89
669 -48
670 -50
671 -188
672 -64
673 -64
674 -215
675 -66
676 -66
677 -65
678 -65
679 -321
680 -64
681 -75
682 -63
683 -227
684 -64
685 -32
686 -65
687 -157
688 -53
689 -411
690 -110
691 -2468
692 -60
693 -240
694 -65
695 -63
696 -222
697 -63
698 -66
699 -64
700 -63
701 -74
702 -57
703 -65
704 -65
705 -63
706 -701
707 -24
708 -65
709 -88
710 -1206
711 -65
712 -119
713 -50
714 -245
715 -585
716 -63
717 -53
718 -70
719 -69
720 -64
721 -66
722 -63
723 -65
724 -49
725 -65
726 -606
727 -366
728 -51
729 -261
730 -63
731 -44
732 -66
733 -66
734 -87
735 -152
736 -243
737 -8754
738 -65
739 -53
740 -216
741 -65
742 -3718
743 -60
744 -63
745 -59
746 -65
747 -1394
748 -236
749 -340
750 -64
751 -65
752 -64
753 -65
754 -56
755 -64
756 -33
757 -65
758 -65
759 -65
760 -64
761 -2400
762 -65
763 -76
764 -50
765 -557
766 -280
767 -65
768 -65
769 -180
770 -60
771 -108
772 -64
773 -46
774 -65
775 -361
776 -65
777 -55
778 -54
779 -824
780 -5365
781 -66
782 -54
783 -66
784 -63
785 -65
786 -65
787 -53
788 -53
789 -65
790 -65
791 -65
792 -63
793 -55
794 -28
795 -65
796 -50
797 -2336
798 -55
799 -60
800 -64
801 -263
802 -66
803 -70
804 -268
805 -65
806 -436
807 -400
808 -66
809 -64
810 -65
811 -66
812 -63
813 -65
814 -185
815 -66
816 -116
817 -407
818 -48
819 -420
820 -49
821 -65
822 -510
823 -36
824 -63
825 -53
826 -63
827 -66
828 -52
829 -66
830 -794
831 -65
832 -65
833 -63
834 -66
835 -53
836 -90
837 -66
838 -38
839 -65
840 -63
841 -66
842 -66
843 -64
844 -64
845 -433
846 -64
847 -65
848 -106
849 -43
850 -65
851 -327
852 -63
853 -1990
854 -56
855 -403
856 -65
857 -66
858 -64
859 -63
860 -64
861 -58
862 -65
863 -53
864 -65
865 -709
866 -66
867 -301
868 -48
869 -822
870 -46
871 -213
872 -53
873 -66
874 -64
875 -65
876 -62
877 -64
878 -66
879 -3971
880 -939
881 -231
882 -110
883 -78
884 -282
885 -66
886 -63
887 -56
888 -63
889 -53
890 -53
891 -164
892 -128
893 -27
894 -5699
895 -541
896 -63
897 -40
898 -42
899 -63
900 -66
901 -214
902 -64
903 -66
904 -53
905 -66
906 -636
907 -63
908 -66
909 -46
910 -111
911 -65
912 -46
913 -257
914 -606
915 -567
916 -79
917 -79
918 -65
919 -63
920 -144
921 -66
922 -2408
923 -66
924 -66
925 -64
926 -730
927 -64
928 -178
929 -447
930 -51
931 -53
932 -65
933 -53
934 -63
935 -559
936 -90
937 -420
938 -64
939 -63
940 -64
941 -70
942 -70
943 -66
944 -64
945 -66
946 -38
947 -66
948 -173
949 -2383
950 -53
951 -4809
952 -1510
953 -70
954 -64
955 -50
956 -6377
957 -53
958 -66
959 -65
960 -3855
961 -65
962 -65
963 -63
964 -363
965 -185
966 -135
967 -65
968 -51
969 -223
970 -2330
971 -65
972 -148
973 -221
974 -65
975 -66
976 -66
977 -63
978 -63
979 -2161
980 -46
981 -66
982 -64
983 -329
984 -1865
985 -64
986 -65
987 -83
988 -66
989 -49
990 -845
991 -161
992 -482
993 -65
994 -45
995 -350
996 -48
997 -65
998 -65
999 -37
