0 -62
1 -73
2 -74
3 -62
4 -75
5 -74
6 -75
7 -175
8 -2739
9 -3858
10 -888
11 -62
12 -62
13 -62
14 -166
15 -70
16 -81
17 -2717
18 -74
19 -231
20 -75
21 -73
22 -75
23 -73
24 -60
25 -75
26 -70
27 -77
28 -62
29 -62
30 -62
31 -324
32 -62
33 -7843
34 -85
35 -75
36 -60
37 -326
38 -1251
39 -74
40 -60
41 -75
42 -70
43 -321
44 -3929
45 -2979
46 -74
47 -60
48 -74
49 -81
50 -60
51 -70
52 -75
53 -2789
54 -75
55 -76
56 -1713
57 -60
58 -75
59 -2406
60 -73
61 -76
62 -76
63 -75
64 -1512
65 -70
66 -60
67 -60
68 -74
69 -62
70 -75
71 -4004
72 -8380
73 -75
74 -60
75 -70
76 -74
77 -2701
78 -60
79 -62
80 -73
81 -62
82 -76
83 -76
84 -95
85 -75
86 -80
87 -74
88 -248
89 -397
90 -383
91 -75
92 -75
93 -57
94 -74
95 -70
96 -75
97 -60
98 -73
99 -74
100 -62
101 -73
102 -60
103 -62
104 -60
105 -75
106 -359
107 -62
108 -75
109 -76
110 -293
111 -62
112 -2205
113 -73
114 -75
115 -70
116 -70
117 -76
118 -75
119 -60
120 -62
121 -76
122 -88
123 -60
124 -60
125 -57
126 -227
127 -69
128 -75
129 -1300
130 -73
131 -401
132 -75
133 -62
134 -146
135 -176
136 -74
137 -74
138 -62
139 -62
140 -73
141 -70
142 -75
143 -313
144 -62
145 -73
146 -73
147 -62
148 -75
149 -74
150 -76
151 -75
152 -62
153 -62
154 -75
155 -76
156 -76
157 -62
158 -62
159 -1382
160 -62
161 -62
162 -62
163 -75
164 -77
165 -76
166 -73
167 -75
168 -4457
169 -62
170 -78
171 -65
172 -76
173 -73
174 -70
175 -62
176 -73
177 -60
178 -84
179 -70
180 -75
181 -80
182 -69
183 -701
184 -4404
185 -116
186 -286
187 -243
188 -73
189 -60
190 -76
191 -76
192 -3124
193 -60
194 -60
195 -76
196 -76
197 -60
198 -70
199 -190
200 -60
201 -75
202 -62
203 -74
204 -60
205 -1257
206 -60
207 -94
208 -70
209 -75
210 -74
211 -60
212 -388
213 -75
214 -80
215 -62
216 -75
217 -60
218 -2454
219 -73
220 -73
221 -76
222 -76
223 -77
224 -62
225 -62
226 -70
227 -62
228 -547
229 -90
230 -74
231 -75
232 -66
233 -62
234 -73
235 -73
236 -73
237 -75
238 -111
239 -60
240 -62
241 -75
242 -77
243 -62
244 -74
245 -62
246 -80
247 -62
248 -73
249 -70
250 -242
251 -76
252 -70
253 -73
254 -75
255 -62
256 -62
257 -74
258 -1009
259 -75
260 -73
261 -535
262 -62
263 -60
264 -62
265 -73
266 -75
267 -74
268 -60
269 -2557
270 -85
271 -2726
272 -62
273 -62
274 -70
275 -62
276 -62
277 -60
278 -74
279 -73
280 -62
281 -62
282 -60
283 -75
284 -76
285 -75
286 -70
287 -73
288 -73
289 -60
290 -68
291 -75
292 -68
293 -73
294 -60
295 -67
296 -75
297 -54
298 -70
299 -614
300 -66
301 -76
302 -74
303 -76
304 -62
305 -172
306 -2778
307 -573
308 -62
309 -75
310 -62
311 -3400
312 -1523
313 -4593
314 -333
315 -71
316 -147
317 -62
318 -62
319 -62
320 -74
321 -70
322 -75
323 -62
324 -704
325 -62
326 -73
327 -126
328 -74
329 -1151
330 -74
331 -75
332 -81
333 -62
334 -74
335 -62
336 -75
337 -60
338 -75
339 -74
340 -3497
341 -75
342 -76
343 -75
344 -60
345 -62
346 -75
347 -73
348 -74
349 -62
350 -60
351 -70
352 -73
353 -60
354 -76
355 -73
356 -71
357 -60
358 -498
359 -70
360 -76
361 -71
362 -70
363 -1467
364 -62
365 -75
366 -690
367 -62
368 -62
369 -62
370 -62
371 -62
372 -62
373 -2743
374 -176
375 -62
376 -75
377 -3956
378 -454
379 -73
380 -75
381 -75
382 -60
383 -75
384 -75
385 -80
386 -64
387 -62
388 -70
389 -62
390 -70
391 -62
392 -900
393 -73
394 -74
395 -75
396 -74
397 -67
398 -408
399 -76
400 -60
401 -62
402 -1763
403 -62
404 -75
405 -62
406 -75
407 -74
408 -73
409 -70
410 -73
411 -76
412 -60
413 -73
414 -62
415 -73
416 -62
417 -62
418 -98
419 -60
420 -70
421 -62
422 -732
423 -78
424 -74
425 -73
426 -62
427 -1139
428 -2768
429 -73
430 -74
431 -356
432 -75
433 -74
434 -75
435 -70
436 -317
437 -70
438 -75
439 -70
440 -70
441 -75
442 -75
443 -73
444 -70
445 -62
446 -75
447 -70
448 -75
449 -70
450 -4858
451 -76
452 -62
453 -100
454 -224
455 -157
456 -70
457 -60
458 -351
459 -318
460 -253
461 -74
462 -73
463 -75
464 -2780
465 -75
466 -62
467 -62
468 -60
469 -73
470 -75
471 -76
472 -73
473 -73
474 -73
475 -246
476 -62
477 -76
478 -62
479 -17
480 -73
481 -60
482 -75
483 -73
484 -60
485 -75
486 -62
487 -62
488 -76
489 -62
490 -73
491 -75
492 -73
493 -76
494 -74
495 -62
496 -62
497 -60
498 -60
499 -62
500 -528
501 -76
502 -75
503 -62
504 -70
505 -60
506 -70
507 -60
508 -70
509 -74
510 -74
511 -73
512 -70
513 -865
514 -4900
515 -389
516 -62
517 -3673
518 -75
519 -62
520 -76
521 -75
522 -62
523 -79
524 -62
525 -76
526 -75
527 -81
528 -117
529 -74
530 -290
531 -62
532 -829
533 -70
534 -62
535 -107
536 -62
537 -63
538 -75
539 -845
540 -76
541 -60
542 -60
543 -75
544 -4124
545 -75
546 -75
547 -78
548 -62
549 -75
550 -62
551 -60
552 -73
553 -62
554 -73
555 -76
556 -76
557 -72
558 -75
559 -73
560 -62
561 -75
562 -75
563 -73
564 -60
565 -75
566 -60
567 -70
568 -62
569 -70
570 -75
571 -299
572 -70
573 -62
574 -62
575 -62
576 -70
577 -62
578 -75
579 -75
580 -62
581 -75
582 -76
583 -75
584 -73
585 -160
586 -74
587 -60
588 -75
589 -758
590 -75
591 -70
592 -231
593 -75
594 -73
595 -75
596 -62
597 -5595
598 -76
599 -60
600 -75
601 -74
602 -75
603 -75
604 -75
605 -60
606 -292
607 -73
608 -1484
609 -3909
610 -70
611 -74
612 -75
613 -156
614 -361
615 -75
616 -75
617 -76
618 -74
619 -2673
620 -62
621 -75
622 -76
623 -772
624 -70
625 -62
626 -60
627 -75
628 -60
629 -76
630 -76
631 -74
632 -76
633 -2681
634 -4683
635 -70
636 -70
637 -75
638 -85
639 -3762
640 -364
641 -74
642 -75
643 -76
644 -62
645 -73
646 -62
647 -75
648 -74
649 -1158
650 -75
651 -62
652 -70
653 -62
654 -70
655 -74
656 -1775
657 -74
658 -75
659 -561
660 -75
661 -74
662 -60
663 -62
664 -62
665 -60
666 -70
667 -76
668 -859
669 -75
670 -70
671 -120
672 -62
673 -74
674 -62
675 -75
676 -74
677 -120
678 -2945
679 -74
680 -75
681 -70
682 -766
683 -75
684 -178
685 -74
686 -62
687 -75
688 -76
689 -73
690 -60
691 -73
692 -5076
693 -62
694 -73
695 -75
696 -70
697 -76
698 -70
699 -76
700 -75
701 -60
702 -62
703 -76
704 -61
705 -60
706 -60
707 -76
708 -909
709 -70
710 -70
711 -73
712 -60
713 -84
714 -75
715 -60
716 -62
717 -75
718 -74
719 -62
720 -889
721 -75
722 -75
723 -62
724 -2734
725 -75
726 -76
727 -70
728 -76
729 -75
730 -70
731 -73
732 -76
733 -62
734 -75
735 -431
736 -633
737 -70
738 -75
739 -75
740 -73
741 -73
742 -62
743 -90
744 -74
745 -1239
746 -82
747 -70
748 -146
749 -76
750 -75
751 -73
752 -75
753 -62
754 -62
755 -597
756 -70
757 -60
758 -254
759 -76
760 -62
761 -75
762 -70
763 -75
764 -60
765 -136
766 -70
767 -75
768 -62
769 -73
770 -55
771 -62
772 -74
773 -75
774 -76
775 -75
776 -62
777 -75
778 -62
779 -73
780 -281
781 -101
782 -70
783 -262
784 -57
785 -57
786 -62
787 -79
788 -70
789 -70
790 -73
791 -60
792 -75
793 -76
794 -62
795 -60
796 -91
797 -174
798 -70
799 -75
800 -74
801 -136
802 -62
803 -76
804 -62
805 -67
806 -62
807 -75
808 -60
809 -70
810 -73
811 -63
812 -75
813 -62
814 -70
815 -62
816 -70
817 -633
818 -73
819 -62
820 -62
821 -75
822 -70
823 -187
824 -62
825 -60
826 -75
827 -650
828 -4348
829 -865
830 -70
831 -74
832 -60
833 -75
834 -73
835 -70
836 -470
837 -70
838 -75
839 -73
840 -70
841 -73
842 -62
843 -74
844 -62
845 -62
846 -75
847 -62
848 -60
849 -73
850 -73
851 -70
852 -70
853 -70
854 -75
855 -60
856 -242
857 -75
858 -70
859 -70
860 -60
861 -75
862 -75
863 -306
864 -60
865 -76
866 -75
867 -75
868 -75
869 -62
870 -70
871 -62
872 -60
873 -75
874 -346
875 -73
876 -76
877 -76
878 -70
879 -75
880 -73
881 -75
882 -75
883 -73
884 -62
885 -62
886 -76
887 -74
888 -70
889 -57
890 -75
891 -76
892 -70
893 -390
894 -74
895 -75
896 -70
897 -73
898 -73
899 -74
900 -62
901 -75
902 -73
903 -76
904 -74
905 -103
906 -1464
907 -3280
908 -73
909 -62
910 -80
911 -76
912 -62
913 -4751
914 -74
915 -80
916 -62
917 -5336
918 -75
919 -60
920 -190
921 -75
922 -75
923 -62
924 -84
925 -91
926 -62
927 -60
928 -60
929 -62
930 -70
931 -62
932 -538
933 -75
934 -62
935 -70
936 -67
937 -70
938 -76
939 -75
940 -75
941 -495
942 -60
943 -73
944 -725
945 -271
946 -62
947 -2726
948 -75
949 -62
950 -73
951 -62
952 -73
953 -76
954 -73
955 -75
956 -73
957 -70
958 -74
959 -62
960 -73
961 -76
962 -62
963 -75
964 -76
965 -70
966 -62
967 -62
968 -122
969 -5020
970 -6178
971 -70
972 -60
973 -70
974 -60
975 -76
976 -287
977 -588
978 -62
979 -76
980 -75
981 -1014
982 -60
983 -62
984 -488
985 -895
986 -4109
987 -76
988 -431
989 -340
990 -74
991 -62
992 -76
993 -62
994 -452
995 -73
996 -3607
997 -60
998 -60
999 -76
