0 -74
1 -71
2 -73
3 -1964
4 -74
5 -29
6 -746
7 -68
8 -46
9 -68
10 -46
11 -1162
12 -74
13 -83
14 -74
15 -778
16 -3537
17 -1765
18 -74
19 -1682
20 -47
21 -72
22 -35
23 -4216
24 -74
25 -3787
26 -53
27 -85
28 -362
29 -68
30 -1022
31 -46
32 -12750
33 -68
34 -480
35 -29
36 -41
37 -4633
38 -74
39 -35
40 -41
41 -2063
42 -6652
43 -73
44 -73
45 -73
46 -107
47 -483
48 -68
49 -3708
50 -73
51 -74
52 -54
53 -54
54 -63
55 -68
56 -3942
57 -72
58 -68
59 -65
60 -46
61 -73
62 -68
63 -68
64 -3665
65 -45
66 -1982
67 -41
68 -41
69 -74
70 -41
71 -72
72 -174
73 -72
74 -2787
75 -73
76 -1668
77 -2984
78 -33
79 -712
80 -74
81 -74
82 -34
83 -1437
84 -66
85 -72
86 -51
87 -6793
88 -74
89 -622
90 -78
91 -68
92 -1222
93 -74
94 -1042
95 -72
96 -43
97 -74
98 -46
99 -55
100 -1263
101 -1252
102 -74
103 -74
104 -68
105 -73
106 -276
107 -259
108 -74
109 -30
110 -74
111 -109
112 -74
113 -647
114 -73
115 -51
116 -144
117 -79
118 -205
119 -73
120 -46
121 -74
122 -68
123 -46
124 -2802
125 -1471
126 -74
127 -72
128 -6391
129 -67
130 -2117
131 -41
132 -781
133 -87
134 -396
135 -74
136 -73
137 -4237
138 -68
139 -3262
140 -72
141 -186
142 -73
143 -1116
144 -1412
145 -74
146 -1856
147 -78
148 -46
149 -145
150 -68
151 -40
152 -73
153 -73
154 -235
155 -1207
156 -31
157 -73
158 -228
159 -72
160 -74
161 -73
162 -3402
163 -60
164 -74
165 -68
166 -68
167 -46
168 -1948
169 -2884
170 -659
171 -68
172 -72
173 -74
174 -72
175 -40
176 -72
177 -72
178 -1042
179 -2392
180 -62
181 -72
182 -68
183 -72
184 -177
185 -73
186 -72
187 -68
188 -30
189 -46
190 -1471
191 -74
192 -6117
193 -74
194 -73
195 -58
196 -72
197 -57
198 -181
199 -68
200 -69
201 -366
202 -72
203 -74
204 -78
205 -73
206 -76
207 -74
208 -2507
209 -617
210 -68
211 -2297
212 -68
213 -74
214 -353
215 -69
216 -74
217 -599
218 -114
219 -73
220 -1625
221 -73
222 -1012
223 -1097
224 -35
225 -1347
226 -73
227 -74
228 -74
229 -41
230 -74
231 -68
232 -74
233 -2022
234 -68
235 -2572
236 -48
237 -39
238 -32
239 -432
240 -1652
241 -712
242 -212
243 -398
244 -72
245 -362
246 -74
247 -63
248 -74
249 -74
250 -74
251 -68
252 -73
253 -55
254 -53
255 -662
256 -261
257 -73
258 -41
259 -53
260 -74
261 -1633
262 -218
263 -392
264 -68
265 -189
266 -79
267 -84
268 -67
269 -74
270 -74
271 -74
272 -74
273 -43
274 -73
275 -3122
276 -1501
277 -72
278 -1681
279 -40
280 -72
281 -74
282 -9339
283 -508
284 -153
285 -73
286 -73
287 -1372
288 -4042
289 -251
290 -68
291 -72
292 -24
293 -4567
294 -72
295 -68
296 -85
297 -46
298 -7148
299 -1172
300 -74
301 -68
302 -3431
303 -2113
304 -68
305 -255
306 -857
307 -74
308 -203
309 -74
310 -68
311 -53
312 -68
313 -46
314 -1057
315 -74
316 -543
317 -73
318 -70
319 -68
320 -74
321 -4302
322 -73
323 -37
324 -50
325 -1762
326 -74
327 -52
328 -74
329 -73
330 -74
331 -5913
332 -74
333 -53
334 -149
335 -46
336 -74
337 -545
338 -268
339 -59
340 -74
341 -2837
342 -35
343 -73
344 -243
345 -59
346 -1232
347 -72
348 -74
349 -60
350 -74
351 -143
352 -74
353 -68
354 -68
355 -81
356 -72
357 -268
358 -497
359 -4087
360 -74
361 -262
362 -74
363 -72
364 -72
365 -3712
366 -72
367 -132
368 -64
369 -74
370 -1513
371 -74
372 -72
373 -72
374 -1766
375 -1591
376 -72
377 -2107
378 -46
379 -73
380 -74
381 -48
382 -46
383 -35
384 -68
385 -347
386 -74
387 -660
388 -409
389 -56
390 -72
391 -72
392 -74
393 -74
394 -73
395 -2064
396 -617
397 -82
398 -65
399 -74
400 -73
401 -144
402 -72
403 -72
404 -74
405 -74
406 -46
407 -27
408 -74
409 -282
410 -3000
411 -74
412 -59
413 -84
414 -171
415 -3977
416 -68
417 -2434
418 -68
419 -74
420 -74
421 -53
422 -355
423 -2897
424 -49
425 -74
426 -3166
427 -50
428 -74
429 -49
430 -73
431 -2319
432 -74
433 -73
434 -273
435 -72
436 -127
437 -182
438 -73
439 -456
440 -29
441 -73
442 -4961
443 -74
444 -72
445 -62
446 -68
447 -72
448 -48
449 -329
450 -32
451 -68
452 -41
453 -46
454 -37
455 -72
456 -72
457 -68
458 -72
459 -44
460 -74
461 -71
462 -2342
463 -68
464 -72
465 -73
466 -72
467 -74
468 -74
469 -68
470 -74
471 -73
472 -73
473 -73
474 -74
475 -567
476 -637
477 -72
478 -1617
479 -73
480 -33
481 -112
482 -214
483 -72
484 -53
485 -68
486 -168
487 -1087
488 -68
489 -241
490 -107
491 -62
492 -41
493 -22
494 -622
495 -74
496 -68
497 -66
498 -74
499 -74
500 -68
501 -2104
502 -5402
503 -68
504 -4214
505 -72
506 -74
507 -752
508 -74
509 -74
510 -68
511 -35
512 -72
513 -72
514 -1908
515 -74
516 -72
517 -46
518 -73
519 -59
520 -46
521 -69
522 -542
523 -74
524 -74
525 -74
526 -238
527 -72
528 -72
529 -74
530 -52
531 -63
532 -2049
533 -276
534 -94
535 -68
536 -3921
537 -74
538 -68
539 -74
540 -74
541 -2259
542 -76
543 -1004
544 -72
545 -40
546 -74
547 -46
548 -72
549 -1072
550 -164
551 -35
552 -39
553 -1623
554 -74
555 -74
556 -74
557 -1292
558 -74
559 -2955
560 -59
561 -46
562 -3075
563 -72
564 -73
565 -74
566 -73
567 -2549
568 -393
569 -68
570 -35
571 -73
572 -41
573 -72
574 -72
575 -41
576 -2518
577 -127
578 -2197
579 -68
580 -74
581 -27
582 -74
583 -68
584 -73
585 -71
586 -41
587 -1190
588 -179
589 -68
590 -74
591 -73
592 -31
593 -2742
594 -74
595 -1773
596 -3727
597 -283
598 -68
599 -73
600 -390
601 -35
602 -58
603 -1086
604 -48
605 -74
606 -3752
607 -212
608 -89
609 -84
610 -876
611 -74
612 -73
613 -79
614 -72
615 -73
616 -73
617 -44
618 -68
619 -1812
620 -72
621 -2572
622 -3392
623 -69
624 -68
625 -550
626 -612
627 -73
628 -52
629 -73
630 -68
631 -4627
632 -35
633 -68
634 -72
635 -74
636 -68
637 -74
638 -74
639 -44
640 -72
641 -49
642 -73
643 -3373
644 -74
645 -1042
646 -7379
647 -127
648 -74
649 -1358
650 -36
651 -73
652 -41
653 -74
654 -41
655 -74
656 -48
657 -46
658 -73
659 -136
660 -73
661 -47
662 -348
663 -73
664 -74
665 -46
666 -72
667 -74
668 -74
669 -259
670 -74
671 -3687
672 -547
673 -49
674 -54
675 -73
676 -72
677 -222
678 -46
679 -52
680 -2977
681 -74
682 -72
683 -6054
684 -74
685 -72
686 -72
687 -1012
688 -2722
689 -5526
690 -352
691 -74
692 -72
693 -897
694 -135
695 -72
696 -74
697 -1327
698 -41
699 -74
700 -73
701 -74
702 -39
703 -74
704 -867
705 -173
706 -74
707 -72
708 -39
709 -72
710 -39
711 -68
712 -36
713 -73
714 -69
715 -268
716 -135
717 -63
718 -72
719 -41
720 -72
721 -73
722 -6962
723 -214
724 -3991
725 -68
726 -74
727 -2392
728 -68
729 -74
730 -68
731 -5498
732 -74
733 -48
734 -27
735 -397
736 -72
737 -6900
738 -57
739 -508
740 -4835
741 -1817
742 -74
743 -1052
744 -107
745 -28
746 -387
747 -365
748 -74
749 -44
750 -72
751 -1107
752 -46
753 -41
754 -74
755 -67
756 -41
757 -46
758 -2580
759 -41
760 -74
761 -64
762 -40
763 -72
764 -74
765 -2712
766 -74
767 -202
768 -41
769 -49
770 -46
771 -74
772 -77
773 -53
774 -40
775 -74
776 -72
777 -74
778 -73
779 -2780
780 -1438
781 -74
782 -74
783 -46
784 -74
785 -188
786 -56
787 -46
788 -25
789 -72
790 -68
791 -724
792 -121
793 -1021
794 -75
795 -47
796 -68
797 -51
798 -35
799 -57
800 -41
801 -73
802 -72
803 -475
804 -997
805 -54
806 -38
807 -4321
808 -68
809 -250
810 -46
811 -743
812 -259
813 -132
814 -74
815 -42
816 -74
817 -1894
818 -74
819 -1543
820 -297
821 -1633
822 -452
823 -41
824 -72
825 -68
826 -70
827 -35
828 -2337
829 -72
830 -72
831 -68
832 -73
833 -41
834 -68
835 -833
836 -74
837 -68
838 -73
839 -792
840 -74
841 -4285
842 -1092
843 -3524
844 -68
845 -40
846 -1891
847 -567
848 -68
849 -12971
850 -4257
851 -38
852 -63
853 -43
854 -1305
855 -57
856 -74
857 -73
858 -74
859 -953
860 -68
861 -54
862 -46
863 -74
864 -68
865 -73
866 -2011
867 -1605
868 -72
869 -74
870 -68
871 -74
872 -35
873 -74
874 -2322
875 -74
876 -46
877 -73
878 -39
879 -73
880 -6348
881 -349
882 -1807
883 -40
884 -74
885 -72
886 -46
887 -68
888 -74
889 -40
890 -74
891 -73
892 -68
893 -361
894 -74
895 -73
896 -41
897 -46
898 -74
899 -43
900 -68
901 -74
902 -248
903 -80
904 -74
905 -164
906 -68
907 -277
908 -68
909 -706
910 -74
911 -3998
912 -70
913 -39
914 -587
915 -135
916 -1131
917 -74
918 -46
919 -73
920 -74
921 -72
922 -174
923 -48
924 -41
925 -72
926 -58
927 -2647
928 -72
929 -74
930 -74
931 -501
932 -46
933 -68
934 -53
935 -69
936 -45
937 -74
938 -1976
939 -452
940 -74
941 -85
942 -73
943 -68
944 -73
945 -41
946 -437
947 -73
948 -566
949 -73
950 -74
951 -41
952 -8235
953 -72
954 -497
955 -30
956 -72
957 -45
958 -83
959 -68
960 -2942
961 -51
962 -710
963 -72
964 -73
965 -72
966 -53
967 -2762
968 -389
969 -61
970 -73
971 -68
972 -74
973 -4509
974 -236
975 -64
976 -696
977 -6566
978 -73
979 -68
980 -73
981 -45
982 -27
983 -46
984 -68
985 -394
986 -72
987 -45
988 -3471
989 -3796
990 -68
991 -2242
992 -46
993 -2477
994 -68
995 -197
996 -41
997 -39
998 -3822
999 -73
