0 -60
1 -73
2 -76
3 -70
4 -143
5 -76
6 -70
7 -75
8 -4782
9 -60
10 -74
11 -74
12 -75
13 -73
14 -4944
15 -74
16 -60
17 -60
18 -73
19 -76
20 -75
21 -84
22 -60
23 -73
24 -60
25 -73
26 -40
27 -76
28 -70
29 -621
30 -62
31 -62
32 -73
33 -74
34 -58
35 -74
36 -1850
37 -1053
38 -337
39 -58
40 -75
41 -74
42 -76
43 -58
44 -7064
45 -311
46 -62
47 -75
48 -75
49 -50
50 -58
51 -74
52 -75
53 -73
54 -62
55 -1996
56 -61
57 -70
58 -74
59 -61
60 -73
61 -62
62 -58
63 -70
64 -73
65 -520
66 -62
67 -62
68 -60
69 -75
70 -62
71 -58
72 -445
73 -60
74 -258
75 -75
76 -70
77 -60
78 -58
79 -68
80 -63
81 -76
82 -2179
83 -62
84 -74
85 -75
86 -53
87 -1213
88 -62
89 -199
90 -75
91 -74
92 -58
93 -73
94 -58
95 -70
96 -60
97 -400
98 -70
99 -70
100 -73
101 -64
102 -75
103 -75
104 -75
105 -74
106 -681
107 -70
108 -90
109 -70
110 -74
111 -398
112 -73
113 -70
114 -60
115 -63
116 -75
117 -58
118 -90
119 -62
120 -75
121 -75
122 -62
123 -70
124 -60
125 -55
126 -74
127 -70
128 -83
129 -73
130 -533
131 -70
132 -76
133 -75
134 -62
135 -74
136 -73
137 -76
138 -62
139 -75
140 -73
141 -50
142 -464
143 -75
144 -74
145 -58
146 -76
147 -74
148 -73
149 -62
150 -76
151 -73
152 -108
153 -75
154 -78
155 -74
156 -76
157 -70
158 -75
159 -60
160 -75
161 -80
162 -76
163 -73
164 -70
165 -75
166 -62
167 -60
168 -75
169 -73
170 -58
171 -76
172 -62
173 -764
174 -58
175 -58
176 -519
177 -62
178 -70
179 -75
180 -73
181 -75
182 -62
183 -74
184 -75
185 -75
186 -74
187 -82
188 -60
189 -220
190 -75
191 -454
192 -73
193 -70
194 -366
195 -74
196 -60
197 -60
198 -70
199 -55
200 -70
201 -73
202 -71
203 -62
204 -60
205 -73
206 -75
207 -342
208 -58
209 -62
210 -112
211 -70
212 -74
213 -75
214 -74
215 -75
216 -75
217 -70
218 -74
219 -70
220 -73
221 -75
222 -64
223 -75
224 -76
225 -73
226 -74
227 -141
228 -75
229 -280
230 -58
231 -74
232 -60
233 -60
234 -63
235 -73
236 -70
237 -70
238 -75
239 -73
240 -62
241 -75
242 -73
243 -62
244 -60
245 -76
246 -204
247 -73
248 -211
249 -58
250 -45
251 -819
252 -73
253 -82
254 -75
255 -1055
256 -108
257 -88
258 -404
259 -75
260 -62
261 -58
262 -70
263 -73
264 -70
265 -75
266 -3753
267 -60
268 -62
269 -60
270 -76
271 -55
272 -74
273 -76
274 -74
275 -2650
276 -63
277 -209
278 -75
279 -314
280 -70
281 -75
282 -62
283 -75
284 -75
285 -76
286 -5624
287 -3039
288 -70
289 -62
290 -75
291 -58
292 -347
293 -74
294 -62
295 -70
296 -80
297 -73
298 -60
299 -68
300 -58
301 -75
302 -75
303 -73
304 -58
305 -1465
306 -397
307 -75
308 -75
309 -75
310 -60
311 -2129
312 -76
313 -144
314 -242
315 -75
316 -60
317 -200
318 -4972
319 -62
320 -75
321 -58
322 -70
323 -74
324 -844
325 -70
326 -58
327 -70
328 -76
329 -269
330 -75
331 -4470
332 -156
333 -70
334 -62
335 -58
336 -108
337 -77
338 -75
339 -75
340 -67
341 -75
342 -74
343 -68
344 -61
345 -70
346 -75
347 -70
348 -73
349 -58
350 -60
351 -74
352 -75
353 -74
354 -73
355 -58
356 -3015
357 -58
358 -76
359 -58
360 -70
361 -75
362 -70
363 -75
364 -58
365 -62
366 -76
367 -76
368 -70
369 -60
370 -76
371 -58
372 -74
373 -70
374 -62
375 -74
376 -222
377 -58
378 -60
379 -76
380 -60
381 -631
382 -589
383 -60
384 -336
385 -1022
386 -62
387 -60
388 -75
389 -78
390 -75
391 -75
392 -71
393 -73
394 -75
395 -70
396 -73
397 -3124
398 -75
399 -3843
400 -71
401 -74
402 -60
403 -74
404 -338
405 -75
406 -60
407 -62
408 -60
409 -70
410 -64
411 -60
412 -58
413 -2465
414 -75
415 -707
416 -138
417 -74
418 -74
419 -5208
420 -70
421 -74
422 -70
423 -75
424 -60
425 -70
426 -75
427 -75
428 -73
429 -60
430 -103
431 -60
432 -73
433 -994
434 -58
435 -75
436 -75
437 -75
438 -76
439 -58
440 -76
441 -65
442 -129
443 -76
444 -3578
445 -2670
446 -75
447 -247
448 -60
449 -8877
450 -70
451 -70
452 -244
453 -75
454 -212
455 -60
456 -188
457 -58
458 -75
459 -76
460 -76
461 -73
462 -75
463 -74
464 -74
465 -58
466 -76
467 -58
468 -134
469 -70
470 -130
471 -60
472 -74
473 -73
474 -70
475 -76
476 -2129
477 -76
478 -76
479 -74
480 -58
481 -62
482 -584
483 -75
484 -74
485 -75
486 -58
487 -692
488 -75
489 -73
490 -66
491 -70
492 -76
493 -70
494 -75
495 -481
496 -60
497 -75
498 -75
499 -4117
500 -75
501 -71
502 -70
503 -75
504 -80
505 -75
506 -70
507 -58
508 -424
509 -74
510 -70
511 -70
512 -62
513 -75
514 -73
515 -60
516 -62
517 -288
518 -73
519 -7778
520 -962
521 -4905
522 -60
523 -75
524 -62
525 -221
526 -78
527 -14
528 -76
529 -76
530 -60
531 -62
532 -76
533 -97
534 -70
535 -75
536 -2411
537 -76
538 -3521
539 -78
540 -52
541 -587
542 -73
543 -60
544 -75
545 -75
546 -62
547 -75
548 -60
549 -76
550 -5311
551 -60
552 -75
553 -189
554 -74
555 -75
556 -308
557 -60
558 -58
559 -73
560 -75
561 -70
562 -62
563 -75
564 -70
565 -76
566 -73
567 -75
568 -60
569 -70
570 -75
571 -62
572 -60
573 -68
574 -70
575 -73
576 -60
577 -75
578 -958
579 -76
580 -62
581 -62
582 -566
583 -73
584 -70
585 -70
586 -73
587 -74
588 -73
589 -73
590 -74
591 -60
592 -60
593 -73
594 -62
595 -409
596 -73
597 -62
598 -60
599 -70
600 -58
601 -60
602 -60
603 -75
604 -78
605 -298
606 -543
607 -60
608 -76
609 -70
610 -75
611 -76
612 -60
613 -75
614 -75
615 -70
616 -99
617 -634
618 -75
619 -78
620 -75
621 -2330
622 -76
623 -75
624 -79
625 -70
626 -58
627 -74
628 -74
629 -58
630 -60
631 -62
632 -67
633 -60
634 -74
635 -60
636 -69
637 -76
638 -73
639 -58
640 -62
641 -153
642 -60
643 -60
644 -39
645 -75
646 -371
647 -74
648 -64
649 -75
650 -763
651 -76
652 -75
653 -75
654 -3387
655 -74
656 -75
657 -62
658 -76
659 -1575
660 -70
661 -62
662 -75
663 -75
664 -73
665 -189
666 -70
667 -62
668 -62
669 -73
670 -62
671 -75
672 -75
673 -62
674 -75
675 -75
676 -76
677 -75
678 -75
679 -74
680 -75
681 -70
682 -62
683 -62
684 -73
685 -78
686 -69
687 -80
688 -262
689 -139
690 -73
691 -291
692 -344
693 -75
694 -75
695 -74
696 -62
697 -58
698 -655
699 -58
700 -75
701 -75
702 -74
703 -351
704 -63
705 -58
706 -74
707 -73
708 -76
709 -75
710 -262
711 -74
712 -73
713 -94
714 -75
715 -76
716 -75
717 -76
718 -74
719 -58
720 -217
721 -62
722 -75
723 -74
724 -74
725 -75
726 -60
727 -60
728 -183
729 -503
730 -75
731 -75
732 -3391
733 -75
734 -65
735 -60
736 -75
737 -60
738 -58
739 -75
740 -70
741 -70
742 -58
743 -1765
744 -74
745 -75
746 -75
747 -60
748 -75
749 -1647
750 -60
751 -75
752 -76
753 -81
754 -1574
755 -75
756 -73
757 -62
758 -74
759 -60
760 -75
761 -131
762 -589
763 -76
764 -76
765 -75
766 -75
767 -75
768 -70
769 -5468
770 -58
771 -74
772 -73
773 -62
774 -75
775 -75
776 -70
777 -73
778 -70
779 -76
780 -60
781 -60
782 -62
783 -76
784 -75
785 -65
786 -60
787 -60
788 -58
789 -75
790 -773
791 -75
792 -75
793 -60
794 -3463
795 -75
796 -75
797 -75
798 -75
799 -75
800 -354
801 -60
802 -58
803 -134
804 -380
805 -62
806 -74
807 -79
808 -79
809 -70
810 -58
811 -76
812 -62
813 -73
814 -76
815 -75
816 -52
817 -75
818 -70
819 -76
820 -75
821 -76
822 -76
823 -85
824 -251
825 -75
826 -76
827 -6707
828 -64
829 -70
830 -79
831 -74
832 -76
833 -70
834 -73
835 -76
836 -73
837 -62
838 -73
839 -67
840 -75
841 -174
842 -76
843 -1301
844 -62
845 -73
846 -74
847 -58
848 -66
849 -74
850 -62
851 -74
852 -60
853 -60
854 -62
855 -75
856 -6269
857 -62
858 -60
859 -58
860 -76
861 -70
862 -566
863 -62
864 -76
865 -75
866 -622
867 -75
868 -62
869 -73
870 -62
871 -134
872 -58
873 -73
874 -58
875 -58
876 -62
877 -75
878 -131
879 -60
880 -682
881 -77
882 -75
883 -75
884 -62
885 -73
886 -70
887 -60
888 -70
889 -70
890 -75
891 -75
892 -58
893 -426
894 -74
895 -74
896 -62
897 -75
898 -74
899 -62
900 -347
901 -73
902 -76
903 -62
904 -76
905 -60
906 -58
907 -58
908 -1908
909 -75
910 -62
911 -74
912 -75
913 -70
914 -73
915 -76
916 -98
917 -54
918 -74
919 -76
920 -73
921 -76
922 -58
923 -75
924 -75
925 -62
926 -58
927 -74
928 -62
929 -75
930 -75
931 -74
932 -276
933 -76
934 -74
935 -544
936 -70
937 -75
938 -410
939 -75
940 -269
941 -70
942 -76
943 -75
944 -73
945 -75
946 -75
947 -62
948 -75
949 -75
950 -75
951 -70
952 -70
953 -62
954 -1931
955 -2478
956 -79
957 -73
958 -78
959 -70
960 -218
961 -75
962 -74
963 -75
964 -103
965 -75
966 -58
967 -75
968 -248
969 -60
970 -75
971 -75
972 -74
973 -975
974 -70
975 -70
976 -62
977 -942
978 -81
979 -60
980 -75
981 -2325
982 -236
983 -60
984 -75
985 -75
986 -172
987 -58
988 -70
989 -74
990 -77
991 -62
992 -75
993 -70
994 -75
995 -1704
996 -76
997 -60
998 -165
999 -58
