0 -62
1 -70
2 -400
3 -75
4 -74
5 -74
6 -366
7 -73
8 -74
9 -74
10 -74
11 -76
12 -70
13 -70
14 -74
15 -73
16 -75
17 -75
18 -445
19 -254
20 -73
21 -70
22 -75
23 -76
24 -1908
25 -75
26 -75
27 -67
28 -75
29 -287
30 -75
31 -75
32 -70
33 -62
34 -148
35 -124
36 -70
37 -60
38 -81
39 -70
40 -62
41 -62
42 -62
43 -76
44 -74
45 -74
46 -75
47 -73
48 -62
49 -75
50 -2391
51 -75
52 -70
53 -62
54 -73
55 -75
56 -75
57 -76
58 -75
59 -73
60 -76
61 -691
62 -60
63 -73
64 -74
65 -75
66 -75
67 -70
68 -70
69 -60
70 -75
71 -125
72 -75
73 -76
74 -74
75 -74
76 -73
77 -76
78 -62
79 -60
80 -74
81 -60
82 -74
83 -62
84 -75
85 -60
86 -70
87 -60
88 -60
89 -76
90 -75
91 -180
92 -73
93 -70
94 -62
95 -127
96 -71
97 -75
98 -75
99 -76
100 -60
101 -80
102 -75
103 -75
104 -73
105 -70
106 -70
107 -62
108 -62
109 -2625
110 -70
111 -74
112 -57
113 -60
114 -75
115 -62
116 -62
117 -70
118 -73
119 -75
120 -11043
121 -81
122 -62
123 -62
124 -76
125 -70
126 -75
127 -76
128 -72
129 -71
130 -62
131 -73
132 -73
133 -70
134 -76
135 -60
136 -60
137 -453
138 -62
139 -62
140 -75
141 -60
142 -76
143 -70
144 -432
145 -73
146 -60
147 -70
148 -75
149 -60
150 -70
151 -73
152 -299
153 -74
154 -75
155 -67
156 -74
157 -60
158 -75
159 -75
160 -75
161 -74
162 -1398
163 -62
164 -1131
165 -62
166 -76
167 -74
168 -74
169 -74
170 -75
171 -76
172 -70
173 -73
174 -285
175 -187
176 -73
177 -62
178 -325
179 -60
180 -75
181 -60
182 -73
183 -187
184 -74
185 -73
186 -75
187 -62
188 -62
189 -632
190 -62
191 -60
192 -591
193 -1121
194 -62
195 -62
196 -76
197 -70
198 -76
199 -60
200 -62
201 -73
202 -75
203 -76
204 -74
205 -75
206 -75
207 -75
208 -76
209 -74
210 -74
211 -62
212 -75
213 -74
214 -74
215 -75
216 -60
217 -416
218 -60
219 -62
220 -74
221 -356
222 -74
223 -62
224 -76
225 -73
226 -62
227 -62
228 -60
229 -75
230 -60
231 -75
232 -75
233 -60
234 -73
235 -70
236 -62
237 -70
238 -70
239 -73
240 -76
241 -60
242 -189
243 -70
244 -909
245 -62
246 -70
247 -62
248 -74
249 -74
250 -60
251 -74
252 -67
253 -62
254 -62
255 -76
256 -60
257 -76
258 -62
259 -143
260 -75
261 -60
262 -62
263 -75
264 -255
265 -60
266 -60
267 -220
268 -70
269 -60
270 -75
271 -203
272 -76
273 -527
274 -319
275 -75
276 -75
277 -283
278 -882
279 -75
280 -512
281 -76
282 -62
283 -62
284 -73
285 -102
286 -62
287 -245
288 -75
289 -62
290 -59
291 -76
292 -76
293 -76
294 -74
295 -73
296 -75
297 -75
298 -75
299 -62
300 -76
301 -74
302 -74
303 -76
304 -75
305 -75
306 -62
307 -75
308 -73
309 -60
310 -60
311 -74
312 -70
313 -75
314 -1486
315 -70
316 -227
317 -62
318 -60
319 -73
320 -75
321 -1350
322 -75
323 -70
324 -70
325 -73
326 -60
327 -75
328 -76
329 -299
330 -75
331 -73
332 -62
333 -60
334 -86
335 -76
336 -437
337 -62
338 -73
339 -74
340 -75
341 -62
342 -5476
343 -176
344 -62
345 -62
346 -75
347 -62
348 -70
349 -129
350 -62
351 -110
352 -76
353 -62
354 -62
355 -73
356 -75
357 -62
358 -75
359 -74
360 -62
361 -76
362 -230
363 -94
364 -74
365 -75
366 -90
367 -77
368 -71
369 -3371
370 -73
371 -60
372 -70
373 -76
374 -75
375 -114
376 -60
377 -60
378 -70
379 -76
380 -76
381 -62
382 -62
383 -75
384 -70
385 -75
386 -70
387 -70
388 -70
389 -62
390 -73
391 -76
392 -76
393 -70
394 -4561
395 -62
396 -395
397 -75
398 -62
399 -75
400 -75
401 -55
402 -73
403 -76
404 -62
405 -74
406 -76
407 -75
408 -73
409 -70
410 -73
411 -74
412 -74
413 -75
414 -75
415 -60
416 -74
417 -209
418 -62
419 -75
420 -70
421 -70
422 -75
423 -60
424 -62
425 -68
426 -74
427 -75
428 -70
429 -75
430 -75
431 -567
432 -67
433 -73
434 -74
435 -75
436 -76
437 -60
438 -75
439 -73
440 -70
441 -62
442 -835
443 -73
444 -70
445 -75
446 -265
447 -74
448 -74
449 -62
450 -1368
451 -74
452 -60
453 -41
454 -75
455 -2453
456 -62
457 -5771
458 -60
459 -75
460 -273
461 -62
462 -62
463 -74
464 -60
465 -966
466 -76
467 -60
468 -60
469 -77
470 -98
471 -70
472 -519
473 -890
474 -62
475 -74
476 -99
477 -60
478 -70
479 -86
480 -73
481 -60
482 -70
483 -74
484 -74
485 -70
486 -62
487 -73
488 -173
489 -73
490 -74
491 -75
492 -75
493 -76
494 -73
495 -76
496 -75
497 -60
498 -60
499 -343
500 -62
501 -62
502 -75
503 -60
504 -76
505 -74
506 -60
507 -62
508 -75
509 -62
510 -78
511 -70
512 -62
513 -75
514 -74
515 -70
516 -62
517 -73
518 -70
519 -881
520 -75
521 -75
522 -70
523 -62
524 -832
525 -76
526 -98
527 -70
528 -118
529 -73
530 -75
531 -76
532 -60
533 -62
534 -74
535 -442
536 -75
537 -74
538 -75
539 -69
540 -62
541 -70
542 -76
543 -60
544 -62
545 -70
546 -74
547 -73
548 -73
549 -73
550 -60
551 -76
552 -3463
553 -60
554 -60
555 -74
556 -60
557 -62
558 -115
559 -70
560 -70
561 -62
562 -76
563 -741
564 -75
565 -62
566 -11387
567 -62
568 -62
569 -70
570 -73
571 -73
572 -75
573 -74
574 -62
575 -76
576 -62
577 -75
578 -76
579 -67
580 -164
581 -70
582 -73
583 -75
584 -58
585 -75
586 -79
587 -76
588 -2721
589 -76
590 -228
591 -60
592 -74
593 -74
594 -70
595 -60
596 -146
597 -3611
598 -60
599 -802
600 -705
601 -73
602 -201
603 -60
604 -62
605 -74
606 -74
607 -74
608 -70
609 -73
610 -62
611 -529
612 -62
613 -75
614 -183
615 -62
616 -75
617 -75
618 -60
619 -408
620 -60
621 -114
622 -103
623 -60
624 -74
625 -74
626 -73
627 -1031
628 -60
629 -62
630 -74
631 -62
632 -62
633 -60
634 -74
635 -57
636 -62
637 -75
638 -75
639 -75
640 -178
641 -60
642 -75
643 -75
644 -62
645 -70
646 -69
647 -62
648 -73
649 -1302
650 -62
651 -74
652 -74
653 -74
654 -75
655 -76
656 -73
657 -121
658 -62
659 -60
660 -60
661 -73
662 -76
663 -70
664 -75
665 -7894
666 -73
667 -75
668 -62
669 -509
670 -74
671 -3753
672 -75
673 -62
674 -70
675 -62
676 -75
677 -73
678 -62
679 -277
680 -76
681 -74
682 -70
683 -74
684 -73
685 -62
686 -73
687 -62
688 -74
689 -62
690 -79
691 -64
692 -506
693 -113
694 -73
695 -70
696 -75
697 -77
698 -76
699 -170
700 -73
701 -62
702 -70
703 -74
704 -73
705 -75
706 -410
707 -60
708 -62
709 -75
710 -76
711 -62
712 -395
713 -62
714 -74
715 -60
716 -75
717 -65
718 -75
719 -390
720 -73
721 -66
722 -60
723 -74
724 -75
725 -60
726 -75
727 -70
728 -73
729 -475
730 -70
731 -60
732 -62
733 -62
734 -73
735 -62
736 -74
737 -70
738 -73
739 -135
740 -83
741 -76
742 -75
743 -70
744 -75
745 -74
746 -76
747 -4234
748 -76
749 -73
750 -74
751 -75
752 -60
753 -295
754 -76
755 -75
756 -75
757 -76
758 -206
759 -73
760 -73
761 -74
762 -74
763 -70
764 -74
765 -74
766 -2025
767 -75
768 -1820
769 -60
770 -298
771 -75
772 -80
773 -76
774 -75
775 -61
776 -70
777 -72
778 -73
779 -73
780 -75
781 -75
782 -74
783 -70
784 -62
785 -75
786 -60
787 -62
788 -1655
789 -76
790 -75
791 -62
792 -75
793 -62
794 -79
795 -74
796 -75
797 -75
798 -62
799 -193
800 -60
801 -75
802 -60
803 -73
804 -48
805 -304
806 -70
807 -73
808 -69
809 -60
810 -74
811 -70
812 -60
813 -73
814 -1699
815 -73
816 -60
817 -73
818 -89
819 -62
820 -247
821 -62
822 -73
823 -60
824 -425
825 -75
826 -75
827 -62
828 -60
829 -73
830 -62
831 -62
832 -1208
833 -1382
834 -60
835 -75
836 -76
837 -63
838 -231
839 -510
840 -62
841 -70
842 -60
843 -73
844 -73
845 -74
846 -52
847 -34
848 -263
849 -74
850 -75
851 -76
852 -143
853 -75
854 -88
855 -416
856 -81
857 -62
858 -75
859 -62
860 -70
861 -59
862 -73
863 -150
864 -70
865 -75
866 -74
867 -74
868 -62
869 -178
870 -73
871 -138
872 -75
873 -73
874 -229
875 -60
876 -62
877 -62
878 -80
879 -62
880 -1335
881 -74
882 -70
883 -1405
884 -75
885 -76
886 -70
887 -268
888 -65
889 -70
890 -74
891 -73
892 -76
893 -76
894 -76
895 -75
896 -62
897 -75
898 -75
899 -217
900 -74
901 -75
902 -123
903 -73
904 -170
905 -70
906 -75
907 -74
908 -73
909 -70
910 -70
911 -76
912 -74
913 -75
914 -74
915 -61
916 -62
917 -286
918 -62
919 -60
920 -371
921 -74
922 -62
923 -74
924 -74
925 -62
926 -70
927 -174
928 -70
929 -503
930 -75
931 -74
932 -55
933 -62
934 -62
935 -74
936 -75
937 -76
938 -62
939 -70
940 -73
941 -74
942 -60
943 -76
944 -62
945 -226
946 -73
947 -75
948 -75
949 -421
950 -75
951 -75
952 -62
953 -74
954 -76
955 -74
956 -62
957 -61
958 -76
959 -73
960 -70
961 -4197
962 -74
963 -453
964 -73
965 -279
966 -70
967 -75
968 -73
969 -39
970 -4548
971 -62
972 -73
973 -561
974 -60
975 -73
976 -151
977 -74
978 -70
979 -75
980 -76
981 -76
982 -60
983 -73
984 -74
985 -62
986 -73
987 -76
988 -62
989 -76
990 -62
991 -75
992 -74
993 -62
994 -75
995 -75
996 -76
997 -62
998 -75
999 -73
