0 -73
1 -70
2 -51
3 -78
4 -75
5 -75
6 -74
7 -76
8 -86
9 -62
10 -58
11 -62
12 -36
13 -2136
14 -332
15 -76
16 -73
17 -150
18 -70
19 -2754
20 -104
21 -82
22 -70
23 -58
24 -140
25 -76
26 -76
27 -58
28 -31
29 -80
30 -75
31 -73
32 -49
33 -76
34 -70
35 -75
36 -76
37 -183
38 -74
39 -74
40 -75
41 -74
42 -75
43 -70
44 -76
45 -358
46 -76
47 -70
48 -75
49 -74
50 -75
51 -70
52 -74
53 -62
54 -70
55 -36
56 -75
57 -73
58 -76
59 -74
60 -57
61 -76
62 -128
63 -70
64 -73
65 -62
66 -62
67 -74
68 -73
69 -425
70 -73
71 -70
72 -75
73 -70
74 -62
75 -75
76 -58
77 -70
78 -62
79 -73
80 -75
81 -75
82 -75
83 -75
84 -76
85 -70
86 -69
87 -73
88 -215
89 -70
90 -76
91 -70
92 -75
93 -74
94 -41
95 -36
96 -62
97 -298
98 -655
99 -75
100 -74
101 -75
102 -73
103 -5793
104 -94
105 -76
106 -79
107 -367
108 -4076
109 -135
110 -64
111 -75
112 -76
113 -257
114 -70
115 -79
116 -288
117 -75
118 -74
119 -73
120 -58
121 -75
122 -74
123 -69
124 -74
125 -560
126 -38
127 -70
128 -298
129 -75
130 -379
131 -73
132 -62
133 -75
134 -75
135 -76
136 -62
137 -75
138 -75
139 -74
140 -76
141 -3294
142 -75
143 -70
144 -392
145 -74
146 -70
147 -75
148 -62
149 -70
150 -75
151 -73
152 -36
153 -75
154 -74
155 -325
156 -386
157 -75
158 -58
159 -74
160 -124
161 -74
162 -70
163 -70
164 -6683
165 -221
166 -76
167 -70
168 -63
169 -75
170 -75
171 -76
172 -74
173 -76
174 -70
175 -75
176 -949
177 -7429
178 -70
179 -70
180 -70
181 -75
182 -336
183 -75
184 -70
185 -76
186 -1233
187 -73
188 -76
189 -74
190 -70
191 -70
192 -75
193 -73
194 -62
195 -75
196 -49
197 -76
198 -74
199 -90
200 -74
201 -73
202 -70
203 -75
204 -75
205 -75
206 -76
207 -73
208 -62
209 -36
210 -76
211 -70
212 -140
213 -75
214 -170
215 -75
216 -70
217 -73
218 -75
219 -75
220 -73
221 -75
222 -70
223 -74
224 -70
225 -49
226 -73
227 -74
228 -2401
229 -111
230 -114
231 -74
232 -75
233 -70
234 -55
235 -70
236 -58
237 -62
238 -131
239 -70
240 -75
241 -70
242 -34
243 -70
244 -62
245 -632
246 -76
247 -75
248 -70
249 -484
250 -300
251 -62
252 -65
253 -36
254 -53
255 -73
256 -70
257 -70
258 -76
259 -62
260 -62
261 -70
262 -73
263 -53
264 -62
265 -75
266 -2801
267 -75
268 -327
269 -5593
270 -75
271 -70
272 -484
273 -62
274 -73
275 -70
276 -70
277 -75
278 -49
279 -76
280 -70
281 -1750
282 -74
283 -187
284 -58
285 -73
286 -70
287 -93
288 -70
289 -70
290 -70
291 -324
292 -70
293 -70
294 -70
295 -73
296 -299
297 -75
298 -74
299 -73
300 -75
301 -74
302 -76
303 -76
304 -75
305 -235
306 -75
307 -75
308 -98
309 -122
310 -253
311 -58
312 -75
313 -266
314 -73
315 -70
316 -77
317 -1255
318 -73
319 -74
320 -75
321 -70
322 -526
323 -70
324 -209
325 -4581
326 -70
327 -70
328 -76
329 -81
330 -74
331 -65
332 -62
333 -73
334 -70
335 -55
336 -73
337 -53
338 -76
339 -70
340 -123
341 -75
342 -443
343 -73
344 -75
345 -481
346 -70
347 -75
348 -75
349 -79
350 -56
351 -70
352 -70
353 -75
354 -75
355 -450
356 -62
357 -70
358 -70
359 -73
360 -76
361 -70
362 -62
363 -70
364 -70
365 -80
366 -75
367 -75
368 -75
369 -75
370 -70
371 -70
372 -62
373 -107
374 -53
375 -76
376 -228
377 -62
378 -78
379 -70
380 -70
381 -49
382 -70
383 -70
384 -158
385 -75
386 -76
387 -76
388 -70
389 -62
390 -330
391 -64
392 -8029
393 -70
394 -250
395 -74
396 -75
397 -75
398 -265
399 -76
400 -74
401 -75
402 -76
403 -73
404 -325
405 -62
406 -73
407 -73
408 -62
409 -75
410 -58
411 -213
412 -44
413 -74
414 -73
415 -76
416 -75
417 -1330
418 -58
419 -73
420 -36
421 -70
422 -70
423 -75
424 -62
425 -4692
426 -140
427 -76
428 -70
429 -53
430 -75
431 -348
432 -75
433 -62
434 -74
435 -167
436 -70
437 -70
438 -70
439 -73
440 -75
441 -73
442 -76
443 -182
444 -75
445 -70
446 -75
447 -70
448 -70
449 -53
450 -62
451 -73
452 -75
453 -62
454 -75
455 -37
456 -68
457 -929
458 -70
459 -70
460 -241
461 -49
462 -75
463 -70
464 -75
465 -70
466 -73
467 -75
468 -53
469 -74
470 -3738
471 -73
472 -62
473 -119
474 -70
475 -70
476 -77
477 -70
478 -70
479 -75
480 -73
481 -75
482 -74
483 -62
484 -73
485 -75
486 -266
487 -70
488 -62
489 -76
490 -75
491 -75
492 -70
493 -36
494 -985
495 -75
496 -36
497 -73
498 -74
499 -70
500 -70
501 -75
502 -70
503 -70
504 -32
505 -446
506 -67
507 -76
508 -8969
509 -73
510 -76
511 -73
512 -100
513 -73
514 -7561
515 -70
516 -58
517 -73
518 -75
519 -74
520 -70
521 -74
522 -70
523 -331
524 -62
525 -80
526 -70
527 -776
528 -70
529 -73
530 -62
531 -1897
532 -75
533 -71
534 -74
535 -3281
536 -92
537 -75
538 -53
539 -86
540 -75
541 -3400
542 -73
543 -70
544 -73
545 -75
546 -70
547 -76
548 -5303
549 -77
550 -70
551 -75
552 -74
553 -62
554 -75
555 -73
556 -70
557 -70
558 -70
559 -75
560 -70
561 -62
562 -946
563 -210
564 -73
565 -73
566 -75
567 -70
568 -75
569 -62
570 -685
571 -58
572 -152
573 -80
574 -70
575 -70
576 -70
577 -73
578 -233
579 -70
580 -2661
581 -74
582 -62
583 -76
584 -73
585 -73
586 -76
587 -74
588 -76
589 -70
590 -12637
591 -62
592 -75
593 -75
594 -62
595 -76
596 -73
597 -2324
598 -53
599 -196
600 -70
601 -75
602 -75
603 -75
604 -51
605 -76
606 -70
607 -73
608 -76
609 -62
610 -53
611 -2732
612 -165
613 -75
614 -71
615 -58
616 -75
617 -597
618 -74
619 -74
620 -70
621 -74
622 -74
623 -62
624 -36
625 -165
626 -55
627 -70
628 -63
629 -76
630 -74
631 -75
632 -74
633 -73
634 -79
635 -70
636 -62
637 -300
638 -74
639 -75
640 -4652
641 -74
642 -75
643 -75
644 -55
645 -119
646 -73
647 -70
648 -70
649 -53
650 -73
651 -75
652 -75
653 -7090
654 -70
655 -74
656 -2742
657 -62
658 -75
659 -76
660 -75
661 -76
662 -70
663 -70
664 -76
665 -733
666 -73
667 -58
668 -75
669 -237
670 -33
671 -75
672 -75
673 -75
674 -74
675 -44
676 -74
677 -298
678 -58
679 -62
680 -73
681 -62
682 -68
683 -76
684 -74
685 -74
686 -226
687 -75
688 -259
689 -70
690 -75
691 -74
692 -70
693 -1521
694 -62
695 -75
696 -4084
697 -62
698 -53
699 -635
700 -63
701 -53
702 -81
703 -74
704 -73
705 -70
706 -73
707 -203
708 -58
709 -75
710 -74
711 -62
712 -75
713 -75
714 -70
715 -75
716 -70
717 -539
718 -224
719 -73
720 -74
721 -70
722 -74
723 -75
724 -76
725 -74
726 -70
727 -7451
728 -70
729 -75
730 -73
731 -82
732 -70
733 -243
734 -2134
735 -73
736 -303
737 -297
738 -4334
739 -868
740 -62
741 -62
742 -112
743 -70
744 -70
745 -76
746 -122
747 -74
748 -371
749 -76
750 -80
751 -75
752 -75
753 -413
754 -910
755 -70
756 -75
757 -1534
758 -99
759 -70
760 -70
761 -62
762 -70
763 -55
764 -76
765 -1477
766 -74
767 -175
768 -76
769 -53
770 -70
771 -75
772 -75
773 -70
774 -70
775 -53
776 -76
777 -73
778 -73
779 -75
780 -76
781 -70
782 -58
783 -74
784 -70
785 -62
786 -75
787 -75
788 -74
789 -457
790 -75
791 -70
792 -62
793 -73
794 -1514
795 -74
796 -75
797 -74
798 -5002
799 -73
800 -2466
801 -76
802 -70
803 -651
804 -75
805 -2333
806 -75
807 -76
808 -73
809 -391
810 -70
811 -75
812 -231
813 -62
814 -99
815 -75
816 -75
817 -74
818 -125
819 -529
820 -73
821 -78
822 -7499
823 -70
824 -508
825 -70
826 -76
827 -75
828 -174
829 -75
830 -70
831 -75
832 -70
833 -75
834 -58
835 -74
836 -74
837 -74
838 -76
839 -104
840 -70
841 -4791
842 -139
843 -74
844 -62
845 -76
846 -70
847 -75
848 -73
849 -62
850 -58
851 -70
852 -76
853 -75
854 -75
855 -84
856 -76
857 -2773
858 -1283
859 -75
860 -76
861 -1340
862 -118
863 -772
864 -75
865 -76
866 -1392
867 -198
868 -75
869 -1540
870 -226
871 -73
872 -460
873 -69
874 -58
875 -74
876 -359
877 -48
878 -76
879 -76
880 -75
881 -53
882 -75
883 -80
884 -76
885 -70
886 -58
887 -74
888 -62
889 -197
890 -75
891 -75
892 -2471
893 -75
894 -58
895 -58
896 -216
897 -5131
898 -1350
899 -62
900 -62
901 -4361
902 -125
903 -719
904 -726
905 -74
906 -70
907 -1950
908 -76
909 -62
910 -75
911 -58
912 -74
913 -253
914 -74
915 -2340
916 -70
917 -70
918 -245
919 -74
920 -70
921 -63
922 -76
923 -70
924 -81
925 -70
926 -63
927 -74
928 -75
929 -80
930 -117
931 -106
932 -73
933 -70
934 -71
935 -298
936 -70
937 -70
938 -70
939 -49
940 -62
941 -49
942 -55
943 -75
944 -49
945 -75
946 -184
947 -75
948 -70
949 -292
950 -75
951 -58
952 -154
953 -76
954 -70
955 -574
956 -75
957 -176
958 -74
959 -76
960 -124
961 -73
962 -75
963 -74
964 -470
965 -537
966 -75
967 -70
968 -53
969 -102
970 -75
971 -75
972 -70
973 -62
974 -74
975 -51
976 -73
977 -70
978 -70
979 -4665
980 -65
981 -49
982 -70
983 -75
984 -74
985 -73
986 -1392
987 -73
988 -73
989 -63
990 -75
991 -67
992 -75
993 -75
994 -62
995 -70
996 -75
997 -177
998 -70
999 -74
