0 -73
1 -62
2 -76
3 -75
4 -70
5 -60
6 -64
7 -58
8 -89
9 -75
10 -60
11 -75
12 -76
13 -70
14 -74
15 -73
16 -57
17 -4867
18 -60
19 -75
20 -75
21 -131
22 -70
23 -60
24 -53
25 -74
26 -75
27 -60
28 -76
29 -820
30 -76
31 -76
32 -75
33 -75
34 -75
35 -3580
36 -70
37 -60
38 -58
39 -58
40 -75
41 -127
42 -75
43 -62
44 -58
45 -62
46 -75
47 -60
48 -52
49 -62
50 -93
51 -74
52 -62
53 -232
54 -252
55 -75
56 -70
57 -58
58 -77
59 -74
60 -62
61 -75
62 -75
63 -62
64 -62
65 -254
66 -75
67 -75
68 -75
69 -75
70 -75
71 -70
72 -70
73 -73
74 -75
75 -75
76 -75
77 -267
78 -76
79 -62
80 -67
81 -73
82 -62
83 -60
84 -62
85 -70
86 -74
87 -58
88 -73
89 -75
90 -75
91 -76
92 -75
93 -62
94 -73
95 -70
96 -76
97 -148
98 -75
99 -70
100 -62
101 -62
102 -73
103 -67
104 -347
105 -58
106 -74
107 -1667
108 -70
109 -36
110 -1026
111 -75
112 -58
113 -62
114 -70
115 -74
116 -75
117 -74
118 -75
119 -74
120 -75
121 -75
122 -3730
123 -75
124 -621
125 -75
126 -75
127 -73
128 -60
129 -76
130 -74
131 -75
132 -167
133 -73
134 -70
135 -112
136 -74
137 -58
138 -76
139 -74
140 -76
141 -60
142 -77
143 -75
144 -70
145 -76
146 -62
147 -75
148 -1413
149 -70
150 -70
151 -75
152 -60
153 -53
154 -70
155 -62
156 -420
157 -70
158 -60
159 -73
160 -75
161 -71
162 -60
163 -1510
164 -89
165 -73
166 -60
167 -70
168 -60
169 -47
170 -76
171 -73
172 -74
173 -70
174 -141
175 -75
176 -75
177 -9061
178 -73
179 -58
180 -62
181 -73
182 -73
183 -60
184 -74
185 -75
186 -73
187 -76
188 -537
189 -75
190 -75
191 -60
192 -60
193 -58
194 -275
195 -98
196 -75
197 -58
198 -285
199 -74
200 -138
201 -62
202 -58
203 -6508
204 -65
205 -73
206 -90
207 -76
208 -76
209 -73
210 -62
211 -60
212 -51
213 -70
214 -58
215 -76
216 -73
217 -62
218 -58
219 -75
220 -5694
221 -58
222 -75
223 -53
224 -74
225 -75
226 -75
227 -261
228 -1892
229 -74
230 -76
231 -60
232 -74
233 -75
234 -4638
235 -75
236 -74
237 -75
238 -60
239 -75
240 -74
241 -75
242 -75
243 -58
244 -76
245 -76
246 -73
247 -75
248 -76
249 -283
250 -143
251 -62
252 -74
253 -75
254 -179
255 -76
256 -75
257 -76
258 -58
259 -74
260 -243
261 -65
262 -76
263 -73
264 -60
265 -58
266 -75
267 -74
268 -76
269 -349
270 -70
271 -60
272 -4647
273 -62
274 -75
275 -65
276 -62
277 -73
278 -60
279 -75
280 -514
281 -173
282 -58
283 -62
284 -60
285 -75
286 -74
287 -75
288 -75
289 -619
290 -50
291 -76
292 -62
293 -75
294 -62
295 -232
296 -76
297 -70
298 -58
299 -75
300 -2542
301 -62
302 -75
303 -70
304 -5872
305 -74
306 -60
307 -74
308 -60
309 -75
310 -70
311 -80
312 -222
313 -58
314 -70
315 -770
316 -70
317 -62
318 -76
319 -60
320 -70
321 -75
322 -250
323 -340
324 -659
325 -62
326 -70
327 -200
328 -65
329 -74
330 -282
331 -58
332 -68
333 -74
334 -62
335 -62
336 -75
337 -75
338 -62
339 -60
340 -75
341 -62
342 -70
343 -74
344 -75
345 -143
346 -67
347 -70
348 -73
349 -60
350 -74
351 -60
352 -75
353 -60
354 -75
355 -76
356 -76
357 -276
358 -74
359 -62
360 -415
361 -58
362 -75
363 -58
364 -76
365 -58
366 -125
367 -183
368 -58
369 -2885
370 -74
371 -74
372 -71
373 -62
374 -75
375 -73
376 -57
377 -4573
378 -75
379 -70
380 -75
381 -399
382 -60
383 -81
384 -73
385 -75
386 -68
387 -58
388 -70
389 -70
390 -75
391 -75
392 -144
393 -73
394 -72
395 -55
396 -118
397 -60
398 -76
399 -76
400 -73
401 -75
402 -77
403 -60
404 -73
405 -370
406 -82
407 -73
408 -62
409 -58
410 -73
411 -75
412 -70
413 -5611
414 -231
415 -76
416 -74
417 -112
418 -75
419 -319
420 -7095
421 -258
422 -797
423 -60
424 -165
425 -76
426 -76
427 -75
428 -3424
429 -74
430 -74
431 -60
432 -70
433 -70
434 -73
435 -74
436 -76
437 -70
438 -74
439 -60
440 -60
441 -73
442 -75
443 -53
444 -4877
445 -8450
446 -75
447 -75
448 -70
449 -99
450 -58
451 -76
452 -759
453 -102
454 -50
455 -60
456 -75
457 -73
458 -2030
459 -58
460 -58
461 -74
462 -74
463 -266
464 -70
465 -59
466 -75
467 -62
468 -60
469 -80
470 -75
471 -70
472 -224
473 -70
474 -60
475 -51
476 -73
477 -75
478 -223
479 -74
480 -75
481 -4290
482 -860
483 -62
484 -74
485 -73
486 -60
487 -74
488 -75
489 -75
490 -76
491 -60
492 -63
493 -79
494 -75
495 -76
496 -75
497 -58
498 -76
499 -896
500 -75
501 -75
502 -722
503 -60
504 -1619
505 -74
506 -73
507 -142
508 -292
509 -58
510 -62
511 -149
512 -73
513 -70
514 -75
515 -233
516 -74
517 -74
518 -1885
519 -73
520 -73
521 -522
522 -39
523 -385
524 -57
525 -75
526 -73
527 -72
528 -75
529 -58
530 -1696
531 -76
532 -54
533 -74
534 -70
535 -74
536 -60
537 -73
538 -74
539 -130
540 -70
541 -141
542 -75
543 -74
544 -189
545 -75
546 -70
547 -75
548 -62
549 -58
550 -70
551 -301
552 -71
553 -74
554 -58
555 -73
556 -73
557 -73
558 -62
559 -7109
560 -74
561 -74
562 -73
563 -121
564 -60
565 -60
566 -62
567 -2934
568 -496
569 -75
570 -58
571 -5312
572 -75
573 -75
574 -75
575 -133
576 -58
577 -60
578 -62
579 -60
580 -75
581 -60
582 -105
583 -76
584 -70
585 -75
586 -73
587 -76
588 -74
589 -73
590 -48
591 -2307
592 -76
593 -794
594 -73
595 -73
596 -4251
597 -58
598 -74
599 -73
600 -922
601 -340
602 -70
603 -71
604 -74
605 -75
606 -58
607 -205
608 -75
609 -70
610 -77
611 -62
612 -62
613 -74
614 -60
615 -70
616 -70
617 -74
618 -64
619 -76
620 -207
621 -74
622 -73
623 -73
624 -73
625 -73
626 -81
627 -75
628 -478
629 -58
630 -73
631 -931
632 -73
633 -75
634 -4407
635 -75
636 -236
637 -63
638 -70
639 -74
640 -76
641 -3429
642 -73
643 -530
644 -1125
645 -62
646 -70
647 -105
648 -58
649 -76
650 -75
651 -70
652 -75
653 -75
654 -70
655 -365
656 -252
657 -76
658 -76
659 -76
660 -58
661 -76
662 -58
663 -62
664 -74
665 -70
666 -73
667 -76
668 -81
669 -76
670 -74
671 -73
672 -70
673 -75
674 -74
675 -55
676 -70
677 -58
678 -75
679 -70
680 -844
681 -60
682 -62
683 -62
684 -1661
685 -60
686 -62
687 -75
688 -75
689 -75
690 -58
691 -73
692 -192
693 -70
694 -852
695 -75
696 -68
697 -74
698 -75
699 -76
700 -76
701 -76
702 -75
703 -73
704 -73
705 -80
706 -167
707 -70
708 -75
709 -58
710 -74
711 -62
712 -73
713 -60
714 -60
715 -3120
716 -74
717 -460
718 -74
719 -74
720 -75
721 -58
722 -80
723 -58
724 -70
725 -58
726 -73
727 -74
728 -58
729 -2796
730 -62
731 -55
732 -67
733 -187
734 -146
735 -75
736 -1118
737 -62
738 -300
739 -76
740 -74
741 -74
742 -70
743 -413
744 -63
745 -75
746 -76
747 -76
748 -73
749 -62
750 -58
751 -74
752 -70
753 -58
754 -75
755 -74
756 -462
757 -62
758 -58
759 -350
760 -62
761 -60
762 -61
763 -80
764 -73
765 -60
766 -73
767 -75
768 -60
769 -76
770 -75
771 -74
772 -152
773 -75
774 -70
775 -76
776 -2387
777 -62
778 -70
779 -75
780 -62
781 -60
782 -75
783 -75
784 -58
785 -76
786 -70
787 -60
788 -75
789 -62
790 -58
791 -289
792 -69
793 -145
794 -73
795 -6751
796 -126
797 -62
798 -3646
799 -58
800 -74
801 -62
802 -1689
803 -73
804 -74
805 -70
806 -62
807 -126
808 -75
809 -76
810 -62
811 -70
812 -73
813 -58
814 -75
815 -110
816 -2911
817 -3407
818 -73
819 -75
820 -4355
821 -75
822 -62
823 -58
824 -70
825 -76
826 -75
827 -73
828 -60
829 -75
830 -75
831 -98
832 -58
833 -58
834 -60
835 -510
836 -75
837 -58
838 -74
839 -75
840 -70
841 -76
842 -76
843 -76
844 -75
845 -62
846 -374
847 -76
848 -75
849 -70
850 -70
851 -196
852 -78
853 -167
854 -75
855 -62
856 -2140
857 -75
858 -75
859 -217
860 -75
861 -60
862 -73
863 -58
864 -459
865 -70
866 -76
867 -70
868 -62
869 -73
870 -76
871 -70
872 -75
873 -60
874 -112
875 -62
876 -62
877 -58
878 -73
879 -75
880 -73
881 -70
882 -73
883 -62
884 -70
885 -61
886 -60
887 -58
888 -343
889 -74
890 -62
891 -73
892 -82
893 -58
894 -76
895 -3056
896 -75
897 -60
898 -58
899 -74
900 -58
901 -3220
902 -1814
903 -60
904 -6025
905 -73
906 -74
907 -60
908 -62
909 -85
910 -58
911 -76
912 -71
913 -60
914 -74
915 -80
916 -76
917 -70
918 -75
919 -261
920 -151
921 -137
922 -76
923 -70
924 -58
925 -348
926 -65
927 -171
928 -75
929 -71
930 -60
931 -62
932 -75
933 -120
934 -377
935 -2213
936 -75
937 -76
938 -60
939 -60
940 -60
941 -75
942 -62
943 -62
944 -75
945 -62
946 -76
947 -506
948 -70
949 -70
950 -74
951 -153
952 -76
953 -75
954 -101
955 -74
956 -75
957 -109
958 -974
959 -60
960 -76
961 -66
962 -75
963 -73
964 -73
965 -74
966 -75
967 -58
968 -76
969 -75
970 -75
971 -73
972 -62
973 -60
974 -2424
975 -73
976 -51
977 -73
978 -75
979 -78
980 -69
981 -75
982 -97
983 -258
984 -58
985 -58
986 -65
987 -70
988 -74
989 -58
990 -70
991 -74
992 -74
993 -73
994 -76
995 -73
996 -55
997 -200
998 -76
999 -877
