0 -811
1 -76
2 -74
3 -76
4 -208
5 -46
6 -73
7 -76
8 -70
9 -154
10 -75
11 -780
12 -76
13 -55
14 -75
15 -27
16 -70
17 -5382
18 -76
19 -73
20 -70
21 -75
22 -27
23 -74
24 -74
25 -282
26 -73
27 -70
28 -35
29 -70
30 -70
31 -75
32 -76
33 -485
34 -76
35 -70
36 -75
37 -74
38 -1937
39 -108
40 -76
41 -75
42 -265
43 -76
44 -597
45 -2287
46 -74
47 -35
48 -987
49 -59
50 -76
51 -70
52 -70
53 -312
54 -42
55 -73
56 -73
57 -27
58 -76
59 -87
60 -1097
61 -1272
62 -35
63 -39
64 -70
65 -93
66 -76
67 -3657
68 -778
69 -75
70 -3117
71 -35
72 -75
73 -35
74 -73
75 -27
76 -73
77 -70
78 -35
79 -74
80 -75
81 -197
82 -980
83 -73
84 -76
85 -27
86 -75
87 -74
88 -77
89 -74
90 -195
91 -66
92 -317
93 -27
94 -27
95 -27
96 -75
97 -35
98 -342
99 -75
100 -70
101 -74
102 -70
103 -74
104 -73
105 -70
106 -70
107 -35
108 -74
109 -74
110 -4692
111 -35
112 -70
113 -35
114 -27
115 -27
116 -70
117 -97
118 -70
119 -27
120 -73
121 -75
122 -73
123 -176
124 -109
125 -222
126 -73
127 -73
128 -398
129 -1142
130 -622
131 -76
132 -70
133 -73
134 -27
135 -217
136 -70
137 -27
138 -74
139 -463
140 -74
141 -432
142 -2682
143 -27
144 -647
145 -76
146 -35
147 -763
148 -73
149 -482
150 -35
151 -70
152 -73
153 -872
154 -75
155 -81
156 -45
157 -57
158 -1423
159 -139
160 -706
161 -1757
162 -75
163 -74
164 -74
165 -73
166 -75
167 -74
168 -27
169 -74
170 -217
171 -70
172 -526
173 -70
174 -75
175 -75
176 -27
177 -73
178 -35
179 -73
180 -27
181 -74
182 -75
183 -76
184 -157
185 -75
186 -75
187 -74
188 -1652
189 -73
190 -74
191 -27
192 -73
193 -35
194 -173
195 -75
196 -70
197 -35
198 -74
199 -75
200 -75
201 -74
202 -75
203 -428
204 -2362
205 -76
206 -35
207 -76
208 -96
209 -189
210 -70
211 -192
212 -70
213 -35
214 -73
215 -73
216 -76
217 -76
218 -76
219 -70
220 -75
221 -27
222 -75
223 -75
224 -76
225 -75
226 -75
227 -186
228 -76
229 -52
230 -35
231 -74
232 -73
233 -75
234 -300
235 -35
236 -74
237 -27
238 -76
239 -73
240 -35
241 -1052
242 -1447
243 -93
244 -866
245 -317
246 -73
247 -688
248 -70
249 -35
250 -533
251 -74
252 -70
253 -73
254 -82
255 -477
256 -35
257 -74
258 -548
259 -1243
260 -313
261 -74
262 -461
263 -35
264 -76
265 -901
266 -31
267 -80
268 -27
269 -75
270 -295
271 -35
272 -27
273 -73
274 -235
275 -70
276 -281
277 -421
278 -27
279 -76
280 -278
281 -70
282 -73
283 -76
284 -74
285 -75
286 -73
287 -76
288 -258
289 -73
290 -75
291 -35
292 -74
293 -321
294 -27
295 -70
296 -75
297 -74
298 -75
299 -27
300 -35
301 -438
302 -2307
303 -27
304 -162
305 -74
306 -58
307 -1992
308 -2632
309 -372
310 -73
311 -27
312 -327
313 -27
314 -74
315 -74
316 -75
317 -70
318 -70
319 -1377
320 -70
321 -74
322 -76
323 -73
324 -70
325 -70
326 -272
327 -75
328 -160
329 -39
330 -76
331 -27
332 -52
333 -452
334 -70
335 -204
336 -650
337 -35
338 -377
339 -67
340 -74
341 -76
342 -76
343 -73
344 -27
345 -76
346 -502
347 -35
348 -73
349 -75
350 -434
351 -2015
352 -74
353 -75
354 -75
355 -512
356 -75
357 -75
358 -462
359 -74
360 -75
361 -1087
362 -105
363 -417
364 -74
365 -75
366 -73
367 -75
368 -27
369 -74
370 -519
371 -75
372 -597
373 -70
374 -76
375 -35
376 -75
377 -73
378 -74
379 -75
380 -76
381 -42
382 -129
383 -74
384 -142
385 -75
386 -70
387 -75
388 -418
389 -73
390 -229
391 -27
392 -73
393 -74
394 -76
395 -76
396 -168
397 -2582
398 -27
399 -60
400 -73
401 -75
402 -307
403 -27
404 -515
405 -76
406 -35
407 -74
408 -35
409 -2592
410 -75
411 -35
412 -73
413 -75
414 -70
415 -70
416 -457
417 -70
418 -76
419 -46
420 -73
421 -35
422 -74
423 -63
424 -76
425 -60
426 -56
427 -75
428 -76
429 -35
430 -35
431 -1607
432 -144
433 -74
434 -70
435 -819
436 -73
437 -27
438 -75
439 -74
440 -73
441 -225
442 -75
443 -42
444 -182
445 -912
446 -76
447 -3307
448 -27
449 -905
450 -1177
451 -75
452 -70
453 -70
454 -104
455 -4122
456 -6552
457 -400
458 -73
459 -181
460 -70
461 -63
462 -3262
463 -70
464 -73
465 -76
466 -75
467 -212
468 -74
469 -35
470 -76
471 -35
472 -35
473 -74
474 -27
475 -340
476 -205
477 -70
478 -70
479 -70
480 -43
481 -76
482 -75
483 -76
484 -48
485 -917
486 -35
487 -143
488 -75
489 -98
490 -864
491 -42
492 -53
493 -70
494 -75
495 -2012
496 -89
497 -479
498 -74
499 -1467
500 -75
501 -74
502 -76
503 -74
504 -75
505 -75
506 -27
507 -27
508 -256
509 -52
510 -73
511 -76
512 -70
513 -75
514 -27
515 -70
516 -74
517 -238
518 -1002
519 -68
520 -81
521 -27
522 -74
523 -2947
524 -27
525 -73
526 -75
527 -145
528 -29
529 -27
530 -70
531 -75
532 -73
533 -74
534 -1497
535 -347
536 -75
537 -93
538 -75
539 -73
540 -35
541 -27
542 -74
543 -76
544 -253
545 -76
546 -27
547 -73
548 -75
549 -581
550 -76
551 -121
552 -76
553 -75
554 -74
555 -27
556 -127
557 -70
558 -73
559 -68
560 -27
561 -70
562 -2497
563 -637
564 -2410
565 -75
566 -70
567 -119
568 -75
569 -27
570 -76
571 -406
572 -35
573 -276
574 -75
575 -32
576 -74
577 -75
578 -75
579 -27
580 -35
581 -359
582 -80
583 -75
584 -73
585 -81
586 -75
587 -70
588 -76
589 -35
590 -70
591 -70
592 -73
593 -80
594 -75
595 -35
596 -73
597 -511
598 -75
599 -270
600 -1227
601 -75
602 -983
603 -76
604 -75
605 -70
606 -42
607 -74
608 -70
609 -75
610 -392
611 -70
612 -212
613 -75
614 -27
615 -75
616 -75
617 -74
618 -73
619 -76
620 -74
621 -76
622 -70
623 -75
624 -75
625 -73
626 -74
627 -35
628 -27
629 -74
630 -73
631 -232
632 -74
633 -70
634 -103
635 -70
636 -73
637 -1177
638 -73
639 -75
640 -76
641 -73
642 -27
643 -76
644 -75
645 -73
646 -27
647 -2392
648 -227
649 -75
650 -70
651 -133
652 -75
653 -75
654 -180
655 -70
656 -632
657 -35
658 -76
659 -27
660 -74
661 -35
662 -70
663 -35
664 -94
665 -70
666 -244
667 -75
668 -2117
669 -74
670 -74
671 -27
672 -74
673 -70
674 -73
675 -91
676 -70
677 -35
678 -75
679 -208
680 -70
681 -75
682 -76
683 -485
684 -70
685 -192
686 -26
687 -73
688 -5974
689 -27
690 -1667
691 -75
692 -76
693 -272
694 -76
695 -73
696 -545
697 -70
698 -74
699 -70
700 -52
701 -73
702 -27
703 -73
704 -76
705 -35
706 -100
707 -70
708 -74
709 -35
710 -1397
711 -482
712 -27
713 -92
714 -76
715 -76
716 -73
717 -35
718 -27
719 -73
720 -384
721 -70
722 -75
723 -692
724 -75
725 -75
726 -767
727 -267
728 -1037
729 -298
730 -107
731 -27
732 -72
733 -76
734 -300
735 -770
736 -27
737 -156
738 -75
739 -70
740 -75
741 -27
742 -76
743 -74
744 -584
745 -75
746 -675
747 -364
748 -76
749 -73
750 -76
751 -70
752 -75
753 -70
754 -75
755 -74
756 -76
757 -73
758 -73
759 -75
760 -35
761 -70
762 -35
763 -719
764 -75
765 -74
766 -27
767 -35
768 -506
769 -70
770 -27
771 -74
772 -869
773 -398
774 -35
775 -76
776 -73
777 -70
778 -76
779 -55
780 -627
781 -52
782 -70
783 -74
784 -68
785 -3432
786 -27
787 -73
788 -1217
789 -940
790 -76
791 -76
792 -74
793 -76
794 -494
795 -66
796 -73
797 -417
798 -73
799 -74
800 -106
801 -73
802 -70
803 -75
804 -76
805 -27
806 -76
807 -70
808 -74
809 -27
810 -66
811 -1807
812 -70
813 -27
814 -35
815 -70
816 -70
817 -75
818 -122
819 -74
820 -78
821 -42
822 -74
823 -35
824 -27
825 -76
826 -70
827 -73
828 -75
829 -74
830 -75
831 -73
832 -75
833 -75
834 -75
835 -123
836 -75
837 -75
838 -81
839 -70
840 -75
841 -27
842 -75
843 -70
844 -73
845 -74
846 -75
847 -73
848 -75
849 -75
850 -778
851 -80
852 -985
853 -74
854 -73
855 -63
856 -70
857 -74
858 -297
859 -514
860 -440
861 -35
862 -35
863 -75
864 -819
865 -607
866 -606
867 -282
868 -75
869 -35
870 -75
871 -49
872 -76
873 -109
874 -27
875 -75
876 -70
877 -74
878 -76
879 -74
880 -405
881 -35
882 -76
883 -514
884 -206
885 -159
886 -75
887 -872
888 -1382
889 -75
890 -70
891 -567
892 -76
893 -662
894 -35
895 -38
896 -65
897 -74
898 -76
899 -74
900 -73
901 -76
902 -76
903 -35
904 -75
905 -678
906 -241
907 -70
908 -143
909 -355
910 -327
911 -27
912 -702
913 -1337
914 -70
915 -75
916 -70
917 -76
918 -27
919 -27
920 -74
921 -108
922 -242
923 -35
924 -35
925 -35
926 -27
927 -73
928 -75
929 -74
930 -73
931 -75
932 -133
933 -76
934 -35
935 -74
936 -76
937 -73
938 -234
939 -74
940 -70
941 -5010
942 -73
943 -70
944 -209
945 -75
946 -73
947 -27
948 -76
949 -73
950 -75
951 -76
952 -74
953 -1150
954 -76
955 -27
956 -29
957 -87
958 -46
959 -75
960 -75
961 -27
962 -707
963 -28
964 -35
965 -27
966 -76
967 -75
968 -77
969 -75
970 -724
971 -70
972 -75
973 -76
974 -74
975 -74
976 -70
977 -503
978 -39
979 -42
980 -1502
981 -27
982 -354
983 -392
984 -154
985 -76
986 -179
987 -76
988 -255
989 -35
990 -75
991 -76
992 -70
993 -647
994 -75
995 -75
996 -73
997 -75
998 -73
999 -74
