0 -630
1 -75
2 -58
3 -73
4 -75
5 -74
6 -60
7 -76
8 -1525
9 -145
10 -70
11 -60
12 -130
13 -75
14 -89
15 -58
16 -76
17 -73
18 -4950
19 -75
20 -75
21 -71
22 -59
23 -60
24 -76
25 -70
26 -75
27 -70
28 -971
29 -70
30 -62
31 -75
32 -76
33 -780
34 -1333
35 -62
36 -324
37 -60
38 -611
39 -73
40 -73
41 -62
42 -73
43 -76
44 -75
45 -1516
46 -75
47 -73
48 -60
49 -62
50 -62
51 -512
52 -60
53 -70
54 -58
55 -58
56 -62
57 -58
58 -70
59 -4054
60 -70
61 -180
62 -70
63 -405
64 -64
65 -70
66 -73
67 -75
68 -81
69 -1495
70 -70
71 -62
72 -75
73 -58
74 -68
75 -3888
76 -62
77 -75
78 -74
79 -74
80 -76
81 -121
82 -60
83 -62
84 -76
85 -73
86 -76
87 -75
88 -2690
89 -308
90 -75
91 -75
92 -3647
93 -60
94 -60
95 -260
96 -58
97 -62
98 -58
99 -75
100 -76
101 -1133
102 -70
103 -75
104 -73
105 -67
106 -81
107 -62
108 -58
109 -75
110 -70
111 -75
112 -73
113 -1852
114 -63
115 -60
116 -60
117 -62
118 -62
119 -75
120 -74
121 -73
122 -70
123 -127
124 -76
125 -411
126 -76
127 -75
128 -58
129 -70
130 -58
131 -58
132 -75
133 -530
134 -75
135 -457
136 -70
137 -75
138 -73
139 -73
140 -75
141 -74
142 -75
143 -70
144 -199
145 -74
146 -75
147 -73
148 -78
149 -75
150 -75
151 -60
152 -70
153 -62
154 -58
155 -74
156 -70
157 -74
158 -81
159 -62
160 -362
161 -62
162 -1925
163 -1987
164 -2865
165 -75
166 -46
167 -70
168 -58
169 -75
170 -60
171 -194
172 -75
173 -75
174 -75
175 -74
176 -75
177 -74
178 -58
179 -70
180 -81
181 -58
182 -62
183 -74
184 -75
185 -76
186 -58
187 -75
188 -74
189 -27
190 -1518
191 -1122
192 -70
193 -58
194 -75
195 -60
196 -58
197 -484
198 -65
199 -58
200 -73
201 -70
202 -73
203 -74
204 -75
205 -2827
206 -60
207 -75
208 -75
209 -204
210 -76
211 -60
212 -76
213 -75
214 -60
215 -60
216 -62
217 -62
218 -240
219 -75
220 -75
221 -76
222 -74
223 -818
224 -75
225 -109
226 -62
227 -70
228 -6173
229 -75
230 -75
231 -70
232 -75
233 -58
234 -58
235 -73
236 -412
237 -75
238 -70
239 -350
240 -74
241 -60
242 -62
243 -60
244 -62
245 -73
246 -58
247 -78
248 -1661
249 -74
250 -108
251 -73
252 -53
253 -73
254 -60
255 -70
256 -930
257 -62
258 -60
259 -2131
260 -76
261 -74
262 -91
263 -3919
264 -3719
265 -71
266 -62
267 -62
268 -58
269 -60
270 -58
271 -75
272 -176
273 -62
274 -62
275 -62
276 -3928
277 -75
278 -74
279 -62
280 -75
281 -60
282 -416
283 -3151
284 -74
285 -76
286 -75
287 -6198
288 -58
289 -555
290 -58
291 -58
292 -892
293 -75
294 -62
295 -60
296 -53
297 -74
298 -62
299 -62
300 -60
301 -86
302 -75
303 -68
304 -668
305 -71
306 -70
307 -73
308 -58
309 -375
310 -74
311 -58
312 -349
313 -374
314 -73
315 -55
316 -73
317 -610
318 -73
319 -60
320 -73
321 -58
322 -609
323 -105
324 -70
325 -60
326 -75
327 -58
328 -75
329 -75
330 -60
331 -70
332 -75
333 -62
334 -70
335 -33
336 -62
337 -75
338 -380
339 -75
340 -70
341 -65
342 -205
343 -73
344 -75
345 -75
346 -76
347 -305
348 -330
349 -74
350 -75
351 -74
352 -75
353 -75
354 -75
355 -76
356 -440
357 -74
358 -76
359 -75
360 -91
361 -62
362 -74
363 -75
364 -76
365 -58
366 -60
367 -3599
368 -58
369 -74
370 -3175
371 -62
372 -62
373 -76
374 -76
375 -76
376 -74
377 -60
378 -58
379 -1981
380 -58
381 -60
382 -202
383 -73
384 -74
385 -226
386 -74
387 -75
388 -58
389 -62
390 -634
391 -58
392 -76
393 -80
394 -75
395 -62
396 -75
397 -2927
398 -76
399 -62
400 -133
401 -1597
402 -70
403 -73
404 -75
405 -70
406 -70
407 -62
408 -76
409 -75
410 -70
411 -456
412 -70
413 -75
414 -70
415 -102
416 -76
417 -72
418 -73
419 -62
420 -302
421 -73
422 -58
423 -71
424 -60
425 -70
426 -79
427 -58
428 -62
429 -67
430 -73
431 -76
432 -76
433 -62
434 -62
435 -76
436 -76
437 -62
438 -58
439 -74
440 -215
441 -76
442 -105
443 -58
444 -58
445 -62
446 -74
447 -62
448 -75
449 -60
450 -60
451 -168
452 -70
453 -60
454 -75
455 -62
456 -4519
457 -1451
458 -75
459 -185
460 -70
461 -74
462 -60
463 -1043
464 -70
465 -73
466 -58
467 -139
468 -58
469 -70
470 -1051
471 -62
472 -76
473 -74
474 -203
475 -580
476 -62
477 -74
478 -58
479 -68
480 -73
481 -76
482 -60
483 -69
484 -64
485 -70
486 -68
487 -60
488 -70
489 -74
490 -70
491 -60
492 -2179
493 -104
494 -58
495 -345
496 -320
497 -139
498 -907
499 -73
500 -73
501 -75
502 -74
503 -496
504 -58
505 -73
506 -73
507 -74
508 -81
509 -70
510 -233
511 -62
512 -74
513 -74
514 -75
515 -58
516 -75
517 -73
518 -76
519 -62
520 -62
521 -75
522 -74
523 -74
524 -60
525 -62
526 -75
527 -73
528 -73
529 -75
530 -75
531 -62
532 -73
533 -75
534 -352
535 -73
536 -74
537 -70
538 -62
539 -70
540 -70
541 -76
542 -73
543 -73
544 -75
545 -648
546 -75
547 -75
548 -73
549 -74
550 -60
551 -75
552 -62
553 -73
554 -529
555 -62
556 -75
557 -75
558 -74
559 -580
560 -75
561 -73
562 -75
563 -58
564 -184
565 -70
566 -75
567 -1153
568 -110
569 -60
570 -75
571 -75
572 -305
573 -73
574 -74
575 -768
576 -75
577 -62
578 -62
579 -124
580 -111
581 -58
582 -76
583 -73
584 -60
585 -75
586 -75
587 -60
588 -335
589 -73
590 -66
591 -58
592 -3374
593 -72
594 -58
595 -62
596 -55
597 -76
598 -93
599 -60
600 -62
601 -75
602 -75
603 -1210
604 -75
605 -58
606 -75
607 -75
608 -75
609 -62
610 -75
611 -76
612 -71
613 -74
614 -3019
615 -62
616 -73
617 -75
618 -74
619 -74
620 -73
621 -73
622 -75
623 -34
624 -60
625 -62
626 -311
627 -73
628 -2305
629 -76
630 -58
631 -62
632 -75
633 -318
634 -60
635 -58
636 -60
637 -71
638 -93
639 -53
640 -75
641 -76
642 -73
643 -70
644 -75
645 -478
646 -55
647 -76
648 -58
649 -76
650 -76
651 -60
652 -75
653 -315
654 -70
655 -58
656 -74
657 -76
658 -70
659 -70
660 -724
661 -75
662 -280
663 -76
664 -70
665 -76
666 -75
667 -135
668 -828
669 -75
670 -298
671 -81
672 -76
673 -58
674 -70
675 -356
676 -75
677 -71
678 -62
679 -76
680 -74
681 -76
682 -58
683 -75
684 -76
685 -58
686 -58
687 -76
688 -62
689 -62
690 -62
691 -75
692 -60
693 -74
694 -469
695 -58
696 -62
697 -333
698 -454
699 -75
700 -73
701 -75
702 -75
703 -112
704 -60
705 -60
706 -73
707 -75
708 -73
709 -73
710 -73
711 -58
712 -75
713 -423
714 -58
715 -75
716 -62
717 -69
718 -62
719 -347
720 -58
721 -73
722 -60
723 -70
724 -185
725 -60
726 -60
727 -58
728 -62
729 -79
730 -62
731 -70
732 -1527
733 -69
734 -73
735 -80
736 -71
737 -58
738 -62
739 -74
740 -97
741 -58
742 -150
743 -1397
744 -73
745 -74
746 -186
747 -71
748 -62
749 -60
750 -70
751 -73
752 -70
753 -62
754 -76
755 -58
756 -70
757 -76
758 -58
759 -75
760 -75
761 -74
762 -76
763 -331
764 -730
765 -81
766 -262
767 -62
768 -239
769 -76
770 -76
771 -58
772 -73
773 -58
774 -75
775 -74
776 -74
777 -70
778 -75
779 -58
780 -62
781 -70
782 -75
783 -76
784 -70
785 -75
786 -73
787 -163
788 -75
789 -60
790 -76
791 -6322
792 -73
793 -1073
794 -75
795 -72
796 -70
797 -4698
798 -58
799 -75
800 -2755
801 -74
802 -62
803 -75
804 -76
805 -70
806 -58
807 -62
808 -75
809 -75
810 -58
811 -75
812 -58
813 -255
814 -75
815 -75
816 -76
817 -74
818 -297
819 -75
820 -58
821 -70
822 -75
823 -60
824 -193
825 -60
826 -73
827 -75
828 -5775
829 -413
830 -76
831 -1582
832 -70
833 -70
834 -4177
835 -743
836 -76
837 -1185
838 -420
839 -45
840 -60
841 -62
842 -77
843 -75
844 -74
845 -53
846 -70
847 -71
848 -58
849 -70
850 -60
851 -60
852 -58
853 -75
854 -73
855 -58
856 -73
857 -71
858 -60
859 -391
860 -60
861 -1451
862 -166
863 -70
864 -75
865 -76
866 -74
867 -73
868 -76
869 -74
870 -75
871 -76
872 -58
873 -76
874 -58
875 -73
876 -74
877 -70
878 -75
879 -58
880 -60
881 -81
882 -111
883 -562
884 -75
885 -60
886 -80
887 -63
888 -76
889 -73
890 -61
891 -65
892 -82
893 -73
894 -75
895 -74
896 -2502
897 -75
898 -75
899 -1332
900 -70
901 -75
902 -60
903 -75
904 -62
905 -311
906 -58
907 -380
908 -58
909 -60
910 -58
911 -224
912 -75
913 -60
914 -75
915 -58
916 -747
917 -76
918 -179
919 -81
920 -75
921 -68
922 -60
923 -74
924 -73
925 -70
926 -59
927 -76
928 -73
929 -58
930 -231
931 -74
932 -900
933 -75
934 -73
935 -74
936 -58
937 -75
938 -76
939 -53
940 -75
941 -76
942 -68
943 -58
944 -77
945 -76
946 -528
947 -76
948 -76
949 -76
950 -60
951 -58
952 -70
953 -63
954 -75
955 -60
956 -60
957 -60
958 -74
959 -70
960 -75
961 -1585
962 -75
963 -2338
964 -70
965 -404
966 -3252
967 -73
968 -81
969 -62
970 -73
971 -75
972 -76
973 -70
974 -76
975 -75
976 -60
977 -50
978 -75
979 -62
980 -68
981 -70
982 -80
983 -75
984 -74
985 -76
986 -60
987 -58
988 -60
989 -75
990 -67
991 -74
992 -62
993 -62
994 -70
995 -58
996 -62
997 -171
998 -62
999 -58
