0 -74
1 -3101
2 -62
3 -75
4 -70
5 -1796
6 -47
7 -62
8 -74
9 -76
10 -75
11 -70
12 -70
13 -62
14 -80
15 -75
16 -75
17 -70
18 -75
19 -304
20 -270
21 -70
22 -97
23 -84
24 -75
25 -70
26 -62
27 -1542
28 -76
29 -74
30 -73
31 -70
32 -73
33 -75
34 -75
35 -910
36 -928
37 -69
38 -75
39 -74
40 -70
41 -76
42 -62
43 -74
44 -76
45 -304
46 -75
47 -133
48 -73
49 -70
50 -1378
51 -70
52 -70
53 -76
54 -73
55 -76
56 -508
57 -62
58 -63
59 -70
60 -75
61 -1985
62 -73
63 -70
64 -3151
65 -76
66 -74
67 -74
68 -74
69 -75
70 -70
71 -76
72 -75
73 -74
74 -70
75 -75
76 -86
77 -70
78 -75
79 -70
80 -91
81 -76
82 -1402
83 -75
84 -75
85 -75
86 -74
87 -128
88 -73
89 -64
90 -67
91 -74
92 -62
93 -74
94 -73
95 -74
96 -76
97 -76
98 -74
99 -75
100 -75
101 -74
102 -74
103 -75
104 -62
105 -76
106 -76
107 -73
108 -62
109 -318
110 -73
111 -62
112 -419
113 -73
114 -75
115 -502
116 -62
117 -70
118 -75
119 -1143
120 -70
121 -238
122 -74
123 -1435
124 -62
125 -218
126 -520
127 -70
128 -70
129 -1191
130 -62
131 -62
132 -130
133 -75
134 -70
135 -4795
136 -62
137 -62
138 -70
139 -152
140 -70
141 -7199
142 -75
143 -69
144 -70
145 -75
146 -194
147 -75
148 -70
149 -62
150 -75
151 -70
152 -75
153 -36
154 -247
155 -74
156 -72
157 -76
158 -171
159 -75
160 -3311
161 -3892
162 -190
163 -70
164 -76
165 -62
166 -75
167 -73
168 -70
169 -74
170 -1041
171 -73
172 -567
173 -73
174 -75
175 -70
176 -394
177 -3023
178 -75
179 -70
180 -317
181 -74
182 -100
183 -448
184 -299
185 -108
186 -76
187 -76
188 -76
189 -74
190 -70
191 -70
192 -548
193 -2870
194 -3417
195 -76
196 -75
197 -63
198 -155
199 -159
200 -316
201 -75
202 -73
203 -3669
204 -75
205 -149
206 -70
207 -75
208 -76
209 -75
210 -75
211 -75
212 -75
213 -76
214 -76
215 -74
216 -73
217 -62
218 -62
219 -73
220 -73
221 -70
222 -788
223 -70
224 -76
225 -75
226 -1555
227 -123
228 -75
229 -70
230 -73
231 -133
232 -75
233 -76
234 -75
235 -70
236 -74
237 -70
238 -73
239 -73
240 -70
241 -1892
242 -504
243 -74
244 -62
245 -304
246 -73
247 -193
248 -74
249 -74
250 -70
251 -74
252 -75
253 -73
254 -105
255 -70
256 -75
257 -198
258 -340
259 -4962
260 -78
261 -70
262 -70
263 -70
264 -2363
265 -74
266 -4487
267 -62
268 -62
269 -1971
270 -70
271 -397
272 -76
273 -73
274 -74
275 -491
276 -71
277 -70
278 -70
279 -75
280 -74
281 -62
282 -75
283 -67
284 -74
285 -74
286 -70
287 -507
288 -75
289 -73
290 -75
291 -156
292 -135
293 -76
294 -76
295 -1941
296 -76
297 -1014
298 -74
299 -74
300 -164
301 -75
302 -70
303 -124
304 -73
305 -160
306 -75
307 -75
308 -70
309 -74
310 -143
311 -73
312 -699
313 -76
314 -73
315 -73
316 -151
317 -700
318 -62
319 -62
320 -70
321 -62
322 -84
323 -62
324 -73
325 -75
326 -1468
327 -251
328 -76
329 -75
330 -4688
331 -62
332 -76
333 -75
334 -70
335 -561
336 -73
337 -70
338 -197
339 -4370
340 -75
341 -1349
342 -70
343 -62
344 -75
345 -70
346 -3405
347 -1681
348 -62
349 -329
350 -70
351 -74
352 -405
353 -5325
354 -74
355 -74
356 -210
357 -70
358 -3744
359 -75
360 -75
361 -62
362 -74
363 -76
364 -70
365 -70
366 -363
367 -70
368 -74
369 -70
370 -74
371 -75
372 -76
373 -74
374 -70
375 -902
376 -96
377 -76
378 -70
379 -75
380 -76
381 -70
382 -73
383 -74
384 -70
385 -73
386 -70
387 -169
388 -74
389 -7016
390 -62
391 -544
392 -39
393 -70
394 -75
395 -75
396 -1377
397 -73
398 -74
399 -62
400 -1379
401 -70
402 -75
403 -62
404 -74
405 -73
406 -73
407 -55
408 -70
409 -74
410 -73
411 -70
412 -70
413 -75
414 -47
415 -62
416 -70
417 -70
418 -75
419 -71
420 -70
421 -75
422 -75
423 -3070
424 -70
425 -593
426 -70
427 -252
428 -2150
429 -65
430 -70
431 -70
432 -75
433 -80
434 -76
435 -73
436 -75
437 -339
438 -316
439 -1743
440 -3051
441 -76
442 -73
443 -254
444 -70
445 -70
446 -435
447 -122
448 -62
449 -73
450 -1065
451 -120
452 -73
453 -62
454 -62
455 -903
456 -70
457 -73
458 -62
459 -314
460 -57
461 -309
462 -70
463 -63
464 -70
465 -73
466 -1062
467 -195
468 -70
469 -70
470 -75
471 -70
472 -75
473 -75
474 -76
475 -76
476 -76
477 -75
478 -39
479 -1436
480 -220
481 -75
482 -62
483 -70
484 -62
485 -73
486 -70
487 -70
488 -75
489 -275
490 -75
491 -73
492 -287
493 -74
494 -71
495 -70
496 -75
497 -73
498 -469
499 -75
500 -75
501 -74
502 -70
503 -75
504 -67
505 -70
506 -49
507 -74
508 -70
509 -74
510 -76
511 -175
512 -5781
513 -76
514 -76
515 -3142
516 -74
517 -76
518 -70
519 -75
520 -70
521 -74
522 -74
523 -73
524 -76
525 -115
526 -73
527 -70
528 -4234
529 -70
530 -77
531 -70
532 -80
533 -70
534 -75
535 -289
536 -66
537 -62
538 -80
539 -74
540 -75
541 -75
542 -75
543 -77
544 -74
545 -65
546 -533
547 -75
548 -74
549 -70
550 -627
551 -70
552 -62
553 -62
554 -75
555 -70
556 -75
557 -2027
558 -520
559 -74
560 -62
561 -260
562 -75
563 -73
564 -2089
565 -74
566 -76
567 -73
568 -70
569 -443
570 -73
571 -350
572 -74
573 -2196
574 -75
575 -557
576 -70
577 -50
578 -70
579 -308
580 -2380
581 -801
582 -75
583 -88
584 -73
585 -108
586 -70
587 -74
588 -123
589 -75
590 -74
591 -6743
592 -305
593 -73
594 -70
595 -73
596 -157
597 -62
598 -75
599 -62
600 -70
601 -74
602 -70
603 -916
604 -74
605 -76
606 -70
607 -62
608 -62
609 -75
610 -75
611 -70
612 -98
613 -74
614 -60
615 -70
616 -74
617 -574
618 -571
619 -75
620 -351
621 -75
622 -70
623 -70
624 -76
625 -70
626 -70
627 -453
628 -74
629 -70
630 -62
631 -70
632 -75
633 -62
634 -75
635 -70
636 -446
637 -91
638 -76
639 -76
640 -75
641 -73
642 -70
643 -73
644 -62
645 -68
646 -70
647 -1944
648 -76
649 -70
650 -75
651 -186
652 -62
653 -7482
654 -62
655 -62
656 -333
657 -75
658 -73
659 -325
660 -74
661 -75
662 -197
663 -74
664 -70
665 -74
666 -73
667 -70
668 -75
669 -74
670 -132
671 -291
672 -76
673 -75
674 -62
675 -75
676 -74
677 -70
678 -75
679 -70
680 -62
681 -76
682 -70
683 -70
684 -62
685 -185
686 -76
687 -308
688 -73
689 -70
690 -636
691 -76
692 -1166
693 -62
694 -74
695 -312
696 -73
697 -70
698 -76
699 -74
700 -78
701 -76
702 -194
703 -4471
704 -232
705 -1286
706 -66
707 -70
708 -70
709 -70
710 -343
711 -75
712 -665
713 -62
714 -76
715 -70
716 -70
717 -70
718 -283
719 -75
720 -73
721 -6952
722 -1141
723 -81
724 -75
725 -70
726 -76
727 -62
728 -2687
729 -70
730 -52
731 -70
732 -74
733 -70
734 -70
735 -75
736 -74
737 -98
738 -62
739 -80
740 -75
741 -76
742 -215
743 -70
744 -75
745 -70
746 -2357
747 -75
748 -769
749 -239
750 -1172
751 -75
752 -74
753 -1137
754 -136
755 -70
756 -171
757 -75
758 -74
759 -2000
760 -75
761 -73
762 -2660
763 -76
764 -62
765 -75
766 -76
767 -185
768 -75
769 -62
770 -2082
771 -4770
772 -76
773 -75
774 -2251
775 -59
776 -3722
777 -75
778 -230
779 -75
780 -73
781 -70
782 -73
783 -75
784 -62
785 -76
786 -62
787 -74
788 -76
789 -75
790 -76
791 -76
792 -70
793 -73
794 -7278
795 -73
796 -76
797 -75
798 -76
799 -62
800 -75
801 -75
802 -62
803 -70
804 -335
805 -75
806 -62
807 -75
808 -62
809 -79
810 -73
811 -73
812 -76
813 -74
814 -61
815 -70
816 -74
817 -465
818 -75
819 -70
820 -2766
821 -74
822 -352
823 -70
824 -75
825 -70
826 -166
827 -379
828 -73
829 -62
830 -50
831 -76
832 -60
833 -369
834 -75
835 -76
836 -60
837 -74
838 -74
839 -75
840 -266
841 -660
842 -70
843 -70
844 -67
845 -73
846 -69
847 -73
848 -74
849 -66
850 -1021
851 -76
852 -75
853 -421
854 -616
855 -70
856 -70
857 -70
858 -70
859 -62
860 -62
861 -60
862 -6395
863 -62
864 -76
865 -70
866 -73
867 -62
868 -119
869 -75
870 -73
871 -70
872 -74
873 -75
874 -70
875 -73
876 -62
877 -76
878 -274
879 -70
880 -75
881 -70
882 -62
883 -365
884 -75
885 -2159
886 -1294
887 -62
888 -70
889 -75
890 -151
891 -75
892 -60
893 -62
894 -1102
895 -62
896 -77
897 -70
898 -73
899 -76
900 -4544
901 -63
902 -75
903 -62
904 -76
905 -169
906 -73
907 -70
908 -70
909 -579
910 -76
911 -70
912 -73
913 -2309
914 -62
915 -70
916 -70
917 -75
918 -62
919 -70
920 -75
921 -437
922 -75
923 -70
924 -74
925 -74
926 -73
927 -1799
928 -832
929 -70
930 -171
931 -70
932 -271
933 -78
934 -74
935 -73
936 -62
937 -1615
938 -62
939 -62
940 -70
941 -75
942 -70
943 -135
944 -4020
945 -3477
946 -576
947 -70
948 -75
949 -75
950 -75
951 -70
952 -70
953 -75
954 -1728
955 -76
956 -62
957 -71
958 -74
959 -73
960 -144
961 -62
962 -296
963 -70
964 -73
965 -78
966 -70
967 -73
968 -70
969 -276
970 -825
971 -74
972 -75
973 -70
974 -310
975 -410
976 -89
977 -203
978 -74
979 -70
980 -516
981 -74
982 -117
983 -74
984 -76
985 -74
986 -73
987 -62
988 -4386
989 -74
990 -73
991 -75
992 -73
993 -127
994 -76
995 -75
996 -75
997 -76
998 -62
999 -76
