0 -76
1 -1658
2 -348
3 -90
4 -5240
5 -833
6 -7283
7 -1598
8 -88
9 -2749
10 -90
11 -63
12 -299
13 -88
14 -89
15 -90
16 -90
17 -57
18 -1312
19 -1516
20 -1523
21 -2178
22 -89
23 -3465
24 -160
25 -88
26 -805
27 -1491
28 -89
29 -88
30 -89
31 -4028
32 -1166
33 -90
34 -3269
35 -58
36 -774
37 -69
38 -603
39 -115
40 -908
41 -37
42 -90
43 -66
44 -90
45 -48
46 -233
47 -88
48 -88
49 -3784
50 -3558
51 -6647
52 -82
53 -62
54 -276
55 -213
56 -89
57 -502
58 -90
59 -90
60 -90
61 -937
62 -72
63 -90
64 -492
65 -90
66 -688
67 -89
68 -77
69 -76
70 -73
71 -1181
72 -89
73 -45
74 -90
75 -144
76 -752
77 -90
78 -88
79 -785
80 -59
81 -41
82 -90
83 -558
84 -88
85 -1559
86 -90
87 -1727
88 -88
89 -1607
90 -90
91 -230
92 -3703
93 -63
94 -1970
95 -2372
96 -52
97 -76
98 -1839
99 -90
100 -90
101 -90
102 -77
103 -89
104 -90
105 -2775
106 -54
107 -88
108 -90
109 -308
110 -85
111 -62
112 -7876
113 -89
114 -90
115 -3020
116 -88
117 -17232
118 -581
119 -245
120 -2303
121 -12422
122 -2315
123 -90
124 -89
125 -41
126 -790
127 -263
128 -47
129 -3453
130 -2708
131 -2937
132 -89
133 -856
134 -6071
135 -88
136 -88
137 -283
138 -430
139 -76
140 -88
141 -90
142 -88
143 -65
144 -3882
145 -515
146 -81
147 -987
148 -79
149 -76
150 -2462
151 -1222
152 -50
153 -90
154 -90
155 -88
156 -90
157 -89
158 -995
159 -89
160 -1825
161 -1954
162 -90
163 -5710
164 -90
165 -428
166 -90
167 -90
168 -90
169 -90
170 -90
171 -54
172 -89
173 -4705
174 -68
175 -684
176 -72
177 -76
178 -828
179 -801
180 -90
181 -663
182 -3291
183 -2619
184 -90
185 -88
186 -68
187 -488
188 -1951
189 -90
190 -90
191 -88
192 -54
193 -1272
194 -2177
195 -62
196 -63
197 -69
198 -63
199 -90
200 -69
201 -40
202 -943
203 -89
204 -88
205 -88
206 -621
207 -7402
208 -89
209 -90
210 -72
211 -89
212 -2300
213 -889
214 -90
215 -90
216 -1159
217 -62
218 -90
219 -1900
220 -69
221 -88
222 -4950
223 -90
224 -621
225 -2489
226 -5646
227 -365
228 -89
229 -52
230 -76
231 -77
232 -164
233 -217
234 -772
235 -1766
236 -90
237 -4735
238 -1015
239 -507
240 -57
241 -58
242 -90
243 -90
244 -47
245 -1256
246 -90
247 -279
248 -89
249 -34
250 -450
251 -89
252 -76
253 -1666
254 -40
255 -63
256 -90
257 -1535
258 -80
259 -89
260 -2906
261 -89
262 -430
263 -90
264 -4258
265 -89
266 -90
267 -54
268 -1723
269 -1132
270 -68
271 -1907
272 -44
273 -2955
274 -89
275 -1689
276 -59
277 -1119
278 -90
279 -77
280 -90
281 -88
282 -5469
283 -77
284 -409
285 -721
286 -76
287 -90
288 -88
289 -74
290 -760
291 -99
292 -90
293 -88
294 -90
295 -1466
296 -90
297 -800
298 -90
299 -88
300 -90
301 -3119
302 -11623
303 -90
304 -282
305 -47
306 -83
307 -88
308 -90
309 -89
310 -3774
311 -878
312 -527
313 -510
314 -2178
315 -2705
316 -158
317 -74
318 -73
319 -90
320 -89
321 -1514
322 -95
323 -90
324 -664
325 -63
326 -7099
327 -88
328 -3993
329 -1859
330 -64
331 -3754
332 -160
333 -645
334 -220
335 -8085
336 -2203
337 -343
338 -69
339 -1156
340 -90
341 -2533
342 -63
343 -3636
344 -89
345 -1338
346 -1743
347 -90
348 -88
349 -4233
350 -315
351 -3908
352 -90
353 -885
354 -76
355 -88
356 -89
357 -90
358 -90
359 -90
360 -2906
361 -88
362 -88
363 -54
364 -89
365 -90
366 -90
367 -90
368 -659
369 -88
370 -3578
371 -93
372 -6496
373 -89
374 -1579
375 -7196
376 -814
377 -100
378 -90
379 -90
380 -530
381 -90
382 -41
383 -90
384 -90
385 -88
386 -62
387 -88
388 -90
389 -5816
390 -355
391 -4264
392 -1500
393 -89
394 -89
395 -2328
396 -58
397 -76
398 -90
399 -90
400 -88
401 -90
402 -90
403 -88
404 -1590
405 -90
406 -90
407 -4769
408 -87
409 -158
410 -88
411 -90
412 -55
413 -358
414 -90
415 -4259
416 -90
417 -847
418 -90
419 -1734
420 -90
421 -72
422 -89
423 -3881
424 -2821
425 -90
426 -90
427 -90
428 -90
429 -63
430 -45
431 -6655
432 -88
433 -90
434 -63
435 -369
436 -90
437 -6001
438 -89
439 -1623
440 -1304
441 -93
442 -6049
443 -49
444 -44
445 -988
446 -1081
447 -263
448 -1235
449 -90
450 -935
451 -52
452 -2823
453 -2461
454 -90
455 -41
456 -87
457 -59
458 -40
459 -53
460 -90
461 -90
462 -2873
463 -2896
464 -89
465 -64
466 -90
467 -293
468 -3742
469 -826
470 -3079
471 -90
472 -65
473 -1018
474 -1150
475 -5232
476 -63
477 -53
478 -3959
479 -77
480 -1543
481 -9241
482 -4881
483 -671
484 -2544
485 -1725
486 -2056
487 -90
488 -930
489 -90
490 -61
491 -80
492 -88
493 -90
494 -88
495 -79
496 -2161
497 -6280
498 -58
499 -90
500 -3691
501 -2023
502 -88
503 -89
504 -5389
505 -90
506 -73
507 -88
508 -900
509 -4853
510 -804
511 -90
512 -90
513 -90
514 -1403
515 -95
516 -73
517 -163
518 -90
519 -90
520 -89
521 -697
522 -59
523 -1194
524 -88
525 -889
526 -1156
527 -90
528 -90
529 -90
530 -75
531 -88
532 -90
533 -63
534 -88
535 -3650
536 -90
537 -1308
538 -3244
539 -686
540 -89
541 -90
542 -90
543 -10422
544 -940
545 -90
546 -73
547 -88
548 -88
549 -62
550 -90
551 -89
552 -88
553 -90
554 -89
555 -63
556 -75
557 -90
558 -90
559 -528
560 -93
561 -90
562 -1559
563 -2847
564 -59
565 -88
566 -3407
567 -90
568 -1588
569 -117
570 -3274
571 -1925
572 -6739
573 -90
574 -113
575 -3134
576 -268
577 -72
578 -88
579 -90
580 -88
581 -90
582 -120
583 -1476
584 -813
585 -75
586 -88
587 -63
588 -90
589 -8009
590 -603
591 -620
592 -1564
593 -57
594 -98
595 -90
596 -88
597 -3092
598 -2072
599 -412
600 -89
601 -3627
602 -1585
603 -88
604 -90
605 -543
606 -90
607 -613
608 -2245
609 -90
610 -90
611 -1910
612 -90
613 -88
614 -77
615 -782
616 -72
617 -769
618 -148
619 -90
620 -6013
621 -72
622 -77
623 -7496
624 -89
625 -75
626 -478
627 -34
628 -95
629 -31
630 -1999
631 -90
632 -88
633 -90
634 -563
635 -89
636 -90
637 -58
638 -62
639 -90
640 -90
641 -90
642 -63
643 -89
644 -5337
645 -1569
646 -90
647 -88
648 -3954
649 -90
650 -90
651 -89
652 -90
653 -433
654 -90
655 -88
656 -69
657 -1111
658 -89
659 -88
660 -3053
661 -90
662 -7915
663 -4321
664 -92
665 -89
666 -89
667 -89
668 -1351
669 -68
670 -58
671 -63
672 -325
673 -88
674 -1614
675 -473
676 -58
677 -90
678 -611
679 -90
680 -7390
681 -85
682 -4398
683 -2550
684 -89
685 -1211
686 -70
687 -88
688 -592
689 -95
690 -90
691 -1723
692 -76
693 -82
694 -90
695 -1049
696 -89
697 -88
698 -89
699 -1218
700 -3786
701 -93
702 -1503
703 -41
704 -4454
705 -90
706 -2244
707 -1097
708 -65
709 -1624
710 -393
711 -90
712 -88
713 -76
714 -90
715 -249
716 -1715
717 -88
718 -1698
719 -60
720 -88
721 -76
722 -536
723 -8051
724 -2822
725 -1278
726 -449
727 -73
728 -89
729 -90
730 -2770
731 -200
732 -1538
733 -90
734 -90
735 -89
736 -3048
737 -89
738 -160
739 -90
740 -68
741 -2501
742 -1585
743 -684
744 -1341
745 -2894
746 -88
747 -2363
748 -336
749 -90
750 -74
751 -482
752 -89
753 -6706
754 -88
755 -90
756 -88
757 -4150
758 -90
759 -660
760 -494
761 -91
762 -88
763 -1665
764 -90
765 -762
766 -89
767 -85
768 -2363
769 -58
770 -50
771 -89
772 -90
773 -89
774 -90
775 -88
776 -1139
777 -223
778 -1400
779 -87
780 -1282
781 -88
782 -88
783 -911
784 -89
785 -90
786 -1995
787 -513
788 -68
789 -72
790 -53
791 -729
792 -88
793 -891
794 -90
795 -90
796 -89
797 -90
798 -596
799 -90
800 -54
801 -84
802 -89
803 -1195
804 -1308
805 -73
806 -63
807 -6747
808 -90
809 -63
810 -58
811 -63
812 -90
813 -2068
814 -58
815 -2863
816 -1495
817 -1756
818 -89
819 -1438
820 -1730
821 -6401
822 -90
823 -2807
824 -63
825 -183
826 -74
827 -404
828 -90
829 -1389
830 -615
831 -941
832 -90
833 -381
834 -418
835 -43
836 -90
837 -895
838 -68
839 -868
840 -419
841 -90
842 -429
843 -89
844 -1532
845 -88
846 -2902
847 -72
848 -88
849 -72
850 -664
851 -93
852 -90
853 -2009
854 -90
855 -44
856 -88
857 -90
858 -90
859 -951
860 -3534
861 -3369
862 -2503
863 -91
864 -90
865 -3281
866 -88
867 -2008
868 -60
869 -28
870 -89
871 -53
872 -90
873 -41
874 -88
875 -3260
876 -63
877 -88
878 -90
879 -90
880 -90
881 -293
882 -39
883 -6587
884 -89
885 -1493
886 -1369
887 -94
888 -73
889 -1619
890 -79
891 -4114
892 -195
893 -62
894 -90
895 -89
896 -90
897 -63
898 -90
899 -90
900 -1335
901 -2182
902 -36
903 -353
904 -88
905 -915
906 -88
907 -6015
908 -550
909 -240
910 -90
911 -90
912 -556
913 -471
914 -1289
915 -5792
916 -90
917 -89
918 -899
919 -1937
920 -90
921 -88
922 -89
923 -2826
924 -89
925 -4857
926 -5521
927 -3824
928 -88
929 -90
930 -649
931 -90
932 -88
933 -736
934 -90
935 -3003
936 -89
937 -90
938 -95
939 -89
940 -519
941 -59
942 -90
943 -2744
944 -90
945 -90
946 -1778
947 -1918
948 -2586
949 -94
950 -64
951 -478
952 -77
953 -402
954 -90
955 -90
956 -354
957 -906
958 -297
959 -88
960 -88
961 -77
962 -431
963 -89
964 -413
965 -928
966 -49
967 -89
968 -89
969 -88
970 -90
971 -26
972 -90
973 -89
974 -88
975 -736
976 -457
977 -89
978 -59
979 -88
980 -583
981 -2157
982 -194
983 -662
984 -88
985 -1476
986 -88
987 -925
988 -88
989 -90
990 -90
991 -90
992 -36
993 -58
994 -64
995 -55
996 -986
997 -90
998 -88
999 -3476
