0 -65
1 -35
2 -63
3 -64
4 -65
5 -52
6 -2941
7 -58
8 -52
9 -65
10 -40
11 -2375
12 -1463
13 -65
14 -21
15 -63
16 -53
17 -64
18 -82
19 -64
20 -52
21 -65
22 -58
23 -50
24 -66
25 -1496
26 -52
27 -63
28 -63
29 -27
30 -66
31 -292
32 -36
33 -58
34 -65
35 -64
36 -60
37 -64
38 -64
39 -65
40 -254
41 -66
42 -64
43 -39
44 -66
45 -92
46 -63
47 -66
48 -94
49 -64
50 -65
51 -63
52 -1063
53 -219
54 -2221
55 -59
56 -66
57 -63
58 -63
59 -65
60 -63
61 -121
62 -60
63 -41
64 -209
65 -65
66 -64
67 -66
68 -63
69 -58
70 -138
71 -48
72 -5791
73 -55
74 -63
75 -65
76 -58
77 -65
78 -64
79 -58
80 -63
81 -37
82 -40
83 -4023
84 -43
85 -52
86 -65
87 -46
88 -64
89 -64
90 -66
91 -363
92 -63
93 -65
94 -92
95 -52
96 -65
97 -65
98 -52
99 -66
100 -65
101 -3902
102 -63
103 -65
104 -63
105 -144
106 -308
107 -601
108 -19
109 -2069
110 -59
111 -58
112 -48
113 -52
114 -48
115 -55
116 -52
117 -66
118 -2218
119 -65
120 -48
121 -66
122 -3469
123 -65
124 -63
125 -45
126 -3274
127 -66
128 -1358
129 -57
130 -43
131 -66
132 -64
133 -48
134 -64
135 -3420
136 -48
137 -66
138 -856
139 -135
140 -41
141 -65
142 -64
143 -52
144 -24
145 -66
146 -52
147 -66
148 -65
149 -2717
150 -65
151 -534
152 -3590
153 -46
154 -65
155 -63
156 -63
157 -239
158 -17
159 -65
160 -66
161 -1744
162 -65
163 -66
164 -326
165 -64
166 -69
167 -66
168 -65
169 -52
170 -48
171 -167
172 -49
173 -66
174 -206
175 -64
176 -1134
177 -40
178 -64
179 -65
180 -65
181 -64
182 -190
183 -64
184 -69
185 -63
186 -65
187 -59
188 -70
189 -67
190 -48
191 -64
192 -64
193 -63
194 -70
195 -59
196 -52
197 -63
198 -65
199 -65
200 -3799
201 -66
202 -65
203 -58
204 -63
205 -65
206 -65
207 -5200
208 -4771
209 -58
210 -65
211 -43
212 -48
213 -560
214 -65
215 -488
216 -66
217 -32
218 -48
219 -52
220 -48
221 -50
222 -63
223 -66
224 -65
225 -96
226 -1354
227 -375
228 -158
229 -66
230 -52
231 -64
232 -66
233 -100
234 -44
235 -65
236 -47
237 -66
238 -65
239 -2923
240 -1680
241 -88
242 -52
243 -485
244 -41
245 -88
246 -510
247 -24
248 -762
249 -59
250 -52
251 -361
252 -58
253 -63
254 -72
255 -233
256 -64
257 -63
258 -65
259 -64
260 -63
261 -119
262 -58
263 -95
264 -64
265 -66
266 -65
267 -58
268 -64
269 -133
270 -4301
271 -52
272 -63
273 -70
274 -65
275 -64
276 -61
277 -160
278 -48
279 -3298
280 -52
281 -52
282 -52
283 -58
284 -46
285 -66
286 -66
287 -2074
288 -64
289 -44
290 -63
291 -66
292 -161
293 -95
294 -65
295 -65
296 -63
297 -808
298 -507
299 -52
300 -64
301 -836
302 -66
303 -58
304 -558
305 -65
306 -155
307 -162
308 -66
309 -62
310 -54
311 -63
312 -51
313 -65
314 -52
315 -52
316 -565
317 -64
318 -48
319 -65
320 -60
321 -65
322 -38
323 -49
324 -1324
325 -65
326 -63
327 -63
328 -48
329 -63
330 -58
331 -65
332 -101
333 -52
334 -177
335 -52
336 -65
337 -63
338 -64
339 -58
340 -63
341 -63
342 -66
343 -49
344 -52
345 -64
346 -64
347 -64
348 -64
349 -907
350 -52
351 -52
352 -64
353 -65
354 -66
355 -65
356 -66
357 -50
358 -66
359 -150
360 -65
361 -65
362 -52
363 -64
364 -65
365 -337
366 -52
367 -65
368 -42
369 -65
370 -58
371 -64
372 -52
373 -399
374 -65
375 -64
376 -66
377 -58
378 -103
379 -65
380 -63
381 -60
382 -64
383 -65
384 -454
385 -46
386 -65
387 -65
388 -1508
389 -48
390 -66
391 -65
392 -2572
393 -64
394 -65
395 -6517
396 -56
397 -267
398 -64
399 -402
400 -670
401 -65
402 -237
403 -65
404 -38
405 -89
406 -64
407 -51
408 -58
409 -158
410 -40
411 -149
412 -6195
413 -66
414 -65
415 -52
416 -65
417 -66
418 -39
419 -40
420 -65
421 -64
422 -562
423 -52
424 -52
425 -327
426 -52
427 -63
428 -351
429 -369
430 -65
431 -65
432 -66
433 -64
434 -48
435 -43
436 -63
437 -52
438 -65
439 -65
440 -65
441 -65
442 -65
443 -65
444 -59
445 -65
446 -66
447 -797
448 -64
449 -87
450 -65
451 -64
452 -390
453 -65
454 -194
455 -31
456 -64
457 -66
458 -506
459 -1054
460 -63
461 -65
462 -66
463 -65
464 -65
465 -48
466 -65
467 -63
468 -385
469 -5743
470 -52
471 -45
472 -58
473 -66
474 -169
475 -154
476 -58
477 -58
478 -297
479 -49
480 -65
481 -172
482 -85
483 -65
484 -65
485 -162
486 -48
487 -590
488 -65
489 -48
490 -59
491 -64
492 -68
493 -58
494 -1749
495 -65
496 -66
497 -66
498 -63
499 -65
500 -65
501 -177
502 -59
503 -64
504 -42
505 -52
506 -42
507 -63
508 -66
509 -60
510 -66
511 -481
512 -65
513 -65
514 -44
515 -808
516 -70
517 -1743
518 -56
519 -563
520 -65
521 -58
522 -65
523 -64
524 -52
525 -65
526 -65
527 -63
528 -65
529 -19
530 -975
531 -52
532 -5670
533 -65
534 -390
535 -52
536 -65
537 -59
538 -58
539 -65
540 -56
541 -52
542 -65
543 -58
544 -58
545 -63
546 -58
547 -58
548 -63
549 -67
550 -64
551 -36
552 -52
553 -65
554 -4050
555 -52
556 -65
557 -833
558 -65
559 -70
560 -64
561 -65
562 -64
563 -59
564 -63
565 -63
566 -388
567 -387
568 -134
569 -52
570 -63
571 -66
572 -49
573 -65
574 -36
575 -418
576 -51
577 -64
578 -65
579 -63
580 -64
581 -8164
582 -65
583 -48
584 -64
585 -63
586 -65
587 -412
588 -66
589 -555
590 -63
591 -58
592 -65
593 -48
594 -312
595 -63
596 -1020
597 -56
598 -343
599 -65
600 -64
601 -64
602 -60
603 -52
604 -249
605 -63
606 -9957
607 -66
608 -65
609 -1604
610 -173
611 -45
612 -2454
613 -66
614 -1350
615 -64
616 -65
617 -63
618 -66
619 -65
620 -65
621 -63
622 -51
623 -65
624 -64
625 -65
626 -59
627 -156
628 -1585
629 -63
630 -63
631 -70
632 -1846
633 -29
634 -5571
635 -460
636 -52
637 -64
638 -66
639 -64
640 -21
641 -56
642 -84
643 -58
644 -66
645 -52
646 -58
647 -63
648 -76
649 -4830
650 -4375
651 -65
652 -66
653 -64
654 -65
655 -59
656 -52
657 -47
658 -65
659 -53
660 -48
661 -70
662 -65
663 -313
664 -64
665 -58
666 -48
667 -58
668 -66
669 -63
670 -186
671 -65
672 -66
673 -476
674 -64
675 -65
676 -52
677 -66
678 -35
679 -58
680 -207
681 -64
682 -52
683 -65
684 -1135
685 -56
686 -63
687 -2835
688 -27
689 -65
690 -49
691 -65
692 -65
693 -66
694 -66
695 -49
696 -32
697 -65
698 -66
699 -63
700 -52
701 -43
702 -626
703 -64
704 -66
705 -52
706 -302
707 -58
708 -646
709 -39
710 -6498
711 -63
712 -1935
713 -64
714 -65
715 -58
716 -65
717 -350
718 -65
719 -52
720 -52
721 -64
722 -94
723 -44
724 -56
725 -52
726 -52
727 -66
728 -227
729 -55
730 -52
731 -122
732 -65
733 -63
734 -71
735 -1019
736 -52
737 -48
738 -66
739 -49
740 -64
741 -1087
742 -65
743 -54
744 -48
745 -66
746 -48
747 -64
748 -48
749 -63
750 -63
751 -30
752 -102
753 -1101
754 -55
755 -65
756 -18
757 -66
758 -683
759 -65
760 -35
761 -64
762 -63
763 -64
764 -58
765 -53
766 -59
767 -770
768 -2214
769 -37
770 -63
771 -63
772 -863
773 -61
774 -65
775 -63
776 -65
777 -574
778 -58
779 -65
780 -48
781 -66
782 -69
783 -66
784 -66
785 -52
786 -57
787 -20
788 -56
789 -52
790 -64
791 -52
792 -66
793 -53
794 -64
795 -284
796 -63
797 -52
798 -45
799 -52
800 -63
801 -52
802 -65
803 -48
804 -80
805 -52
806 -64
807 -218
808 -49
809 -52
810 -65
811 -44
812 -65
813 -66
814 -63
815 -2282
816 -400
817 -52
818 -48
819 -65
820 -65
821 -65
822 -55
823 -52
824 -65
825 -64
826 -144
827 -535
828 -24
829 -65
830 -66
831 -64
832 -66
833 -48
834 -57
835 -3498
836 -66
837 -49
838 -63
839 -66
840 -65
841 -39
842 -68
843 -157
844 -64
845 -299
846 -34
847 -189
848 -66
849 -63
850 -239
851 -65
852 -65
853 -64
854 -65
855 -48
856 -183
857 -52
858 -36
859 -66
860 -54
861 -63
862 -64
863 -64
864 -9406
865 -65
866 -47
867 -63
868 -55
869 -60
870 -64
871 -52
872 -43
873 -63
874 -814
875 -64
876 -1608
877 -63
878 -52
879 -52
880 -64
881 -300
882 -52
883 -66
884 -64
885 -53
886 -65
887 -75
888 -180
889 -58
890 -76
891 -329
892 -64
893 -65
894 -66
895 -64
896 -58
897 -2686
898 -58
899 -348
900 -65
901 -277
902 -166
903 -66
904 -58
905 -64
906 -42
907 -59
908 -80
909 -64
910 -406
911 -66
912 -244
913 -114
914 -57
915 -66
916 -52
917 -64
918 -52
919 -213
920 -53
921 -483
922 -59
923 -127
924 -65
925 -717
926 -65
927 -58
928 -178
929 -2555
930 -59
931 -52
932 -65
933 -64
934 -52
935 -65
936 -47
937 -52
938 -58
939 -65
940 -66
941 -214
942 -58
943 -65
944 -65
945 -65
946 -66
947 -52
948 -66
949 -66
950 -65
951 -63
952 -66
953 -65
954 -44
955 -64
956 -52
957 -48
958 -382
959 -209
960 -63
961 -49
962 -66
963 -63
964 -65
965 -47
966 -1273
967 -65
968 -65
969 -63
970 -65
971 -880
972 -237
973 -71
974 -608
975 -236
976 -102
977 -65
978 -49
979 -63
980 -54
981 -65
982 -51
983 -434
984 -64
985 -64
986 -64
987 -48
988 -58
989 -58
990 -48
991 -59
992 -65
993 -685
994 -416
995 -1881
996 -63
997 -76
998 -63
999 -57
