0 -70
1 -70
2 -74
3 -124
4 -76
5 -62
6 -70
7 -75
8 -74
9 -70
10 -63
11 -70
12 -73
13 -76
14 -63
15 -70
16 -70
17 -73
18 -1929
19 -73
20 -70
21 -73
22 -68
23 -56
24 -927
25 -62
26 -75
27 -70
28 -52
29 -63
30 -59
31 -75
32 -70
33 -70
34 -74
35 -63
36 -70
37 -62
38 -74
39 -74
40 -76
41 -62
42 -75
43 -62
44 -68
45 -70
46 -486
47 -144
48 -62
49 -799
50 -73
51 -76
52 -76
53 -1756
54 -75
55 -74
56 -3613
57 -63
58 -76
59 -305
60 -503
61 -76
62 -74
63 -70
64 -50
65 -97
66 -74
67 -44
68 -63
69 -81
70 -62
71 -70
72 -70
73 -75
74 -70
75 -63
76 -70
77 -1880
78 -74
79 -76
80 -300
81 -70
82 -75
83 -62
84 -70
85 -1646
86 -75
87 -70
88 -62
89 -75
90 -74
91 -74
92 -74
93 -70
94 -62
95 -63
96 -3436
97 -62
98 -76
99 -87
100 -70
101 -75
102 -62
103 -1019
104 -70
105 -71
106 -67
107 -1380
108 -76
109 -62
110 -63
111 -74
112 -75
113 -70
114 -70
115 -73
116 -75
117 -76
118 -86
119 -75
120 -76
121 -63
122 -62
123 -74
124 -74
125 -8027
126 -2373
127 -73
128 -76
129 -75
130 -75
131 -73
132 -70
133 -74
134 -63
135 -62
136 -63
137 -62
138 -73
139 -75
140 -63
141 -62
142 -70
143 -74
144 -74
145 -70
146 -74
147 -75
148 -75
149 -70
150 -74
151 -223
152 -70
153 -70
154 -63
155 -75
156 -8609
157 -62
158 -73
159 -75
160 -44
161 -74
162 -74
163 -76
164 -75
165 -488
166 -65
167 -72
168 -74
169 -75
170 -62
171 -62
172 -75
173 -63
174 -73
175 -73
176 -73
177 -70
178 -62
179 -354
180 -70
181 -75
182 -53
183 -73
184 -70
185 -2289
186 -70
187 -691
188 -106
189 -76
190 -70
191 -70
192 -63
193 -4099
194 -63
195 -75
196 -68
197 -76
198 -76
199 -73
200 -70
201 -62
202 -70
203 -70
204 -73
205 -63
206 -74
207 -75
208 -70
209 -62
210 -73
211 -63
212 -75
213 -63
214 -74
215 -70
216 -75
217 -62
218 -63
219 -66
220 -62
221 -76
222 -629
223 -70
224 -62
225 -55
226 -63
227 -483
228 -75
229 -73
230 -73
231 -70
232 -127
233 -73
234 -116
235 -70
236 -75
237 -971
238 -718
239 -74
240 -75
241 -306
242 -727
243 -76
244 -74
245 -101
246 -217
247 -73
248 -70
249 -179
250 -70
251 -70
252 -578
253 -344
254 -70
255 -287
256 -70
257 -75
258 -287
259 -70
260 -70
261 -2987
262 -75
263 -76
264 -70
265 -63
266 -70
267 -73
268 -106
269 -70
270 -73
271 -75
272 -75
273 -75
274 -70
275 -76
276 -75
277 -143
278 -70
279 -70
280 -3975
281 -59
282 -75
283 -74
284 -63
285 -75
286 -141
287 -75
288 -397
289 -70
290 -75
291 -73
292 -76
293 -73
294 -74
295 -2750
296 -70
297 -75
298 -241
299 -74
300 -76
301 -73
302 -51
303 -631
304 -527
305 -73
306 -73
307 -70
308 -166
309 -63
310 -75
311 -75
312 -73
313 -204
314 -359
315 -76
316 -70
317 -70
318 -75
319 -76
320 -74
321 -74
322 -1481
323 -62
324 -74
325 -75
326 -75
327 -62
328 -74
329 -74
330 -59
331 -76
332 -62
333 -2905
334 -75
335 -3837
336 -70
337 -70
338 -73
339 -75
340 -76
341 -3551
342 -195
343 -610
344 -63
345 -73
346 -75
347 -76
348 -62
349 -63
350 -75
351 -228
352 -65
353 -70
354 -62
355 -1457
356 -63
357 -75
358 -75
359 -84
360 -63
361 -70
362 -75
363 -261
364 -70
365 -73
366 -62
367 -76
368 -3089
369 -70
370 -63
371 -63
372 -75
373 -70
374 -76
375 -62
376 -75
377 -70
378 -153
379 -75
380 -74
381 -70
382 -70
383 -73
384 -70
385 -74
386 -63
387 -103
388 -181
389 -73
390 -70
391 -70
392 -63
393 -73
394 -74
395 -70
396 -67
397 -76
398 -321
399 -62
400 -50
401 -70
402 -349
403 -70
404 -75
405 -76
406 -62
407 -74
408 -75
409 -98
410 -70
411 -70
412 -74
413 -63
414 -70
415 -75
416 -415
417 -70
418 -138
419 -68
420 -63
421 -75
422 -62
423 -139
424 -73
425 -441
426 -70
427 -125
428 -4042
429 -76
430 -70
431 -62
432 -70
433 -70
434 -74
435 -76
436 -74
437 -76
438 -73
439 -4289
440 -63
441 -45
442 -75
443 -74
444 -728
445 -63
446 -108
447 -106
448 -70
449 -63
450 -76
451 -76
452 -76
453 -76
454 -73
455 -465
456 -75
457 -70
458 -62
459 -76
460 -63
461 -75
462 -73
463 -335
464 -76
465 -62
466 -74
467 -70
468 -73
469 -75
470 -28
471 -73
472 -70
473 -70
474 -74
475 -70
476 -74
477 -75
478 -76
479 -70
480 -74
481 -70
482 -63
483 -1025
484 -70
485 -70
486 -70
487 -250
488 -2377
489 -72
490 -75
491 -75
492 -468
493 -62
494 -66
495 -1925
496 -785
497 -63
498 -70
499 -486
500 -76
501 -73
502 -75
503 -2666
504 -71
505 -76
506 -75
507 -76
508 -73
509 -63
510 -165
511 -74
512 -76
513 -76
514 -75
515 -63
516 -70
517 -62
518 -177
519 -75
520 -62
521 -74
522 -62
523 -74
524 -75
525 -70
526 -75
527 -63
528 -62
529 -73
530 -70
531 -202
532 -76
533 -75
534 -70
535 -64
536 -75
537 -75
538 -73
539 -126
540 -378
541 -74
542 -70
543 -73
544 -70
545 -75
546 -74
547 -427
548 -1633
549 -74
550 -75
551 -94
552 -73
553 -63
554 -62
555 -63
556 -75
557 -304
558 -63
559 -63
560 -63
561 -6509
562 -76
563 -75
564 -73
565 -75
566 -73
567 -340
568 -75
569 -74
570 -1031
571 -76
572 -2719
573 -62
574 -74
575 -77
576 -62
577 -62
578 -179
579 -79
580 -75
581 -780
582 -1157
583 -70
584 -448
585 -75
586 -62
587 -73
588 -73
589 -70
590 -62
591 -74
592 -76
593 -73
594 -883
595 -5956
596 -74
597 -249
598 -75
599 -67
600 -75
601 -75
602 -75
603 -62
604 -66
605 -75
606 -379
607 -70
608 -75
609 -74
610 -75
611 -70
612 -70
613 -63
614 -76
615 -62
616 -62
617 -473
618 -73
619 -4801
620 -75
621 -75
622 -62
623 -255
624 -51
625 -73
626 -74
627 -63
628 -42
629 -62
630 -199
631 -74
632 -75
633 -74
634 -74
635 -74
636 -62
637 -62
638 -75
639 -73
640 -589
641 -109
642 -235
643 -349
644 -281
645 -73
646 -70
647 -70
648 -62
649 -73
650 -490
651 -63
652 -73
653 -359
654 -78
655 -8501
656 -74
657 -75
658 -73
659 -70
660 -63
661 -78
662 -889
663 -63
664 -513
665 -76
666 -63
667 -76
668 -73
669 -70
670 -76
671 -70
672 -63
673 -70
674 -213
675 -74
676 -73
677 -279
678 -75
679 -76
680 -76
681 -171
682 -76
683 -70
684 -74
685 -140
686 -81
687 -65
688 -75
689 -73
690 -62
691 -76
692 -75
693 -70
694 -70
695 -70
696 -1062
697 -238
698 -70
699 -70
700 -279
701 -76
702 -62
703 -812
704 -70
705 -62
706 -70
707 -9024
708 -70
709 -75
710 -308
711 -76
712 -70
713 -9443
714 -62
715 -406
716 -76
717 -73
718 -908
719 -70
720 -2071
721 -70
722 -545
723 -75
724 -7041
725 -63
726 -67
727 -63
728 -116
729 -70
730 -73
731 -70
732 -446
733 -75
734 -86
735 -73
736 -70
737 -63
738 -63
739 -74
740 -63
741 -70
742 -342
743 -74
744 -74
745 -63
746 -74
747 -631
748 -73
749 -71
750 -73
751 -70
752 -73
753 -75
754 -4280
755 -70
756 -1198
757 -315
758 -62
759 -74
760 -70
761 -3546
762 -70
763 -67
764 -71
765 -837
766 -70
767 -255
768 -70
769 -239
770 -70
771 -70
772 -73
773 -3321
774 -70
775 -63
776 -62
777 -62
778 -556
779 -652
780 -70
781 -75
782 -75
783 -70
784 -75
785 -482
786 -556
787 -598
788 -74
789 -70
790 -943
791 -75
792 -76
793 -703
794 -6882
795 -73
796 -76
797 -70
798 -73
799 -2237
800 -75
801 -74
802 -70
803 -63
804 -70
805 -74
806 -75
807 -70
808 -70
809 -4048
810 -75
811 -80
812 -74
813 -74
814 -62
815 -1979
816 -284
817 -84
818 -76
819 -1495
820 -350
821 -70
822 -73
823 -70
824 -75
825 -723
826 -70
827 -343
828 -63
829 -74
830 -3627
831 -74
832 -76
833 -1253
834 -75
835 -62
836 -73
837 -74
838 -142
839 -228
840 -183
841 -62
842 -62
843 -2520
844 -532
845 -264
846 -74
847 -75
848 -63
849 -74
850 -68
851 -216
852 -75
853 -70
854 -63
855 -62
856 -74
857 -75
858 -75
859 -63
860 -76
861 -70
862 -73
863 -75
864 -70
865 -75
866 -262
867 -70
868 -3345
869 -76
870 -62
871 -62
872 -5818
873 -75
874 -70
875 -73
876 -62
877 -557
878 -75
879 -70
880 -70
881 -73
882 -76
883 -73
884 -70
885 -161
886 -4649
887 -485
888 -74
889 -75
890 -73
891 -62
892 -76
893 -70
894 -602
895 -74
896 -76
897 -644
898 -74
899 -70
900 -74
901 -68
902 -656
903 -70
904 -47
905 -76
906 -73
907 -73
908 -225
909 -1026
910 -75
911 -1218
912 -2662
913 -465
914 -62
915 -75
916 -342
917 -75
918 -63
919 -4194
920 -74
921 -129
922 -2676
923 -75
924 -73
925 -79
926 -75
927 -76
928 -75
929 -63
930 -485
931 -63
932 -62
933 -75
934 -73
935 -62
936 -75
937 -62
938 -70
939 -420
940 -4678
941 -728
942 -70
943 -76
944 -76
945 -70
946 -237
947 -68
948 -70
949 -334
950 -63
951 -70
952 -70
953 -63
954 -70
955 -2311
956 -73
957 -73
958 -85
959 -74
960 -62
961 -70
962 -70
963 -70
964 -70
965 -74
966 -75
967 -269
968 -63
969 -62
970 -76
971 -1171
972 -267
973 -73
974 -63
975 -1318
976 -62
977 -70
978 -74
979 -75
980 -62
981 -79
982 -74
983 -75
984 -75
985 -70
986 -75
987 -75
988 -73
989 -5351
990 -74
991 -709
992 -70
993 -811
994 -70
995 -70
996 -70
997 -113
998 -112
999 -720
