0 -70
1 -62
2 -75
3 -41
4 -93
5 -76
6 -75
7 -75
8 -70
9 -2306
10 -76
11 -256
12 -70
13 -56
14 -70
15 -76
16 -76
17 -601
18 -51
19 -75
20 -70
21 -75
22 -75
23 -709
24 -70
25 -242
26 -70
27 -75
28 -70
29 -75
30 -1038
31 -70
32 -74
33 -791
34 -62
35 -527
36 -4125
37 -489
38 -76
39 -74
40 -74
41 -180
42 -62
43 -75
44 -70
45 -74
46 -77
47 -235
48 -75
49 -57
50 -73
51 -74
52 -70
53 -74
54 -74
55 -70
56 -75
57 -70
58 -40
59 -74
60 -31
61 -108
62 -74
63 -75
64 -73
65 -142
66 -77
67 -75
68 -74
69 -62
70 -4235
71 -77
72 -70
73 -74
74 -74
75 -45
76 -70
77 -59
78 -73
79 -70
80 -75
81 -75
82 -713
83 -4379
84 -27
85 -74
86 -73
87 -36
88 -76
89 -76
90 -62
91 -219
92 -85
93 -5954
94 -62
95 -51
96 -144
97 -62
98 -75
99 -76
100 -76
101 -74
102 -220
103 -76
104 -76
105 -70
106 -78
107 -176
108 -62
109 -75
110 -73
111 -19
112 -75
113 -296
114 -65
115 -70
116 -50
117 -2374
118 -10966
119 -72
120 -73
121 -75
122 -73
123 -70
124 -70
125 -291
126 -74
127 -70
128 -159
129 -145
130 -125
131 -62
132 -223
133 -80
134 -106
135 -75
136 -75
137 -62
138 -75
139 -73
140 -75
141 -75
142 -70
143 -75
144 -70
145 -76
146 -354
147 -75
148 -76
149 -243
150 -73
151 -75
152 -75
153 -75
154 -70
155 -319
156 -28
157 -74
158 -569
159 -74
160 -70
161 -70
162 -76
163 -75
164 -70
165 -73
166 -73
167 -226
168 -62
169 -62
170 -75
171 -76
172 -76
173 -75
174 -75
175 -70
176 -62
177 -74
178 -75
179 -42
180 -75
181 -76
182 -313
183 -76
184 -75
185 -75
186 -70
187 -75
188 -372
189 -70
190 -76
191 -70
192 -271
193 -62
194 -76
195 -172
196 -70
197 -70
198 -70
199 -75
200 -74
201 -62
202 -62
203 -1159
204 -70
205 -62
206 -70
207 -99
208 -140
209 -256
210 -70
211 -62
212 -62
213 -419
214 -70
215 -62
216 -76
217 -73
218 -126
219 -75
220 -62
221 -70
222 -62
223 -76
224 -39
225 -73
226 -75
227 -1684
228 -73
229 -75
230 -42
231 -70
232 -70
233 -73
234 -76
235 -75
236 -75
237 -74
238 -70
239 -70
240 -374
241 -70
242 -76
243 -70
244 -68
245 -70
246 -24
247 -73
248 -39
249 -38
250 -70
251 -70
252 -70
253 -62
254 -70
255 -62
256 -74
257 -78
258 -10058
259 -74
260 -70
261 -76
262 -75
263 -70
264 -31
265 -75
266 -62
267 -75
268 -111
269 -72
270 -461
271 -324
272 -74
273 -62
274 -70
275 -70
276 -75
277 -76
278 -74
279 -131
280 -80
281 -70
282 -66
283 -70
284 -74
285 -70
286 -74
287 -62
288 -75
289 -74
290 -96
291 -70
292 -75
293 -750
294 -73
295 -74
296 -74
297 -75
298 -62
299 -102
300 -70
301 -75
302 -75
303 -104
304 -71
305 -70
306 -70
307 -43
308 -74
309 -1062
310 -675
311 -70
312 -74
313 -74
314 -343
315 -74
316 -73
317 -70
318 -62
319 -62
320 -73
321 -4028
322 -77
323 -75
324 -73
325 -70
326 -75
327 -62
328 -67
329 -62
330 -2325
331 -70
332 -70
333 -63
334 -52
335 -75
336 -70
337 -70
338 -66
339 -217
340 -74
341 -58
342 -74
343 -70
344 -70
345 -76
346 -62
347 -296
348 -70
349 -80
350 -74
351 -70
352 -62
353 -73
354 -75
355 -70
356 -75
357 -58
358 -70
359 -76
360 -75
361 -75
362 -74
363 -188
364 -76
365 -62
366 -177
367 -70
368 -73
369 -505
370 -3146
371 -75
372 -74
373 -85
374 -543
375 -75
376 -511
377 -72
378 -75
379 -75
380 -8208
381 -1188
382 -4085
383 -75
384 -70
385 -1167
386 -75
387 -58
388 -69
389 -70
390 -191
391 -75
392 -62
393 -81
394 -75
395 -62
396 -178
397 -75
398 -75
399 -70
400 -70
401 -73
402 -76
403 -62
404 -73
405 -76
406 -62
407 -2486
408 -76
409 -76
410 -38
411 -75
412 -74
413 -75
414 -75
415 -70
416 -34
417 -75
418 -76
419 -29
420 -70
421 -75
422 -347
423 -223
424 -76
425 -70
426 -70
427 -73
428 -175
429 -76
430 -75
431 -1753
432 -70
433 -75
434 -271
435 -70
436 -74
437 -76
438 -76
439 -357
440 -5817
441 -4598
442 -70
443 -62
444 -75
445 -62
446 -76
447 -75
448 -70
449 -76
450 -70
451 -70
452 -375
453 -70
454 -75
455 -3715
456 -75
457 -76
458 -191
459 -70
460 -62
461 -76
462 -76
463 -76
464 -76
465 -63
466 -76
467 -915
468 -76
469 -75
470 -76
471 -41
472 -3073
473 -73
474 -70
475 -76
476 -74
477 -74
478 -74
479 -70
480 -58
481 -85
482 -844
483 -130
484 -73
485 -75
486 -75
487 -70
488 -76
489 -70
490 -75
491 -769
492 -329
493 -74
494 -70
495 -75
496 -70
497 -73
498 -70
499 -207
500 -75
501 -75
502 -70
503 -70
504 -293
505 -70
506 -73
507 -219
508 -62
509 -31
510 -386
511 -130
512 -75
513 -70
514 -74
515 -76
516 -75
517 -159
518 -76
519 -1404
520 -62
521 -75
522 -75
523 -44
524 -70
525 -74
526 -166
527 -75
528 -70
529 -70
530 -192
531 -75
532 -73
533 -74
534 -181
535 -70
536 -75
537 -157
538 -55
539 -75
540 -70
541 -75
542 -76
543 -70
544 -75
545 -70
546 -36
547 -301
548 -1185
549 -76
550 -32
551 -75
552 -62
553 -75
554 -73
555 -73
556 -74
557 -348
558 -1376
559 -1901
560 -70
561 -70
562 -203
563 -75
564 -76
565 -75
566 -5489
567 -275
568 -70
569 -75
570 -73
571 -87
572 -70
573 -75
574 -74
575 -62
576 -75
577 -70
578 -75
579 -247
580 -78
581 -677
582 -73
583 -62
584 -6640
585 -73
586 -75
587 -70
588 -70
589 -70
590 -62
591 -71
592 -62
593 -70
594 -62
595 -76
596 -72
597 -74
598 -104
599 -70
600 -75
601 -73
602 -70
603 -75
604 -4020
605 -75
606 -70
607 -74
608 -70
609 -382
610 -2525
611 -528
612 -80
613 -75
614 -75
615 -337
616 -366
617 -74
618 -303
619 -70
620 -340
621 -60
622 -54
623 -73
624 -74
625 -59
626 -65
627 -895
628 -117
629 -76
630 -74
631 -68
632 -73
633 -1213
634 -75
635 -75
636 -571
637 -1058
638 -75
639 -124
640 -76
641 -76
642 -70
643 -70
644 -70
645 -62
646 -152
647 -62
648 -76
649 -62
650 -342
651 -74
652 -73
653 -74
654 -61
655 -68
656 -2382
657 -40
658 -75
659 -76
660 -132
661 -42
662 -75
663 -70
664 -4356
665 -75
666 -75
667 -76
668 -1803
669 -75
670 -499
671 -168
672 -70
673 -8177
674 -267
675 -75
676 -2762
677 -7522
678 -75
679 -73
680 -75
681 -74
682 -62
683 -87
684 -75
685 -75
686 -76
687 -75
688 -62
689 -2253
690 -76
691 -70
692 -73
693 -530
694 -76
695 -75
696 -70
697 -70
698 -76
699 -74
700 -3494
701 -1554
702 -70
703 -3488
704 -178
705 -3560
706 -74
707 -70
708 -75
709 -327
710 -363
711 -2104
712 -3693
713 -661
714 -56
715 -59
716 -70
717 -113
718 -76
719 -14082
720 -74
721 -73
722 -42
723 -28
724 -73
725 -70
726 -76
727 -35
728 -73
729 -73
730 -89
731 -62
732 -62
733 -74
734 -73
735 -2592
736 -70
737 -74
738 -33
739 -81
740 -70
741 -75
742 -519
743 -62
744 -75
745 -70
746 -75
747 -74
748 -70
749 -251
750 -76
751 -62
752 -76
753 -851
754 -73
755 -51
756 -75
757 -74
758 -74
759 -179
760 -70
761 -70
762 -73
763 -80
764 -70
765 -74
766 -62
767 -107
768 -125
769 -91
770 -62
771 -75
772 -63
773 -45
774 -74
775 -63
776 -73
777 -70
778 -36
779 -73
780 -75
781 -62
782 -70
783 -76
784 -70
785 -74
786 -74
787 -70
788 -74
789 -73
790 -76
791 -73
792 -73
793 -32
794 -70
795 -70
796 -75
797 -75
798 -50
799 -65
800 -4245
801 -76
802 -76
803 -70
804 -179
805 -74
806 -29
807 -60
808 -75
809 -75
810 -74
811 -76
812 -70
813 -5956
814 -73
815 -62
816 -75
817 -74
818 -58
819 -65
820 -69
821 -73
822 -75
823 -257
824 -70
825 -70
826 -250
827 -73
828 -70
829 -75
830 -70
831 -73
832 -4809
833 -70
834 -75
835 -73
836 -44
837 -75
838 -574
839 -62
840 -129
841 -75
842 -70
843 -75
844 -56
845 -56
846 -75
847 -4705
848 -27
849 -62
850 -75
851 -74
852 -74
853 -75
854 -925
855 -70
856 -76
857 -665
858 -105
859 -62
860 -335
861 -73
862 -70
863 -75
864 -70
865 -76
866 -62
867 -400
868 -75
869 -36
870 -381
871 -62
872 -74
873 -70
874 -75
875 -383
876 -75
877 -62
878 -188
879 -86
880 -70
881 -62
882 -118
883 -62
884 -231
885 -50
886 -75
887 -70
888 -62
889 -73
890 -126
891 -81
892 -2347
893 -27
894 -56
895 -41
896 -73
897 -76
898 -70
899 -75
900 -214
901 -75
902 -34
903 -162
904 -74
905 -75
906 -166
907 -152
908 -61
909 -76
910 -64
911 -74
912 -54
913 -62
914 -31
915 -61
916 -74
917 -44
918 -133
919 -2965
920 -70
921 -44
922 -75
923 -75
924 -70
925 -70
926 -70
927 -70
928 -74
929 -76
930 -73
931 -251
932 -143
933 -76
934 -73
935 -76
936 -5069
937 -35
938 -31
939 -74
940 -75
941 -76
942 -74
943 -74
944 -76
945 -70
946 -76
947 -148
948 -70
949 -75
950 -70
951 -74
952 -62
953 -1072
954 -49
955 -73
956 -141
957 -62
958 -75
959 -75
960 -70
961 -76
962 -73
963 -62
964 -968
965 -75
966 -359
967 -73
968 -72
969 -74
970 -171
971 -40
972 -1892
973 -81
974 -74
975 -73
976 -74
977 -74
978 -73
979 -36
980 -70
981 -74
982 -337
983 -194
984 -74
985 -75
986 -38
987 -117
988 -155
989 -430
990 -62
991 -75
992 -73
993 -70
994 -75
995 -74
996 -76
997 -62
998 -210
999 -74
