0 -73
1 -142
2 -73
3 -58
4 -462
5 -75
6 -75
7 -62
8 -75
9 -60
10 -70
11 -74
12 -73
13 -833
14 -75
15 -62
16 -223
17 -73
18 -701
19 -75
20 -73
21 -4539
22 -75
23 -70
24 -75
25 -60
26 -70
27 -60
28 -73
29 -156
30 -62
31 -62
32 -75
33 -75
34 -75
35 -79
36 -75
37 -60
38 -59
39 -70
40 -76
41 -1629
42 -74
43 -153
44 -60
45 -75
46 -70
47 -62
48 -70
49 -70
50 -73
51 -74
52 -76
53 -58
54 -75
55 -74
56 -60
57 -75
58 -73
59 -62
60 -75
61 -228
62 -76
63 -73
64 -70
65 -303
66 -144
67 -76
68 -74
69 -76
70 -70
71 -70
72 -58
73 -80
74 -638
75 -75
76 -52
77 -599
78 -60
79 -74
80 -62
81 -60
82 -75
83 -62
84 -29
85 -76
86 -7166
87 -73
88 -75
89 -76
90 -75
91 -73
92 -73
93 -62
94 -62
95 -60
96 -70
97 -2353
98 -62
99 -70
100 -73
101 -38
102 -75
103 -70
104 -44
105 -34
106 -76
107 -6490
108 -75
109 -60
110 -75
111 -75
112 -2647
113 -75
114 -60
115 -60
116 -2577
117 -75
118 -76
119 -75
120 -70
121 -74
122 -73
123 -73
124 -1660
125 -38
126 -62
127 -74
128 -65
129 -62
130 -540
131 -69
132 -75
133 -74
134 -73
135 -75
136 -2989
137 -74
138 -74
139 -29
140 -62
141 -70
142 -73
143 -788
144 -73
145 -29
146 -64
147 -384
148 -75
149 -169
150 -60
151 -75
152 -70
153 -73
154 -75
155 -75
156 -38
157 -73
158 -70
159 -62
160 -84
161 -49
162 -74
163 -73
164 -58
165 -73
166 -62
167 -76
168 -75
169 -4515
170 -73
171 -70
172 -73
173 -34
174 -75
175 -75
176 -34
177 -76
178 -73
179 -75
180 -75
181 -62
182 -76
183 -75
184 -34
185 -38
186 -60
187 -138
188 -73
189 -70
190 -74
191 -62
192 -75
193 -75
194 -78
195 -74
196 -60
197 -60
198 -48
199 -96
200 -58
201 -70
202 -70
203 -75
204 -57
205 -70
206 -724
207 -171
208 -74
209 -74
210 -75
211 -1018
212 -73
213 -60
214 -34
215 -70
216 -73
217 -73
218 -90
219 -74
220 -286
221 -62
222 -75
223 -70
224 -76
225 -3298
226 -60
227 -1949
228 -70
229 -74
230 -74
231 -51
232 -185
233 -75
234 -76
235 -75
236 -29
237 -75
238 -75
239 -71
240 -75
241 -75
242 -124
243 -916
244 -75
245 -77
246 -74
247 -713
248 -29
249 -60
250 -60
251 -62
252 -81
253 -74
254 -94
255 -75
256 -70
257 -70
258 -57
259 -48
260 -60
261 -116
262 -75
263 -75
264 -91
265 -75
266 -34
267 -70
268 -53
269 -62
270 -74
271 -34
272 -75
273 -62
274 -62
275 -76
276 -29
277 -62
278 -71
279 -62
280 -232
281 -76
282 -1560
283 -75
284 -38
285 -81
286 -74
287 -75
288 -62
289 -74
290 -74
291 -701
292 -62
293 -74
294 -4664
295 -75
296 -75
297 -75
298 -73
299 -76
300 -74
301 -60
302 -76
303 -75
304 -76
305 -67
306 -62
307 -39
308 -74
309 -1076
310 -70
311 -76
312 -75
313 -103
314 -38
315 -76
316 -133
317 -288
318 -1565
319 -229
320 -75
321 -4921
322 -218
323 -73
324 -70
325 -75
326 -60
327 -58
328 -74
329 -70
330 -118
331 -63
332 -60
333 -75
334 -2046
335 -75
336 -769
337 -1633
338 -75
339 -60
340 -62
341 -177
342 -70
343 -74
344 -70
345 -74
346 -75
347 -62
348 -34
349 -70
350 -1018
351 -70
352 -38
353 -70
354 -75
355 -70
356 -62
357 -74
358 -75
359 -76
360 -71
361 -303
362 -75
363 -62
364 -73
365 -76
366 -881
367 -327
368 -5232
369 -136
370 -74
371 -38
372 -75
373 -73
374 -38
375 -74
376 -60
377 -118
378 -115
379 -630
380 -75
381 -76
382 -165
383 -74
384 -75
385 -74
386 -60
387 -75
388 -43
389 -75
390 -76
391 -38
392 -73
393 -73
394 -76
395 -369
396 -74
397 -75
398 -75
399 -74
400 -60
401 -58
402 -48
403 -1286
404 -34
405 -113
406 -62
407 -74
408 -75
409 -76
410 -639
411 -74
412 -9043
413 -74
414 -38
415 -62
416 -70
417 -73
418 -34
419 -57
420 -75
421 -75
422 -76
423 -62
424 -76
425 -75
426 -76
427 -60
428 -60
429 -3947
430 -62
431 -74
432 -62
433 -76
434 -67
435 -75
436 -1876
437 -58
438 -62
439 -3673
440 -76
441 -74
442 -60
443 -1041
444 -73
445 -38
446 -73
447 -70
448 -78
449 -60
450 -70
451 -88
452 -4387
453 -73
454 -73
455 -456
456 -38
457 -1101
458 -74
459 -62
460 -73
461 -74
462 -739
463 -74
464 -60
465 -2027
466 -76
467 -76
468 -79
469 -62
470 -75
471 -75
472 -65
473 -73
474 -76
475 -73
476 -60
477 -75
478 -88
479 -39
480 -75
481 -75
482 -74
483 -72
484 -75
485 -74
486 -60
487 -73
488 -63
489 -75
490 -60
491 -864
492 -75
493 -89
494 -76
495 -75
496 -74
497 -73
498 -73
499 -60
500 -299
501 -57
502 -81
503 -29
504 -425
505 -73
506 -74
507 -78
508 -75
509 -50
510 -75
511 -242
512 -76
513 -76
514 -237
515 -75
516 -209
517 -60
518 -70
519 -68
520 -70
521 -75
522 -75
523 -63
524 -60
525 -44
526 -1078
527 -1864
528 -38
529 -62
530 -60
531 -70
532 -62
533 -2577
534 -75
535 -2433
536 -62
537 -76
538 -75
539 -103
540 -73
541 -73
542 -39
543 -75
544 -60
545 -70
546 -73
547 -95
548 -71
549 -74
550 -29
551 -60
552 -75
553 -75
554 -70
555 -891
556 -420
557 -150
558 -60
559 -73
560 -76
561 -75
562 -64
563 -322
564 -75
565 -75
566 -73
567 -78
568 -75
569 -131
570 -75
571 -74
572 -70
573 -75
574 -76
575 -75
576 -75
577 -73
578 -78
579 -75
580 -81
581 -58
582 -332
583 -145
584 -73
585 -60
586 -73
587 -70
588 -2881
589 -70
590 -76
591 -75
592 -73
593 -38
594 -58
595 -62
596 -60
597 -322
598 -64
599 -73
600 -60
601 -74
602 -58
603 -1019
604 -75
605 -58
606 -220
607 -155
608 -78
609 -75
610 -71
611 -80
612 -75
613 -60
614 -4602
615 -76
616 -70
617 -75
618 -74
619 -74
620 -70
621 -75
622 -60
623 -75
624 -158
625 -62
626 -68
627 -70
628 -74
629 -60
630 -179
631 -73
632 -60
633 -74
634 -62
635 -75
636 -74
637 -43
638 -75
639 -70
640 -76
641 -55
642 -68
643 -75
644 -64
645 -76
646 -75
647 -1203
648 -29
649 -75
650 -70
651 -650
652 -1975
653 -86
654 -240
655 -73
656 -4906
657 -74
658 -62
659 -70
660 -60
661 -73
662 -60
663 -295
664 -70
665 -75
666 -241
667 -6833
668 -957
669 -76
670 -73
671 -39
672 -975
673 -60
674 -62
675 -75
676 -78
677 -365
678 -1714
679 -75
680 -76
681 -74
682 -73
683 -75
684 -60
685 -70
686 -75
687 -34
688 -75
689 -44
690 -73
691 -74
692 -74
693 -62
694 -70
695 -74
696 -75
697 -73
698 -58
699 -74
700 -64
701 -67
702 -60
703 -34
704 -60
705 -76
706 -38
707 -58
708 -62
709 -74
710 -76
711 -70
712 -60
713 -75
714 -1466
715 -62
716 -1990
717 -76
718 -55
719 -70
720 -74
721 -151
722 -70
723 -76
724 -75
725 -69
726 -75
727 -44
728 -74
729 -75
730 -734
731 -62
732 -75
733 -70
734 -62
735 -71
736 -58
737 -236
738 -75
739 -74
740 -70
741 -75
742 -74
743 -76
744 -60
745 -33
746 -75
747 -76
748 -75
749 -74
750 -1706
751 -44
752 -75
753 -67
754 -76
755 -242
756 -116
757 -35
758 -70
759 -60
760 -76
761 -62
762 -74
763 -71
764 -62
765 -62
766 -69
767 -347
768 -73
769 -75
770 -80
771 -998
772 -73
773 -117
774 -75
775 -74
776 -205
777 -74
778 -75
779 -212
780 -60
781 -60
782 -62
783 -38
784 -76
785 -62
786 -62
787 -70
788 -58
789 -73
790 -60
791 -4508
792 -185
793 -75
794 -3836
795 -76
796 -60
797 -62
798 -76
799 -76
800 -73
801 -75
802 -62
803 -217
804 -1667
805 -75
806 -75
807 -76
808 -60
809 -73
810 -60
811 -2146
812 -6791
813 -62
814 -2742
815 -766
816 -2408
817 -628
818 -76
819 -70
820 -76
821 -62
822 -44
823 -34
824 -75
825 -149
826 -38
827 -75
828 -4146
829 -75
830 -133
831 -58
832 -68
833 -75
834 -60
835 -29
836 -7016
837 -73
838 -62
839 -70
840 -75
841 -38
842 -4233
843 -76
844 -62
845 -71
846 -75
847 -58
848 -62
849 -75
850 -5406
851 -75
852 -62
853 -62
854 -62
855 -62
856 -3757
857 -47
858 -62
859 -62
860 -70
861 -377
862 -75
863 -62
864 -418
865 -278
866 -60
867 -62
868 -75
869 -232
870 -73
871 -38
872 -44
873 -75
874 -34
875 -38
876 -92
877 -78
878 -428
879 -60
880 -111
881 -70
882 -76
883 -29
884 -62
885 -75
886 -73
887 -147
888 -70
889 -74
890 -73
891 -683
892 -62
893 -74
894 -73
895 -76
896 -76
897 -76
898 -73
899 -54
900 -78
901 -34
902 -128
903 -44
904 -70
905 -63
906 -75
907 -75
908 -75
909 -75
910 -29
911 -73
912 -60
913 -73
914 -74
915 -515
916 -235
917 -76
918 -55
919 -62
920 -73
921 -75
922 -74
923 -29
924 -73
925 -3591
926 -70
927 -236
928 -75
929 -75
930 -62
931 -28
932 -75
933 -81
934 -75
935 -62
936 -60
937 -2805
938 -74
939 -236
940 -139
941 -75
942 -75
943 -76
944 -75
945 -60
946 -38
947 -73
948 -75
949 -58
950 -70
951 -74
952 -1281
953 -75
954 -364
955 -75
956 -56
957 -81
958 -100
959 -75
960 -75
961 -62
962 -73
963 -70
964 -280
965 -75
966 -70
967 -75
968 -44
969 -73
970 -75
971 -74
972 -74
973 -846
974 -60
975 -75
976 -60
977 -62
978 -70
979 -53
980 -74
981 -38
982 -53
983 -140
984 -60
985 -73
986 -273
987 -76
988 -76
989 -75
990 -73
991 -105
992 -73
993 -60
994 -60
995 -74
996 -1829
997 -62
998 -74
999 -34
