0 -78
1 -62
2 -76
3 -101
4 -75
5 -75
6 -81
7 -76
8 -70
9 -62
10 -70
11 -81
12 -62
13 -75
14 -76
15 -75
16 -70
17 -75
18 -80
19 -27
20 -73
21 -73
22 -79
23 -70
24 -75
25 -75
26 -276
27 -73
28 -484
29 -70
30 -70
31 -74
32 -209
33 -76
34 -70
35 -75
36 -70
37 -638
38 -1332
39 -62
40 -62
41 -210
42 -69
43 -200
44 -62
45 -61
46 -70
47 -70
48 -273
49 -74
50 -62
51 -62
52 -75
53 -31
54 -70
55 -347
56 -65
57 -78
58 -62
59 -73
60 -76
61 -70
62 -727
63 -75
64 -31
65 -74
66 -76
67 -62
68 -70
69 -70
70 -154
71 -74
72 -70
73 -257
74 -75
75 -70
76 -304
77 -75
78 -70
79 -75
80 -288
81 -139
82 -70
83 -62
84 -73
85 -76
86 -76
87 -984
88 -74
89 -173
90 -75
91 -179
92 -73
93 -76
94 -3439
95 -70
96 -73
97 -76
98 -1715
99 -62
100 -70
101 -70
102 -70
103 -75
104 -66
105 -55
106 -62
107 -135
108 -260
109 -40
110 -73
111 -843
112 -74
113 -70
114 -62
115 -60
116 -75
117 -388
118 -75
119 -934
120 -75
121 -62
122 -779
123 -266
124 -70
125 -43
126 -1879
127 -62
128 -75
129 -62
130 -211
131 -1992
132 -75
133 -75
134 -75
135 -62
136 -75
137 -70
138 -76
139 -75
140 -73
141 -630
142 -36
143 -62
144 -75
145 -494
146 -73
147 -70
148 -81
149 -62
150 -75
151 -1619
152 -62
153 -75
154 -62
155 -74
156 -4185
157 -27
158 -81
159 -62
160 -76
161 -73
162 -390
163 -62
164 -75
165 -75
166 -470
167 -62
168 -75
169 -70
170 -70
171 -70
172 -2652
173 -73
174 -71
175 -74
176 -74
177 -73
178 -73
179 -370
180 -73
181 -70
182 -70
183 -73
184 -70
185 -30
186 -76
187 -73
188 -76
189 -170
190 -76
191 -75
192 -74
193 -74
194 -75
195 -526
196 -73
197 -73
198 -62
199 -74
200 -75
201 -35
202 -75
203 -74
204 -1965
205 -76
206 -70
207 -1483
208 -682
209 -75
210 -75
211 -44
212 -73
213 -76
214 -75
215 -62
216 -73
217 -70
218 -76
219 -5651
220 -75
221 -73
222 -52
223 -70
224 -441
225 -70
226 -75
227 -70
228 -3952
229 -62
230 -75
231 -75
232 -70
233 -638
234 -70
235 -75
236 -187
237 -76
238 -74
239 -76
240 -75
241 -74
242 -74
243 -73
244 -96
245 -74
246 -75
247 -70
248 -74
249 -62
250 -70
251 -73
252 -73
253 -73
254 -62
255 -73
256 -38
257 -74
258 -74
259 -74
260 -120
261 -132
262 -74
263 -287
264 -70
265 -75
266 -75
267 -73
268 -62
269 -70
270 -74
271 -73
272 -70
273 -70
274 -76
275 -70
276 -74
277 -70
278 -65
279 -512
280 -70
281 -137
282 -54
283 -68
284 -1513
285 -74
286 -2552
287 -969
288 -70
289 -76
290 -75
291 -70
292 -102
293 -1296
294 -62
295 -75
296 -75
297 -70
298 -443
299 -65
300 -74
301 -62
302 -75
303 -70
304 -75
305 -74
306 -75
307 -73
308 -75
309 -75
310 -75
311 -74
312 -76
313 -70
314 -73
315 -62
316 -62
317 -70
318 -930
319 -70
320 -74
321 -75
322 -62
323 -62
324 -73
325 -71
326 -70
327 -76
328 -76
329 -70
330 -74
331 -76
332 -323
333 -73
334 -67
335 -75
336 -62
337 -3588
338 -64
339 -153
340 -1099
341 -70
342 -86
343 -3726
344 -76
345 -74
346 -73
347 -76
348 -70
349 -70
350 -177
351 -66
352 -75
353 -73
354 -76
355 -75
356 -70
357 -75
358 -1077
359 -70
360 -75
361 -210
362 -70
363 -70
364 -75
365 -75
366 -74
367 -2407
368 -88
369 -73
370 -70
371 -76
372 -75
373 -73
374 -75
375 -73
376 -188
377 -70
378 -74
379 -74
380 -258
381 -100
382 -6624
383 -70
384 -21
385 -70
386 -74
387 -65
388 -518
389 -74
390 -76
391 -76
392 -62
393 -73
394 -73
395 -76
396 -76
397 -73
398 -374
399 -76
400 -71
401 -1151
402 -73
403 -76
404 -76
405 -252
406 -215
407 -70
408 -69
409 -134
410 -75
411 -62
412 -4096
413 -70
414 -73
415 -74
416 -70
417 -71
418 -324
419 -62
420 -32
421 -45
422 -60
423 -93
424 -355
425 -70
426 -64
427 -75
428 -73
429 -390
430 -70
431 -75
432 -75
433 -70
434 -73
435 -890
436 -74
437 -64
438 -74
439 -57
440 -66
441 -73
442 -2720
443 -38
444 -70
445 -74
446 -2077
447 -209
448 -48
449 -211
450 -73
451 -526
452 -73
453 -76
454 -76
455 -284
456 -62
457 -70
458 -73
459 -73
460 -396
461 -1222
462 -75
463 -70
464 -80
465 -75
466 -70
467 -75
468 -73
469 -70
470 -70
471 -57
472 -75
473 -62
474 -74
475 -62
476 -75
477 -74
478 -75
479 -70
480 -56
481 -62
482 -70
483 -75
484 -70
485 -639
486 -70
487 -81
488 -75
489 -62
490 -62
491 -70
492 -587
493 -74
494 -121
495 -70
496 -111
497 -75
498 -70
499 -75
500 -65
501 -70
502 -226
503 -127
504 -70
505 -70
506 -57
507 -76
508 -75
509 -73
510 -67
511 -73
512 -368
513 -6020
514 -62
515 -73
516 -75
517 -146
518 -62
519 -359
520 -50
521 -76
522 -84
523 -119
524 -346
525 -70
526 -71
527 -96
528 -74
529 -224
530 -499
531 -75
532 -70
533 -79
534 -310
535 -914
536 -70
537 -239
538 -74
539 -70
540 -218
541 -40
542 -62
543 -76
544 -73
545 -73
546 -75
547 -75
548 -75
549 -74
550 -54
551 -70
552 -77
553 -76
554 -76
555 -75
556 -75
557 -338
558 -73
559 -2264
560 -292
561 -70
562 -62
563 -319
564 -75
565 -36
566 -74
567 -73
568 -70
569 -75
570 -70
571 -6972
572 -2612
573 -70
574 -73
575 -75
576 -74
577 -73
578 -73
579 -70
580 -74
581 -148
582 -73
583 -144
584 -75
585 -114
586 -75
587 -75
588 -73
589 -70
590 -56
591 -8031
592 -70
593 -75
594 -74
595 -70
596 -35
597 -75
598 -75
599 -75
600 -76
601 -74
602 -75
603 -2294
604 -70
605 -62
606 -70
607 -61
608 -70
609 -7042
610 -4290
611 -75
612 -62
613 -62
614 -75
615 -75
616 -164
617 -76
618 -70
619 -73
620 -43
621 -62
622 -62
623 -75
624 -70
625 -73
626 -243
627 -1199
628 -73
629 -74
630 -62
631 -62
632 -73
633 -74
634 -75
635 -812
636 -74
637 -2117
638 -75
639 -70
640 -281
641 -62
642 -56
643 -27
644 -62
645 -74
646 -75
647 -73
648 -76
649 -74
650 -63
651 -70
652 -75
653 -73
654 -75
655 -73
656 -76
657 -62
658 -73
659 -73
660 -70
661 -2998
662 -70
663 -62
664 -74
665 -70
666 -76
667 -74
668 -75
669 -74
670 -76
671 -75
672 -70
673 -73
674 -75
675 -75
676 -75
677 -75
678 -76
679 -76
680 -75
681 -2861
682 -75
683 -73
684 -75
685 -489
686 -71
687 -67
688 -30
689 -62
690 -70
691 -315
692 -75
693 -62
694 -70
695 -76
696 -74
697 -74
698 -27
699 -70
700 -70
701 -62
702 -1244
703 -70
704 -368
705 -70
706 -62
707 -70
708 -74
709 -73
710 -75
711 -62
712 -1445
713 -70
714 -113
715 -73
716 -70
717 -73
718 -24
719 -4233
720 -73
721 -3141
722 -59
723 -155
724 -70
725 -215
726 -73
727 -70
728 -75
729 -73
730 -76
731 -75
732 -75
733 -73
734 -3285
735 -70
736 -63
737 -74
738 -62
739 -62
740 -131
741 -74
742 -8597
743 -73
744 -278
745 -76
746 -73
747 -70
748 -56
749 -74
750 -75
751 -74
752 -116
753 -62
754 -62
755 -73
756 -70
757 -954
758 -62
759 -75
760 -999
761 -70
762 -75
763 -74
764 -1680
765 -1058
766 -62
767 -181
768 -36
769 -70
770 -4717
771 -320
772 -40
773 -40
774 -39
775 -75
776 -62
777 -70
778 -62
779 -62
780 -62
781 -75
782 -75
783 -461
784 -71
785 -75
786 -75
787 -75
788 -662
789 -70
790 -223
791 -299
792 -642
793 -75
794 -173
795 -74
796 -73
797 -279
798 -41
799 -75
800 -73
801 -38
802 -1224
803 -76
804 -75
805 -70
806 -74
807 -76
808 -62
809 -62
810 -67
811 -74
812 -139
813 -70
814 -115
815 -3555
816 -47
817 -58
818 -70
819 -277
820 -73
821 -78
822 -40
823 -35
824 -53
825 -76
826 -76
827 -75
828 -391
829 -37
830 -62
831 -70
832 -69
833 -73
834 -73
835 -76
836 -81
837 -40
838 -73
839 -75
840 -70
841 -75
842 -359
843 -76
844 -71
845 -74
846 -70
847 -780
848 -76
849 -52
850 -73
851 -222
852 -231
853 -75
854 -75
855 -75
856 -76
857 -75
858 -70
859 -62
860 -70
861 -291
862 -41
863 -76
864 -62
865 -462
866 -204
867 -74
868 -236
869 -75
870 -138
871 -70
872 -3332
873 -75
874 -62
875 -62
876 -75
877 -74
878 -101
879 -229
880 -4445
881 -75
882 -74
883 -61
884 -70
885 -74
886 -248
887 -75
888 -62
889 -74
890 -74
891 -74
892 -70
893 -62
894 -73
895 -62
896 -70
897 -77
898 -62
899 -70
900 -75
901 -74
902 -70
903 -563
904 -62
905 -3421
906 -70
907 -75
908 -70
909 -70
910 -76
911 -70
912 -5669
913 -33
914 -75
915 -47
916 -76
917 -707
918 -74
919 -404
920 -392
921 -73
922 -75
923 -70
924 -73
925 -75
926 -76
927 -160
928 -75
929 -62
930 -4771
931 -77
932 -73
933 -75
934 -73
935 -31
936 -74
937 -70
938 -76
939 -73
940 -73
941 -230
942 -271
943 -75
944 -70
945 -70
946 -70
947 -75
948 -70
949 -70
950 -75
951 -75
952 -173
953 -112
954 -75
955 -4586
956 -1294
957 -70
958 -46
959 -46
960 -73
961 -76
962 -402
963 -70
964 -75
965 -1786
966 -62
967 -62
968 -50
969 -170
970 -495
971 -70
972 -76
973 -75
974 -62
975 -31
976 -196
977 -76
978 -74
979 -379
980 -57
981 -70
982 -71
983 -74
984 -1737
985 -76
986 -205
987 -76
988 -504
989 -70
990 -1243
991 -1573
992 -75
993 -70
994 -2526
995 -62
996 -62
997 -517
998 -62
999 -36
