0 -372
1 -68
2 -122
3 -70
4 -375
5 -5319
6 -117
7 -35
8 -36
9 -28
10 -210
11 -71
12 -68
13 -55
14 -787
15 -61
16 -36
17 -36
18 -68
19 -77
20 -68
21 -70
22 -203
23 -55
24 -71
25 -28
26 -68
27 -70
28 -70
29 -70
30 -70
31 -55
32 -322
33 -2147
34 -70
35 -70
36 -55
37 -70
38 -70
39 -70
40 -112
41 -1602
42 -55
43 -69
44 -55
45 -78
46 -62
47 -68
48 -69
49 -65
50 -67
51 -28
52 -28
53 -55
54 -398
55 -36
56 -70
57 -2182
58 -71
59 -68
60 -55
61 -55
62 -4212
63 -36
64 -70
65 -70
66 -76
67 -68
68 -55
69 -55
70 -70
71 -69
72 -1497
73 -1552
74 -64
75 -70
76 -70
77 -69
78 -69
79 -394
80 -55
81 -70
82 -74
83 -55
84 -70
85 -47
86 -28
87 -70
88 -55
89 -69
90 -71
91 -55
92 -1847
93 -28
94 -46
95 -66
96 -68
97 -68
98 -37
99 -28
100 -81
101 -70
102 -96
103 -71
104 -28
105 -342
106 -71
107 -69
108 -73
109 -71
110 -70
111 -70
112 -525
113 -69
114 -70
115 -4247
116 -55
117 -70
118 -312
119 -71
120 -63
121 -379
122 -69
123 -43
124 -68
125 -36
126 -36
127 -69
128 -70
129 -55
130 -70
131 -68
132 -242
133 -71
134 -71
135 -206
136 -69
137 -366
138 -70
139 -65
140 -28
141 -70
142 -71
143 -917
144 -189
145 -55
146 -69
147 -28
148 -56
149 -68
150 -68
151 -136
152 -70
153 -482
154 -3882
155 -76
156 -70
157 -36
158 -3692
159 -28
160 -64
161 -70
162 -70
163 -71
164 -70
165 -1357
166 -70
167 -28
168 -34
169 -70
170 -68
171 -70
172 -1562
173 -36
174 -331
175 -36
176 -41
177 -70
178 -4217
179 -70
180 -5137
181 -55
182 -70
183 -1457
184 -28
185 -68
186 -1142
187 -69
188 -70
189 -71
190 -36
191 -574
192 -69
193 -1407
194 -69
195 -70
196 -29
197 -71
198 -69
199 -50
200 -68
201 -55
202 -68
203 -70
204 -69
205 -69
206 -28
207 -71
208 -68
209 -53
210 -68
211 -70
212 -70
213 -36
214 -71
215 -55
216 -243
217 -69
218 -70
219 -69
220 -28
221 -68
222 -75
223 -69
224 -962
225 -70
226 -68
227 -37
228 -71
229 -69
230 -2432
231 -2887
232 -1850
233 -3927
234 -1152
235 -36
236 -68
237 -28
238 -39
239 -70
240 -567
241 -71
242 -28
243 -28
244 -68
245 -71
246 -55
247 -63
248 -69
249 -68
250 -53
251 -70
252 -71
253 -481
254 -1817
255 -28
256 -36
257 -70
258 -1502
259 -70
260 -70
261 -71
262 -36
263 -28
264 -69
265 -70
266 -70
267 -28
268 -36
269 -55
270 -70
271 -28
272 -70
273 -762
274 -68
275 -70
276 -36
277 -28
278 -70
279 -68
280 -68
281 -55
282 -36
283 -28
284 -71
285 -68
286 -95
287 -70
288 -55
289 -70
290 -69
291 -70
292 -70
293 -70
294 -70
295 -68
296 -70
297 -69
298 -132
299 -68
300 -227
301 -71
302 -68
303 -70
304 -71
305 -70
306 -68
307 -65
308 -71
309 -70
310 -36
311 -36
312 -70
313 -2397
314 -71
315 -55
316 -69
317 -70
318 -55
319 -36
320 -69
321 -71
322 -69
323 -70
324 -36
325 -36
326 -36
327 -68
328 -71
329 -70
330 -55
331 -24
332 -55
333 -69
334 -70
335 -69
336 -36
337 -627
338 -64
339 -79
340 -69
341 -177
342 -68
343 -71
344 -28
345 -106
346 -64
347 -70
348 -417
349 -55
350 -68
351 -70
352 -55
353 -133
354 -70
355 -81
356 -70
357 -70
358 -596
359 -4982
360 -68
361 -28
362 -70
363 -28
364 -28
365 -70
366 -722
367 -69
368 -68
369 -122
370 -53
371 -71
372 -70
373 -71
374 -68
375 -71
376 -28
377 -69
378 -1212
379 -71
380 -70
381 -68
382 -887
383 -377
384 -70
385 -68
386 -327
387 -70
388 -71
389 -915
390 -9819
391 -70
392 -36
393 -289
394 -70
395 -69
396 -160
397 -68
398 -71
399 -36
400 -36
401 -28
402 -71
403 -70
404 -28
405 -68
406 -1005
407 -70
408 -68
409 -28
410 -28
411 -71
412 -55
413 -70
414 -35
415 -68
416 -70
417 -70
418 -68
419 -2192
420 -70
421 -70
422 -573
423 -55
424 -68
425 -5062
426 -69
427 -28
428 -69
429 -70
430 -1122
431 -2232
432 -55
433 -64
434 -28
435 -68
436 -70
437 -68
438 -36
439 -55
440 -28
441 -70
442 -28
443 -55
444 -68
445 -2572
446 -36
447 -28
448 -70
449 -72
450 -28
451 -70
452 -70
453 -70
454 -70
455 -36
456 -707
457 -68
458 -68
459 -68
460 -36
461 -227
462 -70
463 -55
464 -69
465 -70
466 -70
467 -68
468 -69
469 -28
470 -70
471 -71
472 -272
473 -55
474 -70
475 -27
476 -68
477 -1042
478 -683
479 -71
480 -2262
481 -70
482 -56
483 -68
484 -28
485 -70
486 -55
487 -68
488 -70
489 -1308
490 -71
491 -36
492 -36
493 -73
494 -73
495 -65
496 -216
497 -28
498 -28
499 -70
500 -70
501 -47
502 -36
503 -55
504 -797
505 -68
506 -28
507 -28
508 -582
509 -28
510 -396
511 -413
512 -151
513 -36
514 -55
515 -28
516 -55
517 -70
518 -70
519 -70
520 -70
521 -70
522 -69
523 -55
524 -55
525 -472
526 -70
527 -65
528 -70
529 -53
530 -3552
531 -28
532 -453
533 -55
534 -71
535 -69
536 -28
537 -70
538 -70
539 -69
540 -70
541 -2002
542 -55
543 -68
544 -70
545 -70
546 -70
547 -70
548 -2257
549 -71
550 -28
551 -70
552 -36
553 -52
554 -69
555 -70
556 -36
557 -69
558 -326
559 -55
560 -71
561 -70
562 -37
563 -36
564 -36
565 -88
566 -69
567 -55
568 -2432
569 -68
570 -69
571 -36
572 -70
573 -469
574 -70
575 -36
576 -70
577 -71
578 -1582
579 -69
580 -36
581 -81
582 -867
583 -28
584 -28
585 -71
586 -70
587 -55
588 -256
589 -70
590 -70
591 -70
592 -69
593 -63
594 -70
595 -55
596 -1197
597 -28
598 -64
599 -369
600 -1842
601 -55
602 -28
603 -70
604 -68
605 -28
606 -71
607 -70
608 -70
609 -70
610 -70
611 -27
612 -70
613 -261
614 -70
615 -55
616 -28
617 -70
618 -52
619 -28
620 -28
621 -71
622 -36
623 -68
624 -68
625 -36
626 -70
627 -105
628 -28
629 -36
630 -68
631 -70
632 -69
633 -53
634 -70
635 -1068
636 -4080
637 -525
638 -36
639 -55
640 -70
641 -70
642 -53
643 -70
644 -68
645 -36
646 -70
647 -58
648 -28
649 -37
650 -194
651 -63
652 -28
653 -28
654 -70
655 -70
656 -28
657 -28
658 -70
659 -68
660 -69
661 -88
662 -70
663 -80
664 -70
665 -491
666 -28
667 -55
668 -68
669 -272
670 -46
671 -55
672 -28
673 -71
674 -28
675 -69
676 -70
677 -43
678 -70
679 -36
680 -70
681 -70
682 -292
683 -71
684 -28
685 -36
686 -68
687 -69
688 -70
689 -69
690 -69
691 -36
692 -292
693 -70
694 -70
695 -36
696 -28
697 -55
698 -65
699 -453
700 -75
701 -55
702 -70
703 -69
704 -2617
705 -69
706 -1342
707 -52
708 -28
709 -28
710 -70
711 -36
712 -55
713 -69
714 -70
715 -70
716 -70
717 -28
718 -77
719 -70
720 -70
721 -69
722 -70
723 -327
724 -53
725 -70
726 -70
727 -68
728 -70
729 -36
730 -28
731 -322
732 -441
733 -69
734 -68
735 -1817
736 -70
737 -89
738 -68
739 -70
740 -70
741 -55
742 -70
743 -55
744 -70
745 -70
746 -68
747 -71
748 -71
749 -70
750 -71
751 -55
752 -55
753 -68
754 -812
755 -70
756 -31
757 -81
758 -36
759 -702
760 -70
761 -68
762 -69
763 -70
764 -70
765 -28
766 -68
767 -447
768 -70
769 -7193
770 -71
771 -71
772 -71
773 -70
774 -71
775 -55
776 -36
777 -70
778 -55
779 -197
780 -55
781 -71
782 -71
783 -70
784 -70
785 -35
786 -55
787 -540
788 -69
789 -69
790 -197
791 -70
792 -70
793 -69
794 -28
795 -68
796 -57
797 -55
798 -28
799 -55
800 -68
801 -163
802 -70
803 -282
804 -850
805 -70
806 -68
807 -28
808 -70
809 -55
810 -70
811 -36
812 -49
813 -55
814 -36
815 -2872
816 -36
817 -68
818 -57
819 -36
820 -69
821 -70
822 -69
823 -70
824 -36
825 -70
826 -64
827 -417
828 -62
829 -70
830 -65
831 -70
832 -207
833 -75
834 -69
835 -70
836 -70
837 -70
838 -36
839 -71
840 -86
841 -184
842 -1337
843 -36
844 -360
845 -28
846 -70
847 -55
848 -55
849 -70
850 -69
851 -36
852 -69
853 -68
854 -55
855 -71
856 -70
857 -177
858 -152
859 -69
860 -68
861 -34
862 -36
863 -55
864 -55
865 -55
866 -68
867 -70
868 -28
869 -68
870 -68
871 -785
872 -66
873 -162
874 -71
875 -71
876 -70
877 -71
878 -45
879 -70
880 -36
881 -70
882 -70
883 -322
884 -36
885 -70
886 -55
887 -70
888 -68
889 -71
890 -46
891 -71
892 -70
893 -2662
894 -70
895 -55
896 -71
897 -74
898 -36
899 -70
900 -187
901 -71
902 -69
903 -55
904 -652
905 -71
906 -70
907 -199
908 -68
909 -28
910 -69
911 -68
912 -71
913 -28
914 -70
915 -69
916 -1222
917 -36
918 -68
919 -139
920 -600
921 -70
922 -70
923 -70
924 -71
925 -70
926 -36
927 -251
928 -28
929 -29
930 -30
931 -55
932 -71
933 -2592
934 -55
935 -71
936 -70
937 -70
938 -71
939 -38
940 -70
941 -344
942 -587
943 -68
944 -68
945 -70
946 -1178
947 -70
948 -28
949 -3267
950 -132
951 -55
952 -174
953 -70
954 -36
955 -527
956 -71
957 -104
958 -36
959 -69
960 -340
961 -68
962 -70
963 -71
964 -70
965 -36
966 -36
967 -69
968 -382
969 -55
970 -70
971 -71
972 -657
973 -32
974 -36
975 -70
976 -468
977 -64
978 -36
979 -55
980 -36
981 -551
982 -392
983 -55
984 -68
985 -55
986 -36
987 -126
988 -17017
989 -55
990 -68
991 -70
992 -33
993 -67
994 -70
995 -69
996 -70
997 -53
998 -55
999 -69
