0 -7736
1 -2901
2 -73
3 -76
4 -73
5 -63
6 -5148
7 -75
8 -76
9 -62
10 -75
11 -75
12 -76
13 -75
14 -75
15 -58
16 -63
17 -67
18 -74
19 -76
20 -70
21 -73
22 -73
23 -75
24 -2119
25 -76
26 -128
27 -73
28 -62
29 -70
30 -75
31 -76
32 -70
33 -428
34 -75
35 -63
36 -140
37 -2465
38 -73
39 -396
40 -62
41 -70
42 -70
43 -70
44 -73
45 -63
46 -70
47 -74
48 -75
49 -73
50 -70
51 -86
52 -73
53 -70
54 -70
55 -73
56 -386
57 -75
58 -107
59 -70
60 -201
61 -444
62 -194
63 -68
64 -75
65 -70
66 -75
67 -75
68 -75
69 -575
70 -70
71 -70
72 -75
73 -1015
74 -74
75 -75
76 -74
77 -63
78 -76
79 -74
80 -76
81 -2498
82 -1949
83 -74
84 -73
85 -76
86 -70
87 -70
88 -513
89 -70
90 -70
91 -75
92 -62
93 -63
94 -70
95 -605
96 -75
97 -70
98 -76
99 -73
100 -76
101 -76
102 -5124
103 -76
104 -70
105 -63
106 -63
107 -70
108 -75
109 -75
110 -73
111 -208
112 -239
113 -68
114 -70
115 -70
116 -73
117 -70
118 -533
119 -62
120 -70
121 -96
122 -74
123 -62
124 -74
125 -75
126 -75
127 -73
128 -70
129 -62
130 -74
131 -62
132 -70
133 -70
134 -657
135 -58
136 -70
137 -63
138 -5398
139 -75
140 -76
141 -60
142 -345
143 -63
144 -234
145 -60
146 -67
147 -70
148 -75
149 -75
150 -74
151 -70
152 -70
153 -75
154 -62
155 -63
156 -74
157 -63
158 -74
159 -76
160 -73
161 -79
162 -75
163 -63
164 -714
165 -2817
166 -73
167 -76
168 -62
169 -70
170 -62
171 -75
172 -63
173 -70
174 -73
175 -63
176 -74
177 -73
178 -63
179 -63
180 -62
181 -74
182 -62
183 -62
184 -70
185 -62
186 -74
187 -75
188 -1917
189 -73
190 -134
191 -74
192 -63
193 -70
194 -1080
195 -1003
196 -74
197 -74
198 -75
199 -63
200 -73
201 -70
202 -75
203 -75
204 -75
205 -63
206 -62
207 -53
208 -501
209 -76
210 -71
211 -74
212 -1532
213 -2655
214 -62
215 -75
216 -75
217 -75
218 -432
219 -75
220 -75
221 -77
222 -70
223 -76
224 -75
225 -70
226 -73
227 -62
228 -62
229 -80
230 -75
231 -63
232 -62
233 -380
234 -140
235 -75
236 -332
237 -62
238 -76
239 -76
240 -61
241 -76
242 -2080
243 -195
244 -63
245 -74
246 -71
247 -126
248 -80
249 -63
250 -62
251 -70
252 -75
253 -75
254 -74
255 -75
256 -73
257 -70
258 -74
259 -76
260 -70
261 -70
262 -62
263 -1551
264 -63
265 -63
266 -70
267 -63
268 -76
269 -75
270 -74
271 -75
272 -75
273 -101
274 -557
275 -75
276 -76
277 -755
278 -76
279 -70
280 -75
281 -2828
282 -63
283 -128
284 -63
285 -75
286 -2336
287 -63
288 -63
289 -75
290 -62
291 -396
292 -70
293 -75
294 -172
295 -74
296 -445
297 -62
298 -75
299 -660
300 -75
301 -75
302 -75
303 -195
304 -122
305 -6896
306 -78
307 -74
308 -74
309 -450
310 -62
311 -79
312 -5371
313 -75
314 -70
315 -62
316 -69
317 -75
318 -75
319 -63
320 -75
321 -74
322 -76
323 -73
324 -75
325 -73
326 -232
327 -74
328 -50
329 -280
330 -70
331 -75
332 -62
333 -538
334 -3705
335 -75
336 -65
337 -74
338 -62
339 -70
340 -70
341 -76
342 -76
343 -62
344 -70
345 -63
346 -70
347 -73
348 -75
349 -74
350 -75
351 -73
352 -73
353 -70
354 -394
355 -74
356 -62
357 -72
358 -75
359 -74
360 -75
361 -126
362 -63
363 -75
364 -76
365 -75
366 -132
367 -62
368 -1986
369 -73
370 -62
371 -158
372 -75
373 -780
374 -76
375 -76
376 -63
377 -70
378 -62
379 -70
380 -75
381 -74
382 -75
383 -75
384 -62
385 -2166
386 -73
387 -70
388 -443
389 -302
390 -75
391 -70
392 -74
393 -75
394 -243
395 -74
396 -75
397 -63
398 -1722
399 -70
400 -71
401 -2600
402 -75
403 -62
404 -76
405 -70
406 -91
407 -73
408 -63
409 -74
410 -70
411 -75
412 -227
413 -70
414 -75
415 -64
416 -70
417 -516
418 -5195
419 -62
420 -49
421 -2927
422 -62
423 -63
424 -73
425 -75
426 -73
427 -172
428 -75
429 -75
430 -66
431 -62
432 -70
433 -62
434 -76
435 -137
436 -63
437 -75
438 -75
439 -4515
440 -76
441 -75
442 -3369
443 -62
444 -75
445 -73
446 -73
447 -53
448 -74
449 -74
450 -75
451 -114
452 -73
453 -63
454 -151
455 -483
456 -70
457 -70
458 -70
459 -70
460 -70
461 -63
462 -76
463 -75
464 -77
465 -74
466 -62
467 -75
468 -62
469 -74
470 -75
471 -74
472 -76
473 -485
474 -62
475 -233
476 -73
477 -73
478 -75
479 -75
480 -70
481 -2486
482 -75
483 -1982
484 -62
485 -103
486 -76
487 -70
488 -222
489 -74
490 -74
491 -360
492 -62
493 -70
494 -73
495 -70
496 -70
497 -75
498 -73
499 -76
500 -74
501 -70
502 -466
503 -70
504 -70
505 -75
506 -55
507 -62
508 -75
509 -63
510 -73
511 -75
512 -70
513 -70
514 -63
515 -62
516 -75
517 -626
518 -255
519 -63
520 -76
521 -75
522 -612
523 -815
524 -63
525 -2149
526 -76
527 -70
528 -75
529 -63
530 -257
531 -76
532 -73
533 -75
534 -74
535 -242
536 -75
537 -196
538 -75
539 -62
540 -70
541 -63
542 -65
543 -70
544 -74
545 -732
546 -73
547 -48
548 -74
549 -76
550 -364
551 -74
552 -75
553 -1858
554 -74
555 -75
556 -76
557 -2282
558 -515
559 -70
560 -70
561 -75
562 -62
563 -75
564 -6543
565 -1946
566 -73
567 -76
568 -71
569 -76
570 -62
571 -76
572 -75
573 -76
574 -65
575 -63
576 -76
577 -70
578 -76
579 -63
580 -63
581 -280
582 -74
583 -284
584 -343
585 -73
586 -70
587 -75
588 -70
589 -70
590 -73
591 -83
592 -74
593 -70
594 -68
595 -1402
596 -70
597 -75
598 -75
599 -76
600 -70
601 -4245
602 -79
603 -75
604 -70
605 -174
606 -70
607 -75
608 -168
609 -279
610 -75
611 -62
612 -74
613 -75
614 -73
615 -70
616 -70
617 -73
618 -70
619 -607
620 -76
621 -75
622 -70
623 -75
624 -63
625 -62
626 -63
627 -278
628 -62
629 -74
630 -75
631 -63
632 -115
633 -75
634 -75
635 -59
636 -211
637 -70
638 -70
639 -433
640 -70
641 -76
642 -73
643 -63
644 -75
645 -62
646 -75
647 -70
648 -62
649 -74
650 -73
651 -62
652 -70
653 -73
654 -74
655 -62
656 -74
657 -70
658 -262
659 -3603
660 -75
661 -74
662 -75
663 -75
664 -5432
665 -75
666 -70
667 -74
668 -73
669 -73
670 -70
671 -63
672 -76
673 -7709
674 -188
675 -74
676 -316
677 -73
678 -2270
679 -75
680 -435
681 -63
682 -63
683 -70
684 -76
685 -62
686 -161
687 -70
688 -65
689 -63
690 -76
691 -281
692 -63
693 -75
694 -4697
695 -75
696 -75
697 -78
698 -75
699 -4701
700 -63
701 -75
702 -70
703 -75
704 -75
705 -74
706 -263
707 -75
708 -76
709 -75
710 -76
711 -74
712 -63
713 -73
714 -70
715 -75
716 -73
717 -63
718 -75
719 -62
720 -73
721 -3330
722 -63
723 -63
724 -75
725 -73
726 -75
727 -536
728 -75
729 -75
730 -76
731 -75
732 -74
733 -70
734 -73
735 -75
736 -62
737 -74
738 -74
739 -63
740 -70
741 -63
742 -75
743 -75
744 -70
745 -76
746 -74
747 -70
748 -70
749 -70
750 -74
751 -102
752 -3534
753 -70
754 -81
755 -3915
756 -75
757 -70
758 -106
759 -75
760 -2575
761 -75
762 -75
763 -75
764 -70
765 -70
766 -70
767 -70
768 -75
769 -70
770 -103
771 -62
772 -76
773 -76
774 -75
775 -76
776 -73
777 -74
778 -74
779 -588
780 -62
781 -74
782 -63
783 -75
784 -76
785 -1675
786 -63
787 -76
788 -3059
789 -82
790 -73
791 -73
792 -273
793 -76
794 -75
795 -592
796 -267
797 -70
798 -63
799 -62
800 -2947
801 -260
802 -244
803 -2187
804 -70
805 -75
806 -74
807 -215
808 -75
809 -73
810 -74
811 -73
812 -1175
813 -1244
814 -1127
815 -62
816 -75
817 -70
818 -75
819 -75
820 -75
821 -75
822 -62
823 -75
824 -75
825 -62
826 -63
827 -63
828 -319
829 -167
830 -70
831 -74
832 -73
833 -63
834 -75
835 -70
836 -73
837 -75
838 -70
839 -62
840 -76
841 -314
842 -76
843 -73
844 -75
845 -70
846 -63
847 -70
848 -4608
849 -76
850 -71
851 -285
852 -63
853 -70
854 -67
855 -3540
856 -63
857 -70
858 -75
859 -323
860 -68
861 -63
862 -74
863 -76
864 -74
865 -70
866 -78
867 -75
868 -75
869 -76
870 -423
871 -63
872 -70
873 -3566
874 -74
875 -70
876 -1962
877 -75
878 -2440
879 -76
880 -68
881 -167
882 -75
883 -76
884 -73
885 -76
886 -70
887 -75
888 -75
889 -98
890 -76
891 -70
892 -70
893 -75
894 -1976
895 -65
896 -62
897 -63
898 -75
899 -76
900 -62
901 -74
902 -70
903 -74
904 -75
905 -96
906 -62
907 -121
908 -75
909 -73
910 -73
911 -641
912 -75
913 -75
914 -76
915 -73
916 -75
917 -75
918 -75
919 -62
920 -73
921 -2868
922 -60
923 -70
924 -356
925 -75
926 -62
927 -131
928 -73
929 -75
930 -622
931 -76
932 -75
933 -75
934 -189
935 -321
936 -75
937 -70
938 -75
939 -75
940 -801
941 -313
942 -474
943 -70
944 -70
945 -70
946 -62
947 -62
948 -62
949 -70
950 -62
951 -76
952 -70
953 -62
954 -73
955 -63
956 -74
957 -74
958 -5615
959 -204
960 -76
961 -74
962 -74
963 -531
964 -70
965 -74
966 -193
967 -70
968 -70
969 -75
970 -75
971 -243
972 -123
973 -74
974 -212
975 -63
976 -73
977 -63
978 -1700
979 -63
980 -96
981 -63
982 -77
983 -1222
984 -74
985 -55
986 -70
987 -80
988 -70
989 -141
990 -73
991 -75
992 -73
993 -1902
994 -75
995 -58
996 -1839
997 -75
998 -63
999 -70
