0 -70
1 -9600
2 -75
3 -628
4 -62
5 -62
6 -35
7 -62
8 -61
9 -73
10 -75
11 -62
12 -1027
13 -75
14 -70
15 -76
16 -918
17 -75
18 -70
19 -312
20 -298
21 -62
22 -73
23 -61
24 -76
25 -75
26 -62
27 -76
28 -34
29 -73
30 -70
31 -70
32 -73
33 -54
34 -76
35 -131
36 -1275
37 -1120
38 -73
39 -75
40 -54
41 -398
42 -464
43 -54
44 -74
45 -512
46 -75
47 -54
48 -74
49 -75
50 -220
51 -74
52 -54
53 -76
54 -54
55 -74
56 -74
57 -54
58 -141
59 -54
60 -70
61 -73
62 -74
63 -76
64 -73
65 -54
66 -70
67 -70
68 -76
69 -70
70 -62
71 -70
72 -113
73 -70
74 -74
75 -105
76 -73
77 -3652
78 -75
79 -73
80 -62
81 -62
82 -172
83 -300
84 -74
85 -35
86 -44
87 -75
88 -415
89 -73
90 -75
91 -6256
92 -807
93 -62
94 -75
95 -74
96 -75
97 -75
98 -70
99 -75
100 -76
101 -75
102 -389
103 -516
104 -70
105 -62
106 -87
107 -252
108 -76
109 -299
110 -2773
111 -74
112 -54
113 -5186
114 -70
115 -62
116 -73
117 -70
118 -62
119 -67
120 -2076
121 -410
122 -615
123 -70
124 -139
125 -76
126 -249
127 -76
128 -54
129 -74
130 -4201
131 -74
132 -74
133 -75
134 -62
135 -297
136 -62
137 -73
138 -2500
139 -18
140 -73
141 -62
142 -75
143 -76
144 -75
145 -434
146 -57
147 -2141
148 -76
149 -2604
150 -74
151 -75
152 -75
153 -271
154 -75
155 -62
156 -75
157 -75
158 -68
159 -73
160 -54
161 -35
162 -75
163 -38
164 -62
165 -2736
166 -121
167 -54
168 -75
169 -54
170 -76
171 -75
172 -582
173 -520
174 -74
175 -55
176 -75
177 -71
178 -2458
179 -75
180 -62
181 -75
182 -75
183 -76
184 -71
185 -74
186 -42
187 -632
188 -330
189 -59
190 -74
191 -77
192 -2471
193 -76
194 -75
195 -35
196 -2246
197 -75
198 -54
199 -73
200 -75
201 -74
202 -74
203 -62
204 -76
205 -76
206 -72
207 -70
208 -74
209 -75
210 -62
211 -70
212 -70
213 -35
214 -603
215 -54
216 -159
217 -68
218 -70
219 -75
220 -70
221 -76
222 -70
223 -73
224 -185
225 -4258
226 -73
227 -74
228 -169
229 -1543
230 -54
231 -74
232 -75
233 -75
234 -2609
235 -35
236 -2073
237 -62
238 -73
239 -55
240 -75
241 -75
242 -74
243 -73
244 -73
245 -62
246 -74
247 -62
248 -70
249 -70
250 -76
251 -76
252 -81
253 -75
254 -74
255 -75
256 -76
257 -1190
258 -59
259 -76
260 -75
261 -74
262 -62
263 -54
264 -1434
265 -109
266 -70
267 -70
268 -70
269 -75
270 -54
271 -104
272 -70
273 -1367
274 -74
275 -76
276 -76
277 -75
278 -62
279 -65
280 -75
281 -75
282 -73
283 -75
284 -76
285 -74
286 -74
287 -70
288 -227
289 -68
290 -70
291 -205
292 -76
293 -75
294 -75
295 -62
296 -76
297 -62
298 -70
299 -54
300 -74
301 -75
302 -75
303 -166
304 -76
305 -76
306 -75
307 -91
308 -54
309 -252
310 -70
311 -73
312 -70
313 -75
314 -3127
315 -74
316 -75
317 -35
318 -369
319 -676
320 -2818
321 -75
322 -75
323 -70
324 -62
325 -75
326 -54
327 -446
328 -89
329 -59
330 -62
331 -73
332 -76
333 -67
334 -75
335 -75
336 -75
337 -75
338 -54
339 -54
340 -62
341 -698
342 -4995
343 -70
344 -674
345 -75
346 -70
347 -75
348 -49
349 -62
350 -70
351 -62
352 -76
353 -75
354 -75
355 -5278
356 -76
357 -69
358 -859
359 -1870
360 -75
361 -75
362 -75
363 -74
364 -62
365 -70
366 -349
367 -347
368 -1469
369 -35
370 -73
371 -3782
372 -75
373 -62
374 -75
375 -74
376 -2600
377 -75
378 -75
379 -73
380 -75
381 -73
382 -30
383 -87
384 -76
385 -73
386 -74
387 -73
388 -75
389 -61
390 -1471
391 -74
392 -74
393 -76
394 -73
395 -10622
396 -62
397 -62
398 -75
399 -76
400 -35
401 -62
402 -75
403 -35
404 -76
405 -1104
406 -464
407 -154
408 -54
409 -76
410 -73
411 -48
412 -75
413 -75
414 -75
415 -70
416 -395
417 -75
418 -75
419 -76
420 -76
421 -62
422 -62
423 -7339
424 -75
425 -17
426 -39
427 -35
428 -62
429 -62
430 -75
431 -75
432 -54
433 -75
434 -1538
435 -159
436 -70
437 -76
438 -16002
439 -73
440 -59
441 -54
442 -76
443 -156
444 -75
445 -74
446 -75
447 -70
448 -75
449 -75
450 -73
451 -73
452 -70
453 -65
454 -74
455 -70
456 -75
457 -70
458 -1136
459 -70
460 -70
461 -54
462 -62
463 -1324
464 -76
465 -75
466 -80
467 -73
468 -4262
469 -75
470 -73
471 -661
472 -62
473 -69
474 -472
475 -74
476 -4125
477 -2481
478 -74
479 -73
480 -188
481 -74
482 -75
483 -78
484 -62
485 -75
486 -41
487 -75
488 -63
489 -74
490 -113
491 -407
492 -70
493 -70
494 -70
495 -74
496 -73
497 -92
498 -3445
499 -76
500 -54
501 -75
502 -35
503 -73
504 -74
505 -75
506 -74
507 -3424
508 -75
509 -54
510 -75
511 -75
512 -75
513 -75
514 -70
515 -75
516 -54
517 -38
518 -73
519 -54
520 -75
521 -70
522 -54
523 -73
524 -75
525 -38
526 -75
527 -54
528 -76
529 -4504
530 -2617
531 -2818
532 -75
533 -62
534 -70
535 -75
536 -373
537 -54
538 -75
539 -74
540 -73
541 -75
542 -62
543 -74
544 -74
545 -62
546 -62
547 -4482
548 -70
549 -1671
550 -54
551 -75
552 -70
553 -73
554 -62
555 -75
556 -76
557 -4733
558 -74
559 -54
560 -75
561 -78
562 -75
563 -75
564 -75
565 -77
566 -926
567 -1746
568 -110
569 -73
570 -73
571 -73
572 -75
573 -5510
574 -75
575 -54
576 -76
577 -62
578 -122
579 -89
580 -74
581 -75
582 -62
583 -54
584 -451
585 -54
586 -54
587 -62
588 -76
589 -76
590 -62
591 -1912
592 -70
593 -73
594 -62
595 -70
596 -73
597 -74
598 -73
599 -70
600 -80
601 -73
602 -65
603 -75
604 -1946
605 -75
606 -946
607 -4684
608 -76
609 -62
610 -74
611 -54
612 -74
613 -74
614 -75
615 -75
616 -75
617 -73
618 -62
619 -75
620 -74
621 -1419
622 -75
623 -73
624 -70
625 -61
626 -3872
627 -75
628 -273
629 -70
630 -76
631 -1171
632 -2838
633 -76
634 -76
635 -51
636 -74
637 -74
638 -443
639 -70
640 -30
641 -34
642 -538
643 -75
644 -5807
645 -187
646 -18
647 -75
648 -65
649 -70
650 -54
651 -107
652 -615
653 -54
654 -74
655 -829
656 -76
657 -73
658 -73
659 -70
660 -54
661 -75
662 -406
663 -278
664 -74
665 -75
666 -73
667 -77
668 -74
669 -74
670 -76
671 -73
672 -74
673 -1430
674 -104
675 -1030
676 -97
677 -54
678 -80
679 -336
680 -76
681 -569
682 -75
683 -62
684 -62
685 -76
686 -70
687 -75
688 -76
689 -1438
690 -2520
691 -73
692 -1222
693 -75
694 -1408
695 -62
696 -70
697 -119
698 -74
699 -70
700 -74
701 -10848
702 -62
703 -76
704 -75
705 -117
706 -2173
707 -90
708 -54
709 -70
710 -73
711 -73
712 -74
713 -74
714 -75
715 -75
716 -76
717 -74
718 -76
719 -76
720 -68
721 -74
722 -54
723 -383
724 -21
725 -3777
726 -73
727 -70
728 -75
729 -76
730 -62
731 -131
732 -65
733 -73
734 -2994
735 -70
736 -2691
737 -518
738 -54
739 -75
740 -376
741 -62
742 -75
743 -62
744 -75
745 -74
746 -73
747 -73
748 -73
749 -75
750 -74
751 -54
752 -76
753 -54
754 -70
755 -64
756 -5503
757 -70
758 -250
759 -74
760 -70
761 -75
762 -70
763 -808
764 -75
765 -5598
766 -76
767 -74
768 -73
769 -2334
770 -62
771 -73
772 -35
773 -75
774 -62
775 -73
776 -70
777 -35
778 -75
779 -76
780 -75
781 -80
782 -54
783 -70
784 -353
785 -54
786 -75
787 -522
788 -76
789 -75
790 -76
791 -3155
792 -25
793 -75
794 -35
795 -75
796 -281
797 -5665
798 -75
799 -76
800 -62
801 -69
802 -73
803 -683
804 -75
805 -62
806 -75
807 -977
808 -77
809 -62
810 -54
811 -75
812 -74
813 -74
814 -74
815 -134
816 -75
817 -70
818 -70
819 -73
820 -75
821 -70
822 -74
823 -76
824 -75
825 -70
826 -384
827 -185
828 -75
829 -75
830 -54
831 -230
832 -54
833 -76
834 -545
835 -70
836 -70
837 -75
838 -2185
839 -62
840 -1901
841 -70
842 -1713
843 -35
844 -4623
845 -75
846 -73
847 -139
848 -76
849 -1439
850 -62
851 -76
852 -69
853 -62
854 -145
855 -664
856 -65
857 -62
858 -74
859 -75
860 -62
861 -2058
862 -73
863 -76
864 -62
865 -1760
866 -152
867 -73
868 -178
869 -54
870 -73
871 -189
872 -73
873 -1065
874 -54
875 -75
876 -25
877 -470
878 -68
879 -73
880 -3337
881 -482
882 -76
883 -75
884 -76
885 -76
886 -63
887 -74
888 -75
889 -34
890 -75
891 -198
892 -73
893 -76
894 -3715
895 -62
896 -179
897 -59
898 -35
899 -74
900 -70
901 -66
902 -171
903 -54
904 -75
905 -234
906 -62
907 -75
908 -75
909 -73
910 -76
911 -73
912 -165
913 -868
914 -75
915 -160
916 -75
917 -62
918 -62
919 -1258
920 -75
921 -70
922 -76
923 -73
924 -70
925 -75
926 -54
927 -224
928 -62
929 -62
930 -73
931 -368
932 -74
933 -35
934 -76
935 -4372
936 -54
937 -70
938 -517
939 -785
940 -62
941 -75
942 -175
943 -74
944 -70
945 -77
946 -74
947 -70
948 -62
949 -250
950 -1686
951 -74
952 -75
953 -76
954 -7149
955 -62
956 -287
957 -860
958 -62
959 -74
960 -1191
961 -75
962 -53
963 -112
964 -54
965 -75
966 -74
967 -75
968 -61
969 -34
970 -75
971 -1593
972 -54
973 -54
974 -75
975 -1416
976 -54
977 -81
978 -221
979 -62
980 -62
981 -76
982 -30
983 -4450
984 -75
985 -54
986 -289
987 -2384
988 -62
989 -76
990 -2129
991 -74
992 -70
993 -303
994 -54
995 -70
996 -75
997 -76
998 -75
999 -5491
