0 -75
1 -75
2 -75
3 -75
4 -75
5 -73
6 -74
7 -52
8 -70
9 -70
10 -70
11 -62
12 -70
13 -363
14 -52
15 -74
16 -70
17 -71
18 -70
19 -2319
20 -73
21 -70
22 -73
23 -73
24 -52
25 -80
26 -52
27 -70
28 -61
29 -75
30 -62
31 -70
32 -76
33 -54
34 -75
35 -5165
36 -52
37 -73
38 -74
39 -76
40 -70
41 -1293
42 -70
43 -4384
44 -75
45 -1214
46 -70
47 -75
48 -6571
49 -70
50 -73
51 -74
52 -53
53 -74
54 -208
55 -70
56 -75
57 -2797
58 -1296
59 -75
60 -76
61 -73
62 -351
63 -260
64 -70
65 -52
66 -75
67 -76
68 -76
69 -75
70 -74
71 -2461
72 -275
73 -73
74 -76
75 -324
76 -75
77 -76
78 -52
79 -291
80 -537
81 -75
82 -4898
83 -65
84 -70
85 -70
86 -452
87 -75
88 -70
89 -70
90 -75
91 -74
92 -70
93 -112
94 -70
95 -71
96 -245
97 -52
98 -467
99 -81
100 -60
101 -70
102 -75
103 -62
104 -73
105 -74
106 -52
107 -74
108 -62
109 -75
110 -70
111 -75
112 -75
113 -48
114 -74
115 -75
116 -879
117 -70
118 -52
119 -3702
120 -74
121 -70
122 -74
123 -70
124 -562
125 -1495
126 -70
127 -70
128 -52
129 -66
130 -62
131 -73
132 -74
133 -75
134 -74
135 -1014
136 -70
137 -109
138 -75
139 -76
140 -70
141 -75
142 -62
143 -75
144 -52
145 -127
146 -70
147 -70
148 -76
149 -74
150 -600
151 -73
152 -75
153 -264
154 -63
155 -75
156 -52
157 -74
158 -70
159 -62
160 -76
161 -70
162 -70
163 -73
164 -62
165 -52
166 -70
167 -78
168 -47
169 -52
170 -74
171 -70
172 -74
173 -76
174 -62
175 -76
176 -70
177 -73
178 -52
179 -70
180 -356
181 -70
182 -71
183 -450
184 -74
185 -96
186 -70
187 -190
188 -75
189 -74
190 -512
191 -70
192 -73
193 -70
194 -516
195 -52
196 -75
197 -70
198 -76
199 -74
200 -5537
201 -52
202 -75
203 -74
204 -52
205 -70
206 -62
207 -75
208 -682
209 -75
210 -72
211 -52
212 -76
213 -2928
214 -71
215 -70
216 -70
217 -728
218 -52
219 -75
220 -52
221 -75
222 -75
223 -74
224 -3583
225 -4510
226 -76
227 -76
228 -74
229 -62
230 -52
231 -70
232 -75
233 -599
234 -75
235 -70
236 -56
237 -52
238 -70
239 -105
240 -62
241 -74
242 -70
243 -62
244 -74
245 -70
246 -62
247 -74
248 -70
249 -52
250 -75
251 -74
252 -52
253 -52
254 -76
255 -73
256 -75
257 -52
258 -81
259 -73
260 -52
261 -1308
262 -73
263 -70
264 -62
265 -63
266 -73
267 -73
268 -75
269 -75
270 -76
271 -76
272 -131
273 -75
274 -75
275 -70
276 -62
277 -145
278 -75
279 -310
280 -75
281 -70
282 -121
283 -70
284 -74
285 -70
286 -4272
287 -52
288 -62
289 -52
290 -1095
291 -70
292 -1682
293 -74
294 -70
295 -73
296 -328
297 -73
298 -75
299 -75
300 -75
301 -70
302 -75
303 -74
304 -76
305 -73
306 -74
307 -6692
308 -75
309 -70
310 -288
311 -74
312 -74
313 -70
314 -437
315 -70
316 -68
317 -75
318 -75
319 -70
320 -70
321 -70
322 -53
323 -76
324 -300
325 -407
326 -75
327 -62
328 -52
329 -62
330 -73
331 -502
332 -70
333 -538
334 -147
335 -5175
336 -73
337 -70
338 -76
339 -75
340 -70
341 -52
342 -75
343 -74
344 -62
345 -74
346 -52
347 -70
348 -92
349 -4192
350 -74
351 -65
352 -75
353 -76
354 -52
355 -62
356 -70
357 -68
358 -64
359 -217
360 -74
361 -70
362 -76
363 -70
364 -70
365 -76
366 -359
367 -52
368 -306
369 -52
370 -2620
371 -75
372 -62
373 -63
374 -179
375 -73
376 -62
377 -62
378 -146
379 -1225
380 -75
381 -291
382 -153
383 -75
384 -2670
385 -75
386 -121
387 -76
388 -70
389 -70
390 -381
391 -76
392 -3478
393 -70
394 -75
395 -73
396 -76
397 -152
398 -75
399 -800
400 -70
401 -70
402 -562
403 -75
404 -52
405 -73
406 -74
407 -75
408 -70
409 -709
410 -75
411 -75
412 -73
413 -73
414 -70
415 -70
416 -74
417 -70
418 -74
419 -73
420 -76
421 -75
422 -60
423 -80
424 -214
425 -70
426 -75
427 -76
428 -73
429 -70
430 -74
431 -75
432 -2956
433 -75
434 -75
435 -119
436 -75
437 -75
438 -76
439 -75
440 -75
441 -74
442 -62
443 -79
444 -70
445 -70
446 -70
447 -76
448 -9088
449 -73
450 -52
451 -70
452 -75
453 -297
454 -71
455 -52
456 -200
457 -62
458 -75
459 -76
460 -51
461 -70
462 -62
463 -80
464 -75
465 -76
466 -70
467 -76
468 -70
469 -594
470 -73
471 -187
472 -180
473 -70
474 -5019
475 -6220
476 -75
477 -200
478 -6140
479 -57
480 -75
481 -70
482 -62
483 -73
484 -74
485 -74
486 -75
487 -75
488 -475
489 -73
490 -76
491 -209
492 -74
493 -75
494 -52
495 -75
496 -73
497 -289
498 -3087
499 -151
500 -70
501 -429
502 -93
503 -52
504 -73
505 -75
506 -3049
507 -70
508 -75
509 -70
510 -70
511 -75
512 -70
513 -52
514 -76
515 -63
516 -67
517 -75
518 -62
519 -73
520 -70
521 -75
522 -75
523 -75
524 -73
525 -52
526 -70
527 -76
528 -73
529 -66
530 -76
531 -178
532 -70
533 -62
534 -52
535 -76
536 -62
537 -6764
538 -70
539 -70
540 -62
541 -62
542 -70
543 -76
544 -70
545 -75
546 -593
547 -70
548 -73
549 -73
550 -76
551 -75
552 -76
553 -52
554 -75
555 -70
556 -75
557 -76
558 -135
559 -52
560 -62
561 -90
562 -70
563 -76
564 -1527
565 -185
566 -76
567 -70
568 -70
569 -73
570 -74
571 -75
572 -73
573 -76
574 -184
575 -99
576 -232
577 -74
578 -52
579 -52
580 -74
581 -73
582 -75
583 -73
584 -76
585 -5581
586 -70
587 -75
588 -138
589 -114
590 -62
591 -73
592 -73
593 -70
594 -73
595 -76
596 -73
597 -6091
598 -2202
599 -74
600 -772
601 -1417
602 -978
603 -74
604 -70
605 -75
606 -70
607 -74
608 -73
609 -75
610 -76
611 -76
612 -75
613 -70
614 -74
615 -73
616 -74
617 -70
618 -70
619 -76
620 -62
621 -75
622 -74
623 -804
624 -74
625 -74
626 -73
627 -52
628 -68
629 -74
630 -121
631 -75
632 -52
633 -75
634 -381
635 -70
636 -70
637 -70
638 -412
639 -52
640 -75
641 -73
642 -201
643 -69
644 -75
645 -702
646 -52
647 -1181
648 -62
649 -614
650 -73
651 -70
652 -74
653 -225
654 -296
655 -75
656 -74
657 -6435
658 -3765
659 -406
660 -75
661 -121
662 -74
663 -52
664 -76
665 -75
666 -62
667 -75
668 -76
669 -546
670 -4628
671 -52
672 -70
673 -73
674 -73
675 -52
676 -70
677 -53
678 -12017
679 -76
680 -62
681 -52
682 -74
683 -75
684 -73
685 -68
686 -73
687 -67
688 -75
689 -826
690 -76
691 -52
692 -73
693 -62
694 -1423
695 -104
696 -75
697 -62
698 -62
699 -70
700 -540
701 -277
702 -74
703 -76
704 -292
705 -600
706 -70
707 -73
708 -73
709 -264
710 -52
711 -526
712 -532
713 -76
714 -84
715 -76
716 -6190
717 -76
718 -76
719 -52
720 -76
721 -76
722 -62
723 -73
724 -228
725 -52
726 -1710
727 -75
728 -52
729 -70
730 -67
731 -52
732 -75
733 -73
734 -62
735 -76
736 -75
737 -73
738 -60
739 -75
740 -73
741 -75
742 -74
743 -52
744 -75
745 -76
746 -62
747 -76
748 -2355
749 -70
750 -75
751 -73
752 -76
753 -73
754 -261
755 -75
756 -70
757 -73
758 -73
759 -75
760 -76
761 -52
762 -73
763 -1155
764 -73
765 -62
766 -62
767 -74
768 -139
769 -76
770 -178
771 -62
772 -70
773 -75
774 -62
775 -451
776 -251
777 -78
778 -75
779 -75
780 -74
781 -80
782 -609
783 -52
784 -52
785 -75
786 -231
787 -74
788 -74
789 -1306
790 -75
791 -76
792 -75
793 -163
794 -192
795 -76
796 -70
797 -70
798 -74
799 -75
800 -70
801 -76
802 -52
803 -804
804 -70
805 -52
806 -70
807 -70
808 -74
809 -75
810 -74
811 -75
812 -70
813 -3272
814 -123
815 -1317
816 -75
817 -76
818 -74
819 -70
820 -612
821 -70
822 -1592
823 -96
824 -1417
825 -70
826 -52
827 -61
828 -78
829 -70
830 -70
831 -75
832 -73
833 -75
834 -52
835 -70
836 -52
837 -73
838 -70
839 -75
840 -275
841 -70
842 -52
843 -76
844 -73
845 -70
846 -62
847 -1707
848 -3926
849 -52
850 -2036
851 -75
852 -74
853 -80
854 -76
855 -2588
856 -52
857 -206
858 -70
859 -8927
860 -70
861 -68
862 -182
863 -74
864 -133
865 -70
866 -139
867 -73
868 -80
869 -118
870 -34
871 -62
872 -75
873 -75
874 -314
875 -75
876 -62
877 -66
878 -76
879 -81
880 -75
881 -74
882 -75
883 -70
884 -70
885 -70
886 -75
887 -5144
888 -76
889 -75
890 -62
891 -73
892 -78
893 -73
894 -70
895 -586
896 -74
897 -75
898 -74
899 -76
900 -63
901 -3096
902 -70
903 -75
904 -52
905 -62
906 -60
907 -70
908 -62
909 -70
910 -97
911 -74
912 -70
913 -73
914 -200
915 -70
916 -161
917 -75
918 -62
919 -74
920 -402
921 -315
922 -75
923 -74
924 -74
925 -234
926 -76
927 -1614
928 -68
929 -81
930 -53
931 -75
932 -52
933 -62
934 -73
935 -127
936 -70
937 -547
938 -357
939 -62
940 -75
941 -70
942 -70
943 -76
944 -76
945 -52
946 -75
947 -52
948 -79
949 -52
950 -260
951 -75
952 -75
953 -73
954 -95
955 -255
956 -52
957 -70
958 -61
959 -75
960 -70
961 -56
962 -52
963 -76
964 -300
965 -1018
966 -70
967 -75
968 -76
969 -52
970 -59
971 -70
972 -74
973 -75
974 -74
975 -73
976 -75
977 -48
978 -75
979 -76
980 -52
981 -74
982 -75
983 -62
984 -62
985 -52
986 -90
987 -62
988 -340
989 -47
990 -73
991 -70
992 -74
993 -73
994 -76
995 -63
996 -75
997 -74
998 -70
999 -74
