0 -75
1 -76
2 -62
3 -70
4 -434
5 -52
6 -127
7 -76
8 -76
9 -70
10 -73
11 -70
12 -70
13 -226
14 -1954
15 -73
16 -76
17 -324
18 -75
19 -68
20 -62
21 -70
22 -628
23 -70
24 -73
25 -74
26 -74
27 -74
28 -70
29 -62
30 -62
31 -665
32 -70
33 -52
34 -76
35 -74
36 -303
37 -76
38 -414
39 -470
40 -74
41 -52
42 -73
43 -75
44 -65
45 -1307
46 -76
47 -75
48 -62
49 -74
50 -76
51 -62
52 -52
53 -70
54 -75
55 -70
56 -52
57 -73
58 -73
59 -184
60 -76
61 -81
62 -62
63 -70
64 -1679
65 -70
66 -2111
67 -70
68 -167
69 -76
70 -52
71 -1871
72 -70
73 -70
74 -70
75 -70
76 -6875
77 -74
78 -322
79 -129
80 -74
81 -80
82 -52
83 -75
84 -52
85 -52
86 -70
87 -435
88 -75
89 -74
90 -75
91 -1296
92 -74
93 -66
94 -52
95 -70
96 -80
97 -931
98 -63
99 -464
100 -75
101 -75
102 -73
103 -67
104 -74
105 -3093
106 -2767
107 -73
108 -75
109 -71
110 -76
111 -73
112 -486
113 -70
114 -74
115 -75
116 -70
117 -389
118 -73
119 -62
120 -58
121 -1015
122 -442
123 -70
124 -597
125 -8491
126 -68
127 -75
128 -173
129 -73
130 -75
131 -62
132 -75
133 -74
134 -75
135 -73
136 -287
137 -79
138 -330
139 -77
140 -70
141 -52
142 -52
143 -74
144 -70
145 -75
146 -52
147 -70
148 -76
149 -74
150 -75
151 -63
152 -62
153 -76
154 -75
155 -70
156 -43
157 -52
158 -74
159 -87
160 -70
161 -1273
162 -80
163 -52
164 -75
165 -79
166 -70
167 -70
168 -941
169 -5689
170 -76
171 -75
172 -47
173 -380
174 -70
175 -70
176 -66
177 -62
178 -70
179 -62
180 -52
181 -70
182 -70
183 -75
184 -76
185 -176
186 -62
187 -76
188 -71
189 -66
190 -76
191 -70
192 -75
193 -70
194 -76
195 -62
196 -62
197 -1436
198 -76
199 -1154
200 -62
201 -62
202 -70
203 -70
204 -70
205 -75
206 -75
207 -75
208 -76
209 -70
210 -75
211 -75
212 -75
213 -201
214 -69
215 -70
216 -76
217 -75
218 -70
219 -70
220 -198
221 -292
222 -73
223 -171
224 -52
225 -52
226 -70
227 -74
228 -95
229 -75
230 -73
231 -1171
232 -73
233 -74
234 -70
235 -228
236 -192
237 -76
238 -75
239 -73
240 -73
241 -251
242 -52
243 -70
244 -70
245 -674
246 -274
247 -76
248 -76
249 -565
250 -74
251 -296
252 -73
253 -74
254 -298
255 -281
256 -76
257 -491
258 -62
259 -75
260 -70
261 -70
262 -52
263 -76
264 -76
265 -645
266 -73
267 -73
268 -75
269 -301
270 -74
271 -73
272 -70
273 -497
274 -381
275 -75
276 -1417
277 -70
278 -76
279 -70
280 -73
281 -73
282 -73
283 -305
284 -1884
285 -73
286 -76
287 -74
288 -62
289 -74
290 -562
291 -75
292 -52
293 -62
294 -74
295 -62
296 -70
297 -8065
298 -62
299 -75
300 -70
301 -75
302 -52
303 -74
304 -62
305 -52
306 -76
307 -75
308 -87
309 -70
310 -70
311 -52
312 -73
313 -62
314 -75
315 -74
316 -75
317 -70
318 -76
319 -71
320 -75
321 -81
322 -75
323 -62
324 -70
325 -75
326 -75
327 -74
328 -76
329 -75
330 -70
331 -70
332 -62
333 -1554
334 -76
335 -242
336 -249
337 -75
338 -62
339 -70
340 -62
341 -75
342 -1038
343 -71
344 -74
345 -70
346 -62
347 -1860
348 -52
349 -74
350 -4892
351 -70
352 -73
353 -55
354 -3784
355 -74
356 -76
357 -62
358 -76
359 -70
360 -52
361 -76
362 -73
363 -74
364 -76
365 -74
366 -160
367 -6356
368 -75
369 -73
370 -70
371 -75
372 -75
373 -52
374 -1456
375 -70
376 -62
377 -70
378 -70
379 -70
380 -76
381 -150
382 -52
383 -70
384 -74
385 -66
386 -52
387 -290
388 -76
389 -52
390 -70
391 -75
392 -75
393 -73
394 -75
395 -70
396 -62
397 -68
398 -75
399 -74
400 -70
401 -74
402 -61
403 -74
404 -52
405 -62
406 -70
407 -74
408 -52
409 -70
410 -65
411 -62
412 -62
413 -76
414 -74
415 -75
416 -75
417 -62
418 -70
419 -70
420 -390
421 -2168
422 -105
423 -70
424 -70
425 -52
426 -73
427 -76
428 -52
429 -70
430 -52
431 -73
432 -32
433 -76
434 -52
435 -75
436 -450
437 -75
438 -1001
439 -377
440 -62
441 -75
442 -244
443 -62
444 -342
445 -75
446 -70
447 -74
448 -2053
449 -75
450 -70
451 -75
452 -80
453 -75
454 -73
455 -74
456 -73
457 -75
458 -75
459 -75
460 -75
461 -52
462 -174
463 -74
464 -75
465 -70
466 -70
467 -70
468 -75
469 -71
470 -73
471 -46
472 -62
473 -62
474 -73
475 -52
476 -2195
477 -120
478 -75
479 -74
480 -652
481 -75
482 -62
483 -73
484 -62
485 -70
486 -76
487 -75
488 -76
489 -85
490 -75
491 -2658
492 -70
493 -75
494 -70
495 -75
496 -75
497 -75
498 -73
499 -70
500 -70
501 -70
502 -70
503 -76
504 -73
505 -62
506 -75
507 -75
508 -161
509 -70
510 -138
511 -73
512 -52
513 -75
514 -76
515 -74
516 -62
517 -75
518 -433
519 -55
520 -74
521 -62
522 -74
523 -75
524 -62
525 -86
526 -75
527 -76
528 -62
529 -76
530 -75
531 -70
532 -74
533 -76
534 -73
535 -75
536 -76
537 -62
538 -76
539 -76
540 -75
541 -70
542 -76
543 -70
544 -244
545 -75
546 -73
547 -129
548 -52
549 -70
550 -52
551 -55
552 -76
553 -165
554 -52
555 -3606
556 -6704
557 -70
558 -70
559 -76
560 -70
561 -74
562 -70
563 -52
564 -487
565 -75
566 -57
567 -74
568 -76
569 -75
570 -75
571 -75
572 -75
573 -70
574 -222
575 -73
576 -75
577 -73
578 -76
579 -57
580 -70
581 -124
582 -65
583 -73
584 -52
585 -70
586 -73
587 -52
588 -70
589 -75
590 -44
591 -58
592 -70
593 -166
594 -52
595 -74
596 -52
597 -62
598 -120
599 -76
600 -76
601 -75
602 -76
603 -75
604 -75
605 -70
606 -52
607 -75
608 -78
609 -52
610 -478
611 -70
612 -62
613 -70
614 -70
615 -75
616 -70
617 -75
618 -75
619 -187
620 -583
621 -73
622 -62
623 -52
624 -73
625 -73
626 -75
627 -70
628 -62
629 -75
630 -70
631 -4412
632 -73
633 -62
634 -62
635 -70
636 -128
637 -303
638 -75
639 -70
640 -70
641 -75
642 -73
643 -75
644 -75
645 -70
646 -75
647 -319
648 -74
649 -52
650 -194
651 -73
652 -84
653 -75
654 -62
655 -75
656 -1670
657 -70
658 -75
659 -74
660 -75
661 -75
662 -73
663 -52
664 -59
665 -70
666 -52
667 -52
668 -73
669 -73
670 -262
671 -73
672 -70
673 -76
674 -70
675 -62
676 -75
677 -75
678 -2408
679 -70
680 -75
681 -47
682 -62
683 -323
684 -360
685 -397
686 -52
687 -78
688 -76
689 -70
690 -323
691 -74
692 -75
693 -76
694 -56
695 -52
696 -74
697 -73
698 -75
699 -74
700 -52
701 -75
702 -127
703 -74
704 -52
705 -70
706 -73
707 -51
708 -52
709 -52
710 -86
711 -995
712 -75
713 -62
714 -74
715 -638
716 -75
717 -990
718 -75
719 -62
720 -73
721 -62
722 -1202
723 -4057
724 -74
725 -70
726 -76
727 -52
728 -271
729 -117
730 -1235
731 -62
732 -75
733 -73
734 -75
735 -62
736 -70
737 -62
738 -76
739 -70
740 -52
741 -61
742 -62
743 -284
744 -52
745 -391
746 -932
747 -70
748 -3701
749 -62
750 -62
751 -479
752 -75
753 -52
754 -74
755 -93
756 -76
757 -74
758 -76
759 -119
760 -566
761 -194
762 -287
763 -75
764 -74
765 -75
766 -75
767 -78
768 -62
769 -50
770 -62
771 -76
772 -75
773 -94
774 -79
775 -74
776 -73
777 -603
778 -74
779 -114
780 -4320
781 -67
782 -62
783 -76
784 -62
785 -6613
786 -70
787 -75
788 -76
789 -60
790 -840
791 -73
792 -74
793 -75
794 -52
795 -52
796 -73
797 -70
798 -76
799 -62
800 -73
801 -154
802 -70
803 -70
804 -75
805 -267
806 -75
807 -62
808 -70
809 -62
810 -76
811 -366
812 -70
813 -52
814 -72
815 -70
816 -57
817 -70
818 -76
819 -167
820 -74
821 -244
822 -507
823 -466
824 -52
825 -75
826 -76
827 -70
828 -55
829 -75
830 -70
831 -62
832 -75
833 -75
834 -71
835 -52
836 -62
837 -76
838 -70
839 -62
840 -75
841 -62
842 -75
843 -486
844 -70
845 -62
846 -75
847 -52
848 -52
849 -75
850 -243
851 -74
852 -70
853 -75
854 -296
855 -74
856 -70
857 -977
858 -70
859 -73
860 -74
861 -75
862 -763
863 -75
864 -76
865 -75
866 -75
867 -62
868 -70
869 -62
870 -76
871 -3087
872 -52
873 -70
874 -75
875 -60
876 -52
877 -75
878 -1961
879 -70
880 -52
881 -52
882 -276
883 -190
884 -52
885 -28
886 -75
887 -70
888 -357
889 -74
890 -73
891 -76
892 -75
893 -75
894 -74
895 -75
896 -74
897 -76
898 -75
899 -76
900 -74
901 -70
902 -73
903 -73
904 -303
905 -74
906 -70
907 -62
908 -3295
909 -84
910 -352
911 -70
912 -76
913 -73
914 -62
915 -76
916 -74
917 -76
918 -70
919 -73
920 -73
921 -70
922 -75
923 -70
924 -74
925 -74
926 -74
927 -74
928 -73
929 -200
930 -52
931 -62
932 -75
933 -75
934 -52
935 -73
936 -73
937 -76
938 -75
939 -78
940 -75
941 -63
942 -70
943 -70
944 -52
945 -70
946 -75
947 -57
948 -75
949 -52
950 -62
951 -74
952 -52
953 -75
954 -53
955 -62
956 -76
957 -75
958 -73
959 -52
960 -52
961 -52
962 -62
963 -74
964 -74
965 -105
966 -74
967 -73
968 -75
969 -67
970 -75
971 -70
972 -52
973 -70
974 -75
975 -52
976 -52
977 -70
978 -62
979 -70
980 -75
981 -74
982 -73
983 -62
984 -52
985 -62
986 -70
987 -75
988 -74
989 -62
990 -70
991 -76
992 -70
993 -75
994 -74
995 -73
996 -2598
997 -193
998 -66
999 -52
