0 -75
1 -73
2 -70
3 -75
4 -70
5 -70
6 -70
7 -73
8 -423
9 -62
10 -74
11 -76
12 -70
13 -75
14 -70
15 -75
16 -481
17 -75
18 -4545
19 -70
20 -75
21 -70
22 -62
23 -75
24 -75
25 -73
26 -76
27 -62
28 -75
29 -312
30 -70
31 -282
32 -456
33 -401
34 -2720
35 -75
36 -594
37 -62
38 -75
39 -74
40 -62
41 -2162
42 -68
43 -70
44 -74
45 -188
46 -75
47 -362
48 -1094
49 -70
50 -74
51 -70
52 -74
53 -84
54 -75
55 -44
56 -70
57 -73
58 -62
59 -532
60 -74
61 -62
62 -74
63 -73
64 -2750
65 -50
66 -74
67 -62
68 -62
69 -674
70 -74
71 -35
72 -70
73 -73
74 -75
75 -76
76 -33
77 -70
78 -285
79 -74
80 -70
81 -73
82 -74
83 -70
84 -281
85 -75
86 -75
87 -75
88 -75
89 -74
90 -284
91 -62
92 -162
93 -2397
94 -157
95 -70
96 -76
97 -535
98 -230
99 -76
100 -75
101 -62
102 -75
103 -73
104 -75
105 -105
106 -72
107 -74
108 -70
109 -4290
110 -74
111 -31
112 -73
113 -71
114 -73
115 -35
116 -70
117 -70
118 -75
119 -70
120 -62
121 -75
122 -73
123 -70
124 -67
125 -62
126 -49
127 -75
128 -74
129 -45
130 -62
131 -3517
132 -2053
133 -352
134 -40
135 -396
136 -62
137 -75
138 -70
139 -73
140 -75
141 -711
142 -59
143 -70
144 -75
145 -375
146 -70
147 -2208
148 -75
149 -70
150 -70
151 -57
152 -70
153 -58
154 -345
155 -31
156 -70
157 -70
158 -75
159 -76
160 -74
161 -75
162 -49
163 -70
164 -5726
165 -62
166 -1312
167 -333
168 -4407
169 -44
170 -52
171 -574
172 -70
173 -322
174 -44
175 -44
176 -212
177 -62
178 -76
179 -70
180 -34
181 -75
182 -75
183 -76
184 -62
185 -62
186 -77
187 -73
188 -44
189 -221
190 -73
191 -62
192 -76
193 -73
194 -78
195 -76
196 -70
197 -51
198 -59
199 -1253
200 -80
201 -3182
202 -70
203 -188
204 -1507
205 -3596
206 -73
207 -70
208 -74
209 -75
210 -527
211 -75
212 -75
213 -75
214 -75
215 -55
216 -742
217 -75
218 -4559
219 -76
220 -6270
221 -74
222 -79
223 -62
224 -74
225 -70
226 -75
227 -70
228 -63
229 -70
230 -70
231 -1091
232 -62
233 -62
234 -76
235 -75
236 -7184
237 -65
238 -73
239 -70
240 -2523
241 -70
242 -70
243 -62
244 -70
245 -73
246 -256
247 -793
248 -70
249 -74
250 -1373
251 -76
252 -2081
253 -70
254 -169
255 -44
256 -75
257 -70
258 -73
259 -75
260 -62
261 -70
262 -576
263 -50
264 -44
265 -75
266 -1280
267 -62
268 -74
269 -70
270 -76
271 -75
272 -182
273 -75
274 -75
275 -70
276 -62
277 -73
278 -75
279 -35
280 -87
281 -75
282 -125
283 -74
284 -62
285 -70
286 -491
287 -75
288 -75
289 -73
290 -70
291 -75
292 -76
293 -70
294 -70
295 -342
296 -46
297 -73
298 -51
299 -62
300 -62
301 -75
302 -70
303 -75
304 -75
305 -75
306 -64
307 -76
308 -75
309 -145
310 -62
311 -62
312 -468
313 -39
314 -75
315 -73
316 -4255
317 -75
318 -70
319 -4683
320 -300
321 -76
322 -2518
323 -70
324 -73
325 -76
326 -70
327 -75
328 -74
329 -76
330 -70
331 -76
332 -234
333 -70
334 -70
335 -70
336 -74
337 -106
338 -62
339 -2723
340 -70
341 -23
342 -151
343 -73
344 -75
345 -5736
346 -470
347 -74
348 -74
349 -2871
350 -75
351 -73
352 -257
353 -75
354 -62
355 -73
356 -188
357 -75
358 -1200
359 -25
360 -70
361 -70
362 -79
363 -76
364 -73
365 -62
366 -76
367 -3719
368 -75
369 -68
370 -62
371 -2416
372 -70
373 -70
374 -62
375 -242
376 -76
377 -73
378 -76
379 -62
380 -70
381 -70
382 -62
383 -62
384 -70
385 -7042
386 -70
387 -44
388 -66
389 -233
390 -74
391 -76
392 -73
393 -70
394 -75
395 -75
396 -75
397 -73
398 -62
399 -70
400 -70
401 -694
402 -62
403 -239
404 -1507
405 -74
406 -75
407 -86
408 -23
409 -73
410 -76
411 -86
412 -75
413 -68
414 -76
415 -499
416 -70
417 -75
418 -76
419 -73
420 -323
421 -62
422 -75
423 -308
424 -76
425 -80
426 -126
427 -76
428 -74
429 -76
430 -75
431 -150
432 -62
433 -75
434 -62
435 -73
436 -73
437 -75
438 -256
439 -62
440 -70
441 -447
442 -488
443 -70
444 -75
445 -70
446 -76
447 -76
448 -49
449 -76
450 -62
451 -36
452 -73
453 -50
454 -147
455 -70
456 -75
457 -75
458 -75
459 -75
460 -44
461 -75
462 -76
463 -75
464 -70
465 -23
466 -70
467 -302
468 -70
469 -44
470 -286
471 -2869
472 -68
473 -84
474 -70
475 -70
476 -70
477 -76
478 -75
479 -3889
480 -74
481 -75
482 -206
483 -73
484 -70
485 -73
486 -74
487 -79
488 -102
489 -136
490 -73
491 -70
492 -50
493 -528
494 -75
495 -827
496 -74
497 -70
498 -74
499 -631
500 -76
501 -75
502 -69
503 -2149
504 -45
505 -62
506 -60
507 -2967
508 -76
509 -35
510 -3580
511 -44
512 -70
513 -70
514 -2671
515 -73
516 -74
517 -75
518 -75
519 -1810
520 -47
521 -75
522 -70
523 -62
524 -698
525 -76
526 -75
527 -2913
528 -70
529 -74
530 -75
531 -370
532 -24
533 -75
534 -73
535 -131
536 -75
537 -70
538 -867
539 -73
540 -320
541 -73
542 -62
543 -76
544 -70
545 -76
546 -75
547 -75
548 -73
549 -548
550 -75
551 -31
552 -128
553 -62
554 -73
555 -75
556 -6067
557 -75
558 -75
559 -541
560 -70
561 -80
562 -75
563 -1294
564 -70
565 -75
566 -74
567 -76
568 -76
569 -70
570 -73
571 -76
572 -23
573 -3736
574 -71
575 -44
576 -70
577 -75
578 -62
579 -76
580 -331
581 -74
582 -62
583 -75
584 -75
585 -233
586 -75
587 -76
588 -73
589 -44
590 -62
591 -70
592 -763
593 -62
594 -44
595 -75
596 -75
597 -175
598 -59
599 -31
600 -76
601 -70
602 -75
603 -62
604 -62
605 -74
606 -70
607 -70
608 -76
609 -62
610 -70
611 -73
612 -75
613 -5747
614 -65
615 -74
616 -70
617 -3523
618 -73
619 -74
620 -44
621 -70
622 -44
623 -75
624 -50
625 -70
626 -62
627 -240
628 -70
629 -62
630 -75
631 -124
632 -74
633 -73
634 -70
635 -37
636 -69
637 -73
638 -70
639 -63
640 -76
641 -164
642 -75
643 -362
644 -70
645 -74
646 -74
647 -73
648 -75
649 -74
650 -3983
651 -133
652 -77
653 -73
654 -70
655 -155
656 -1020
657 -70
658 -36
659 -70
660 -35
661 -4825
662 -864
663 -74
664 -75
665 -62
666 -73
667 -201
668 -66
669 -4846
670 -70
671 -70
672 -75
673 -65
674 -70
675 -73
676 -44
677 -423
678 -134
679 -76
680 -143
681 -70
682 -70
683 -75
684 -31
685 -75
686 -62
687 -76
688 -70
689 -75
690 -76
691 -74
692 -70
693 -450
694 -903
695 -8404
696 -40
697 -75
698 -70
699 -62
700 -73
701 -266
702 -93
703 -74
704 -15
705 -73
706 -30
707 -79
708 -1899
709 -73
710 -100
711 -28
712 -76
713 -2881
714 -75
715 -70
716 -76
717 -73
718 -75
719 -70
720 -70
721 -802
722 -539
723 -80
724 -62
725 -75
726 -73
727 -70
728 -74
729 -70
730 -76
731 -88
732 -75
733 -73
734 -70
735 -32
736 -3014
737 -70
738 -130
739 -70
740 -74
741 -62
742 -35
743 -70
744 -75
745 -62
746 -76
747 -70
748 -2308
749 -70
750 -2861
751 -70
752 -70
753 -58
754 -75
755 -74
756 -75
757 -76
758 -76
759 -77
760 -995
761 -74
762 -63
763 -62
764 -952
765 -438
766 -76
767 -418
768 -74
769 -75
770 -73
771 -75
772 -76
773 -75
774 -70
775 -75
776 -160
777 -75
778 -75
779 -75
780 -76
781 -70
782 -75
783 -74
784 -75
785 -73
786 -75
787 -255
788 -70
789 -651
790 -70
791 -70
792 -70
793 -75
794 -2631
795 -7176
796 -62
797 -75
798 -76
799 -70
800 -609
801 -74
802 -73
803 -75
804 -71
805 -76
806 -74
807 -189
808 -311
809 -68
810 -73
811 -98
812 -74
813 -105
814 -1149
815 -75
816 -6756
817 -289
818 -70
819 -70
820 -62
821 -3037
822 -3481
823 -76
824 -73
825 -70
826 -188
827 -70
828 -62
829 -75
830 -112
831 -76
832 -70
833 -75
834 -350
835 -77
836 -70
837 -62
838 -70
839 -39
840 -62
841 -62
842 -2397
843 -76
844 -45
845 -2294
846 -76
847 -58
848 -70
849 -70
850 -75
851 -36
852 -62
853 -75
854 -75
855 -73
856 -62
857 -2118
858 -62
859 -75
860 -70
861 -324
862 -75
863 -74
864 -74
865 -72
866 -69
867 -513
868 -154
869 -70
870 -74
871 -62
872 -70
873 -77
874 -76
875 -523
876 -73
877 -73
878 -74
879 -75
880 -62
881 -73
882 -70
883 -74
884 -75
885 -73
886 -75
887 -75
888 -73
889 -62
890 -1009
891 -74
892 -70
893 -62
894 -31
895 -6000
896 -75
897 -75
898 -23
899 -60
900 -73
901 -70
902 -74
903 -74
904 -3153
905 -74
906 -74
907 -74
908 -70
909 -60
910 -82
911 -1447
912 -70
913 -75
914 -75
915 -75
916 -1443
917 -67
918 -323
919 -73
920 -63
921 -64
922 -1752
923 -212
924 -132
925 -73
926 -75
927 -51
928 -74
929 -346
930 -75
931 -70
932 -74
933 -73
934 -73
935 -76
936 -75
937 -523
938 -73
939 -69
940 -75
941 -70
942 -75
943 -2926
944 -74
945 -75
946 -62
947 -814
948 -313
949 -75
950 -70
951 -23
952 -62
953 -70
954 -73
955 -62
956 -3152
957 -75
958 -70
959 -73
960 -130
961 -2125
962 -73
963 -62
964 -73
965 -62
966 -62
967 -123
968 -74
969 -1190
970 -116
971 -52
972 -74
973 -70
974 -75
975 -75
976 -62
977 -59
978 -70
979 -73
980 -185
981 -70
982 -74
983 -70
984 -1114
985 -3319
986 -75
987 -75
988 -73
989 -75
990 -76
991 -62
992 -74
993 -573
994 -70
995 -74
996 -62
997 -76
998 -75
999 -477
