0 -65
1 -940
2 -53
3 -51
4 -53
5 -542
6 -148
7 -65
8 -285
9 -63
10 -144
11 -46
12 -548
13 -53
14 -65
15 -64
16 -64
17 -2118
18 -64
19 -65
20 -64
21 -381
22 -48
23 -63
24 -1760
25 -44
26 -57
27 -942
28 -66
29 -1597
30 -1565
31 -218
32 -3006
33 -51
34 -56
35 -52
36 -51
37 -66
38 -65
39 -66
40 -1333
41 -63
42 -47
43 -66
44 -64
45 -60
46 -63
47 -46
48 -65
49 -53
50 -51
51 -647
52 -51
53 -63
54 -47
55 -528
56 -51
57 -45
58 -51
59 -53
60 -65
61 -51
62 -37
63 -266
64 -63
65 -65
66 -51
67 -47
68 -64
69 -63
70 -53
71 -66
72 -53
73 -64
74 -51
75 -61
76 -64
77 -68
78 -53
79 -46
80 -4971
81 -66
82 -183
83 -48
84 -362
85 -50
86 -216
87 -33
88 -65
89 -53
90 -46
91 -2644
92 -51
93 -66
94 -66
95 -48
96 -53
97 -66
98 -51
99 -634
100 -61
101 -63
102 -65
103 -63
104 -73
105 -64
106 -65
107 -51
108 -65
109 -65
110 -65
111 -65
112 -60
113 -64
114 -53
115 -65
116 -64
117 -65
118 -47
119 -53
120 -65
121 -59
122 -44
123 -47
124 -66
125 -65
126 -45
127 -364
128 -65
129 -39
130 -64
131 -63
132 -24
133 -53
134 -65
135 -65
136 -2089
137 -3767
138 -66
139 -8340
140 -38
141 -66
142 -500
143 -199
144 -59
145 -53
146 -365
147 -247
148 -65
149 -1313
150 -65
151 -63
152 -283
153 -65
154 -66
155 -773
156 -63
157 -177
158 -52
159 -2330
160 -1139
161 -1215
162 -53
163 -60
164 -65
165 -63
166 -65
167 -63
168 -117
169 -54
170 -188
171 -63
172 -605
173 -63
174 -247
175 -51
176 -69
177 -579
178 -30
179 -65
180 -51
181 -109
182 -56
183 -65
184 -1295
185 -67
186 -170
187 -56
188 -53
189 -65
190 -65
191 -64
192 -53
193 -217
194 -65
195 -44
196 -64
197 -65
198 -46
199 -356
200 -63
201 -51
202 -65
203 -49
204 -63
205 -547
206 -81
207 -52
208 -65
209 -75
210 -65
211 -8364
212 -64
213 -53
214 -51
215 -64
216 -65
217 -63
218 -1823
219 -65
220 -2023
221 -65
222 -621
223 -65
224 -64
225 -65
226 -438
227 -65
228 -63
229 -40
230 -37
231 -244
232 -66
233 -4507
234 -53
235 -30
236 -65
237 -75
238 -52
239 -63
240 -405
241 -63
242 -70
243 -422
244 -66
245 -633
246 -654
247 -53
248 -66
249 -72
250 -51
251 -66
252 -65
253 -304
254 -53
255 -66
256 -51
257 -771
258 -64
259 -3582
260 -63
261 -1944
262 -63
263 -65
264 -64
265 -259
266 -59
267 -54
268 -65
269 -64
270 -51
271 -50
272 -64
273 -51
274 -63
275 -47
276 -55
277 -238
278 -53
279 -50
280 -53
281 -65
282 -71
283 -46
284 -63
285 -382
286 -31
287 -66
288 -52
289 -295
290 -63
291 -117
292 -2882
293 -65
294 -51
295 -250
296 -64
297 -41
298 -51
299 -66
300 -364
301 -65
302 -65
303 -63
304 -64
305 -65
306 -66
307 -256
308 -52
309 -63
310 -51
311 -65
312 -94
313 -63
314 -63
315 -65
316 -64
317 -64
318 -65
319 -51
320 -53
321 -454
322 -51
323 -56
324 -847
325 -64
326 -35
327 -134
328 -65
329 -66
330 -66
331 -63
332 -54
333 -65
334 -248
335 -673
336 -51
337 -66
338 -63
339 -51
340 -45
341 -2997
342 -64
343 -2024
344 -65
345 -53
346 -65
347 -64
348 -64
349 -2813
350 -73
351 -692
352 -65
353 -66
354 -2676
355 -51
356 -53
357 -63
358 -116
359 -66
360 -65
361 -64
362 -1075
363 -79
364 -326
365 -2038
366 -58
367 -65
368 -50
369 -65
370 -65
371 -66
372 -51
373 -64
374 -43
375 -53
376 -1892
377 -66
378 -63
379 -51
380 -65
381 -320
382 -100
383 -51
384 -72
385 -1126
386 -64
387 -2527
388 -66
389 -65
390 -65
391 -53
392 -297
393 -65
394 -113
395 -63
396 -154
397 -48
398 -52
399 -613
400 -64
401 -51
402 -47
403 -69
404 -51
405 -64
406 -66
407 -65
408 -61
409 -65
410 -51
411 -8597
412 -54
413 -66
414 -65
415 -64
416 -51
417 -57
418 -64
419 -33
420 -53
421 -65
422 -65
423 -65
424 -55
425 -46
426 -53
427 -66
428 -63
429 -53
430 -65
431 -65
432 -66
433 -53
434 -65
435 -110
436 -31
437 -52
438 -118
439 -51
440 -251
441 -64
442 -221
443 -66
444 -51
445 -59
446 -40
447 -65
448 -53
449 -651
450 -1935
451 -72
452 -63
453 -65
454 -54
455 -70
456 -146
457 -63
458 -66
459 -65
460 -65
461 -64
462 -41
463 -45
464 -65
465 -425
466 -63
467 -65
468 -364
469 -114
470 -65
471 -65
472 -1605
473 -3318
474 -63
475 -56
476 -64
477 -1028
478 -7199
479 -65
480 -1285
481 -66
482 -65
483 -65
484 -58
485 -66
486 -64
487 -64
488 -64
489 -64
490 -66
491 -63
492 -2310
493 -9852
494 -69
495 -66
496 -51
497 -53
498 -65
499 -65
500 -40
501 -63
502 -66
503 -65
504 -173
505 -63
506 -2900
507 -59
508 -51
509 -65
510 -66
511 -65
512 -64
513 -65
514 -63
515 -3163
516 -47
517 -53
518 -1414
519 -6145
520 -3897
521 -376
522 -50
523 -228
524 -64
525 -66
526 -173
527 -129
528 -39
529 -51
530 -7431
531 -60
532 -36
533 -35
534 -66
535 -66
536 -65
537 -297
538 -66
539 -51
540 -330
541 -66
542 -65
543 -52
544 -64
545 -64
546 -52
547 -53
548 -59
549 -59
550 -65
551 -66
552 -53
553 -53
554 -3820
555 -65
556 -53
557 -53
558 -65
559 -66
560 -57
561 -66
562 -50
563 -442
564 -63
565 -41
566 -43
567 -4137
568 -1049
569 -65
570 -4061
571 -65
572 -66
573 -59
574 -416
575 -38
576 -63
577 -66
578 -65
579 -52
580 -52
581 -65
582 -53
583 -66
584 -65
585 -63
586 -53
587 -53
588 -96
589 -696
590 -66
591 -64
592 -59
593 -54
594 -65
595 -56
596 -34
597 -65
598 -51
599 -66
600 -53
601 -51
602 -51
603 -65
604 -38
605 -65
606 -52
607 -66
608 -49
609 -64
610 -63
611 -76
612 -64
613 -52
614 -63
615 -385
616 -53
617 -65
618 -65
619 -63
620 -65
621 -51
622 -47
623 -98
624 -51
625 -53
626 -8470
627 -66
628 -53
629 -65
630 -184
631 -66
632 -61
633 -679
634 -6726
635 -66
636 -51
637 -1761
638 -51
639 -51
640 -65
641 -64
642 -44
643 -66
644 -348
645 -885
646 -51
647 -66
648 -38
649 -52
650 -51
651 -65
652 -1085
653 -52
654 -53
655 -692
656 -66
657 -228
658 -4350
659 -64
660 -53
661 -1940
662 -18
663 -63
664 -65
665 -64
666 -51
667 -46
668 -570
669 -190
670 -65
671 -38
672 -53
673 -231
674 -66
675 -56
676 -51
677 -479
678 -29
679 -97
680 -66
681 -65
682 -54
683 -238
684 -63
685 -529
686 -130
687 -63
688 -53
689 -63
690 -54
691 -33
692 -51
693 -65
694 -224
695 -64
696 -65
697 -65
698 -65
699 -211
700 -238
701 -46
702 -64
703 -33
704 -65
705 -480
706 -4006
707 -51
708 -63
709 -51
710 -63
711 -364
712 -65
713 -65
714 -53
715 -66
716 -65
717 -65
718 -64
719 -53
720 -63
721 -2081
722 -53
723 -3211
724 -53
725 -51
726 -64
727 -53
728 -51
729 -65
730 -47
731 -64
732 -51
733 -54
734 -64
735 -50
736 -65
737 -983
738 -66
739 -53
740 -52
741 -3902
742 -257
743 -28
744 -63
745 -66
746 -440
747 -53
748 -66
749 -149
750 -52
751 -44
752 -65
753 -31
754 -52
755 -204
756 -43
757 -64
758 -65
759 -64
760 -51
761 -66
762 -114
763 -65
764 -53
765 -51
766 -36
767 -1716
768 -464
769 -65
770 -236
771 -1835
772 -287
773 -51
774 -346
775 -53
776 -51
777 -65
778 -56
779 -53
780 -66
781 -2640
782 -44
783 -29
784 -49
785 -53
786 -65
787 -63
788 -64
789 -63
790 -63
791 -52
792 -65
793 -53
794 -65
795 -33
796 -1409
797 -77
798 -64
799 -63
800 -5453
801 -65
802 -66
803 -53
804 -65
805 -64
806 -292
807 -64
808 -427
809 -134
810 -31
811 -63
812 -65
813 -65
814 -53
815 -64
816 -140
817 -64
818 -65
819 -55
820 -47
821 -60
822 -63
823 -53
824 -66
825 -51
826 -75
827 -66
828 -5096
829 -65
830 -66
831 -59
832 -63
833 -66
834 -48
835 -53
836 -65
837 -59
838 -86
839 -51
840 -64
841 -3526
842 -5061
843 -64
844 -504
845 -65
846 -2766
847 -65
848 -65
849 -1249
850 -404
851 -82
852 -278
853 -51
854 -65
855 -63
856 -56
857 -63
858 -55
859 -51
860 -53
861 -64
862 -64
863 -64
864 -126
865 -65
866 -65
867 -65
868 -65
869 -63
870 -65
871 -239
872 -63
873 -35
874 -66
875 -63
876 -151
877 -53
878 -53
879 -1011
880 -52
881 -51
882 -64
883 -298
884 -66
885 -57
886 -229
887 -919
888 -333
889 -53
890 -65
891 -57
892 -52
893 -66
894 -34
895 -6568
896 -64
897 -54
898 -60
899 -5804
900 -64
901 -53
902 -53
903 -63
904 -51
905 -66
906 -4873
907 -65
908 -112
909 -63
910 -51
911 -61
912 -66
913 -27
914 -27
915 -65
916 -64
917 -51
918 -63
919 -51
920 -74
921 -65
922 -65
923 -53
924 -65
925 -65
926 -154
927 -66
928 -64
929 -65
930 -5269
931 -65
932 -64
933 -55
934 -64
935 -1824
936 -64
937 -240
938 -63
939 -53
940 -53
941 -467
942 -63
943 -66
944 -462
945 -53
946 -56
947 -65
948 -227
949 -47
950 -80
951 -897
952 -123
953 -51
954 -53
955 -44
956 -35
957 -66
958 -28
959 -53
960 -65
961 -1984
962 -60
963 -1549
964 -64
965 -53
966 -52
967 -166
968 -1922
969 -63
970 -51
971 -51
972 -56
973 -41
974 -207
975 -161
976 -65
977 -51
978 -49
979 -6843
980 -53
981 -139
982 -21
983 -295
984 -54
985 -1559
986 -64
987 -60
988 -1639
989 -66
990 -63
991 -46
992 -65
993 -64
994 -65
995 -65
996 -33
997 -7185
998 -53
999 -51
