0 -2553
1 -73
2 -73
3 -60
4 -60
5 -74
6 -75
7 -68
8 -594
9 -63
10 -74
11 -817
12 -143
13 -65
14 -184
15 -73
16 -156
17 -68
18 -4014
19 -62
20 -76
21 -76
22 -75
23 -75
24 -196
25 -70
26 -75
27 -73
28 -76
29 -76
30 -74
31 -76
32 -58
33 -73
34 -541
35 -62
36 -68
37 -75
38 -76
39 -70
40 -534
41 -53
42 -75
43 -73
44 -70
45 -114
46 -70
47 -75
48 -70
49 -76
50 -61
51 -75
52 -75
53 -73
54 -75
55 -73
56 -62
57 -62
58 -73
59 -70
60 -62
61 -76
62 -73
63 -692
64 -60
65 -75
66 -531
67 -60
68 -68
69 -60
70 -75
71 -848
72 -60
73 -62
74 -76
75 -58
76 -44
77 -53
78 -62
79 -2429
80 -413
81 -82
82 -60
83 -70
84 -60
85 -62
86 -60
87 -75
88 -75
89 -75
90 -76
91 -76
92 -303
93 -68
94 -74
95 -76
96 -58
97 -60
98 -70
99 -74
100 -944
101 -75
102 -105
103 -60
104 -62
105 -62
106 -75
107 -60
108 -68
109 -70
110 -742
111 -157
112 -62
113 -62
114 -70
115 -133
116 -76
117 -73
118 -74
119 -74
120 -70
121 -74
122 -242
123 -141
124 -70
125 -1009
126 -73
127 -75
128 -70
129 -236
130 -58
131 -62
132 -73
133 -76
134 -62
135 -74
136 -58
137 -400
138 -68
139 -518
140 -75
141 -73
142 -70
143 -75
144 -75
145 -73
146 -49
147 -3346
148 -62
149 -76
150 -58
151 -76
152 -249
153 -58
154 -75
155 -53
156 -73
157 -70
158 -73
159 -207
160 -62
161 -75
162 -76
163 -179
164 -70
165 -2772
166 -74
167 -70
168 -76
169 -68
170 -2156
171 -68
172 -62
173 -68
174 -169
175 -73
176 -75
177 -75
178 -73
179 -60
180 -75
181 -70
182 -75
183 -80
184 -62
185 -74
186 -78
187 -62
188 -1678
189 -60
190 -76
191 -75
192 -70
193 -432
194 -3883
195 -62
196 -76
197 -73
198 -73
199 -49
200 -573
201 -70
202 -76
203 -115
204 -76
205 -68
206 -73
207 -78
208 -70
209 -194
210 -74
211 -75
212 -70
213 -195
214 -302
215 -73
216 -301
217 -284
218 -70
219 -60
220 -76
221 -74
222 -74
223 -70
224 -60
225 -62
226 -86
227 -58
228 -75
229 -75
230 -76
231 -44
232 -74
233 -62
234 -75
235 -70
236 -74
237 -62
238 -53
239 -76
240 -75
241 -1045
242 -74
243 -73
244 -60
245 -75
246 -75
247 -73
248 -62
249 -73
250 -2009
251 -233
252 -58
253 -76
254 -676
255 -75
256 -75
257 -68
258 -74
259 -75
260 -62
261 -62
262 -3485
263 -142
264 -323
265 -76
266 -58
267 -75
268 -70
269 -74
270 -60
271 -74
272 -75
273 -62
274 -74
275 -71
276 -70
277 -60
278 -70
279 -70
280 -75
281 -139
282 -60
283 -74
284 -62
285 -4870
286 -62
287 -404
288 -60
289 -70
290 -73
291 -73
292 -75
293 -62
294 -62
295 -58
296 -76
297 -75
298 -75
299 -2271
300 -76
301 -75
302 -285
303 -60
304 -62
305 -277
306 -62
307 -62
308 -70
309 -75
310 -3160
311 -1635
312 -68
313 -75
314 -75
315 -76
316 -1673
317 -60
318 -75
319 -75
320 -73
321 -60
322 -68
323 -53
324 -85
325 -60
326 -60
327 -58
328 -678
329 -129
330 -1071
331 -1935
332 -74
333 -74
334 -76
335 -75
336 -773
337 -60
338 -70
339 -60
340 -60
341 -76
342 -1416
343 -62
344 -75
345 -62
346 -74
347 -73
348 -75
349 -60
350 -75
351 -75
352 -76
353 -73
354 -496
355 -74
356 -74
357 -76
358 -309
359 -120
360 -383
361 -62
362 -28
363 -4367
364 -75
365 -75
366 -73
367 -75
368 -85
369 -70
370 -182
371 -73
372 -75
373 -75
374 -73
375 -76
376 -73
377 -137
378 -70
379 -68
380 -58
381 -73
382 -73
383 -75
384 -60
385 -75
386 -68
387 -60
388 -140
389 -74
390 -74
391 -73
392 -75
393 -2422
394 -60
395 -70
396 -70
397 -73
398 -58
399 -60
400 -60
401 -75
402 -4625
403 -60
404 -497
405 -73
406 -248
407 -76
408 -904
409 -1159
410 -55
411 -74
412 -62
413 -350
414 -73
415 -455
416 -68
417 -60
418 -75
419 -74
420 -74
421 -75
422 -60
423 -76
424 -75
425 -74
426 -7893
427 -70
428 -76
429 -287
430 -75
431 -75
432 -62
433 -403
434 -79
435 -76
436 -74
437 -70
438 -1007
439 -74
440 -60
441 -62
442 -70
443 -560
444 -313
445 -70
446 -75
447 -75
448 -73
449 -303
450 -57
451 -1915
452 -68
453 -75
454 -73
455 -329
456 -70
457 -53
458 -68
459 -70
460 -60
461 -1067
462 -60
463 -75
464 -70
465 -75
466 -60
467 -62
468 -75
469 -4426
470 -70
471 -5698
472 -73
473 -75
474 -128
475 -558
476 -60
477 -75
478 -2953
479 -73
480 -53
481 -70
482 -111
483 -70
484 -75
485 -68
486 -75
487 -28
488 -76
489 -60
490 -74
491 -62
492 -73
493 -2698
494 -74
495 -73
496 -75
497 -70
498 -73
499 -62
500 -29
501 -60
502 -76
503 -63
504 -75
505 -70
506 -73
507 -76
508 -75
509 -296
510 -74
511 -76
512 -75
513 -75
514 -74
515 -62
516 -68
517 -70
518 -75
519 -75
520 -75
521 -221
522 -6853
523 -70
524 -73
525 -107
526 -63
527 -70
528 -124
529 -68
530 -234
531 -70
532 -60
533 -75
534 -698
535 -70
536 -4155
537 -73
538 -74
539 -131
540 -62
541 -76
542 -60
543 -227
544 -75
545 -58
546 -458
547 -53
548 -62
549 -326
550 -184
551 -158
552 -60
553 -68
554 -75
555 -75
556 -73
557 -159
558 -74
559 -60
560 -74
561 -62
562 -53
563 -137
564 -70
565 -219
566 -3609
567 -755
568 -70
569 -74
570 -75
571 -70
572 -75
573 -75
574 -75
575 -70
576 -74
577 -68
578 -75
579 -75
580 -74
581 -236
582 -75
583 -63
584 -76
585 -75
586 -74
587 -117
588 -1792
589 -2339
590 -116
591 -69
592 -77
593 -75
594 -76
595 -75
596 -73
597 -212
598 -60
599 -68
600 -253
601 -70
602 -74
603 -75
604 -70
605 -70
606 -74
607 -68
608 -74
609 -74
610 -75
611 -74
612 -74
613 -576
614 -62
615 -1386
616 -74
617 -75
618 -70
619 -70
620 -60
621 -75
622 -74
623 -59
624 -74
625 -75
626 -70
627 -80
628 -64
629 -73
630 -75
631 -58
632 -70
633 -121
634 -73
635 -75
636 -76
637 -62
638 -272
639 -70
640 -62
641 -76
642 -60
643 -60
644 -62
645 -76
646 -60
647 -244
648 -53
649 -62
650 -76
651 -73
652 -75
653 -60
654 -70
655 -73
656 -74
657 -75
658 -99
659 -62
660 -81
661 -75
662 -76
663 -75
664 -76
665 -70
666 -74
667 -74
668 -73
669 -3570
670 -62
671 -75
672 -29
673 -75
674 -75
675 -76
676 -74
677 -53
678 -60
679 -76
680 -62
681 -75
682 -76
683 -60
684 -76
685 -75
686 -73
687 -75
688 -74
689 -68
690 -74
691 -76
692 -62
693 -3648
694 -73
695 -70
696 -60
697 -63
698 -70
699 -73
700 -80
701 -75
702 -76
703 -62
704 -62
705 -70
706 -75
707 -74
708 -76
709 -60
710 -62
711 -2374
712 -58
713 -75
714 -76
715 -75
716 -70
717 -68
718 -74
719 -92
720 -78
721 -60
722 -736
723 -60
724 -62
725 -76
726 -74
727 -53
728 -2816
729 -75
730 -74
731 -72
732 -73
733 -60
734 -70
735 -75
736 -74
737 -62
738 -75
739 -4411
740 -75
741 -70
742 -73
743 -73
744 -74
745 -73
746 -68
747 -62
748 -76
749 -76
750 -60
751 -75
752 -75
753 -60
754 -75
755 -75
756 -74
757 -60
758 -191
759 -74
760 -75
761 -79
762 -62
763 -147
764 -75
765 -4386
766 -76
767 -75
768 -323
769 -68
770 -113
771 -60
772 -70
773 -74
774 -75
775 -73
776 -5043
777 -76
778 -75
779 -73
780 -101
781 -60
782 -871
783 -93
784 -60
785 -296
786 -73
787 -67
788 -75
789 -73
790 -73
791 -75
792 -4766
793 -61
794 -60
795 -75
796 -73
797 -62
798 -73
799 -74
800 -373
801 -58
802 -405
803 -78
804 -53
805 -75
806 -48
807 -68
808 -74
809 -62
810 -70
811 -74
812 -68
813 -75
814 -74
815 -70
816 -76
817 -28
818 -73
819 -70
820 -62
821 -62
822 -76
823 -60
824 -4242
825 -73
826 -163
827 -584
828 -75
829 -2018
830 -241
831 -1846
832 -323
833 -132
834 -74
835 -76
836 -60
837 -70
838 -60
839 -34
840 -760
841 -73
842 -75
843 -60
844 -73
845 -74
846 -75
847 -297
848 -75
849 -74
850 -62
851 -60
852 -75
853 -70
854 -781
855 -76
856 -90
857 -74
858 -60
859 -70
860 -73
861 -3267
862 -75
863 -75
864 -57
865 -76
866 -60
867 -53
868 -62
869 -74
870 -76
871 -73
872 -60
873 -62
874 -73
875 -78
876 -62
877 -76
878 -73
879 -75
880 -199
881 -60
882 -76
883 -73
884 -60
885 -62
886 -75
887 -70
888 -70
889 -686
890 -123
891 -75
892 -76
893 -73
894 -111
895 -288
896 -74
897 -60
898 -4890
899 -2756
900 -68
901 -60
902 -227
903 -74
904 -70
905 -75
906 -76
907 -73
908 -58
909 -70
910 -75
911 -3231
912 -812
913 -75
914 -1330
915 -73
916 -60
917 -73
918 -75
919 -73
920 -62
921 -70
922 -74
923 -70
924 -76
925 -82
926 -73
927 -75
928 -73
929 -73
930 -392
931 -76
932 -79
933 -74
934 -73
935 -94
936 -76
937 -138
938 -74
939 -71
940 -70
941 -81
942 -73
943 -62
944 -74
945 -74
946 -76
947 -68
948 -62
949 -132
950 -197
951 -68
952 -62
953 -58
954 -65
955 -76
956 -70
957 -58
958 -329
959 -70
960 -53
961 -60
962 -703
963 -75
964 -63
965 -73
966 -62
967 -75
968 -62
969 -1113
970 -53
971 -204
972 -75
973 -73
974 -75
975 -352
976 -74
977 -73
978 -75
979 -70
980 -74
981 -75
982 -68
983 -62
984 -60
985 -73
986 -62
987 -60
988 -60
989 -70
990 -73
991 -70
992 -29
993 -75
994 -133
995 -76
996 -76
997 -60
998 -70
999 -60
