0 -63
1 -45
2 -65
3 -30
4 -54
5 -64
6 -53
7 -53
8 -62
9 -44
10 -62
11 -53
12 -59
13 -55
14 -878
15 -65
16 -4313
17 -65
18 -53
19 -54
20 -64
21 -62
22 -64
23 -65
24 -53
25 -59
26 -53
27 -63
28 -64
29 -65
30 -331
31 -54
32 -62
33 -59
34 -53
35 -64
36 -59
37 -63
38 -53
39 -94
40 -65
41 -53
42 -65
43 -65
44 -62
45 -63
46 -65
47 -53
48 -64
49 -65
50 -98
51 -64
52 -208
53 -139
54 -53
55 -62
56 -2595
57 -65
58 -59
59 -34
60 -121
61 -65
62 -63
63 -31
64 -62
65 -64
66 -59
67 -73
68 -62
69 -62
70 -53
71 -64
72 -64
73 -1792
74 -1914
75 -2100
76 -59
77 -137
78 -53
79 -63
80 -62
81 -63
82 -65
83 -165
84 -63
85 -65
86 -65
87 -63
88 -211
89 -65
90 -59
91 -595
92 -157
93 -63
94 -45
95 -48
96 -63
97 -64
98 -36
99 -65
100 -127
101 -62
102 -65
103 -145
104 -59
105 -63
106 -75
107 -63
108 -63
109 -53
110 -54
111 -112
112 -65
113 -1178
114 -65
115 -59
116 -93
117 -46
118 -59
119 -62
120 -63
121 -64
122 -162
123 -65
124 -65
125 -70
126 -5748
127 -59
128 -65
129 -59
130 -59
131 -55
132 -2537
133 -61
134 -64
135 -2454
136 -258
137 -62
138 -65
139 -64
140 -67
141 -63
142 -65
143 -53
144 -263
145 -64
146 -59
147 -368
148 -59
149 -73
150 -63
151 -2535
152 -45
153 -1234
154 -66
155 -65
156 -321
157 -65
158 -589
159 -129
160 -62
161 -62
162 -53
163 -62
164 -65
165 -51
166 -65
167 -70
168 -64
169 -63
170 -63
171 -53
172 -52
173 -333
174 -62
175 -65
176 -53
177 -54
178 -65
179 -65
180 -204
181 -63
182 -65
183 -53
184 -218
185 -63
186 -59
187 -65
188 -62
189 -65
190 -64
191 -63
192 -45
193 -62
194 -64
195 -63
196 -5169
197 -59
198 -65
199 -65
200 -682
201 -62
202 -256
203 -59
204 -59
205 -59
206 -64
207 -65
208 -159
209 -64
210 -65
211 -64
212 -1958
213 -65
214 -189
215 -48
216 -378
217 -63
218 -64
219 -65
220 -62
221 -53
222 -62
223 -1854
224 -325
225 -65
226 -64
227 -59
228 -59
229 -64
230 -88
231 -36
232 -65
233 -64
234 -91
235 -53
236 -55
237 -62
238 -70
239 -79
240 -53
241 -265
242 -64
243 -35
244 -62
245 -59
246 -63
247 -64
248 -53
249 -59
250 -107
251 -63
252 -53
253 -228
254 -65
255 -59
256 -59
257 -42
258 -126
259 -59
260 -1878
261 -53
262 -64
263 -65
264 -62
265 -53
266 -64
267 -3876
268 -63
269 -79
270 -7112
271 -63
272 -63
273 -59
274 -65
275 -62
276 -62
277 -65
278 -59
279 -65
280 -62
281 -57
282 -33
283 -65
284 -63
285 -53
286 -63
287 -567
288 -1295
289 -159
290 -64
291 -63
292 -4881
293 -51
294 -53
295 -63
296 -5674
297 -463
298 -62
299 -343
300 -45
301 -41
302 -59
303 -44
304 -65
305 -53
306 -59
307 -119
308 -53
309 -63
310 -53
311 -130
312 -64
313 -53
314 -67
315 -65
316 -92
317 -65
318 -61
319 -59
320 -62
321 -64
322 -62
323 -51
324 -62
325 -53
326 -7300
327 -63
328 -65
329 -62
330 -53
331 -65
332 -64
333 -53
334 -65
335 -62
336 -30
337 -64
338 -64
339 -65
340 -64
341 -63
342 -53
343 -53
344 -59
345 -62
346 -129
347 -65
348 -81
349 -144
350 -65
351 -63
352 -65
353 -65
354 -59
355 -57
356 -56
357 -234
358 -308
359 -64
360 -62
361 -59
362 -62
363 -53
364 -65
365 -68
366 -65
367 -65
368 -59
369 -59
370 -59
371 -53
372 -689
373 -53
374 -59
375 -62
376 -64
377 -64
378 -53
379 -65
380 -194
381 -53
382 -53
383 -58
384 -66
385 -48
386 -59
387 -65
388 -65
389 -59
390 -48
391 -1726
392 -578
393 -62
394 -62
395 -65
396 -62
397 -53
398 -65
399 -59
400 -59
401 -65
402 -63
403 -62
404 -59
405 -65
406 -59
407 -63
408 -64
409 -140
410 -53
411 -36
412 -64
413 -65
414 -598
415 -63
416 -70
417 -179
418 -63
419 -53
420 -65
421 -158
422 -41
423 -165
424 -63
425 -47
426 -65
427 -42
428 -28
429 -6256
430 -65
431 -54
432 -65
433 -390
434 -9788
435 -53
436 -3430
437 -44
438 -154
439 -53
440 -59
441 -53
442 -65
443 -321
444 -64
445 -53
446 -65
447 -65
448 -62
449 -65
450 -63
451 -55
452 -446
453 -62
454 -62
455 -59
456 -63
457 -65
458 -65
459 -42
460 -63
461 -65
462 -63
463 -55
464 -182
465 -6482
466 -137
467 -59
468 -65
469 -53
470 -63
471 -63
472 -65
473 -44
474 -59
475 -100
476 -2552
477 -5843
478 -403
479 -62
480 -58
481 -200
482 -48
483 -50
484 -41
485 -63
486 -63
487 -34
488 -62
489 -59
490 -59
491 -48
492 -50
493 -53
494 -59
495 -50
496 -65
497 -63
498 -62
499 -63
500 -63
501 -61
502 -63
503 -1763
504 -65
505 -65
506 -303
507 -74
508 -35
509 -49
510 -65
511 -65
512 -4163
513 -65
514 -49
515 -641
516 -64
517 -59
518 -62
519 -114
520 -57
521 -53
522 -44
523 -59
524 -63
525 -59
526 -65
527 -62
528 -80
529 -53
530 -65
531 -59
532 -36
533 -58
534 -50
535 -59
536 -35
537 -185
538 -53
539 -65
540 -59
541 -60
542 -608
543 -63
544 -64
545 -244
546 -59
547 -104
548 -87
549 -2104
550 -64
551 -63
552 -1715
553 -64
554 -1648
555 -139
556 -62
557 -65
558 -43
559 -90
560 -63
561 -889
562 -56
563 -59
564 -65
565 -63
566 -53
567 -64
568 -64
569 -57
570 -64
571 -65
572 -59
573 -532
574 -63
575 -114
576 -65
577 -65
578 -53
579 -6199
580 -64
581 -178
582 -3269
583 -53
584 -58
585 -79
586 -65
587 -60
588 -3467
589 -65
590 -215
591 -45
592 -59
593 -64
594 -59
595 -56
596 -63
597 -62
598 -62
599 -399
600 -62
601 -247
602 -33
603 -64
604 -79
605 -59
606 -63
607 -62
608 -62
609 -59
610 -59
611 -40
612 -62
613 -64
614 -65
615 -53
616 -62
617 -1308
618 -53
619 -55
620 -53
621 -53
622 -43
623 -53
624 -64
625 -57
626 -59
627 -41
628 -40
629 -64
630 -53
631 -216
632 -59
633 -62
634 -62
635 -65
636 -59
637 -53
638 -64
639 -62
640 -35
641 -59
642 -65
643 -30
644 -65
645 -675
646 -59
647 -59
648 -65
649 -65
650 -53
651 -440
652 -51
653 -64
654 -334
655 -53
656 -64
657 -55
658 -38
659 -53
660 -64
661 -65
662 -65
663 -53
664 -65
665 -82
666 -65
667 -45
668 -53
669 -56
670 -59
671 -63
672 -65
673 -62
674 -53
675 -65
676 -342
677 -302
678 -53
679 -63
680 -195
681 -64
682 -52
683 -2057
684 -63
685 -68
686 -62
687 -59
688 -62
689 -65
690 -62
691 -549
692 -44
693 -59
694 -7196
695 -44
696 -40
697 -65
698 -7414
699 -53
700 -39
701 -63
702 -195
703 -62
704 -43
705 -64
706 -6203
707 -63
708 -63
709 -53
710 -65
711 -64
712 -59
713 -4711
714 -25
715 -71
716 -371
717 -278
718 -64
719 -53
720 -64
721 -63
722 -63
723 -39
724 -59
725 -138
726 -3755
727 -64
728 -59
729 -65
730 -498
731 -40
732 -44
733 -59
734 -53
735 -65
736 -37
737 -62
738 -63
739 -78
740 -33
741 -63
742 -65
743 -70
744 -62
745 -53
746 -54
747 -59
748 -65
749 -65
750 -59
751 -65
752 -65
753 -53
754 -65
755 -65
756 -572
757 -65
758 -64
759 -49
760 -65
761 -63
762 -5463
763 -65
764 -53
765 -69
766 -59
767 -100
768 -63
769 -75
770 -62
771 -65
772 -62
773 -59
774 -981
775 -49
776 -62
777 -66
778 -57
779 -65
780 -65
781 -155
782 -71
783 -33
784 -65
785 -192
786 -64
787 -65
788 -62
789 -2799
790 -53
791 -59
792 -3186
793 -987
794 -53
795 -65
796 -65
797 -65
798 -64
799 -1396
800 -244
801 -63
802 -54
803 -40
804 -62
805 -59
806 -62
807 -49
808 -65
809 -152
810 -2224
811 -53
812 -41
813 -60
814 -53
815 -55
816 -64
817 -31
818 -65
819 -39
820 -54
821 -64
822 -53
823 -539
824 -59
825 -605
826 -53
827 -62
828 -63
829 -142
830 -59
831 -65
832 -64
833 -64
834 -366
835 -53
836 -53
837 -59
838 -64
839 -63
840 -59
841 -3465
842 -64
843 -65
844 -60
845 -63
846 -64
847 -39
848 -6169
849 -53
850 -62
851 -59
852 -59
853 -53
854 -65
855 -65
856 -1158
857 -37
858 -58
859 -49
860 -176
861 -53
862 -575
863 -64
864 -65
865 -65
866 -56
867 -26
868 -64
869 -65
870 -64
871 -59
872 -65
873 -39
874 -80
875 -59
876 -66
877 -65
878 -53
879 -63
880 -101
881 -65
882 -795
883 -59
884 -62
885 -59
886 -63
887 -47
888 -65
889 -64
890 -53
891 -65
892 -191
893 -63
894 -65
895 -63
896 -46
897 -59
898 -63
899 -65
900 -65
901 -65
902 -63
903 -65
904 -63
905 -65
906 -53
907 -64
908 -62
909 -53
910 -63
911 -63
912 -471
913 -678
914 -44
915 -3611
916 -64
917 -50
918 -45
919 -63
920 -59
921 -62
922 -64
923 -34
924 -63
925 -62
926 -126
927 -61
928 -2915
929 -65
930 -10405
931 -44
932 -314
933 -60
934 -65
935 -63
936 -333
937 -33
938 -54
939 -59
940 -62
941 -53
942 -63
943 -63
944 -65
945 -62
946 -65
947 -64
948 -65
949 -602
950 -62
951 -62
952 -65
953 -63
954 -62
955 -108
956 -59
957 -63
958 -169
959 -62
960 -64
961 -426
962 -59
963 -65
964 -49
965 -62
966 -65
967 -53
968 -10831
969 -65
970 -63
971 -46
972 -60
973 -62
974 -62
975 -64
976 -40
977 -62
978 -1764
979 -62
980 -64
981 -36
982 -62
983 -64
984 -1922
985 -59
986 -63
987 -36
988 -64
989 -274
990 -501
991 -65
992 -74
993 -62
994 -62
995 -128
996 -53
997 -48
998 -53
999 -53
