0 -73
1 -70
2 -62
3 -62
4 -75
5 -139
6 -73
7 -75
8 -75
9 -75
10 -1092
11 -80
12 -62
13 -941
14 -74
15 -70
16 -70
17 -76
18 -75
19 -74
20 -75
21 -70
22 -76
23 -62
24 -74
25 -75
26 -75
27 -52
28 -70
29 -70
30 -76
31 -1456
32 -5144
33 -74
34 -76
35 -74
36 -76
37 -206
38 -76
39 -78
40 -76
41 -869
42 -75
43 -75
44 -52
45 -286
46 -74
47 -52
48 -75
49 -3199
50 -345
51 -70
52 -31
53 -74
54 -70
55 -52
56 -52
57 -52
58 -75
59 -70
60 -71
61 -229
62 -62
63 -76
64 -74
65 -70
66 -74
67 -76
68 -62
69 -70
70 -76
71 -52
72 -262
73 -70
74 -4112
75 -76
76 -304
77 -74
78 -74
79 -70
80 -106
81 -75
82 -70
83 -75
84 -649
85 -62
86 -73
87 -70
88 -73
89 -81
90 -46
91 -76
92 -73
93 -52
94 -74
95 -73
96 -75
97 -75
98 -75
99 -74
100 -62
101 -74
102 -70
103 -73
104 -73
105 -28
106 -75
107 -62
108 -4684
109 -256
110 -74
111 -70
112 -75
113 -62
114 -70
115 -73
116 -75
117 -52
118 -62
119 -598
120 -3328
121 -70
122 -75
123 -62
124 -75
125 -52
126 -62
127 -62
128 -147
129 -70
130 -52
131 -74
132 -86
133 -73
134 -1167
135 -257
136 -75
137 -47
138 -100
139 -75
140 -70
141 -62
142 -62
143 -74
144 -74
145 -63
146 -75
147 -73
148 -73
149 -73
150 -74
151 -70
152 -75
153 -187
154 -189
155 -62
156 -52
157 -3546
158 -70
159 -75
160 -389
161 -86
162 -75
163 -76
164 -2017
165 -73
166 -70
167 -73
168 -75
169 -2187
170 -52
171 -75
172 -556
173 -76
174 -76
175 -98
176 -76
177 -62
178 -74
179 -73
180 -1115
181 -58
182 -62
183 -76
184 -76
185 -70
186 -75
187 -232
188 -618
189 -62
190 -76
191 -62
192 -282
193 -1612
194 -70
195 -75
196 -73
197 -98
198 -52
199 -75
200 -70
201 -70
202 -52
203 -58
204 -52
205 -76
206 -74
207 -3077
208 -74
209 -52
210 -75
211 -73
212 -62
213 -5551
214 -76
215 -70
216 -73
217 -70
218 -70
219 -75
220 -87
221 -70
222 -76
223 -70
224 -70
225 -73
226 -75
227 -70
228 -77
229 -73
230 -75
231 -62
232 -146
233 -155
234 -52
235 -76
236 -75
237 -75
238 -76
239 -70
240 -52
241 -52
242 -62
243 -70
244 -76
245 -75
246 -4728
247 -74
248 -52
249 -73
250 -70
251 -88
252 -608
253 -76
254 -70
255 -70
256 -75
257 -3505
258 -70
259 -76
260 -70
261 -75
262 -68
263 -74
264 -52
265 -70
266 -363
267 -109
268 -47
269 -73
270 -73
271 -62
272 -3234
273 -70
274 -47
275 -75
276 -74
277 -52
278 -75
279 -70
280 -73
281 -200
282 -76
283 -75
284 -75
285 -1292
286 -53
287 -75
288 -70
289 -3157
290 -550
291 -62
292 -74
293 -275
294 -62
295 -80
296 -75
297 -70
298 -74
299 -130
300 -901
301 -66
302 -62
303 -74
304 -70
305 -70
306 -75
307 -60
308 -518
309 -73
310 -70
311 -60
312 -62
313 -75
314 -721
315 -76
316 -73
317 -415
318 -75
319 -70
320 -76
321 -61
322 -70
323 -62
324 -75
325 -73
326 -52
327 -55
328 -339
329 -75
330 -372
331 -70
332 -73
333 -74
334 -323
335 -62
336 -76
337 -75
338 -75
339 -74
340 -277
341 -75
342 -75
343 -75
344 -75
345 -76
346 -52
347 -62
348 -74
349 -68
350 -70
351 -597
352 -75
353 -52
354 -75
355 -70
356 -91
357 -75
358 -74
359 -69
360 -73
361 -666
362 -70
363 -52
364 -75
365 -75
366 -70
367 -70
368 -1926
369 -1490
370 -74
371 -70
372 -75
373 -75
374 -73
375 -848
376 -74
377 -75
378 -62
379 -75
380 -74
381 -931
382 -70
383 -76
384 -75
385 -73
386 -70
387 -70
388 -73
389 -73
390 -52
391 -68
392 -653
393 -52
394 -70
395 -52
396 -74
397 -52
398 -70
399 -1446
400 -74
401 -70
402 -1278
403 -52
404 -70
405 -76
406 -761
407 -59
408 -70
409 -74
410 -62
411 -70
412 -62
413 -73
414 -73
415 -70
416 -75
417 -58
418 -1241
419 -73
420 -55
421 -52
422 -2080
423 -76
424 -358
425 -76
426 -73
427 -75
428 -70
429 -70
430 -89
431 -76
432 -62
433 -441
434 -75
435 -1717
436 -265
437 -70
438 -2721
439 -2552
440 -75
441 -75
442 -3147
443 -75
444 -73
445 -127
446 -75
447 -74
448 -62
449 -75
450 -75
451 -70
452 -52
453 -101
454 -75
455 -334
456 -73
457 -75
458 -73
459 -52
460 -52
461 -74
462 -52
463 -70
464 -76
465 -67
466 -250
467 -387
468 -73
469 -52
470 -75
471 -70
472 -52
473 -1125
474 -76
475 -70
476 -73
477 -70
478 -222
479 -75
480 -70
481 -52
482 -275
483 -62
484 -55
485 -138
486 -85
487 -73
488 -75
489 -76
490 -206
491 -73
492 -70
493 -74
494 -52
495 -70
496 -2156
497 -75
498 -76
499 -70
500 -75
501 -52
502 -74
503 -52
504 -75
505 -62
506 -383
507 -70
508 -70
509 -67
510 -62
511 -62
512 -52
513 -121
514 -75
515 -716
516 -76
517 -220
518 -75
519 -342
520 -151
521 -1126
522 -69
523 -93
524 -73
525 -373
526 -73
527 -36
528 -75
529 -75
530 -70
531 -75
532 -62
533 -73
534 -364
535 -70
536 -70
537 -70
538 -75
539 -180
540 -75
541 -75
542 -70
543 -47
544 -70
545 -70
546 -75
547 -677
548 -70
549 -75
550 -70
551 -75
552 -215
553 -70
554 -76
555 -75
556 -70
557 -76
558 -75
559 -70
560 -62
561 -2780
562 -70
563 -52
564 -123
565 -75
566 -74
567 -422
568 -217
569 -438
570 -831
571 -1856
572 -139
573 -70
574 -317
575 -74
576 -81
577 -52
578 -73
579 -121
580 -74
581 -74
582 -73
583 -504
584 -76
585 -52
586 -70
587 -68
588 -251
589 -76
590 -76
591 -70
592 -70
593 -52
594 -52
595 -73
596 -75
597 -52
598 -70
599 -177
600 -53
601 -52
602 -70
603 -76
604 -65
605 -70
606 -52
607 -70
608 -79
609 -76
610 -52
611 -76
612 -70
613 -349
614 -206
615 -316
616 -62
617 -415
618 -62
619 -75
620 -70
621 -76
622 -76
623 -70
624 -69
625 -1160
626 -75
627 -70
628 -75
629 -74
630 -75
631 -70
632 -76
633 -76
634 -70
635 -1257
636 -535
637 -75
638 -52
639 -73
640 -62
641 -911
642 -69
643 -75
644 -73
645 -726
646 -76
647 -52
648 -59
649 -74
650 -76
651 -52
652 -75
653 -75
654 -1368
655 -73
656 -818
657 -168
658 -74
659 -70
660 -455
661 -73
662 -62
663 -62
664 -76
665 -70
666 -75
667 -52
668 -75
669 -75
670 -75
671 -62
672 -52
673 -52
674 -70
675 -52
676 -70
677 -52
678 -62
679 -73
680 -387
681 -70
682 -73
683 -73
684 -70
685 -52
686 -72
687 -610
688 -76
689 -76
690 -73
691 -52
692 -73
693 -73
694 -482
695 -71
696 -70
697 -75
698 -70
699 -76
700 -14144
701 -2598
702 -76
703 -96
704 -74
705 -66
706 -75
707 -62
708 -58
709 -70
710 -70
711 -73
712 -76
713 -209
714 -51
715 -756
716 -70
717 -81
718 -79
719 -70
720 -70
721 -75
722 -64
723 -70
724 -106
725 -62
726 -70
727 -70
728 -75
729 -78
730 -52
731 -52
732 -62
733 -75
734 -73
735 -76
736 -73
737 -52
738 -76
739 -62
740 -142
741 -52
742 -1996
743 -74
744 -269
745 -1272
746 -452
747 -71
748 -722
749 -133
750 -52
751 -76
752 -75
753 -76
754 -73
755 -6835
756 -69
757 -70
758 -75
759 -73
760 -62
761 -75
762 -70
763 -52
764 -2324
765 -70
766 -276
767 -73
768 -70
769 -62
770 -63
771 -1074
772 -75
773 -62
774 -75
775 -65
776 -74
777 -75
778 -75
779 -70
780 -70
781 -75
782 -75
783 -70
784 -74
785 -75
786 -74
787 -75
788 -75
789 -312
790 -62
791 -73
792 -52
793 -52
794 -75
795 -73
796 -76
797 -5094
798 -1379
799 -75
800 -70
801 -52
802 -75
803 -70
804 -62
805 -62
806 -380
807 -76
808 -62
809 -74
810 -52
811 -52
812 -73
813 -28
814 -74
815 -3136
816 -62
817 -625
818 -60
819 -70
820 -75
821 -75
822 -295
823 -75
824 -74
825 -52
826 -62
827 -75
828 -70
829 -76
830 -73
831 -326
832 -62
833 -73
834 -75
835 -188
836 -75
837 -75
838 -52
839 -62
840 -74
841 -62
842 -3626
843 -70
844 -70
845 -70
846 -63
847 -52
848 -70
849 -116
850 -70
851 -62
852 -74
853 -52
854 -273
855 -62
856 -368
857 -75
858 -52
859 -70
860 -75
861 -70
862 -75
863 -76
864 -2232
865 -75
866 -62
867 -75
868 -667
869 -75
870 -70
871 -70
872 -78
873 -73
874 -182
875 -74
876 -62
877 -73
878 -71
879 -52
880 -70
881 -62
882 -74
883 -76
884 -70
885 -74
886 -228
887 -70
888 -76
889 -75
890 -74
891 -75
892 -74
893 -62
894 -75
895 -70
896 -174
897 -765
898 -59
899 -381
900 -275
901 -95
902 -76
903 -73
904 -75
905 -74
906 -70
907 -75
908 -74
909 -222
910 -75
911 -62
912 -339
913 -75
914 -59
915 -74
916 -76
917 -70
918 -75
919 -217
920 -70
921 -70
922 -70
923 -474
924 -34
925 -70
926 -90
927 -75
928 -76
929 -52
930 -70
931 -182
932 -75
933 -75
934 -74
935 -70
936 -62
937 -52
938 -73
939 -73
940 -74
941 -62
942 -76
943 -75
944 -52
945 -52
946 -75
947 -75
948 -65
949 -70
950 -75
951 -3631
952 -70
953 -73
954 -869
955 -75
956 -70
957 -3302
958 -76
959 -49
960 -75
961 -62
962 -70
963 -62
964 -75
965 -70
966 -4798
967 -75
968 -70
969 -75
970 -73
971 -70
972 -52
973 -74
974 -75
975 -90
976 -76
977 -62
978 -73
979 -73
980 -874
981 -70
982 -73
983 -75
984 -73
985 -32
986 -127
987 -3748
988 -70
989 -73
990 -73
991 -73
992 -52
993 -70
994 -110
995 -70
996 -62
997 -67
998 -70
999 -75
