0 -62
1 -73
2 -74
3 -24
4 -70
5 -1166
6 -73
7 -76
8 -75
9 -62
10 -70
11 -160
12 -70
13 -74
14 -925
15 -1023
16 -74
17 -75
18 -70
19 -70
20 -70
21 -76
22 -74
23 -1491
24 -62
25 -2129
26 -202
27 -75
28 -75
29 -2185
30 -75
31 -483
32 -4862
33 -53
34 -76
35 -62
36 -75
37 -58
38 -61
39 -108
40 -62
41 -2996
42 -1710
43 -75
44 -74
45 -745
46 -617
47 -74
48 -75
49 -75
50 -62
51 -75
52 -2847
53 -68
54 -2564
55 -850
56 -62
57 -70
58 -1884
59 -74
60 -75
61 -75
62 -583
63 -63
64 -2123
65 -495
66 -74
67 -70
68 -70
69 -75
70 -70
71 -70
72 -5307
73 -62
74 -1653
75 -51
76 -74
77 -2597
78 -242
79 -75
80 -76
81 -74
82 -75
83 -209
84 -205
85 -75
86 -74
87 -70
88 -76
89 -70
90 -73
91 -63
92 -75
93 -39
94 -62
95 -73
96 -1485
97 -2663
98 -75
99 -4168
100 -76
101 -73
102 -76
103 -75
104 -2638
105 -73
106 -76
107 -62
108 -75
109 -520
110 -71
111 -1754
112 -69
113 -62
114 -2465
115 -193
116 -2133
117 -62
118 -910
119 -158
120 -75
121 -2254
122 -508
123 -295
124 -2957
125 -3730
126 -2820
127 -76
128 -76
129 -73
130 -74
131 -75
132 -76
133 -3450
134 -62
135 -75
136 -90
137 -720
138 -2880
139 -72
140 -74
141 -76
142 -70
143 -3145
144 -3100
145 -76
146 -71
147 -1500
148 -62
149 -60
150 -76
151 -73
152 -635
153 -75
154 -75
155 -75
156 -62
157 -74
158 -828
159 -74
160 -358
161 -788
162 -76
163 -75
164 -76
165 -62
166 -75
167 -70
168 -63
169 -3960
170 -64
171 -75
172 -75
173 -2377
174 -75
175 -73
176 -80
177 -318
178 -75
179 -73
180 -75
181 -143
182 -902
183 -75
184 -75
185 -75
186 -75
187 -1423
188 -71
189 -460
190 -70
191 -57
192 -152
193 -4110
194 -76
195 -444
196 -75
197 -76
198 -75
199 -76
200 -75
201 -2120
202 -6113
203 -75
204 -74
205 -75
206 -1704
207 -141
208 -612
209 -74
210 -76
211 -74
212 -76
213 -73
214 -73
215 -75
216 -76
217 -75
218 -62
219 -75
220 -75
221 -62
222 -62
223 -75
224 -75
225 -735
226 -1564
227 -86
228 -74
229 -75
230 -1693
231 -74
232 -4758
233 -40
234 -70
235 -1302
236 -1524
237 -76
238 -70
239 -810
240 -68
241 -2838
242 -421
243 -7047
244 -62
245 -1725
246 -75
247 -73
248 -74
249 -62
250 -256
251 -74
252 -74
253 -2758
254 -70
255 -75
256 -62
257 -70
258 -995
259 -2484
260 -265
261 -2997
262 -70
263 -75
264 -70
265 -68
266 -407
267 -4125
268 -75
269 -5860
270 -76
271 -74
272 -1045
273 -74
274 -1588
275 -433
276 -1088
277 -76
278 -675
279 -3000
280 -75
281 -670
282 -75
283 -1894
284 -1716
285 -75
286 -75
287 -62
288 -74
289 -70
290 -75
291 -227
292 -78
293 -75
294 -70
295 -1048
296 -73
297 -75
298 -75
299 -74
300 -1110
301 -70
302 -75
303 -70
304 -73
305 -317
306 -70
307 -74
308 -2397
309 -73
310 -70
311 -70
312 -507
313 -70
314 -4990
315 -1516
316 -790
317 -75
318 -1913
319 -795
320 -73
321 -73
322 -137
323 -61
324 -5183
325 -478
326 -1432
327 -1444
328 -76
329 -1401
330 -76
331 -70
332 -75
333 -62
334 -73
335 -2865
336 -3130
337 -73
338 -73
339 -75
340 -62
341 -70
342 -75
343 -70
344 -70
345 -70
346 -76
347 -73
348 -76
349 -73
350 -764
351 -73
352 -62
353 -490
354 -75
355 -136
356 -52
357 -73
358 -1135
359 -74
360 -76
361 -75
362 -73
363 -74
364 -1195
365 -76
366 -76
367 -74
368 -868
369 -75
370 -73
371 -74
372 -220
373 -70
374 -75
375 -74
376 -62
377 -978
378 -2115
379 -75
380 -770
381 -70
382 -74
383 -76
384 -75
385 -73
386 -76
387 -76
388 -3843
389 -61
390 -73
391 -400
392 -76
393 -512
394 -73
395 -1169
396 -70
397 -75
398 -74
399 -1705
400 -698
401 -74
402 -505
403 -2588
404 -76
405 -73
406 -75
407 -62
408 -2110
409 -2095
410 -76
411 -73
412 -1338
413 -75
414 -74
415 -2805
416 -73
417 -684
418 -70
419 -75
420 -75
421 -74
422 -73
423 -261
424 -70
425 -2937
426 -75
427 -62
428 -76
429 -62
430 -75
431 -75
432 -74
433 -117
434 -73
435 -335
436 -87
437 -1825
438 -2022
439 -392
440 -73
441 -74
442 -76
443 -1510
444 -75
445 -369
446 -69
447 -917
448 -62
449 -645
450 -75
451 -73
452 -2063
453 -2853
454 -1935
455 -215
456 -74
457 -74
458 -853
459 -75
460 -1708
461 -74
462 -62
463 -70
464 -75
465 -73
466 -75
467 -1320
468 -76
469 -73
470 -70
471 -424
472 -79
473 -736
474 -62
475 -69
476 -115
477 -74
478 -2308
479 -803
480 -75
481 -1188
482 -586
483 -75
484 -993
485 -74
486 -76
487 -3477
488 -75
489 -75
490 -75
491 -70
492 -279
493 -289
494 -988
495 -2311
496 -62
497 -2923
498 -74
499 -75
500 -673
501 -71
502 -75
503 -1163
504 -1870
505 -76
506 -75
507 -1719
508 -1583
509 -76
510 -75
511 -1550
512 -70
513 -620
514 -85
515 -62
516 -929
517 -5098
518 -75
519 -76
520 -73
521 -438
522 -76
523 -73
524 -75
525 -250
526 -2355
527 -221
528 -73
529 -2075
530 -62
531 -225
532 -73
533 -62
534 -96
535 -62
536 -970
537 -75
538 -559
539 -62
540 -150
541 -73
542 -1809
543 -75
544 -472
545 -73
546 -80
547 -1615
548 -70
549 -76
550 -1566
551 -1074
552 -725
553 -463
554 -1307
555 -70
556 -62
557 -250
558 -81
559 -73
560 -62
561 -73
562 -74
563 -73
564 -74
565 -74
566 -76
567 -2313
568 -73
569 -245
570 -70
571 -90
572 -74
573 -70
574 -62
575 -6125
576 -73
577 -4648
578 -73
579 -3491
580 -70
581 -173
582 -75
583 -292
584 -73
585 -67
586 -62
587 -70
588 -543
589 -75
590 -76
591 -76
592 -58
593 -75
594 -75
595 -75
596 -62
597 -3028
598 -74
599 -1240
600 -76
601 -76
602 -210
603 -262
604 -76
605 -628
606 -835
607 -2168
608 -75
609 -75
610 -75
611 -75
612 -70
613 -235
614 -4087
615 -958
616 -62
617 -2408
618 -1250
619 -62
620 -62
621 -70
622 -76
623 -75
624 -62
625 -76
626 -2223
627 -75
628 -74
629 -75
630 -70
631 -1179
632 -75
633 -1257
634 -75
635 -1773
636 -5655
637 -75
638 -70
639 -2653
640 -761
641 -224
642 -75
643 -1963
644 -178
645 -73
646 -75
647 -73
648 -73
649 -1283
650 -74
651 -76
652 -1263
653 -70
654 -2983
655 -1430
656 -2955
657 -75
658 -1734
659 -73
660 -73
661 -73
662 -70
663 -70
664 -70
665 -1274
666 -75
667 -62
668 -5810
669 -113
670 -75
671 -74
672 -76
673 -62
674 -62
675 -4674
676 -399
677 -70
678 -76
679 -74
680 -870
681 -70
682 -74
683 -73
684 -168
685 -76
686 -70
687 -70
688 -76
689 -930
690 -378
691 -75
692 -62
693 -75
694 -76
695 -75
696 -74
697 -74
698 -770
699 -73
700 -70
701 -5329
702 -70
703 -75
704 -62
705 -815
706 -62
707 -3493
708 -1600
709 -1058
710 -4943
711 -76
712 -253
713 -430
714 -74
715 -75
716 -62
717 -3388
718 -69
719 -70
720 -75
721 -74
722 -62
723 -2520
724 -75
725 -69
726 -2119
727 -73
728 -75
729 -1563
730 -75
731 -75
732 -75
733 -1215
734 -73
735 -399
736 -70
737 -305
738 -62
739 -2288
740 -1838
741 -76
742 -75
743 -80
744 -128
745 -62
746 -685
747 -73
748 -73
749 -1663
750 -70
751 -73
752 -70
753 -74
754 -75
755 -73
756 -1985
757 -73
758 -70
759 -62
760 -62
761 -1930
762 -60
763 -2329
764 -1105
765 -75
766 -76
767 -2585
768 -74
769 -5415
770 -2429
771 -62
772 -845
773 -75
774 -73
775 -76
776 -190
777 -75
778 -73
779 -62
780 -70
781 -883
782 -2939
783 -2827
784 -77
785 -68
786 -1018
787 -70
788 -121
789 -4316
790 -428
791 -75
792 -62
793 -74
794 -70
795 -780
796 -74
797 -75
798 -75
799 -70
800 -74
801 -62
802 -76
803 -74
804 -592
805 -76
806 -77
807 -76
808 -70
809 -62
810 -74
811 -74
812 -62
813 -138
814 -915
815 -350
816 -1343
817 -62
818 -2765
819 -70
820 -75
821 -75
822 -73
823 -2375
824 -76
825 -70
826 -73
827 -1140
828 -75
829 -264
830 -73
831 -2265
832 -62
833 -70
834 -3021
835 -76
836 -4083
837 -66
838 -76
839 -67
840 -75
841 -1528
842 -76
843 -71
844 -75
845 -70
846 -1612
847 -62
848 -75
849 -5482
850 -62
851 -76
852 -195
853 -76
854 -70
855 -75
856 -76
857 -73
858 -75
859 -70
860 -76
861 -74
862 -2639
863 -62
864 -75
865 -305
866 -3155
867 -70
868 -75
869 -968
870 -658
871 -93
872 -75
873 -75
874 -76
875 -73
876 -73
877 -62
878 -73
879 -74
880 -62
881 -76
882 -73
883 -62
884 -70
885 -75
886 -71
887 -74
888 -73
889 -898
890 -76
891 -76
892 -75
893 -75
894 -90
895 -76
896 -190
897 -70
898 -75
899 -74
900 -75
901 -470
902 -74
903 -233
904 -75
905 -74
906 -75
907 -488
908 -800
909 -1618
910 -3168
911 -70
912 -76
913 -75
914 -74
915 -62
916 -62
917 -75
918 -73
919 -1482
920 -1498
921 -92
922 -75
923 -70
924 -766
925 -75
926 -2305
927 -75
928 -2055
929 -62
930 -70
931 -715
932 -70
933 -1230
934 -75
935 -73
936 -70
937 -563
938 -74
939 -3108
940 -75
941 -75
942 -76
943 -56
944 -720
945 -70
946 -433
947 -92
948 -74
949 -3520
950 -74
951 -2634
952 -70
953 -75
954 -75
955 -350
956 -666
957 -238
958 -70
959 -333
960 -62
961 -435
962 -783
963 -123
964 -909
965 -70
966 -75
967 -713
968 -1878
969 -73
970 -1473
971 -74
972 -62
973 -75
974 -74
975 -75
976 -74
977 -3472
978 -140
979 -70
980 -61
981 -70
982 -337
983 -3253
984 -74
985 -68
986 -414
987 -118
988 -3600
989 -62
990 -62
991 -75
992 -75
993 -2625
994 -1273
995 -62
996 -73
997 -1635
998 -62
999 -5463
