0 -625
1 -74
2 -224
3 -56
4 -69
5 -3044
6 -71
7 -70
8 -1062
9 -71
10 -75
11 -70
12 -69
13 -4068
14 -70
15 -68
16 -70
17 -27
18 -1667
19 -69
20 -27
21 -27
22 -70
23 -70
24 -94
25 -70
26 -70
27 -27
28 -68
29 -68
30 -164
31 -69
32 -240
33 -71
34 -70
35 -56
36 -70
37 -70
38 -1115
39 -56
40 -99
41 -68
42 -56
43 -27
44 -472
45 -253
46 -1383
47 -70
48 -27
49 -61
50 -69
51 -962
52 -70
53 -70
54 -70
55 -70
56 -2592
57 -70
58 -68
59 -35
60 -27
61 -70
62 -51
63 -248
64 -3711
65 -68
66 -27
67 -69
68 -69
69 -68
70 -317
71 -70
72 -197
73 -70
74 -68
75 -248
76 -69
77 -140
78 -69
79 -1167
80 -27
81 -82
82 -86
83 -600
84 -56
85 -56
86 -70
87 -70
88 -70
89 -27
90 -68
91 -70
92 -70
93 -69
94 -71
95 -70
96 -39
97 -2277
98 -39
99 -69
100 -70
101 -242
102 -70
103 -27
104 -289
105 -63
106 -68
107 -193
108 -70
109 -372
110 -832
111 -56
112 -70
113 -1014
114 -70
115 -70
116 -70
117 -27
118 -71
119 -643
120 -69
121 -68
122 -69
123 -65
124 -7895
125 -56
126 -70
127 -70
128 -27
129 -59
130 -360
131 -437
132 -71
133 -2177
134 -63
135 -72
136 -973
137 -36
138 -68
139 -56
140 -71
141 -70
142 -56
143 -70
144 -70
145 -71
146 -69
147 -27
148 -218
149 -712
150 -70
151 -70
152 -68
153 -92
154 -68
155 -69
156 -140
157 -1543
158 -873
159 -251
160 -56
161 -27
162 -27
163 -56
164 -218
165 -27
166 -2780
167 -70
168 -70
169 -69
170 -70
171 -68
172 -70
173 -68
174 -69
175 -27
176 -68
177 -70
178 -71
179 -68
180 -70
181 -68
182 -168
183 -72
184 -69
185 -56
186 -27
187 -69
188 -27
189 -70
190 -70
191 -68
192 -68
193 -195
194 -69
195 -70
196 -6543
197 -132
198 -56
199 -492
200 -8826
201 -58
202 -71
203 -69
204 -68
205 -69
206 -3031
207 -69
208 -70
209 -71
210 -69
211 -4421
212 -69
213 -69
214 -602
215 -70
216 -68
217 -70
218 -70
219 -70
220 -27
221 -70
222 -70
223 -222
224 -422
225 -150
226 -70
227 -253
228 -27
229 -56
230 -70
231 -90
232 -1854
233 -68
234 -73
235 -70
236 -202
237 -60
238 -887
239 -76
240 -538
241 -95
242 -69
243 -70
244 -70
245 -71
246 -56
247 -69
248 -7335
249 -56
250 -1617
251 -577
252 -27
253 -70
254 -69
255 -70
256 -2477
257 -1093
258 -56
259 -70
260 -417
261 -27
262 -27
263 -71
264 -5320
265 -70
266 -68
267 -75
268 -169
269 -70
270 -69
271 -1683
272 -65
273 -71
274 -70
275 -69
276 -70
277 -69
278 -27
279 -69
280 -69
281 -43
282 -68
283 -255
284 -71
285 -70
286 -6052
287 -1178
288 -70
289 -75
290 -33
291 -70
292 -202
293 -2515
294 -2502
295 -69
296 -2536
297 -70
298 -68
299 -68
300 -70
301 -69
302 -69
303 -69
304 -69
305 -70
306 -70
307 -2835
308 -51
309 -2782
310 -70
311 -70
312 -543
313 -70
314 -70
315 -70
316 -56
317 -69
318 -71
319 -70
320 -70
321 -2497
322 -68
323 -69
324 -883
325 -70
326 -97
327 -70
328 -27
329 -27
330 -69
331 -69
332 -68
333 -70
334 -68
335 -27
336 -513
337 -64
338 -70
339 -56
340 -68
341 -71
342 -70
343 -1407
344 -70
345 -27
346 -71
347 -71
348 -27
349 -70
350 -71
351 -71
352 -70
353 -70
354 -27
355 -70
356 -3514
357 -71
358 -70
359 -70
360 -775
361 -27
362 -747
363 -70
364 -70
365 -27
366 -1943
367 -51
368 -27
369 -158
370 -433
371 -68
372 -27
373 -69
374 -71
375 -65
376 -70
377 -68
378 -1337
379 -70
380 -415
381 -3122
382 -70
383 -70
384 -68
385 -71
386 -26
387 -70
388 -70
389 -27
390 -69
391 -69
392 -1482
393 -600
394 -69
395 -56
396 -70
397 -66
398 -27
399 -69
400 -67
401 -70
402 -157
403 -68
404 -56
405 -71
406 -56
407 -33
408 -70
409 -68
410 -61
411 -70
412 -203
413 -69
414 -70
415 -1262
416 -4654
417 -320
418 -56
419 -1680
420 -1352
421 -56
422 -380
423 -74
424 -70
425 -71
426 -376
427 -113
428 -65
429 -70
430 -70
431 -74
432 -69
433 -70
434 -865
435 -35
436 -717
437 -118
438 -71
439 -4052
440 -70
441 -70
442 -684
443 -70
444 -71
445 -27
446 -56
447 -27
448 -3413
449 -56
450 -27
451 -132
452 -70
453 -70
454 -70
455 -69
456 -3017
457 -70
458 -2256
459 -70
460 -5436
461 -71
462 -70
463 -70
464 -71
465 -70
466 -967
467 -385
468 -56
469 -27
470 -27
471 -70
472 -56
473 -70
474 -71
475 -69
476 -275
477 -711
478 -434
479 -56
480 -69
481 -49
482 -2719
483 -69
484 -187
485 -70
486 -69
487 -56
488 -69
489 -56
490 -70
491 -1667
492 -70
493 -70
494 -70
495 -69
496 -70
497 -68
498 -70
499 -56
500 -69
501 -70
502 -662
503 -27
504 -70
505 -192
506 -198
507 -27
508 -70
509 -70
510 -71
511 -61
512 -69
513 -70
514 -70
515 -70
516 -68
517 -70
518 -70
519 -70
520 -361
521 -70
522 -64
523 -70
524 -70
525 -70
526 -69
527 -69
528 -68
529 -68
530 -80
531 -69
532 -3858
533 -56
534 -70
535 -70
536 -70
537 -56
538 -71
539 -69
540 -70
541 -777
542 -68
543 -71
544 -70
545 -70
546 -70
547 -2230
548 -402
549 -71
550 -56
551 -2088
552 -1182
553 -56
554 -70
555 -214
556 -72
557 -572
558 -70
559 -68
560 -27
561 -70
562 -592
563 -56
564 -798
565 -70
566 -207
567 -1303
568 -848
569 -70
570 -170
571 -70
572 -1047
573 -27
574 -70
575 -70
576 -70
577 -6435
578 -2477
579 -183
580 -123
581 -246
582 -133
583 -71
584 -70
585 -68
586 -27
587 -27
588 -70
589 -395
590 -71
591 -70
592 -27
593 -52
594 -925
595 -70
596 -71
597 -70
598 -260
599 -302
600 -66
601 -70
602 -70
603 -827
604 -27
605 -71
606 -69
607 -68
608 -6900
609 -2395
610 -1957
611 -75
612 -71
613 -68
614 -70
615 -69
616 -71
617 -27
618 -2232
619 -218
620 -70
621 -962
622 -70
623 -76
624 -69
625 -69
626 -70
627 -69
628 -56
629 -56
630 -70
631 -70
632 -69
633 -70
634 -27
635 -423
636 -4062
637 -1216
638 -56
639 -70
640 -56
641 -70
642 -70
643 -70
644 -56
645 -1287
646 -69
647 -717
648 -457
649 -69
650 -70
651 -70
652 -27
653 -70
654 -70
655 -71
656 -70
657 -5408
658 -293
659 -56
660 -56
661 -228
662 -56
663 -1702
664 -71
665 -3226
666 -467
667 -429
668 -27
669 -70
670 -56
671 -270
672 -70
673 -71
674 -1770
675 -1837
676 -27
677 -71
678 -70
679 -449
680 -70
681 -27
682 -70
683 -69
684 -3317
685 -68
686 -27
687 -255
688 -71
689 -69
690 -70
691 -27
692 -70
693 -70
694 -1753
695 -70
696 -68
697 -56
698 -70
699 -70
700 -70
701 -68
702 -70
703 -71
704 -65
705 -57
706 -71
707 -56
708 -1034
709 -59
710 -71
711 -382
712 -70
713 -70
714 -56
715 -68
716 -68
717 -1297
718 -3052
719 -70
720 -70
721 -3222
722 -3932
723 -2067
724 -68
725 -56
726 -1153
727 -27
728 -27
729 -363
730 -68
731 -27
732 -70
733 -70
734 -70
735 -71
736 -56
737 -70
738 -80
739 -886
740 -56
741 -63
742 -69
743 -71
744 -69
745 -56
746 -27
747 -71
748 -66
749 -49
750 -71
751 -68
752 -70
753 -64
754 -27
755 -1620
756 -68
757 -68
758 -458
759 -70
760 -50
761 -27
762 -68
763 -70
764 -71
765 -70
766 -39
767 -3158
768 -70
769 -27
770 -70
771 -68
772 -27
773 -913
774 -2552
775 -2288
776 -70
777 -70
778 -70
779 -1612
780 -2637
781 -70
782 -69
783 -367
784 -70
785 -56
786 -69
787 -81
788 -189
789 -76
790 -49
791 -68
792 -70
793 -71
794 -1323
795 -56
796 -70
797 -233
798 -282
799 -56
800 -69
801 -71
802 -69
803 -69
804 -56
805 -56
806 -70
807 -70
808 -70
809 -68
810 -22
811 -68
812 -70
813 -70
814 -373
815 -105
816 -70
817 -68
818 -56
819 -2832
820 -70
821 -2002
822 -56
823 -75
824 -401
825 -56
826 -70
827 -70
828 -1977
829 -1387
830 -70
831 -68
832 -70
833 -70
834 -70
835 -857
836 -67
837 -70
838 -56
839 -27
840 -133
841 -65
842 -70
843 -69
844 -70
845 -56
846 -4072
847 -69
848 -54
849 -68
850 -70
851 -68
852 -70
853 -69
854 -68
855 -70
856 -152
857 -232
858 -1888
859 -70
860 -56
861 -2942
862 -2747
863 -70
864 -70
865 -774
866 -68
867 -56
868 -68
869 -71
870 -63
871 -70
872 -1617
873 -56
874 -56
875 -70
876 -67
877 -71
878 -68
879 -68
880 -68
881 -1177
882 -70
883 -371
884 -56
885 -71
886 -1235
887 -1212
888 -3146
889 -70
890 -170
891 -1888
892 -68
893 -71
894 -27
895 -70
896 -74
897 -70
898 -3332
899 -82
900 -68
901 -1494
902 -68
903 -75
904 -68
905 -70
906 -69
907 -1658
908 -27
909 -68
910 -27
911 -1232
912 -70
913 -1152
914 -48
915 -391
916 -80
917 -68
918 -27
919 -70
920 -69
921 -70
922 -69
923 -68
924 -56
925 -27
926 -70
927 -56
928 -64
929 -27
930 -64
931 -324
932 -1252
933 -70
934 -171
935 -69
936 -69
937 -70
938 -71
939 -71
940 -71
941 -56
942 -68
943 -56
944 -69
945 -68
946 -157
947 -68
948 -71
949 -71
950 -27
951 -56
952 -70
953 -70
954 -145
955 -70
956 -210
957 -251
958 -69
959 -1677
960 -70
961 -68
962 -71
963 -71
964 -56
965 -70
966 -70
967 -321
968 -27
969 -27
970 -70
971 -27
972 -527
973 -588
974 -56
975 -234
976 -313
977 -1493
978 -70
979 -283
980 -71
981 -27
982 -60
983 -71
984 -27
985 -5512
986 -341
987 -70
988 -27
989 -70
990 -317
991 -56
992 -71
993 -70
994 -69
995 -27
996 -69
997 -71
998 -70
999 -1277
