0 -63
1 -63
2 -490
3 -75
4 -33
5 -63
6 -65
7 -37
8 -33
9 -64
10 -63
11 -24
12 -64
13 -19
14 -65
15 -64
16 -63
17 -65
18 -66
19 -1148
20 -34
21 -787
22 -57
23 -15
24 -65
25 -38
26 -63
27 -59
28 -648
29 -19
30 -6889
31 -7468
32 -65
33 -53
34 -66
35 -171
36 -95
37 -19
38 -64
39 -7094
40 -643
41 -608
42 -30
43 -122
44 -65
45 -178
46 -64
47 -66
48 -498
49 -65
50 -242
51 -64
52 -66
53 -66
54 -89
55 -49
56 -52
57 -19
58 -64
59 -64
60 -65
61 -65
62 -63
63 -65
64 -65
65 -2498
66 -64
67 -3191
68 -64
69 -320
70 -66
71 -3056
72 -19
73 -64
74 -65
75 -63
76 -19
77 -54
78 -19
79 -19
80 -51
81 -450
82 -64
83 -134
84 -19
85 -131
86 -19
87 -11433
88 -19
89 -64
90 -280
91 -17
92 -63
93 -65
94 -50
95 -19
96 -66
97 -65
98 -65
99 -65
100 -19
101 -63
102 -66
103 -64
104 -48
105 -66
106 -63
107 -64
108 -48
109 -23
110 -63
111 -169
112 -45
113 -21
114 -409
115 -174
116 -19
117 -66
118 -65
119 -65
120 -15
121 -66
122 -19
123 -63
124 -326
125 -2752
126 -35
127 -19
128 -24
129 -242
130 -1127
131 -63
132 -594
133 -63
134 -492
135 -65
136 -64
137 -19
138 -65
139 -971
140 -65
141 -90
142 -23
143 -2641
144 -66
145 -1251
146 -44
147 -166
148 -32
149 -65
150 -19
151 -70
152 -63
153 -59
154 -49
155 -65
156 -51
157 -63
158 -66
159 -63
160 -66
161 -688
162 -283
163 -49
164 -50
165 -63
166 -1051
167 -176
168 -65
169 -65
170 -56
171 -66
172 -2491
173 -65
174 -65
175 -63
176 -65
177 -21
178 -19
179 -57
180 -64
181 -65
182 -15
183 -59
184 -1459
185 -63
186 -63
187 -392
188 -218
189 -65
190 -161
191 -1018
192 -19
193 -790
194 -19
195 -63
196 -155
197 -44
198 -65
199 -65
200 -66
201 -4479
202 -30
203 -63
204 -63
205 -19
206 -65
207 -50
208 -259
209 -335
210 -66
211 -66
212 -50
213 -24
214 -194
215 -19
216 -70
217 -19
218 -689
219 -65
220 -326
221 -63
222 -61
223 -65
224 -19
225 -224
226 -3114
227 -260
228 -66
229 -64
230 -2152
231 -43
232 -65
233 -63
234 -61
235 -63
236 -64
237 -304
238 -24
239 -19
240 -65
241 -2789
242 -321
243 -66
244 -65
245 -19
246 -23
247 -19
248 -2635
249 -63
250 -6513
251 -198
252 -65
253 -19
254 -19
255 -66
256 -654
257 -757
258 -65
259 -220
260 -66
261 -168
262 -37
263 -66
264 -50
265 -64
266 -104
267 -6191
268 -64
269 -59
270 -1533
271 -66
272 -66
273 -68
274 -815
275 -19
276 -63
277 -553
278 -37
279 -65
280 -63
281 -46
282 -19
283 -63
284 -65
285 -642
286 -804
287 -1814
288 -50
289 -1157
290 -63
291 -66
292 -30
293 -63
294 -66
295 -50
296 -624
297 -3493
298 -66
299 -911
300 -77
301 -19
302 -56
303 -58
304 -63
305 -66
306 -64
307 -65
308 -34
309 -15
310 -42
311 -63
312 -3911
313 -66
314 -19
315 -27
316 -64
317 -292
318 -19
319 -64
320 -63
321 -66
322 -55
323 -65
324 -221
325 -66
326 -64
327 -199
328 -19
329 -51
330 -66
331 -19
332 -33
333 -361
334 -66
335 -2359
336 -161
337 -64
338 -65
339 -65
340 -19
341 -64
342 -226
343 -5585
344 -19
345 -63
346 -65
347 -301
348 -19
349 -65
350 -62
351 -65
352 -3681
353 -66
354 -42
355 -148
356 -5612
357 -203
358 -4248
359 -120
360 -66
361 -19
362 -65
363 -64
364 -63
365 -87
366 -63
367 -63
368 -455
369 -90
370 -19
371 -339
372 -27
373 -64
374 -5958
375 -65
376 -65
377 -44
378 -66
379 -225
380 -4214
381 -63
382 -19
383 -164
384 -65
385 -15
386 -256
387 -63
388 -50
389 -228
390 -65
391 -64
392 -194
393 -65
394 -55
395 -32
396 -57
397 -179
398 -64
399 -19
400 -65
401 -65
402 -19
403 -63
404 -19
405 -222
406 -19
407 -65
408 -31
409 -159
410 -40
411 -65
412 -66
413 -65
414 -66
415 -53
416 -66
417 -66
418 -225
419 -65
420 -19
421 -57
422 -66
423 -64
424 -19
425 -64
426 -408
427 -532
428 -65
429 -64
430 -66
431 -2223
432 -64
433 -65
434 -371
435 -66
436 -64
437 -330
438 -32
439 -58
440 -57
441 -66
442 -1755
443 -63
444 -65
445 -63
446 -63
447 -428
448 -64
449 -66
450 -829
451 -65
452 -66
453 -269
454 -33
455 -64
456 -6042
457 -66
458 -50
459 -63
460 -19
461 -65
462 -25
463 -65
464 -64
465 -64
466 -65
467 -181
468 -64
469 -65
470 -23
471 -63
472 -65
473 -2507
474 -66
475 -28
476 -65
477 -51
478 -66
479 -118
480 -227
481 -59
482 -63
483 -63
484 -28
485 -64
486 -2212
487 -65
488 -65
489 -759
490 -520
491 -23
492 -19
493 -63
494 -200
495 -64
496 -65
497 -65
498 -209
499 -63
500 -162
501 -66
502 -60
503 -849
504 -65
505 -33
506 -64
507 -64
508 -32
509 -63
510 -63
511 -54
512 -23
513 -64
514 -19
515 -65
516 -63
517 -19
518 -229
519 -65
520 -354
521 -65
522 -344
523 -63
524 -4162
525 -32
526 -65
527 -155
528 -140
529 -62
530 -65
531 -5353
532 -793
533 -1040
534 -2611
535 -65
536 -602
537 -19
538 -19
539 -80
540 -63
541 -359
542 -425
543 -688
544 -237
545 -64
546 -66
547 -63
548 -66
549 -65
550 -66
551 -19
552 -22
553 -593
554 -65
555 -1153
556 -7544
557 -65
558 -49
559 -60
560 -65
561 -64
562 -1101
563 -1349
564 -193
565 -65
566 -588
567 -2213
568 -65
569 -255
570 -65
571 -63
572 -102
573 -63
574 -66
575 -228
576 -19
577 -19
578 -66
579 -66
580 -108
581 -19
582 -65
583 -19
584 -19
585 -17
586 -310
587 -542
588 -66
589 -66
590 -64
591 -66
592 -936
593 -65
594 -331
595 -19
596 -64
597 -63
598 -151
599 -65
600 -85
601 -65
602 -34
603 -19
604 -16
605 -513
606 -344
607 -2549
608 -65
609 -87
610 -66
611 -60
612 -28
613 -160
614 -333
615 -65
616 -65
617 -150
618 -64
619 -64
620 -31
621 -626
622 -50
623 -19
624 -259
625 -19
626 -19
627 -74
628 -19
629 -242
630 -1907
631 -63
632 -19
633 -2722
634 -65
635 -65
636 -65
637 -19
638 -165
639 -62
640 -15
641 -1193
642 -28
643 -66
644 -486
645 -342
646 -19
647 -16
648 -32
649 -54
650 -146
651 -39
652 -63
653 -19
654 -58
655 -222
656 -64
657 -1043
658 -65
659 -65
660 -127
661 -19
662 -54
663 -50
664 -64
665 -63
666 -20
667 -63
668 -5443
669 -65
670 -65
671 -65
672 -19
673 -64
674 -82
675 -87
676 -12809
677 -65
678 -4393
679 -52
680 -66
681 -40
682 -154
683 -38
684 -3242
685 -63
686 -64
687 -65
688 -50
689 -2431
690 -3011
691 -4880
692 -64
693 -63
694 -65
695 -61
696 -464
697 -43
698 -64
699 -41
700 -448
701 -65
702 -64
703 -44
704 -32
705 -1085
706 -63
707 -44
708 -66
709 -64
710 -1101
711 -65
712 -65
713 -63
714 -7137
715 -540
716 -34
717 -3835
718 -19
719 -64
720 -147
721 -64
722 -19
723 -63
724 -46
725 -64
726 -400
727 -153
728 -63
729 -65
730 -63
731 -63
732 -301
733 -169
734 -336
735 -19
736 -65
737 -64
738 -203
739 -50
740 -19
741 -19
742 -3004
743 -229
744 -36
745 -19
746 -10324
747 -94
748 -161
749 -21
750 -19
751 -63
752 -4561
753 -349
754 -64
755 -206
756 -4605
757 -62
758 -170
759 -1054
760 -63
761 -31
762 -21
763 -3395
764 -141
765 -33
766 -15
767 -135
768 -63
769 -66
770 -65
771 -275
772 -19
773 -65
774 -170
775 -207
776 -19
777 -64
778 -19
779 -60
780 -63
781 -177
782 -82
783 -40
784 -65
785 -63
786 -45
787 -303
788 -65
789 -66
790 -15
791 -63
792 -64
793 -19
794 -250
795 -63
796 -65
797 -19
798 -65
799 -334
800 -66
801 -829
802 -66
803 -219
804 -24
805 -27
806 -585
807 -66
808 -34
809 -128
810 -66
811 -66
812 -46
813 -63
814 -66
815 -64
816 -33
817 -64
818 -67
819 -22
820 -19
821 -4933
822 -1864
823 -65
824 -4675
825 -278
826 -66
827 -50
828 -66
829 -65
830 -338
831 -242
832 -19
833 -5174
834 -66
835 -66
836 -66
837 -64
838 -218
839 -890
840 -20
841 -15
842 -63
843 -15
844 -19
845 -1650
846 -66
847 -64
848 -63
849 -63
850 -65
851 -65
852 -925
853 -670
854 -63
855 -66
856 -33
857 -170
858 -63
859 -65
860 -33
861 -63
862 -66
863 -170
864 -19
865 -571
866 -63
867 -32
868 -76
869 -65
870 -65
871 -1230
872 -65
873 -19
874 -65
875 -66
876 -64
877 -19
878 -63
879 -45
880 -424
881 -3849
882 -453
883 -19
884 -1050
885 -3876
886 -66
887 -20
888 -66
889 -63
890 -269
891 -2320
892 -92
893 -668
894 -66
895 -66
896 -63
897 -79
898 -65
899 -64
900 -32
901 -63
902 -65
903 -29
904 -618
905 -425
906 -66
907 -65
908 -17
909 -64
910 -65
911 -577
912 -508
913 -65
914 -69
915 -36
916 -65
917 -42
918 -66
919 -63
920 -266
921 -65
922 -19
923 -28
924 -65
925 -39
926 -158
927 -19
928 -15
929 -66
930 -2045
931 -65
932 -19
933 -587
934 -555
935 -64
936 -110
937 -19
938 -65
939 -65
940 -65
941 -19
942 -52
943 -64
944 -64
945 -202
946 -65
947 -45
948 -19
949 -63
950 -154
951 -2210
952 -66
953 -15
954 -78
955 -38
956 -65
957 -19
958 -63
959 -15
960 -19
961 -19
962 -63
963 -65
964 -32
965 -5629
966 -532
967 -65
968 -73
969 -29
970 -165
971 -65
972 -653
973 -16
974 -63
975 -19
976 -5520
977 -64
978 -66
979 -20
980 -145
981 -65
982 -1149
983 -66
984 -290
985 -1111
986 -64
987 -19
988 -76
989 -65
990 -65
991 -46
992 -65
993 -64
994 -38
995 -436
996 -66
997 -55
998 -19
999 -66
