0 -13
1 -17
2 -13
3 -6
4 -13
5 -6
6 -6
7 -6
8 -6
9 -6
10 -14
11 -10
12 -6
13 -14
14 -13
15 -10
16 -13
17 -10
18 -6
19 -10
20 -13
21 -14
22 -6
23 -13
24 -6
25 -6
26 -6
27 -6
28 -6
29 -13
30 -6
31 -14
32 -6
33 -10
34 -6
35 -6
36 -13
37 -6
38 -6
39 -13
40 -6
41 -13
42 -6
43 -13
44 -6
45 -6
46 -6
47 -13
48 -14
49 -13
50 -13
51 -6
52 -6
53 -10
54 -10
55 -6
56 -6
57 -6
58 -6
59 -6
60 -13
61 -6
62 -6
63 -10
64 -6
65 -13
66 -6
67 -6
68 -14
69 -14
70 -6
71 -14
72 -10
73 -10
74 -6
75 -14
76 -6
77 -13
78 -10
79 -6
80 -6
81 -10
82 -6
83 -13
84 -10
85 -6
86 -6
87 -14
88 -13
89 -6
90 -13
91 -6
92 -6
93 -13
94 -6
95 -14
96 -13
97 -6
98 -13
99 -6
100 -10
101 -6
102 -13
103 -6
104 -10
105 -6
106 -10
107 -13
108 -6
109 -14
110 -6
111 -10
112 -14
113 -6
114 -6
115 -6
116 -6
117 -10
118 -10
119 -13
120 -13
121 -11
122 -6
123 -6
124 -13
125 -6
126 -6
127 -10
128 -6
129 -6
130 -10
131 -6
132 -14
133 -6
134 -13
135 -6
136 -13
137 -13
138 -6
139 -13
140 -13
141 -6
142 -6
143 -10
144 -10
145 -6
146 -10
147 -13
148 -6
149 -13
150 -6
151 -6
152 -6
153 -13
154 -6
155 -6
156 -13
157 -14
158 -13
159 -6
160 -10
161 -6
162 -6
163 -13
164 -10
165 -6
166 -6
167 -13
168 -13
169 -6
170 -6
171 -10
172 -6
173 -6
174 -14
175 -10
176 -10
177 -6
178 -6
179 -6
180 -13
181 -13
182 -6
183 -6
184 -10
185 -6
186 -6
187 -13
188 -13
189 -17
190 -6
191 -6
192 -6
193 -6
194 -18
195 -13
196 -10
197 -10
198 -13
199 -6
200 -6
201 -6
202 -6
203 -14
204 -13
205 -13
206 -6
207 -10
208 -14
209 -13
210 -6
211 -10
212 -6
213 -6
214 -6
215 -6
216 -6
217 -6
218 -6
219 -6
220 -14
221 -7
222 -6
223 -6
224 -10
225 -14
226 -6
227 -13
228 -14
229 -6
230 -13
231 -14
232 -10
233 -13
234 -6
235 -6
236 -6
237 -6
238 -10
239 -13
240 -6
241 -10
242 -13
243 -13
244 -13
245 -9
246 -10
247 -6
248 -6
249 -10
250 -6
251 -13
252 -6
253 -14
254 -15
255 -14
256 -13
257 -10
258 -6
259 -13
260 -13
261 -13
262 -13
263 -6
264 -11
265 -13
266 -13
267 -6
268 -6
269 -6
270 -14
271 -10
272 -6
273 -6
274 -6
275 -10
276 -6
277 -14
278 -13
279 -14
280 -10
281 -6
282 -12
283 -6
284 -6
285 -24
286 -14
287 -13
288 -13
289 -6
290 -13
291 -10
292 -6
293 -6
294 -13
295 -6
296 -13
297 -6
298 -6
299 -6
300 -6
301 -17
302 -6
303 -8
304 -13
305 -6
306 -13
307 -14
308 -9
309 -6
310 -6
311 -6
312 -6
313 -14
314 -15
315 -6
316 -10
317 -6
318 -6
319 -6
320 -10
321 -13
322 -6
323 -14
324 -14
325 -10
326 -13
327 -13
328 -6
329 -6
330 -13
331 -6
332 -6
333 -13
334 -14
335 -10
336 -6
337 -6
338 -6
339 -13
340 -6
341 -14
342 -13
343 -6
344 -13
345 -6
346 -13
347 -6
348 -14
349 -13
350 -6
351 -13
352 -6
353 -14
354 -14
355 -11
356 -14
357 -10
358 -6
359 -14
360 -13
361 -10
362 -10
363 -14
364 -6
365 -6
366 -6
367 -6
368 -6
369 -6
370 -6
371 -14
372 -10
373 -6
374 -6
375 -6
376 -10
377 -14
378 -10
379 -13
380 -10
381 -13
382 -6
383 -14
384 -6
385 -34
386 -10
387 -6
388 -10
389 -13
390 -13
391 -14
392 -6
393 -6
394 -13
395 -13
396 -13
397 -6
398 -13
399 -6
400 -6
401 -6
402 -13
403 -13
404 -6
405 -13
406 -6
407 -6
408 -14
409 -13
410 -6
411 -10
412 -10
413 -13
414 -13
415 -10
416 -6
417 -6
418 -6
419 -6
420 -6
421 -13
422 -13
423 -13
424 -10
425 -6
426 -6
427 -10
428 -14
429 -6
430 -8
431 -6
432 -6
433 -6
434 -10
435 -13
436 -6
437 -13
438 -6
439 -13
440 -14
441 -6
442 -6
443 -13
444 -6
445 -6
446 -6
447 -10
448 -14
449 -6
450 -13
451 -10
452 -10
453 -13
454 -13
455 -6
456 -14
457 -6
458 -6
459 -13
460 -13
461 -13
462 -6
463 -13
464 -17
465 -14
466 -13
467 -10
468 -13
469 -13
470 -6
471 -18
472 -6
473 -6
474 -6
475 -6
476 -10
477 -14
478 -6
479 -10
480 -10
481 -6
482 -13
483 -13
484 -6
485 -13
486 -6
487 -6
488 -13
489 -10
490 -10
491 -13
492 -6
493 -6
494 -6
495 -6
496 -10
497 -6
498 -6
499 -6
500 -6
501 -6
502 -10
503 -13
504 -13
505 -10
506 -9
507 -6
508 -6
509 -13
510 -6
511 -6
512 -6
513 -13
514 -10
515 -6
516 -6
517 -6
518 -13
519 -13
520 -6
521 -6
522 -13
523 -13
524 -13
525 -13
526 -13
527 -6
528 -13
529 -6
530 -36
531 -6
532 -6
533 -10
534 -14
535 -13
536 -6
537 -13
538 -6
539 -13
540 -14
541 -6
542 -13
543 -6
544 -14
545 -6
546 -6
547 -10
548 -6
549 -6
550 -6
551 -10
552 -14
553 -14
554 -6
555 -6
556 -6
557 -13
558 -13
559 -14
560 -13
561 -6
562 -6
563 -13
564 -13
565 -13
566 -13
567 -14
568 -14
569 -6
570 -6
571 -6
572 -6
573 -23
574 -14
575 -10
576 -6
577 -13
578 -22
579 -13
580 -6
581 -13
582 -13
583 -13
584 -13
585 -13
586 -6
587 -6
588 -6
589 -23
590 -13
591 -6
592 -14
593 -13
594 -12
595 -10
596 -14
597 -13
598 -13
599 -10
600 -14
601 -10
602 -6
603 -6
604 -6
605 -6
606 -13
607 -6
608 -13
609 -10
610 -13
611 -14
612 -6
613 -6
614 -13
615 -14
616 -13
617 -6
618 -6
619 -13
620 -18
621 -13
622 -14
623 -6
624 -6
625 -13
626 -6
627 -6
628 -15
629 -6
630 -14
631 -6
632 -14
633 -13
634 -14
635 -14
636 -13
637 -10
638 -6
639 -13
640 -6
641 -6
642 -13
643 -6
644 -13
645 -14
646 -13
647 -13
648 -14
649 -6
650 -6
651 -13
652 -10
653 -13
654 -13
655 -6
656 -6
657 -7
658 -10
659 -6
660 -13
661 -13
662 -6
663 -6
664 -13
665 -6
666 -6
667 -6
668 -6
669 -6
670 -6
671 -6
672 -13
673 -6
674 -10
675 -6
676 -6
677 -6
678 -13
679 -6
680 -6
681 -13
682 -6
683 -6
684 -13
685 -6
686 -10
687 -6
688 -13
689 -6
690 -6
691 -6
692 -15
693 -19
694 -6
695 -13
696 -6
697 -13
698 -6
699 -6
700 -6
701 -10
702 -6
703 -10
704 -14
705 -14
706 -6
707 -13
708 -6
709 -43
710 -6
711 -10
712 -10
713 -6
714 -14
715 -6
716 -10
717 -14
718 -10
719 -6
720 -10
721 -13
722 -13
723 -14
724 -13
725 -10
726 -10
727 -6
728 -13
729 -6
730 -6
731 -6
732 -6
733 -6
734 -13
735 -6
736 -7
737 -6
738 -14
739 -6
740 -13
741 -6
742 -13
743 -14
744 -14
745 -6
746 -6
747 -6
748 -13
749 -6
750 -6
751 -6
752 -6
753 -6
754 -7
755 -6
756 -6
757 -10
758 -6
759 -14
760 -13
761 -13
762 -6
763 -13
764 -13
765 -10
766 -6
767 -10
768 -6
769 -6
770 -13
771 -14
772 -6
773 -14
774 -13
775 -6
776 -6
777 -13
778 -6
779 -14
780 -13
781 -6
782 -13
783 -6
784 -13
785 -6
786 -10
787 -6
788 -14
789 -6
790 -6
791 -10
792 -14
793 -6
794 -6
795 -10
796 -6
797 -10
798 -13
799 -13
800 -10
801 -6
802 -14
803 -6
804 -6
805 -14
806 -14
807 -6
808 -14
809 -10
810 -14
811 -6
812 -6
813 -10
814 -14
815 -10
816 -14
817 -10
818 -13
819 -6
820 -18
821 -13
822 -13
823 -10
824 -6
825 -6
826 -6
827 -13
828 -13
829 -6
830 -6
831 -12
832 -6
833 -13
834 -10
835 -6
836 -13
837 -6
838 -6
839 -6
840 -13
841 -13
842 -13
843 -10
844 -14
845 -6
846 -14
847 -14
848 -6
849 -15
850 -13
851 -13
852 -10
853 -13
854 -6
855 -6
856 -10
857 -16
858 -6
859 -6
860 -13
861 -13
862 -6
863 -13
864 -10
865 -6
866 -6
867 -10
868 -13
869 -13
870 -13
871 -13
872 -6
873 -10
874 -10
875 -6
876 -14
877 -6
878 -10
879 -14
880 -6
881 -14
882 -6
883 -6
884 -19
885 -13
886 -14
887 -6
888 -6
889 -10
890 -6
891 -6
892 -6
893 -10
894 -13
895 -6
896 -13
897 -13
898 -10
899 -10
900 -10
901 -13
902 -6
903 -17
904 -13
905 -14
906 -10
907 -10
908 -6
909 -6
910 -6
911 -6
912 -6
913 -6
914 -6
915 -13
916 -13
917 -6
918 -13
919 -6
920 -10
921 -14
922 -10
923 -13
924 -6
925 -6
926 -6
927 -13
928 -11
929 -6
930 -6
931 -6
932 -13
933 -14
934 -12
935 -6
936 -12
937 -6
938 -6
939 -13
940 -10
941 -10
942 -6
943 -13
944 -14
945 -6
946 -10
947 -14
948 -6
949 -6
950 -10
951 -6
952 -6
953 -10
954 -6
955 -13
956 -6
957 -13
958 -14
959 -6
960 -6
961 -10
962 -10
963 -13
964 -13
965 -13
966 -6
967 -10
968 -13
969 -10
970 -13
971 -17
972 -6
973 -13
974 -13
975 -14
976 -10
977 -13
978 -6
979 -6
980 -6
981 -13
982 -13
983 -10
984 -13
985 -6
986 -13
987 -6
988 -14
989 -6
990 -6
991 -8
992 -6
993 -14
994 -10
995 -6
996 -6
997 -13
998 -10
999 -13
