0 -13
1 -8
2 -8
3 -6
4 -14
5 -6
6 -8
7 -8
8 -63
9 -8
10 -14
11 -8
12 -13
13 -8
14 -13
15 -13
16 -13
17 -6
18 -8
19 -6
20 -14
21 -13
22 -59
23 -14
24 -13
25 -6
26 -6
27 -13
28 -6
29 -8
30 -8
31 -13
32 -14
33 -13
34 -8
35 -11
36 -6
37 -13
38 -14
39 -13
40 -6
41 -14
42 -14
43 -8
44 -6
45 -19
46 -8
47 -8
48 -13
49 -8
50 -10
51 -8
52 -13
53 -6
54 -58
55 -8
56 -13
57 -8
58 -8
59 -23
60 -13
61 -13
62 -8
63 -13
64 -8
65 -6
66 -8
67 -14
68 -6
69 -13
70 -6
71 -8
72 -14
73 -8
74 -13
75 -13
76 -17
77 -8
78 -13
79 -8
80 -6
81 -8
82 -13
83 -13
84 -13
85 -6
86 -13
87 -13
88 -14
89 -14
90 -8
91 -8
92 -13
93 -6
94 -13
95 -13
96 -13
97 -6
98 -13
99 -13
100 -13
101 -13
102 -13
103 -6
104 -8
105 -13
106 -14
107 -13
108 -8
109 -6
110 -6
111 -8
112 -8
113 -6
114 -6
115 -8
116 -14
117 -13
118 -13
119 -13
120 -6
121 -8
122 -13
123 -13
124 -7
125 -8
126 -13
127 -8
128 -6
129 -6
130 -14
131 -6
132 -13
133 -15
134 -14
135 -6
136 -8
137 -13
138 -8
139 -6
140 -14
141 -8
142 -6
143 -8
144 -8
145 -14
146 -14
147 -14
148 -6
149 -8
150 -6
151 -14
152 -14
153 -8
154 -12
155 -13
156 -6
157 -8
158 -8
159 -13
160 -13
161 -6
162 -8
163 -6
164 -8
165 -17
166 -6
167 -13
168 -8
169 -8
170 -8
171 -8
172 -6
173 -13
174 -14
175 -8
176 -8
177 -14
178 -13
179 -17
180 -13
181 -6
182 -14
183 -13
184 -6
185 -13
186 -8
187 -14
188 -6
189 -14
190 -14
191 -6
192 -8
193 -14
194 -6
195 -8
196 -8
197 -8
198 -13
199 -8
200 -13
201 -13
202 -6
203 -14
204 -6
205 -8
206 -13
207 -6
208 -8
209 -6
210 -6
211 -14
212 -14
213 -13
214 -8
215 -8
216 -13
217 -13
218 -6
219 -8
220 -8
221 -14
222 -6
223 -6
224 -6
225 -6
226 -14
227 -14
228 -13
229 -8
230 -13
231 -6
232 -6
233 -14
234 -8
235 -14
236 -14
237 -8
238 -14
239 -8
240 -8
241 -8
242 -13
243 -8
244 -6
245 -14
246 -6
247 -13
248 -13
249 -13
250 -8
251 -17
252 -8
253 -13
254 -8
255 -8
256 -6
257 -8
258 -6
259 -8
260 -8
261 -14
262 -8
263 -6
264 -13
265 -8
266 -8
267 -13
268 -13
269 -8
270 -6
271 -8
272 -6
273 -12
274 -13
275 -14
276 -8
277 -13
278 -8
279 -6
280 -6
281 -8
282 -13
283 -6
284 -8
285 -6
286 -13
287 -13
288 -8
289 -13
290 -8
291 -14
292 -13
293 -6
294 -45
295 -6
296 -6
297 -8
298 -6
299 -13
300 -8
301 -13
302 -6
303 -6
304 -18
305 -6
306 -6
307 -6
308 -8
309 -6
310 -8
311 -13
312 -6
313 -6
314 -14
315 -13
316 -14
317 -13
318 -13
319 -13
320 -6
321 -6
322 -8
323 -13
324 -8
325 -8
326 -14
327 -8
328 -13
329 -6
330 -8
331 -6
332 -8
333 -13
334 -6
335 -14
336 -8
337 -8
338 -8
339 -6
340 -14
341 -14
342 -6
343 -6
344 -13
345 -14
346 -6
347 -6
348 -13
349 -14
350 -8
351 -8
352 -10
353 -14
354 -13
355 -8
356 -8
357 -14
358 -8
359 -14
360 -8
361 -6
362 -9
363 -13
364 -13
365 -14
366 -13
367 -6
368 -8
369 -6
370 -13
371 -15
372 -17
373 -6
374 -6
375 -6
376 -6
377 -8
378 -13
379 -13
380 -8
381 -8
382 -14
383 -13
384 -8
385 -13
386 -13
387 -13
388 -8
389 -6
390 -6
391 -8
392 -8
393 -14
394 -14
395 -13
396 -8
397 -6
398 -6
399 -6
400 -6
401 -6
402 -6
403 -13
404 -13
405 -13
406 -14
407 -6
408 -26
409 -13
410 -6
411 -8
412 -8
413 -6
414 -13
415 -13
416 -7
417 -13
418 -6
419 -8
420 -13
421 -6
422 -17
423 -13
424 -6
425 -13
426 -13
427 -6
428 -8
429 -6
430 -13
431 -6
432 -6
433 -8
434 -14
435 -6
436 -13
437 -8
438 -6
439 -6
440 -6
441 -13
442 -13
443 -14
444 -8
445 -6
446 -6
447 -13
448 -6
449 -19
450 -6
451 -8
452 -6
453 -14
454 -13
455 -13
456 -6
457 -13
458 -6
459 -8
460 -13
461 -6
462 -14
463 -8
464 -13
465 -8
466 -13
467 -8
468 -13
469 -8
470 -6
471 -13
472 -6
473 -8
474 -8
475 -13
476 -13
477 -13
478 -8
479 -6
480 -14
481 -13
482 -6
483 -6
484 -6
485 -6
486 -8
487 -6
488 -13
489 -13
490 -8
491 -8
492 -6
493 -6
494 -13
495 -8
496 -6
497 -6
498 -8
499 -8
500 -8
501 -14
502 -14
503 -8
504 -13
505 -14
506 -8
507 -14
508 -8
509 -8
510 -8
511 -13
512 -13
513 -13
514 -6
515 -8
516 -6
517 -13
518 -13
519 -8
520 -6
521 -14
522 -13
523 -55
524 -8
525 -6
526 -8
527 -8
528 -6
529 -13
530 -6
531 -17
532 -6
533 -8
534 -14
535 -14
536 -14
537 -8
538 -14
539 -10
540 -13
541 -8
542 -14
543 -6
544 -6
545 -6
546 -15
547 -13
548 -8
549 -8
550 -13
551 -14
552 -6
553 -6
554 -13
555 -8
556 -6
557 -13
558 -13
559 -6
560 -8
561 -8
562 -6
563 -13
564 -14
565 -6
566 -6
567 -6
568 -6
569 -14
570 -8
571 -8
572 -6
573 -8
574 -6
575 -13
576 -6
577 -13
578 -6
579 -13
580 -8
581 -13
582 -6
583 -6
584 -13
585 -14
586 -14
587 -6
588 -6
589 -8
590 -6
591 -14
592 -13
593 -8
594 -6
595 -13
596 -13
597 -8
598 -8
599 -13
600 -15
601 -8
602 -13
603 -14
604 -14
605 -6
606 -14
607 -6
608 -6
609 -13
610 -8
611 -14
612 -8
613 -13
614 -8
615 -6
616 -8
617 -13
618 -8
619 -14
620 -13
621 -8
622 -6
623 -8
624 -13
625 -6
626 -14
627 -13
628 -13
629 -8
630 -14
631 -6
632 -13
633 -6
634 -8
635 -8
636 -6
637 -6
638 -8
639 -13
640 -14
641 -8
642 -13
643 -8
644 -6
645 -8
646 -8
647 -8
648 -13
649 -13
650 -13
651 -13
652 -8
653 -13
654 -16
655 -13
656 -6
657 -6
658 -13
659 -12
660 -13
661 -6
662 -8
663 -13
664 -14
665 -13
666 -39
667 -14
668 -14
669 -13
670 -6
671 -13
672 -8
673 -6
674 -13
675 -8
676 -13
677 -6
678 -13
679 -6
680 -6
681 -13
682 -8
683 -8
684 -14
685 -8
686 -6
687 -13
688 -6
689 -6
690 -14
691 -13
692 -13
693 -13
694 -14
695 -13
696 -6
697 -8
698 -8
699 -13
700 -13
701 -6
702 -6
703 -13
704 -6
705 -6
706 -14
707 -8
708 -8
709 -14
710 -13
711 -8
712 -18
713 -8
714 -13
715 -14
716 -8
717 -6
718 -13
719 -6
720 -13
721 -6
722 -13
723 -14
724 -6
725 -6
726 -8
727 -8
728 -13
729 -13
730 -13
731 -6
732 -13
733 -13
734 -13
735 -13
736 -6
737 -14
738 -13
739 -6
740 -13
741 -13
742 -13
743 -6
744 -6
745 -13
746 -6
747 -14
748 -6
749 -8
750 -10
751 -13
752 -6
753 -20
754 -13
755 -6
756 -8
757 -6
758 -13
759 -6
760 -13
761 -13
762 -6
763 -13
764 -6
765 -6
766 -14
767 -6
768 -8
769 -8
770 -6
771 -6
772 -6
773 -6
774 -13
775 -14
776 -8
777 -13
778 -6
779 -8
780 -13
781 -8
782 -13
783 -6
784 -13
785 -8
786 -14
787 -8
788 -8
789 -13
790 -6
791 -8
792 -6
793 -6
794 -8
795 -6
796 -6
797 -13
798 -8
799 -8
800 -8
801 -14
802 -8
803 -8
804 -6
805 -12
806 -8
807 -8
808 -13
809 -8
810 -8
811 -6
812 -13
813 -6
814 -8
815 -8
816 -8
817 -8
818 -13
819 -8
820 -8
821 -13
822 -6
823 -14
824 -6
825 -6
826 -6
827 -8
828 -13
829 -13
830 -8
831 -6
832 -8
833 -14
834 -14
835 -8
836 -14
837 -6
838 -13
839 -6
840 -8
841 -14
842 -6
843 -6
844 -8
845 -8
846 -13
847 -6
848 -8
849 -14
850 -8
851 -14
852 -6
853 -6
854 -14
855 -8
856 -13
857 -14
858 -13
859 -6
860 -6
861 -6
862 -14
863 -13
864 -13
865 -13
866 -14
867 -6
868 -13
869 -14
870 -8
871 -14
872 -6
873 -13
874 -13
875 -8
876 -18
877 -14
878 -6
879 -13
880 -6
881 -13
882 -6
883 -14
884 -13
885 -6
886 -8
887 -6
888 -6
889 -17
890 -6
891 -18
892 -6
893 -14
894 -8
895 -13
896 -8
897 -13
898 -8
899 -6
900 -6
901 -13
902 -17
903 -13
904 -6
905 -6
906 -8
907 -13
908 -6
909 -6
910 -6
911 -13
912 -14
913 -13
914 -8
915 -13
916 -8
917 -8
918 -13
919 -14
920 -14
921 -6
922 -6
923 -13
924 -13
925 -13
926 -14
927 -6
928 -14
929 -6
930 -14
931 -8
932 -6
933 -8
934 -8
935 -6
936 -6
937 -8
938 -13
939 -8
940 -13
941 -8
942 -14
943 -8
944 -8
945 -8
946 -8
947 -6
948 -6
949 -13
950 -8
951 -6
952 -6
953 -8
954 -8
955 -13
956 -13
957 -8
958 -6
959 -14
960 -6
961 -6
962 -6
963 -8
964 -6
965 -13
966 -6
967 -13
968 -8
969 -6
970 -13
971 -9
972 -8
973 -6
974 -8
975 -6
976 -13
977 -8
978 -13
979 -15
980 -8
981 -8
982 -6
983 -6
984 -14
985 -14
986 -6
987 -8
988 -8
989 -8
990 -13
991 -6
992 -8
993 -6
994 -6
995 -6
996 -8
997 -13
998 -14
999 -6
