0 -6
1 -7
2 -8
3 -14
4 -13
5 -8
6 -13
7 -7
8 -30
9 -6
10 -7
11 -10
12 -6
13 -7
14 -20
15 -20
16 -6
17 -8
18 -24
19 -13
20 -7
21 -13
22 -8
23 -6
24 -6
25 -7
26 -7
27 -8
28 -24
29 -6
30 -6
31 -12
32 -6
33 -7
34 -6
35 -7
36 -6
37 -8
38 -6
39 -6
40 -6
41 -13
42 -13
43 -8
44 -13
45 -6
46 -6
47 -13
48 -6
49 -8
50 -6
51 -6
52 -6
53 -13
54 -13
55 -8
56 -7
57 -6
58 -20
59 -13
60 -6
61 -8
62 -13
63 -6
64 -6
65 -6
66 -8
67 -6
68 -6
69 -13
70 -6
71 -13
72 -7
73 -6
74 -6
75 -7
76 -13
77 -20
78 -20
79 -13
80 -13
81 -13
82 -13
83 -8
84 -13
85 -7
86 -6
87 -6
88 -6
89 -13
90 -24
91 -13
92 -6
93 -13
94 -17
95 -8
96 -6
97 -20
98 -6
99 -19
100 -13
101 -7
102 -6
103 -6
104 -8
105 -13
106 -6
107 -6
108 -20
109 -6
110 -16
111 -13
112 -24
113 -6
114 -6
115 -13
116 -6
117 -24
118 -6
119 -20
120 -34
121 -6
122 -6
123 -13
124 -13
125 -30
126 -6
127 -7
128 -6
129 -20
130 -6
131 -6
132 -6
133 -6
134 -13
135 -13
136 -49
137 -6
138 -20
139 -13
140 -6
141 -24
142 -13
143 -9
144 -7
145 -7
146 -22
147 -13
148 -6
149 -13
150 -13
151 -8
152 -13
153 -6
154 -34
155 -6
156 -13
157 -6
158 -12
159 -7
160 -13
161 -7
162 -13
163 -20
164 -29
165 -6
166 -13
167 -6
168 -13
169 -6
170 -7
171 -24
172 -24
173 -6
174 -24
175 -7
176 -50
177 -6
178 -13
179 -13
180 -9
181 -13
182 -29
183 -6
184 -6
185 -6
186 -6
187 -6
188 -30
189 -14
190 -8
191 -6
192 -13
193 -6
194 -13
195 -13
196 -13
197 -13
198 -20
199 -13
200 -9
201 -6
202 -13
203 -59
204 -13
205 -6
206 -7
207 -7
208 -6
209 -16
210 -59
211 -6
212 -20
213 -39
214 -30
215 -13
216 -6
217 -6
218 -8
219 -13
220 -13
221 -6
222 -13
223 -6
224 -7
225 -7
226 -6
227 -13
228 -6
229 -7
230 -6
231 -30
232 -20
233 -24
234 -6
235 -7
236 -24
237 -13
238 -6
239 -6
240 -6
241 -17
242 -8
243 -6
244 -6
245 -14
246 -12
247 -30
248 -6
249 -13
250 -29
251 -6
252 -6
253 -29
254 -6
255 -13
256 -13
257 -12
258 -20
259 -12
260 -13
261 -7
262 -13
263 -13
264 -13
265 -6
266 -6
267 -7
268 -13
269 -30
270 -7
271 -24
272 -13
273 -7
274 -13
275 -20
276 -13
277 -13
278 -8
279 -6
280 -7
281 -14
282 -20
283 -13
284 -13
285 -6
286 -13
287 -6
288 -30
289 -6
290 -10
291 -13
292 -6
293 -49
294 -34
295 -13
296 -13
297 -9
298 -6
299 -6
300 -7
301 -13
302 -13
303 -20
304 -8
305 -7
306 -20
307 -9
308 -6
309 -7
310 -6
311 -6
312 -13
313 -6
314 -6
315 -6
316 -6
317 -9
318 -6
319 -6
320 -13
321 -12
322 -6
323 -13
324 -17
325 -6
326 -6
327 -13
328 -13
329 -13
330 -6
331 -6
332 -6
333 -6
334 -13
335 -6
336 -13
337 -9
338 -13
339 -30
340 -7
341 -13
342 -6
343 -13
344 -6
345 -13
346 -59
347 -20
348 -7
349 -8
350 -7
351 -6
352 -15
353 -6
354 -6
355 -7
356 -13
357 -6
358 -6
359 -13
360 -6
361 -6
362 -13
363 -6
364 -13
365 -13
366 -13
367 -6
368 -6
369 -14
370 -6
371 -13
372 -13
373 -13
374 -12
375 -6
376 -13
377 -17
378 -7
379 -17
380 -7
381 -13
382 -6
383 -13
384 -13
385 -13
386 -12
387 -7
388 -7
389 -24
390 -13
391 -16
392 -13
393 -6
394 -20
395 -11
396 -7
397 -6
398 -8
399 -29
400 -6
401 -6
402 -6
403 -6
404 -13
405 -6
406 -8
407 -24
408 -6
409 -13
410 -6
411 -13
412 -6
413 -8
414 -6
415 -13
416 -8
417 -7
418 -7
419 -6
420 -13
421 -14
422 -13
423 -8
424 -13
425 -6
426 -6
427 -13
428 -13
429 -13
430 -13
431 -30
432 -9
433 -6
434 -14
435 -6
436 -6
437 -6
438 -13
439 -6
440 -49
441 -10
442 -13
443 -17
444 -11
445 -9
446 -13
447 -13
448 -49
449 -7
450 -13
451 -13
452 -6
453 -13
454 -7
455 -59
456 -24
457 -13
458 -30
459 -7
460 -6
461 -30
462 -13
463 -13
464 -6
465 -6
466 -8
467 -6
468 -6
469 -13
470 -7
471 -20
472 -10
473 -8
474 -6
475 -13
476 -24
477 -12
478 -6
479 -13
480 -13
481 -6
482 -6
483 -6
484 -6
485 -24
486 -13
487 -13
488 -6
489 -8
490 -6
491 -13
492 -6
493 -6
494 -6
495 -13
496 -20
497 -6
498 -6
499 -6
500 -6
501 -6
502 -6
503 -13
504 -6
505 -6
506 -7
507 -13
508 -8
509 -13
510 -20
511 -6
512 -6
513 -30
514 -6
515 -6
516 -6
517 -13
518 -6
519 -24
520 -13
521 -30
522 -6
523 -6
524 -9
525 -7
526 -6
527 -24
528 -6
529 -13
530 -13
531 -24
532 -6
533 -6
534 -13
535 -13
536 -12
537 -6
538 -13
539 -13
540 -6
541 -8
542 -30
543 -6
544 -30
545 -7
546 -13
547 -13
548 -20
549 -24
550 -13
551 -13
552 -59
553 -13
554 -20
555 -6
556 -7
557 -13
558 -13
559 -6
560 -8
561 -6
562 -6
563 -8
564 -30
565 -7
566 -6
567 -13
568 -7
569 -20
570 -24
571 -13
572 -6
573 -9
574 -6
575 -6
576 -13
577 -6
578 -49
579 -13
580 -6
581 -34
582 -13
583 -6
584 -6
585 -13
586 -24
587 -6
588 -13
589 -6
590 -13
591 -13
592 -7
593 -6
594 -8
595 -12
596 -13
597 -6
598 -42
599 -13
600 -6
601 -7
602 -13
603 -6
604 -8
605 -9
606 -6
607 -17
608 -30
609 -13
610 -13
611 -9
612 -30
613 -6
614 -13
615 -13
616 -6
617 -7
618 -7
619 -34
620 -6
621 -6
622 -13
623 -8
624 -8
625 -29
626 -14
627 -8
628 -13
629 -6
630 -13
631 -7
632 -7
633 -6
634 -16
635 -7
636 -13
637 -24
638 -6
639 -13
640 -7
641 -6
642 -13
643 -6
644 -6
645 -6
646 -13
647 -6
648 -13
649 -8
650 -13
651 -6
652 -6
653 -6
654 -7
655 -6
656 -6
657 -6
658 -13
659 -7
660 -6
661 -6
662 -30
663 -6
664 -6
665 -7
666 -13
667 -13
668 -30
669 -13
670 -6
671 -13
672 -13
673 -59
674 -6
675 -13
676 -13
677 -30
678 -13
679 -6
680 -13
681 -13
682 -13
683 -6
684 -6
685 -6
686 -6
687 -49
688 -54
689 -7
690 -6
691 -30
692 -13
693 -9
694 -20
695 -7
696 -6
697 -20
698 -9
699 -24
700 -6
701 -6
702 -6
703 -8
704 -30
705 -6
706 -6
707 -7
708 -13
709 -12
710 -13
711 -7
712 -13
713 -6
714 -6
715 -13
716 -6
717 -30
718 -16
719 -6
720 -13
721 -14
722 -49
723 -13
724 -13
725 -19
726 -7
727 -13
728 -6
729 -6
730 -9
731 -13
732 -13
733 -8
734 -30
735 -13
736 -24
737 -30
738 -8
739 -6
740 -30
741 -13
742 -6
743 -7
744 -8
745 -34
746 -13
747 -14
748 -13
749 -12
750 -6
751 -20
752 -13
753 -6
754 -6
755 -6
756 -17
757 -6
758 -6
759 -6
760 -13
761 -13
762 -13
763 -9
764 -6
765 -7
766 -6
767 -13
768 -13
769 -34
770 -13
771 -9
772 -13
773 -6
774 -13
775 -30
776 -6
777 -6
778 -13
779 -49
780 -6
781 -6
782 -13
783 -6
784 -30
785 -7
786 -13
787 -13
788 -6
789 -13
790 -6
791 -7
792 -7
793 -20
794 -6
795 -6
796 -9
797 -13
798 -13
799 -13
800 -6
801 -13
802 -8
803 -6
804 -49
805 -6
806 -20
807 -8
808 -6
809 -11
810 -13
811 -6
812 -13
813 -6
814 -6
815 -6
816 -6
817 -6
818 -13
819 -30
820 -12
821 -20
822 -13
823 -13
824 -6
825 -29
826 -13
827 -6
828 -6
829 -24
830 -6
831 -13
832 -14
833 -7
834 -29
835 -13
836 -54
837 -24
838 -6
839 -24
840 -24
841 -18
842 -13
843 -13
844 -8
845 -13
846 -6
847 -6
848 -6
849 -13
850 -13
851 -13
852 -7
853 -13
854 -7
855 -8
856 -8
857 -13
858 -13
859 -6
860 -6
861 -13
862 -24
863 -6
864 -13
865 -7
866 -6
867 -7
868 -13
869 -7
870 -6
871 -6
872 -20
873 -8
874 -13
875 -13
876 -8
877 -12
878 -12
879 -6
880 -13
881 -6
882 -6
883 -6
884 -13
885 -13
886 -13
887 -13
888 -59
889 -24
890 -8
891 -20
892 -13
893 -8
894 -9
895 -6
896 -6
897 -24
898 -7
899 -6
900 -6
901 -7
902 -29
903 -7
904 -6
905 -6
906 -6
907 -6
908 -6
909 -13
910 -18
911 -6
912 -7
913 -39
914 -20
915 -30
916 -13
917 -30
918 -19
919 -29
920 -38
921 -6
922 -7
923 -13
924 -24
925 -6
926 -8
927 -13
928 -6
929 -30
930 -6
931 -7
932 -6
933 -30
934 -24
935 -13
936 -13
937 -13
938 -7
939 -6
940 -24
941 -27
942 -6
943 -6
944 -6
945 -10
946 -30
947 -8
948 -8
949 -7
950 -6
951 -7
952 -30
953 -29
954 -8
955 -7
956 -20
957 -20
958 -6
959 -20
960 -6
961 -7
962 -13
963 -7
964 -13
965 -34
966 -7
967 -13
968 -13
969 -6
970 -6
971 -6
972 -13
973 -13
974 -13
975 -6
976 -13
977 -6
978 -6
979 -9
980 -49
981 -13
982 -30
983 -6
984 -13
985 -6
986 -6
987 -7
988 -13
989 -13
990 -29
991 -8
992 -13
993 -6
994 -13
995 -8
996 -13
997 -6
998 -13
999 -17
