0 -6
1 -13
2 -13
3 -13
4 -6
5 -6
6 -13
7 -13
8 -8
9 -8
10 -14
11 -8
12 -6
13 -8
14 -8
15 -17
16 -8
17 -13
18 -6
19 -6
20 -8
21 -14
22 -13
23 -6
24 -6
25 -13
26 -8
27 -8
28 -6
29 -8
30 -14
31 -6
32 -6
33 -14
34 -13
35 -16
36 -13
37 -13
38 -13
39 -6
40 -8
41 -13
42 -13
43 -14
44 -8
45 -7
46 -8
47 -8
48 -13
49 -6
50 -6
51 -14
52 -8
53 -14
54 -6
55 -13
56 -14
57 -6
58 -6
59 -14
60 -13
61 -13
62 -13
63 -8
64 -6
65 -13
66 -6
67 -13
68 -6
69 -8
70 -8
71 -13
72 -6
73 -8
74 -13
75 -8
76 -8
77 -13
78 -15
79 -13
80 -13
81 -8
82 -6
83 -8
84 -8
85 -8
86 -14
87 -8
88 -13
89 -8
90 -6
91 -13
92 -13
93 -6
94 -6
95 -6
96 -6
97 -13
98 -14
99 -14
100 -14
101 -13
102 -6
103 -6
104 -6
105 -14
106 -8
107 -14
108 -14
109 -8
110 -6
111 -14
112 -13
113 -6
114 -6
115 -6
116 -8
117 -13
118 -8
119 -13
120 -13
121 -8
122 -6
123 -13
124 -14
125 -8
126 -8
127 -13
128 -13
129 -13
130 -6
131 -6
132 -6
133 -6
134 -11
135 -8
136 -13
137 -13
138 -6
139 -6
140 -13
141 -8
142 -13
143 -8
144 -14
145 -8
146 -8
147 -14
148 -13
149 -6
150 -8
151 -13
152 -6
153 -14
154 -13
155 -13
156 -8
157 -14
158 -6
159 -6
160 -13
161 -13
162 -8
163 -6
164 -13
165 -8
166 -14
167 -6
168 -13
169 -8
170 -18
171 -8
172 -8
173 -8
174 -13
175 -13
176 -8
177 -8
178 -6
179 -8
180 -13
181 -6
182 -8
183 -13
184 -8
185 -6
186 -8
187 -13
188 -6
189 -6
190 -6
191 -6
192 -6
193 -14
194 -14
195 -6
196 -8
197 -10
198 -13
199 -8
200 -6
201 -6
202 -8
203 -8
204 -8
205 -8
206 -6
207 -6
208 -13
209 -6
210 -6
211 -6
212 -8
213 -8
214 -14
215 -8
216 -14
217 -8
218 -8
219 -8
220 -13
221 -8
222 -14
223 -14
224 -6
225 -13
226 -13
227 -8
228 -12
229 -6
230 -13
231 -8
232 -13
233 -14
234 -13
235 -6
236 -14
237 -13
238 -13
239 -8
240 -8
241 -53
242 -8
243 -8
244 -14
245 -14
246 -8
247 -6
248 -13
249 -8
250 -14
251 -8
252 -6
253 -17
254 -8
255 -13
256 -13
257 -13
258 -13
259 -6
260 -8
261 -14
262 -13
263 -6
264 -8
265 -13
266 -13
267 -6
268 -8
269 -13
270 -15
271 -6
272 -13
273 -13
274 -8
275 -6
276 -13
277 -14
278 -14
279 -19
280 -6
281 -14
282 -16
283 -8
284 -8
285 -6
286 -6
287 -13
288 -13
289 -6
290 -13
291 -6
292 -14
293 -8
294 -8
295 -8
296 -6
297 -6
298 -13
299 -8
300 -6
301 -8
302 -13
303 -14
304 -8
305 -13
306 -6
307 -6
308 -13
309 -13
310 -6
311 -17
312 -8
313 -13
314 -6
315 -6
316 -14
317 -13
318 -12
319 -13
320 -6
321 -6
322 -6
323 -8
324 -6
325 -8
326 -13
327 -14
328 -16
329 -8
330 -13
331 -7
332 -8
333 -14
334 -8
335 -8
336 -6
337 -6
338 -6
339 -22
340 -8
341 -15
342 -14
343 -14
344 -8
345 -14
346 -6
347 -14
348 -13
349 -13
350 -13
351 -6
352 -6
353 -6
354 -13
355 -8
356 -13
357 -14
358 -8
359 -13
360 -6
361 -6
362 -8
363 -6
364 -8
365 -8
366 -14
367 -8
368 -13
369 -8
370 -6
371 -13
372 -6
373 -6
374 -8
375 -13
376 -13
377 -14
378 -14
379 -14
380 -6
381 -8
382 -13
383 -13
384 -8
385 -13
386 -8
387 -6
388 -13
389 -6
390 -8
391 -13
392 -14
393 -14
394 -6
395 -8
396 -8
397 -6
398 -13
399 -8
400 -6
401 -13
402 -13
403 -12
404 -13
405 -8
406 -8
407 -13
408 -8
409 -8
410 -6
411 -8
412 -8
413 -6
414 -8
415 -13
416 -6
417 -14
418 -14
419 -18
420 -13
421 -8
422 -13
423 -6
424 -6
425 -8
426 -14
427 -13
428 -17
429 -6
430 -8
431 -13
432 -6
433 -8
434 -8
435 -6
436 -8
437 -8
438 -13
439 -14
440 -13
441 -8
442 -6
443 -13
444 -6
445 -13
446 -6
447 -8
448 -6
449 -14
450 -8
451 -8
452 -13
453 -6
454 -6
455 -8
456 -6
457 -13
458 -13
459 -8
460 -13
461 -13
462 -13
463 -8
464 -14
465 -8
466 -13
467 -6
468 -13
469 -14
470 -6
471 -13
472 -8
473 -6
474 -8
475 -14
476 -8
477 -8
478 -6
479 -14
480 -13
481 -14
482 -13
483 -8
484 -13
485 -6
486 -6
487 -13
488 -13
489 -6
490 -8
491 -6
492 -14
493 -8
494 -13
495 -13
496 -6
497 -13
498 -8
499 -8
500 -13
501 -6
502 -13
503 -13
504 -14
505 -8
506 -8
507 -8
508 -13
509 -6
510 -8
511 -8
512 -8
513 -8
514 -13
515 -6
516 -6
517 -6
518 -6
519 -6
520 -6
521 -6
522 -8
523 -14
524 -8
525 -13
526 -8
527 -17
528 -8
529 -6
530 -14
531 -8
532 -26
533 -13
534 -6
535 -6
536 -13
537 -13
538 -8
539 -6
540 -6
541 -6
542 -14
543 -13
544 -14
545 -8
546 -8
547 -13
548 -8
549 -6
550 -6
551 -8
552 -8
553 -8
554 -6
555 -8
556 -8
557 -6
558 -13
559 -6
560 -8
561 -13
562 -8
563 -6
564 -13
565 -13
566 -13
567 -8
568 -13
569 -13
570 -6
571 -8
572 -6
573 -13
574 -8
575 -6
576 -13
577 -6
578 -13
579 -6
580 -13
581 -13
582 -8
583 -6
584 -13
585 -13
586 -13
587 -6
588 -10
589 -8
590 -8
591 -14
592 -8
593 -6
594 -13
595 -13
596 -45
597 -6
598 -6
599 -8
600 -13
601 -13
602 -13
603 -13
604 -13
605 -13
606 -13
607 -6
608 -14
609 -13
610 -6
611 -13
612 -14
613 -13
614 -6
615 -8
616 -6
617 -8
618 -18
619 -8
620 -6
621 -6
622 -6
623 -13
624 -13
625 -8
626 -8
627 -8
628 -8
629 -13
630 -6
631 -14
632 -13
633 -8
634 -6
635 -13
636 -11
637 -14
638 -6
639 -6
640 -13
641 -14
642 -8
643 -8
644 -13
645 -6
646 -6
647 -14
648 -8
649 -18
650 -13
651 -8
652 -8
653 -8
654 -8
655 -14
656 -13
657 -13
658 -8
659 -13
660 -13
661 -14
662 -8
663 -6
664 -8
665 -8
666 -8
667 -14
668 -6
669 -13
670 -13
671 -6
672 -13
673 -8
674 -13
675 -14
676 -8
677 -14
678 -6
679 -8
680 -8
681 -13
682 -6
683 -8
684 -15
685 -6
686 -6
687 -8
688 -8
689 -8
690 -8
691 -6
692 -6
693 -6
694 -8
695 -8
696 -14
697 -6
698 -13
699 -8
700 -8
701 -6
702 -14
703 -8
704 -13
705 -6
706 -6
707 -7
708 -6
709 -6
710 -14
711 -8
712 -6
713 -13
714 -6
715 -6
716 -14
717 -8
718 -10
719 -6
720 -8
721 -13
722 -6
723 -6
724 -13
725 -8
726 -13
727 -8
728 -18
729 -13
730 -6
731 -14
732 -6
733 -13
734 -6
735 -8
736 -12
737 -14
738 -6
739 -8
740 -13
741 -6
742 -14
743 -6
744 -14
745 -14
746 -6
747 -6
748 -8
749 -13
750 -8
751 -8
752 -8
753 -13
754 -6
755 -8
756 -14
757 -12
758 -15
759 -14
760 -13
761 -6
762 -6
763 -14
764 -6
765 -13
766 -11
767 -8
768 -13
769 -8
770 -13
771 -13
772 -8
773 -13
774 -13
775 -8
776 -13
777 -8
778 -14
779 -6
780 -6
781 -53
782 -8
783 -13
784 -13
785 -13
786 -13
787 -8
788 -14
789 -13
790 -14
791 -6
792 -13
793 -6
794 -8
795 -8
796 -13
797 -8
798 -6
799 -13
800 -8
801 -8
802 -13
803 -8
804 -14
805 -6
806 -6
807 -13
808 -13
809 -6
810 -6
811 -8
812 -6
813 -8
814 -9
815 -6
816 -8
817 -6
818 -14
819 -8
820 -11
821 -8
822 -8
823 -6
824 -6
825 -8
826 -8
827 -6
828 -7
829 -13
830 -13
831 -6
832 -13
833 -6
834 -6
835 -13
836 -13
837 -6
838 -6
839 -8
840 -14
841 -6
842 -8
843 -12
844 -8
845 -8
846 -13
847 -13
848 -6
849 -14
850 -13
851 -8
852 -6
853 -13
854 -8
855 -13
856 -13
857 -14
858 -8
859 -7
860 -6
861 -6
862 -13
863 -14
864 -6
865 -13
866 -13
867 -14
868 -13
869 -14
870 -8
871 -8
872 -14
873 -8
874 -13
875 -13
876 -6
877 -14
878 -14
879 -14
880 -8
881 -8
882 -6
883 -14
884 -14
885 -17
886 -8
887 -6
888 -15
889 -13
890 -8
891 -13
892 -13
893 -8
894 -8
895 -6
896 -14
897 -8
898 -6
899 -14
900 -13
901 -6
902 -13
903 -6
904 -8
905 -13
906 -13
907 -14
908 -13
909 -8
910 -8
911 -6
912 -8
913 -14
914 -6
915 -14
916 -13
917 -6
918 -13
919 -6
920 -13
921 -13
922 -13
923 -8
924 -8
925 -58
926 -13
927 -6
928 -13
929 -8
930 -8
931 -8
932 -6
933 -8
934 -13
935 -8
936 -13
937 -8
938 -13
939 -13
940 -8
941 -14
942 -14
943 -8
944 -13
945 -8
946 -17
947 -8
948 -14
949 -13
950 -6
951 -8
952 -6
953 -8
954 -8
955 -8
956 -8
957 -8
958 -6
959 -6
960 -13
961 -14
962 -13
963 -6
964 -8
965 -13
966 -15
967 -13
968 -14
969 -8
970 -8
971 -13
972 -13
973 -6
974 -8
975 -13
976 -6
977 -13
978 -6
979 -6
980 -6
981 -6
982 -13
983 -13
984 -8
985 -8
986 -14
987 -6
988 -13
989 -8
990 -8
991 -6
992 -13
993 -6
994 -13
995 -6
996 -6
997 -13
998 -6
999 -6
