0 -8
1 -8
2 -6
3 -13
4 -6
5 -14
6 -13
7 -8
8 -7
9 -13
10 -14
11 -14
12 -6
13 -13
14 -7
15 -7
16 -13
17 -14
18 -7
19 -13
20 -14
21 -13
22 -6
23 -6
24 -7
25 -8
26 -6
27 -13
28 -7
29 -13
30 -6
31 -8
32 -14
33 -15
34 -8
35 -13
36 -13
37 -6
38 -13
39 -10
40 -6
41 -13
42 -13
43 -8
44 -8
45 -7
46 -13
47 -6
48 -6
49 -6
50 -6
51 -6
52 -6
53 -8
54 -7
55 -8
56 -13
57 -6
58 -13
59 -13
60 -7
61 -13
62 -14
63 -20
64 -7
65 -7
66 -14
67 -7
68 -7
69 -7
70 -8
71 -6
72 -7
73 -13
74 -6
75 -6
76 -13
77 -13
78 -13
79 -44
80 -13
81 -13
82 -8
83 -14
84 -13
85 -13
86 -6
87 -6
88 -6
89 -8
90 -13
91 -6
92 -10
93 -6
94 -8
95 -6
96 -7
97 -6
98 -6
99 -6
100 -8
101 -6
102 -6
103 -6
104 -8
105 -6
106 -14
107 -7
108 -7
109 -6
110 -6
111 -6
112 -6
113 -6
114 -6
115 -6
116 -8
117 -14
118 -10
119 -8
120 -13
121 -7
122 -6
123 -8
124 -13
125 -8
126 -14
127 -13
128 -6
129 -13
130 -6
131 -14
132 -13
133 -13
134 -7
135 -16
136 -13
137 -19
138 -14
139 -13
140 -6
141 -6
142 -7
143 -14
144 -8
145 -6
146 -8
147 -13
148 -8
149 -8
150 -14
151 -7
152 -13
153 -7
154 -6
155 -13
156 -6
157 -6
158 -7
159 -13
160 -6
161 -7
162 -13
163 -13
164 -13
165 -13
166 -7
167 -6
168 -6
169 -8
170 -7
171 -6
172 -14
173 -7
174 -13
175 -13
176 -16
177 -8
178 -6
179 -13
180 -13
181 -6
182 -20
183 -13
184 -14
185 -13
186 -13
187 -6
188 -7
189 -14
190 -13
191 -7
192 -14
193 -14
194 -13
195 -7
196 -6
197 -6
198 -13
199 -6
200 -7
201 -6
202 -6
203 -11
204 -8
205 -6
206 -6
207 -8
208 -23
209 -6
210 -14
211 -14
212 -18
213 -8
214 -8
215 -14
216 -7
217 -13
218 -6
219 -13
220 -13
221 -15
222 -13
223 -6
224 -13
225 -13
226 -7
227 -7
228 -13
229 -6
230 -7
231 -8
232 -13
233 -12
234 -13
235 -14
236 -7
237 -7
238 -13
239 -8
240 -14
241 -14
242 -6
243 -13
244 -13
245 -6
246 -14
247 -7
248 -8
249 -7
250 -13
251 -13
252 -7
253 -8
254 -8
255 -6
256 -12
257 -13
258 -13
259 -6
260 -6
261 -8
262 -7
263 -8
264 -7
265 -13
266 -14
267 -13
268 -7
269 -6
270 -6
271 -13
272 -6
273 -6
274 -14
275 -14
276 -14
277 -13
278 -6
279 -6
280 -6
281 -13
282 -7
283 -26
284 -8
285 -8
286 -23
287 -8
288 -8
289 -13
290 -8
291 -6
292 -6
293 -6
294 -13
295 -14
296 -7
297 -14
298 -8
299 -6
300 -8
301 -14
302 -6
303 -6
304 -7
305 -6
306 -6
307 -13
308 -13
309 -14
310 -13
311 -6
312 -6
313 -8
314 -13
315 -6
316 -13
317 -7
318 -8
319 -6
320 -8
321 -13
322 -13
323 -7
324 -6
325 -13
326 -6
327 -13
328 -6
329 -14
330 -13
331 -6
332 -14
333 -14
334 -6
335 -13
336 -14
337 -14
338 -7
339 -6
340 -17
341 -13
342 -13
343 -6
344 -8
345 -7
346 -7
347 -7
348 -7
349 -6
350 -13
351 -7
352 -13
353 -13
354 -13
355 -13
356 -7
357 -6
358 -7
359 -6
360 -13
361 -14
362 -6
363 -7
364 -13
365 -6
366 -6
367 -7
368 -6
369 -15
370 -6
371 -14
372 -8
373 -14
374 -7
375 -13
376 -6
377 -8
378 -6
379 -13
380 -8
381 -7
382 -6
383 -6
384 -6
385 -6
386 -6
387 -14
388 -8
389 -6
390 -6
391 -6
392 -7
393 -6
394 -6
395 -7
396 -6
397 -8
398 -6
399 -13
400 -13
401 -14
402 -6
403 -13
404 -13
405 -14
406 -13
407 -7
408 -8
409 -13
410 -13
411 -6
412 -9
413 -12
414 -13
415 -7
416 -13
417 -6
418 -8
419 -7
420 -13
421 -6
422 -6
423 -13
424 -8
425 -13
426 -14
427 -13
428 -18
429 -7
430 -13
431 -13
432 -13
433 -13
434 -7
435 -14
436 -6
437 -6
438 -14
439 -6
440 -14
441 -14
442 -6
443 -13
444 -7
445 -13
446 -8
447 -6
448 -38
449 -13
450 -6
451 -8
452 -7
453 -14
454 -7
455 -6
456 -6
457 -7
458 -6
459 -6
460 -8
461 -6
462 -13
463 -6
464 -13
465 -6
466 -6
467 -7
468 -13
469 -6
470 -13
471 -13
472 -8
473 -13
474 -11
475 -8
476 -7
477 -6
478 -13
479 -6
480 -13
481 -14
482 -6
483 -6
484 -8
485 -13
486 -6
487 -6
488 -7
489 -6
490 -14
491 -14
492 -7
493 -6
494 -6
495 -8
496 -7
497 -13
498 -14
499 -6
500 -14
501 -8
502 -6
503 -14
504 -13
505 -8
506 -7
507 -13
508 -13
509 -13
510 -14
511 -13
512 -13
513 -6
514 -13
515 -7
516 -7
517 -8
518 -13
519 -6
520 -6
521 -6
522 -6
523 -8
524 -7
525 -6
526 -6
527 -6
528 -6
529 -13
530 -13
531 -13
532 -7
533 -48
534 -13
535 -6
536 -13
537 -13
538 -8
539 -14
540 -8
541 -14
542 -8
543 -6
544 -14
545 -13
546 -6
547 -8
548 -6
549 -13
550 -14
551 -8
552 -8
553 -7
554 -6
555 -14
556 -8
557 -6
558 -7
559 -6
560 -13
561 -8
562 -13
563 -8
564 -13
565 -13
566 -7
567 -14
568 -13
569 -6
570 -13
571 -8
572 -7
573 -7
574 -17
575 -13
576 -7
577 -6
578 -8
579 -6
580 -6
581 -8
582 -8
583 -7
584 -7
585 -8
586 -8
587 -8
588 -18
589 -6
590 -13
591 -14
592 -6
593 -13
594 -14
595 -6
596 -7
597 -6
598 -14
599 -13
600 -14
601 -13
602 -7
603 -7
604 -13
605 -7
606 -6
607 -6
608 -6
609 -6
610 -14
611 -14
612 -6
613 -13
614 -8
615 -7
616 -13
617 -13
618 -13
619 -15
620 -8
621 -13
622 -13
623 -34
624 -14
625 -6
626 -7
627 -13
628 -13
629 -13
630 -6
631 -7
632 -6
633 -13
634 -13
635 -13
636 -6
637 -6
638 -6
639 -14
640 -6
641 -13
642 -13
643 -13
644 -14
645 -14
646 -8
647 -6
648 -7
649 -13
650 -13
651 -14
652 -13
653 -13
654 -13
655 -13
656 -8
657 -13
658 -8
659 -6
660 -8
661 -13
662 -6
663 -6
664 -6
665 -6
666 -7
667 -13
668 -7
669 -6
670 -6
671 -14
672 -6
673 -6
674 -6
675 -6
676 -7
677 -13
678 -7
679 -13
680 -6
681 -14
682 -8
683 -6
684 -13
685 -7
686 -13
687 -14
688 -14
689 -7
690 -13
691 -7
692 -6
693 -6
694 -13
695 -14
696 -13
697 -16
698 -6
699 -43
700 -13
701 -6
702 -8
703 -7
704 -14
705 -6
706 -6
707 -7
708 -18
709 -7
710 -8
711 -13
712 -6
713 -6
714 -13
715 -8
716 -13
717 -7
718 -6
719 -6
720 -6
721 -13
722 -6
723 -6
724 -7
725 -13
726 -13
727 -8
728 -14
729 -6
730 -13
731 -14
732 -13
733 -6
734 -14
735 -8
736 -14
737 -7
738 -14
739 -14
740 -15
741 -7
742 -13
743 -6
744 -13
745 -6
746 -8
747 -14
748 -14
749 -6
750 -6
751 -13
752 -6
753 -7
754 -13
755 -13
756 -6
757 -13
758 -13
759 -14
760 -14
761 -7
762 -6
763 -6
764 -6
765 -10
766 -7
767 -8
768 -13
769 -7
770 -7
771 -6
772 -13
773 -6
774 -6
775 -7
776 -13
777 -6
778 -13
779 -6
780 -8
781 -6
782 -19
783 -6
784 -12
785 -8
786 -13
787 -13
788 -14
789 -6
790 -13
791 -7
792 -8
793 -6
794 -6
795 -13
796 -6
797 -7
798 -13
799 -14
800 -13
801 -13
802 -6
803 -8
804 -6
805 -7
806 -8
807 -8
808 -8
809 -14
810 -7
811 -8
812 -14
813 -6
814 -7
815 -7
816 -7
817 -8
818 -14
819 -13
820 -6
821 -7
822 -13
823 -13
824 -13
825 -13
826 -6
827 -13
828 -6
829 -6
830 -6
831 -8
832 -13
833 -6
834 -8
835 -8
836 -7
837 -14
838 -14
839 -6
840 -7
841 -14
842 -14
843 -6
844 -8
845 -43
846 -6
847 -7
848 -13
849 -8
850 -14
851 -13
852 -17
853 -8
854 -13
855 -6
856 -13
857 -13
858 -14
859 -7
860 -6
861 -8
862 -13
863 -7
864 -6
865 -6
866 -6
867 -13
868 -13
869 -14
870 -6
871 -7
872 -13
873 -6
874 -6
875 -13
876 -6
877 -6
878 -13
879 -6
880 -7
881 -13
882 -8
883 -13
884 -14
885 -6
886 -6
887 -8
888 -14
889 -7
890 -6
891 -13
892 -14
893 -8
894 -7
895 -7
896 -8
897 -13
898 -13
899 -15
900 -13
901 -14
902 -7
903 -6
904 -13
905 -7
906 -8
907 -13
908 -13
909 -8
910 -7
911 -7
912 -7
913 -7
914 -6
915 -6
916 -14
917 -6
918 -13
919 -13
920 -7
921 -13
922 -8
923 -6
924 -7
925 -6
926 -8
927 -13
928 -6
929 -7
930 -7
931 -15
932 -6
933 -8
934 -14
935 -6
936 -13
937 -7
938 -13
939 -6
940 -6
941 -7
942 -13
943 -13
944 -8
945 -8
946 -7
947 -6
948 -7
949 -8
950 -6
951 -21
952 -6
953 -7
954 -6
955 -17
956 -6
957 -7
958 -13
959 -13
960 -7
961 -13
962 -6
963 -13
964 -7
965 -8
966 -7
967 -13
968 -13
969 -7
970 -11
971 -13
972 -7
973 -6
974 -14
975 -6
976 -7
977 -14
978 -13
979 -6
980 -13
981 -6
982 -13
983 -6
984 -8
985 -6
986 -8
987 -13
988 -6
989 -8
990 -6
991 -13
992 -6
993 -6
994 -13
995 -14
996 -14
997 -8
998 -7
999 -6
