0 -8
1 -9
2 -8
3 -13
4 -9
5 -13
6 -6
7 -6
8 -8
9 -8
10 -14
11 -6
12 -9
13 -9
14 -14
15 -6
16 -8
17 -8
18 -13
19 -9
20 -13
21 -9
22 -9
23 -6
24 -6
25 -8
26 -6
27 -9
28 -14
29 -13
30 -8
31 -6
32 -14
33 -8
34 -9
35 -14
36 -6
37 -14
38 -9
39 -8
40 -8
41 -6
42 -13
43 -9
44 -6
45 -13
46 -8
47 -6
48 -6
49 -8
50 -9
51 -14
52 -6
53 -13
54 -9
55 -13
56 -13
57 -6
58 -6
59 -8
60 -6
61 -9
62 -59
63 -13
64 -13
65 -6
66 -6
67 -6
68 -13
69 -8
70 -13
71 -13
72 -6
73 -10
74 -14
75 -9
76 -8
77 -6
78 -6
79 -8
80 -8
81 -14
82 -14
83 -14
84 -6
85 -13
86 -8
87 -9
88 -8
89 -8
90 -6
91 -6
92 -14
93 -13
94 -9
95 -6
96 -13
97 -6
98 -9
99 -6
100 -14
101 -8
102 -6
103 -44
104 -6
105 -13
106 -13
107 -13
108 -6
109 -9
110 -6
111 -6
112 -8
113 -6
114 -13
115 -13
116 -15
117 -14
118 -13
119 -13
120 -9
121 -6
122 -6
123 -9
124 -13
125 -6
126 -13
127 -9
128 -6
129 -9
130 -6
131 -9
132 -9
133 -13
134 -27
135 -8
136 -8
137 -9
138 -9
139 -8
140 -9
141 -6
142 -8
143 -17
144 -15
145 -14
146 -9
147 -6
148 -13
149 -14
150 -6
151 -9
152 -6
153 -6
154 -13
155 -13
156 -6
157 -8
158 -13
159 -13
160 -13
161 -13
162 -6
163 -13
164 -13
165 -6
166 -8
167 -6
168 -14
169 -13
170 -14
171 -8
172 -13
173 -13
174 -8
175 -8
176 -8
177 -6
178 -6
179 -9
180 -9
181 -8
182 -6
183 -13
184 -13
185 -13
186 -6
187 -13
188 -13
189 -6
190 -8
191 -13
192 -9
193 -13
194 -6
195 -8
196 -14
197 -13
198 -13
199 -17
200 -8
201 -9
202 -6
203 -8
204 -13
205 -9
206 -12
207 -14
208 -6
209 -9
210 -6
211 -6
212 -13
213 -13
214 -14
215 -13
216 -14
217 -8
218 -13
219 -13
220 -13
221 -6
222 -6
223 -13
224 -13
225 -13
226 -13
227 -14
228 -14
229 -6
230 -13
231 -8
232 -22
233 -6
234 -14
235 -14
236 -8
237 -9
238 -13
239 -9
240 -6
241 -17
242 -6
243 -6
244 -9
245 -8
246 -14
247 -10
248 -14
249 -13
250 -6
251 -14
252 -7
253 -6
254 -9
255 -6
256 -6
257 -13
258 -6
259 -13
260 -9
261 -14
262 -14
263 -8
264 -9
265 -13
266 -13
267 -8
268 -13
269 -6
270 -13
271 -6
272 -14
273 -6
274 -14
275 -6
276 -6
277 -13
278 -8
279 -6
280 -6
281 -6
282 -13
283 -8
284 -8
285 -6
286 -6
287 -13
288 -8
289 -9
290 -8
291 -8
292 -13
293 -7
294 -6
295 -6
296 -14
297 -9
298 -6
299 -13
300 -13
301 -6
302 -6
303 -8
304 -13
305 -13
306 -20
307 -10
308 -9
309 -6
310 -6
311 -13
312 -6
313 -14
314 -6
315 -6
316 -14
317 -6
318 -13
319 -7
320 -14
321 -13
322 -13
323 -13
324 -63
325 -6
326 -8
327 -9
328 -9
329 -8
330 -8
331 -6
332 -14
333 -6
334 -6
335 -6
336 -8
337 -6
338 -9
339 -9
340 -13
341 -6
342 -13
343 -20
344 -13
345 -13
346 -6
347 -14
348 -13
349 -14
350 -6
351 -6
352 -14
353 -10
354 -6
355 -6
356 -9
357 -13
358 -14
359 -13
360 -9
361 -9
362 -6
363 -9
364 -9
365 -6
366 -9
367 -17
368 -8
369 -27
370 -9
371 -6
372 -8
373 -13
374 -9
375 -14
376 -6
377 -8
378 -14
379 -14
380 -8
381 -8
382 -8
383 -6
384 -6
385 -9
386 -6
387 -8
388 -13
389 -6
390 -6
391 -14
392 -14
393 -14
394 -6
395 -6
396 -13
397 -6
398 -13
399 -14
400 -13
401 -12
402 -6
403 -6
404 -14
405 -9
406 -13
407 -14
408 -9
409 -6
410 -9
411 -6
412 -6
413 -13
414 -9
415 -13
416 -8
417 -6
418 -8
419 -17
420 -8
421 -6
422 -6
423 -9
424 -6
425 -6
426 -8
427 -14
428 -8
429 -14
430 -14
431 -14
432 -9
433 -9
434 -14
435 -6
436 -13
437 -6
438 -6
439 -13
440 -6
441 -6
442 -13
443 -6
444 -6
445 -6
446 -13
447 -13
448 -9
449 -8
450 -6
451 -14
452 -14
453 -14
454 -6
455 -19
456 -13
457 -13
458 -13
459 -13
460 -6
461 -14
462 -13
463 -9
464 -14
465 -6
466 -13
467 -14
468 -14
469 -6
470 -14
471 -13
472 -14
473 -13
474 -6
475 -6
476 -13
477 -6
478 -8
479 -13
480 -6
481 -13
482 -13
483 -6
484 -14
485 -13
486 -14
487 -13
488 -9
489 -13
490 -8
491 -6
492 -6
493 -9
494 -6
495 -14
496 -14
497 -9
498 -6
499 -13
500 -6
501 -6
502 -14
503 -9
504 -14
505 -8
506 -26
507 -18
508 -13
509 -9
510 -6
511 -7
512 -6
513 -13
514 -8
515 -6
516 -14
517 -17
518 -13
519 -15
520 -13
521 -13
522 -13
523 -9
524 -13
525 -14
526 -14
527 -6
528 -13
529 -6
530 -14
531 -6
532 -8
533 -8
534 -14
535 -13
536 -17
537 -9
538 -9
539 -8
540 -13
541 -8
542 -9
543 -13
544 -14
545 -9
546 -14
547 -13
548 -13
549 -9
550 -6
551 -13
552 -8
553 -14
554 -14
555 -9
556 -9
557 -12
558 -6
559 -6
560 -13
561 -9
562 -6
563 -13
564 -13
565 -6
566 -8
567 -6
568 -14
569 -6
570 -7
571 -9
572 -14
573 -9
574 -9
575 -6
576 -13
577 -9
578 -6
579 -9
580 -14
581 -13
582 -13
583 -8
584 -9
585 -6
586 -6
587 -14
588 -13
589 -6
590 -9
591 -14
592 -13
593 -6
594 -14
595 -8
596 -6
597 -13
598 -8
599 -59
600 -6
601 -9
602 -13
603 -13
604 -13
605 -6
606 -18
607 -9
608 -8
609 -9
610 -6
611 -8
612 -25
613 -9
614 -13
615 -13
616 -13
617 -19
618 -13
619 -14
620 -6
621 -6
622 -8
623 -6
624 -6
625 -8
626 -13
627 -8
628 -6
629 -9
630 -13
631 -8
632 -6
633 -6
634 -14
635 -13
636 -7
637 -6
638 -6
639 -14
640 -13
641 -6
642 -12
643 -13
644 -6
645 -6
646 -6
647 -9
648 -13
649 -9
650 -13
651 -14
652 -6
653 -14
654 -17
655 -14
656 -14
657 -13
658 -13
659 -13
660 -14
661 -6
662 -8
663 -13
664 -13
665 -6
666 -13
667 -14
668 -8
669 -6
670 -9
671 -14
672 -8
673 -13
674 -6
675 -13
676 -13
677 -14
678 -13
679 -13
680 -13
681 -6
682 -6
683 -9
684 -6
685 -13
686 -6
687 -9
688 -9
689 -14
690 -9
691 -14
692 -13
693 -6
694 -6
695 -15
696 -9
697 -6
698 -14
699 -13
700 -13
701 -12
702 -14
703 -9
704 -13
705 -13
706 -13
707 -17
708 -13
709 -9
710 -8
711 -6
712 -14
713 -13
714 -9
715 -6
716 -13
717 -13
718 -14
719 -13
720 -14
721 -6
722 -6
723 -13
724 -9
725 -14
726 -13
727 -13
728 -9
729 -14
730 -9
731 -13
732 -13
733 -6
734 -13
735 -8
736 -9
737 -8
738 -13
739 -8
740 -13
741 -8
742 -13
743 -9
744 -9
745 -13
746 -13
747 -14
748 -6
749 -13
750 -13
751 -6
752 -9
753 -13
754 -8
755 -9
756 -10
757 -13
758 -6
759 -6
760 -13
761 -6
762 -13
763 -6
764 -8
765 -6
766 -13
767 -9
768 -8
769 -9
770 -16
771 -8
772 -6
773 -13
774 -8
775 -14
776 -6
777 -6
778 -6
779 -6
780 -6
781 -10
782 -17
783 -6
784 -13
785 -6
786 -6
787 -6
788 -13
789 -6
790 -13
791 -7
792 -14
793 -13
794 -13
795 -6
796 -13
797 -6
798 -13
799 -9
800 -9
801 -6
802 -14
803 -8
804 -9
805 -9
806 -9
807 -17
808 -13
809 -14
810 -13
811 -6
812 -7
813 -9
814 -6
815 -14
816 -8
817 -13
818 -6
819 -6
820 -6
821 -13
822 -9
823 -6
824 -6
825 -13
826 -13
827 -13
828 -13
829 -13
830 -13
831 -6
832 -13
833 -14
834 -6
835 -14
836 -13
837 -13
838 -6
839 -6
840 -13
841 -13
842 -13
843 -13
844 -6
845 -8
846 -13
847 -14
848 -13
849 -9
850 -8
851 -13
852 -6
853 -8
854 -14
855 -13
856 -14
857 -6
858 -9
859 -6
860 -6
861 -13
862 -6
863 -50
864 -6
865 -13
866 -6
867 -6
868 -13
869 -13
870 -8
871 -14
872 -6
873 -9
874 -13
875 -8
876 -9
877 -6
878 -14
879 -6
880 -11
881 -8
882 -13
883 -6
884 -14
885 -13
886 -8
887 -13
888 -13
889 -13
890 -13
891 -13
892 -9
893 -13
894 -17
895 -9
896 -6
897 -9
898 -13
899 -9
900 -13
901 -8
902 -6
903 -9
904 -6
905 -13
906 -6
907 -9
908 -13
909 -13
910 -8
911 -13
912 -13
913 -13
914 -8
915 -9
916 -6
917 -13
918 -14
919 -14
920 -6
921 -14
922 -14
923 -14
924 -6
925 -13
926 -9
927 -13
928 -6
929 -6
930 -13
931 -6
932 -13
933 -13
934 -14
935 -14
936 -6
937 -6
938 -13
939 -9
940 -13
941 -8
942 -13
943 -13
944 -13
945 -14
946 -6
947 -9
948 -6
949 -13
950 -13
951 -14
952 -9
953 -9
954 -9
955 -19
956 -13
957 -12
958 -13
959 -13
960 -13
961 -13
962 -13
963 -13
964 -6
965 -8
966 -8
967 -6
968 -6
969 -9
970 -13
971 -13
972 -6
973 -13
974 -13
975 -13
976 -9
977 -6
978 -6
979 -13
980 -13
981 -13
982 -13
983 -6
984 -6
985 -6
986 -8
987 -14
988 -14
989 -13
990 -6
991 -8
992 -13
993 -6
994 -9
995 -9
996 -14
997 -8
998 -14
999 -13
