0 -13
1 -7
2 -6
3 -7
4 -8
5 -14
6 -6
7 -13
8 -6
9 -7
10 -6
11 -13
12 -14
13 -13
14 -6
15 -6
16 -13
17 -13
18 -7
19 -8
20 -14
21 -12
22 -10
23 -13
24 -8
25 -7
26 -13
27 -6
28 -6
29 -13
30 -13
31 -13
32 -14
33 -13
34 -7
35 -13
36 -6
37 -13
38 -7
39 -8
40 -8
41 -13
42 -13
43 -7
44 -6
45 -13
46 -13
47 -7
48 -13
49 -8
50 -14
51 -6
52 -13
53 -8
54 -6
55 -6
56 -6
57 -8
58 -6
59 -6
60 -8
61 -6
62 -13
63 -7
64 -7
65 -13
66 -6
67 -13
68 -6
69 -6
70 -13
71 -13
72 -8
73 -8
74 -22
75 -13
76 -13
77 -7
78 -6
79 -7
80 -13
81 -13
82 -8
83 -13
84 -13
85 -13
86 -6
87 -6
88 -7
89 -6
90 -13
91 -13
92 -6
93 -8
94 -17
95 -6
96 -13
97 -13
98 -13
99 -6
100 -6
101 -6
102 -6
103 -6
104 -14
105 -6
106 -6
107 -6
108 -13
109 -13
110 -13
111 -14
112 -13
113 -14
114 -8
115 -7
116 -13
117 -6
118 -13
119 -7
120 -14
121 -13
122 -13
123 -8
124 -17
125 -7
126 -13
127 -8
128 -6
129 -7
130 -13
131 -13
132 -6
133 -13
134 -6
135 -13
136 -7
137 -6
138 -7
139 -6
140 -13
141 -13
142 -7
143 -8
144 -7
145 -13
146 -6
147 -6
148 -13
149 -7
150 -7
151 -7
152 -13
153 -13
154 -13
155 -6
156 -13
157 -6
158 -13
159 -10
160 -14
161 -13
162 -13
163 -13
164 -13
165 -7
166 -7
167 -7
168 -13
169 -8
170 -8
171 -6
172 -17
173 -6
174 -13
175 -7
176 -14
177 -6
178 -8
179 -6
180 -6
181 -8
182 -7
183 -8
184 -13
185 -8
186 -7
187 -13
188 -8
189 -13
190 -8
191 -13
192 -13
193 -6
194 -7
195 -7
196 -13
197 -6
198 -6
199 -13
200 -13
201 -13
202 -13
203 -14
204 -13
205 -6
206 -13
207 -6
208 -13
209 -6
210 -13
211 -13
212 -6
213 -14
214 -13
215 -6
216 -6
217 -6
218 -6
219 -6
220 -13
221 -7
222 -6
223 -6
224 -13
225 -8
226 -6
227 -13
228 -13
229 -8
230 -44
231 -6
232 -6
233 -14
234 -13
235 -8
236 -8
237 -7
238 -6
239 -19
240 -6
241 -11
242 -13
243 -6
244 -6
245 -6
246 -8
247 -14
248 -8
249 -14
250 -14
251 -13
252 -13
253 -14
254 -13
255 -16
256 -14
257 -6
258 -13
259 -14
260 -8
261 -7
262 -7
263 -13
264 -6
265 -6
266 -14
267 -17
268 -7
269 -7
270 -8
271 -13
272 -7
273 -13
274 -6
275 -6
276 -6
277 -17
278 -14
279 -8
280 -14
281 -13
282 -6
283 -6
284 -8
285 -6
286 -8
287 -7
288 -14
289 -13
290 -14
291 -13
292 -13
293 -7
294 -13
295 -14
296 -13
297 -7
298 -6
299 -8
300 -14
301 -13
302 -6
303 -7
304 -7
305 -8
306 -6
307 -6
308 -6
309 -8
310 -13
311 -6
312 -14
313 -14
314 -13
315 -10
316 -13
317 -13
318 -14
319 -14
320 -8
321 -6
322 -14
323 -13
324 -6
325 -13
326 -6
327 -14
328 -7
329 -14
330 -6
331 -8
332 -8
333 -6
334 -6
335 -13
336 -7
337 -13
338 -6
339 -13
340 -14
341 -6
342 -8
343 -13
344 -13
345 -8
346 -8
347 -6
348 -13
349 -13
350 -6
351 -8
352 -7
353 -8
354 -13
355 -8
356 -8
357 -14
358 -7
359 -14
360 -6
361 -8
362 -13
363 -6
364 -24
365 -8
366 -6
367 -7
368 -8
369 -6
370 -14
371 -14
372 -13
373 -7
374 -13
375 -6
376 -6
377 -6
378 -7
379 -13
380 -14
381 -14
382 -14
383 -14
384 -7
385 -13
386 -6
387 -6
388 -8
389 -8
390 -8
391 -14
392 -6
393 -8
394 -14
395 -13
396 -6
397 -6
398 -6
399 -13
400 -13
401 -6
402 -7
403 -6
404 -6
405 -13
406 -6
407 -7
408 -6
409 -14
410 -14
411 -7
412 -7
413 -8
414 -6
415 -6
416 -6
417 -6
418 -6
419 -6
420 -14
421 -13
422 -13
423 -6
424 -13
425 -14
426 -8
427 -7
428 -6
429 -13
430 -6
431 -14
432 -13
433 -15
434 -8
435 -8
436 -8
437 -13
438 -8
439 -8
440 -13
441 -6
442 -14
443 -7
444 -20
445 -14
446 -7
447 -13
448 -10
449 -13
450 -12
451 -13
452 -6
453 -14
454 -13
455 -8
456 -6
457 -7
458 -14
459 -12
460 -7
461 -14
462 -6
463 -6
464 -8
465 -6
466 -6
467 -13
468 -7
469 -14
470 -13
471 -9
472 -14
473 -13
474 -13
475 -8
476 -8
477 -13
478 -8
479 -14
480 -6
481 -8
482 -7
483 -8
484 -13
485 -10
486 -10
487 -13
488 -7
489 -6
490 -6
491 -6
492 -7
493 -14
494 -6
495 -6
496 -14
497 -8
498 -14
499 -7
500 -6
501 -7
502 -6
503 -23
504 -7
505 -6
506 -7
507 -15
508 -6
509 -11
510 -6
511 -6
512 -7
513 -8
514 -6
515 -8
516 -6
517 -13
518 -14
519 -18
520 -8
521 -6
522 -6
523 -14
524 -6
525 -6
526 -13
527 -8
528 -13
529 -14
530 -6
531 -14
532 -6
533 -14
534 -6
535 -6
536 -6
537 -14
538 -6
539 -13
540 -13
541 -13
542 -8
543 -7
544 -7
545 -14
546 -13
547 -6
548 -13
549 -7
550 -13
551 -7
552 -13
553 -8
554 -6
555 -13
556 -14
557 -13
558 -14
559 -13
560 -7
561 -14
562 -8
563 -13
564 -6
565 -23
566 -8
567 -6
568 -6
569 -7
570 -6
571 -13
572 -6
573 -7
574 -7
575 -14
576 -6
577 -6
578 -6
579 -6
580 -13
581 -14
582 -14
583 -14
584 -8
585 -6
586 -13
587 -6
588 -14
589 -8
590 -19
591 -14
592 -6
593 -6
594 -6
595 -14
596 -13
597 -6
598 -8
599 -7
600 -7
601 -13
602 -13
603 -8
604 -14
605 -7
606 -13
607 -13
608 -7
609 -13
610 -13
611 -13
612 -7
613 -8
614 -6
615 -6
616 -13
617 -14
618 -13
619 -8
620 -13
621 -6
622 -8
623 -7
624 -13
625 -7
626 -6
627 -14
628 -13
629 -8
630 -7
631 -13
632 -6
633 -8
634 -7
635 -13
636 -6
637 -14
638 -13
639 -13
640 -7
641 -8
642 -7
643 -13
644 -13
645 -14
646 -13
647 -6
648 -6
649 -14
650 -6
651 -14
652 -13
653 -7
654 -17
655 -13
656 -13
657 -13
658 -8
659 -8
660 -13
661 -6
662 -6
663 -13
664 -6
665 -7
666 -6
667 -6
668 -6
669 -13
670 -7
671 -8
672 -6
673 -6
674 -8
675 -9
676 -6
677 -14
678 -8
679 -13
680 -13
681 -13
682 -6
683 -8
684 -13
685 -7
686 -13
687 -13
688 -13
689 -8
690 -6
691 -14
692 -7
693 -27
694 -13
695 -6
696 -6
697 -13
698 -8
699 -8
700 -6
701 -13
702 -8
703 -8
704 -6
705 -7
706 -7
707 -6
708 -13
709 -6
710 -6
711 -13
712 -13
713 -14
714 -13
715 -6
716 -8
717 -14
718 -14
719 -13
720 -13
721 -6
722 -18
723 -6
724 -14
725 -13
726 -14
727 -13
728 -7
729 -6
730 -8
731 -6
732 -14
733 -13
734 -8
735 -14
736 -13
737 -6
738 -14
739 -6
740 -8
741 -6
742 -8
743 -20
744 -13
745 -8
746 -13
747 -13
748 -13
749 -6
750 -6
751 -6
752 -14
753 -7
754 -13
755 -20
756 -13
757 -6
758 -8
759 -13
760 -8
761 -13
762 -6
763 -13
764 -8
765 -13
766 -8
767 -14
768 -6
769 -13
770 -13
771 -14
772 -7
773 -13
774 -7
775 -14
776 -6
777 -6
778 -13
779 -8
780 -13
781 -13
782 -6
783 -13
784 -6
785 -14
786 -13
787 -13
788 -8
789 -13
790 -13
791 -13
792 -7
793 -7
794 -13
795 -7
796 -13
797 -6
798 -7
799 -6
800 -7
801 -6
802 -8
803 -13
804 -13
805 -13
806 -8
807 -7
808 -6
809 -8
810 -9
811 -14
812 -6
813 -7
814 -13
815 -13
816 -6
817 -8
818 -8
819 -14
820 -7
821 -13
822 -14
823 -7
824 -13
825 -6
826 -7
827 -6
828 -12
829 -14
830 -6
831 -14
832 -14
833 -8
834 -6
835 -6
836 -14
837 -6
838 -6
839 -8
840 -6
841 -6
842 -13
843 -8
844 -6
845 -14
846 -6
847 -13
848 -8
849 -6
850 -6
851 -6
852 -6
853 -13
854 -6
855 -14
856 -13
857 -8
858 -13
859 -7
860 -14
861 -13
862 -6
863 -13
864 -13
865 -13
866 -14
867 -14
868 -6
869 -13
870 -13
871 -6
872 -7
873 -8
874 -6
875 -6
876 -7
877 -7
878 -13
879 -8
880 -8
881 -6
882 -13
883 -7
884 -7
885 -13
886 -13
887 -6
888 -8
889 -6
890 -6
891 -13
892 -13
893 -6
894 -8
895 -8
896 -14
897 -8
898 -13
899 -8
900 -8
901 -17
902 -6
903 -8
904 -13
905 -13
906 -8
907 -8
908 -8
909 -6
910 -6
911 -6
912 -6
913 -6
914 -13
915 -13
916 -6
917 -16
918 -13
919 -6
920 -13
921 -17
922 -13
923 -14
924 -6
925 -13
926 -8
927 -14
928 -6
929 -13
930 -13
931 -6
932 -14
933 -8
934 -6
935 -13
936 -14
937 -13
938 -6
939 -13
940 -6
941 -6
942 -13
943 -14
944 -6
945 -8
946 -13
947 -8
948 -13
949 -6
950 -6
951 -7
952 -7
953 -7
954 -7
955 -13
956 -13
957 -6
958 -6
959 -7
960 -8
961 -13
962 -7
963 -6
964 -7
965 -14
966 -8
967 -13
968 -6
969 -13
970 -17
971 -7
972 -13
973 -13
974 -13
975 -13
976 -6
977 -7
978 -7
979 -14
980 -7
981 -13
982 -14
983 -16
984 -6
985 -15
986 -6
987 -13
988 -6
989 -13
990 -6
991 -6
992 -13
993 -13
994 -8
995 -6
996 -8
997 -6
998 -14
999 -6
