0 -6
1 -6
2 -9
3 -6
4 -13
5 -13
6 -9
7 -13
8 -6
9 -9
10 -14
11 -13
12 -6
13 -14
14 -9
15 -6
16 -9
17 -14
18 -6
19 -13
20 -14
21 -6
22 -9
23 -13
24 -6
25 -13
26 -13
27 -14
28 -6
29 -6
30 -13
31 -14
32 -6
33 -6
34 -13
35 -6
36 -9
37 -9
38 -13
39 -6
40 -16
41 -13
42 -13
43 -13
44 -6
45 -6
46 -6
47 -6
48 -6
49 -13
50 -9
51 -14
52 -6
53 -9
54 -13
55 -13
56 -6
57 -9
58 -14
59 -13
60 -13
61 -6
62 -6
63 -6
64 -10
65 -13
66 -6
67 -6
68 -13
69 -13
70 -9
71 -6
72 -7
73 -13
74 -9
75 -9
76 -13
77 -13
78 -6
79 -9
80 -9
81 -13
82 -6
83 -6
84 -14
85 -6
86 -6
87 -13
88 -9
89 -11
90 -6
91 -6
92 -9
93 -13
94 -6
95 -7
96 -13
97 -13
98 -13
99 -14
100 -14
101 -13
102 -14
103 -15
104 -6
105 -6
106 -13
107 -6
108 -6
109 -6
110 -13
111 -6
112 -6
113 -6
114 -6
115 -14
116 -14
117 -9
118 -17
119 -9
120 -17
121 -13
122 -6
123 -6
124 -13
125 -6
126 -13
127 -6
128 -6
129 -14
130 -13
131 -6
132 -14
133 -6
134 -14
135 -9
136 -9
137 -14
138 -6
139 -13
140 -6
141 -7
142 -13
143 -13
144 -9
145 -6
146 -6
147 -13
148 -6
149 -13
150 -6
151 -14
152 -9
153 -6
154 -13
155 -13
156 -6
157 -6
158 -13
159 -13
160 -14
161 -14
162 -6
163 -14
164 -6
165 -6
166 -13
167 -6
168 -9
169 -13
170 -14
171 -13
172 -14
173 -6
174 -6
175 -13
176 -13
177 -13
178 -6
179 -6
180 -14
181 -6
182 -13
183 -6
184 -14
185 -15
186 -6
187 -6
188 -9
189 -14
190 -6
191 -14
192 -13
193 -9
194 -6
195 -9
196 -14
197 -6
198 -6
199 -13
200 -13
201 -9
202 -14
203 -6
204 -6
205 -13
206 -14
207 -13
208 -6
209 -13
210 -13
211 -6
212 -6
213 -14
214 -6
215 -6
216 -6
217 -13
218 -6
219 -6
220 -13
221 -6
222 -6
223 -6
224 -6
225 -13
226 -13
227 -9
228 -6
229 -13
230 -13
231 -6
232 -6
233 -6
234 -14
235 -9
236 -13
237 -6
238 -6
239 -6
240 -14
241 -13
242 -13
243 -14
244 -13
245 -6
246 -14
247 -9
248 -13
249 -13
250 -9
251 -14
252 -9
253 -13
254 -6
255 -14
256 -6
257 -6
258 -6
259 -19
260 -9
261 -6
262 -13
263 -6
264 -6
265 -6
266 -14
267 -13
268 -9
269 -10
270 -9
271 -6
272 -13
273 -14
274 -6
275 -13
276 -9
277 -6
278 -14
279 -14
280 -14
281 -9
282 -13
283 -14
284 -6
285 -13
286 -6
287 -14
288 -14
289 -14
290 -6
291 -13
292 -6
293 -6
294 -14
295 -6
296 -13
297 -6
298 -13
299 -6
300 -12
301 -9
302 -9
303 -9
304 -14
305 -6
306 -14
307 -6
308 -6
309 -9
310 -6
311 -6
312 -6
313 -14
314 -6
315 -6
316 -13
317 -18
318 -14
319 -13
320 -63
321 -6
322 -14
323 -6
324 -9
325 -13
326 -13
327 -6
328 -6
329 -13
330 -6
331 -13
332 -14
333 -9
334 -14
335 -6
336 -13
337 -13
338 -9
339 -6
340 -6
341 -6
342 -13
343 -6
344 -6
345 -14
346 -13
347 -6
348 -13
349 -13
350 -6
351 -13
352 -6
353 -13
354 -14
355 -13
356 -9
357 -13
358 -13
359 -6
360 -14
361 -14
362 -9
363 -6
364 -13
365 -6
366 -6
367 -6
368 -9
369 -13
370 -13
371 -6
372 -6
373 -15
374 -6
375 -9
376 -9
377 -6
378 -13
379 -6
380 -9
381 -58
382 -6
383 -6
384 -14
385 -6
386 -13
387 -13
388 -13
389 -6
390 -13
391 -6
392 -13
393 -14
394 -13
395 -6
396 -6
397 -13
398 -6
399 -13
400 -6
401 -9
402 -13
403 -14
404 -14
405 -6
406 -9
407 -6
408 -6
409 -6
410 -13
411 -18
412 -6
413 -13
414 -11
415 -6
416 -13
417 -6
418 -6
419 -6
420 -14
421 -6
422 -6
423 -14
424 -13
425 -13
426 -6
427 -9
428 -9
429 -6
430 -9
431 -13
432 -6
433 -9
434 -9
435 -13
436 -6
437 -13
438 -9
439 -9
440 -6
441 -6
442 -14
443 -14
444 -13
445 -9
446 -6
447 -6
448 -9
449 -8
450 -6
451 -14
452 -13
453 -9
454 -6
455 -13
456 -14
457 -14
458 -6
459 -9
460 -6
461 -6
462 -6
463 -6
464 -6
465 -6
466 -14
467 -13
468 -6
469 -9
470 -6
471 -6
472 -6
473 -6
474 -6
475 -6
476 -36
477 -14
478 -6
479 -13
480 -13
481 -6
482 -14
483 -6
484 -12
485 -6
486 -6
487 -13
488 -6
489 -6
490 -20
491 -6
492 -9
493 -13
494 -13
495 -13
496 -6
497 -14
498 -6
499 -9
500 -6
501 -6
502 -6
503 -14
504 -13
505 -6
506 -14
507 -6
508 -14
509 -6
510 -6
511 -13
512 -13
513 -13
514 -9
515 -9
516 -13
517 -13
518 -14
519 -13
520 -6
521 -6
522 -13
523 -6
524 -13
525 -13
526 -9
527 -9
528 -9
529 -6
530 -9
531 -13
532 -43
533 -6
534 -6
535 -13
536 -6
537 -14
538 -9
539 -6
540 -6
541 -13
542 -6
543 -6
544 -9
545 -13
546 -6
547 -6
548 -13
549 -6
550 -6
551 -6
552 -13
553 -6
554 -9
555 -13
556 -6
557 -6
558 -15
559 -13
560 -6
561 -13
562 -9
563 -6
564 -6
565 -14
566 -14
567 -13
568 -13
569 -13
570 -6
571 -6
572 -6
573 -6
574 -6
575 -14
576 -6
577 -13
578 -13
579 -13
580 -13
581 -13
582 -6
583 -6
584 -6
585 -6
586 -6
587 -13
588 -6
589 -9
590 -6
591 -6
592 -13
593 -6
594 -9
595 -6
596 -13
597 -6
598 -6
599 -6
600 -6
601 -6
602 -6
603 -6
604 -9
605 -13
606 -6
607 -9
608 -6
609 -6
610 -14
611 -9
612 -6
613 -13
614 -13
615 -6
616 -6
617 -6
618 -6
619 -6
620 -13
621 -6
622 -9
623 -9
624 -6
625 -6
626 -13
627 -14
628 -6
629 -6
630 -6
631 -6
632 -6
633 -6
634 -13
635 -13
636 -13
637 -6
638 -14
639 -13
640 -6
641 -13
642 -6
643 -15
644 -6
645 -9
646 -6
647 -6
648 -6
649 -6
650 -14
651 -13
652 -13
653 -6
654 -13
655 -13
656 -6
657 -14
658 -6
659 -13
660 -14
661 -13
662 -6
663 -6
664 -6
665 -9
666 -6
667 -6
668 -15
669 -6
670 -12
671 -6
672 -9
673 -6
674 -6
675 -9
676 -13
677 -6
678 -6
679 -13
680 -14
681 -13
682 -6
683 -6
684 -13
685 -17
686 -13
687 -9
688 -6
689 -6
690 -6
691 -13
692 -13
693 -14
694 -6
695 -11
696 -13
697 -20
698 -13
699 -6
700 -13
701 -6
702 -6
703 -6
704 -14
705 -13
706 -13
707 -6
708 -6
709 -13
710 -6
711 -9
712 -17
713 -8
714 -6
715 -6
716 -6
717 -15
718 -9
719 -6
720 -13
721 -6
722 -6
723 -13
724 -6
725 -13
726 -13
727 -13
728 -9
729 -14
730 -13
731 -6
732 -9
733 -13
734 -13
735 -6
736 -6
737 -6
738 -59
739 -14
740 -6
741 -14
742 -13
743 -6
744 -13
745 -15
746 -17
747 -9
748 -13
749 -14
750 -6
751 -6
752 -9
753 -6
754 -9
755 -6
756 -6
757 -14
758 -6
759 -13
760 -6
761 -13
762 -15
763 -9
764 -6
765 -13
766 -14
767 -14
768 -6
769 -18
770 -13
771 -14
772 -13
773 -13
774 -6
775 -13
776 -17
777 -6
778 -6
779 -6
780 -13
781 -13
782 -6
783 -13
784 -9
785 -9
786 -6
787 -13
788 -13
789 -6
790 -13
791 -14
792 -6
793 -14
794 -6
795 -9
796 -9
797 -13
798 -13
799 -13
800 -28
801 -14
802 -6
803 -13
804 -13
805 -6
806 -13
807 -13
808 -13
809 -13
810 -13
811 -6
812 -9
813 -13
814 -14
815 -9
816 -14
817 -6
818 -6
819 -13
820 -14
821 -14
822 -9
823 -6
824 -14
825 -13
826 -6
827 -13
828 -6
829 -9
830 -14
831 -6
832 -13
833 -19
834 -13
835 -6
836 -13
837 -17
838 -13
839 -14
840 -13
841 -6
842 -6
843 -6
844 -6
845 -14
846 -6
847 -6
848 -13
849 -9
850 -17
851 -6
852 -6
853 -13
854 -13
855 -13
856 -13
857 -15
858 -23
859 -14
860 -9
861 -13
862 -6
863 -6
864 -6
865 -6
866 -14
867 -14
868 -13
869 -13
870 -13
871 -6
872 -9
873 -13
874 -6
875 -14
876 -6
877 -6
878 -9
879 -14
880 -6
881 -6
882 -6
883 -6
884 -9
885 -6
886 -13
887 -6
888 -9
889 -13
890 -9
891 -9
892 -6
893 -6
894 -13
895 -6
896 -6
897 -9
898 -13
899 -14
900 -14
901 -13
902 -13
903 -6
904 -6
905 -9
906 -6
907 -13
908 -6
909 -9
910 -13
911 -7
912 -13
913 -13
914 -12
915 -9
916 -6
917 -14
918 -9
919 -14
920 -14
921 -6
922 -6
923 -13
924 -13
925 -9
926 -13
927 -13
928 -14
929 -13
930 -12
931 -13
932 -14
933 -6
934 -14
935 -6
936 -6
937 -13
938 -13
939 -19
940 -9
941 -6
942 -6
943 -6
944 -6
945 -6
946 -6
947 -6
948 -14
949 -13
950 -6
951 -13
952 -6
953 -6
954 -6
955 -13
956 -6
957 -13
958 -13
959 -6
960 -6
961 -13
962 -6
963 -14
964 -6
965 -6
966 -13
967 -6
968 -6
969 -13
970 -9
971 -14
972 -6
973 -6
974 -14
975 -13
976 -6
977 -14
978 -6
979 -14
980 -9
981 -13
982 -14
983 -15
984 -14
985 -6
986 -14
987 -13
988 -6
989 -13
990 -18
991 -14
992 -20
993 -9
994 -6
995 -13
996 -13
997 -6
998 -14
999 -6
