0 -13
1 -6
2 -13
3 -13
4 -7
5 -7
6 -13
7 -8
8 -6
9 -6
10 -14
11 -8
12 -6
13 -13
14 -6
15 -13
16 -6
17 -13
18 -8
19 -14
20 -8
21 -6
22 -13
23 -7
24 -13
25 -14
26 -13
27 -8
28 -6
29 -54
30 -12
31 -8
32 -14
33 -7
34 -13
35 -13
36 -13
37 -17
38 -8
39 -6
40 -36
41 -6
42 -7
43 -7
44 -13
45 -13
46 -6
47 -8
48 -6
49 -8
50 -13
51 -13
52 -14
53 -7
54 -8
55 -13
56 -6
57 -13
58 -7
59 -14
60 -13
61 -13
62 -13
63 -13
64 -13
65 -8
66 -13
67 -12
68 -6
69 -13
70 -14
71 -13
72 -8
73 -6
74 -13
75 -8
76 -14
77 -6
78 -8
79 -6
80 -8
81 -13
82 -14
83 -7
84 -14
85 -8
86 -13
87 -8
88 -6
89 -6
90 -6
91 -8
92 -6
93 -6
94 -6
95 -14
96 -8
97 -6
98 -13
99 -14
100 -7
101 -7
102 -6
103 -7
104 -8
105 -13
106 -6
107 -6
108 -13
109 -8
110 -13
111 -6
112 -13
113 -7
114 -8
115 -7
116 -6
117 -6
118 -14
119 -6
120 -13
121 -6
122 -13
123 -8
124 -14
125 -7
126 -14
127 -7
128 -8
129 -6
130 -13
131 -13
132 -7
133 -13
134 -8
135 -6
136 -13
137 -7
138 -8
139 -14
140 -6
141 -6
142 -6
143 -6
144 -6
145 -14
146 -6
147 -13
148 -14
149 -8
150 -6
151 -13
152 -6
153 -6
154 -13
155 -7
156 -6
157 -7
158 -13
159 -14
160 -6
161 -7
162 -6
163 -6
164 -13
165 -7
166 -6
167 -6
168 -13
169 -7
170 -13
171 -7
172 -13
173 -14
174 -6
175 -7
176 -18
177 -13
178 -13
179 -10
180 -8
181 -14
182 -13
183 -6
184 -14
185 -6
186 -6
187 -6
188 -8
189 -6
190 -13
191 -6
192 -8
193 -6
194 -14
195 -6
196 -13
197 -14
198 -14
199 -13
200 -8
201 -7
202 -13
203 -13
204 -7
205 -18
206 -18
207 -14
208 -6
209 -13
210 -6
211 -14
212 -13
213 -13
214 -7
215 -8
216 -6
217 -8
218 -6
219 -6
220 -13
221 -14
222 -13
223 -6
224 -8
225 -8
226 -14
227 -6
228 -8
229 -8
230 -6
231 -8
232 -6
233 -6
234 -6
235 -6
236 -6
237 -13
238 -13
239 -14
240 -14
241 -6
242 -62
243 -6
244 -7
245 -13
246 -13
247 -6
248 -6
249 -6
250 -13
251 -13
252 -13
253 -13
254 -13
255 -7
256 -14
257 -8
258 -7
259 -7
260 -7
261 -13
262 -8
263 -14
264 -14
265 -13
266 -6
267 -14
268 -13
269 -7
270 -6
271 -19
272 -7
273 -14
274 -14
275 -6
276 -6
277 -13
278 -13
279 -6
280 -14
281 -6
282 -8
283 -13
284 -13
285 -7
286 -13
287 -13
288 -6
289 -13
290 -6
291 -14
292 -13
293 -6
294 -13
295 -14
296 -7
297 -8
298 -7
299 -6
300 -8
301 -7
302 -6
303 -6
304 -7
305 -8
306 -6
307 -14
308 -13
309 -8
310 -13
311 -13
312 -7
313 -6
314 -8
315 -6
316 -13
317 -6
318 -13
319 -7
320 -8
321 -6
322 -6
323 -13
324 -6
325 -8
326 -7
327 -8
328 -14
329 -8
330 -8
331 -7
332 -8
333 -13
334 -7
335 -8
336 -8
337 -13
338 -6
339 -6
340 -8
341 -13
342 -6
343 -6
344 -8
345 -14
346 -14
347 -8
348 -14
349 -8
350 -8
351 -7
352 -7
353 -13
354 -6
355 -13
356 -7
357 -14
358 -9
359 -6
360 -8
361 -7
362 -13
363 -7
364 -15
365 -6
366 -13
367 -13
368 -14
369 -17
370 -7
371 -8
372 -13
373 -13
374 -14
375 -8
376 -7
377 -8
378 -6
379 -13
380 -11
381 -8
382 -7
383 -6
384 -6
385 -14
386 -13
387 -13
388 -7
389 -6
390 -13
391 -8
392 -14
393 -8
394 -13
395 -14
396 -6
397 -11
398 -7
399 -13
400 -7
401 -6
402 -6
403 -14
404 -6
405 -8
406 -7
407 -9
408 -13
409 -6
410 -6
411 -13
412 -6
413 -6
414 -14
415 -13
416 -6
417 -13
418 -6
419 -7
420 -8
421 -13
422 -13
423 -7
424 -14
425 -6
426 -13
427 -6
428 -7
429 -6
430 -6
431 -13
432 -7
433 -6
434 -13
435 -6
436 -13
437 -13
438 -6
439 -13
440 -7
441 -8
442 -14
443 -18
444 -8
445 -13
446 -6
447 -14
448 -13
449 -16
450 -14
451 -14
452 -13
453 -13
454 -14
455 -6
456 -8
457 -14
458 -13
459 -13
460 -7
461 -6
462 -7
463 -8
464 -13
465 -8
466 -6
467 -13
468 -13
469 -8
470 -8
471 -6
472 -13
473 -15
474 -7
475 -8
476 -14
477 -7
478 -6
479 -18
480 -13
481 -14
482 -8
483 -6
484 -8
485 -6
486 -6
487 -13
488 -14
489 -6
490 -6
491 -7
492 -11
493 -13
494 -13
495 -6
496 -13
497 -8
498 -6
499 -7
500 -13
501 -13
502 -6
503 -14
504 -6
505 -6
506 -22
507 -6
508 -7
509 -6
510 -14
511 -13
512 -8
513 -8
514 -14
515 -7
516 -23
517 -8
518 -13
519 -6
520 -6
521 -6
522 -14
523 -6
524 -6
525 -6
526 -13
527 -6
528 -13
529 -7
530 -13
531 -13
532 -13
533 -8
534 -13
535 -14
536 -13
537 -13
538 -8
539 -13
540 -13
541 -7
542 -7
543 -7
544 -14
545 -6
546 -6
547 -13
548 -6
549 -6
550 -13
551 -14
552 -6
553 -13
554 -7
555 -14
556 -14
557 -6
558 -13
559 -14
560 -16
561 -8
562 -13
563 -14
564 -6
565 -8
566 -7
567 -26
568 -6
569 -6
570 -14
571 -6
572 -6
573 -7
574 -14
575 -13
576 -13
577 -14
578 -7
579 -15
580 -13
581 -6
582 -6
583 -7
584 -7
585 -7
586 -13
587 -9
588 -6
589 -6
590 -7
591 -6
592 -8
593 -6
594 -7
595 -13
596 -14
597 -6
598 -6
599 -14
600 -13
601 -13
602 -6
603 -6
604 -8
605 -13
606 -13
607 -13
608 -14
609 -13
610 -13
611 -7
612 -13
613 -13
614 -6
615 -6
616 -8
617 -6
618 -13
619 -13
620 -8
621 -6
622 -13
623 -13
624 -6
625 -6
626 -6
627 -6
628 -15
629 -57
630 -6
631 -13
632 -13
633 -13
634 -14
635 -7
636 -14
637 -13
638 -6
639 -7
640 -6
641 -7
642 -7
643 -13
644 -6
645 -14
646 -14
647 -8
648 -6
649 -13
650 -6
651 -6
652 -13
653 -13
654 -6
655 -13
656 -13
657 -13
658 -8
659 -13
660 -13
661 -6
662 -22
663 -15
664 -6
665 -7
666 -13
667 -14
668 -8
669 -12
670 -13
671 -13
672 -6
673 -13
674 -6
675 -13
676 -6
677 -13
678 -14
679 -7
680 -14
681 -7
682 -15
683 -8
684 -8
685 -7
686 -8
687 -6
688 -7
689 -6
690 -6
691 -7
692 -8
693 -10
694 -9
695 -7
696 -8
697 -13
698 -6
699 -13
700 -7
701 -6
702 -6
703 -8
704 -14
705 -13
706 -8
707 -7
708 -13
709 -6
710 -6
711 -13
712 -6
713 -14
714 -8
715 -6
716 -14
717 -8
718 -14
719 -14
720 -6
721 -6
722 -6
723 -6
724 -14
725 -13
726 -6
727 -7
728 -14
729 -14
730 -6
731 -6
732 -6
733 -13
734 -6
735 -7
736 -8
737 -13
738 -13
739 -6
740 -8
741 -20
742 -6
743 -14
744 -14
745 -13
746 -14
747 -13
748 -7
749 -13
750 -13
751 -6
752 -14
753 -7
754 -6
755 -13
756 -8
757 -8
758 -6
759 -14
760 -6
761 -14
762 -7
763 -14
764 -13
765 -7
766 -6
767 -7
768 -13
769 -13
770 -13
771 -11
772 -6
773 -6
774 -13
775 -13
776 -7
777 -6
778 -6
779 -6
780 -6
781 -6
782 -6
783 -14
784 -14
785 -11
786 -14
787 -6
788 -6
789 -8
790 -15
791 -13
792 -13
793 -6
794 -7
795 -14
796 -7
797 -7
798 -13
799 -6
800 -14
801 -13
802 -13
803 -14
804 -13
805 -7
806 -6
807 -14
808 -8
809 -13
810 -8
811 -6
812 -6
813 -6
814 -8
815 -8
816 -14
817 -6
818 -8
819 -14
820 -6
821 -6
822 -6
823 -7
824 -13
825 -13
826 -13
827 -7
828 -14
829 -6
830 -14
831 -16
832 -7
833 -7
834 -13
835 -13
836 -14
837 -12
838 -21
839 -13
840 -6
841 -6
842 -13
843 -6
844 -8
845 -7
846 -7
847 -6
848 -13
849 -6
850 -14
851 -14
852 -13
853 -7
854 -6
855 -7
856 -7
857 -13
858 -8
859 -7
860 -8
861 -13
862 -13
863 -7
864 -8
865 -13
866 -6
867 -7
868 -7
869 -14
870 -6
871 -14
872 -6
873 -14
874 -14
875 -13
876 -13
877 -17
878 -7
879 -6
880 -7
881 -13
882 -8
883 -6
884 -6
885 -13
886 -13
887 -14
888 -6
889 -6
890 -13
891 -6
892 -8
893 -6
894 -6
895 -14
896 -7
897 -20
898 -13
899 -14
900 -14
901 -6
902 -14
903 -14
904 -13
905 -14
906 -14
907 -8
908 -6
909 -6
910 -13
911 -8
912 -6
913 -6
914 -13
915 -14
916 -6
917 -8
918 -13
919 -13
920 -7
921 -13
922 -14
923 -13
924 -14
925 -7
926 -13
927 -14
928 -13
929 -15
930 -13
931 -7
932 -6
933 -13
934 -6
935 -6
936 -6
937 -8
938 -13
939 -14
940 -13
941 -14
942 -13
943 -6
944 -6
945 -7
946 -13
947 -8
948 -13
949 -13
950 -14
951 -13
952 -13
953 -13
954 -7
955 -7
956 -13
957 -7
958 -59
959 -7
960 -13
961 -6
962 -14
963 -7
964 -7
965 -14
966 -6
967 -14
968 -14
969 -7
970 -6
971 -14
972 -6
973 -10
974 -6
975 -15
976 -6
977 -6
978 -13
979 -8
980 -8
981 -12
982 -14
983 -13
984 -14
985 -6
986 -8
987 -13
988 -6
989 -13
990 -7
991 -13
992 -13
993 -13
994 -8
995 -14
996 -6
997 -8
998 -13
999 -6
