0 -14
1 -10
2 -6
3 -13
4 -6
5 -6
6 -18
7 -13
8 -10
9 -14
10 -13
11 -13
12 -6
13 -13
14 -6
15 -13
16 -13
17 -13
18 -6
19 -6
20 -6
21 -13
22 -13
23 -6
24 -13
25 -12
26 -6
27 -6
28 -13
29 -6
30 -6
31 -6
32 -14
33 -14
34 -14
35 -6
36 -13
37 -13
38 -15
39 -10
40 -6
41 -14
42 -6
43 -14
44 -13
45 -17
46 -6
47 -14
48 -14
49 -13
50 -10
51 -10
52 -6
53 -10
54 -15
55 -19
56 -17
57 -13
58 -6
59 -14
60 -13
61 -10
62 -6
63 -13
64 -10
65 -13
66 -13
67 -13
68 -13
69 -14
70 -6
71 -6
72 -6
73 -14
74 -17
75 -13
76 -13
77 -10
78 -6
79 -13
80 -14
81 -6
82 -6
83 -6
84 -14
85 -10
86 -6
87 -6
88 -13
89 -10
90 -10
91 -13
92 -6
93 -6
94 -6
95 -6
96 -6
97 -10
98 -6
99 -14
100 -13
101 -6
102 -11
103 -6
104 -6
105 -6
106 -14
107 -6
108 -31
109 -10
110 -13
111 -14
112 -6
113 -13
114 -6
115 -10
116 -6
117 -6
118 -14
119 -10
120 -14
121 -14
122 -6
123 -10
124 -6
125 -10
126 -6
127 -6
128 -6
129 -6
130 -13
131 -12
132 -6
133 -13
134 -13
135 -6
136 -6
137 -10
138 -6
139 -6
140 -6
141 -6
142 -14
143 -6
144 -6
145 -14
146 -6
147 -14
148 -11
149 -10
150 -13
151 -13
152 -13
153 -6
154 -6
155 -13
156 -14
157 -10
158 -6
159 -13
160 -13
161 -6
162 -13
163 -6
164 -13
165 -14
166 -6
167 -14
168 -6
169 -13
170 -14
171 -6
172 -6
173 -13
174 -13
175 -6
176 -6
177 -6
178 -6
179 -14
180 -6
181 -6
182 -13
183 -6
184 -6
185 -13
186 -6
187 -13
188 -6
189 -13
190 -13
191 -13
192 -6
193 -13
194 -6
195 -6
196 -10
197 -6
198 -14
199 -6
200 -6
201 -14
202 -6
203 -13
204 -13
205 -16
206 -13
207 -14
208 -6
209 -13
210 -10
211 -13
212 -6
213 -6
214 -6
215 -6
216 -10
217 -10
218 -13
219 -6
220 -6
221 -10
222 -10
223 -6
224 -13
225 -6
226 -6
227 -13
228 -6
229 -14
230 -17
231 -6
232 -6
233 -10
234 -14
235 -6
236 -13
237 -6
238 -10
239 -14
240 -13
241 -13
242 -14
243 -18
244 -14
245 -6
246 -13
247 -14
248 -10
249 -10
250 -13
251 -6
252 -6
253 -18
254 -6
255 -10
256 -13
257 -13
258 -13
259 -10
260 -6
261 -6
262 -14
263 -6
264 -13
265 -13
266 -6
267 -6
268 -15
269 -6
270 -14
271 -6
272 -14
273 -13
274 -6
275 -11
276 -6
277 -14
278 -14
279 -13
280 -13
281 -6
282 -14
283 -6
284 -10
285 -13
286 -13
287 -10
288 -6
289 -6
290 -10
291 -13
292 -13
293 -10
294 -10
295 -10
296 -13
297 -14
298 -13
299 -13
300 -13
301 -6
302 -13
303 -6
304 -10
305 -6
306 -14
307 -13
308 -6
309 -6
310 -14
311 -6
312 -6
313 -13
314 -14
315 -6
316 -13
317 -13
318 -6
319 -6
320 -10
321 -13
322 -6
323 -13
324 -6
325 -6
326 -10
327 -13
328 -10
329 -13
330 -13
331 -13
332 -6
333 -13
334 -6
335 -6
336 -6
337 -14
338 -6
339 -6
340 -6
341 -14
342 -13
343 -6
344 -14
345 -6
346 -10
347 -13
348 -6
349 -12
350 -14
351 -6
352 -14
353 -14
354 -14
355 -13
356 -13
357 -6
358 -10
359 -6
360 -6
361 -6
362 -13
363 -13
364 -6
365 -13
366 -6
367 -10
368 -6
369 -6
370 -14
371 -6
372 -10
373 -13
374 -14
375 -6
376 -13
377 -6
378 -17
379 -14
380 -6
381 -6
382 -13
383 -10
384 -13
385 -6
386 -6
387 -13
388 -13
389 -10
390 -13
391 -14
392 -6
393 -13
394 -10
395 -6
396 -6
397 -6
398 -6
399 -6
400 -13
401 -6
402 -10
403 -15
404 -6
405 -14
406 -13
407 -13
408 -10
409 -6
410 -6
411 -10
412 -13
413 -13
414 -14
415 -6
416 -6
417 -6
418 -17
419 -12
420 -13
421 -10
422 -10
423 -6
424 -6
425 -19
426 -10
427 -13
428 -16
429 -14
430 -13
431 -10
432 -6
433 -10
434 -6
435 -13
436 -6
437 -13
438 -6
439 -14
440 -6
441 -13
442 -13
443 -7
444 -6
445 -10
446 -6
447 -6
448 -6
449 -8
450 -6
451 -8
452 -6
453 -10
454 -6
455 -13
456 -13
457 -13
458 -7
459 -6
460 -10
461 -6
462 -22
463 -6
464 -6
465 -13
466 -14
467 -13
468 -13
469 -6
470 -10
471 -6
472 -13
473 -13
474 -14
475 -14
476 -10
477 -13
478 -13
479 -14
480 -10
481 -13
482 -10
483 -10
484 -6
485 -6
486 -13
487 -25
488 -6
489 -10
490 -6
491 -10
492 -10
493 -13
494 -13
495 -13
496 -13
497 -6
498 -6
499 -14
500 -6
501 -6
502 -13
503 -6
504 -13
505 -13
506 -14
507 -6
508 -6
509 -13
510 -13
511 -6
512 -10
513 -6
514 -6
515 -13
516 -6
517 -13
518 -10
519 -6
520 -6
521 -6
522 -6
523 -13
524 -10
525 -6
526 -10
527 -13
528 -6
529 -15
530 -6
531 -13
532 -13
533 -10
534 -18
535 -6
536 -10
537 -13
538 -13
539 -6
540 -6
541 -13
542 -13
543 -10
544 -13
545 -6
546 -13
547 -13
548 -6
549 -6
550 -14
551 -6
552 -6
553 -13
554 -14
555 -10
556 -13
557 -6
558 -10
559 -14
560 -6
561 -6
562 -6
563 -14
564 -10
565 -13
566 -14
567 -6
568 -6
569 -13
570 -13
571 -6
572 -14
573 -6
574 -6
575 -13
576 -6
577 -14
578 -6
579 -6
580 -14
581 -14
582 -10
583 -6
584 -13
585 -6
586 -10
587 -6
588 -13
589 -6
590 -13
591 -6
592 -6
593 -14
594 -6
595 -6
596 -13
597 -14
598 -10
599 -15
600 -6
601 -10
602 -6
603 -10
604 -6
605 -6
606 -10
607 -13
608 -13
609 -6
610 -13
611 -6
612 -6
613 -6
614 -14
615 -13
616 -14
617 -6
618 -13
619 -6
620 -13
621 -6
622 -14
623 -13
624 -10
625 -6
626 -14
627 -13
628 -10
629 -13
630 -6
631 -6
632 -6
633 -10
634 -13
635 -14
636 -6
637 -6
638 -14
639 -10
640 -6
641 -6
642 -14
643 -6
644 -6
645 -6
646 -6
647 -14
648 -6
649 -6
650 -6
651 -6
652 -6
653 -6
654 -13
655 -13
656 -43
657 -13
658 -13
659 -14
660 -6
661 -6
662 -6
663 -14
664 -10
665 -13
666 -6
667 -10
668 -6
669 -6
670 -10
671 -10
672 -6
673 -8
674 -7
675 -10
676 -6
677 -6
678 -14
679 -6
680 -13
681 -6
682 -6
683 -6
684 -10
685 -14
686 -6
687 -6
688 -6
689 -10
690 -10
691 -10
692 -10
693 -13
694 -6
695 -13
696 -13
697 -14
698 -6
699 -13
700 -13
701 -13
702 -14
703 -13
704 -14
705 -14
706 -6
707 -6
708 -14
709 -6
710 -14
711 -6
712 -14
713 -13
714 -18
715 -14
716 -10
717 -6
718 -10
719 -6
720 -10
721 -10
722 -6
723 -13
724 -10
725 -6
726 -10
727 -14
728 -14
729 -6
730 -6
731 -13
732 -6
733 -14
734 -13
735 -13
736 -14
737 -10
738 -6
739 -10
740 -13
741 -6
742 -14
743 -13
744 -13
745 -6
746 -6
747 -6
748 -13
749 -6
750 -13
751 -14
752 -13
753 -13
754 -6
755 -6
756 -6
757 -13
758 -10
759 -6
760 -6
761 -6
762 -6
763 -6
764 -6
765 -6
766 -14
767 -13
768 -13
769 -10
770 -6
771 -13
772 -6
773 -14
774 -6
775 -13
776 -10
777 -10
778 -6
779 -14
780 -10
781 -6
782 -14
783 -13
784 -6
785 -6
786 -13
787 -6
788 -10
789 -13
790 -10
791 -13
792 -22
793 -10
794 -6
795 -17
796 -14
797 -6
798 -10
799 -13
800 -10
801 -10
802 -10
803 -10
804 -6
805 -13
806 -28
807 -13
808 -6
809 -6
810 -6
811 -13
812 -6
813 -6
814 -13
815 -14
816 -6
817 -13
818 -6
819 -15
820 -6
821 -14
822 -6
823 -17
824 -13
825 -6
826 -13
827 -13
828 -6
829 -15
830 -6
831 -13
832 -6
833 -6
834 -6
835 -6
836 -13
837 -14
838 -6
839 -6
840 -13
841 -18
842 -10
843 -22
844 -6
845 -6
846 -6
847 -6
848 -6
849 -6
850 -6
851 -6
852 -13
853 -13
854 -10
855 -10
856 -14
857 -13
858 -6
859 -6
860 -6
861 -6
862 -6
863 -13
864 -13
865 -13
866 -13
867 -10
868 -13
869 -6
870 -11
871 -14
872 -17
873 -6
874 -14
875 -13
876 -6
877 -6
878 -13
879 -14
880 -6
881 -13
882 -13
883 -14
884 -10
885 -6
886 -6
887 -10
888 -13
889 -6
890 -6
891 -6
892 -13
893 -13
894 -6
895 -14
896 -17
897 -13
898 -6
899 -14
900 -13
901 -6
902 -6
903 -13
904 -14
905 -13
906 -6
907 -14
908 -13
909 -14
910 -13
911 -13
912 -10
913 -6
914 -6
915 -10
916 -14
917 -6
918 -6
919 -6
920 -6
921 -6
922 -10
923 -6
924 -6
925 -6
926 -13
927 -10
928 -6
929 -10
930 -13
931 -14
932 -14
933 -13
934 -10
935 -13
936 -10
937 -39
938 -14
939 -6
940 -14
941 -13
942 -10
943 -10
944 -6
945 -13
946 -6
947 -6
948 -13
949 -13
950 -10
951 -13
952 -6
953 -10
954 -6
955 -6
956 -14
957 -6
958 -13
959 -13
960 -10
961 -10
962 -14
963 -6
964 -13
965 -6
966 -14
967 -13
968 -6
969 -14
970 -6
971 -10
972 -13
973 -6
974 -6
975 -6
976 -10
977 -10
978 -10
979 -6
980 -13
981 -10
982 -14
983 -10
984 -10
985 -6
986 -6
987 -13
988 -14
989 -6
990 -14
991 -13
992 -6
993 -13
994 -23
995 -13
996 -13
997 -10
998 -6
999 -13
