0 -13
1 -13
2 -18
3 -6
4 -6
5 -6
6 -6
7 -6
8 -6
9 -13
10 -6
11 -6
12 -10
13 -13
14 -14
15 -13
16 -14
17 -6
18 -13
19 -13
20 -6
21 -13
22 -13
23 -13
24 -10
25 -14
26 -6
27 -13
28 -6
29 -14
30 -10
31 -13
32 -10
33 -13
34 -13
35 -10
36 -6
37 -6
38 -13
39 -6
40 -10
41 -6
42 -6
43 -13
44 -6
45 -10
46 -6
47 -6
48 -6
49 -6
50 -14
51 -13
52 -13
53 -13
54 -6
55 -14
56 -6
57 -13
58 -13
59 -6
60 -10
61 -10
62 -10
63 -6
64 -10
65 -6
66 -13
67 -12
68 -14
69 -14
70 -6
71 -13
72 -10
73 -13
74 -14
75 -13
76 -10
77 -6
78 -6
79 -10
80 -13
81 -10
82 -6
83 -14
84 -13
85 -14
86 -6
87 -18
88 -10
89 -13
90 -14
91 -13
92 -14
93 -14
94 -14
95 -6
96 -6
97 -10
98 -6
99 -6
100 -6
101 -10
102 -10
103 -6
104 -10
105 -6
106 -6
107 -14
108 -10
109 -6
110 -6
111 -13
112 -13
113 -13
114 -13
115 -6
116 -6
117 -6
118 -6
119 -10
120 -6
121 -6
122 -6
123 -6
124 -10
125 -13
126 -13
127 -6
128 -14
129 -10
130 -14
131 -6
132 -13
133 -13
134 -13
135 -18
136 -6
137 -14
138 -10
139 -13
140 -13
141 -9
142 -6
143 -13
144 -6
145 -10
146 -6
147 -13
148 -6
149 -6
150 -6
151 -6
152 -10
153 -6
154 -6
155 -6
156 -13
157 -13
158 -6
159 -6
160 -13
161 -6
162 -6
163 -6
164 -13
165 -6
166 -6
167 -6
168 -13
169 -13
170 -10
171 -6
172 -6
173 -10
174 -13
175 -13
176 -6
177 -14
178 -13
179 -10
180 -14
181 -14
182 -14
183 -6
184 -10
185 -13
186 -13
187 -6
188 -13
189 -6
190 -14
191 -6
192 -6
193 -13
194 -13
195 -6
196 -14
197 -6
198 -6
199 -6
200 -14
201 -6
202 -6
203 -6
204 -6
205 -6
206 -6
207 -10
208 -6
209 -10
210 -6
211 -6
212 -6
213 -6
214 -13
215 -6
216 -14
217 -10
218 -6
219 -13
220 -6
221 -44
222 -6
223 -6
224 -13
225 -13
226 -6
227 -13
228 -13
229 -13
230 -6
231 -6
232 -10
233 -6
234 -6
235 -6
236 -6
237 -6
238 -10
239 -13
240 -13
241 -10
242 -13
243 -6
244 -13
245 -6
246 -14
247 -6
248 -6
249 -6
250 -10
251 -6
252 -13
253 -13
254 -6
255 -10
256 -13
257 -6
258 -13
259 -13
260 -6
261 -6
262 -13
263 -6
264 -13
265 -10
266 -13
267 -13
268 -10
269 -13
270 -10
271 -13
272 -6
273 -10
274 -10
275 -6
276 -17
277 -6
278 -14
279 -6
280 -13
281 -6
282 -6
283 -14
284 -6
285 -10
286 -10
287 -10
288 -13
289 -6
290 -6
291 -6
292 -13
293 -13
294 -6
295 -6
296 -14
297 -14
298 -6
299 -13
300 -10
301 -10
302 -6
303 -13
304 -14
305 -14
306 -13
307 -14
308 -6
309 -6
310 -13
311 -6
312 -6
313 -14
314 -13
315 -6
316 -13
317 -14
318 -13
319 -6
320 -13
321 -10
322 -6
323 -10
324 -6
325 -18
326 -6
327 -13
328 -13
329 -6
330 -10
331 -6
332 -13
333 -19
334 -13
335 -14
336 -13
337 -6
338 -13
339 -6
340 -13
341 -6
342 -13
343 -10
344 -10
345 -6
346 -17
347 -13
348 -6
349 -13
350 -6
351 -6
352 -6
353 -6
354 -10
355 -6
356 -6
357 -17
358 -14
359 -13
360 -6
361 -14
362 -13
363 -14
364 -14
365 -6
366 -6
367 -6
368 -6
369 -13
370 -13
371 -10
372 -6
373 -10
374 -14
375 -10
376 -10
377 -6
378 -6
379 -6
380 -6
381 -13
382 -14
383 -6
384 -14
385 -14
386 -14
387 -6
388 -6
389 -10
390 -14
391 -14
392 -10
393 -13
394 -13
395 -6
396 -6
397 -14
398 -6
399 -12
400 -6
401 -6
402 -10
403 -13
404 -13
405 -13
406 -14
407 -6
408 -6
409 -10
410 -6
411 -10
412 -13
413 -6
414 -6
415 -13
416 -6
417 -6
418 -13
419 -13
420 -10
421 -14
422 -6
423 -6
424 -13
425 -10
426 -10
427 -13
428 -13
429 -10
430 -13
431 -13
432 -13
433 -14
434 -14
435 -14
436 -13
437 -10
438 -14
439 -14
440 -10
441 -14
442 -6
443 -6
444 -6
445 -6
446 -8
447 -13
448 -6
449 -13
450 -13
451 -6
452 -6
453 -6
454 -10
455 -6
456 -14
457 -14
458 -6
459 -6
460 -13
461 -6
462 -6
463 -13
464 -6
465 -6
466 -6
467 -13
468 -14
469 -13
470 -13
471 -6
472 -6
473 -6
474 -14
475 -6
476 -6
477 -14
478 -13
479 -6
480 -6
481 -14
482 -14
483 -13
484 -6
485 -6
486 -6
487 -10
488 -6
489 -14
490 -13
491 -6
492 -13
493 -6
494 -10
495 -6
496 -10
497 -13
498 -13
499 -6
500 -14
501 -14
502 -13
503 -14
504 -14
505 -6
506 -6
507 -13
508 -10
509 -13
510 -13
511 -6
512 -6
513 -6
514 -10
515 -13
516 -10
517 -14
518 -13
519 -13
520 -13
521 -6
522 -14
523 -6
524 -6
525 -10
526 -10
527 -13
528 -13
529 -6
530 -14
531 -10
532 -13
533 -13
534 -13
535 -13
536 -6
537 -14
538 -6
539 -6
540 -6
541 -13
542 -6
543 -13
544 -13
545 -6
546 -10
547 -14
548 -13
549 -14
550 -10
551 -6
552 -6
553 -10
554 -6
555 -17
556 -6
557 -13
558 -6
559 -10
560 -6
561 -6
562 -6
563 -13
564 -6
565 -6
566 -6
567 -6
568 -13
569 -14
570 -6
571 -6
572 -13
573 -13
574 -14
575 -14
576 -6
577 -6
578 -15
579 -14
580 -10
581 -14
582 -13
583 -6
584 -6
585 -6
586 -13
587 -6
588 -6
589 -14
590 -6
591 -6
592 -17
593 -6
594 -10
595 -6
596 -14
597 -6
598 -6
599 -20
600 -15
601 -14
602 -14
603 -6
604 -13
605 -13
606 -10
607 -10
608 -13
609 -6
610 -13
611 -6
612 -6
613 -6
614 -12
615 -14
616 -6
617 -6
618 -6
619 -17
620 -13
621 -13
622 -6
623 -6
624 -13
625 -6
626 -10
627 -13
628 -14
629 -14
630 -10
631 -13
632 -14
633 -13
634 -13
635 -13
636 -6
637 -13
638 -13
639 -13
640 -14
641 -23
642 -13
643 -6
644 -13
645 -6
646 -6
647 -6
648 -13
649 -6
650 -17
651 -6
652 -6
653 -6
654 -13
655 -13
656 -13
657 -10
658 -6
659 -6
660 -13
661 -13
662 -13
663 -13
664 -6
665 -6
666 -14
667 -14
668 -13
669 -13
670 -13
671 -6
672 -14
673 -6
674 -14
675 -13
676 -13
677 -6
678 -10
679 -6
680 -6
681 -6
682 -13
683 -14
684 -14
685 -13
686 -6
687 -6
688 -6
689 -10
690 -13
691 -15
692 -14
693 -6
694 -13
695 -13
696 -6
697 -13
698 -6
699 -13
700 -6
701 -13
702 -6
703 -6
704 -6
705 -6
706 -10
707 -6
708 -14
709 -13
710 -6
711 -6
712 -6
713 -6
714 -6
715 -6
716 -10
717 -6
718 -6
719 -6
720 -6
721 -10
722 -14
723 -13
724 -6
725 -14
726 -16
727 -6
728 -6
729 -13
730 -10
731 -6
732 -13
733 -11
734 -13
735 -14
736 -14
737 -14
738 -13
739 -13
740 -6
741 -13
742 -6
743 -13
744 -6
745 -6
746 -6
747 -10
748 -6
749 -14
750 -6
751 -13
752 -13
753 -13
754 -6
755 -6
756 -14
757 -6
758 -13
759 -13
760 -10
761 -6
762 -6
763 -6
764 -14
765 -6
766 -10
767 -14
768 -10
769 -6
770 -6
771 -6
772 -6
773 -14
774 -14
775 -14
776 -13
777 -10
778 -13
779 -6
780 -6
781 -6
782 -6
783 -13
784 -14
785 -6
786 -6
787 -10
788 -13
789 -14
790 -14
791 -13
792 -6
793 -6
794 -6
795 -14
796 -14
797 -14
798 -13
799 -6
800 -6
801 -6
802 -6
803 -6
804 -13
805 -6
806 -6
807 -6
808 -10
809 -14
810 -6
811 -13
812 -10
813 -6
814 -13
815 -13
816 -13
817 -6
818 -14
819 -14
820 -6
821 -14
822 -14
823 -6
824 -14
825 -14
826 -6
827 -10
828 -6
829 -13
830 -6
831 -14
832 -6
833 -13
834 -14
835 -6
836 -13
837 -6
838 -13
839 -13
840 -6
841 -14
842 -16
843 -7
844 -6
845 -6
846 -14
847 -6
848 -6
849 -6
850 -10
851 -6
852 -13
853 -6
854 -13
855 -6
856 -13
857 -6
858 -14
859 -6
860 -13
861 -10
862 -6
863 -6
864 -6
865 -6
866 -6
867 -13
868 -6
869 -10
870 -13
871 -6
872 -6
873 -14
874 -14
875 -14
876 -14
877 -10
878 -13
879 -13
880 -13
881 -18
882 -6
883 -14
884 -6
885 -13
886 -10
887 -6
888 -10
889 -6
890 -10
891 -10
892 -13
893 -6
894 -13
895 -6
896 -6
897 -6
898 -14
899 -6
900 -10
901 -13
902 -10
903 -6
904 -6
905 -6
906 -10
907 -13
908 -14
909 -14
910 -10
911 -10
912 -6
913 -6
914 -14
915 -13
916 -6
917 -19
918 -6
919 -6
920 -10
921 -6
922 -13
923 -6
924 -13
925 -13
926 -6
927 -12
928 -17
929 -13
930 -13
931 -10
932 -13
933 -14
934 -13
935 -6
936 -13
937 -11
938 -6
939 -7
940 -14
941 -6
942 -6
943 -6
944 -10
945 -13
946 -13
947 -6
948 -6
949 -10
950 -13
951 -14
952 -13
953 -18
954 -13
955 -14
956 -6
957 -13
958 -6
959 -6
960 -13
961 -6
962 -13
963 -13
964 -6
965 -7
966 -10
967 -14
968 -14
969 -6
970 -14
971 -6
972 -13
973 -13
974 -13
975 -15
976 -13
977 -10
978 -6
979 -10
980 -14
981 -14
982 -13
983 -13
984 -14
985 -10
986 -13
987 -14
988 -13
989 -6
990 -13
991 -6
992 -6
993 -6
994 -13
995 -14
996 -13
997 -6
998 -13
999 -10
