0 -6
1 -6
2 -48
3 -6
4 -9
5 -6
6 -6
7 -13
8 -54
9 -9
10 -13
11 -14
12 -18
13 -14
14 -13
15 -49
16 -13
17 -6
18 -6
19 -6
20 -13
21 -13
22 -14
23 -9
24 -6
25 -13
26 -13
27 -6
28 -9
29 -6
30 -6
31 -6
32 -13
33 -6
34 -17
35 -9
36 -9
37 -13
38 -9
39 -13
40 -6
41 -6
42 -6
43 -10
44 -6
45 -6
46 -14
47 -14
48 -14
49 -9
50 -14
51 -6
52 -6
53 -18
54 -7
55 -13
56 -13
57 -6
58 -9
59 -14
60 -6
61 -6
62 -6
63 -6
64 -14
65 -6
66 -9
67 -13
68 -13
69 -9
70 -13
71 -6
72 -6
73 -13
74 -14
75 -13
76 -6
77 -13
78 -14
79 -13
80 -6
81 -14
82 -14
83 -6
84 -14
85 -6
86 -13
87 -9
88 -9
89 -14
90 -6
91 -6
92 -6
93 -13
94 -6
95 -10
96 -6
97 -9
98 -6
99 -6
100 -9
101 -9
102 -13
103 -6
104 -14
105 -13
106 -6
107 -9
108 -6
109 -17
110 -14
111 -13
112 -13
113 -13
114 -14
115 -6
116 -6
117 -6
118 -6
119 -6
120 -14
121 -13
122 -13
123 -6
124 -6
125 -6
126 -6
127 -6
128 -8
129 -13
130 -6
131 -6
132 -13
133 -13
134 -6
135 -9
136 -6
137 -13
138 -14
139 -6
140 -13
141 -9
142 -13
143 -6
144 -6
145 -6
146 -9
147 -14
148 -9
149 -9
150 -14
151 -14
152 -6
153 -14
154 -6
155 -9
156 -14
157 -6
158 -14
159 -13
160 -14
161 -14
162 -6
163 -14
164 -9
165 -14
166 -6
167 -13
168 -13
169 -6
170 -13
171 -6
172 -6
173 -6
174 -14
175 -6
176 -6
177 -6
178 -6
179 -6
180 -6
181 -6
182 -6
183 -13
184 -13
185 -6
186 -6
187 -14
188 -6
189 -13
190 -6
191 -13
192 -14
193 -6
194 -14
195 -6
196 -6
197 -6
198 -14
199 -6
200 -6
201 -6
202 -13
203 -6
204 -14
205 -9
206 -6
207 -6
208 -13
209 -6
210 -6
211 -9
212 -6
213 -6
214 -6
215 -9
216 -6
217 -6
218 -6
219 -6
220 -14
221 -6
222 -9
223 -14
224 -6
225 -9
226 -6
227 -13
228 -13
229 -13
230 -15
231 -6
232 -6
233 -13
234 -9
235 -13
236 -6
237 -14
238 -6
239 -6
240 -6
241 -19
242 -13
243 -14
244 -9
245 -13
246 -14
247 -13
248 -13
249 -13
250 -14
251 -9
252 -14
253 -6
254 -6
255 -6
256 -14
257 -9
258 -6
259 -9
260 -6
261 -6
262 -6
263 -13
264 -14
265 -14
266 -13
267 -6
268 -14
269 -9
270 -6
271 -6
272 -6
273 -6
274 -9
275 -13
276 -13
277 -6
278 -6
279 -13
280 -14
281 -13
282 -6
283 -6
284 -6
285 -6
286 -9
287 -6
288 -9
289 -13
290 -13
291 -9
292 -6
293 -6
294 -6
295 -9
296 -13
297 -6
298 -13
299 -6
300 -6
301 -6
302 -14
303 -6
304 -6
305 -13
306 -14
307 -14
308 -6
309 -7
310 -9
311 -6
312 -14
313 -6
314 -13
315 -6
316 -6
317 -14
318 -6
319 -9
320 -6
321 -14
322 -14
323 -6
324 -14
325 -6
326 -9
327 -6
328 -13
329 -9
330 -6
331 -6
332 -6
333 -13
334 -13
335 -13
336 -13
337 -46
338 -13
339 -9
340 -6
341 -14
342 -14
343 -6
344 -9
345 -6
346 -9
347 -14
348 -6
349 -6
350 -9
351 -9
352 -14
353 -13
354 -6
355 -13
356 -14
357 -13
358 -6
359 -13
360 -6
361 -13
362 -6
363 -6
364 -6
365 -6
366 -13
367 -6
368 -18
369 -6
370 -6
371 -9
372 -6
373 -6
374 -6
375 -6
376 -9
377 -14
378 -6
379 -14
380 -13
381 -13
382 -6
383 -13
384 -6
385 -14
386 -13
387 -13
388 -6
389 -6
390 -13
391 -13
392 -6
393 -6
394 -6
395 -6
396 -13
397 -6
398 -6
399 -14
400 -14
401 -9
402 -14
403 -6
404 -14
405 -9
406 -14
407 -6
408 -13
409 -6
410 -14
411 -13
412 -6
413 -13
414 -14
415 -9
416 -18
417 -6
418 -9
419 -6
420 -9
421 -6
422 -14
423 -9
424 -13
425 -9
426 -13
427 -6
428 -14
429 -14
430 -14
431 -13
432 -6
433 -8
434 -14
435 -6
436 -6
437 -9
438 -6
439 -6
440 -10
441 -6
442 -14
443 -6
444 -14
445 -14
446 -9
447 -13
448 -13
449 -13
450 -13
451 -13
452 -16
453 -6
454 -17
455 -9
456 -6
457 -6
458 -13
459 -13
460 -14
461 -13
462 -13
463 -6
464 -6
465 -6
466 -6
467 -6
468 -13
469 -6
470 -6
471 -13
472 -6
473 -6
474 -13
475 -6
476 -9
477 -6
478 -9
479 -9
480 -13
481 -6
482 -6
483 -6
484 -13
485 -9
486 -6
487 -6
488 -6
489 -13
490 -6
491 -6
492 -6
493 -13
494 -13
495 -13
496 -13
497 -13
498 -6
499 -6
500 -6
501 -6
502 -13
503 -6
504 -6
505 -6
506 -9
507 -14
508 -13
509 -6
510 -6
511 -9
512 -6
513 -9
514 -14
515 -12
516 -6
517 -9
518 -6
519 -14
520 -13
521 -6
522 -13
523 -13
524 -9
525 -13
526 -14
527 -6
528 -14
529 -6
530 -17
531 -6
532 -6
533 -6
534 -14
535 -13
536 -13
537 -6
538 -13
539 -6
540 -14
541 -13
542 -19
543 -6
544 -6
545 -9
546 -9
547 -6
548 -13
549 -6
550 -6
551 -13
552 -6
553 -6
554 -6
555 -6
556 -13
557 -13
558 -14
559 -6
560 -9
561 -6
562 -6
563 -13
564 -6
565 -6
566 -13
567 -9
568 -6
569 -14
570 -13
571 -13
572 -6
573 -13
574 -6
575 -13
576 -14
577 -6
578 -13
579 -6
580 -14
581 -13
582 -6
583 -9
584 -6
585 -6
586 -13
587 -6
588 -13
589 -6
590 -6
591 -6
592 -6
593 -6
594 -6
595 -6
596 -6
597 -9
598 -9
599 -14
600 -6
601 -6
602 -13
603 -6
604 -6
605 -9
606 -14
607 -9
608 -13
609 -14
610 -9
611 -6
612 -14
613 -6
614 -14
615 -13
616 -10
617 -14
618 -9
619 -6
620 -6
621 -6
622 -13
623 -13
624 -13
625 -9
626 -6
627 -9
628 -9
629 -14
630 -6
631 -14
632 -6
633 -6
634 -13
635 -13
636 -6
637 -6
638 -13
639 -6
640 -6
641 -13
642 -6
643 -9
644 -48
645 -13
646 -6
647 -6
648 -14
649 -13
650 -8
651 -9
652 -6
653 -6
654 -6
655 -6
656 -6
657 -9
658 -13
659 -13
660 -13
661 -6
662 -9
663 -14
664 -6
665 -6
666 -13
667 -13
668 -6
669 -6
670 -13
671 -6
672 -6
673 -6
674 -13
675 -14
676 -6
677 -6
678 -6
679 -6
680 -13
681 -9
682 -14
683 -14
684 -14
685 -9
686 -6
687 -10
688 -14
689 -6
690 -6
691 -6
692 -18
693 -9
694 -9
695 -12
696 -13
697 -6
698 -6
699 -6
700 -14
701 -6
702 -9
703 -18
704 -6
705 -13
706 -13
707 -6
708 -6
709 -13
710 -6
711 -9
712 -14
713 -6
714 -14
715 -13
716 -13
717 -6
718 -6
719 -6
720 -9
721 -14
722 -14
723 -9
724 -14
725 -13
726 -9
727 -9
728 -6
729 -13
730 -13
731 -9
732 -13
733 -14
734 -13
735 -6
736 -6
737 -13
738 -13
739 -6
740 -13
741 -13
742 -13
743 -6
744 -13
745 -9
746 -13
747 -6
748 -14
749 -9
750 -9
751 -13
752 -13
753 -13
754 -14
755 -13
756 -14
757 -6
758 -13
759 -6
760 -13
761 -13
762 -9
763 -13
764 -6
765 -14
766 -6
767 -6
768 -6
769 -14
770 -13
771 -6
772 -6
773 -6
774 -13
775 -13
776 -6
777 -6
778 -13
779 -13
780 -6
781 -6
782 -13
783 -6
784 -6
785 -14
786 -14
787 -6
788 -9
789 -13
790 -6
791 -13
792 -13
793 -6
794 -6
795 -6
796 -6
797 -12
798 -6
799 -13
800 -13
801 -9
802 -9
803 -14
804 -9
805 -14
806 -6
807 -14
808 -14
809 -6
810 -9
811 -9
812 -9
813 -9
814 -6
815 -9
816 -6
817 -13
818 -6
819 -13
820 -7
821 -13
822 -9
823 -6
824 -14
825 -6
826 -9
827 -6
828 -13
829 -13
830 -6
831 -14
832 -7
833 -6
834 -13
835 -13
836 -13
837 -6
838 -6
839 -9
840 -6
841 -11
842 -13
843 -6
844 -6
845 -9
846 -6
847 -14
848 -6
849 -6
850 -13
851 -6
852 -13
853 -6
854 -13
855 -13
856 -6
857 -6
858 -14
859 -6
860 -6
861 -6
862 -6
863 -13
864 -6
865 -6
866 -13
867 -14
868 -6
869 -13
870 -9
871 -6
872 -13
873 -6
874 -6
875 -13
876 -6
877 -6
878 -14
879 -14
880 -6
881 -13
882 -13
883 -13
884 -6
885 -13
886 -13
887 -13
888 -9
889 -6
890 -6
891 -6
892 -13
893 -6
894 -13
895 -6
896 -13
897 -14
898 -14
899 -10
900 -6
901 -13
902 -14
903 -6
904 -14
905 -6
906 -6
907 -6
908 -14
909 -13
910 -9
911 -13
912 -6
913 -13
914 -13
915 -9
916 -6
917 -14
918 -18
919 -9
920 -6
921 -6
922 -6
923 -13
924 -27
925 -14
926 -6
927 -13
928 -13
929 -13
930 -6
931 -14
932 -13
933 -14
934 -9
935 -13
936 -8
937 -6
938 -13
939 -20
940 -6
941 -9
942 -14
943 -6
944 -13
945 -9
946 -12
947 -6
948 -14
949 -18
950 -6
951 -13
952 -13
953 -6
954 -6
955 -13
956 -6
957 -13
958 -6
959 -6
960 -13
961 -18
962 -14
963 -6
964 -6
965 -13
966 -14
967 -6
968 -13
969 -13
970 -6
971 -6
972 -6
973 -14
974 -6
975 -13
976 -9
977 -13
978 -14
979 -13
980 -6
981 -9
982 -6
983 -6
984 -14
985 -6
986 -6
987 -6
988 -6
989 -6
990 -14
991 -14
992 -6
993 -13
994 -6
995 -6
996 -9
997 -13
998 -13
999 -14
