0 -6
1 -44
2 -6
3 -15
4 -15
5 -15
6 -29
7 -14
8 -6
9 -6
10 -50
11 -7
12 -6
13 -6
14 -7
15 -28
16 -6
17 -15
18 -15
19 -50
20 -6
21 -6
22 -6
23 -16
24 -6
25 -15
26 -6
27 -15
28 -6
29 -49
30 -6
31 -15
32 -15
33 -15
34 -29
35 -15
36 -15
37 -30
38 -7
39 -14
40 -11
41 -14
42 -40
43 -15
44 -15
45 -6
46 -50
47 -6
48 -15
49 -6
50 -6
51 -6
52 -44
53 -6
54 -6
55 -15
56 -15
57 -7
58 -15
59 -19
60 -7
61 -50
62 -11
63 -15
64 -6
65 -15
66 -6
67 -25
68 -6
69 -14
70 -6
71 -15
72 -6
73 -6
74 -6
75 -14
76 -6
77 -6
78 -18
79 -19
80 -20
81 -15
82 -14
83 -30
84 -44
85 -6
86 -15
87 -15
88 -50
89 -15
90 -7
91 -49
92 -8
93 -15
94 -6
95 -6
96 -15
97 -14
98 -6
99 -50
100 -15
101 -6
102 -15
103 -29
104 -15
105 -29
106 -15
107 -15
108 -15
109 -15
110 -6
111 -6
112 -15
113 -6
114 -15
115 -15
116 -44
117 -6
118 -15
119 -6
120 -6
121 -6
122 -6
123 -30
124 -6
125 -6
126 -19
127 -8
128 -15
129 -44
130 -6
131 -40
132 -50
133 -10
134 -6
135 -6
136 -7
137 -50
138 -7
139 -15
140 -6
141 -6
142 -15
143 -15
144 -6
145 -49
146 -15
147 -44
148 -30
149 -6
150 -44
151 -6
152 -6
153 -44
154 -6
155 -15
156 -7
157 -6
158 -15
159 -7
160 -6
161 -15
162 -6
163 -15
164 -6
165 -6
166 -15
167 -49
168 -6
169 -6
170 -6
171 -6
172 -6
173 -15
174 -15
175 -6
176 -15
177 -7
178 -30
179 -6
180 -6
181 -6
182 -6
183 -15
184 -15
185 -49
186 -15
187 -6
188 -7
189 -40
190 -6
191 -15
192 -6
193 -6
194 -6
195 -44
196 -6
197 -7
198 -50
199 -15
200 -7
201 -6
202 -6
203 -6
204 -15
205 -7
206 -8
207 -15
208 -50
209 -15
210 -50
211 -49
212 -7
213 -15
214 -44
215 -14
216 -50
217 -30
218 -14
219 -6
220 -15
221 -6
222 -6
223 -15
224 -15
225 -6
226 -50
227 -6
228 -15
229 -6
230 -49
231 -6
232 -15
233 -6
234 -15
235 -6
236 -13
237 -24
238 -6
239 -6
240 -50
241 -15
242 -50
243 -15
244 -44
245 -6
246 -6
247 -12
248 -15
249 -50
250 -15
251 -15
252 -15
253 -6
254 -15
255 -6
256 -15
257 -49
258 -6
259 -6
260 -15
261 -6
262 -6
263 -30
264 -6
265 -15
266 -16
267 -40
268 -15
269 -6
270 -20
271 -50
272 -15
273 -15
274 -11
275 -6
276 -6
277 -15
278 -14
279 -28
280 -49
281 -15
282 -8
283 -11
284 -50
285 -15
286 -45
287 -6
288 -30
289 -6
290 -6
291 -15
292 -15
293 -15
294 -40
295 -29
296 -15
297 -14
298 -44
299 -15
300 -6
301 -14
302 -15
303 -6
304 -16
305 -15
306 -6
307 -17
308 -7
309 -6
310 -15
311 -15
312 -15
313 -15
314 -6
315 -14
316 -45
317 -45
318 -15
319 -6
320 -15
321 -6
322 -51
323 -6
324 -15
325 -15
326 -14
327 -15
328 -6
329 -7
330 -6
331 -15
332 -15
333 -15
334 -11
335 -6
336 -49
337 -15
338 -14
339 -40
340 -6
341 -15
342 -15
343 -6
344 -15
345 -6
346 -14
347 -14
348 -45
349 -6
350 -30
351 -6
352 -6
353 -6
354 -50
355 -6
356 -15
357 -29
358 -45
359 -13
360 -40
361 -15
362 -15
363 -6
364 -40
365 -15
366 -30
367 -15
368 -40
369 -15
370 -6
371 -15
372 -17
373 -30
374 -12
375 -50
376 -7
377 -15
378 -6
379 -50
380 -7
381 -18
382 -15
383 -6
384 -15
385 -15
386 -15
387 -15
388 -49
389 -30
390 -7
391 -6
392 -6
393 -8
394 -15
395 -6
396 -6
397 -6
398 -6
399 -6
400 -29
401 -49
402 -49
403 -7
404 -6
405 -6
406 -40
407 -14
408 -40
409 -15
410 -15
411 -6
412 -10
413 -15
414 -45
415 -6
416 -7
417 -6
418 -45
419 -6
420 -15
421 -6
422 -6
423 -22
424 -6
425 -15
426 -6
427 -7
428 -14
429 -6
430 -15
431 -14
432 -9
433 -50
434 -15
435 -6
436 -6
437 -6
438 -6
439 -6
440 -29
441 -11
442 -15
443 -6
444 -40
445 -44
446 -50
447 -15
448 -7
449 -6
450 -6
451 -6
452 -15
453 -11
454 -6
455 -15
456 -15
457 -15
458 -6
459 -14
460 -15
461 -15
462 -49
463 -7
464 -6
465 -6
466 -45
467 -6
468 -14
469 -40
470 -15
471 -6
472 -6
473 -19
474 -15
475 -29
476 -40
477 -6
478 -50
479 -15
480 -19
481 -15
482 -15
483 -15
484 -6
485 -6
486 -7
487 -40
488 -6
489 -6
490 -6
491 -6
492 -30
493 -15
494 -30
495 -50
496 -40
497 -6
498 -6
499 -6
500 -6
501 -6
502 -15
503 -6
504 -6
505 -15
506 -6
507 -15
508 -15
509 -15
510 -15
511 -15
512 -15
513 -15
514 -7
515 -19
516 -6
517 -15
518 -6
519 -15
520 -6
521 -6
522 -6
523 -6
524 -15
525 -20
526 -6
527 -6
528 -6
529 -6
530 -6
531 -49
532 -14
533 -6
534 -6
535 -15
536 -6
537 -15
538 -15
539 -14
540 -30
541 -45
542 -11
543 -7
544 -6
545 -15
546 -17
547 -15
548 -6
549 -49
550 -6
551 -6
552 -6
553 -15
554 -6
555 -15
556 -15
557 -6
558 -6
559 -44
560 -15
561 -6
562 -49
563 -50
564 -15
565 -6
566 -6
567 -15
568 -15
569 -40
570 -45
571 -15
572 -49
573 -15
574 -15
575 -50
576 -6
577 -6
578 -6
579 -30
580 -6
581 -7
582 -29
583 -6
584 -7
585 -50
586 -15
587 -30
588 -24
589 -30
590 -15
591 -15
592 -15
593 -6
594 -8
595 -6
596 -6
597 -6
598 -14
599 -16
600 -15
601 -44
602 -30
603 -15
604 -6
605 -15
606 -6
607 -50
608 -15
609 -6
610 -15
611 -6
612 -15
613 -14
614 -6
615 -49
616 -15
617 -14
618 -15
619 -6
620 -20
621 -6
622 -6
623 -6
624 -6
625 -6
626 -6
627 -6
628 -6
629 -9
630 -15
631 -29
632 -15
633 -29
634 -44
635 -15
636 -15
637 -6
638 -15
639 -6
640 -6
641 -40
642 -6
643 -40
644 -6
645 -6
646 -8
647 -6
648 -15
649 -7
650 -50
651 -44
652 -6
653 -45
654 -14
655 -49
656 -6
657 -14
658 -6
659 -6
660 -10
661 -6
662 -6
663 -15
664 -6
665 -6
666 -6
667 -14
668 -6
669 -20
670 -15
671 -55
672 -15
673 -15
674 -15
675 -44
676 -6
677 -30
678 -6
679 -15
680 -6
681 -6
682 -7
683 -15
684 -6
685 -6
686 -6
687 -6
688 -44
689 -22
690 -6
691 -6
692 -15
693 -15
694 -15
695 -15
696 -15
697 -15
698 -15
699 -40
700 -15
701 -6
702 -29
703 -15
704 -15
705 -40
706 -6
707 -15
708 -6
709 -6
710 -6
711 -15
712 -15
713 -6
714 -6
715 -15
716 -15
717 -22
718 -6
719 -7
720 -29
721 -15
722 -15
723 -6
724 -30
725 -15
726 -15
727 -14
728 -15
729 -50
730 -40
731 -45
732 -50
733 -16
734 -6
735 -40
736 -6
737 -15
738 -6
739 -40
740 -14
741 -15
742 -40
743 -30
744 -6
745 -6
746 -49
747 -10
748 -13
749 -6
750 -15
751 -45
752 -7
753 -6
754 -15
755 -6
756 -15
757 -44
758 -6
759 -49
760 -15
761 -6
762 -30
763 -6
764 -29
765 -6
766 -14
767 -40
768 -50
769 -15
770 -6
771 -15
772 -30
773 -50
774 -6
775 -6
776 -6
777 -6
778 -6
779 -15
780 -15
781 -15
782 -30
783 -15
784 -7
785 -15
786 -15
787 -15
788 -15
789 -6
790 -6
791 -15
792 -15
793 -30
794 -15
795 -40
796 -6
797 -15
798 -15
799 -15
800 -30
801 -40
802 -6
803 -6
804 -6
805 -6
806 -6
807 -14
808 -6
809 -16
810 -6
811 -15
812 -15
813 -6
814 -6
815 -50
816 -14
817 -7
818 -15
819 -15
820 -49
821 -40
822 -6
823 -15
824 -15
825 -6
826 -11
827 -6
828 -14
829 -6
830 -7
831 -15
832 -6
833 -44
834 -15
835 -6
836 -6
837 -6
838 -15
839 -50
840 -15
841 -6
842 -6
843 -15
844 -15
845 -15
846 -49
847 -6
848 -15
849 -40
850 -6
851 -6
852 -49
853 -6
854 -15
855 -15
856 -6
857 -15
858 -6
859 -6
860 -6
861 -6
862 -19
863 -6
864 -7
865 -15
866 -6
867 -6
868 -15
869 -6
870 -6
871 -49
872 -15
873 -50
874 -7
875 -6
876 -50
877 -6
878 -6
879 -15
880 -6
881 -14
882 -15
883 -15
884 -15
885 -7
886 -15
887 -44
888 -15
889 -50
890 -14
891 -44
892 -6
893 -6
894 -6
895 -6
896 -6
897 -6
898 -6
899 -14
900 -6
901 -15
902 -6
903 -16
904 -15
905 -50
906 -15
907 -15
908 -15
909 -14
910 -6
911 -6
912 -15
913 -15
914 -6
915 -15
916 -15
917 -15
918 -6
919 -51
920 -15
921 -15
922 -6
923 -40
924 -15
925 -44
926 -50
927 -7
928 -15
929 -16
930 -6
931 -26
932 -15
933 -30
934 -15
935 -29
936 -14
937 -8
938 -40
939 -6
940 -15
941 -6
942 -6
943 -29
944 -15
945 -6
946 -15
947 -15
948 -30
949 -15
950 -6
951 -6
952 -6
953 -6
954 -15
955 -40
956 -6
957 -6
958 -6
959 -6
960 -7
961 -6
962 -6
963 -6
964 -15
965 -40
966 -19
967 -6
968 -7
969 -15
970 -6
971 -6
972 -15
973 -49
974 -15
975 -9
976 -6
977 -44
978 -8
979 -7
980 -15
981 -6
982 -29
983 -30
984 -6
985 -15
986 -6
987 -6
988 -6
989 -6
990 -6
991 -29
992 -15
993 -6
994 -7
995 -50
996 -6
997 -6
998 -6
999 -45
