0 -13
1 -6
2 -7
3 -6
4 -6
5 -9
6 -6
7 -6
8 -6
9 -14
10 -6
11 -13
12 -7
13 -13
14 -13
15 -54
16 -9
17 -9
18 -13
19 -13
20 -7
21 -16
22 -13
23 -13
24 -13
25 -6
26 -9
27 -13
28 -13
29 -13
30 -7
31 -9
32 -9
33 -9
34 -13
35 -6
36 -6
37 -13
38 -9
39 -9
40 -6
41 -9
42 -6
43 -6
44 -13
45 -6
46 -9
47 -9
48 -13
49 -11
50 -14
51 -14
52 -6
53 -13
54 -9
55 -9
56 -13
57 -13
58 -13
59 -14
60 -6
61 -9
62 -7
63 -7
64 -7
65 -9
66 -9
67 -14
68 -10
69 -9
70 -9
71 -9
72 -7
73 -6
74 -13
75 -7
76 -6
77 -14
78 -12
79 -13
80 -6
81 -13
82 -7
83 -13
84 -9
85 -13
86 -7
87 -14
88 -7
89 -13
90 -15
91 -6
92 -14
93 -9
94 -6
95 -13
96 -13
97 -18
98 -6
99 -13
100 -14
101 -8
102 -9
103 -13
104 -13
105 -13
106 -7
107 -6
108 -14
109 -6
110 -7
111 -13
112 -13
113 -7
114 -13
115 -14
116 -13
117 -7
118 -9
119 -9
120 -7
121 -14
122 -6
123 -13
124 -6
125 -6
126 -6
127 -13
128 -9
129 -6
130 -14
131 -6
132 -13
133 -40
134 -9
135 -14
136 -7
137 -7
138 -7
139 -14
140 -9
141 -7
142 -6
143 -14
144 -7
145 -13
146 -6
147 -7
148 -13
149 -7
150 -13
151 -6
152 -6
153 -6
154 -9
155 -13
156 -9
157 -6
158 -13
159 -13
160 -9
161 -13
162 -6
163 -12
164 -13
165 -9
166 -13
167 -7
168 -7
169 -13
170 -7
171 -13
172 -9
173 -9
174 -14
175 -9
176 -13
177 -9
178 -6
179 -14
180 -7
181 -9
182 -14
183 -7
184 -6
185 -13
186 -9
187 -9
188 -13
189 -7
190 -13
191 -14
192 -9
193 -9
194 -9
195 -9
196 -7
197 -13
198 -13
199 -6
200 -13
201 -7
202 -6
203 -7
204 -14
205 -9
206 -13
207 -6
208 -16
209 -13
210 -6
211 -6
212 -14
213 -13
214 -13
215 -13
216 -7
217 -9
218 -7
219 -13
220 -7
221 -6
222 -13
223 -7
224 -6
225 -14
226 -6
227 -6
228 -9
229 -13
230 -6
231 -6
232 -7
233 -6
234 -13
235 -6
236 -14
237 -7
238 -14
239 -17
240 -13
241 -6
242 -8
243 -7
244 -13
245 -9
246 -9
247 -13
248 -19
249 -14
250 -13
251 -14
252 -14
253 -13
254 -9
255 -14
256 -6
257 -6
258 -6
259 -13
260 -6
261 -13
262 -9
263 -13
264 -6
265 -9
266 -6
267 -6
268 -6
269 -6
270 -6
271 -6
272 -13
273 -7
274 -6
275 -14
276 -9
277 -6
278 -13
279 -14
280 -6
281 -11
282 -14
283 -7
284 -14
285 -9
286 -13
287 -6
288 -6
289 -6
290 -6
291 -6
292 -6
293 -6
294 -6
295 -9
296 -13
297 -7
298 -13
299 -6
300 -17
301 -9
302 -13
303 -7
304 -13
305 -14
306 -13
307 -13
308 -9
309 -13
310 -7
311 -13
312 -14
313 -6
314 -13
315 -14
316 -6
317 -9
318 -13
319 -9
320 -7
321 -19
322 -6
323 -13
324 -6
325 -6
326 -7
327 -6
328 -15
329 -13
330 -14
331 -13
332 -14
333 -6
334 -6
335 -13
336 -9
337 -6
338 -14
339 -14
340 -8
341 -7
342 -9
343 -9
344 -14
345 -13
346 -6
347 -6
348 -13
349 -9
350 -9
351 -6
352 -9
353 -9
354 -13
355 -13
356 -14
357 -7
358 -13
359 -14
360 -7
361 -7
362 -44
363 -14
364 -7
365 -13
366 -6
367 -14
368 -6
369 -6
370 -7
371 -14
372 -6
373 -6
374 -13
375 -13
376 -6
377 -6
378 -7
379 -13
380 -9
381 -6
382 -7
383 -7
384 -13
385 -7
386 -13
387 -6
388 -13
389 -13
390 -13
391 -6
392 -7
393 -13
394 -14
395 -6
396 -13
397 -6
398 -13
399 -6
400 -13
401 -6
402 -13
403 -6
404 -13
405 -13
406 -13
407 -6
408 -6
409 -6
410 -6
411 -9
412 -6
413 -13
414 -6
415 -7
416 -7
417 -6
418 -13
419 -6
420 -13
421 -13
422 -13
423 -6
424 -13
425 -13
426 -13
427 -7
428 -14
429 -14
430 -9
431 -7
432 -13
433 -9
434 -9
435 -6
436 -13
437 -13
438 -9
439 -6
440 -14
441 -6
442 -6
443 -6
444 -7
445 -14
446 -14
447 -7
448 -6
449 -9
450 -13
451 -6
452 -6
453 -7
454 -6
455 -6
456 -13
457 -6
458 -14
459 -6
460 -7
461 -6
462 -6
463 -14
464 -6
465 -14
466 -13
467 -7
468 -9
469 -13
470 -6
471 -14
472 -6
473 -6
474 -9
475 -9
476 -6
477 -14
478 -13
479 -9
480 -6
481 -13
482 -9
483 -14
484 -17
485 -13
486 -14
487 -14
488 -14
489 -6
490 -9
491 -9
492 -6
493 -6
494 -7
495 -13
496 -6
497 -6
498 -13
499 -14
500 -13
501 -6
502 -7
503 -6
504 -14
505 -13
506 -7
507 -6
508 -18
509 -7
510 -10
511 -13
512 -14
513 -7
514 -7
515 -6
516 -7
517 -6
518 -14
519 -13
520 -9
521 -15
522 -7
523 -9
524 -14
525 -13
526 -7
527 -6
528 -13
529 -6
530 -9
531 -13
532 -13
533 -6
534 -14
535 -13
536 -14
537 -9
538 -13
539 -6
540 -6
541 -14
542 -13
543 -6
544 -44
545 -13
546 -6
547 -7
548 -14
549 -6
550 -14
551 -22
552 -9
553 -14
554 -13
555 -13
556 -13
557 -14
558 -14
559 -13
560 -13
561 -12
562 -6
563 -7
564 -6
565 -9
566 -14
567 -7
568 -7
569 -6
570 -7
571 -62
572 -13
573 -7
574 -6
575 -13
576 -6
577 -13
578 -6
579 -7
580 -13
581 -6
582 -7
583 -9
584 -14
585 -13
586 -13
587 -6
588 -14
589 -6
590 -9
591 -13
592 -9
593 -6
594 -6
595 -14
596 -9
597 -7
598 -7
599 -14
600 -15
601 -13
602 -6
603 -7
604 -7
605 -17
606 -9
607 -9
608 -6
609 -6
610 -13
611 -9
612 -6
613 -62
614 -13
615 -14
616 -6
617 -13
618 -6
619 -6
620 -9
621 -9
622 -9
623 -13
624 -7
625 -6
626 -14
627 -13
628 -13
629 -13
630 -9
631 -14
632 -6
633 -6
634 -13
635 -7
636 -6
637 -13
638 -13
639 -17
640 -14
641 -13
642 -13
643 -9
644 -13
645 -14
646 -13
647 -6
648 -6
649 -7
650 -14
651 -13
652 -7
653 -9
654 -15
655 -9
656 -13
657 -7
658 -6
659 -13
660 -7
661 -6
662 -9
663 -7
664 -13
665 -13
666 -6
667 -6
668 -13
669 -6
670 -7
671 -15
672 -9
673 -7
674 -7
675 -6
676 -13
677 -7
678 -14
679 -9
680 -13
681 -6
682 -13
683 -13
684 -6
685 -7
686 -14
687 -9
688 -7
689 -13
690 -6
691 -6
692 -6
693 -7
694 -14
695 -6
696 -7
697 -9
698 -13
699 -6
700 -13
701 -7
702 -6
703 -13
704 -13
705 -9
706 -9
707 -9
708 -6
709 -19
710 -14
711 -7
712 -7
713 -13
714 -6
715 -6
716 -6
717 -7
718 -13
719 -6
720 -6
721 -6
722 -13
723 -6
724 -14
725 -7
726 -7
727 -9
728 -14
729 -9
730 -6
731 -6
732 -9
733 -17
734 -9
735 -14
736 -9
737 -7
738 -13
739 -6
740 -6
741 -14
742 -8
743 -6
744 -7
745 -13
746 -13
747 -6
748 -13
749 -13
750 -14
751 -9
752 -13
753 -7
754 -7
755 -9
756 -13
757 -6
758 -14
759 -7
760 -7
761 -9
762 -14
763 -7
764 -9
765 -9
766 -14
767 -13
768 -6
769 -6
770 -7
771 -6
772 -14
773 -7
774 -14
775 -7
776 -9
777 -6
778 -12
779 -6
780 -7
781 -6
782 -7
783 -9
784 -9
785 -6
786 -13
787 -14
788 -9
789 -14
790 -7
791 -14
792 -7
793 -7
794 -9
795 -12
796 -13
797 -7
798 -13
799 -6
800 -13
801 -6
802 -9
803 -9
804 -13
805 -13
806 -10
807 -13
808 -13
809 -13
810 -13
811 -13
812 -7
813 -14
814 -12
815 -9
816 -6
817 -7
818 -13
819 -6
820 -6
821 -9
822 -13
823 -14
824 -9
825 -6
826 -7
827 -13
828 -14
829 -9
830 -7
831 -14
832 -7
833 -14
834 -6
835 -13
836 -9
837 -6
838 -14
839 -10
840 -13
841 -13
842 -13
843 -9
844 -9
845 -13
846 -13
847 -7
848 -6
849 -13
850 -13
851 -7
852 -13
853 -13
854 -14
855 -9
856 -13
857 -7
858 -6
859 -14
860 -13
861 -13
862 -6
863 -7
864 -7
865 -6
866 -9
867 -6
868 -13
869 -6
870 -6
871 -6
872 -9
873 -7
874 -13
875 -13
876 -9
877 -6
878 -13
879 -9
880 -7
881 -6
882 -14
883 -6
884 -13
885 -19
886 -13
887 -7
888 -13
889 -13
890 -14
891 -7
892 -13
893 -6
894 -13
895 -7
896 -14
897 -13
898 -6
899 -13
900 -6
901 -14
902 -13
903 -13
904 -7
905 -6
906 -6
907 -6
908 -13
909 -9
910 -6
911 -14
912 -13
913 -6
914 -7
915 -14
916 -7
917 -13
918 -10
919 -14
920 -9
921 -13
922 -13
923 -6
924 -6
925 -13
926 -7
927 -14
928 -12
929 -6
930 -7
931 -13
932 -7
933 -9
934 -9
935 -13
936 -13
937 -6
938 -6
939 -13
940 -9
941 -14
942 -6
943 -6
944 -13
945 -14
946 -6
947 -14
948 -13
949 -20
950 -13
951 -13
952 -13
953 -13
954 -6
955 -17
956 -7
957 -7
958 -6
959 -7
960 -9
961 -13
962 -13
963 -9
964 -6
965 -7
966 -9
967 -13
968 -6
969 -14
970 -7
971 -13
972 -13
973 -9
974 -6
975 -7
976 -6
977 -13
978 -6
979 -13
980 -13
981 -6
982 -13
983 -7
984 -14
985 -14
986 -13
987 -6
988 -9
989 -13
990 -13
991 -6
992 -14
993 -6
994 -7
995 -13
996 -6
997 -6
998 -6
999 -7
