0 -13
1 -10
2 -14
3 -6
4 -14
5 -6
6 -13
7 -6
8 -10
9 -6
10 -10
11 -6
12 -6
13 -10
14 -10
15 -13
16 -6
17 -6
18 -6
19 -6
20 -10
21 -13
22 -6
23 -13
24 -13
25 -6
26 -14
27 -10
28 -6
29 -13
30 -13
31 -6
32 -6
33 -6
34 -6
35 -10
36 -14
37 -6
38 -6
39 -13
40 -6
41 -13
42 -18
43 -6
44 -13
45 -10
46 -6
47 -14
48 -13
49 -13
50 -14
51 -6
52 -6
53 -13
54 -6
55 -15
56 -13
57 -13
58 -14
59 -14
60 -13
61 -6
62 -6
63 -14
64 -10
65 -6
66 -13
67 -6
68 -6
69 -6
70 -6
71 -13
72 -13
73 -13
74 -6
75 -10
76 -13
77 -14
78 -6
79 -14
80 -13
81 -6
82 -13
83 -13
84 -13
85 -13
86 -14
87 -42
88 -13
89 -6
90 -13
91 -9
92 -15
93 -6
94 -6
95 -13
96 -13
97 -10
98 -6
99 -6
100 -6
101 -14
102 -14
103 -13
104 -6
105 -6
106 -6
107 -13
108 -6
109 -6
110 -6
111 -13
112 -6
113 -13
114 -13
115 -13
116 -6
117 -6
118 -13
119 -14
120 -6
121 -6
122 -6
123 -10
124 -10
125 -6
126 -6
127 -6
128 -13
129 -6
130 -13
131 -6
132 -13
133 -6
134 -6
135 -10
136 -13
137 -13
138 -13
139 -14
140 -10
141 -6
142 -13
143 -6
144 -10
145 -6
146 -10
147 -14
148 -10
149 -14
150 -13
151 -10
152 -6
153 -13
154 -6
155 -6
156 -13
157 -6
158 -10
159 -6
160 -6
161 -6
162 -13
163 -6
164 -14
165 -13
166 -10
167 -6
168 -13
169 -13
170 -14
171 -13
172 -13
173 -6
174 -13
175 -6
176 -13
177 -20
178 -13
179 -6
180 -6
181 -13
182 -13
183 -6
184 -6
185 -13
186 -14
187 -6
188 -13
189 -6
190 -13
191 -13
192 -13
193 -13
194 -13
195 -6
196 -10
197 -6
198 -14
199 -13
200 -6
201 -13
202 -10
203 -6
204 -10
205 -13
206 -14
207 -14
208 -7
209 -14
210 -13
211 -6
212 -13
213 -13
214 -15
215 -6
216 -10
217 -14
218 -13
219 -10
220 -10
221 -10
222 -13
223 -6
224 -6
225 -6
226 -6
227 -6
228 -13
229 -13
230 -6
231 -6
232 -6
233 -14
234 -10
235 -10
236 -13
237 -14
238 -6
239 -13
240 -13
241 -6
242 -10
243 -6
244 -14
245 -10
246 -13
247 -13
248 -10
249 -10
250 -6
251 -22
252 -14
253 -13
254 -6
255 -13
256 -13
257 -8
258 -14
259 -13
260 -6
261 -6
262 -6
263 -6
264 -13
265 -6
266 -6
267 -13
268 -14
269 -6
270 -6
271 -6
272 -6
273 -6
274 -6
275 -6
276 -6
277 -13
278 -13
279 -6
280 -10
281 -6
282 -13
283 -11
284 -14
285 -17
286 -18
287 -6
288 -6
289 -14
290 -13
291 -6
292 -6
293 -13
294 -10
295 -13
296 -13
297 -13
298 -13
299 -39
300 -6
301 -10
302 -14
303 -13
304 -13
305 -13
306 -6
307 -13
308 -13
309 -10
310 -10
311 -14
312 -13
313 -6
314 -6
315 -14
316 -40
317 -14
318 -14
319 -6
320 -13
321 -6
322 -13
323 -14
324 -13
325 -13
326 -6
327 -6
328 -10
329 -10
330 -6
331 -6
332 -6
333 -6
334 -6
335 -13
336 -14
337 -6
338 -6
339 -13
340 -6
341 -13
342 -6
343 -14
344 -14
345 -6
346 -6
347 -10
348 -6
349 -13
350 -6
351 -13
352 -14
353 -6
354 -13
355 -6
356 -6
357 -6
358 -6
359 -6
360 -6
361 -6
362 -13
363 -6
364 -13
365 -13
366 -18
367 -13
368 -13
369 -6
370 -13
371 -13
372 -13
373 -23
374 -6
375 -6
376 -14
377 -13
378 -14
379 -10
380 -13
381 -10
382 -6
383 -6
384 -6
385 -6
386 -13
387 -9
388 -14
389 -6
390 -13
391 -13
392 -13
393 -16
394 -6
395 -14
396 -6
397 -14
398 -13
399 -6
400 -6
401 -6
402 -6
403 -10
404 -6
405 -10
406 -6
407 -14
408 -6
409 -15
410 -6
411 -6
412 -6
413 -13
414 -14
415 -6
416 -6
417 -6
418 -6
419 -6
420 -13
421 -10
422 -14
423 -6
424 -14
425 -6
426 -6
427 -10
428 -6
429 -13
430 -10
431 -13
432 -13
433 -6
434 -6
435 -6
436 -20
437 -6
438 -6
439 -13
440 -6
441 -6
442 -12
443 -13
444 -6
445 -6
446 -13
447 -6
448 -10
449 -13
450 -13
451 -14
452 -34
453 -10
454 -10
455 -13
456 -6
457 -10
458 -13
459 -14
460 -14
461 -6
462 -6
463 -14
464 -13
465 -6
466 -6
467 -6
468 -6
469 -10
470 -6
471 -13
472 -6
473 -6
474 -10
475 -6
476 -13
477 -6
478 -6
479 -6
480 -6
481 -6
482 -6
483 -13
484 -13
485 -14
486 -13
487 -14
488 -13
489 -6
490 -6
491 -10
492 -6
493 -6
494 -6
495 -6
496 -14
497 -8
498 -14
499 -14
500 -6
501 -14
502 -13
503 -13
504 -13
505 -14
506 -13
507 -10
508 -14
509 -6
510 -13
511 -13
512 -6
513 -6
514 -6
515 -13
516 -6
517 -6
518 -10
519 -14
520 -13
521 -6
522 -14
523 -14
524 -6
525 -44
526 -6
527 -13
528 -13
529 -13
530 -6
531 -6
532 -13
533 -6
534 -13
535 -14
536 -13
537 -6
538 -6
539 -13
540 -14
541 -6
542 -6
543 -6
544 -13
545 -13
546 -14
547 -6
548 -17
549 -6
550 -6
551 -6
552 -6
553 -6
554 -13
555 -6
556 -6
557 -14
558 -13
559 -6
560 -6
561 -6
562 -13
563 -6
564 -14
565 -13
566 -13
567 -6
568 -13
569 -6
570 -13
571 -6
572 -14
573 -6
574 -6
575 -6
576 -13
577 -6
578 -13
579 -6
580 -6
581 -14
582 -14
583 -6
584 -40
585 -13
586 -6
587 -6
588 -6
589 -14
590 -13
591 -6
592 -13
593 -14
594 -6
595 -13
596 -6
597 -14
598 -13
599 -6
600 -6
601 -6
602 -6
603 -6
604 -16
605 -6
606 -6
607 -6
608 -14
609 -6
610 -13
611 -6
612 -13
613 -13
614 -14
615 -6
616 -13
617 -17
618 -6
619 -6
620 -10
621 -6
622 -6
623 -6
624 -13
625 -13
626 -13
627 -13
628 -6
629 -6
630 -13
631 -6
632 -6
633 -14
634 -6
635 -19
636 -6
637 -10
638 -6
639 -6
640 -6
641 -13
642 -6
643 -6
644 -6
645 -10
646 -13
647 -6
648 -14
649 -22
650 -14
651 -18
652 -6
653 -6
654 -10
655 -13
656 -13
657 -13
658 -13
659 -13
660 -6
661 -13
662 -10
663 -6
664 -6
665 -10
666 -13
667 -10
668 -6
669 -13
670 -13
671 -13
672 -13
673 -13
674 -6
675 -6
676 -14
677 -6
678 -13
679 -10
680 -10
681 -13
682 -13
683 -13
684 -13
685 -10
686 -13
687 -6
688 -6
689 -6
690 -14
691 -6
692 -6
693 -6
694 -6
695 -10
696 -13
697 -10
698 -13
699 -12
700 -6
701 -6
702 -14
703 -14
704 -13
705 -6
706 -6
707 -6
708 -6
709 -10
710 -6
711 -19
712 -6
713 -6
714 -13
715 -6
716 -13
717 -6
718 -6
719 -13
720 -6
721 -6
722 -13
723 -14
724 -6
725 -6
726 -6
727 -14
728 -13
729 -10
730 -6
731 -6
732 -13
733 -13
734 -19
735 -13
736 -6
737 -12
738 -14
739 -14
740 -6
741 -6
742 -6
743 -13
744 -6
745 -6
746 -14
747 -6
748 -6
749 -14
750 -6
751 -13
752 -10
753 -10
754 -13
755 -6
756 -7
757 -13
758 -6
759 -6
760 -13
761 -6
762 -6
763 -14
764 -6
765 -14
766 -10
767 -6
768 -13
769 -13
770 -10
771 -13
772 -6
773 -13
774 -6
775 -13
776 -6
777 -6
778 -6
779 -6
780 -13
781 -13
782 -6
783 -13
784 -14
785 -14
786 -6
787 -6
788 -15
789 -13
790 -10
791 -6
792 -6
793 -6
794 -6
795 -10
796 -10
797 -10
798 -6
799 -6
800 -6
801 -13
802 -6
803 -10
804 -14
805 -14
806 -10
807 -6
808 -14
809 -14
810 -6
811 -6
812 -6
813 -13
814 -13
815 -10
816 -6
817 -13
818 -6
819 -13
820 -6
821 -10
822 -6
823 -10
824 -14
825 -6
826 -13
827 -10
828 -13
829 -10
830 -10
831 -6
832 -14
833 -13
834 -14
835 -6
836 -6
837 -14
838 -6
839 -6
840 -6
841 -6
842 -6
843 -6
844 -13
845 -6
846 -14
847 -13
848 -6
849 -10
850 -6
851 -6
852 -6
853 -6
854 -6
855 -13
856 -10
857 -13
858 -6
859 -14
860 -39
861 -13
862 -10
863 -13
864 -14
865 -13
866 -10
867 -6
868 -6
869 -13
870 -6
871 -13
872 -13
873 -6
874 -6
875 -14
876 -6
877 -10
878 -6
879 -10
880 -6
881 -6
882 -6
883 -6
884 -13
885 -6
886 -13
887 -14
888 -10
889 -13
890 -6
891 -13
892 -6
893 -13
894 -14
895 -13
896 -12
897 -13
898 -10
899 -13
900 -10
901 -13
902 -14
903 -6
904 -6
905 -6
906 -10
907 -13
908 -6
909 -6
910 -6
911 -6
912 -13
913 -6
914 -10
915 -13
916 -6
917 -6
918 -13
919 -13
920 -14
921 -13
922 -15
923 -6
924 -10
925 -10
926 -13
927 -6
928 -10
929 -13
930 -6
931 -6
932 -13
933 -12
934 -14
935 -6
936 -13
937 -14
938 -12
939 -14
940 -6
941 -6
942 -6
943 -6
944 -6
945 -13
946 -13
947 -17
948 -14
949 -10
950 -13
951 -6
952 -13
953 -6
954 -6
955 -14
956 -14
957 -6
958 -6
959 -6
960 -13
961 -14
962 -10
963 -8
964 -13
965 -6
966 -6
967 -11
968 -13
969 -6
970 -6
971 -13
972 -13
973 -6
974 -6
975 -6
976 -6
977 -13
978 -14
979 -13
980 -6
981 -6
982 -6
983 -13
984 -6
985 -6
986 -6
987 -13
988 -6
989 -6
990 -6
991 -10
992 -15
993 -14
994 -6
995 -6
996 -14
997 -6
998 -13
999 -6
