0 -13
1 -14
2 -8
3 -8
4 -6
5 -6
6 -13
7 -8
8 -8
9 -13
10 -6
11 -13
12 -8
13 -13
14 -13
15 -14
16 -6
17 -8
18 -8
19 -14
20 -6
21 -8
22 -6
23 -13
24 -6
25 -14
26 -6
27 -13
28 -13
29 -14
30 -13
31 -14
32 -14
33 -14
34 -13
35 -14
36 -13
37 -8
38 -13
39 -8
40 -14
41 -13
42 -6
43 -8
44 -8
45 -8
46 -13
47 -8
48 -6
49 -6
50 -14
51 -13
52 -13
53 -6
54 -14
55 -13
56 -13
57 -13
58 -6
59 -6
60 -6
61 -14
62 -8
63 -13
64 -6
65 -8
66 -6
67 -6
68 -8
69 -6
70 -6
71 -13
72 -6
73 -13
74 -8
75 -13
76 -13
77 -6
78 -8
79 -13
80 -6
81 -13
82 -8
83 -8
84 -13
85 -6
86 -6
87 -8
88 -13
89 -13
90 -13
91 -8
92 -6
93 -6
94 -6
95 -8
96 -13
97 -8
98 -14
99 -13
100 -6
101 -13
102 -8
103 -8
104 -13
105 -13
106 -8
107 -18
108 -13
109 -8
110 -6
111 -14
112 -13
113 -13
114 -8
115 -13
116 -13
117 -8
118 -6
119 -13
120 -8
121 -13
122 -13
123 -6
124 -6
125 -14
126 -8
127 -13
128 -8
129 -8
130 -14
131 -6
132 -6
133 -8
134 -8
135 -13
136 -8
137 -13
138 -13
139 -6
140 -13
141 -6
142 -13
143 -6
144 -13
145 -13
146 -6
147 -8
148 -14
149 -8
150 -6
151 -8
152 -6
153 -6
154 -8
155 -8
156 -13
157 -6
158 -6
159 -6
160 -8
161 -6
162 -14
163 -8
164 -8
165 -8
166 -12
167 -14
168 -13
169 -13
170 -8
171 -6
172 -6
173 -13
174 -6
175 -13
176 -13
177 -6
178 -8
179 -8
180 -6
181 -13
182 -6
183 -6
184 -8
185 -6
186 -8
187 -20
188 -6
189 -6
190 -13
191 -13
192 -14
193 -13
194 -18
195 -13
196 -13
197 -13
198 -8
199 -13
200 -14
201 -14
202 -6
203 -8
204 -13
205 -8
206 -14
207 -13
208 -13
209 -8
210 -8
211 -13
212 -8
213 -6
214 -6
215 -13
216 -8
217 -14
218 -8
219 -14
220 -13
221 -8
222 -13
223 -14
224 -6
225 -13
226 -13
227 -6
228 -6
229 -6
230 -13
231 -6
232 -6
233 -13
234 -8
235 -13
236 -13
237 -8
238 -8
239 -13
240 -8
241 -8
242 -6
243 -8
244 -6
245 -8
246 -6
247 -6
248 -6
249 -13
250 -14
251 -8
252 -13
253 -6
254 -8
255 -13
256 -8
257 -15
258 -6
259 -9
260 -14
261 -13
262 -13
263 -8
264 -6
265 -13
266 -6
267 -6
268 -6
269 -8
270 -8
271 -6
272 -14
273 -13
274 -8
275 -8
276 -6
277 -8
278 -13
279 -8
280 -14
281 -6
282 -6
283 -17
284 -8
285 -8
286 -14
287 -13
288 -13
289 -13
290 -13
291 -6
292 -18
293 -15
294 -6
295 -13
296 -8
297 -8
298 -13
299 -8
300 -13
301 -8
302 -14
303 -18
304 -8
305 -6
306 -13
307 -8
308 -6
309 -13
310 -26
311 -13
312 -14
313 -8
314 -13
315 -6
316 -14
317 -18
318 -8
319 -14
320 -14
321 -14
322 -6
323 -6
324 -13
325 -6
326 -6
327 -13
328 -23
329 -6
330 -14
331 -6
332 -13
333 -13
334 -8
335 -8
336 -13
337 -14
338 -14
339 -8
340 -13
341 -13
342 -8
343 -6
344 -6
345 -14
346 -6
347 -8
348 -14
349 -16
350 -6
351 -6
352 -14
353 -6
354 -14
355 -8
356 -14
357 -14
358 -13
359 -13
360 -6
361 -13
362 -6
363 -6
364 -8
365 -8
366 -6
367 -13
368 -14
369 -8
370 -8
371 -14
372 -6
373 -6
374 -8
375 -14
376 -6
377 -8
378 -6
379 -8
380 -13
381 -6
382 -8
383 -13
384 -6
385 -13
386 -8
387 -14
388 -13
389 -13
390 -13
391 -6
392 -13
393 -8
394 -14
395 -8
396 -13
397 -8
398 -8
399 -6
400 -8
401 -13
402 -6
403 -6
404 -13
405 -6
406 -13
407 -8
408 -14
409 -6
410 -13
411 -14
412 -8
413 -11
414 -14
415 -8
416 -8
417 -13
418 -14
419 -6
420 -8
421 -6
422 -6
423 -6
424 -8
425 -13
426 -6
427 -14
428 -6
429 -13
430 -13
431 -8
432 -6
433 -8
434 -6
435 -11
436 -6
437 -8
438 -14
439 -13
440 -8
441 -6
442 -6
443 -8
444 -6
445 -14
446 -6
447 -13
448 -8
449 -13
450 -14
451 -6
452 -8
453 -8
454 -8
455 -6
456 -6
457 -8
458 -14
459 -8
460 -14
461 -13
462 -6
463 -6
464 -8
465 -8
466 -14
467 -6
468 -6
469 -6
470 -6
471 -6
472 -6
473 -14
474 -13
475 -14
476 -8
477 -13
478 -8
479 -6
480 -13
481 -8
482 -8
483 -14
484 -13
485 -13
486 -8
487 -8
488 -13
489 -6
490 -6
491 -8
492 -13
493 -13
494 -6
495 -13
496 -8
497 -6
498 -8
499 -13
500 -14
501 -18
502 -14
503 -8
504 -8
505 -6
506 -8
507 -8
508 -23
509 -13
510 -8
511 -14
512 -6
513 -13
514 -6
515 -6
516 -6
517 -8
518 -13
519 -6
520 -8
521 -12
522 -6
523 -8
524 -13
525 -6
526 -13
527 -13
528 -8
529 -6
530 -8
531 -8
532 -19
533 -8
534 -6
535 -6
536 -6
537 -8
538 -6
539 -13
540 -6
541 -8
542 -8
543 -8
544 -13
545 -6
546 -6
547 -6
548 -6
549 -40
550 -13
551 -6
552 -8
553 -8
554 -13
555 -8
556 -8
557 -6
558 -6
559 -14
560 -13
561 -14
562 -13
563 -13
564 -13
565 -8
566 -6
567 -14
568 -10
569 -6
570 -6
571 -14
572 -13
573 -6
574 -8
575 -6
576 -8
577 -13
578 -8
579 -8
580 -13
581 -6
582 -13
583 -6
584 -6
585 -6
586 -13
587 -8
588 -13
589 -8
590 -13
591 -13
592 -6
593 -8
594 -6
595 -8
596 -8
597 -6
598 -8
599 -6
600 -13
601 -18
602 -14
603 -14
604 -8
605 -6
606 -13
607 -8
608 -6
609 -6
610 -8
611 -13
612 -13
613 -8
614 -14
615 -6
616 -13
617 -14
618 -6
619 -13
620 -6
621 -13
622 -14
623 -13
624 -13
625 -8
626 -12
627 -13
628 -6
629 -8
630 -8
631 -13
632 -8
633 -8
634 -6
635 -6
636 -13
637 -8
638 -6
639 -13
640 -6
641 -6
642 -8
643 -14
644 -6
645 -13
646 -6
647 -8
648 -13
649 -6
650 -6
651 -6
652 -8
653 -13
654 -6
655 -13
656 -14
657 -6
658 -8
659 -6
660 -8
661 -6
662 -8
663 -8
664 -13
665 -6
666 -8
667 -6
668 -13
669 -8
670 -13
671 -8
672 -14
673 -13
674 -13
675 -6
676 -6
677 -6
678 -8
679 -13
680 -13
681 -6
682 -8
683 -13
684 -6
685 -13
686 -14
687 -6
688 -6
689 -6
690 -6
691 -6
692 -14
693 -14
694 -8
695 -14
696 -8
697 -8
698 -8
699 -13
700 -13
701 -8
702 -8
703 -13
704 -6
705 -6
706 -8
707 -6
708 -8
709 -6
710 -8
711 -8
712 -8
713 -6
714 -13
715 -6
716 -8
717 -13
718 -6
719 -8
720 -13
721 -8
722 -6
723 -13
724 -8
725 -6
726 -6
727 -14
728 -6
729 -14
730 -14
731 -13
732 -6
733 -8
734 -14
735 -14
736 -8
737 -13
738 -6
739 -13
740 -6
741 -13
742 -8
743 -6
744 -6
745 -6
746 -8
747 -8
748 -13
749 -8
750 -13
751 -8
752 -6
753 -13
754 -6
755 -13
756 -13
757 -8
758 -8
759 -6
760 -13
761 -6
762 -14
763 -6
764 -6
765 -6
766 -8
767 -8
768 -14
769 -14
770 -8
771 -6
772 -6
773 -8
774 -6
775 -8
776 -6
777 -13
778 -8
779 -13
780 -8
781 -13
782 -13
783 -8
784 -13
785 -6
786 -14
787 -6
788 -8
789 -6
790 -6
791 -6
792 -8
793 -8
794 -6
795 -13
796 -13
797 -14
798 -12
799 -6
800 -8
801 -6
802 -13
803 -6
804 -6
805 -8
806 -8
807 -8
808 -8
809 -14
810 -13
811 -6
812 -8
813 -13
814 -14
815 -8
816 -6
817 -13
818 -6
819 -8
820 -8
821 -8
822 -6
823 -14
824 -8
825 -6
826 -6
827 -13
828 -14
829 -6
830 -6
831 -8
832 -17
833 -6
834 -13
835 -9
836 -6
837 -13
838 -8
839 -8
840 -6
841 -8
842 -6
843 -13
844 -6
845 -6
846 -17
847 -6
848 -13
849 -6
850 -8
851 -14
852 -8
853 -13
854 -8
855 -6
856 -8
857 -13
858 -11
859 -6
860 -14
861 -6
862 -13
863 -6
864 -13
865 -8
866 -6
867 -8
868 -18
869 -13
870 -13
871 -15
872 -13
873 -8
874 -8
875 -14
876 -6
877 -14
878 -13
879 -13
880 -14
881 -13
882 -6
883 -14
884 -6
885 -14
886 -13
887 -14
888 -6
889 -14
890 -13
891 -8
892 -13
893 -6
894 -13
895 -13
896 -8
897 -6
898 -15
899 -13
900 -8
901 -8
902 -13
903 -6
904 -14
905 -6
906 -9
907 -8
908 -13
909 -6
910 -13
911 -6
912 -8
913 -13
914 -8
915 -8
916 -13
917 -13
918 -8
919 -6
920 -14
921 -13
922 -8
923 -6
924 -14
925 -6
926 -10
927 -8
928 -13
929 -6
930 -6
931 -6
932 -13
933 -13
934 -14
935 -13
936 -6
937 -8
938 -6
939 -8
940 -6
941 -14
942 -6
943 -6
944 -8
945 -6
946 -6
947 -8
948 -13
949 -6
950 -8
951 -13
952 -14
953 -6
954 -8
955 -6
956 -10
957 -15
958 -14
959 -13
960 -13
961 -14
962 -6
963 -13
964 -8
965 -6
966 -8
967 -8
968 -13
969 -14
970 -26
971 -13
972 -14
973 -8
974 -8
975 -8
976 -8
977 -8
978 -8
979 -14
980 -13
981 -14
982 -8
983 -13
984 -14
985 -8
986 -6
987 -14
988 -13
989 -6
990 -13
991 -6
992 -14
993 -14
994 -6
995 -6
996 -14
997 -6
998 -13
999 -8
