0 -13
1 -6
2 -13
3 -8
4 -14
5 -6
6 -6
7 -6
8 -6
9 -6
10 -8
11 -13
12 -8
13 -15
14 -12
15 -6
16 -14
17 -18
18 -13
19 -13
20 -8
21 -13
22 -14
23 -14
24 -6
25 -14
26 -13
27 -6
28 -13
29 -8
30 -13
31 -8
32 -6
33 -6
34 -14
35 -6
36 -14
37 -6
38 -6
39 -14
40 -14
41 -8
42 -8
43 -13
44 -14
45 -13
46 -8
47 -14
48 -14
49 -14
50 -13
51 -6
52 -13
53 -13
54 -13
55 -8
56 -8
57 -14
58 -6
59 -13
60 -6
61 -22
62 -6
63 -13
64 -8
65 -14
66 -14
67 -8
68 -6
69 -8
70 -13
71 -8
72 -8
73 -13
74 -6
75 -13
76 -13
77 -13
78 -6
79 -13
80 -8
81 -13
82 -8
83 -13
84 -8
85 -14
86 -6
87 -6
88 -6
89 -8
90 -6
91 -6
92 -13
93 -8
94 -8
95 -6
96 -6
97 -13
98 -13
99 -8
100 -14
101 -14
102 -17
103 -8
104 -12
105 -8
106 -6
107 -8
108 -13
109 -6
110 -13
111 -14
112 -6
113 -8
114 -6
115 -14
116 -8
117 -13
118 -6
119 -6
120 -6
121 -6
122 -14
123 -16
124 -14
125 -13
126 -13
127 -8
128 -8
129 -6
130 -6
131 -13
132 -6
133 -8
134 -13
135 -13
136 -8
137 -13
138 -6
139 -18
140 -6
141 -13
142 -8
143 -17
144 -13
145 -13
146 -8
147 -6
148 -8
149 -14
150 -6
151 -8
152 -13
153 -6
154 -13
155 -6
156 -6
157 -14
158 -6
159 -8
160 -6
161 -6
162 -41
163 -13
164 -6
165 -8
166 -8
167 -6
168 -8
169 -14
170 -8
171 -6
172 -8
173 -8
174 -8
175 -6
176 -18
177 -14
178 -8
179 -13
180 -8
181 -8
182 -6
183 -13
184 -13
185 -8
186 -15
187 -13
188 -8
189 -13
190 -13
191 -6
192 -14
193 -8
194 -14
195 -15
196 -13
197 -8
198 -6
199 -23
200 -8
201 -13
202 -14
203 -8
204 -6
205 -8
206 -14
207 -6
208 -6
209 -6
210 -13
211 -8
212 -13
213 -8
214 -8
215 -13
216 -6
217 -14
218 -13
219 -13
220 -6
221 -14
222 -6
223 -18
224 -19
225 -14
226 -13
227 -14
228 -6
229 -8
230 -14
231 -13
232 -6
233 -13
234 -13
235 -6
236 -8
237 -13
238 -8
239 -6
240 -8
241 -13
242 -8
243 -8
244 -13
245 -6
246 -8
247 -8
248 -13
249 -8
250 -8
251 -6
252 -7
253 -8
254 -6
255 -14
256 -13
257 -6
258 -8
259 -8
260 -6
261 -6
262 -13
263 -13
264 -14
265 -13
266 -13
267 -8
268 -6
269 -8
270 -13
271 -13
272 -12
273 -14
274 -6
275 -8
276 -8
277 -6
278 -6
279 -8
280 -13
281 -6
282 -13
283 -13
284 -8
285 -13
286 -14
287 -6
288 -6
289 -8
290 -8
291 -8
292 -13
293 -13
294 -8
295 -8
296 -14
297 -13
298 -8
299 -13
300 -8
301 -8
302 -6
303 -13
304 -13
305 -13
306 -18
307 -13
308 -7
309 -6
310 -6
311 -6
312 -6
313 -14
314 -13
315 -13
316 -8
317 -8
318 -6
319 -14
320 -13
321 -6
322 -14
323 -13
324 -14
325 -13
326 -6
327 -13
328 -13
329 -6
330 -6
331 -6
332 -13
333 -8
334 -8
335 -13
336 -6
337 -6
338 -8
339 -13
340 -14
341 -6
342 -13
343 -13
344 -8
345 -6
346 -8
347 -13
348 -13
349 -13
350 -8
351 -13
352 -14
353 -13
354 -13
355 -6
356 -14
357 -13
358 -6
359 -8
360 -13
361 -14
362 -14
363 -6
364 -6
365 -13
366 -8
367 -6
368 -6
369 -13
370 -13
371 -6
372 -14
373 -8
374 -18
375 -8
376 -6
377 -8
378 -8
379 -13
380 -6
381 -8
382 -6
383 -14
384 -13
385 -14
386 -6
387 -13
388 -8
389 -14
390 -13
391 -8
392 -8
393 -8
394 -13
395 -11
396 -12
397 -13
398 -14
399 -13
400 -13
401 -13
402 -6
403 -23
404 -14
405 -6
406 -6
407 -18
408 -13
409 -8
410 -6
411 -6
412 -13
413 -14
414 -6
415 -6
416 -8
417 -6
418 -6
419 -13
420 -13
421 -14
422 -14
423 -8
424 -8
425 -8
426 -13
427 -13
428 -6
429 -8
430 -13
431 -8
432 -8
433 -6
434 -13
435 -59
436 -8
437 -13
438 -14
439 -8
440 -14
441 -14
442 -6
443 -6
444 -13
445 -13
446 -17
447 -14
448 -11
449 -14
450 -8
451 -6
452 -6
453 -15
454 -13
455 -6
456 -13
457 -13
458 -8
459 -8
460 -6
461 -8
462 -13
463 -8
464 -8
465 -14
466 -13
467 -6
468 -14
469 -6
470 -8
471 -14
472 -8
473 -6
474 -6
475 -14
476 -6
477 -13
478 -8
479 -8
480 -8
481 -8
482 -8
483 -14
484 -11
485 -14
486 -6
487 -6
488 -8
489 -13
490 -14
491 -6
492 -8
493 -13
494 -8
495 -11
496 -6
497 -8
498 -13
499 -8
500 -8
501 -6
502 -8
503 -13
504 -14
505 -13
506 -13
507 -13
508 -6
509 -24
510 -6
511 -14
512 -8
513 -6
514 -13
515 -6
516 -13
517 -6
518 -8
519 -13
520 -8
521 -6
522 -13
523 -6
524 -14
525 -8
526 -14
527 -8
528 -13
529 -13
530 -13
531 -14
532 -13
533 -6
534 -13
535 -6
536 -8
537 -13
538 -13
539 -8
540 -13
541 -13
542 -13
543 -6
544 -8
545 -8
546 -8
547 -6
548 -13
549 -6
550 -13
551 -6
552 -8
553 -14
554 -8
555 -19
556 -13
557 -8
558 -8
559 -6
560 -8
561 -6
562 -6
563 -6
564 -6
565 -13
566 -8
567 -14
568 -13
569 -14
570 -6
571 -6
572 -8
573 -6
574 -14
575 -6
576 -6
577 -6
578 -6
579 -14
580 -8
581 -13
582 -13
583 -6
584 -13
585 -6
586 -8
587 -13
588 -8
589 -13
590 -6
591 -13
592 -8
593 -13
594 -14
595 -13
596 -6
597 -13
598 -13
599 -6
600 -8
601 -6
602 -6
603 -14
604 -13
605 -8
606 -6
607 -8
608 -6
609 -6
610 -8
611 -8
612 -6
613 -8
614 -14
615 -8
616 -17
617 -8
618 -6
619 -13
620 -6
621 -8
622 -6
623 -13
624 -6
625 -6
626 -8
627 -6
628 -13
629 -6
630 -13
631 -13
632 -8
633 -6
634 -6
635 -6
636 -8
637 -6
638 -8
639 -13
640 -13
641 -6
642 -6
643 -6
644 -8
645 -14
646 -6
647 -6
648 -14
649 -13
650 -6
651 -14
652 -14
653 -8
654 -13
655 -13
656 -14
657 -8
658 -13
659 -13
660 -6
661 -13
662 -8
663 -14
664 -13
665 -8
666 -8
667 -8
668 -6
669 -8
670 -12
671 -13
672 -17
673 -8
674 -8
675 -8
676 -14
677 -8
678 -13
679 -8
680 -8
681 -13
682 -14
683 -8
684 -8
685 -6
686 -13
687 -14
688 -6
689 -14
690 -6
691 -6
692 -13
693 -8
694 -6
695 -8
696 -13
697 -8
698 -8
699 -13
700 -6
701 -13
702 -13
703 -13
704 -8
705 -6
706 -14
707 -14
708 -8
709 -8
710 -14
711 -8
712 -8
713 -14
714 -8
715 -14
716 -8
717 -14
718 -6
719 -8
720 -6
721 -13
722 -6
723 -22
724 -13
725 -8
726 -6
727 -13
728 -14
729 -8
730 -8
731 -8
732 -15
733 -13
734 -6
735 -13
736 -8
737 -13
738 -13
739 -8
740 -8
741 -13
742 -8
743 -6
744 -13
745 -6
746 -8
747 -8
748 -13
749 -6
750 -13
751 -13
752 -13
753 -8
754 -8
755 -13
756 -6
757 -13
758 -13
759 -8
760 -8
761 -13
762 -8
763 -6
764 -8
765 -6
766 -6
767 -8
768 -16
769 -8
770 -13
771 -6
772 -13
773 -13
774 -13
775 -8
776 -13
777 -18
778 -13
779 -14
780 -6
781 -6
782 -8
783 -8
784 -13
785 -6
786 -8
787 -8
788 -14
789 -13
790 -13
791 -8
792 -8
793 -19
794 -15
795 -8
796 -14
797 -13
798 -14
799 -8
800 -14
801 -6
802 -6
803 -13
804 -13
805 -10
806 -6
807 -6
808 -15
809 -6
810 -14
811 -8
812 -6
813 -8
814 -8
815 -9
816 -6
817 -8
818 -6
819 -6
820 -6
821 -8
822 -6
823 -14
824 -6
825 -6
826 -6
827 -6
828 -13
829 -8
830 -8
831 -6
832 -8
833 -8
834 -6
835 -8
836 -6
837 -8
838 -6
839 -6
840 -13
841 -13
842 -13
843 -6
844 -6
845 -6
846 -12
847 -8
848 -6
849 -8
850 -13
851 -14
852 -6
853 -14
854 -6
855 -6
856 -13
857 -8
858 -13
859 -13
860 -8
861 -13
862 -14
863 -6
864 -6
865 -6
866 -8
867 -14
868 -14
869 -6
870 -6
871 -13
872 -14
873 -13
874 -13
875 -14
876 -12
877 -6
878 -8
879 -13
880 -14
881 -13
882 -6
883 -6
884 -6
885 -13
886 -13
887 -6
888 -6
889 -8
890 -13
891 -6
892 -8
893 -13
894 -8
895 -8
896 -13
897 -6
898 -6
899 -13
900 -13
901 -13
902 -13
903 -13
904 -8
905 -13
906 -13
907 -13
908 -8
909 -14
910 -6
911 -13
912 -34
913 -6
914 -14
915 -8
916 -8
917 -6
918 -8
919 -8
920 -8
921 -8
922 -8
923 -14
924 -12
925 -8
926 -6
927 -6
928 -6
929 -13
930 -8
931 -14
932 -13
933 -14
934 -6
935 -13
936 -8
937 -13
938 -6
939 -11
940 -8
941 -14
942 -8
943 -6
944 -8
945 -6
946 -6
947 -8
948 -6
949 -8
950 -8
951 -6
952 -14
953 -13
954 -13
955 -6
956 -8
957 -8
958 -6
959 -13
960 -8
961 -6
962 -6
963 -18
964 -13
965 -13
966 -6
967 -13
968 -8
969 -14
970 -8
971 -8
972 -8
973 -6
974 -8
975 -6
976 -14
977 -8
978 -6
979 -8
980 -6
981 -6
982 -13
983 -6
984 -13
985 -13
986 -8
987 -6
988 -6
989 -6
990 -8
991 -8
992 -13
993 -6
994 -6
995 -14
996 -8
997 -13
998 -8
999 -13
