0 -13
1 -6
2 -9
3 -6
4 -15
5 -14
6 -6
7 -14
8 -6
9 -6
10 -6
11 -6
12 -6
13 -17
14 -12
15 -6
16 -6
17 -13
18 -14
19 -8
20 -6
21 -6
22 -13
23 -14
24 -6
25 -6
26 -13
27 -13
28 -14
29 -6
30 -14
31 -6
32 -6
33 -13
34 -13
35 -13
36 -18
37 -13
38 -12
39 -6
40 -7
41 -13
42 -14
43 -13
44 -12
45 -6
46 -8
47 -13
48 -13
49 -6
50 -13
51 -8
52 -13
53 -15
54 -6
55 -6
56 -6
57 -6
58 -6
59 -6
60 -8
61 -15
62 -13
63 -6
64 -6
65 -14
66 -17
67 -13
68 -8
69 -6
70 -9
71 -13
72 -13
73 -14
74 -6
75 -13
76 -6
77 -13
78 -13
79 -6
80 -6
81 -6
82 -6
83 -14
84 -6
85 -13
86 -13
87 -14
88 -8
89 -13
90 -6
91 -6
92 -13
93 -6
94 -13
95 -6
96 -6
97 -6
98 -6
99 -6
100 -6
101 -6
102 -6
103 -6
104 -13
105 -12
106 -13
107 -13
108 -6
109 -14
110 -14
111 -6
112 -14
113 -13
114 -12
115 -6
116 -14
117 -13
118 -13
119 -14
120 -13
121 -13
122 -13
123 -14
124 -13
125 -6
126 -6
127 -6
128 -9
129 -14
130 -17
131 -12
132 -13
133 -14
134 -6
135 -13
136 -6
137 -6
138 -13
139 -13
140 -13
141 -12
142 -13
143 -14
144 -13
145 -6
146 -6
147 -14
148 -14
149 -14
150 -12
151 -6
152 -6
153 -8
154 -6
155 -13
156 -6
157 -8
158 -12
159 -6
160 -6
161 -14
162 -13
163 -13
164 -9
165 -14
166 -6
167 -12
168 -6
169 -12
170 -6
171 -6
172 -6
173 -13
174 -6
175 -6
176 -13
177 -13
178 -13
179 -6
180 -6
181 -13
182 -6
183 -6
184 -6
185 -13
186 -13
187 -14
188 -6
189 -17
190 -6
191 -14
192 -6
193 -6
194 -9
195 -6
196 -6
197 -13
198 -13
199 -6
200 -6
201 -13
202 -14
203 -14
204 -6
205 -6
206 -18
207 -13
208 -13
209 -6
210 -13
211 -6
212 -6
213 -6
214 -13
215 -6
216 -13
217 -6
218 -6
219 -6
220 -6
221 -13
222 -12
223 -13
224 -14
225 -13
226 -6
227 -14
228 -6
229 -13
230 -14
231 -14
232 -14
233 -6
234 -6
235 -6
236 -6
237 -14
238 -13
239 -14
240 -9
241 -13
242 -13
243 -13
244 -13
245 -6
246 -13
247 -6
248 -10
249 -13
250 -6
251 -6
252 -13
253 -12
254 -13
255 -14
256 -14
257 -6
258 -13
259 -23
260 -14
261 -13
262 -13
263 -6
264 -14
265 -8
266 -14
267 -14
268 -6
269 -6
270 -14
271 -6
272 -14
273 -13
274 -6
275 -6
276 -13
277 -6
278 -6
279 -6
280 -8
281 -13
282 -6
283 -6
284 -13
285 -6
286 -6
287 -23
288 -9
289 -6
290 -6
291 -6
292 -6
293 -6
294 -13
295 -6
296 -13
297 -8
298 -6
299 -6
300 -6
301 -13
302 -14
303 -13
304 -6
305 -14
306 -6
307 -13
308 -6
309 -15
310 -13
311 -17
312 -13
313 -6
314 -9
315 -6
316 -6
317 -13
318 -6
319 -19
320 -15
321 -13
322 -13
323 -6
324 -8
325 -8
326 -13
327 -6
328 -6
329 -6
330 -12
331 -13
332 -9
333 -14
334 -6
335 -8
336 -14
337 -13
338 -6
339 -7
340 -10
341 -13
342 -13
343 -13
344 -6
345 -12
346 -13
347 -6
348 -6
349 -14
350 -14
351 -6
352 -13
353 -6
354 -6
355 -14
356 -12
357 -6
358 -8
359 -13
360 -6
361 -6
362 -14
363 -13
364 -6
365 -6
366 -6
367 -17
368 -6
369 -9
370 -13
371 -13
372 -19
373 -17
374 -6
375 -13
376 -6
377 -13
378 -13
379 -6
380 -13
381 -6
382 -6
383 -12
384 -13
385 -12
386 -10
387 -6
388 -14
389 -6
390 -6
391 -6
392 -13
393 -6
394 -14
395 -14
396 -6
397 -13
398 -6
399 -8
400 -13
401 -6
402 -6
403 -13
404 -13
405 -13
406 -6
407 -6
408 -14
409 -12
410 -8
411 -6
412 -8
413 -12
414 -14
415 -6
416 -14
417 -13
418 -6
419 -6
420 -14
421 -6
422 -14
423 -6
424 -13
425 -8
426 -14
427 -6
428 -14
429 -13
430 -6
431 -13
432 -8
433 -6
434 -6
435 -13
436 -13
437 -14
438 -6
439 -6
440 -13
441 -6
442 -10
443 -6
444 -6
445 -6
446 -6
447 -14
448 -13
449 -6
450 -6
451 -8
452 -18
453 -6
454 -6
455 -6
456 -13
457 -6
458 -14
459 -13
460 -12
461 -6
462 -13
463 -14
464 -6
465 -13
466 -17
467 -14
468 -6
469 -8
470 -6
471 -13
472 -13
473 -6
474 -6
475 -14
476 -6
477 -8
478 -6
479 -6
480 -14
481 -8
482 -6
483 -13
484 -6
485 -6
486 -6
487 -9
488 -6
489 -6
490 -14
491 -6
492 -13
493 -8
494 -6
495 -6
496 -6
497 -14
498 -6
499 -13
500 -13
501 -9
502 -6
503 -8
504 -6
505 -14
506 -6
507 -14
508 -6
509 -6
510 -12
511 -14
512 -13
513 -13
514 -13
515 -6
516 -6
517 -6
518 -6
519 -13
520 -13
521 -13
522 -13
523 -13
524 -13
525 -6
526 -13
527 -13
528 -6
529 -6
530 -13
531 -6
532 -13
533 -12
534 -13
535 -12
536 -6
537 -6
538 -6
539 -13
540 -13
541 -6
542 -13
543 -6
544 -6
545 -14
546 -13
547 -6
548 -14
549 -13
550 -13
551 -14
552 -8
553 -9
554 -12
555 -14
556 -14
557 -8
558 -13
559 -13
560 -13
561 -6
562 -8
563 -6
564 -14
565 -6
566 -13
567 -13
568 -13
569 -14
570 -14
571 -15
572 -6
573 -13
574 -8
575 -6
576 -13
577 -6
578 -6
579 -13
580 -6
581 -9
582 -6
583 -6
584 -13
585 -6
586 -13
587 -9
588 -6
589 -14
590 -6
591 -14
592 -9
593 -13
594 -6
595 -14
596 -26
597 -6
598 -13
599 -6
600 -13
601 -6
602 -13
603 -6
604 -6
605 -6
606 -6
607 -13
608 -6
609 -13
610 -6
611 -13
612 -6
613 -14
614 -12
615 -8
616 -6
617 -14
618 -6
619 -13
620 -6
621 -14
622 -19
623 -6
624 -6
625 -9
626 -13
627 -6
628 -8
629 -6
630 -13
631 -13
632 -13
633 -6
634 -10
635 -8
636 -6
637 -6
638 -6
639 -13
640 -6
641 -13
642 -13
643 -6
644 -6
645 -6
646 -9
647 -13
648 -14
649 -6
650 -6
651 -14
652 -8
653 -6
654 -13
655 -13
656 -6
657 -13
658 -8
659 -6
660 -12
661 -6
662 -17
663 -6
664 -13
665 -6
666 -14
667 -6
668 -13
669 -6
670 -13
671 -6
672 -6
673 -13
674 -6
675 -33
676 -14
677 -14
678 -16
679 -8
680 -9
681 -13
682 -8
683 -6
684 -6
685 -6
686 -8
687 -6
688 -6
689 -13
690 -6
691 -6
692 -14
693 -13
694 -6
695 -14
696 -6
697 -6
698 -9
699 -13
700 -13
701 -14
702 -6
703 -6
704 -6
705 -6
706 -6
707 -14
708 -13
709 -6
710 -6
711 -6
712 -6
713 -13
714 -9
715 -13
716 -6
717 -13
718 -13
719 -12
720 -6
721 -14
722 -13
723 -13
724 -15
725 -6
726 -6
727 -6
728 -6
729 -6
730 -13
731 -6
732 -13
733 -13
734 -18
735 -14
736 -13
737 -6
738 -6
739 -6
740 -8
741 -14
742 -12
743 -14
744 -6
745 -13
746 -6
747 -13
748 -13
749 -13
750 -6
751 -8
752 -6
753 -6
754 -14
755 -6
756 -6
757 -23
758 -10
759 -6
760 -13
761 -6
762 -14
763 -6
764 -6
765 -13
766 -35
767 -14
768 -14
769 -13
770 -13
771 -9
772 -6
773 -6
774 -13
775 -6
776 -6
777 -6
778 -12
779 -6
780 -13
781 -13
782 -13
783 -14
784 -6
785 -13
786 -14
787 -6
788 -13
789 -13
790 -14
791 -13
792 -13
793 -6
794 -13
795 -13
796 -6
797 -17
798 -9
799 -8
800 -6
801 -6
802 -6
803 -12
804 -6
805 -7
806 -14
807 -6
808 -6
809 -23
810 -12
811 -6
812 -14
813 -6
814 -13
815 -13
816 -6
817 -6
818 -13
819 -6
820 -12
821 -6
822 -14
823 -13
824 -14
825 -6
826 -6
827 -6
828 -14
829 -6
830 -14
831 -6
832 -15
833 -14
834 -9
835 -6
836 -13
837 -14
838 -14
839 -6
840 -6
841 -13
842 -13
843 -13
844 -13
845 -6
846 -8
847 -6
848 -6
849 -13
850 -13
851 -6
852 -14
853 -8
854 -13
855 -6
856 -6
857 -6
858 -6
859 -6
860 -6
861 -13
862 -6
863 -14
864 -6
865 -13
866 -13
867 -13
868 -12
869 -6
870 -6
871 -10
872 -6
873 -6
874 -14
875 -8
876 -8
877 -13
878 -13
879 -15
880 -13
881 -6
882 -14
883 -14
884 -15
885 -6
886 -14
887 -13
888 -8
889 -14
890 -6
891 -6
892 -14
893 -13
894 -6
895 -13
896 -8
897 -13
898 -6
899 -14
900 -6
901 -6
902 -13
903 -13
904 -6
905 -6
906 -13
907 -13
908 -6
909 -6
910 -6
911 -6
912 -6
913 -13
914 -6
915 -6
916 -13
917 -6
918 -13
919 -12
920 -13
921 -6
922 -8
923 -6
924 -14
925 -6
926 -6
927 -8
928 -13
929 -13
930 -13
931 -13
932 -13
933 -13
934 -6
935 -8
936 -6
937 -13
938 -6
939 -15
940 -7
941 -6
942 -14
943 -6
944 -6
945 -6
946 -13
947 -8
948 -8
949 -6
950 -6
951 -6
952 -6
953 -6
954 -14
955 -13
956 -6
957 -6
958 -13
959 -13
960 -6
961 -13
962 -6
963 -8
964 -13
965 -6
966 -14
967 -18
968 -14
969 -14
970 -6
971 -13
972 -8
973 -13
974 -13
975 -6
976 -6
977 -6
978 -13
979 -6
980 -6
981 -6
982 -14
983 -6
984 -8
985 -13
986 -13
987 -6
988 -6
989 -6
990 -6
991 -13
992 -13
993 -14
994 -6
995 -6
996 -13
997 -6
998 -12
999 -13
