0 -7
1 -13
2 -58
3 -15
4 -6
5 -8
6 -23
7 -6
8 -6
9 -14
10 -8
11 -7
12 -8
13 -13
14 -13
15 -13
16 -7
17 -13
18 -13
19 -6
20 -7
21 -17
22 -14
23 -8
24 -14
25 -6
26 -6
27 -6
28 -8
29 -13
30 -7
31 -6
32 -13
33 -6
34 -6
35 -13
36 -8
37 -13
38 -7
39 -7
40 -6
41 -6
42 -8
43 -6
44 -16
45 -6
46 -13
47 -13
48 -13
49 -13
50 -8
51 -7
52 -6
53 -6
54 -7
55 -7
56 -13
57 -6
58 -8
59 -14
60 -6
61 -13
62 -18
63 -6
64 -13
65 -7
66 -8
67 -14
68 -13
69 -14
70 -14
71 -13
72 -14
73 -16
74 -6
75 -8
76 -6
77 -13
78 -13
79 -13
80 -6
81 -7
82 -13
83 -13
84 -6
85 -13
86 -13
87 -7
88 -13
89 -14
90 -8
91 -7
92 -7
93 -6
94 -8
95 -14
96 -6
97 -13
98 -6
99 -14
100 -14
101 -6
102 -8
103 -7
104 -14
105 -7
106 -7
107 -13
108 -6
109 -13
110 -13
111 -14
112 -14
113 -13
114 -8
115 -7
116 -13
117 -6
118 -13
119 -6
120 -8
121 -8
122 -8
123 -8
124 -7
125 -7
126 -8
127 -14
128 -13
129 -8
130 -6
131 -13
132 -6
133 -14
134 -6
135 -13
136 -8
137 -13
138 -8
139 -6
140 -8
141 -6
142 -8
143 -6
144 -13
145 -15
146 -14
147 -7
148 -13
149 -7
150 -13
151 -13
152 -7
153 -14
154 -6
155 -7
156 -13
157 -6
158 -14
159 -6
160 -6
161 -13
162 -7
163 -13
164 -8
165 -13
166 -14
167 -7
168 -13
169 -7
170 -8
171 -7
172 -14
173 -6
174 -6
175 -7
176 -13
177 -6
178 -7
179 -13
180 -13
181 -6
182 -8
183 -13
184 -6
185 -13
186 -6
187 -13
188 -13
189 -6
190 -7
191 -13
192 -14
193 -13
194 -13
195 -13
196 -6
197 -8
198 -13
199 -7
200 -8
201 -13
202 -13
203 -14
204 -6
205 -19
206 -13
207 -13
208 -7
209 -7
210 -7
211 -13
212 -6
213 -13
214 -6
215 -13
216 -8
217 -13
218 -8
219 -7
220 -6
221 -14
222 -14
223 -13
224 -13
225 -6
226 -6
227 -6
228 -6
229 -8
230 -6
231 -12
232 -13
233 -6
234 -13
235 -8
236 -14
237 -13
238 -6
239 -13
240 -6
241 -14
242 -7
243 -7
244 -14
245 -8
246 -13
247 -6
248 -8
249 -13
250 -6
251 -14
252 -14
253 -7
254 -6
255 -8
256 -44
257 -13
258 -7
259 -13
260 -13
261 -7
262 -6
263 -14
264 -13
265 -13
266 -13
267 -13
268 -6
269 -13
270 -14
271 -14
272 -8
273 -8
274 -8
275 -7
276 -8
277 -6
278 -8
279 -6
280 -13
281 -6
282 -6
283 -7
284 -13
285 -14
286 -6
287 -8
288 -7
289 -19
290 -13
291 -6
292 -8
293 -13
294 -6
295 -6
296 -6
297 -13
298 -13
299 -8
300 -58
301 -14
302 -7
303 -8
304 -7
305 -6
306 -13
307 -6
308 -7
309 -8
310 -8
311 -7
312 -7
313 -14
314 -6
315 -8
316 -14
317 -6
318 -6
319 -6
320 -8
321 -8
322 -6
323 -6
324 -6
325 -13
326 -6
327 -7
328 -6
329 -8
330 -8
331 -6
332 -6
333 -14
334 -6
335 -6
336 -8
337 -14
338 -13
339 -8
340 -13
341 -6
342 -7
343 -13
344 -6
345 -6
346 -14
347 -14
348 -14
349 -13
350 -13
351 -13
352 -13
353 -14
354 -13
355 -8
356 -13
357 -8
358 -13
359 -6
360 -7
361 -6
362 -13
363 -8
364 -6
365 -11
366 -6
367 -13
368 -7
369 -13
370 -7
371 -8
372 -13
373 -14
374 -7
375 -6
376 -7
377 -6
378 -6
379 -6
380 -7
381 -8
382 -8
383 -6
384 -14
385 -13
386 -8
387 -7
388 -8
389 -14
390 -6
391 -6
392 -7
393 -14
394 -7
395 -14
396 -13
397 -62
398 -6
399 -8
400 -8
401 -7
402 -6
403 -8
404 -13
405 -7
406 -8
407 -6
408 -13
409 -6
410 -14
411 -7
412 -11
413 -8
414 -7
415 -6
416 -6
417 -6
418 -13
419 -13
420 -8
421 -8
422 -13
423 -13
424 -13
425 -13
426 -7
427 -6
428 -14
429 -13
430 -6
431 -13
432 -13
433 -7
434 -6
435 -13
436 -13
437 -6
438 -13
439 -8
440 -6
441 -6
442 -13
443 -6
444 -14
445 -7
446 -6
447 -13
448 -13
449 -6
450 -14
451 -14
452 -13
453 -7
454 -15
455 -7
456 -6
457 -14
458 -6
459 -8
460 -13
461 -13
462 -13
463 -13
464 -13
465 -13
466 -7
467 -6
468 -13
469 -7
470 -13
471 -13
472 -6
473 -8
474 -7
475 -8
476 -6
477 -8
478 -7
479 -13
480 -7
481 -13
482 -8
483 -13
484 -13
485 -13
486 -6
487 -13
488 -8
489 -13
490 -13
491 -13
492 -13
493 -8
494 -6
495 -14
496 -7
497 -7
498 -8
499 -13
500 -14
501 -6
502 -13
503 -7
504 -8
505 -8
506 -6
507 -13
508 -6
509 -13
510 -13
511 -6
512 -8
513 -6
514 -14
515 -13
516 -13
517 -8
518 -13
519 -14
520 -6
521 -14
522 -8
523 -13
524 -8
525 -7
526 -7
527 -14
528 -6
529 -20
530 -14
531 -8
532 -8
533 -7
534 -13
535 -13
536 -7
537 -13
538 -13
539 -6
540 -6
541 -6
542 -13
543 -8
544 -14
545 -7
546 -8
547 -13
548 -8
549 -8
550 -13
551 -14
552 -6
553 -14
554 -6
555 -13
556 -6
557 -7
558 -16
559 -7
560 -7
561 -8
562 -13
563 -13
564 -13
565 -13
566 -6
567 -14
568 -7
569 -7
570 -8
571 -8
572 -13
573 -13
574 -13
575 -6
576 -13
577 -8
578 -13
579 -7
580 -6
581 -6
582 -6
583 -14
584 -13
585 -7
586 -7
587 -13
588 -7
589 -26
590 -6
591 -6
592 -13
593 -6
594 -13
595 -7
596 -8
597 -14
598 -55
599 -13
600 -6
601 -6
602 -7
603 -13
604 -7
605 -6
606 -6
607 -6
608 -8
609 -13
610 -13
611 -13
612 -13
613 -13
614 -6
615 -7
616 -8
617 -7
618 -8
619 -6
620 -6
621 -6
622 -13
623 -6
624 -14
625 -6
626 -13
627 -6
628 -6
629 -6
630 -6
631 -6
632 -6
633 -14
634 -14
635 -18
636 -13
637 -6
638 -14
639 -14
640 -14
641 -13
642 -14
643 -7
644 -6
645 -6
646 -8
647 -13
648 -13
649 -13
650 -22
651 -13
652 -6
653 -13
654 -6
655 -13
656 -18
657 -6
658 -13
659 -8
660 -14
661 -13
662 -7
663 -13
664 -6
665 -10
666 -14
667 -13
668 -6
669 -13
670 -13
671 -13
672 -58
673 -6
674 -17
675 -14
676 -13
677 -6
678 -6
679 -13
680 -11
681 -6
682 -7
683 -6
684 -6
685 -13
686 -13
687 -13
688 -6
689 -8
690 -7
691 -6
692 -8
693 -13
694 -6
695 -7
696 -14
697 -6
698 -6
699 -13
700 -15
701 -7
702 -14
703 -6
704 -14
705 -7
706 -13
707 -7
708 -6
709 -14
710 -6
711 -8
712 -7
713 -6
714 -13
715 -6
716 -14
717 -20
718 -8
719 -8
720 -6
721 -14
722 -8
723 -7
724 -45
725 -6
726 -8
727 -14
728 -7
729 -8
730 -7
731 -6
732 -13
733 -14
734 -8
735 -8
736 -6
737 -7
738 -14
739 -8
740 -7
741 -58
742 -13
743 -6
744 -13
745 -8
746 -6
747 -13
748 -6
749 -13
750 -13
751 -7
752 -6
753 -8
754 -6
755 -7
756 -8
757 -6
758 -7
759 -6
760 -13
761 -6
762 -17
763 -6
764 -6
765 -6
766 -14
767 -8
768 -6
769 -13
770 -6
771 -14
772 -6
773 -13
774 -6
775 -13
776 -6
777 -7
778 -14
779 -6
780 -6
781 -6
782 -13
783 -7
784 -7
785 -8
786 -6
787 -6
788 -13
789 -6
790 -6
791 -13
792 -13
793 -8
794 -14
795 -6
796 -6
797 -6
798 -13
799 -7
800 -13
801 -14
802 -8
803 -6
804 -17
805 -8
806 -13
807 -6
808 -13
809 -8
810 -14
811 -6
812 -7
813 -13
814 -10
815 -7
816 -13
817 -14
818 -14
819 -8
820 -13
821 -23
822 -9
823 -6
824 -6
825 -8
826 -13
827 -14
828 -14
829 -13
830 -6
831 -7
832 -7
833 -6
834 -7
835 -7
836 -7
837 -7
838 -6
839 -13
840 -14
841 -14
842 -8
843 -6
844 -14
845 -13
846 -12
847 -6
848 -13
849 -6
850 -7
851 -14
852 -8
853 -6
854 -13
855 -6
856 -8
857 -14
858 -6
859 -14
860 -6
861 -7
862 -13
863 -6
864 -6
865 -7
866 -6
867 -7
868 -13
869 -6
870 -14
871 -13
872 -7
873 -13
874 -6
875 -6
876 -8
877 -13
878 -6
879 -8
880 -14
881 -13
882 -7
883 -13
884 -6
885 -6
886 -14
887 -14
888 -13
889 -14
890 -8
891 -14
892 -13
893 -7
894 -17
895 -6
896 -13
897 -13
898 -6
899 -13
900 -14
901 -14
902 -6
903 -13
904 -8
905 -14
906 -6
907 -8
908 -25
909 -7
910 -13
911 -7
912 -13
913 -14
914 -8
915 -14
916 -14
917 -8
918 -8
919 -8
920 -14
921 -19
922 -8
923 -13
924 -6
925 -14
926 -8
927 -59
928 -14
929 -8
930 -7
931 -6
932 -7
933 -7
934 -44
935 -13
936 -13
937 -6
938 -6
939 -13
940 -8
941 -6
942 -13
943 -13
944 -14
945 -13
946 -13
947 -6
948 -13
949 -6
950 -14
951 -19
952 -6
953 -13
954 -8
955 -6
956 -6
957 -6
958 -13
959 -14
960 -6
961 -8
962 -13
963 -6
964 -7
965 -7
966 -6
967 -7
968 -14
969 -13
970 -6
971 -7
972 -6
973 -6
974 -7
975 -26
976 -13
977 -13
978 -13
979 -6
980 -13
981 -6
982 -6
983 -7
984 -8
985 -14
986 -6
987 -6
988 -13
989 -13
990 -6
991 -8
992 -13
993 -13
994 -6
995 -6
996 -8
997 -14
998 -14
999 -6
