0 -6
1 -12
2 -11
3 -14
4 -14
5 -11
6 -13
7 -11
8 -6
9 -6
10 -6
11 -6
12 -6
13 -14
14 -14
15 -13
16 -6
17 -13
18 -6
19 -13
20 -13
21 -11
22 -13
23 -6
24 -6
25 -14
26 -14
27 -6
28 -6
29 -13
30 -6
31 -11
32 -11
33 -11
34 -11
35 -6
36 -6
37 -6
38 -13
39 -11
40 -13
41 -11
42 -6
43 -11
44 -6
45 -6
46 -11
47 -13
48 -6
49 -6
50 -6
51 -13
52 -6
53 -11
54 -11
55 -14
56 -6
57 -11
58 -6
59 -6
60 -13
61 -6
62 -6
63 -13
64 -6
65 -13
66 -6
67 -14
68 -11
69 -13
70 -14
71 -14
72 -6
73 -13
74 -13
75 -11
76 -6
77 -6
78 -13
79 -6
80 -13
81 -11
82 -13
83 -14
84 -11
85 -6
86 -14
87 -6
88 -11
89 -6
90 -13
91 -6
92 -13
93 -6
94 -6
95 -13
96 -13
97 -6
98 -6
99 -13
100 -6
101 -11
102 -6
103 -13
104 -13
105 -6
106 -6
107 -6
108 -6
109 -6
110 -6
111 -13
112 -13
113 -13
114 -6
115 -6
116 -13
117 -11
118 -6
119 -11
120 -6
121 -14
122 -6
123 -14
124 -20
125 -6
126 -13
127 -11
128 -6
129 -11
130 -14
131 -6
132 -15
133 -11
134 -6
135 -13
136 -13
137 -6
138 -13
139 -6
140 -13
141 -6
142 -14
143 -11
144 -13
145 -11
146 -14
147 -6
148 -6
149 -6
150 -11
151 -6
152 -6
153 -13
154 -6
155 -6
156 -13
157 -14
158 -6
159 -6
160 -6
161 -6
162 -14
163 -11
164 -11
165 -6
166 -13
167 -6
168 -13
169 -6
170 -13
171 -6
172 -17
173 -6
174 -6
175 -13
176 -6
177 -6
178 -6
179 -8
180 -11
181 -6
182 -14
183 -13
184 -13
185 -14
186 -11
187 -6
188 -6
189 -13
190 -6
191 -11
192 -14
193 -6
194 -18
195 -11
196 -6
197 -6
198 -13
199 -14
200 -6
201 -15
202 -22
203 -14
204 -7
205 -6
206 -14
207 -14
208 -13
209 -13
210 -6
211 -6
212 -6
213 -6
214 -6
215 -14
216 -11
217 -13
218 -6
219 -13
220 -11
221 -6
222 -13
223 -6
224 -13
225 -14
226 -11
227 -13
228 -6
229 -13
230 -6
231 -6
232 -6
233 -6
234 -11
235 -13
236 -6
237 -12
238 -6
239 -6
240 -13
241 -11
242 -6
243 -13
244 -6
245 -6
246 -11
247 -6
248 -13
249 -6
250 -13
251 -6
252 -11
253 -6
254 -14
255 -13
256 -6
257 -14
258 -14
259 -6
260 -6
261 -6
262 -6
263 -11
264 -11
265 -13
266 -8
267 -6
268 -13
269 -11
270 -6
271 -11
272 -14
273 -6
274 -14
275 -14
276 -13
277 -6
278 -6
279 -6
280 -11
281 -11
282 -6
283 -13
284 -6
285 -6
286 -6
287 -14
288 -6
289 -6
290 -13
291 -6
292 -17
293 -6
294 -6
295 -13
296 -13
297 -6
298 -6
299 -11
300 -23
301 -6
302 -11
303 -6
304 -6
305 -13
306 -11
307 -13
308 -14
309 -13
310 -13
311 -11
312 -6
313 -6
314 -15
315 -6
316 -6
317 -6
318 -6
319 -6
320 -19
321 -13
322 -6
323 -6
324 -13
325 -6
326 -12
327 -6
328 -6
329 -6
330 -6
331 -6
332 -6
333 -13
334 -13
335 -6
336 -15
337 -11
338 -6
339 -14
340 -13
341 -6
342 -11
343 -15
344 -6
345 -13
346 -14
347 -14
348 -13
349 -13
350 -14
351 -11
352 -14
353 -6
354 -6
355 -6
356 -13
357 -13
358 -14
359 -14
360 -6
361 -13
362 -6
363 -6
364 -11
365 -18
366 -6
367 -6
368 -13
369 -6
370 -13
371 -14
372 -6
373 -11
374 -14
375 -6
376 -6
377 -6
378 -13
379 -14
380 -11
381 -9
382 -6
383 -14
384 -13
385 -6
386 -6
387 -6
388 -6
389 -6
390 -14
391 -6
392 -13
393 -13
394 -13
395 -6
396 -6
397 -11
398 -13
399 -6
400 -13
401 -6
402 -6
403 -14
404 -13
405 -6
406 -11
407 -6
408 -13
409 -6
410 -14
411 -6
412 -13
413 -11
414 -6
415 -11
416 -13
417 -14
418 -13
419 -13
420 -13
421 -11
422 -47
423 -6
424 -14
425 -6
426 -6
427 -13
428 -6
429 -13
430 -13
431 -13
432 -6
433 -14
434 -6
435 -6
436 -6
437 -6
438 -11
439 -13
440 -13
441 -15
442 -18
443 -6
444 -6
445 -6
446 -6
447 -6
448 -6
449 -6
450 -6
451 -13
452 -13
453 -6
454 -13
455 -13
456 -6
457 -13
458 -11
459 -14
460 -6
461 -6
462 -11
463 -6
464 -14
465 -6
466 -6
467 -11
468 -13
469 -6
470 -6
471 -6
472 -11
473 -13
474 -13
475 -11
476 -6
477 -14
478 -14
479 -13
480 -6
481 -6
482 -15
483 -6
484 -13
485 -14
486 -6
487 -11
488 -11
489 -6
490 -6
491 -6
492 -6
493 -16
494 -14
495 -13
496 -14
497 -13
498 -6
499 -13
500 -15
501 -6
502 -13
503 -11
504 -13
505 -13
506 -15
507 -13
508 -14
509 -13
510 -13
511 -11
512 -12
513 -11
514 -13
515 -13
516 -6
517 -13
518 -13
519 -11
520 -14
521 -19
522 -21
523 -14
524 -6
525 -6
526 -11
527 -6
528 -14
529 -6
530 -14
531 -11
532 -6
533 -13
534 -6
535 -13
536 -13
537 -6
538 -6
539 -13
540 -14
541 -14
542 -6
543 -13
544 -12
545 -6
546 -14
547 -6
548 -6
549 -14
550 -13
551 -13
552 -14
553 -13
554 -10
555 -6
556 -6
557 -6
558 -6
559 -14
560 -6
561 -13
562 -6
563 -14
564 -13
565 -6
566 -6
567 -6
568 -13
569 -11
570 -14
571 -14
572 -6
573 -14
574 -11
575 -6
576 -6
577 -13
578 -12
579 -6
580 -14
581 -22
582 -13
583 -14
584 -13
585 -6
586 -11
587 -13
588 -11
589 -11
590 -14
591 -6
592 -6
593 -13
594 -14
595 -13
596 -11
597 -6
598 -14
599 -14
600 -6
601 -11
602 -13
603 -14
604 -11
605 -13
606 -6
607 -6
608 -14
609 -13
610 -13
611 -6
612 -13
613 -13
614 -6
615 -13
616 -13
617 -6
618 -6
619 -6
620 -11
621 -6
622 -14
623 -6
624 -13
625 -14
626 -6
627 -14
628 -6
629 -13
630 -6
631 -13
632 -13
633 -6
634 -14
635 -13
636 -6
637 -6
638 -14
639 -6
640 -11
641 -14
642 -13
643 -13
644 -6
645 -6
646 -6
647 -6
648 -13
649 -11
650 -13
651 -6
652 -6
653 -6
654 -6
655 -11
656 -6
657 -6
658 -6
659 -6
660 -6
661 -6
662 -6
663 -14
664 -13
665 -11
666 -6
667 -6
668 -6
669 -11
670 -31
671 -13
672 -13
673 -11
674 -14
675 -6
676 -6
677 -13
678 -11
679 -11
680 -17
681 -11
682 -14
683 -6
684 -6
685 -11
686 -18
687 -6
688 -6
689 -13
690 -6
691 -6
692 -13
693 -6
694 -13
695 -6
696 -11
697 -6
698 -13
699 -13
700 -11
701 -6
702 -6
703 -6
704 -6
705 -42
706 -6
707 -13
708 -13
709 -13
710 -6
711 -6
712 -13
713 -13
714 -13
715 -13
716 -13
717 -39
718 -11
719 -22
720 -18
721 -6
722 -6
723 -6
724 -14
725 -11
726 -13
727 -13
728 -13
729 -13
730 -6
731 -11
732 -13
733 -13
734 -11
735 -6
736 -6
737 -13
738 -43
739 -14
740 -13
741 -14
742 -6
743 -11
744 -6
745 -6
746 -14
747 -13
748 -14
749 -14
750 -6
751 -14
752 -14
753 -14
754 -14
755 -14
756 -13
757 -13
758 -13
759 -14
760 -6
761 -6
762 -6
763 -6
764 -13
765 -11
766 -13
767 -6
768 -13
769 -8
770 -6
771 -11
772 -22
773 -13
774 -6
775 -14
776 -6
777 -6
778 -6
779 -13
780 -6
781 -6
782 -6
783 -14
784 -6
785 -14
786 -6
787 -6
788 -6
789 -14
790 -6
791 -14
792 -6
793 -6
794 -14
795 -6
796 -6
797 -6
798 -13
799 -11
800 -6
801 -14
802 -6
803 -11
804 -13
805 -6
806 -6
807 -13
808 -6
809 -6
810 -6
811 -14
812 -6
813 -14
814 -13
815 -6
816 -6
817 -11
818 -6
819 -6
820 -13
821 -6
822 -13
823 -13
824 -6
825 -14
826 -13
827 -15
828 -6
829 -6
830 -13
831 -13
832 -11
833 -13
834 -13
835 -6
836 -6
837 -11
838 -6
839 -13
840 -11
841 -6
842 -6
843 -6
844 -6
845 -13
846 -6
847 -13
848 -11
849 -13
850 -6
851 -6
852 -6
853 -6
854 -13
855 -6
856 -6
857 -6
858 -11
859 -6
860 -13
861 -6
862 -6
863 -6
864 -6
865 -11
866 -11
867 -14
868 -6
869 -6
870 -13
871 -14
872 -13
873 -6
874 -6
875 -11
876 -11
877 -6
878 -6
879 -11
880 -14
881 -10
882 -6
883 -6
884 -13
885 -6
886 -14
887 -13
888 -13
889 -13
890 -14
891 -13
892 -6
893 -6
894 -6
895 -13
896 -6
897 -14
898 -11
899 -6
900 -13
901 -13
902 -6
903 -6
904 -13
905 -6
906 -13
907 -13
908 -6
909 -6
910 -13
911 -11
912 -8
913 -6
914 -13
915 -14
916 -11
917 -13
918 -14
919 -6
920 -14
921 -6
922 -14
923 -6
924 -23
925 -11
926 -6
927 -14
928 -14
929 -17
930 -13
931 -13
932 -13
933 -6
934 -13
935 -6
936 -14
937 -11
938 -13
939 -14
940 -14
941 -17
942 -6
943 -11
944 -13
945 -11
946 -11
947 -13
948 -6
949 -14
950 -6
951 -6
952 -6
953 -11
954 -13
955 -6
956 -13
957 -6
958 -14
959 -6
960 -6
961 -11
962 -6
963 -6
964 -11
965 -6
966 -13
967 -11
968 -6
969 -14
970 -6
971 -14
972 -13
973 -13
974 -6
975 -6
976 -10
977 -6
978 -14
979 -13
980 -6
981 -6
982 -13
983 -11
984 -13
985 -6
986 -13
987 -13
988 -6
989 -13
990 -6
991 -11
992 -6
993 -6
994 -14
995 -6
996 -6
997 -9
998 -13
999 -11
