0 -13
1 -13
2 -6
3 -6
4 -14
5 -6
6 -14
7 -7
8 -7
9 -13
10 -14
11 -7
12 -6
13 -13
14 -8
15 -6
16 -13
17 -13
18 -8
19 -14
20 -14
21 -6
22 -6
23 -8
24 -8
25 -13
26 -14
27 -13
28 -13
29 -6
30 -14
31 -13
32 -16
33 -6
34 -13
35 -6
36 -13
37 -6
38 -7
39 -7
40 -6
41 -7
42 -6
43 -14
44 -14
45 -6
46 -6
47 -7
48 -7
49 -14
50 -13
51 -13
52 -14
53 -6
54 -7
55 -13
56 -13
57 -14
58 -13
59 -7
60 -13
61 -13
62 -6
63 -7
64 -6
65 -7
66 -14
67 -6
68 -14
69 -8
70 -14
71 -6
72 -8
73 -14
74 -13
75 -14
76 -6
77 -6
78 -7
79 -6
80 -7
81 -14
82 -8
83 -14
84 -6
85 -7
86 -6
87 -58
88 -6
89 -14
90 -8
91 -13
92 -8
93 -14
94 -8
95 -7
96 -13
97 -6
98 -13
99 -6
100 -6
101 -8
102 -14
103 -8
104 -6
105 -6
106 -13
107 -13
108 -7
109 -7
110 -6
111 -6
112 -13
113 -13
114 -13
115 -13
116 -13
117 -13
118 -13
119 -6
120 -13
121 -14
122 -6
123 -6
124 -8
125 -8
126 -13
127 -14
128 -13
129 -6
130 -7
131 -14
132 -13
133 -14
134 -7
135 -6
136 -8
137 -6
138 -8
139 -13
140 -6
141 -7
142 -6
143 -8
144 -6
145 -13
146 -14
147 -6
148 -7
149 -8
150 -17
151 -7
152 -13
153 -8
154 -8
155 -14
156 -14
157 -8
158 -6
159 -6
160 -14
161 -6
162 -18
163 -13
164 -13
165 -14
166 -6
167 -13
168 -7
169 -7
170 -6
171 -13
172 -13
173 -6
174 -8
175 -7
176 -6
177 -6
178 -8
179 -13
180 -8
181 -8
182 -8
183 -13
184 -14
185 -6
186 -8
187 -13
188 -13
189 -6
190 -7
191 -6
192 -8
193 -11
194 -8
195 -6
196 -6
197 -8
198 -14
199 -17
200 -6
201 -7
202 -6
203 -14
204 -13
205 -6
206 -14
207 -14
208 -6
209 -13
210 -12
211 -7
212 -6
213 -12
214 -8
215 -6
216 -6
217 -7
218 -13
219 -7
220 -6
221 -8
222 -14
223 -6
224 -7
225 -13
226 -7
227 -14
228 -7
229 -13
230 -14
231 -14
232 -6
233 -6
234 -6
235 -13
236 -13
237 -7
238 -13
239 -6
240 -13
241 -13
242 -6
243 -13
244 -13
245 -6
246 -13
247 -22
248 -7
249 -13
250 -13
251 -8
252 -14
253 -7
254 -6
255 -13
256 -16
257 -13
258 -7
259 -13
260 -12
261 -6
262 -12
263 -14
264 -14
265 -6
266 -26
267 -14
268 -13
269 -13
270 -6
271 -6
272 -13
273 -14
274 -13
275 -8
276 -13
277 -13
278 -6
279 -6
280 -13
281 -7
282 -7
283 -13
284 -13
285 -13
286 -8
287 -14
288 -8
289 -13
290 -8
291 -7
292 -6
293 -13
294 -14
295 -13
296 -6
297 -7
298 -13
299 -14
300 -7
301 -7
302 -7
303 -14
304 -7
305 -6
306 -18
307 -8
308 -6
309 -6
310 -8
311 -14
312 -14
313 -7
314 -7
315 -13
316 -13
317 -6
318 -13
319 -7
320 -8
321 -14
322 -7
323 -8
324 -6
325 -7
326 -8
327 -13
328 -7
329 -7
330 -6
331 -6
332 -14
333 -14
334 -8
335 -10
336 -8
337 -17
338 -13
339 -8
340 -14
341 -13
342 -13
343 -14
344 -6
345 -13
346 -14
347 -6
348 -13
349 -14
350 -6
351 -7
352 -13
353 -13
354 -6
355 -8
356 -13
357 -13
358 -8
359 -13
360 -14
361 -13
362 -7
363 -6
364 -7
365 -14
366 -13
367 -7
368 -14
369 -8
370 -6
371 -10
372 -6
373 -14
374 -13
375 -13
376 -7
377 -14
378 -13
379 -8
380 -13
381 -8
382 -13
383 -7
384 -13
385 -6
386 -6
387 -6
388 -6
389 -8
390 -36
391 -7
392 -7
393 -13
394 -14
395 -8
396 -13
397 -13
398 -6
399 -6
400 -8
401 -6
402 -6
403 -7
404 -13
405 -14
406 -8
407 -8
408 -11
409 -13
410 -7
411 -6
412 -7
413 -6
414 -8
415 -13
416 -6
417 -17
418 -8
419 -14
420 -14
421 -13
422 -7
423 -6
424 -6
425 -7
426 -7
427 -14
428 -20
429 -6
430 -6
431 -7
432 -6
433 -14
434 -7
435 -14
436 -6
437 -6
438 -10
439 -13
440 -14
441 -6
442 -14
443 -8
444 -6
445 -15
446 -8
447 -13
448 -13
449 -14
450 -13
451 -8
452 -6
453 -7
454 -8
455 -8
456 -7
457 -13
458 -7
459 -13
460 -6
461 -6
462 -8
463 -6
464 -8
465 -14
466 -6
467 -6
468 -7
469 -7
470 -14
471 -6
472 -13
473 -14
474 -6
475 -6
476 -6
477 -14
478 -6
479 -8
480 -7
481 -13
482 -13
483 -6
484 -6
485 -14
486 -8
487 -6
488 -14
489 -14
490 -17
491 -13
492 -7
493 -6
494 -14
495 -6
496 -14
497 -6
498 -13
499 -17
500 -6
501 -7
502 -7
503 -7
504 -14
505 -6
506 -14
507 -8
508 -7
509 -8
510 -8
511 -6
512 -6
513 -6
514 -6
515 -13
516 -14
517 -13
518 -14
519 -7
520 -13
521 -7
522 -13
523 -7
524 -6
525 -8
526 -6
527 -13
528 -6
529 -6
530 -14
531 -6
532 -13
533 -6
534 -7
535 -8
536 -6
537 -7
538 -13
539 -6
540 -13
541 -14
542 -6
543 -8
544 -7
545 -6
546 -6
547 -7
548 -6
549 -14
550 -13
551 -6
552 -6
553 -13
554 -13
555 -8
556 -13
557 -8
558 -7
559 -6
560 -6
561 -13
562 -13
563 -6
564 -14
565 -8
566 -13
567 -14
568 -14
569 -6
570 -13
571 -14
572 -14
573 -13
574 -6
575 -13
576 -6
577 -13
578 -13
579 -6
580 -6
581 -13
582 -8
583 -13
584 -8
585 -8
586 -13
587 -13
588 -14
589 -12
590 -13
591 -14
592 -6
593 -7
594 -8
595 -7
596 -10
597 -6
598 -13
599 -6
600 -8
601 -14
602 -8
603 -13
604 -7
605 -8
606 -12
607 -13
608 -6
609 -13
610 -7
611 -14
612 -6
613 -10
614 -13
615 -13
616 -6
617 -13
618 -13
619 -7
620 -6
621 -6
622 -6
623 -13
624 -14
625 -6
626 -6
627 -6
628 -6
629 -6
630 -14
631 -6
632 -7
633 -13
634 -8
635 -13
636 -8
637 -14
638 -14
639 -8
640 -14
641 -13
642 -7
643 -7
644 -6
645 -7
646 -13
647 -13
648 -21
649 -6
650 -6
651 -6
652 -13
653 -8
654 -8
655 -14
656 -13
657 -7
658 -8
659 -8
660 -7
661 -13
662 -6
663 -7
664 -6
665 -14
666 -7
667 -13
668 -14
669 -6
670 -6
671 -13
672 -14
673 -7
674 -8
675 -13
676 -14
677 -7
678 -13
679 -14
680 -14
681 -7
682 -14
683 -7
684 -13
685 -13
686 -13
687 -6
688 -6
689 -6
690 -14
691 -13
692 -9
693 -14
694 -6
695 -8
696 -13
697 -14
698 -13
699 -13
700 -13
701 -6
702 -6
703 -6
704 -6
705 -6
706 -14
707 -6
708 -7
709 -6
710 -8
711 -6
712 -12
713 -14
714 -14
715 -6
716 -13
717 -6
718 -6
719 -13
720 -14
721 -7
722 -14
723 -7
724 -6
725 -14
726 -6
727 -8
728 -7
729 -6
730 -8
731 -13
732 -6
733 -14
734 -6
735 -13
736 -14
737 -13
738 -15
739 -6
740 -14
741 -13
742 -6
743 -6
744 -6
745 -13
746 -8
747 -13
748 -13
749 -8
750 -8
751 -8
752 -13
753 -14
754 -6
755 -8
756 -6
757 -6
758 -6
759 -6
760 -13
761 -6
762 -6
763 -8
764 -8
765 -8
766 -13
767 -8
768 -6
769 -8
770 -14
771 -13
772 -7
773 -7
774 -14
775 -14
776 -6
777 -6
778 -13
779 -13
780 -13
781 -8
782 -6
783 -13
784 -14
785 -14
786 -13
787 -13
788 -13
789 -8
790 -14
791 -6
792 -14
793 -6
794 -13
795 -6
796 -12
797 -6
798 -13
799 -13
800 -7
801 -10
802 -13
803 -8
804 -8
805 -8
806 -6
807 -13
808 -13
809 -6
810 -13
811 -6
812 -13
813 -7
814 -13
815 -8
816 -6
817 -14
818 -7
819 -8
820 -14
821 -6
822 -6
823 -13
824 -6
825 -8
826 -7
827 -14
828 -7
829 -14
830 -14
831 -16
832 -17
833 -6
834 -6
835 -26
836 -6
837 -8
838 -6
839 -6
840 -13
841 -6
842 -13
843 -13
844 -6
845 -8
846 -6
847 -13
848 -14
849 -7
850 -6
851 -8
852 -14
853 -13
854 -44
855 -6
856 -8
857 -13
858 -6
859 -8
860 -6
861 -6
862 -6
863 -13
864 -13
865 -7
866 -6
867 -9
868 -14
869 -6
870 -6
871 -7
872 -6
873 -6
874 -8
875 -6
876 -7
877 -7
878 -14
879 -6
880 -14
881 -6
882 -13
883 -8
884 -7
885 -13
886 -13
887 -6
888 -6
889 -6
890 -13
891 -18
892 -14
893 -13
894 -13
895 -7
896 -14
897 -14
898 -8
899 -13
900 -8
901 -13
902 -13
903 -6
904 -13
905 -6
906 -6
907 -6
908 -8
909 -6
910 -13
911 -14
912 -8
913 -8
914 -6
915 -13
916 -13
917 -13
918 -13
919 -6
920 -6
921 -6
922 -13
923 -7
924 -13
925 -13
926 -16
927 -6
928 -13
929 -6
930 -6
931 -7
932 -7
933 -7
934 -13
935 -13
936 -7
937 -6
938 -14
939 -7
940 -13
941 -7
942 -6
943 -13
944 -6
945 -7
946 -7
947 -13
948 -6
949 -8
950 -8
951 -13
952 -13
953 -6
954 -14
955 -8
956 -8
957 -13
958 -13
959 -13
960 -8
961 -7
962 -6
963 -7
964 -13
965 -6
966 -7
967 -13
968 -6
969 -6
970 -6
971 -13
972 -7
973 -7
974 -13
975 -6
976 -13
977 -8
978 -6
979 -13
980 -6
981 -13
982 -6
983 -13
984 -8
985 -6
986 -7
987 -6
988 -6
989 -7
990 -14
991 -7
992 -14
993 -8
994 -8
995 -8
996 -13
997 -7
998 -6
999 -13
