0 -6
1 -14
2 -6
3 -6
4 -14
5 -8
6 -8
7 -7
8 -14
9 -7
10 -13
11 -8
12 -7
13 -7
14 -13
15 -7
16 -7
17 -6
18 -8
19 -6
20 -8
21 -13
22 -14
23 -7
24 -13
25 -6
26 -13
27 -13
28 -13
29 -13
30 -6
31 -58
32 -13
33 -8
34 -11
35 -8
36 -8
37 -13
38 -8
39 -8
40 -13
41 -14
42 -14
43 -7
44 -13
45 -14
46 -8
47 -14
48 -13
49 -8
50 -8
51 -6
52 -14
53 -8
54 -6
55 -14
56 -13
57 -7
58 -13
59 -8
60 -6
61 -14
62 -7
63 -13
64 -13
65 -13
66 -22
67 -13
68 -6
69 -13
70 -6
71 -8
72 -21
73 -13
74 -14
75 -6
76 -8
77 -13
78 -7
79 -13
80 -14
81 -6
82 -14
83 -8
84 -14
85 -13
86 -6
87 -14
88 -13
89 -14
90 -14
91 -14
92 -13
93 -7
94 -13
95 -6
96 -14
97 -7
98 -8
99 -7
100 -6
101 -7
102 -7
103 -8
104 -13
105 -7
106 -13
107 -6
108 -6
109 -6
110 -13
111 -13
112 -13
113 -7
114 -13
115 -7
116 -14
117 -13
118 -14
119 -13
120 -6
121 -8
122 -6
123 -6
124 -6
125 -14
126 -8
127 -8
128 -13
129 -7
130 -6
131 -14
132 -13
133 -6
134 -8
135 -14
136 -8
137 -13
138 -13
139 -58
140 -6
141 -13
142 -6
143 -6
144 -6
145 -6
146 -13
147 -6
148 -6
149 -14
150 -6
151 -14
152 -13
153 -13
154 -7
155 -13
156 -13
157 -13
158 -8
159 -8
160 -14
161 -6
162 -13
163 -14
164 -6
165 -6
166 -14
167 -13
168 -8
169 -8
170 -7
171 -6
172 -7
173 -6
174 -14
175 -8
176 -13
177 -6
178 -6
179 -14
180 -14
181 -14
182 -6
183 -13
184 -13
185 -13
186 -6
187 -6
188 -15
189 -7
190 -7
191 -15
192 -13
193 -6
194 -8
195 -8
196 -13
197 -8
198 -10
199 -6
200 -14
201 -8
202 -6
203 -13
204 -6
205 -8
206 -8
207 -7
208 -6
209 -13
210 -14
211 -6
212 -6
213 -15
214 -7
215 -13
216 -17
217 -13
218 -14
219 -6
220 -13
221 -8
222 -13
223 -6
224 -7
225 -6
226 -6
227 -13
228 -7
229 -8
230 -14
231 -13
232 -13
233 -13
234 -7
235 -8
236 -6
237 -13
238 -7
239 -6
240 -7
241 -14
242 -14
243 -7
244 -8
245 -6
246 -8
247 -6
248 -13
249 -6
250 -13
251 -44
252 -6
253 -6
254 -13
255 -6
256 -13
257 -13
258 -13
259 -6
260 -13
261 -7
262 -13
263 -13
264 -7
265 -7
266 -18
267 -7
268 -6
269 -13
270 -8
271 -6
272 -6
273 -8
274 -6
275 -7
276 -12
277 -13
278 -6
279 -14
280 -6
281 -14
282 -6
283 -59
284 -6
285 -6
286 -14
287 -13
288 -9
289 -7
290 -14
291 -8
292 -13
293 -13
294 -13
295 -6
296 -7
297 -55
298 -13
299 -13
300 -13
301 -6
302 -7
303 -6
304 -6
305 -14
306 -14
307 -6
308 -15
309 -14
310 -8
311 -7
312 -14
313 -7
314 -6
315 -13
316 -6
317 -7
318 -8
319 -7
320 -6
321 -14
322 -7
323 -6
324 -13
325 -13
326 -14
327 -13
328 -7
329 -6
330 -6
331 -8
332 -7
333 -14
334 -14
335 -13
336 -6
337 -7
338 -8
339 -6
340 -14
341 -13
342 -6
343 -8
344 -14
345 -7
346 -7
347 -6
348 -13
349 -14
350 -7
351 -6
352 -6
353 -13
354 -7
355 -7
356 -14
357 -6
358 -14
359 -8
360 -14
361 -6
362 -7
363 -8
364 -6
365 -13
366 -13
367 -13
368 -6
369 -7
370 -15
371 -14
372 -13
373 -13
374 -13
375 -6
376 -6
377 -13
378 -6
379 -6
380 -7
381 -6
382 -14
383 -6
384 -8
385 -7
386 -6
387 -7
388 -14
389 -6
390 -8
391 -8
392 -6
393 -6
394 -6
395 -6
396 -14
397 -6
398 -7
399 -14
400 -6
401 -13
402 -6
403 -13
404 -14
405 -13
406 -6
407 -6
408 -7
409 -6
410 -14
411 -13
412 -13
413 -8
414 -13
415 -8
416 -13
417 -14
418 -13
419 -7
420 -7
421 -13
422 -13
423 -13
424 -6
425 -14
426 -14
427 -7
428 -13
429 -14
430 -13
431 -14
432 -8
433 -6
434 -18
435 -6
436 -8
437 -8
438 -13
439 -8
440 -8
441 -6
442 -6
443 -8
444 -8
445 -6
446 -13
447 -6
448 -13
449 -6
450 -6
451 -6
452 -14
453 -13
454 -7
455 -13
456 -14
457 -6
458 -13
459 -6
460 -8
461 -8
462 -14
463 -7
464 -13
465 -6
466 -7
467 -6
468 -8
469 -14
470 -13
471 -13
472 -6
473 -6
474 -13
475 -8
476 -8
477 -13
478 -7
479 -7
480 -6
481 -16
482 -8
483 -13
484 -7
485 -6
486 -14
487 -13
488 -13
489 -8
490 -6
491 -6
492 -13
493 -14
494 -13
495 -8
496 -8
497 -6
498 -8
499 -6
500 -13
501 -6
502 -13
503 -14
504 -8
505 -13
506 -13
507 -14
508 -13
509 -8
510 -14
511 -6
512 -7
513 -13
514 -7
515 -7
516 -6
517 -13
518 -24
519 -14
520 -14
521 -6
522 -7
523 -6
524 -13
525 -6
526 -14
527 -13
528 -8
529 -8
530 -13
531 -6
532 -6
533 -13
534 -8
535 -8
536 -13
537 -8
538 -13
539 -8
540 -8
541 -14
542 -7
543 -6
544 -13
545 -6
546 -13
547 -13
548 -7
549 -14
550 -7
551 -20
552 -6
553 -14
554 -8
555 -6
556 -6
557 -15
558 -8
559 -6
560 -14
561 -6
562 -14
563 -14
564 -13
565 -6
566 -14
567 -13
568 -8
569 -8
570 -6
571 -8
572 -6
573 -6
574 -6
575 -8
576 -6
577 -13
578 -13
579 -8
580 -13
581 -9
582 -13
583 -6
584 -8
585 -6
586 -13
587 -6
588 -6
589 -6
590 -7
591 -7
592 -13
593 -6
594 -6
595 -6
596 -14
597 -13
598 -13
599 -8
600 -13
601 -13
602 -14
603 -6
604 -14
605 -13
606 -13
607 -6
608 -6
609 -6
610 -6
611 -8
612 -6
613 -6
614 -8
615 -8
616 -8
617 -6
618 -13
619 -8
620 -13
621 -13
622 -8
623 -13
624 -13
625 -16
626 -13
627 -13
628 -6
629 -8
630 -6
631 -6
632 -6
633 -8
634 -6
635 -14
636 -7
637 -8
638 -14
639 -7
640 -14
641 -6
642 -13
643 -6
644 -7
645 -14
646 -8
647 -14
648 -6
649 -6
650 -13
651 -14
652 -6
653 -13
654 -8
655 -8
656 -13
657 -8
658 -13
659 -8
660 -13
661 -14
662 -8
663 -6
664 -7
665 -19
666 -8
667 -6
668 -13
669 -6
670 -13
671 -13
672 -6
673 -13
674 -6
675 -54
676 -6
677 -13
678 -13
679 -8
680 -14
681 -7
682 -6
683 -14
684 -6
685 -7
686 -14
687 -20
688 -13
689 -13
690 -13
691 -8
692 -6
693 -7
694 -7
695 -8
696 -14
697 -14
698 -7
699 -8
700 -13
701 -8
702 -13
703 -6
704 -14
705 -13
706 -7
707 -6
708 -6
709 -6
710 -6
711 -14
712 -14
713 -8
714 -14
715 -14
716 -8
717 -58
718 -15
719 -13
720 -6
721 -13
722 -13
723 -14
724 -7
725 -13
726 -6
727 -13
728 -7
729 -6
730 -13
731 -7
732 -6
733 -8
734 -8
735 -13
736 -13
737 -13
738 -14
739 -6
740 -6
741 -14
742 -7
743 -6
744 -7
745 -13
746 -14
747 -8
748 -7
749 -6
750 -7
751 -6
752 -13
753 -13
754 -7
755 -6
756 -13
757 -14
758 -6
759 -13
760 -13
761 -13
762 -7
763 -8
764 -6
765 -8
766 -8
767 -8
768 -13
769 -13
770 -7
771 -14
772 -6
773 -13
774 -7
775 -6
776 -14
777 -6
778 -13
779 -6
780 -6
781 -7
782 -7
783 -8
784 -8
785 -13
786 -7
787 -17
788 -7
789 -13
790 -13
791 -14
792 -13
793 -13
794 -6
795 -22
796 -14
797 -12
798 -6
799 -8
800 -6
801 -13
802 -13
803 -13
804 -14
805 -14
806 -6
807 -7
808 -7
809 -8
810 -14
811 -13
812 -6
813 -6
814 -13
815 -6
816 -7
817 -6
818 -7
819 -7
820 -8
821 -7
822 -7
823 -6
824 -6
825 -8
826 -13
827 -8
828 -13
829 -13
830 -13
831 -13
832 -13
833 -14
834 -13
835 -6
836 -8
837 -6
838 -14
839 -7
840 -14
841 -14
842 -13
843 -8
844 -6
845 -7
846 -6
847 -13
848 -6
849 -14
850 -8
851 -14
852 -7
853 -7
854 -6
855 -6
856 -6
857 -6
858 -13
859 -14
860 -6
861 -6
862 -8
863 -8
864 -7
865 -8
866 -8
867 -8
868 -6
869 -15
870 -13
871 -13
872 -7
873 -8
874 -14
875 -13
876 -13
877 -13
878 -6
879 -7
880 -6
881 -6
882 -6
883 -14
884 -7
885 -6
886 -7
887 -8
888 -14
889 -7
890 -6
891 -7
892 -8
893 -6
894 -13
895 -6
896 -14
897 -6
898 -6
899 -6
900 -13
901 -6
902 -6
903 -14
904 -6
905 -7
906 -13
907 -6
908 -6
909 -8
910 -13
911 -13
912 -7
913 -7
914 -14
915 -18
916 -14
917 -8
918 -6
919 -13
920 -13
921 -14
922 -13
923 -7
924 -17
925 -14
926 -6
927 -8
928 -7
929 -7
930 -14
931 -13
932 -14
933 -6
934 -13
935 -13
936 -7
937 -13
938 -13
939 -14
940 -17
941 -6
942 -6
943 -7
944 -14
945 -8
946 -13
947 -6
948 -8
949 -6
950 -8
951 -14
952 -6
953 -8
954 -7
955 -13
956 -18
957 -13
958 -8
959 -8
960 -6
961 -13
962 -6
963 -13
964 -14
965 -7
966 -6
967 -8
968 -6
969 -14
970 -6
971 -7
972 -8
973 -6
974 -6
975 -8
976 -13
977 -14
978 -7
979 -8
980 -13
981 -6
982 -7
983 -13
984 -7
985 -6
986 -6
987 -13
988 -8
989 -14
990 -8
991 -14
992 -7
993 -13
994 -6
995 -13
996 -6
997 -7
998 -7
999 -8
