0 -13
1 -6
2 -7
3 -13
4 -14
5 -14
6 -6
7 -14
8 -13
9 -13
10 -14
11 -14
12 -13
13 -6
14 -14
15 -13
16 -7
17 -6
18 -7
19 -8
20 -13
21 -8
22 -13
23 -13
24 -14
25 -14
26 -13
27 -8
28 -13
29 -6
30 -13
31 -13
32 -13
33 -13
34 -53
35 -6
36 -6
37 -13
38 -8
39 -7
40 -13
41 -6
42 -8
43 -6
44 -8
45 -7
46 -6
47 -7
48 -14
49 -8
50 -13
51 -7
52 -13
53 -13
54 -6
55 -7
56 -6
57 -14
58 -6
59 -13
60 -6
61 -7
62 -6
63 -13
64 -14
65 -14
66 -6
67 -13
68 -13
69 -13
70 -14
71 -6
72 -6
73 -14
74 -6
75 -6
76 -6
77 -7
78 -8
79 -13
80 -7
81 -6
82 -8
83 -6
84 -8
85 -14
86 -6
87 -8
88 -6
89 -14
90 -14
91 -6
92 -13
93 -8
94 -14
95 -13
96 -14
97 -7
98 -6
99 -13
100 -6
101 -6
102 -6
103 -9
104 -13
105 -13
106 -13
107 -14
108 -6
109 -6
110 -13
111 -13
112 -6
113 -6
114 -18
115 -8
116 -13
117 -10
118 -6
119 -7
120 -6
121 -13
122 -6
123 -6
124 -8
125 -13
126 -6
127 -14
128 -7
129 -13
130 -13
131 -6
132 -6
133 -8
134 -6
135 -6
136 -6
137 -13
138 -8
139 -14
140 -13
141 -13
142 -13
143 -8
144 -6
145 -13
146 -6
147 -13
148 -13
149 -6
150 -6
151 -8
152 -6
153 -41
154 -13
155 -8
156 -8
157 -13
158 -7
159 -8
160 -14
161 -14
162 -6
163 -6
164 -6
165 -14
166 -8
167 -6
168 -8
169 -6
170 -14
171 -13
172 -13
173 -13
174 -6
175 -6
176 -7
177 -13
178 -6
179 -13
180 -13
181 -14
182 -13
183 -6
184 -13
185 -8
186 -8
187 -13
188 -13
189 -13
190 -13
191 -13
192 -6
193 -7
194 -8
195 -13
196 -8
197 -7
198 -6
199 -8
200 -8
201 -13
202 -8
203 -11
204 -13
205 -13
206 -6
207 -10
208 -13
209 -13
210 -6
211 -6
212 -7
213 -6
214 -6
215 -13
216 -6
217 -8
218 -7
219 -6
220 -6
221 -6
222 -7
223 -13
224 -13
225 -6
226 -7
227 -6
228 -8
229 -13
230 -14
231 -13
232 -7
233 -7
234 -6
235 -7
236 -13
237 -6
238 -14
239 -7
240 -14
241 -7
242 -13
243 -14
244 -14
245 -13
246 -14
247 -14
248 -6
249 -7
250 -18
251 -14
252 -8
253 -14
254 -6
255 -8
256 -13
257 -13
258 -7
259 -7
260 -6
261 -7
262 -8
263 -8
264 -13
265 -6
266 -14
267 -8
268 -13
269 -8
270 -6
271 -6
272 -13
273 -14
274 -13
275 -8
276 -7
277 -14
278 -7
279 -13
280 -14
281 -14
282 -13
283 -13
284 -13
285 -13
286 -6
287 -13
288 -6
289 -13
290 -13
291 -8
292 -7
293 -6
294 -18
295 -6
296 -13
297 -6
298 -13
299 -8
300 -6
301 -19
302 -8
303 -8
304 -13
305 -13
306 -7
307 -6
308 -8
309 -14
310 -8
311 -6
312 -13
313 -13
314 -18
315 -6
316 -10
317 -6
318 -14
319 -6
320 -6
321 -7
322 -14
323 -6
324 -17
325 -6
326 -13
327 -13
328 -13
329 -13
330 -14
331 -7
332 -14
333 -6
334 -8
335 -7
336 -6
337 -6
338 -7
339 -6
340 -14
341 -8
342 -8
343 -6
344 -6
345 -8
346 -59
347 -13
348 -7
349 -13
350 -13
351 -13
352 -7
353 -6
354 -8
355 -8
356 -6
357 -8
358 -13
359 -14
360 -13
361 -13
362 -8
363 -14
364 -6
365 -13
366 -14
367 -6
368 -13
369 -14
370 -7
371 -13
372 -14
373 -6
374 -6
375 -7
376 -14
377 -6
378 -13
379 -13
380 -14
381 -13
382 -14
383 -8
384 -7
385 -14
386 -13
387 -7
388 -14
389 -6
390 -13
391 -7
392 -6
393 -6
394 -13
395 -6
396 -6
397 -14
398 -7
399 -8
400 -18
401 -6
402 -6
403 -7
404 -8
405 -13
406 -13
407 -13
408 -6
409 -13
410 -6
411 -18
412 -6
413 -6
414 -14
415 -6
416 -7
417 -18
418 -6
419 -6
420 -6
421 -13
422 -14
423 -6
424 -6
425 -8
426 -7
427 -13
428 -14
429 -14
430 -13
431 -13
432 -8
433 -13
434 -14
435 -6
436 -13
437 -6
438 -6
439 -13
440 -13
441 -14
442 -6
443 -6
444 -6
445 -8
446 -8
447 -6
448 -8
449 -12
450 -7
451 -6
452 -8
453 -6
454 -6
455 -11
456 -7
457 -6
458 -6
459 -13
460 -7
461 -7
462 -13
463 -13
464 -6
465 -13
466 -14
467 -13
468 -14
469 -13
470 -13
471 -13
472 -7
473 -14
474 -8
475 -14
476 -13
477 -8
478 -13
479 -6
480 -7
481 -13
482 -6
483 -7
484 -13
485 -17
486 -6
487 -13
488 -7
489 -13
490 -13
491 -6
492 -6
493 -13
494 -6
495 -15
496 -6
497 -7
498 -13
499 -7
500 -6
501 -14
502 -13
503 -6
504 -6
505 -7
506 -13
507 -14
508 -13
509 -13
510 -7
511 -7
512 -13
513 -14
514 -8
515 -13
516 -6
517 -13
518 -13
519 -6
520 -13
521 -6
522 -14
523 -8
524 -8
525 -6
526 -6
527 -11
528 -14
529 -13
530 -13
531 -6
532 -7
533 -6
534 -7
535 -6
536 -6
537 -6
538 -7
539 -6
540 -13
541 -6
542 -14
543 -6
544 -13
545 -6
546 -6
547 -6
548 -14
549 -14
550 -7
551 -13
552 -14
553 -6
554 -7
555 -6
556 -7
557 -6
558 -7
559 -13
560 -13
561 -13
562 -6
563 -6
564 -13
565 -8
566 -6
567 -6
568 -6
569 -7
570 -13
571 -6
572 -13
573 -13
574 -13
575 -6
576 -13
577 -14
578 -13
579 -13
580 -6
581 -13
582 -6
583 -13
584 -13
585 -7
586 -7
587 -13
588 -6
589 -6
590 -8
591 -7
592 -7
593 -13
594 -8
595 -13
596 -8
597 -14
598 -6
599 -13
600 -8
601 -7
602 -6
603 -7
604 -8
605 -6
606 -13
607 -14
608 -7
609 -6
610 -7
611 -6
612 -6
613 -14
614 -13
615 -14
616 -7
617 -8
618 -14
619 -14
620 -6
621 -14
622 -13
623 -14
624 -13
625 -6
626 -13
627 -6
628 -13
629 -6
630 -13
631 -6
632 -8
633 -6
634 -7
635 -14
636 -6
637 -14
638 -8
639 -14
640 -8
641 -13
642 -7
643 -13
644 -13
645 -14
646 -7
647 -6
648 -6
649 -6
650 -10
651 -15
652 -6
653 -14
654 -13
655 -7
656 -14
657 -14
658 -6
659 -6
660 -14
661 -6
662 -14
663 -7
664 -13
665 -6
666 -6
667 -6
668 -6
669 -14
670 -8
671 -8
672 -8
673 -8
674 -6
675 -6
676 -6
677 -7
678 -13
679 -8
680 -6
681 -14
682 -7
683 -14
684 -6
685 -13
686 -8
687 -14
688 -14
689 -6
690 -14
691 -13
692 -13
693 -13
694 -13
695 -13
696 -6
697 -6
698 -7
699 -6
700 -8
701 -13
702 -6
703 -13
704 -13
705 -7
706 -6
707 -13
708 -13
709 -13
710 -7
711 -6
712 -14
713 -14
714 -8
715 -7
716 -7
717 -63
718 -14
719 -8
720 -7
721 -6
722 -24
723 -14
724 -8
725 -14
726 -6
727 -13
728 -14
729 -13
730 -13
731 -18
732 -6
733 -8
734 -8
735 -13
736 -6
737 -8
738 -6
739 -8
740 -7
741 -6
742 -6
743 -8
744 -6
745 -14
746 -6
747 -13
748 -6
749 -6
750 -6
751 -8
752 -8
753 -7
754 -6
755 -14
756 -14
757 -14
758 -8
759 -14
760 -25
761 -14
762 -7
763 -18
764 -13
765 -7
766 -13
767 -13
768 -13
769 -6
770 -6
771 -13
772 -7
773 -13
774 -6
775 -8
776 -6
777 -6
778 -6
779 -6
780 -13
781 -13
782 -13
783 -6
784 -9
785 -13
786 -7
787 -13
788 -7
789 -6
790 -14
791 -6
792 -13
793 -13
794 -13
795 -6
796 -7
797 -6
798 -14
799 -13
800 -6
801 -13
802 -13
803 -7
804 -6
805 -13
806 -7
807 -6
808 -13
809 -14
810 -6
811 -6
812 -13
813 -6
814 -13
815 -7
816 -7
817 -6
818 -6
819 -13
820 -14
821 -13
822 -6
823 -13
824 -7
825 -6
826 -13
827 -7
828 -14
829 -7
830 -8
831 -13
832 -8
833 -13
834 -13
835 -13
836 -8
837 -13
838 -6
839 -6
840 -8
841 -6
842 -6
843 -7
844 -13
845 -6
846 -6
847 -8
848 -13
849 -13
850 -8
851 -7
852 -14
853 -14
854 -6
855 -15
856 -6
857 -6
858 -14
859 -6
860 -8
861 -7
862 -14
863 -8
864 -13
865 -6
866 -14
867 -6
868 -8
869 -13
870 -13
871 -6
872 -6
873 -7
874 -13
875 -6
876 -14
877 -14
878 -13
879 -6
880 -14
881 -13
882 -18
883 -13
884 -17
885 -6
886 -13
887 -6
888 -14
889 -6
890 -13
891 -7
892 -13
893 -8
894 -6
895 -19
896 -19
897 -13
898 -6
899 -10
900 -8
901 -16
902 -14
903 -6
904 -7
905 -6
906 -7
907 -6
908 -8
909 -6
910 -6
911 -6
912 -13
913 -6
914 -13
915 -13
916 -8
917 -8
918 -14
919 -12
920 -14
921 -13
922 -6
923 -7
924 -19
925 -27
926 -7
927 -7
928 -13
929 -6
930 -6
931 -7
932 -7
933 -13
934 -6
935 -7
936 -6
937 -6
938 -13
939 -6
940 -13
941 -14
942 -6
943 -12
944 -7
945 -8
946 -13
947 -13
948 -7
949 -7
950 -14
951 -13
952 -6
953 -13
954 -13
955 -7
956 -13
957 -6
958 -14
959 -13
960 -8
961 -13
962 -18
963 -13
964 -14
965 -13
966 -13
967 -14
968 -6
969 -7
970 -6
971 -14
972 -13
973 -7
974 -6
975 -7
976 -14
977 -8
978 -13
979 -13
980 -8
981 -13
982 -6
983 -8
984 -13
985 -14
986 -8
987 -6
988 -8
989 -13
990 -8
991 -7
992 -13
993 -8
994 -13
995 -6
996 -7
997 -6
998 -7
999 -14
