0 -6
1 -6
2 -6
3 -13
4 -13
5 -14
6 -6
7 -6
8 -6
9 -6
10 -14
11 -6
12 -6
13 -13
14 -6
15 -6
16 -13
17 -13
18 -13
19 -6
20 -13
21 -14
22 -6
23 -13
24 -6
25 -10
26 -13
27 -14
28 -6
29 -6
30 -14
31 -22
32 -13
33 -10
34 -6
35 -6
36 -6
37 -13
38 -6
39 -6
40 -6
41 -10
42 -6
43 -14
44 -6
45 -13
46 -10
47 -13
48 -6
49 -6
50 -14
51 -6
52 -6
53 -13
54 -14
55 -14
56 -6
57 -8
58 -10
59 -13
60 -6
61 -13
62 -14
63 -13
64 -6
65 -10
66 -10
67 -6
68 -6
69 -6
70 -6
71 -6
72 -13
73 -6
74 -6
75 -14
76 -6
77 -6
78 -6
79 -6
80 -13
81 -14
82 -6
83 -6
84 -10
85 -6
86 -6
87 -6
88 -6
89 -13
90 -6
91 -13
92 -6
93 -14
94 -6
95 -6
96 -13
97 -6
98 -10
99 -14
100 -6
101 -15
102 -13
103 -13
104 -6
105 -10
106 -6
107 -18
108 -6
109 -13
110 -13
111 -14
112 -13
113 -6
114 -6
115 -6
116 -13
117 -13
118 -13
119 -14
120 -6
121 -28
122 -6
123 -6
124 -10
125 -6
126 -13
127 -6
128 -10
129 -6
130 -6
131 -13
132 -6
133 -14
134 -10
135 -10
136 -13
137 -13
138 -13
139 -14
140 -13
141 -10
142 -14
143 -6
144 -10
145 -6
146 -6
147 -6
148 -14
149 -6
150 -6
151 -6
152 -14
153 -13
154 -6
155 -6
156 -6
157 -6
158 -6
159 -14
160 -13
161 -13
162 -6
163 -6
164 -14
165 -14
166 -10
167 -6
168 -6
169 -6
170 -13
171 -6
172 -14
173 -13
174 -6
175 -13
176 -10
177 -14
178 -13
179 -10
180 -6
181 -13
182 -10
183 -6
184 -13
185 -7
186 -6
187 -10
188 -6
189 -10
190 -14
191 -14
192 -13
193 -13
194 -6
195 -14
196 -14
197 -13
198 -10
199 -6
200 -13
201 -14
202 -6
203 -6
204 -10
205 -6
206 -6
207 -10
208 -6
209 -10
210 -6
211 -6
212 -13
213 -13
214 -6
215 -14
216 -6
217 -13
218 -13
219 -10
220 -14
221 -13
222 -13
223 -10
224 -6
225 -6
226 -13
227 -10
228 -6
229 -10
230 -6
231 -13
232 -6
233 -6
234 -13
235 -14
236 -6
237 -14
238 -13
239 -16
240 -6
241 -6
242 -14
243 -10
244 -6
245 -10
246 -6
247 -40
248 -6
249 -10
250 -6
251 -14
252 -6
253 -6
254 -6
255 -10
256 -6
257 -13
258 -6
259 -10
260 -6
261 -13
262 -6
263 -6
264 -13
265 -13
266 -13
267 -13
268 -13
269 -18
270 -10
271 -6
272 -13
273 -10
274 -14
275 -13
276 -14
277 -6
278 -13
279 -6
280 -14
281 -10
282 -10
283 -10
284 -6
285 -14
286 -13
287 -14
288 -10
289 -10
290 -6
291 -13
292 -6
293 -14
294 -14
295 -13
296 -6
297 -13
298 -6
299 -6
300 -13
301 -13
302 -6
303 -6
304 -6
305 -10
306 -6
307 -6
308 -6
309 -13
310 -6
311 -6
312 -13
313 -6
314 -14
315 -13
316 -14
317 -6
318 -6
319 -10
320 -6
321 -14
322 -6
323 -6
324 -13
325 -18
326 -13
327 -14
328 -14
329 -13
330 -13
331 -10
332 -6
333 -8
334 -14
335 -10
336 -13
337 -10
338 -6
339 -6
340 -6
341 -6
342 -10
343 -13
344 -6
345 -14
346 -6
347 -6
348 -6
349 -14
350 -34
351 -6
352 -13
353 -6
354 -6
355 -13
356 -6
357 -14
358 -15
359 -6
360 -21
361 -6
362 -13
363 -6
364 -14
365 -13
366 -14
367 -6
368 -6
369 -6
370 -6
371 -14
372 -6
373 -14
374 -6
375 -12
376 -13
377 -6
378 -6
379 -6
380 -10
381 -14
382 -6
383 -13
384 -13
385 -13
386 -6
387 -13
388 -6
389 -13
390 -6
391 -30
392 -13
393 -15
394 -14
395 -14
396 -6
397 -14
398 -14
399 -13
400 -6
401 -6
402 -6
403 -6
404 -10
405 -6
406 -6
407 -6
408 -6
409 -10
410 -6
411 -13
412 -6
413 -6
414 -13
415 -13
416 -10
417 -14
418 -6
419 -6
420 -14
421 -13
422 -6
423 -10
424 -6
425 -6
426 -10
427 -12
428 -14
429 -6
430 -13
431 -6
432 -10
433 -14
434 -6
435 -10
436 -13
437 -14
438 -6
439 -13
440 -15
441 -14
442 -6
443 -6
444 -6
445 -14
446 -6
447 -13
448 -13
449 -6
450 -6
451 -10
452 -6
453 -13
454 -6
455 -7
456 -6
457 -13
458 -14
459 -6
460 -10
461 -6
462 -6
463 -13
464 -10
465 -14
466 -13
467 -13
468 -6
469 -10
470 -15
471 -6
472 -6
473 -13
474 -10
475 -13
476 -17
477 -10
478 -6
479 -6
480 -15
481 -13
482 -14
483 -6
484 -6
485 -10
486 -6
487 -13
488 -13
489 -13
490 -6
491 -6
492 -10
493 -14
494 -13
495 -6
496 -6
497 -6
498 -14
499 -10
500 -6
501 -17
502 -6
503 -6
504 -13
505 -14
506 -13
507 -6
508 -13
509 -10
510 -6
511 -10
512 -6
513 -10
514 -13
515 -6
516 -13
517 -10
518 -10
519 -13
520 -13
521 -10
522 -6
523 -13
524 -6
525 -14
526 -6
527 -6
528 -6
529 -14
530 -14
531 -13
532 -6
533 -6
534 -10
535 -10
536 -6
537 -13
538 -13
539 -6
540 -6
541 -6
542 -6
543 -13
544 -13
545 -14
546 -6
547 -13
548 -13
549 -14
550 -10
551 -6
552 -7
553 -6
554 -14
555 -6
556 -14
557 -10
558 -6
559 -14
560 -14
561 -6
562 -10
563 -10
564 -13
565 -10
566 -6
567 -6
568 -6
569 -6
570 -13
571 -6
572 -6
573 -10
574 -6
575 -13
576 -10
577 -6
578 -13
579 -6
580 -6
581 -10
582 -6
583 -6
584 -13
585 -6
586 -6
587 -13
588 -6
589 -13
590 -13
591 -13
592 -10
593 -6
594 -6
595 -13
596 -14
597 -13
598 -15
599 -13
600 -26
601 -10
602 -13
603 -10
604 -6
605 -10
606 -13
607 -6
608 -6
609 -6
610 -10
611 -14
612 -6
613 -17
614 -13
615 -13
616 -6
617 -6
618 -13
619 -13
620 -14
621 -14
622 -10
623 -18
624 -10
625 -6
626 -13
627 -14
628 -13
629 -10
630 -13
631 -6
632 -6
633 -10
634 -6
635 -6
636 -13
637 -6
638 -6
639 -6
640 -13
641 -14
642 -6
643 -6
644 -14
645 -14
646 -13
647 -14
648 -6
649 -13
650 -6
651 -19
652 -14
653 -14
654 -6
655 -10
656 -13
657 -13
658 -13
659 -6
660 -13
661 -6
662 -10
663 -13
664 -18
665 -6
666 -14
667 -10
668 -6
669 -14
670 -14
671 -6
672 -13
673 -13
674 -11
675 -6
676 -10
677 -10
678 -6
679 -13
680 -14
681 -14
682 -6
683 -6
684 -13
685 -13
686 -10
687 -6
688 -13
689 -6
690 -14
691 -13
692 -6
693 -13
694 -6
695 -6
696 -17
697 -6
698 -14
699 -13
700 -13
701 -14
702 -13
703 -10
704 -6
705 -6
706 -14
707 -14
708 -13
709 -10
710 -6
711 -13
712 -10
713 -6
714 -13
715 -17
716 -6
717 -6
718 -6
719 -6
720 -14
721 -6
722 -6
723 -6
724 -14
725 -6
726 -13
727 -6
728 -6
729 -16
730 -6
731 -6
732 -6
733 -6
734 -6
735 -6
736 -14
737 -6
738 -6
739 -14
740 -14
741 -13
742 -6
743 -6
744 -13
745 -10
746 -6
747 -14
748 -6
749 -13
750 -13
751 -13
752 -10
753 -6
754 -23
755 -6
756 -6
757 -14
758 -6
759 -6
760 -10
761 -14
762 -13
763 -14
764 -14
765 -6
766 -14
767 -14
768 -6
769 -22
770 -6
771 -6
772 -6
773 -13
774 -13
775 -43
776 -10
777 -10
778 -14
779 -6
780 -10
781 -13
782 -6
783 -6
784 -10
785 -14
786 -10
787 -6
788 -6
789 -13
790 -6
791 -14
792 -13
793 -10
794 -12
795 -13
796 -6
797 -6
798 -6
799 -6
800 -13
801 -6
802 -6
803 -10
804 -6
805 -13
806 -10
807 -11
808 -6
809 -17
810 -6
811 -6
812 -14
813 -6
814 -13
815 -13
816 -6
817 -6
818 -6
819 -6
820 -6
821 -14
822 -6
823 -6
824 -10
825 -10
826 -13
827 -13
828 -6
829 -14
830 -6
831 -6
832 -13
833 -14
834 -6
835 -13
836 -10
837 -6
838 -14
839 -14
840 -6
841 -10
842 -13
843 -16
844 -14
845 -14
846 -6
847 -6
848 -6
849 -6
850 -6
851 -10
852 -13
853 -6
854 -6
855 -13
856 -13
857 -13
858 -10
859 -13
860 -6
861 -13
862 -6
863 -13
864 -14
865 -14
866 -11
867 -13
868 -13
869 -14
870 -13
871 -13
872 -6
873 -13
874 -13
875 -13
876 -14
877 -10
878 -7
879 -6
880 -13
881 -13
882 -14
883 -10
884 -6
885 -6
886 -6
887 -13
888 -10
889 -13
890 -10
891 -6
892 -6
893 -13
894 -10
895 -13
896 -14
897 -13
898 -14
899 -6
900 -14
901 -6
902 -10
903 -6
904 -6
905 -6
906 -6
907 -10
908 -13
909 -6
910 -14
911 -6
912 -18
913 -6
914 -13
915 -6
916 -10
917 -6
918 -6
919 -6
920 -14
921 -6
922 -13
923 -10
924 -6
925 -6
926 -6
927 -13
928 -6
929 -6
930 -13
931 -14
932 -6
933 -6
934 -6
935 -13
936 -13
937 -6
938 -6
939 -14
940 -10
941 -6
942 -6
943 -6
944 -6
945 -13
946 -6
947 -13
948 -14
949 -6
950 -13
951 -13
952 -6
953 -6
954 -6
955 -13
956 -14
957 -14
958 -13
959 -6
960 -10
961 -6
962 -6
963 -17
964 -10
965 -14
966 -6
967 -13
968 -6
969 -14
970 -10
971 -6
972 -14
973 -13
974 -6
975 -6
976 -13
977 -13
978 -10
979 -8
980 -6
981 -6
982 -6
983 -13
984 -13
985 -13
986 -10
987 -10
988 -13
989 -13
990 -6
991 -6
992 -13
993 -6
994 -10
995 -6
996 -6
997 -9
998 -10
999 -14
