0 -10
1 -6
2 -14
3 -14
4 -6
5 -13
6 -6
7 -13
8 -6
9 -6
10 -13
11 -13
12 -6
13 -6
14 -14
15 -6
16 -14
17 -6
18 -6
19 -6
20 -6
21 -10
22 -10
23 -14
24 -10
25 -14
26 -6
27 -10
28 -6
29 -6
30 -10
31 -13
32 -13
33 -6
34 -6
35 -6
36 -13
37 -6
38 -14
39 -14
40 -10
41 -6
42 -13
43 -10
44 -6
45 -6
46 -16
47 -10
48 -10
49 -13
50 -10
51 -10
52 -14
53 -13
54 -6
55 -13
56 -12
57 -6
58 -10
59 -13
60 -14
61 -6
62 -10
63 -13
64 -13
65 -6
66 -13
67 -10
68 -13
69 -6
70 -13
71 -13
72 -6
73 -14
74 -6
75 -10
76 -10
77 -6
78 -6
79 -6
80 -6
81 -6
82 -10
83 -13
84 -14
85 -13
86 -6
87 -6
88 -6
89 -6
90 -14
91 -13
92 -6
93 -13
94 -6
95 -6
96 -10
97 -10
98 -6
99 -6
100 -6
101 -13
102 -14
103 -6
104 -14
105 -6
106 -13
107 -14
108 -10
109 -10
110 -6
111 -13
112 -6
113 -10
114 -13
115 -13
116 -6
117 -14
118 -13
119 -14
120 -6
121 -6
122 -6
123 -10
124 -6
125 -6
126 -6
127 -6
128 -13
129 -6
130 -11
131 -13
132 -13
133 -13
134 -6
135 -10
136 -13
137 -13
138 -14
139 -13
140 -14
141 -14
142 -13
143 -6
144 -22
145 -18
146 -6
147 -6
148 -6
149 -10
150 -10
151 -6
152 -13
153 -6
154 -6
155 -13
156 -10
157 -6
158 -6
159 -10
160 -6
161 -6
162 -6
163 -6
164 -6
165 -16
166 -13
167 -6
168 -10
169 -6
170 -10
171 -6
172 -6
173 -6
174 -14
175 -10
176 -6
177 -10
178 -14
179 -13
180 -13
181 -6
182 -6
183 -6
184 -6
185 -14
186 -10
187 -6
188 -14
189 -6
190 -10
191 -13
192 -6
193 -6
194 -10
195 -10
196 -6
197 -6
198 -13
199 -13
200 -16
201 -6
202 -13
203 -6
204 -10
205 -13
206 -13
207 -10
208 -13
209 -13
210 -13
211 -14
212 -6
213 -10
214 -6
215 -14
216 -13
217 -10
218 -13
219 -6
220 -10
221 -10
222 -14
223 -13
224 -10
225 -13
226 -13
227 -6
228 -14
229 -10
230 -13
231 -6
232 -14
233 -6
234 -13
235 -14
236 -13
237 -6
238 -14
239 -13
240 -6
241 -6
242 -14
243 -6
244 -6
245 -10
246 -6
247 -13
248 -6
249 -10
250 -6
251 -13
252 -13
253 -14
254 -6
255 -6
256 -13
257 -14
258 -6
259 -13
260 -6
261 -13
262 -6
263 -13
264 -6
265 -6
266 -13
267 -6
268 -6
269 -10
270 -6
271 -14
272 -10
273 -14
274 -10
275 -10
276 -13
277 -6
278 -13
279 -13
280 -10
281 -13
282 -6
283 -6
284 -6
285 -6
286 -14
287 -13
288 -13
289 -14
290 -10
291 -12
292 -14
293 -10
294 -13
295 -10
296 -6
297 -6
298 -10
299 -14
300 -13
301 -13
302 -10
303 -6
304 -14
305 -18
306 -14
307 -13
308 -6
309 -13
310 -13
311 -14
312 -10
313 -13
314 -7
315 -7
316 -6
317 -6
318 -6
319 -6
320 -14
321 -13
322 -13
323 -6
324 -6
325 -6
326 -6
327 -6
328 -13
329 -6
330 -13
331 -6
332 -14
333 -13
334 -10
335 -6
336 -14
337 -6
338 -6
339 -6
340 -6
341 -14
342 -6
343 -14
344 -10
345 -6
346 -6
347 -13
348 -18
349 -13
350 -10
351 -17
352 -13
353 -6
354 -6
355 -13
356 -6
357 -6
358 -13
359 -14
360 -6
361 -6
362 -6
363 -14
364 -6
365 -13
366 -6
367 -19
368 -6
369 -10
370 -13
371 -13
372 -6
373 -13
374 -10
375 -6
376 -10
377 -6
378 -14
379 -14
380 -14
381 -13
382 -14
383 -6
384 -14
385 -25
386 -14
387 -13
388 -6
389 -14
390 -13
391 -6
392 -10
393 -6
394 -6
395 -6
396 -6
397 -6
398 -13
399 -6
400 -6
401 -14
402 -6
403 -6
404 -6
405 -6
406 -6
407 -13
408 -14
409 -6
410 -6
411 -13
412 -13
413 -15
414 -10
415 -10
416 -6
417 -13
418 -13
419 -10
420 -6
421 -10
422 -6
423 -6
424 -6
425 -13
426 -6
427 -7
428 -13
429 -6
430 -13
431 -10
432 -6
433 -13
434 -14
435 -6
436 -6
437 -13
438 -6
439 -14
440 -6
441 -10
442 -6
443 -13
444 -13
445 -13
446 -13
447 -14
448 -6
449 -6
450 -13
451 -13
452 -6
453 -13
454 -13
455 -14
456 -13
457 -6
458 -13
459 -6
460 -6
461 -14
462 -6
463 -6
464 -10
465 -13
466 -14
467 -6
468 -13
469 -6
470 -13
471 -14
472 -6
473 -6
474 -10
475 -6
476 -13
477 -13
478 -13
479 -13
480 -14
481 -6
482 -14
483 -6
484 -6
485 -6
486 -10
487 -6
488 -6
489 -10
490 -6
491 -13
492 -6
493 -10
494 -6
495 -14
496 -44
497 -10
498 -6
499 -6
500 -13
501 -13
502 -14
503 -6
504 -6
505 -10
506 -14
507 -14
508 -6
509 -6
510 -10
511 -6
512 -10
513 -13
514 -43
515 -10
516 -6
517 -10
518 -14
519 -10
520 -6
521 -6
522 -14
523 -10
524 -13
525 -15
526 -13
527 -13
528 -13
529 -6
530 -6
531 -14
532 -6
533 -6
534 -14
535 -14
536 -6
537 -6
538 -14
539 -6
540 -10
541 -13
542 -10
543 -13
544 -6
545 -14
546 -13
547 -13
548 -6
549 -14
550 -13
551 -6
552 -10
553 -6
554 -14
555 -6
556 -13
557 -6
558 -13
559 -14
560 -6
561 -17
562 -13
563 -14
564 -12
565 -10
566 -13
567 -13
568 -6
569 -13
570 -13
571 -6
572 -14
573 -14
574 -10
575 -6
576 -13
577 -6
578 -6
579 -14
580 -6
581 -6
582 -6
583 -6
584 -14
585 -10
586 -6
587 -13
588 -6
589 -6
590 -13
591 -13
592 -10
593 -14
594 -10
595 -6
596 -6
597 -13
598 -6
599 -10
600 -14
601 -6
602 -6
603 -13
604 -6
605 -13
606 -14
607 -6
608 -13
609 -6
610 -6
611 -14
612 -6
613 -6
614 -6
615 -13
616 -10
617 -6
618 -13
619 -6
620 -14
621 -14
622 -6
623 -10
624 -6
625 -6
626 -6
627 -6
628 -10
629 -10
630 -13
631 -6
632 -6
633 -14
634 -13
635 -11
636 -14
637 -6
638 -13
639 -6
640 -17
641 -13
642 -13
643 -6
644 -13
645 -6
646 -14
647 -6
648 -10
649 -6
650 -6
651 -13
652 -6
653 -6
654 -6
655 -6
656 -6
657 -6
658 -13
659 -13
660 -6
661 -6
662 -13
663 -6
664 -6
665 -6
666 -6
667 -6
668 -10
669 -14
670 -6
671 -6
672 -14
673 -14
674 -6
675 -6
676 -13
677 -6
678 -22
679 -6
680 -6
681 -14
682 -6
683 -6
684 -14
685 -13
686 -6
687 -10
688 -13
689 -10
690 -10
691 -13
692 -13
693 -6
694 -6
695 -14
696 -6
697 -10
698 -13
699 -6
700 -13
701 -13
702 -6
703 -13
704 -13
705 -6
706 -13
707 -6
708 -13
709 -6
710 -6
711 -10
712 -6
713 -6
714 -14
715 -11
716 -13
717 -6
718 -25
719 -6
720 -14
721 -6
722 -6
723 -6
724 -6
725 -10
726 -10
727 -6
728 -14
729 -6
730 -6
731 -6
732 -10
733 -13
734 -13
735 -13
736 -13
737 -13
738 -14
739 -14
740 -13
741 -14
742 -6
743 -10
744 -13
745 -6
746 -6
747 -6
748 -6
749 -13
750 -10
751 -13
752 -13
753 -14
754 -6
755 -13
756 -6
757 -6
758 -13
759 -13
760 -14
761 -10
762 -6
763 -13
764 -14
765 -13
766 -10
767 -10
768 -13
769 -10
770 -6
771 -6
772 -14
773 -6
774 -6
775 -14
776 -10
777 -13
778 -14
779 -6
780 -6
781 -13
782 -10
783 -6
784 -6
785 -10
786 -6
787 -10
788 -6
789 -6
790 -10
791 -6
792 -13
793 -14
794 -6
795 -6
796 -6
797 -6
798 -6
799 -6
800 -10
801 -13
802 -13
803 -10
804 -6
805 -6
806 -6
807 -13
808 -6
809 -10
810 -13
811 -10
812 -6
813 -14
814 -6
815 -13
816 -6
817 -10
818 -6
819 -10
820 -14
821 -13
822 -13
823 -19
824 -6
825 -6
826 -6
827 -6
828 -13
829 -7
830 -6
831 -13
832 -14
833 -13
834 -6
835 -6
836 -10
837 -13
838 -13
839 -6
840 -6
841 -13
842 -10
843 -14
844 -6
845 -6
846 -13
847 -14
848 -6
849 -13
850 -14
851 -13
852 -10
853 -6
854 -14
855 -7
856 -6
857 -10
858 -6
859 -6
860 -6
861 -13
862 -6
863 -13
864 -13
865 -6
866 -6
867 -6
868 -18
869 -10
870 -6
871 -6
872 -13
873 -14
874 -13
875 -14
876 -6
877 -13
878 -10
879 -13
880 -13
881 -13
882 -6
883 -13
884 -10
885 -6
886 -6
887 -13
888 -10
889 -6
890 -14
891 -17
892 -14
893 -14
894 -6
895 -12
896 -6
897 -14
898 -6
899 -6
900 -13
901 -18
902 -13
903 -13
904 -10
905 -6
906 -13
907 -8
908 -6
909 -6
910 -13
911 -6
912 -13
913 -13
914 -6
915 -6
916 -13
917 -10
918 -6
919 -6
920 -13
921 -10
922 -6
923 -6
924 -10
925 -6
926 -6
927 -13
928 -6
929 -6
930 -6
931 -6
932 -6
933 -14
934 -14
935 -13
936 -25
937 -13
938 -6
939 -13
940 -14
941 -14
942 -13
943 -6
944 -6
945 -6
946 -13
947 -6
948 -13
949 -14
950 -6
951 -13
952 -6
953 -6
954 -10
955 -10
956 -13
957 -6
958 -6
959 -6
960 -6
961 -13
962 -10
963 -6
964 -6
965 -6
966 -10
967 -6
968 -31
969 -6
970 -10
971 -10
972 -6
973 -6
974 -10
975 -6
976 -14
977 -13
978 -6
979 -10
980 -6
981 -10
982 -6
983 -6
984 -14
985 -6
986 -14
987 -13
988 -14
989 -13
990 -14
991 -14
992 -14
993 -10
994 -14
995 -10
996 -6
997 -6
998 -14
999 -14
