0 -6
1 -13
2 -13
3 -14
4 -6
5 -17
6 -14
7 -13
8 -6
9 -13
10 -13
11 -8
12 -18
13 -6
14 -6
15 -6
16 -9
17 -14
18 -14
19 -8
20 -6
21 -6
22 -6
23 -8
24 -6
25 -6
26 -13
27 -13
28 -8
29 -13
30 -14
31 -6
32 -6
33 -8
34 -13
35 -8
36 -13
37 -6
38 -6
39 -8
40 -8
41 -19
42 -13
43 -8
44 -14
45 -13
46 -6
47 -8
48 -6
49 -8
50 -6
51 -6
52 -8
53 -13
54 -8
55 -8
56 -8
57 -8
58 -13
59 -13
60 -8
61 -14
62 -6
63 -6
64 -18
65 -6
66 -8
67 -8
68 -6
69 -13
70 -8
71 -6
72 -8
73 -6
74 -6
75 -6
76 -13
77 -12
78 -13
79 -13
80 -6
81 -8
82 -14
83 -6
84 -6
85 -8
86 -6
87 -14
88 -14
89 -8
90 -22
91 -8
92 -6
93 -14
94 -6
95 -6
96 -6
97 -13
98 -13
99 -8
100 -18
101 -8
102 -13
103 -8
104 -6
105 -8
106 -14
107 -6
108 -13
109 -8
110 -13
111 -6
112 -6
113 -13
114 -8
115 -6
116 -8
117 -14
118 -13
119 -13
120 -8
121 -13
122 -6
123 -8
124 -13
125 -14
126 -6
127 -8
128 -6
129 -8
130 -13
131 -13
132 -13
133 -6
134 -8
135 -14
136 -6
137 -8
138 -13
139 -6
140 -8
141 -13
142 -14
143 -13
144 -13
145 -8
146 -8
147 -6
148 -6
149 -8
150 -13
151 -8
152 -13
153 -6
154 -14
155 -8
156 -6
157 -13
158 -6
159 -6
160 -6
161 -14
162 -6
163 -38
164 -6
165 -14
166 -6
167 -13
168 -6
169 -6
170 -14
171 -6
172 -6
173 -13
174 -6
175 -8
176 -13
177 -13
178 -6
179 -6
180 -14
181 -14
182 -13
183 -6
184 -6
185 -8
186 -6
187 -14
188 -6
189 -6
190 -14
191 -8
192 -14
193 -13
194 -6
195 -13
196 -8
197 -8
198 -8
199 -13
200 -13
201 -6
202 -13
203 -13
204 -14
205 -13
206 -6
207 -8
208 -8
209 -13
210 -6
211 -8
212 -13
213 -13
214 -13
215 -11
216 -8
217 -8
218 -8
219 -13
220 -6
221 -14
222 -13
223 -13
224 -6
225 -8
226 -8
227 -13
228 -8
229 -8
230 -8
231 -14
232 -20
233 -13
234 -8
235 -13
236 -6
237 -6
238 -8
239 -6
240 -14
241 -6
242 -13
243 -13
244 -13
245 -14
246 -6
247 -8
248 -14
249 -6
250 -8
251 -8
252 -13
253 -8
254 -14
255 -6
256 -14
257 -8
258 -6
259 -8
260 -8
261 -6
262 -8
263 -13
264 -13
265 -14
266 -19
267 -8
268 -8
269 -13
270 -8
271 -8
272 -8
273 -6
274 -14
275 -8
276 -6
277 -13
278 -13
279 -8
280 -13
281 -14
282 -6
283 -10
284 -14
285 -19
286 -14
287 -13
288 -6
289 -13
290 -8
291 -13
292 -8
293 -6
294 -8
295 -13
296 -6
297 -6
298 -8
299 -6
300 -13
301 -13
302 -6
303 -6
304 -8
305 -11
306 -14
307 -8
308 -6
309 -8
310 -18
311 -14
312 -14
313 -14
314 -8
315 -13
316 -16
317 -13
318 -6
319 -6
320 -13
321 -13
322 -8
323 -14
324 -13
325 -14
326 -14
327 -13
328 -8
329 -13
330 -6
331 -13
332 -8
333 -6
334 -13
335 -6
336 -6
337 -8
338 -6
339 -8
340 -8
341 -13
342 -8
343 -17
344 -18
345 -14
346 -6
347 -8
348 -6
349 -16
350 -8
351 -13
352 -8
353 -8
354 -6
355 -13
356 -6
357 -6
358 -14
359 -6
360 -6
361 -8
362 -8
363 -6
364 -9
365 -13
366 -13
367 -6
368 -6
369 -8
370 -14
371 -6
372 -6
373 -6
374 -8
375 -13
376 -8
377 -6
378 -8
379 -6
380 -13
381 -14
382 -14
383 -14
384 -6
385 -8
386 -8
387 -13
388 -8
389 -13
390 -6
391 -13
392 -14
393 -13
394 -6
395 -14
396 -7
397 -13
398 -13
399 -14
400 -8
401 -6
402 -13
403 -8
404 -13
405 -13
406 -8
407 -8
408 -6
409 -13
410 -6
411 -6
412 -8
413 -8
414 -6
415 -6
416 -6
417 -14
418 -6
419 -8
420 -14
421 -12
422 -8
423 -13
424 -8
425 -13
426 -13
427 -13
428 -6
429 -8
430 -6
431 -13
432 -6
433 -13
434 -6
435 -6
436 -6
437 -8
438 -14
439 -14
440 -13
441 -8
442 -13
443 -14
444 -14
445 -6
446 -8
447 -13
448 -13
449 -13
450 -13
451 -13
452 -8
453 -8
454 -13
455 -6
456 -6
457 -8
458 -14
459 -13
460 -6
461 -13
462 -13
463 -8
464 -6
465 -13
466 -13
467 -13
468 -6
469 -6
470 -6
471 -8
472 -6
473 -6
474 -6
475 -6
476 -6
477 -8
478 -8
479 -8
480 -8
481 -10
482 -6
483 -6
484 -13
485 -6
486 -8
487 -6
488 -6
489 -8
490 -6
491 -6
492 -8
493 -15
494 -14
495 -6
496 -14
497 -8
498 -8
499 -13
500 -8
501 -11
502 -8
503 -18
504 -8
505 -8
506 -13
507 -6
508 -6
509 -13
510 -6
511 -10
512 -8
513 -6
514 -6
515 -6
516 -6
517 -13
518 -8
519 -8
520 -6
521 -8
522 -8
523 -8
524 -13
525 -13
526 -8
527 -8
528 -6
529 -8
530 -8
531 -13
532 -13
533 -8
534 -18
535 -8
536 -8
537 -13
538 -6
539 -6
540 -8
541 -14
542 -13
543 -6
544 -13
545 -8
546 -6
547 -13
548 -13
549 -13
550 -6
551 -13
552 -6
553 -14
554 -13
555 -13
556 -13
557 -6
558 -6
559 -6
560 -6
561 -14
562 -13
563 -8
564 -14
565 -6
566 -6
567 -8
568 -14
569 -6
570 -6
571 -6
572 -13
573 -8
574 -13
575 -8
576 -8
577 -13
578 -6
579 -13
580 -13
581 -9
582 -6
583 -6
584 -6
585 -8
586 -13
587 -13
588 -14
589 -6
590 -6
591 -6
592 -13
593 -13
594 -6
595 -6
596 -8
597 -8
598 -8
599 -8
600 -14
601 -14
602 -8
603 -6
604 -13
605 -8
606 -6
607 -6
608 -8
609 -8
610 -6
611 -6
612 -18
613 -8
614 -8
615 -6
616 -8
617 -6
618 -8
619 -13
620 -6
621 -8
622 -8
623 -6
624 -8
625 -14
626 -8
627 -13
628 -6
629 -18
630 -8
631 -14
632 -13
633 -8
634 -8
635 -13
636 -13
637 -6
638 -6
639 -13
640 -13
641 -6
642 -8
643 -8
644 -13
645 -8
646 -6
647 -6
648 -8
649 -8
650 -13
651 -6
652 -13
653 -8
654 -6
655 -13
656 -8
657 -13
658 -26
659 -6
660 -6
661 -13
662 -13
663 -6
664 -6
665 -6
666 -6
667 -13
668 -6
669 -8
670 -13
671 -14
672 -6
673 -7
674 -8
675 -6
676 -13
677 -8
678 -8
679 -13
680 -8
681 -8
682 -13
683 -13
684 -6
685 -6
686 -6
687 -6
688 -14
689 -13
690 -8
691 -6
692 -13
693 -13
694 -8
695 -13
696 -8
697 -14
698 -6
699 -14
700 -13
701 -14
702 -6
703 -8
704 -8
705 -13
706 -8
707 -14
708 -6
709 -13
710 -8
711 -8
712 -8
713 -14
714 -13
715 -8
716 -8
717 -8
718 -13
719 -8
720 -6
721 -13
722 -8
723 -13
724 -14
725 -6
726 -8
727 -13
728 -6
729 -8
730 -13
731 -6
732 -17
733 -13
734 -13
735 -8
736 -8
737 -14
738 -6
739 -8
740 -8
741 -13
742 -13
743 -6
744 -6
745 -8
746 -8
747 -6
748 -6
749 -6
750 -13
751 -13
752 -14
753 -6
754 -8
755 -8
756 -13
757 -13
758 -6
759 -8
760 -6
761 -6
762 -14
763 -8
764 -8
765 -6
766 -6
767 -6
768 -8
769 -14
770 -14
771 -13
772 -6
773 -8
774 -7
775 -13
776 -6
777 -14
778 -6
779 -13
780 -6
781 -6
782 -8
783 -8
784 -14
785 -14
786 -6
787 -8
788 -6
789 -14
790 -6
791 -6
792 -8
793 -8
794 -6
795 -13
796 -13
797 -8
798 -8
799 -13
800 -13
801 -8
802 -13
803 -8
804 -6
805 -13
806 -8
807 -8
808 -14
809 -8
810 -6
811 -6
812 -8
813 -8
814 -8
815 -6
816 -13
817 -6
818 -8
819 -8
820 -6
821 -6
822 -8
823 -6
824 -13
825 -6
826 -8
827 -13
828 -6
829 -13
830 -13
831 -14
832 -13
833 -6
834 -13
835 -8
836 -14
837 -13
838 -14
839 -8
840 -6
841 -6
842 -8
843 -6
844 -6
845 -6
846 -6
847 -8
848 -6
849 -8
850 -14
851 -13
852 -14
853 -8
854 -14
855 -6
856 -13
857 -8
858 -13
859 -13
860 -8
861 -17
862 -8
863 -13
864 -6
865 -8
866 -8
867 -6
868 -8
869 -8
870 -13
871 -13
872 -13
873 -8
874 -14
875 -8
876 -14
877 -8
878 -8
879 -8
880 -6
881 -13
882 -13
883 -6
884 -14
885 -13
886 -8
887 -6
888 -13
889 -8
890 -6
891 -13
892 -8
893 -6
894 -13
895 -13
896 -6
897 -6
898 -8
899 -6
900 -8
901 -13
902 -13
903 -8
904 -6
905 -14
906 -6
907 -6
908 -6
909 -6
910 -13
911 -8
912 -8
913 -6
914 -6
915 -14
916 -13
917 -8
918 -13
919 -8
920 -13
921 -8
922 -13
923 -9
924 -8
925 -6
926 -9
927 -6
928 -6
929 -6
930 -13
931 -8
932 -6
933 -8
934 -14
935 -6
936 -15
937 -8
938 -8
939 -6
940 -6
941 -8
942 -6
943 -12
944 -14
945 -6
946 -8
947 -13
948 -6
949 -8
950 -6
951 -6
952 -14
953 -6
954 -14
955 -20
956 -8
957 -6
958 -8
959 -6
960 -8
961 -13
962 -8
963 -6
964 -8
965 -6
966 -6
967 -6
968 -10
969 -6
970 -13
971 -13
972 -13
973 -8
974 -6
975 -14
976 -13
977 -14
978 -13
979 -14
980 -6
981 -6
982 -8
983 -14
984 -6
985 -13
986 -14
987 -6
988 -13
989 -8
990 -6
991 -13
992 -13
993 -13
994 -8
995 -14
996 -13
997 -6
998 -13
999 -13
