0 -6
1 -7
2 -8
3 -14
4 -13
5 -8
6 -13
7 -13
8 -14
9 -13
10 -8
11 -14
12 -13
13 -6
14 -6
15 -13
16 -6
17 -8
18 -6
19 -13
20 -6
21 -14
22 -7
23 -13
24 -7
25 -21
26 -13
27 -8
28 -7
29 -6
30 -13
31 -8
32 -8
33 -7
34 -6
35 -6
36 -19
37 -13
38 -14
39 -7
40 -8
41 -14
42 -14
43 -8
44 -14
45 -20
46 -6
47 -13
48 -13
49 -13
50 -13
51 -14
52 -13
53 -6
54 -14
55 -6
56 -14
57 -14
58 -14
59 -13
60 -13
61 -13
62 -7
63 -6
64 -6
65 -6
66 -6
67 -8
68 -13
69 -13
70 -7
71 -7
72 -6
73 -8
74 -8
75 -7
76 -6
77 -13
78 -13
79 -14
80 -8
81 -13
82 -7
83 -26
84 -8
85 -8
86 -13
87 -13
88 -13
89 -13
90 -7
91 -7
92 -13
93 -6
94 -13
95 -13
96 -13
97 -6
98 -14
99 -6
100 -6
101 -6
102 -13
103 -6
104 -13
105 -8
106 -8
107 -14
108 -13
109 -14
110 -13
111 -8
112 -14
113 -8
114 -7
115 -13
116 -6
117 -14
118 -6
119 -7
120 -6
121 -43
122 -7
123 -7
124 -14
125 -17
126 -7
127 -13
128 -6
129 -17
130 -13
131 -8
132 -13
133 -7
134 -13
135 -8
136 -8
137 -6
138 -14
139 -13
140 -13
141 -6
142 -14
143 -12
144 -6
145 -14
146 -8
147 -8
148 -13
149 -13
150 -8
151 -7
152 -13
153 -6
154 -6
155 -7
156 -14
157 -8
158 -13
159 -7
160 -6
161 -14
162 -7
163 -8
164 -14
165 -8
166 -14
167 -13
168 -8
169 -14
170 -14
171 -14
172 -14
173 -13
174 -6
175 -8
176 -6
177 -6
178 -7
179 -19
180 -13
181 -13
182 -8
183 -6
184 -7
185 -8
186 -6
187 -6
188 -6
189 -7
190 -13
191 -12
192 -14
193 -7
194 -6
195 -8
196 -7
197 -7
198 -14
199 -13
200 -6
201 -7
202 -11
203 -7
204 -8
205 -6
206 -14
207 -13
208 -8
209 -7
210 -7
211 -6
212 -13
213 -7
214 -7
215 -13
216 -6
217 -8
218 -14
219 -14
220 -13
221 -8
222 -6
223 -7
224 -8
225 -7
226 -14
227 -13
228 -8
229 -7
230 -6
231 -7
232 -14
233 -13
234 -37
235 -6
236 -8
237 -13
238 -13
239 -14
240 -13
241 -6
242 -6
243 -7
244 -13
245 -6
246 -13
247 -13
248 -6
249 -14
250 -13
251 -7
252 -6
253 -6
254 -8
255 -6
256 -14
257 -6
258 -6
259 -8
260 -6
261 -34
262 -13
263 -6
264 -7
265 -13
266 -18
267 -6
268 -14
269 -13
270 -14
271 -6
272 -13
273 -14
274 -13
275 -8
276 -12
277 -6
278 -6
279 -14
280 -14
281 -6
282 -7
283 -6
284 -6
285 -8
286 -13
287 -14
288 -14
289 -6
290 -13
291 -13
292 -13
293 -40
294 -7
295 -8
296 -6
297 -7
298 -7
299 -6
300 -6
301 -6
302 -13
303 -14
304 -14
305 -14
306 -13
307 -14
308 -6
309 -6
310 -8
311 -13
312 -7
313 -8
314 -8
315 -8
316 -7
317 -13
318 -14
319 -14
320 -13
321 -14
322 -8
323 -14
324 -13
325 -7
326 -7
327 -6
328 -13
329 -13
330 -8
331 -13
332 -13
333 -8
334 -14
335 -8
336 -13
337 -8
338 -13
339 -22
340 -6
341 -6
342 -14
343 -7
344 -7
345 -14
346 -6
347 -13
348 -14
349 -7
350 -13
351 -13
352 -14
353 -8
354 -6
355 -8
356 -13
357 -17
358 -6
359 -6
360 -8
361 -6
362 -13
363 -13
364 -13
365 -8
366 -8
367 -6
368 -6
369 -14
370 -12
371 -13
372 -6
373 -7
374 -8
375 -6
376 -8
377 -8
378 -8
379 -14
380 -6
381 -6
382 -18
383 -6
384 -6
385 -6
386 -14
387 -13
388 -8
389 -14
390 -14
391 -6
392 -6
393 -13
394 -7
395 -14
396 -13
397 -13
398 -6
399 -8
400 -8
401 -8
402 -6
403 -13
404 -7
405 -14
406 -6
407 -6
408 -8
409 -6
410 -6
411 -19
412 -14
413 -14
414 -14
415 -8
416 -6
417 -6
418 -6
419 -6
420 -6
421 -13
422 -13
423 -6
424 -7
425 -14
426 -6
427 -13
428 -13
429 -8
430 -6
431 -7
432 -13
433 -7
434 -13
435 -8
436 -6
437 -7
438 -8
439 -13
440 -7
441 -7
442 -6
443 -14
444 -7
445 -13
446 -13
447 -13
448 -8
449 -13
450 -6
451 -13
452 -7
453 -8
454 -8
455 -13
456 -8
457 -7
458 -17
459 -13
460 -8
461 -7
462 -7
463 -6
464 -13
465 -13
466 -14
467 -14
468 -12
469 -13
470 -17
471 -7
472 -6
473 -13
474 -14
475 -14
476 -14
477 -6
478 -8
479 -8
480 -8
481 -14
482 -13
483 -13
484 -7
485 -8
486 -6
487 -7
488 -6
489 -42
490 -6
491 -7
492 -6
493 -7
494 -7
495 -8
496 -6
497 -13
498 -8
499 -13
500 -6
501 -6
502 -13
503 -7
504 -14
505 -8
506 -6
507 -13
508 -11
509 -13
510 -14
511 -14
512 -13
513 -6
514 -13
515 -8
516 -7
517 -6
518 -8
519 -14
520 -13
521 -13
522 -13
523 -7
524 -7
525 -7
526 -13
527 -14
528 -13
529 -7
530 -13
531 -13
532 -6
533 -6
534 -13
535 -14
536 -14
537 -8
538 -6
539 -7
540 -14
541 -13
542 -8
543 -14
544 -13
545 -14
546 -13
547 -6
548 -13
549 -6
550 -8
551 -14
552 -7
553 -6
554 -8
555 -14
556 -8
557 -13
558 -8
559 -21
560 -13
561 -17
562 -6
563 -8
564 -8
565 -6
566 -13
567 -13
568 -13
569 -14
570 -14
571 -13
572 -12
573 -13
574 -14
575 -8
576 -13
577 -7
578 -6
579 -6
580 -6
581 -6
582 -13
583 -6
584 -13
585 -14
586 -15
587 -13
588 -7
589 -6
590 -7
591 -6
592 -13
593 -7
594 -6
595 -6
596 -7
597 -8
598 -13
599 -6
600 -13
601 -14
602 -6
603 -6
604 -13
605 -7
606 -13
607 -6
608 -13
609 -13
610 -7
611 -13
612 -7
613 -13
614 -14
615 -13
616 -14
617 -13
618 -6
619 -8
620 -13
621 -13
622 -13
623 -13
624 -6
625 -7
626 -8
627 -13
628 -8
629 -6
630 -13
631 -7
632 -14
633 -6
634 -7
635 -41
636 -8
637 -13
638 -13
639 -14
640 -13
641 -6
642 -7
643 -8
644 -13
645 -8
646 -8
647 -14
648 -14
649 -14
650 -7
651 -7
652 -13
653 -7
654 -6
655 -13
656 -13
657 -13
658 -6
659 -13
660 -13
661 -14
662 -6
663 -6
664 -6
665 -6
666 -13
667 -7
668 -13
669 -15
670 -13
671 -7
672 -14
673 -8
674 -7
675 -14
676 -6
677 -6
678 -17
679 -13
680 -13
681 -6
682 -13
683 -13
684 -7
685 -13
686 -13
687 -6
688 -7
689 -8
690 -13
691 -17
692 -8
693 -6
694 -8
695 -6
696 -13
697 -8
698 -8
699 -7
700 -6
701 -13
702 -7
703 -13
704 -13
705 -7
706 -6
707 -7
708 -14
709 -13
710 -13
711 -8
712 -14
713 -6
714 -14
715 -6
716 -8
717 -8
718 -8
719 -13
720 -7
721 -8
722 -14
723 -7
724 -13
725 -6
726 -7
727 -14
728 -13
729 -13
730 -6
731 -13
732 -13
733 -14
734 -6
735 -7
736 -14
737 -13
738 -8
739 -6
740 -14
741 -7
742 -7
743 -13
744 -6
745 -13
746 -7
747 -13
748 -14
749 -6
750 -13
751 -8
752 -6
753 -18
754 -14
755 -8
756 -14
757 -7
758 -6
759 -6
760 -13
761 -7
762 -8
763 -8
764 -8
765 -13
766 -8
767 -7
768 -8
769 -13
770 -14
771 -6
772 -13
773 -13
774 -6
775 -7
776 -6
777 -6
778 -6
779 -6
780 -14
781 -14
782 -6
783 -13
784 -13
785 -13
786 -13
787 -14
788 -13
789 -7
790 -7
791 -7
792 -14
793 -6
794 -13
795 -14
796 -6
797 -6
798 -13
799 -13
800 -6
801 -8
802 -13
803 -6
804 -26
805 -14
806 -8
807 -7
808 -8
809 -6
810 -6
811 -8
812 -6
813 -7
814 -6
815 -7
816 -14
817 -8
818 -7
819 -7
820 -6
821 -14
822 -8
823 -13
824 -6
825 -6
826 -13
827 -14
828 -8
829 -14
830 -7
831 -6
832 -6
833 -7
834 -13
835 -13
836 -8
837 -8
838 -13
839 -7
840 -13
841 -13
842 -13
843 -14
844 -14
845 -14
846 -6
847 -6
848 -6
849 -7
850 -6
851 -13
852 -13
853 -13
854 -13
855 -6
856 -14
857 -13
858 -13
859 -14
860 -14
861 -6
862 -6
863 -10
864 -14
865 -13
866 -13
867 -14
868 -8
869 -6
870 -6
871 -14
872 -6
873 -7
874 -7
875 -8
876 -13
877 -8
878 -7
879 -6
880 -7
881 -13
882 -19
883 -7
884 -6
885 -7
886 -8
887 -13
888 -17
889 -14
890 -13
891 -6
892 -6
893 -13
894 -13
895 -7
896 -6
897 -13
898 -13
899 -6
900 -13
901 -6
902 -6
903 -6
904 -13
905 -13
906 -7
907 -7
908 -7
909 -6
910 -6
911 -14
912 -14
913 -13
914 -13
915 -7
916 -8
917 -14
918 -6
919 -8
920 -13
921 -7
922 -13
923 -13
924 -13
925 -6
926 -6
927 -6
928 -14
929 -13
930 -8
931 -7
932 -6
933 -6
934 -8
935 -8
936 -13
937 -18
938 -7
939 -7
940 -6
941 -8
942 -7
943 -14
944 -8
945 -13
946 -14
947 -13
948 -13
949 -6
950 -13
951 -7
952 -13
953 -6
954 -6
955 -14
956 -6
957 -13
958 -6
959 -8
960 -13
961 -13
962 -13
963 -18
964 -10
965 -8
966 -13
967 -6
968 -13
969 -6
970 -8
971 -8
972 -13
973 -7
974 -7
975 -13
976 -13
977 -8
978 -8
979 -13
980 -13
981 -7
982 -6
983 -7
984 -13
985 -8
986 -6
987 -8
988 -6
989 -13
990 -8
991 -6
992 -8
993 -7
994 -6
995 -13
996 -7
997 -8
998 -13
999 -7
