0 -9
1 -14
2 -6
3 -6
4 -6
5 -13
6 -14
7 -6
8 -6
9 -6
10 -6
11 -13
12 -6
13 -18
14 -14
15 -6
16 -6
17 -13
18 -6
19 -6
20 -12
21 -9
22 -14
23 -6
24 -13
25 -6
26 -6
27 -6
28 -13
29 -9
30 -9
31 -6
32 -6
33 -6
34 -6
35 -13
36 -13
37 -14
38 -20
39 -13
40 -13
41 -6
42 -14
43 -6
44 -6
45 -16
46 -13
47 -14
48 -14
49 -13
50 -6
51 -9
52 -13
53 -6
54 -13
55 -13
56 -6
57 -14
58 -13
59 -6
60 -6
61 -9
62 -6
63 -13
64 -14
65 -6
66 -13
67 -13
68 -6
69 -6
70 -9
71 -6
72 -6
73 -6
74 -6
75 -9
76 -6
77 -6
78 -13
79 -9
80 -9
81 -6
82 -14
83 -13
84 -9
85 -6
86 -6
87 -6
88 -9
89 -13
90 -6
91 -6
92 -9
93 -6
94 -7
95 -6
96 -14
97 -6
98 -13
99 -13
100 -13
101 -14
102 -6
103 -13
104 -14
105 -13
106 -13
107 -6
108 -6
109 -13
110 -9
111 -11
112 -13
113 -6
114 -6
115 -13
116 -9
117 -6
118 -14
119 -14
120 -14
121 -9
122 -6
123 -6
124 -14
125 -13
126 -6
127 -6
128 -13
129 -13
130 -6
131 -14
132 -14
133 -9
134 -13
135 -6
136 -9
137 -13
138 -13
139 -14
140 -6
141 -14
142 -13
143 -13
144 -6
145 -14
146 -13
147 -13
148 -13
149 -13
150 -20
151 -6
152 -13
153 -14
154 -9
155 -6
156 -13
157 -9
158 -13
159 -6
160 -13
161 -13
162 -6
163 -6
164 -6
165 -6
166 -6
167 -14
168 -13
169 -14
170 -6
171 -6
172 -13
173 -6
174 -13
175 -9
176 -13
177 -6
178 -14
179 -13
180 -6
181 -6
182 -6
183 -14
184 -17
185 -6
186 -6
187 -6
188 -6
189 -6
190 -13
191 -14
192 -6
193 -6
194 -13
195 -9
196 -9
197 -11
198 -9
199 -14
200 -6
201 -13
202 -9
203 -9
204 -9
205 -6
206 -9
207 -6
208 -13
209 -6
210 -6
211 -6
212 -13
213 -6
214 -6
215 -6
216 -13
217 -14
218 -13
219 -9
220 -6
221 -14
222 -13
223 -13
224 -13
225 -6
226 -6
227 -6
228 -14
229 -13
230 -9
231 -6
232 -43
233 -6
234 -9
235 -6
236 -6
237 -14
238 -20
239 -6
240 -14
241 -13
242 -14
243 -6
244 -6
245 -6
246 -6
247 -6
248 -6
249 -13
250 -6
251 -14
252 -9
253 -13
254 -13
255 -6
256 -9
257 -13
258 -13
259 -13
260 -14
261 -9
262 -6
263 -6
264 -6
265 -14
266 -6
267 -17
268 -14
269 -6
270 -9
271 -6
272 -13
273 -14
274 -13
275 -6
276 -6
277 -6
278 -14
279 -9
280 -14
281 -13
282 -6
283 -13
284 -6
285 -11
286 -13
287 -6
288 -6
289 -13
290 -6
291 -8
292 -6
293 -13
294 -6
295 -6
296 -6
297 -14
298 -9
299 -6
300 -6
301 -9
302 -6
303 -6
304 -9
305 -6
306 -14
307 -13
308 -6
309 -6
310 -13
311 -17
312 -6
313 -6
314 -6
315 -6
316 -9
317 -13
318 -6
319 -6
320 -13
321 -6
322 -13
323 -13
324 -13
325 -6
326 -13
327 -13
328 -9
329 -14
330 -6
331 -16
332 -13
333 -13
334 -6
335 -13
336 -6
337 -6
338 -6
339 -6
340 -6
341 -13
342 -9
343 -6
344 -6
345 -9
346 -6
347 -6
348 -6
349 -13
350 -6
351 -9
352 -14
353 -6
354 -6
355 -6
356 -13
357 -6
358 -6
359 -13
360 -13
361 -9
362 -6
363 -6
364 -38
365 -9
366 -14
367 -6
368 -6
369 -6
370 -14
371 -9
372 -14
373 -13
374 -6
375 -9
376 -6
377 -9
378 -6
379 -14
380 -13
381 -6
382 -13
383 -17
384 -6
385 -6
386 -16
387 -13
388 -14
389 -6
390 -6
391 -13
392 -13
393 -13
394 -14
395 -6
396 -6
397 -6
398 -6
399 -6
400 -6
401 -13
402 -13
403 -13
404 -14
405 -9
406 -13
407 -9
408 -13
409 -6
410 -9
411 -6
412 -13
413 -6
414 -9
415 -6
416 -6
417 -6
418 -6
419 -13
420 -9
421 -14
422 -6
423 -6
424 -9
425 -6
426 -13
427 -14
428 -6
429 -6
430 -6
431 -14
432 -6
433 -13
434 -9
435 -13
436 -6
437 -14
438 -9
439 -6
440 -13
441 -14
442 -6
443 -6
444 -6
445 -13
446 -6
447 -6
448 -6
449 -9
450 -6
451 -6
452 -13
453 -6
454 -13
455 -9
456 -13
457 -9
458 -6
459 -9
460 -14
461 -13
462 -19
463 -6
464 -13
465 -14
466 -10
467 -14
468 -13
469 -14
470 -6
471 -14
472 -6
473 -9
474 -6
475 -19
476 -14
477 -15
478 -13
479 -6
480 -8
481 -13
482 -9
483 -6
484 -9
485 -9
486 -6
487 -9
488 -13
489 -14
490 -14
491 -6
492 -13
493 -14
494 -14
495 -18
496 -18
497 -6
498 -9
499 -13
500 -6
501 -14
502 -14
503 -9
504 -13
505 -14
506 -6
507 -6
508 -9
509 -13
510 -6
511 -6
512 -13
513 -13
514 -13
515 -6
516 -6
517 -14
518 -12
519 -6
520 -6
521 -6
522 -6
523 -13
524 -6
525 -13
526 -6
527 -6
528 -9
529 -14
530 -13
531 -13
532 -14
533 -13
534 -6
535 -9
536 -6
537 -6
538 -9
539 -9
540 -6
541 -13
542 -9
543 -14
544 -7
545 -9
546 -6
547 -6
548 -13
549 -13
550 -14
551 -6
552 -6
553 -9
554 -18
555 -14
556 -6
557 -13
558 -6
559 -14
560 -13
561 -6
562 -18
563 -6
564 -9
565 -6
566 -13
567 -6
568 -6
569 -6
570 -8
571 -29
572 -6
573 -6
574 -13
575 -6
576 -6
577 -6
578 -6
579 -6
580 -6
581 -6
582 -6
583 -6
584 -6
585 -13
586 -14
587 -6
588 -6
589 -13
590 -9
591 -6
592 -14
593 -6
594 -6
595 -14
596 -6
597 -14
598 -14
599 -9
600 -9
601 -13
602 -13
603 -13
604 -14
605 -13
606 -6
607 -14
608 -6
609 -6
610 -13
611 -6
612 -6
613 -9
614 -9
615 -8
616 -14
617 -6
618 -9
619 -13
620 -13
621 -6
622 -17
623 -6
624 -13
625 -6
626 -6
627 -13
628 -6
629 -9
630 -14
631 -13
632 -6
633 -6
634 -14
635 -13
636 -9
637 -13
638 -14
639 -6
640 -6
641 -9
642 -6
643 -9
644 -13
645 -13
646 -13
647 -6
648 -14
649 -9
650 -6
651 -6
652 -13
653 -6
654 -14
655 -6
656 -13
657 -14
658 -6
659 -20
660 -13
661 -18
662 -6
663 -13
664 -6
665 -12
666 -6
667 -13
668 -6
669 -14
670 -13
671 -13
672 -6
673 -9
674 -13
675 -6
676 -6
677 -13
678 -13
679 -6
680 -9
681 -6
682 -6
683 -6
684 -6
685 -9
686 -9
687 -6
688 -6
689 -13
690 -6
691 -6
692 -6
693 -9
694 -14
695 -9
696 -6
697 -6
698 -6
699 -14
700 -14
701 -6
702 -13
703 -6
704 -6
705 -13
706 -6
707 -9
708 -6
709 -14
710 -6
711 -9
712 -14
713 -13
714 -9
715 -13
716 -13
717 -13
718 -40
719 -9
720 -9
721 -6
722 -9
723 -13
724 -6
725 -11
726 -13
727 -6
728 -9
729 -14
730 -14
731 -14
732 -13
733 -6
734 -14
735 -13
736 -6
737 -14
738 -13
739 -6
740 -9
741 -14
742 -9
743 -6
744 -14
745 -6
746 -7
747 -9
748 -14
749 -17
750 -13
751 -9
752 -14
753 -6
754 -14
755 -13
756 -13
757 -6
758 -13
759 -13
760 -13
761 -14
762 -17
763 -14
764 -9
765 -13
766 -6
767 -6
768 -14
769 -13
770 -13
771 -13
772 -13
773 -14
774 -13
775 -13
776 -8
777 -6
778 -13
779 -6
780 -6
781 -6
782 -6
783 -13
784 -6
785 -13
786 -13
787 -6
788 -9
789 -13
790 -13
791 -13
792 -6
793 -9
794 -6
795 -13
796 -6
797 -6
798 -13
799 -6
800 -9
801 -13
802 -9
803 -12
804 -14
805 -6
806 -13
807 -13
808 -6
809 -6
810 -13
811 -14
812 -14
813 -9
814 -13
815 -6
816 -6
817 -14
818 -22
819 -6
820 -13
821 -13
822 -6
823 -9
824 -6
825 -9
826 -6
827 -9
828 -6
829 -14
830 -6
831 -9
832 -17
833 -6
834 -6
835 -6
836 -9
837 -13
838 -9
839 -6
840 -9
841 -9
842 -14
843 -6
844 -6
845 -13
846 -6
847 -13
848 -6
849 -14
850 -13
851 -13
852 -14
853 -17
854 -13
855 -6
856 -14
857 -18
858 -9
859 -9
860 -9
861 -13
862 -6
863 -13
864 -6
865 -14
866 -13
867 -6
868 -14
869 -9
870 -13
871 -9
872 -6
873 -14
874 -6
875 -13
876 -13
877 -13
878 -14
879 -13
880 -13
881 -6
882 -6
883 -6
884 -13
885 -6
886 -7
887 -13
888 -9
889 -14
890 -6
891 -13
892 -14
893 -13
894 -14
895 -6
896 -6
897 -9
898 -6
899 -6
900 -14
901 -14
902 -6
903 -6
904 -13
905 -9
906 -14
907 -9
908 -6
909 -6
910 -6
911 -6
912 -6
913 -9
914 -6
915 -13
916 -6
917 -14
918 -13
919 -13
920 -13
921 -13
922 -6
923 -13
924 -6
925 -6
926 -14
927 -13
928 -6
929 -13
930 -13
931 -9
932 -13
933 -6
934 -6
935 -9
936 -8
937 -6
938 -13
939 -14
940 -13
941 -14
942 -13
943 -14
944 -13
945 -9
946 -9
947 -6
948 -14
949 -6
950 -13
951 -6
952 -9
953 -9
954 -9
955 -13
956 -6
957 -13
958 -9
959 -9
960 -6
961 -13
962 -14
963 -13
964 -14
965 -13
966 -13
967 -9
968 -6
969 -6
970 -13
971 -6
972 -6
973 -9
974 -9
975 -13
976 -6
977 -6
978 -14
979 -6
980 -13
981 -13
982 -13
983 -6
984 -6
985 -6
986 -13
987 -14
988 -13
989 -14
990 -10
991 -8
992 -6
993 -9
994 -13
995 -8
996 -9
997 -13
998 -6
999 -6
