0 -6
1 -9
2 -6
3 -13
4 -17
5 -9
6 -6
7 -13
8 -13
9 -13
10 -14
11 -13
12 -6
13 -14
14 -13
15 -6
16 -7
17 -6
18 -13
19 -6
20 -6
21 -6
22 -9
23 -11
24 -6
25 -13
26 -6
27 -6
28 -13
29 -9
30 -13
31 -13
32 -7
33 -13
34 -13
35 -14
36 -6
37 -14
38 -9
39 -6
40 -13
41 -7
42 -14
43 -6
44 -14
45 -6
46 -6
47 -6
48 -14
49 -9
50 -6
51 -14
52 -6
53 -6
54 -18
55 -13
56 -10
57 -13
58 -9
59 -14
60 -6
61 -6
62 -6
63 -6
64 -7
65 -11
66 -7
67 -6
68 -13
69 -13
70 -13
71 -7
72 -14
73 -14
74 -9
75 -6
76 -7
77 -6
78 -14
79 -13
80 -9
81 -14
82 -7
83 -9
84 -6
85 -6
86 -6
87 -6
88 -9
89 -7
90 -13
91 -13
92 -14
93 -6
94 -7
95 -13
96 -7
97 -9
98 -6
99 -6
100 -14
101 -6
102 -13
103 -6
104 -6
105 -6
106 -13
107 -14
108 -14
109 -14
110 -14
111 -14
112 -6
113 -14
114 -7
115 -6
116 -6
117 -6
118 -14
119 -13
120 -13
121 -14
122 -14
123 -6
124 -7
125 -13
126 -14
127 -7
128 -9
129 -6
130 -7
131 -6
132 -13
133 -7
134 -14
135 -14
136 -14
137 -9
138 -9
139 -6
140 -13
141 -22
142 -7
143 -6
144 -14
145 -14
146 -9
147 -14
148 -6
149 -6
150 -9
151 -6
152 -7
153 -7
154 -6
155 -13
156 -10
157 -6
158 -13
159 -6
160 -13
161 -13
162 -6
163 -9
164 -6
165 -13
166 -15
167 -7
168 -6
169 -13
170 -6
171 -14
172 -6
173 -6
174 -7
175 -7
176 -9
177 -13
178 -14
179 -9
180 -9
181 -14
182 -13
183 -6
184 -14
185 -14
186 -13
187 -14
188 -13
189 -13
190 -13
191 -13
192 -13
193 -13
194 -7
195 -14
196 -14
197 -6
198 -7
199 -6
200 -6
201 -13
202 -6
203 -13
204 -9
205 -13
206 -16
207 -14
208 -13
209 -9
210 -14
211 -18
212 -14
213 -13
214 -9
215 -6
216 -6
217 -13
218 -6
219 -13
220 -13
221 -9
222 -13
223 -13
224 -6
225 -14
226 -6
227 -6
228 -13
229 -9
230 -14
231 -6
232 -9
233 -6
234 -14
235 -6
236 -6
237 -14
238 -6
239 -18
240 -23
241 -15
242 -13
243 -9
244 -7
245 -9
246 -13
247 -9
248 -7
249 -14
250 -14
251 -6
252 -14
253 -15
254 -13
255 -6
256 -9
257 -13
258 -13
259 -13
260 -9
261 -6
262 -7
263 -9
264 -13
265 -12
266 -9
267 -6
268 -9
269 -9
270 -6
271 -6
272 -14
273 -6
274 -13
275 -17
276 -6
277 -6
278 -13
279 -6
280 -7
281 -9
282 -6
283 -13
284 -13
285 -6
286 -7
287 -13
288 -7
289 -6
290 -14
291 -13
292 -7
293 -7
294 -13
295 -7
296 -14
297 -6
298 -13
299 -13
300 -6
301 -13
302 -6
303 -13
304 -7
305 -14
306 -14
307 -13
308 -9
309 -13
310 -6
311 -6
312 -7
313 -6
314 -6
315 -13
316 -13
317 -9
318 -13
319 -6
320 -14
321 -6
322 -6
323 -14
324 -7
325 -13
326 -13
327 -18
328 -7
329 -6
330 -9
331 -22
332 -9
333 -14
334 -7
335 -6
336 -6
337 -6
338 -14
339 -6
340 -14
341 -13
342 -6
343 -13
344 -9
345 -9
346 -14
347 -13
348 -7
349 -13
350 -14
351 -6
352 -6
353 -13
354 -6
355 -6
356 -6
357 -9
358 -13
359 -6
360 -7
361 -6
362 -13
363 -14
364 -13
365 -14
366 -9
367 -14
368 -13
369 -6
370 -14
371 -13
372 -13
373 -6
374 -13
375 -14
376 -9
377 -14
378 -7
379 -9
380 -6
381 -7
382 -7
383 -6
384 -14
385 -13
386 -14
387 -13
388 -9
389 -9
390 -9
391 -13
392 -9
393 -13
394 -14
395 -13
396 -10
397 -6
398 -9
399 -13
400 -13
401 -9
402 -13
403 -9
404 -9
405 -12
406 -14
407 -7
408 -13
409 -9
410 -12
411 -13
412 -9
413 -6
414 -8
415 -6
416 -7
417 -13
418 -14
419 -13
420 -9
421 -7
422 -6
423 -9
424 -6
425 -7
426 -13
427 -9
428 -14
429 -16
430 -9
431 -13
432 -14
433 -9
434 -6
435 -6
436 -13
437 -13
438 -13
439 -13
440 -6
441 -7
442 -7
443 -9
444 -9
445 -13
446 -13
447 -13
448 -6
449 -6
450 -14
451 -9
452 -14
453 -7
454 -6
455 -14
456 -13
457 -6
458 -13
459 -6
460 -6
461 -13
462 -6
463 -13
464 -6
465 -6
466 -14
467 -13
468 -13
469 -14
470 -7
471 -7
472 -6
473 -6
474 -13
475 -6
476 -14
477 -7
478 -13
479 -13
480 -14
481 -7
482 -7
483 -14
484 -13
485 -18
486 -6
487 -8
488 -13
489 -13
490 -6
491 -13
492 -6
493 -14
494 -6
495 -9
496 -9
497 -14
498 -9
499 -9
500 -6
501 -14
502 -14
503 -6
504 -14
505 -6
506 -13
507 -6
508 -9
509 -13
510 -6
511 -6
512 -13
513 -6
514 -9
515 -9
516 -15
517 -14
518 -14
519 -6
520 -9
521 -7
522 -7
523 -6
524 -13
525 -9
526 -13
527 -13
528 -7
529 -13
530 -9
531 -6
532 -6
533 -14
534 -9
535 -14
536 -14
537 -13
538 -13
539 -7
540 -7
541 -6
542 -6
543 -7
544 -14
545 -13
546 -9
547 -13
548 -9
549 -16
550 -13
551 -13
552 -6
553 -14
554 -6
555 -6
556 -6
557 -6
558 -12
559 -9
560 -9
561 -6
562 -14
563 -14
564 -9
565 -10
566 -14
567 -14
568 -14
569 -13
570 -7
571 -7
572 -6
573 -6
574 -6
575 -14
576 -13
577 -13
578 -13
579 -13
580 -6
581 -9
582 -9
583 -6
584 -14
585 -9
586 -14
587 -9
588 -14
589 -13
590 -6
591 -6
592 -13
593 -6
594 -9
595 -14
596 -14
597 -13
598 -7
599 -13
600 -9
601 -19
602 -13
603 -14
604 -14
605 -6
606 -13
607 -13
608 -7
609 -6
610 -7
611 -6
612 -14
613 -6
614 -13
615 -13
616 -13
617 -6
618 -6
619 -13
620 -13
621 -13
622 -14
623 -13
624 -14
625 -6
626 -13
627 -6
628 -7
629 -9
630 -7
631 -14
632 -14
633 -6
634 -9
635 -14
636 -14
637 -6
638 -13
639 -9
640 -13
641 -6
642 -6
643 -13
644 -6
645 -13
646 -6
647 -9
648 -13
649 -7
650 -13
651 -9
652 -9
653 -26
654 -13
655 -9
656 -6
657 -6
658 -14
659 -9
660 -6
661 -7
662 -14
663 -7
664 -17
665 -13
666 -13
667 -13
668 -14
669 -6
670 -7
671 -13
672 -13
673 -6
674 -6
675 -14
676 -9
677 -6
678 -13
679 -13
680 -13
681 -6
682 -6
683 -7
684 -7
685 -6
686 -7
687 -7
688 -13
689 -6
690 -14
691 -7
692 -6
693 -14
694 -7
695 -14
696 -6
697 -6
698 -6
699 -14
700 -13
701 -7
702 -14
703 -13
704 -13
705 -14
706 -7
707 -13
708 -14
709 -13
710 -13
711 -9
712 -6
713 -13
714 -6
715 -13
716 -6
717 -14
718 -13
719 -9
720 -13
721 -13
722 -9
723 -13
724 -7
725 -14
726 -6
727 -6
728 -9
729 -9
730 -13
731 -13
732 -14
733 -9
734 -13
735 -6
736 -6
737 -7
738 -9
739 -14
740 -6
741 -13
742 -15
743 -13
744 -7
745 -13
746 -14
747 -9
748 -6
749 -7
750 -6
751 -13
752 -6
753 -14
754 -14
755 -13
756 -6
757 -6
758 -13
759 -7
760 -13
761 -6
762 -9
763 -6
764 -6
765 -9
766 -13
767 -6
768 -6
769 -20
770 -7
771 -13
772 -7
773 -6
774 -15
775 -13
776 -7
777 -13
778 -6
779 -13
780 -9
781 -13
782 -9
783 -13
784 -7
785 -14
786 -7
787 -6
788 -13
789 -13
790 -7
791 -13
792 -13
793 -7
794 -9
795 -6
796 -9
797 -13
798 -7
799 -9
800 -6
801 -13
802 -14
803 -14
804 -13
805 -7
806 -14
807 -6
808 -13
809 -7
810 -6
811 -6
812 -6
813 -6
814 -9
815 -13
816 -7
817 -6
818 -13
819 -11
820 -6
821 -13
822 -7
823 -14
824 -13
825 -14
826 -9
827 -13
828 -6
829 -15
830 -14
831 -6
832 -6
833 -14
834 -6
835 -7
836 -6
837 -13
838 -13
839 -6
840 -6
841 -7
842 -13
843 -13
844 -6
845 -13
846 -13
847 -14
848 -6
849 -6
850 -13
851 -9
852 -13
853 -9
854 -13
855 -13
856 -6
857 -7
858 -13
859 -13
860 -6
861 -14
862 -13
863 -6
864 -18
865 -13
866 -13
867 -6
868 -6
869 -14
870 -7
871 -14
872 -14
873 -14
874 -9
875 -13
876 -6
877 -13
878 -9
879 -6
880 -9
881 -6
882 -13
883 -13
884 -13
885 -9
886 -15
887 -13
888 -6
889 -14
890 -6
891 -9
892 -7
893 -6
894 -14
895 -7
896 -6
897 -7
898 -9
899 -13
900 -13
901 -13
902 -13
903 -6
904 -15
905 -14
906 -6
907 -6
908 -13
909 -9
910 -9
911 -6
912 -14
913 -6
914 -13
915 -9
916 -9
917 -6
918 -6
919 -7
920 -13
921 -6
922 -7
923 -13
924 -14
925 -7
926 -7
927 -13
928 -6
929 -6
930 -9
931 -6
932 -6
933 -12
934 -13
935 -13
936 -13
937 -13
938 -6
939 -14
940 -9
941 -7
942 -13
943 -13
944 -13
945 -6
946 -14
947 -7
948 -6
949 -13
950 -13
951 -14
952 -6
953 -9
954 -13
955 -6
956 -14
957 -7
958 -9
959 -9
960 -13
961 -6
962 -9
963 -7
964 -7
965 -14
966 -7
967 -6
968 -13
969 -13
970 -9
971 -6
972 -7
973 -17
974 -13
975 -13
976 -7
977 -14
978 -6
979 -6
980 -9
981 -13
982 -6
983 -14
984 -9
985 -14
986 -7
987 -7
988 -13
989 -6
990 -6
991 -18
992 -13
993 -6
994 -14
995 -7
996 -6
997 -7
998 -13
999 -25
