0 -6
1 -13
2 -14
3 -6
4 -13
5 -14
6 -13
7 -6
8 -8
9 -8
10 -8
11 -8
12 -13
13 -13
14 -7
15 -6
16 -13
17 -8
18 -6
19 -8
20 -14
21 -8
22 -8
23 -8
24 -13
25 -8
26 -8
27 -6
28 -8
29 -13
30 -12
31 -6
32 -6
33 -8
34 -14
35 -8
36 -13
37 -14
38 -8
39 -13
40 -13
41 -6
42 -8
43 -8
44 -8
45 -6
46 -8
47 -13
48 -6
49 -12
50 -6
51 -14
52 -8
53 -8
54 -8
55 -6
56 -13
57 -8
58 -6
59 -13
60 -13
61 -13
62 -13
63 -13
64 -8
65 -13
66 -14
67 -6
68 -13
69 -13
70 -6
71 -14
72 -6
73 -6
74 -6
75 -13
76 -6
77 -13
78 -8
79 -13
80 -14
81 -6
82 -8
83 -8
84 -13
85 -8
86 -14
87 -6
88 -8
89 -8
90 -13
91 -6
92 -8
93 -8
94 -6
95 -13
96 -8
97 -6
98 -17
99 -14
100 -13
101 -6
102 -13
103 -13
104 -8
105 -6
106 -6
107 -13
108 -6
109 -6
110 -8
111 -6
112 -6
113 -13
114 -6
115 -6
116 -13
117 -6
118 -6
119 -6
120 -14
121 -13
122 -8
123 -6
124 -19
125 -8
126 -8
127 -8
128 -8
129 -13
130 -8
131 -6
132 -6
133 -8
134 -6
135 -6
136 -6
137 -8
138 -13
139 -13
140 -8
141 -6
142 -13
143 -8
144 -8
145 -13
146 -8
147 -14
148 -14
149 -8
150 -8
151 -6
152 -8
153 -13
154 -8
155 -6
156 -14
157 -8
158 -6
159 -13
160 -55
161 -6
162 -8
163 -6
164 -11
165 -8
166 -14
167 -8
168 -9
169 -6
170 -8
171 -6
172 -14
173 -14
174 -14
175 -6
176 -6
177 -13
178 -6
179 -8
180 -8
181 -14
182 -8
183 -13
184 -6
185 -13
186 -6
187 -6
188 -14
189 -13
190 -13
191 -8
192 -8
193 -8
194 -6
195 -6
196 -13
197 -14
198 -8
199 -14
200 -8
201 -14
202 -13
203 -8
204 -8
205 -13
206 -13
207 -20
208 -6
209 -6
210 -13
211 -8
212 -8
213 -6
214 -13
215 -14
216 -8
217 -8
218 -17
219 -6
220 -6
221 -8
222 -6
223 -14
224 -13
225 -6
226 -6
227 -18
228 -6
229 -8
230 -8
231 -14
232 -13
233 -6
234 -13
235 -13
236 -14
237 -12
238 -8
239 -8
240 -13
241 -8
242 -13
243 -6
244 -14
245 -8
246 -6
247 -13
248 -6
249 -14
250 -13
251 -14
252 -14
253 -8
254 -6
255 -6
256 -6
257 -13
258 -6
259 -6
260 -6
261 -8
262 -6
263 -6
264 -13
265 -13
266 -6
267 -45
268 -6
269 -14
270 -6
271 -6
272 -6
273 -8
274 -6
275 -6
276 -6
277 -6
278 -8
279 -14
280 -8
281 -6
282 -6
283 -13
284 -8
285 -8
286 -6
287 -8
288 -6
289 -13
290 -13
291 -6
292 -13
293 -14
294 -8
295 -8
296 -13
297 -13
298 -8
299 -13
300 -6
301 -13
302 -13
303 -8
304 -6
305 -8
306 -13
307 -8
308 -13
309 -14
310 -13
311 -13
312 -6
313 -13
314 -14
315 -14
316 -6
317 -14
318 -13
319 -8
320 -6
321 -13
322 -8
323 -11
324 -8
325 -13
326 -6
327 -8
328 -8
329 -14
330 -6
331 -8
332 -14
333 -8
334 -8
335 -6
336 -6
337 -13
338 -6
339 -6
340 -6
341 -10
342 -14
343 -13
344 -13
345 -13
346 -8
347 -14
348 -13
349 -8
350 -13
351 -13
352 -8
353 -26
354 -13
355 -6
356 -6
357 -14
358 -19
359 -13
360 -13
361 -14
362 -6
363 -6
364 -8
365 -13
366 -13
367 -14
368 -6
369 -13
370 -14
371 -14
372 -6
373 -8
374 -6
375 -8
376 -6
377 -8
378 -6
379 -8
380 -13
381 -13
382 -15
383 -8
384 -6
385 -13
386 -6
387 -14
388 -8
389 -6
390 -8
391 -8
392 -14
393 -14
394 -13
395 -6
396 -13
397 -6
398 -13
399 -13
400 -6
401 -8
402 -6
403 -6
404 -13
405 -13
406 -6
407 -8
408 -6
409 -6
410 -6
411 -13
412 -13
413 -8
414 -13
415 -13
416 -6
417 -8
418 -6
419 -13
420 -6
421 -14
422 -6
423 -8
424 -8
425 -13
426 -6
427 -8
428 -14
429 -14
430 -13
431 -8
432 -8
433 -8
434 -6
435 -8
436 -13
437 -13
438 -8
439 -13
440 -8
441 -13
442 -6
443 -14
444 -6
445 -13
446 -13
447 -6
448 -13
449 -13
450 -8
451 -13
452 -14
453 -6
454 -13
455 -8
456 -8
457 -6
458 -8
459 -8
460 -13
461 -13
462 -14
463 -6
464 -8
465 -6
466 -13
467 -13
468 -8
469 -13
470 -8
471 -13
472 -13
473 -13
474 -6
475 -8
476 -14
477 -8
478 -6
479 -13
480 -6
481 -6
482 -8
483 -6
484 -14
485 -14
486 -8
487 -6
488 -13
489 -13
490 -13
491 -6
492 -18
493 -8
494 -8
495 -14
496 -8
497 -6
498 -8
499 -8
500 -14
501 -13
502 -8
503 -8
504 -13
505 -13
506 -13
507 -14
508 -6
509 -8
510 -8
511 -8
512 -6
513 -13
514 -15
515 -8
516 -13
517 -13
518 -13
519 -14
520 -6
521 -13
522 -13
523 -13
524 -6
525 -8
526 -8
527 -14
528 -6
529 -19
530 -6
531 -8
532 -8
533 -6
534 -13
535 -13
536 -13
537 -13
538 -13
539 -8
540 -13
541 -8
542 -13
543 -13
544 -6
545 -13
546 -13
547 -6
548 -6
549 -8
550 -13
551 -14
552 -8
553 -13
554 -14
555 -14
556 -14
557 -6
558 -6
559 -6
560 -8
561 -14
562 -13
563 -8
564 -13
565 -6
566 -6
567 -13
568 -6
569 -8
570 -6
571 -13
572 -8
573 -6
574 -8
575 -8
576 -13
577 -6
578 -8
579 -13
580 -13
581 -8
582 -8
583 -13
584 -8
585 -14
586 -13
587 -14
588 -6
589 -14
590 -8
591 -13
592 -14
593 -13
594 -6
595 -13
596 -14
597 -8
598 -6
599 -6
600 -13
601 -13
602 -6
603 -8
604 -6
605 -13
606 -13
607 -14
608 -13
609 -14
610 -13
611 -13
612 -14
613 -8
614 -13
615 -6
616 -13
617 -6
618 -13
619 -13
620 -8
621 -8
622 -8
623 -6
624 -6
625 -6
626 -14
627 -8
628 -8
629 -14
630 -6
631 -6
632 -8
633 -8
634 -8
635 -6
636 -14
637 -13
638 -13
639 -8
640 -13
641 -6
642 -13
643 -8
644 -8
645 -13
646 -13
647 -6
648 -6
649 -6
650 -13
651 -13
652 -18
653 -13
654 -6
655 -8
656 -6
657 -6
658 -6
659 -14
660 -13
661 -6
662 -6
663 -8
664 -8
665 -18
666 -13
667 -8
668 -8
669 -13
670 -6
671 -6
672 -13
673 -6
674 -13
675 -13
676 -8
677 -14
678 -17
679 -19
680 -6
681 -14
682 -8
683 -6
684 -13
685 -13
686 -13
687 -6
688 -6
689 -8
690 -8
691 -13
692 -17
693 -13
694 -13
695 -6
696 -6
697 -8
698 -6
699 -8
700 -6
701 -6
702 -13
703 -6
704 -6
705 -14
706 -6
707 -13
708 -6
709 -8
710 -6
711 -13
712 -13
713 -13
714 -14
715 -6
716 -13
717 -13
718 -6
719 -21
720 -6
721 -13
722 -6
723 -8
724 -8
725 -14
726 -6
727 -15
728 -8
729 -8
730 -14
731 -13
732 -13
733 -6
734 -13
735 -8
736 -8
737 -6
738 -8
739 -14
740 -8
741 -6
742 -14
743 -6
744 -6
745 -14
746 -13
747 -13
748 -6
749 -14
750 -6
751 -13
752 -13
753 -14
754 -6
755 -6
756 -13
757 -6
758 -8
759 -13
760 -8
761 -14
762 -13
763 -6
764 -6
765 -13
766 -13
767 -14
768 -6
769 -14
770 -13
771 -14
772 -14
773 -6
774 -6
775 -6
776 -6
777 -8
778 -8
779 -6
780 -14
781 -8
782 -14
783 -6
784 -8
785 -6
786 -8
787 -6
788 -6
789 -13
790 -8
791 -8
792 -13
793 -13
794 -6
795 -13
796 -13
797 -13
798 -12
799 -6
800 -8
801 -14
802 -6
803 -8
804 -6
805 -6
806 -6
807 -13
808 -13
809 -14
810 -6
811 -6
812 -8
813 -6
814 -13
815 -8
816 -19
817 -13
818 -8
819 -6
820 -13
821 -8
822 -8
823 -13
824 -6
825 -6
826 -13
827 -13
828 -6
829 -13
830 -8
831 -6
832 -10
833 -6
834 -13
835 -14
836 -8
837 -15
838 -13
839 -14
840 -6
841 -6
842 -13
843 -13
844 -14
845 -13
846 -6
847 -8
848 -6
849 -8
850 -8
851 -13
852 -13
853 -8
854 -13
855 -8
856 -6
857 -8
858 -6
859 -6
860 -8
861 -6
862 -23
863 -8
864 -13
865 -19
866 -6
867 -8
868 -6
869 -8
870 -8
871 -14
872 -13
873 -8
874 -6
875 -13
876 -6
877 -19
878 -13
879 -13
880 -8
881 -8
882 -6
883 -13
884 -6
885 -8
886 -8
887 -13
888 -8
889 -13
890 -8
891 -8
892 -13
893 -8
894 -8
895 -13
896 -6
897 -13
898 -8
899 -6
900 -8
901 -8
902 -6
903 -6
904 -6
905 -8
906 -6
907 -14
908 -12
909 -6
910 -13
911 -6
912 -13
913 -6
914 -13
915 -6
916 -14
917 -8
918 -13
919 -14
920 -6
921 -6
922 -26
923 -13
924 -13
925 -6
926 -13
927 -6
928 -6
929 -14
930 -6
931 -14
932 -17
933 -6
934 -6
935 -6
936 -6
937 -8
938 -6
939 -6
940 -14
941 -13
942 -8
943 -13
944 -6
945 -8
946 -13
947 -6
948 -6
949 -18
950 -14
951 -8
952 -8
953 -13
954 -6
955 -17
956 -13
957 -8
958 -6
959 -8
960 -8
961 -13
962 -6
963 -14
964 -8
965 -13
966 -8
967 -14
968 -6
969 -8
970 -14
971 -8
972 -8
973 -8
974 -6
975 -6
976 -8
977 -8
978 -13
979 -6
980 -13
981 -8
982 -8
983 -8
984 -13
985 -6
986 -13
987 -8
988 -6
989 -13
990 -13
991 -8
992 -14
993 -13
994 -14
995 -13
996 -14
997 -8
998 -8
999 -10
