0 -10
1 -14
2 -13
3 -13
4 -13
5 -13
6 -13
7 -14
8 -6
9 -13
10 -6
11 -13
12 -6
13 -10
14 -18
15 -6
16 -13
17 -6
18 -10
19 -6
20 -6
21 -14
22 -6
23 -13
24 -13
25 -13
26 -6
27 -6
28 -6
29 -13
30 -14
31 -13
32 -13
33 -6
34 -14
35 -6
36 -6
37 -6
38 -18
39 -14
40 -6
41 -10
42 -13
43 -10
44 -13
45 -10
46 -6
47 -13
48 -13
49 -6
50 -14
51 -13
52 -13
53 -6
54 -18
55 -6
56 -7
57 -6
58 -10
59 -13
60 -10
61 -6
62 -10
63 -14
64 -14
65 -13
66 -10
67 -14
68 -13
69 -19
70 -13
71 -13
72 -6
73 -10
74 -6
75 -10
76 -10
77 -13
78 -13
79 -13
80 -13
81 -10
82 -13
83 -40
84 -14
85 -14
86 -6
87 -13
88 -13
89 -6
90 -14
91 -10
92 -10
93 -6
94 -10
95 -14
96 -14
97 -6
98 -14
99 -13
100 -13
101 -6
102 -10
103 -13
104 -14
105 -13
106 -10
107 -6
108 -13
109 -6
110 -6
111 -13
112 -13
113 -6
114 -13
115 -6
116 -14
117 -12
118 -13
119 -14
120 -13
121 -6
122 -6
123 -6
124 -6
125 -6
126 -13
127 -10
128 -6
129 -6
130 -10
131 -10
132 -14
133 -14
134 -6
135 -6
136 -42
137 -14
138 -6
139 -13
140 -13
141 -6
142 -13
143 -14
144 -13
145 -13
146 -6
147 -6
148 -23
149 -6
150 -13
151 -10
152 -13
153 -10
154 -6
155 -6
156 -13
157 -6
158 -13
159 -14
160 -13
161 -16
162 -14
163 -6
164 -6
165 -14
166 -6
167 -13
168 -6
169 -13
170 -6
171 -10
172 -10
173 -10
174 -13
175 -13
176 -13
177 -14
178 -25
179 -14
180 -6
181 -13
182 -13
183 -18
184 -14
185 -14
186 -13
187 -13
188 -10
189 -6
190 -13
191 -13
192 -6
193 -6
194 -13
195 -17
196 -6
197 -6
198 -14
199 -13
200 -6
201 -13
202 -10
203 -13
204 -13
205 -10
206 -7
207 -13
208 -6
209 -14
210 -6
211 -10
212 -13
213 -14
214 -14
215 -14
216 -14
217 -13
218 -10
219 -14
220 -13
221 -14
222 -16
223 -6
224 -13
225 -15
226 -6
227 -14
228 -12
229 -13
230 -13
231 -6
232 -6
233 -13
234 -14
235 -10
236 -6
237 -14
238 -6
239 -6
240 -14
241 -6
242 -10
243 -18
244 -13
245 -6
246 -10
247 -6
248 -6
249 -6
250 -13
251 -10
252 -14
253 -13
254 -13
255 -6
256 -6
257 -13
258 -6
259 -6
260 -13
261 -14
262 -6
263 -6
264 -6
265 -13
266 -6
267 -13
268 -9
269 -6
270 -13
271 -10
272 -6
273 -14
274 -10
275 -6
276 -6
277 -14
278 -10
279 -14
280 -6
281 -6
282 -13
283 -10
284 -13
285 -6
286 -13
287 -13
288 -13
289 -13
290 -14
291 -6
292 -10
293 -6
294 -13
295 -10
296 -13
297 -6
298 -13
299 -6
300 -6
301 -6
302 -13
303 -13
304 -13
305 -6
306 -10
307 -6
308 -13
309 -14
310 -6
311 -13
312 -6
313 -13
314 -13
315 -10
316 -10
317 -6
318 -6
319 -13
320 -6
321 -10
322 -6
323 -6
324 -6
325 -13
326 -10
327 -6
328 -6
329 -10
330 -8
331 -14
332 -13
333 -6
334 -10
335 -13
336 -6
337 -13
338 -6
339 -6
340 -13
341 -6
342 -13
343 -13
344 -10
345 -13
346 -6
347 -6
348 -6
349 -6
350 -6
351 -14
352 -44
353 -6
354 -10
355 -6
356 -10
357 -14
358 -6
359 -10
360 -10
361 -18
362 -13
363 -6
364 -6
365 -6
366 -6
367 -6
368 -6
369 -13
370 -10
371 -17
372 -14
373 -17
374 -6
375 -14
376 -6
377 -13
378 -14
379 -10
380 -13
381 -6
382 -6
383 -10
384 -6
385 -10
386 -10
387 -13
388 -10
389 -6
390 -6
391 -6
392 -6
393 -6
394 -6
395 -6
396 -18
397 -6
398 -13
399 -6
400 -14
401 -13
402 -6
403 -13
404 -13
405 -10
406 -10
407 -10
408 -6
409 -13
410 -10
411 -14
412 -6
413 -13
414 -13
415 -8
416 -13
417 -6
418 -14
419 -6
420 -10
421 -6
422 -6
423 -6
424 -13
425 -13
426 -10
427 -6
428 -12
429 -13
430 -13
431 -6
432 -6
433 -10
434 -10
435 -6
436 -13
437 -6
438 -13
439 -6
440 -14
441 -14
442 -14
443 -6
444 -10
445 -13
446 -6
447 -6
448 -8
449 -13
450 -6
451 -13
452 -6
453 -14
454 -12
455 -13
456 -13
457 -6
458 -6
459 -13
460 -13
461 -6
462 -13
463 -14
464 -6
465 -13
466 -13
467 -6
468 -6
469 -15
470 -6
471 -13
472 -10
473 -13
474 -10
475 -6
476 -6
477 -6
478 -6
479 -6
480 -13
481 -10
482 -35
483 -14
484 -6
485 -13
486 -13
487 -6
488 -14
489 -14
490 -14
491 -13
492 -12
493 -6
494 -6
495 -6
496 -6
497 -6
498 -10
499 -13
500 -13
501 -10
502 -14
503 -14
504 -13
505 -6
506 -6
507 -13
508 -6
509 -6
510 -10
511 -13
512 -10
513 -12
514 -6
515 -14
516 -13
517 -14
518 -13
519 -13
520 -13
521 -6
522 -14
523 -13
524 -6
525 -6
526 -13
527 -13
528 -6
529 -6
530 -6
531 -10
532 -13
533 -13
534 -6
535 -13
536 -14
537 -6
538 -14
539 -10
540 -6
541 -14
542 -6
543 -6
544 -6
545 -6
546 -6
547 -14
548 -6
549 -13
550 -6
551 -13
552 -6
553 -6
554 -6
555 -6
556 -14
557 -6
558 -6
559 -13
560 -10
561 -13
562 -6
563 -10
564 -6
565 -13
566 -6
567 -7
568 -6
569 -6
570 -6
571 -14
572 -6
573 -13
574 -13
575 -10
576 -10
577 -6
578 -6
579 -14
580 -6
581 -6
582 -13
583 -14
584 -6
585 -6
586 -13
587 -6
588 -13
589 -10
590 -14
591 -6
592 -6
593 -14
594 -13
595 -14
596 -13
597 -14
598 -14
599 -6
600 -14
601 -13
602 -14
603 -6
604 -13
605 -6
606 -13
607 -6
608 -6
609 -6
610 -10
611 -6
612 -6
613 -6
614 -14
615 -13
616 -6
617 -6
618 -13
619 -13
620 -6
621 -10
622 -10
623 -6
624 -6
625 -6
626 -6
627 -6
628 -14
629 -13
630 -6
631 -13
632 -6
633 -6
634 -14
635 -10
636 -13
637 -14
638 -13
639 -10
640 -6
641 -6
642 -10
643 -13
644 -6
645 -13
646 -13
647 -13
648 -10
649 -13
650 -6
651 -6
652 -10
653 -6
654 -6
655 -6
656 -14
657 -13
658 -13
659 -6
660 -10
661 -18
662 -6
663 -13
664 -17
665 -6
666 -6
667 -14
668 -10
669 -10
670 -14
671 -10
672 -10
673 -13
674 -13
675 -6
676 -6
677 -13
678 -13
679 -13
680 -13
681 -6
682 -6
683 -6
684 -10
685 -6
686 -13
687 -6
688 -14
689 -6
690 -14
691 -13
692 -14
693 -6
694 -10
695 -13
696 -14
697 -10
698 -6
699 -10
700 -6
701 -6
702 -13
703 -6
704 -14
705 -6
706 -6
707 -13
708 -6
709 -6
710 -14
711 -14
712 -6
713 -13
714 -10
715 -10
716 -10
717 -6
718 -10
719 -6
720 -13
721 -6
722 -10
723 -6
724 -6
725 -13
726 -6
727 -13
728 -13
729 -6
730 -13
731 -6
732 -6
733 -13
734 -16
735 -6
736 -13
737 -6
738 -8
739 -13
740 -14
741 -6
742 -6
743 -10
744 -10
745 -6
746 -6
747 -6
748 -6
749 -6
750 -13
751 -6
752 -14
753 -6
754 -14
755 -6
756 -13
757 -6
758 -13
759 -6
760 -13
761 -14
762 -10
763 -6
764 -6
765 -10
766 -15
767 -15
768 -14
769 -6
770 -13
771 -13
772 -10
773 -6
774 -43
775 -13
776 -6
777 -14
778 -10
779 -14
780 -13
781 -14
782 -14
783 -13
784 -6
785 -14
786 -7
787 -6
788 -10
789 -14
790 -10
791 -13
792 -10
793 -6
794 -6
795 -10
796 -6
797 -13
798 -13
799 -13
800 -14
801 -15
802 -6
803 -13
804 -13
805 -10
806 -13
807 -14
808 -14
809 -14
810 -14
811 -6
812 -10
813 -13
814 -6
815 -14
816 -13
817 -6
818 -6
819 -10
820 -14
821 -6
822 -14
823 -13
824 -10
825 -13
826 -14
827 -13
828 -13
829 -13
830 -13
831 -14
832 -13
833 -6
834 -6
835 -14
836 -6
837 -6
838 -13
839 -14
840 -6
841 -6
842 -14
843 -14
844 -6
845 -6
846 -6
847 -6
848 -13
849 -14
850 -10
851 -13
852 -6
853 -14
854 -21
855 -13
856 -10
857 -10
858 -6
859 -6
860 -13
861 -6
862 -6
863 -13
864 -14
865 -13
866 -6
867 -6
868 -6
869 -13
870 -6
871 -13
872 -6
873 -6
874 -6
875 -14
876 -10
877 -10
878 -6
879 -9
880 -10
881 -10
882 -13
883 -14
884 -6
885 -6
886 -10
887 -13
888 -6
889 -6
890 -13
891 -6
892 -13
893 -14
894 -14
895 -10
896 -6
897 -13
898 -10
899 -13
900 -13
901 -13
902 -13
903 -13
904 -10
905 -6
906 -6
907 -10
908 -6
909 -10
910 -6
911 -14
912 -6
913 -13
914 -6
915 -6
916 -13
917 -6
918 -13
919 -6
920 -6
921 -14
922 -15
923 -6
924 -6
925 -14
926 -10
927 -6
928 -14
929 -6
930 -13
931 -6
932 -13
933 -13
934 -6
935 -13
936 -13
937 -14
938 -13
939 -13
940 -6
941 -14
942 -6
943 -6
944 -14
945 -14
946 -6
947 -6
948 -13
949 -10
950 -13
951 -13
952 -10
953 -13
954 -10
955 -9
956 -6
957 -13
958 -6
959 -13
960 -13
961 -6
962 -13
963 -6
964 -10
965 -14
966 -6
967 -13
968 -13
969 -6
970 -13
971 -10
972 -6
973 -6
974 -6
975 -35
976 -6
977 -14
978 -13
979 -14
980 -6
981 -6
982 -6
983 -10
984 -6
985 -6
986 -13
987 -13
988 -13
989 -6
990 -6
991 -6
992 -6
993 -6
994 -13
995 -6
996 -6
997 -13
998 -13
999 -24
