0 -16
1 -8
2 -6
3 -8
4 -6
5 -6
6 -13
7 -13
8 -13
9 -13
10 -6
11 -6
12 -14
13 -13
14 -13
15 -6
16 -13
17 -6
18 -13
19 -13
20 -6
21 -13
22 -6
23 -13
24 -8
25 -13
26 -13
27 -6
28 -8
29 -6
30 -6
31 -13
32 -6
33 -18
34 -6
35 -14
36 -8
37 -8
38 -13
39 -14
40 -10
41 -6
42 -6
43 -6
44 -6
45 -14
46 -8
47 -13
48 -14
49 -6
50 -17
51 -8
52 -13
53 -6
54 -14
55 -13
56 -13
57 -8
58 -14
59 -6
60 -6
61 -13
62 -8
63 -13
64 -23
65 -6
66 -6
67 -6
68 -14
69 -26
70 -6
71 -6
72 -13
73 -8
74 -6
75 -6
76 -6
77 -6
78 -13
79 -6
80 -8
81 -6
82 -8
83 -6
84 -6
85 -6
86 -6
87 -6
88 -6
89 -8
90 -6
91 -13
92 -6
93 -6
94 -6
95 -14
96 -8
97 -8
98 -13
99 -6
100 -6
101 -6
102 -16
103 -6
104 -13
105 -13
106 -6
107 -6
108 -8
109 -8
110 -6
111 -14
112 -6
113 -14
114 -6
115 -8
116 -14
117 -6
118 -6
119 -8
120 -6
121 -6
122 -14
123 -13
124 -13
125 -6
126 -9
127 -14
128 -6
129 -13
130 -13
131 -14
132 -8
133 -13
134 -13
135 -6
136 -14
137 -6
138 -13
139 -6
140 -6
141 -13
142 -13
143 -6
144 -11
145 -13
146 -6
147 -10
148 -8
149 -14
150 -8
151 -8
152 -6
153 -8
154 -13
155 -8
156 -14
157 -8
158 -6
159 -6
160 -6
161 -6
162 -8
163 -13
164 -6
165 -6
166 -13
167 -6
168 -13
169 -6
170 -6
171 -6
172 -6
173 -6
174 -13
175 -6
176 -6
177 -14
178 -14
179 -14
180 -13
181 -6
182 -6
183 -8
184 -6
185 -38
186 -6
187 -6
188 -14
189 -6
190 -13
191 -14
192 -6
193 -6
194 -8
195 -6
196 -13
197 -6
198 -13
199 -6
200 -6
201 -6
202 -6
203 -6
204 -14
205 -13
206 -13
207 -6
208 -10
209 -13
210 -13
211 -8
212 -6
213 -13
214 -13
215 -13
216 -13
217 -6
218 -6
219 -6
220 -13
221 -6
222 -8
223 -8
224 -6
225 -6
226 -6
227 -6
228 -14
229 -8
230 -13
231 -13
232 -13
233 -6
234 -14
235 -6
236 -13
237 -13
238 -13
239 -13
240 -13
241 -6
242 -13
243 -13
244 -8
245 -6
246 -13
247 -6
248 -13
249 -6
250 -14
251 -6
252 -6
253 -6
254 -13
255 -13
256 -8
257 -6
258 -8
259 -6
260 -6
261 -13
262 -6
263 -13
264 -13
265 -14
266 -13
267 -13
268 -14
269 -6
270 -8
271 -6
272 -14
273 -6
274 -13
275 -6
276 -6
277 -13
278 -8
279 -6
280 -6
281 -6
282 -13
283 -6
284 -13
285 -8
286 -14
287 -8
288 -6
289 -8
290 -13
291 -6
292 -15
293 -6
294 -6
295 -14
296 -6
297 -6
298 -6
299 -13
300 -6
301 -6
302 -6
303 -6
304 -6
305 -6
306 -6
307 -13
308 -6
309 -13
310 -8
311 -6
312 -13
313 -8
314 -6
315 -6
316 -13
317 -6
318 -14
319 -6
320 -6
321 -13
322 -8
323 -6
324 -6
325 -14
326 -13
327 -13
328 -8
329 -13
330 -6
331 -13
332 -13
333 -13
334 -8
335 -6
336 -13
337 -6
338 -8
339 -13
340 -13
341 -6
342 -8
343 -13
344 -14
345 -13
346 -13
347 -8
348 -6
349 -6
350 -13
351 -6
352 -13
353 -17
354 -6
355 -13
356 -8
357 -6
358 -8
359 -14
360 -6
361 -13
362 -14
363 -8
364 -13
365 -6
366 -8
367 -14
368 -18
369 -6
370 -6
371 -6
372 -6
373 -8
374 -8
375 -14
376 -13
377 -6
378 -6
379 -6
380 -6
381 -6
382 -6
383 -6
384 -13
385 -6
386 -6
387 -6
388 -13
389 -13
390 -8
391 -6
392 -14
393 -14
394 -6
395 -8
396 -14
397 -6
398 -6
399 -6
400 -8
401 -13
402 -14
403 -11
404 -6
405 -8
406 -6
407 -14
408 -13
409 -8
410 -13
411 -14
412 -13
413 -6
414 -6
415 -6
416 -13
417 -13
418 -18
419 -13
420 -13
421 -14
422 -13
423 -6
424 -20
425 -8
426 -13
427 -8
428 -13
429 -6
430 -8
431 -8
432 -9
433 -8
434 -13
435 -13
436 -13
437 -13
438 -6
439 -17
440 -14
441 -6
442 -14
443 -8
444 -6
445 -14
446 -6
447 -13
448 -6
449 -6
450 -14
451 -13
452 -6
453 -6
454 -6
455 -12
456 -6
457 -6
458 -8
459 -6
460 -14
461 -6
462 -6
463 -14
464 -14
465 -22
466 -14
467 -14
468 -14
469 -8
470 -6
471 -6
472 -6
473 -6
474 -6
475 -13
476 -8
477 -6
478 -14
479 -6
480 -13
481 -14
482 -6
483 -14
484 -8
485 -13
486 -6
487 -14
488 -34
489 -6
490 -14
491 -14
492 -13
493 -6
494 -6
495 -8
496 -14
497 -8
498 -13
499 -8
500 -8
501 -6
502 -6
503 -6
504 -6
505 -6
506 -6
507 -8
508 -6
509 -6
510 -24
511 -8
512 -8
513 -6
514 -14
515 -6
516 -6
517 -6
518 -6
519 -8
520 -6
521 -13
522 -8
523 -14
524 -6
525 -6
526 -6
527 -6
528 -13
529 -6
530 -13
531 -13
532 -6
533 -13
534 -6
535 -8
536 -8
537 -6
538 -6
539 -6
540 -14
541 -6
542 -13
543 -13
544 -6
545 -6
546 -8
547 -13
548 -13
549 -6
550 -13
551 -6
552 -13
553 -6
554 -8
555 -14
556 -14
557 -6
558 -14
559 -14
560 -6
561 -13
562 -13
563 -6
564 -13
565 -6
566 -14
567 -13
568 -6
569 -6
570 -8
571 -13
572 -13
573 -8
574 -13
575 -14
576 -13
577 -6
578 -8
579 -13
580 -6
581 -6
582 -13
583 -6
584 -12
585 -6
586 -8
587 -15
588 -19
589 -6
590 -6
591 -6
592 -6
593 -6
594 -6
595 -6
596 -6
597 -13
598 -15
599 -8
600 -8
601 -14
602 -6
603 -13
604 -14
605 -13
606 -14
607 -14
608 -6
609 -13
610 -10
611 -6
612 -8
613 -13
614 -6
615 -6
616 -18
617 -6
618 -14
619 -6
620 -26
621 -13
622 -8
623 -14
624 -13
625 -8
626 -13
627 -14
628 -6
629 -14
630 -8
631 -6
632 -8
633 -13
634 -17
635 -13
636 -13
637 -6
638 -8
639 -13
640 -6
641 -6
642 -6
643 -14
644 -6
645 -6
646 -13
647 -6
648 -13
649 -6
650 -13
651 -6
652 -13
653 -13
654 -6
655 -6
656 -6
657 -13
658 -6
659 -13
660 -6
661 -6
662 -8
663 -6
664 -13
665 -6
666 -6
667 -6
668 -13
669 -6
670 -8
671 -13
672 -13
673 -6
674 -6
675 -8
676 -13
677 -8
678 -6
679 -6
680 -14
681 -14
682 -8
683 -6
684 -6
685 -6
686 -6
687 -6
688 -13
689 -8
690 -13
691 -13
692 -14
693 -6
694 -13
695 -14
696 -6
697 -14
698 -6
699 -6
700 -14
701 -13
702 -8
703 -13
704 -6
705 -8
706 -8
707 -6
708 -13
709 -6
710 -6
711 -6
712 -13
713 -13
714 -13
715 -13
716 -14
717 -6
718 -6
719 -13
720 -6
721 -6
722 -6
723 -8
724 -13
725 -6
726 -13
727 -8
728 -6
729 -13
730 -7
731 -6
732 -14
733 -6
734 -6
735 -8
736 -6
737 -13
738 -14
739 -6
740 -13
741 -6
742 -13
743 -6
744 -6
745 -13
746 -13
747 -8
748 -6
749 -13
750 -7
751 -13
752 -6
753 -6
754 -13
755 -6
756 -6
757 -13
758 -6
759 -8
760 -13
761 -11
762 -13
763 -13
764 -6
765 -13
766 -13
767 -6
768 -13
769 -6
770 -13
771 -13
772 -6
773 -8
774 -8
775 -6
776 -8
777 -14
778 -24
779 -6
780 -6
781 -8
782 -6
783 -6
784 -8
785 -13
786 -6
787 -13
788 -6
789 -6
790 -14
791 -13
792 -6
793 -13
794 -14
795 -13
796 -14
797 -6
798 -6
799 -8
800 -13
801 -13
802 -14
803 -6
804 -13
805 -6
806 -6
807 -6
808 -14
809 -19
810 -13
811 -6
812 -6
813 -13
814 -6
815 -6
816 -8
817 -8
818 -6
819 -14
820 -6
821 -8
822 -6
823 -9
824 -8
825 -6
826 -6
827 -13
828 -13
829 -8
830 -6
831 -8
832 -6
833 -6
834 -6
835 -13
836 -14
837 -6
838 -6
839 -14
840 -6
841 -13
842 -14
843 -14
844 -13
845 -8
846 -6
847 -8
848 -14
849 -13
850 -14
851 -14
852 -13
853 -14
854 -41
855 -13
856 -6
857 -13
858 -14
859 -14
860 -6
861 -13
862 -18
863 -6
864 -14
865 -6
866 -6
867 -6
868 -18
869 -14
870 -6
871 -6
872 -6
873 -6
874 -6
875 -7
876 -8
877 -6
878 -6
879 -6
880 -6
881 -13
882 -6
883 -6
884 -6
885 -6
886 -6
887 -13
888 -6
889 -13
890 -8
891 -14
892 -13
893 -13
894 -13
895 -8
896 -13
897 -13
898 -6
899 -6
900 -6
901 -13
902 -6
903 -6
904 -8
905 -6
906 -13
907 -6
908 -6
909 -6
910 -13
911 -13
912 -6
913 -6
914 -13
915 -13
916 -6
917 -6
918 -6
919 -13
920 -13
921 -13
922 -6
923 -8
924 -13
925 -13
926 -14
927 -13
928 -8
929 -6
930 -14
931 -13
932 -6
933 -13
934 -6
935 -16
936 -13
937 -8
938 -14
939 -14
940 -6
941 -8
942 -6
943 -14
944 -8
945 -6
946 -6
947 -6
948 -6
949 -14
950 -6
951 -14
952 -13
953 -6
954 -8
955 -12
956 -14
957 -13
958 -6
959 -14
960 -14
961 -14
962 -14
963 -6
964 -8
965 -14
966 -8
967 -13
968 -15
969 -8
970 -13
971 -6
972 -6
973 -13
974 -14
975 -6
976 -8
977 -13
978 -6
979 -6
980 -6
981 -6
982 -6
983 -13
984 -13
985 -13
986 -7
987 -14
988 -6
989 -6
990 -6
991 -13
992 -8
993 -14
994 -14
995 -13
996 -6
997 -6
998 -8
999 -8
