0 -6
1 -47
2 -6
3 -11
4 -6
5 -6
6 -13
7 -13
8 -6
9 -13
10 -14
11 -14
12 -17
13 -6
14 -11
15 -13
16 -11
17 -6
18 -11
19 -13
20 -6
21 -6
22 -6
23 -6
24 -6
25 -14
26 -11
27 -18
28 -6
29 -9
30 -6
31 -6
32 -6
33 -13
34 -13
35 -6
36 -13
37 -6
38 -13
39 -13
40 -13
41 -6
42 -6
43 -13
44 -6
45 -6
46 -6
47 -13
48 -11
49 -13
50 -6
51 -13
52 -13
53 -14
54 -6
55 -14
56 -13
57 -14
58 -13
59 -6
60 -6
61 -6
62 -6
63 -11
64 -11
65 -14
66 -14
67 -6
68 -14
69 -11
70 -14
71 -14
72 -13
73 -11
74 -13
75 -13
76 -6
77 -6
78 -14
79 -13
80 -13
81 -6
82 -14
83 -14
84 -14
85 -11
86 -11
87 -6
88 -13
89 -6
90 -18
91 -13
92 -13
93 -6
94 -13
95 -11
96 -11
97 -11
98 -6
99 -6
100 -6
101 -14
102 -13
103 -13
104 -13
105 -11
106 -6
107 -29
108 -14
109 -13
110 -6
111 -6
112 -31
113 -6
114 -13
115 -13
116 -14
117 -11
118 -11
119 -13
120 -13
121 -13
122 -6
123 -14
124 -6
125 -6
126 -6
127 -13
128 -6
129 -14
130 -6
131 -13
132 -6
133 -11
134 -6
135 -6
136 -11
137 -13
138 -6
139 -13
140 -13
141 -13
142 -13
143 -6
144 -6
145 -13
146 -18
147 -14
148 -11
149 -6
150 -11
151 -35
152 -13
153 -6
154 -12
155 -13
156 -6
157 -9
158 -14
159 -11
160 -11
161 -6
162 -6
163 -6
164 -13
165 -11
166 -11
167 -13
168 -6
169 -6
170 -6
171 -11
172 -13
173 -14
174 -14
175 -6
176 -6
177 -11
178 -14
179 -6
180 -11
181 -14
182 -6
183 -6
184 -13
185 -6
186 -14
187 -14
188 -11
189 -6
190 -6
191 -13
192 -6
193 -13
194 -14
195 -11
196 -6
197 -11
198 -13
199 -11
200 -14
201 -6
202 -13
203 -6
204 -6
205 -13
206 -6
207 -13
208 -14
209 -6
210 -6
211 -11
212 -13
213 -6
214 -6
215 -14
216 -6
217 -11
218 -14
219 -17
220 -11
221 -6
222 -13
223 -6
224 -13
225 -6
226 -6
227 -13
228 -6
229 -6
230 -6
231 -6
232 -13
233 -14
234 -6
235 -14
236 -14
237 -13
238 -13
239 -13
240 -6
241 -6
242 -14
243 -6
244 -6
245 -6
246 -13
247 -6
248 -13
249 -13
250 -18
251 -13
252 -6
253 -11
254 -6
255 -13
256 -14
257 -6
258 -13
259 -14
260 -6
261 -14
262 -12
263 -6
264 -13
265 -13
266 -6
267 -11
268 -13
269 -13
270 -13
271 -6
272 -14
273 -6
274 -11
275 -11
276 -10
277 -13
278 -6
279 -11
280 -6
281 -13
282 -13
283 -13
284 -6
285 -6
286 -14
287 -11
288 -6
289 -13
290 -6
291 -13
292 -6
293 -13
294 -13
295 -6
296 -6
297 -13
298 -13
299 -11
300 -6
301 -6
302 -11
303 -11
304 -6
305 -6
306 -13
307 -6
308 -13
309 -6
310 -14
311 -13
312 -13
313 -14
314 -6
315 -14
316 -6
317 -6
318 -6
319 -6
320 -14
321 -14
322 -13
323 -13
324 -6
325 -11
326 -6
327 -13
328 -13
329 -6
330 -6
331 -13
332 -13
333 -6
334 -13
335 -13
336 -11
337 -11
338 -11
339 -6
340 -11
341 -11
342 -15
343 -14
344 -6
345 -11
346 -6
347 -11
348 -6
349 -6
350 -17
351 -11
352 -6
353 -6
354 -14
355 -6
356 -18
357 -6
358 -6
359 -11
360 -6
361 -6
362 -25
363 -26
364 -6
365 -13
366 -6
367 -6
368 -14
369 -6
370 -13
371 -11
372 -6
373 -13
374 -13
375 -11
376 -6
377 -14
378 -14
379 -11
380 -14
381 -13
382 -13
383 -6
384 -6
385 -6
386 -6
387 -11
388 -6
389 -13
390 -13
391 -14
392 -6
393 -14
394 -14
395 -13
396 -11
397 -17
398 -6
399 -13
400 -10
401 -6
402 -11
403 -11
404 -6
405 -13
406 -14
407 -18
408 -11
409 -13
410 -13
411 -6
412 -14
413 -13
414 -6
415 -13
416 -13
417 -11
418 -6
419 -11
420 -13
421 -6
422 -13
423 -6
424 -13
425 -11
426 -6
427 -19
428 -6
429 -13
430 -6
431 -6
432 -6
433 -11
434 -11
435 -13
436 -13
437 -6
438 -44
439 -14
440 -6
441 -6
442 -6
443 -14
444 -11
445 -13
446 -13
447 -14
448 -6
449 -6
450 -14
451 -6
452 -6
453 -14
454 -6
455 -6
456 -14
457 -6
458 -13
459 -13
460 -11
461 -21
462 -13
463 -6
464 -6
465 -6
466 -6
467 -12
468 -6
469 -13
470 -13
471 -6
472 -6
473 -6
474 -6
475 -6
476 -6
477 -6
478 -6
479 -6
480 -6
481 -13
482 -14
483 -6
484 -6
485 -13
486 -11
487 -11
488 -13
489 -6
490 -13
491 -6
492 -6
493 -6
494 -13
495 -6
496 -13
497 -13
498 -6
499 -14
500 -6
501 -6
502 -6
503 -13
504 -26
505 -6
506 -6
507 -6
508 -6
509 -14
510 -14
511 -13
512 -11
513 -13
514 -6
515 -11
516 -11
517 -6
518 -6
519 -11
520 -6
521 -6
522 -6
523 -6
524 -6
525 -18
526 -23
527 -6
528 -6
529 -6
530 -6
531 -13
532 -13
533 -14
534 -13
535 -6
536 -6
537 -14
538 -14
539 -6
540 -6
541 -11
542 -13
543 -13
544 -14
545 -17
546 -31
547 -6
548 -6
549 -13
550 -6
551 -11
552 -6
553 -6
554 -6
555 -6
556 -14
557 -13
558 -6
559 -6
560 -11
561 -13
562 -6
563 -14
564 -6
565 -6
566 -14
567 -11
568 -6
569 -14
570 -13
571 -11
572 -6
573 -6
574 -6
575 -6
576 -6
577 -13
578 -6
579 -13
580 -14
581 -11
582 -11
583 -6
584 -6
585 -6
586 -6
587 -13
588 -13
589 -6
590 -13
591 -6
592 -40
593 -11
594 -14
595 -6
596 -13
597 -6
598 -6
599 -10
600 -13
601 -14
602 -6
603 -6
604 -6
605 -13
606 -13
607 -13
608 -6
609 -13
610 -13
611 -6
612 -6
613 -6
614 -6
615 -14
616 -13
617 -6
618 -9
619 -6
620 -13
621 -6
622 -6
623 -6
624 -14
625 -11
626 -13
627 -14
628 -13
629 -6
630 -11
631 -11
632 -6
633 -14
634 -6
635 -11
636 -11
637 -6
638 -26
639 -6
640 -13
641 -13
642 -10
643 -11
644 -6
645 -6
646 -6
647 -13
648 -13
649 -14
650 -6
651 -13
652 -6
653 -13
654 -6
655 -13
656 -13
657 -6
658 -11
659 -12
660 -13
661 -13
662 -6
663 -11
664 -13
665 -6
666 -6
667 -6
668 -13
669 -11
670 -6
671 -11
672 -6
673 -6
674 -13
675 -13
676 -6
677 -13
678 -6
679 -11
680 -6
681 -14
682 -13
683 -6
684 -6
685 -11
686 -14
687 -6
688 -13
689 -6
690 -6
691 -6
692 -13
693 -13
694 -11
695 -6
696 -6
697 -6
698 -13
699 -13
700 -17
701 -6
702 -11
703 -6
704 -17
705 -13
706 -6
707 -11
708 -6
709 -6
710 -13
711 -6
712 -13
713 -6
714 -14
715 -6
716 -6
717 -6
718 -13
719 -13
720 -6
721 -6
722 -14
723 -18
724 -13
725 -6
726 -6
727 -13
728 -6
729 -13
730 -14
731 -6
732 -13
733 -13
734 -14
735 -14
736 -6
737 -13
738 -6
739 -13
740 -6
741 -6
742 -11
743 -6
744 -13
745 -13
746 -13
747 -11
748 -11
749 -13
750 -11
751 -17
752 -13
753 -13
754 -6
755 -6
756 -6
757 -6
758 -6
759 -6
760 -23
761 -16
762 -6
763 -6
764 -14
765 -6
766 -11
767 -6
768 -6
769 -6
770 -11
771 -6
772 -14
773 -6
774 -17
775 -11
776 -12
777 -6
778 -17
779 -6
780 -6
781 -6
782 -11
783 -11
784 -14
785 -14
786 -13
787 -11
788 -6
789 -11
790 -14
791 -13
792 -13
793 -6
794 -14
795 -13
796 -11
797 -11
798 -13
799 -6
800 -6
801 -13
802 -12
803 -6
804 -13
805 -13
806 -13
807 -11
808 -13
809 -6
810 -6
811 -6
812 -13
813 -6
814 -13
815 -17
816 -6
817 -13
818 -6
819 -18
820 -11
821 -6
822 -14
823 -6
824 -13
825 -6
826 -11
827 -11
828 -6
829 -13
830 -6
831 -6
832 -13
833 -14
834 -11
835 -13
836 -6
837 -11
838 -11
839 -13
840 -13
841 -14
842 -6
843 -13
844 -11
845 -11
846 -11
847 -6
848 -11
849 -6
850 -6
851 -14
852 -6
853 -14
854 -14
855 -6
856 -13
857 -14
858 -6
859 -11
860 -6
861 -11
862 -6
863 -13
864 -11
865 -14
866 -14
867 -11
868 -6
869 -11
870 -6
871 -14
872 -13
873 -11
874 -14
875 -6
876 -6
877 -13
878 -13
879 -6
880 -14
881 -13
882 -6
883 -11
884 -6
885 -13
886 -13
887 -13
888 -14
889 -6
890 -14
891 -14
892 -6
893 -11
894 -6
895 -14
896 -6
897 -13
898 -12
899 -13
900 -13
901 -13
902 -13
903 -6
904 -14
905 -6
906 -13
907 -13
908 -6
909 -13
910 -6
911 -6
912 -6
913 -13
914 -6
915 -11
916 -6
917 -6
918 -6
919 -13
920 -11
921 -6
922 -6
923 -13
924 -17
925 -6
926 -11
927 -13
928 -6
929 -11
930 -13
931 -6
932 -9
933 -13
934 -6
935 -13
936 -6
937 -6
938 -8
939 -6
940 -6
941 -6
942 -6
943 -6
944 -15
945 -13
946 -13
947 -6
948 -13
949 -18
950 -6
951 -11
952 -6
953 -6
954 -6
955 -14
956 -6
957 -13
958 -6
959 -6
960 -11
961 -6
962 -13
963 -6
964 -6
965 -11
966 -6
967 -11
968 -13
969 -6
970 -14
971 -6
972 -13
973 -11
974 -13
975 -13
976 -6
977 -6
978 -11
979 -14
980 -14
981 -6
982 -11
983 -11
984 -6
985 -6
986 -13
987 -13
988 -6
989 -6
990 -11
991 -13
992 -14
993 -10
994 -13
995 -6
996 -6
997 -14
998 -11
999 -6
