0 -13
1 -11
2 -6
3 -11
4 -6
5 -6
6 -13
7 -13
8 -14
9 -6
10 -6
11 -13
12 -13
13 -13
14 -6
15 -11
16 -13
17 -6
18 -6
19 -6
20 -13
21 -13
22 -14
23 -6
24 -14
25 -6
26 -13
27 -6
28 -13
29 -6
30 -6
31 -13
32 -11
33 -6
34 -13
35 -6
36 -6
37 -6
38 -6
39 -14
40 -14
41 -6
42 -6
43 -6
44 -6
45 -6
46 -14
47 -11
48 -6
49 -11
50 -6
51 -13
52 -11
53 -6
54 -13
55 -13
56 -6
57 -11
58 -11
59 -13
60 -11
61 -14
62 -13
63 -11
64 -13
65 -13
66 -11
67 -6
68 -14
69 -6
70 -14
71 -13
72 -6
73 -11
74 -6
75 -6
76 -13
77 -6
78 -11
79 -13
80 -6
81 -8
82 -14
83 -13
84 -6
85 -6
86 -14
87 -6
88 -13
89 -11
90 -6
91 -13
92 -13
93 -11
94 -6
95 -13
96 -14
97 -14
98 -13
99 -6
100 -11
101 -13
102 -6
103 -13
104 -11
105 -10
106 -17
107 -11
108 -6
109 -6
110 -14
111 -11
112 -11
113 -13
114 -14
115 -11
116 -11
117 -6
118 -13
119 -13
120 -14
121 -11
122 -11
123 -11
124 -14
125 -6
126 -14
127 -11
128 -13
129 -13
130 -6
131 -11
132 -13
133 -14
134 -14
135 -6
136 -6
137 -11
138 -14
139 -14
140 -6
141 -6
142 -13
143 -6
144 -13
145 -6
146 -13
147 -14
148 -13
149 -13
150 -6
151 -6
152 -6
153 -6
154 -6
155 -22
156 -13
157 -11
158 -6
159 -6
160 -6
161 -11
162 -13
163 -13
164 -6
165 -6
166 -11
167 -6
168 -13
169 -14
170 -6
171 -6
172 -6
173 -13
174 -13
175 -6
176 -6
177 -13
178 -6
179 -6
180 -6
181 -6
182 -13
183 -6
184 -6
185 -13
186 -6
187 -6
188 -6
189 -6
190 -14
191 -6
192 -6
193 -6
194 -17
195 -6
196 -6
197 -13
198 -6
199 -13
200 -14
201 -6
202 -6
203 -6
204 -6
205 -6
206 -22
207 -6
208 -13
209 -14
210 -13
211 -11
212 -6
213 -6
214 -6
215 -6
216 -6
217 -6
218 -11
219 -13
220 -13
221 -16
222 -13
223 -14
224 -6
225 -13
226 -11
227 -13
228 -13
229 -6
230 -14
231 -6
232 -11
233 -6
234 -16
235 -13
236 -13
237 -14
238 -13
239 -6
240 -13
241 -6
242 -14
243 -11
244 -6
245 -11
246 -13
247 -6
248 -6
249 -6
250 -6
251 -6
252 -11
253 -19
254 -6
255 -11
256 -13
257 -6
258 -6
259 -11
260 -13
261 -14
262 -6
263 -13
264 -11
265 -6
266 -11
267 -6
268 -13
269 -14
270 -13
271 -13
272 -11
273 -14
274 -13
275 -13
276 -9
277 -6
278 -6
279 -14
280 -6
281 -13
282 -6
283 -13
284 -6
285 -6
286 -6
287 -14
288 -6
289 -6
290 -14
291 -13
292 -6
293 -13
294 -13
295 -13
296 -11
297 -13
298 -6
299 -9
300 -6
301 -6
302 -6
303 -14
304 -13
305 -6
306 -13
307 -13
308 -13
309 -6
310 -14
311 -13
312 -14
313 -6
314 -6
315 -6
316 -11
317 -6
318 -13
319 -6
320 -6
321 -13
322 -6
323 -6
324 -13
325 -6
326 -14
327 -6
328 -13
329 -39
330 -6
331 -17
332 -13
333 -6
334 -11
335 -13
336 -13
337 -6
338 -6
339 -11
340 -6
341 -6
342 -13
343 -14
344 -6
345 -6
346 -11
347 -11
348 -13
349 -6
350 -14
351 -11
352 -14
353 -13
354 -6
355 -13
356 -14
357 -6
358 -6
359 -14
360 -13
361 -6
362 -13
363 -13
364 -11
365 -6
366 -14
367 -6
368 -6
369 -14
370 -13
371 -6
372 -6
373 -17
374 -13
375 -13
376 -13
377 -13
378 -6
379 -14
380 -6
381 -6
382 -14
383 -11
384 -11
385 -6
386 -13
387 -13
388 -14
389 -13
390 -6
391 -14
392 -11
393 -6
394 -6
395 -6
396 -13
397 -9
398 -6
399 -13
400 -6
401 -6
402 -6
403 -6
404 -6
405 -13
406 -6
407 -6
408 -13
409 -13
410 -13
411 -16
412 -6
413 -13
414 -6
415 -14
416 -6
417 -14
418 -6
419 -6
420 -6
421 -6
422 -6
423 -13
424 -11
425 -11
426 -6
427 -6
428 -6
429 -6
430 -6
431 -11
432 -6
433 -6
434 -6
435 -6
436 -6
437 -11
438 -13
439 -6
440 -13
441 -11
442 -13
443 -14
444 -14
445 -6
446 -6
447 -6
448 -6
449 -11
450 -6
451 -14
452 -6
453 -27
454 -14
455 -13
456 -13
457 -14
458 -14
459 -11
460 -14
461 -6
462 -6
463 -6
464 -6
465 -13
466 -11
467 -11
468 -6
469 -11
470 -6
471 -13
472 -6
473 -13
474 -17
475 -6
476 -13
477 -6
478 -14
479 -13
480 -14
481 -6
482 -6
483 -6
484 -31
485 -6
486 -6
487 -6
488 -6
489 -6
490 -6
491 -6
492 -13
493 -6
494 -6
495 -6
496 -14
497 -6
498 -13
499 -14
500 -6
501 -6
502 -13
503 -6
504 -6
505 -6
506 -13
507 -13
508 -13
509 -11
510 -6
511 -6
512 -13
513 -13
514 -13
515 -11
516 -13
517 -11
518 -6
519 -11
520 -13
521 -14
522 -6
523 -6
524 -6
525 -6
526 -13
527 -13
528 -6
529 -13
530 -11
531 -15
532 -6
533 -13
534 -17
535 -6
536 -14
537 -11
538 -7
539 -14
540 -11
541 -13
542 -13
543 -6
544 -13
545 -11
546 -11
547 -6
548 -6
549 -14
550 -11
551 -6
552 -6
553 -14
554 -6
555 -6
556 -6
557 -6
558 -9
559 -11
560 -11
561 -6
562 -6
563 -6
564 -14
565 -6
566 -7
567 -11
568 -11
569 -6
570 -6
571 -6
572 -6
573 -11
574 -6
575 -11
576 -6
577 -7
578 -6
579 -11
580 -13
581 -14
582 -6
583 -6
584 -13
585 -14
586 -6
587 -14
588 -6
589 -6
590 -6
591 -6
592 -13
593 -6
594 -6
595 -6
596 -6
597 -11
598 -6
599 -11
600 -6
601 -6
602 -13
603 -14
604 -6
605 -6
606 -13
607 -14
608 -13
609 -6
610 -6
611 -6
612 -14
613 -14
614 -6
615 -13
616 -8
617 -6
618 -6
619 -14
620 -13
621 -6
622 -6
623 -14
624 -11
625 -13
626 -13
627 -6
628 -11
629 -14
630 -11
631 -11
632 -6
633 -13
634 -13
635 -6
636 -6
637 -13
638 -14
639 -6
640 -6
641 -13
642 -6
643 -13
644 -6
645 -14
646 -6
647 -13
648 -14
649 -11
650 -6
651 -14
652 -11
653 -13
654 -6
655 -6
656 -6
657 -8
658 -6
659 -6
660 -14
661 -6
662 -6
663 -13
664 -6
665 -17
666 -15
667 -13
668 -14
669 -13
670 -13
671 -6
672 -13
673 -13
674 -6
675 -17
676 -6
677 -13
678 -6
679 -15
680 -14
681 -6
682 -11
683 -6
684 -14
685 -14
686 -13
687 -6
688 -6
689 -13
690 -13
691 -13
692 -6
693 -13
694 -14
695 -13
696 -6
697 -6
698 -10
699 -13
700 -14
701 -6
702 -13
703 -11
704 -6
705 -6
706 -6
707 -13
708 -8
709 -11
710 -14
711 -13
712 -6
713 -6
714 -6
715 -6
716 -6
717 -14
718 -13
719 -6
720 -13
721 -6
722 -11
723 -6
724 -13
725 -14
726 -6
727 -6
728 -13
729 -6
730 -11
731 -14
732 -13
733 -6
734 -6
735 -13
736 -11
737 -6
738 -6
739 -13
740 -6
741 -6
742 -6
743 -13
744 -13
745 -12
746 -13
747 -11
748 -6
749 -6
750 -11
751 -14
752 -11
753 -11
754 -11
755 -6
756 -6
757 -13
758 -13
759 -13
760 -11
761 -13
762 -11
763 -14
764 -13
765 -11
766 -13
767 -13
768 -6
769 -14
770 -13
771 -12
772 -11
773 -11
774 -6
775 -7
776 -13
777 -14
778 -6
779 -6
780 -11
781 -15
782 -14
783 -13
784 -6
785 -11
786 -13
787 -6
788 -6
789 -14
790 -14
791 -13
792 -13
793 -6
794 -6
795 -13
796 -6
797 -11
798 -11
799 -6
800 -11
801 -13
802 -13
803 -11
804 -6
805 -14
806 -13
807 -13
808 -13
809 -40
810 -6
811 -11
812 -14
813 -13
814 -13
815 -6
816 -6
817 -11
818 -6
819 -11
820 -11
821 -13
822 -14
823 -6
824 -6
825 -14
826 -6
827 -6
828 -11
829 -14
830 -6
831 -6
832 -13
833 -6
834 -14
835 -13
836 -13
837 -6
838 -11
839 -6
840 -14
841 -14
842 -22
843 -11
844 -14
845 -14
846 -13
847 -6
848 -13
849 -11
850 -6
851 -6
852 -11
853 -11
854 -13
855 -6
856 -13
857 -6
858 -14
859 -19
860 -13
861 -6
862 -14
863 -11
864 -13
865 -6
866 -6
867 -13
868 -14
869 -11
870 -13
871 -14
872 -6
873 -13
874 -13
875 -14
876 -6
877 -6
878 -6
879 -14
880 -6
881 -14
882 -13
883 -14
884 -6
885 -6
886 -6
887 -6
888 -6
889 -13
890 -6
891 -6
892 -14
893 -6
894 -6
895 -13
896 -13
897 -6
898 -13
899 -6
900 -6
901 -13
902 -6
903 -6
904 -6
905 -13
906 -13
907 -6
908 -14
909 -14
910 -8
911 -6
912 -13
913 -7
914 -6
915 -6
916 -6
917 -14
918 -13
919 -13
920 -13
921 -13
922 -6
923 -14
924 -6
925 -6
926 -13
927 -6
928 -6
929 -13
930 -36
931 -6
932 -11
933 -12
934 -13
935 -11
936 -14
937 -6
938 -11
939 -11
940 -14
941 -6
942 -13
943 -13
944 -6
945 -13
946 -6
947 -13
948 -13
949 -6
950 -14
951 -11
952 -6
953 -13
954 -13
955 -14
956 -6
957 -17
958 -6
959 -14
960 -14
961 -6
962 -13
963 -11
964 -11
965 -13
966 -11
967 -6
968 -14
969 -14
970 -6
971 -14
972 -13
973 -14
974 -14
975 -6
976 -14
977 -14
978 -6
979 -11
980 -12
981 -6
982 -13
983 -16
984 -13
985 -6
986 -13
987 -13
988 -11
989 -14
990 -13
991 -6
992 -11
993 -13
994 -6
995 -13
996 -13
997 -11
998 -13
999 -13
