0 -6
1 -14
2 -6
3 -6
4 -8
5 -6
6 -9
7 -14
8 -8
9 -14
10 -6
11 -15
12 -14
13 -9
14 -14
15 -14
16 -13
17 -8
18 -9
19 -6
20 -9
21 -6
22 -6
23 -13
24 -6
25 -8
26 -6
27 -6
28 -6
29 -6
30 -6
31 -14
32 -13
33 -14
34 -6
35 -6
36 -8
37 -13
38 -6
39 -14
40 -14
41 -14
42 -6
43 -6
44 -14
45 -6
46 -8
47 -8
48 -8
49 -14
50 -8
51 -8
52 -13
53 -6
54 -13
55 -14
56 -6
57 -14
58 -6
59 -13
60 -11
61 -13
62 -6
63 -14
64 -9
65 -6
66 -14
67 -13
68 -8
69 -13
70 -14
71 -13
72 -8
73 -15
74 -14
75 -9
76 -6
77 -6
78 -9
79 -6
80 -9
81 -8
82 -6
83 -8
84 -14
85 -13
86 -8
87 -13
88 -13
89 -13
90 -14
91 -13
92 -6
93 -14
94 -6
95 -13
96 -6
97 -13
98 -9
99 -6
100 -13
101 -8
102 -6
103 -8
104 -13
105 -6
106 -14
107 -13
108 -12
109 -6
110 -8
111 -13
112 -14
113 -8
114 -9
115 -13
116 -6
117 -9
118 -14
119 -8
120 -13
121 -14
122 -13
123 -6
124 -14
125 -13
126 -14
127 -8
128 -8
129 -14
130 -9
131 -8
132 -9
133 -59
134 -10
135 -14
136 -9
137 -13
138 -13
139 -14
140 -13
141 -13
142 -6
143 -6
144 -13
145 -9
146 -13
147 -6
148 -6
149 -9
150 -13
151 -13
152 -9
153 -13
154 -13
155 -13
156 -6
157 -6
158 -13
159 -8
160 -6
161 -6
162 -8
163 -8
164 -8
165 -6
166 -8
167 -13
168 -13
169 -14
170 -6
171 -8
172 -6
173 -8
174 -8
175 -8
176 -6
177 -6
178 -14
179 -6
180 -13
181 -6
182 -13
183 -9
184 -13
185 -6
186 -9
187 -13
188 -14
189 -9
190 -13
191 -6
192 -9
193 -14
194 -13
195 -6
196 -15
197 -8
198 -6
199 -13
200 -13
201 -13
202 -14
203 -14
204 -13
205 -14
206 -14
207 -13
208 -15
209 -8
210 -6
211 -14
212 -13
213 -6
214 -9
215 -8
216 -9
217 -6
218 -9
219 -6
220 -13
221 -8
222 -6
223 -8
224 -14
225 -6
226 -13
227 -6
228 -8
229 -6
230 -8
231 -6
232 -6
233 -13
234 -9
235 -9
236 -8
237 -13
238 -8
239 -15
240 -9
241 -8
242 -13
243 -14
244 -9
245 -9
246 -6
247 -6
248 -6
249 -9
250 -13
251 -9
252 -14
253 -8
254 -13
255 -13
256 -6
257 -8
258 -9
259 -13
260 -13
261 -6
262 -8
263 -14
264 -13
265 -9
266 -6
267 -9
268 -8
269 -14
270 -13
271 -6
272 -8
273 -8
274 -15
275 -8
276 -9
277 -8
278 -6
279 -9
280 -6
281 -6
282 -14
283 -9
284 -8
285 -13
286 -13
287 -8
288 -6
289 -9
290 -13
291 -8
292 -6
293 -13
294 -9
295 -8
296 -8
297 -13
298 -13
299 -8
300 -8
301 -6
302 -8
303 -14
304 -6
305 -13
306 -14
307 -8
308 -13
309 -6
310 -8
311 -13
312 -13
313 -8
314 -8
315 -13
316 -8
317 -6
318 -13
319 -9
320 -6
321 -6
322 -9
323 -13
324 -6
325 -6
326 -8
327 -14
328 -8
329 -6
330 -6
331 -13
332 -8
333 -9
334 -6
335 -14
336 -8
337 -6
338 -13
339 -6
340 -13
341 -6
342 -8
343 -6
344 -6
345 -13
346 -13
347 -9
348 -6
349 -6
350 -6
351 -14
352 -6
353 -6
354 -6
355 -13
356 -14
357 -8
358 -14
359 -14
360 -13
361 -14
362 -8
363 -9
364 -6
365 -6
366 -6
367 -11
368 -14
369 -13
370 -6
371 -13
372 -18
373 -14
374 -13
375 -9
376 -8
377 -6
378 -14
379 -9
380 -13
381 -6
382 -6
383 -6
384 -13
385 -6
386 -14
387 -6
388 -13
389 -6
390 -14
391 -6
392 -6
393 -6
394 -13
395 -8
396 -6
397 -8
398 -13
399 -14
400 -13
401 -8
402 -14
403 -6
404 -6
405 -6
406 -8
407 -17
408 -13
409 -6
410 -6
411 -6
412 -6
413 -9
414 -8
415 -14
416 -8
417 -14
418 -8
419 -13
420 -13
421 -8
422 -14
423 -13
424 -6
425 -13
426 -6
427 -9
428 -6
429 -6
430 -13
431 -13
432 -8
433 -8
434 -8
435 -6
436 -6
437 -9
438 -14
439 -8
440 -13
441 -9
442 -8
443 -8
444 -8
445 -8
446 -6
447 -9
448 -13
449 -13
450 -8
451 -8
452 -13
453 -6
454 -13
455 -8
456 -6
457 -8
458 -13
459 -14
460 -8
461 -8
462 -13
463 -13
464 -6
465 -13
466 -13
467 -6
468 -14
469 -6
470 -13
471 -6
472 -14
473 -13
474 -9
475 -6
476 -9
477 -13
478 -13
479 -13
480 -8
481 -50
482 -13
483 -6
484 -13
485 -14
486 -13
487 -8
488 -14
489 -6
490 -9
491 -13
492 -6
493 -14
494 -8
495 -13
496 -6
497 -13
498 -9
499 -6
500 -8
501 -14
502 -13
503 -13
504 -15
505 -13
506 -13
507 -14
508 -6
509 -14
510 -6
511 -13
512 -8
513 -6
514 -8
515 -8
516 -13
517 -6
518 -13
519 -8
520 -6
521 -13
522 -14
523 -13
524 -13
525 -13
526 -6
527 -13
528 -14
529 -8
530 -6
531 -6
532 -15
533 -13
534 -13
535 -13
536 -13
537 -6
538 -8
539 -6
540 -13
541 -6
542 -6
543 -13
544 -13
545 -9
546 -9
547 -9
548 -8
549 -9
550 -13
551 -14
552 -6
553 -6
554 -14
555 -13
556 -8
557 -14
558 -6
559 -8
560 -13
561 -9
562 -13
563 -6
564 -13
565 -13
566 -9
567 -13
568 -13
569 -14
570 -13
571 -14
572 -14
573 -13
574 -6
575 -14
576 -13
577 -9
578 -14
579 -13
580 -14
581 -13
582 -13
583 -13
584 -13
585 -9
586 -6
587 -14
588 -9
589 -6
590 -9
591 -9
592 -14
593 -6
594 -6
595 -6
596 -6
597 -8
598 -6
599 -6
600 -13
601 -13
602 -13
603 -13
604 -13
605 -16
606 -18
607 -13
608 -14
609 -8
610 -13
611 -8
612 -14
613 -8
614 -6
615 -19
616 -6
617 -13
618 -13
619 -14
620 -14
621 -8
622 -13
623 -9
624 -6
625 -6
626 -6
627 -13
628 -6
629 -13
630 -13
631 -13
632 -13
633 -13
634 -6
635 -8
636 -6
637 -6
638 -6
639 -9
640 -10
641 -13
642 -8
643 -8
644 -8
645 -13
646 -6
647 -9
648 -6
649 -6
650 -14
651 -6
652 -6
653 -9
654 -6
655 -8
656 -6
657 -13
658 -14
659 -6
660 -13
661 -58
662 -14
663 -14
664 -6
665 -13
666 -13
667 -6
668 -14
669 -13
670 -14
671 -9
672 -8
673 -14
674 -13
675 -13
676 -14
677 -13
678 -8
679 -8
680 -13
681 -8
682 -13
683 -8
684 -13
685 -13
686 -8
687 -6
688 -6
689 -13
690 -9
691 -13
692 -9
693 -13
694 -6
695 -13
696 -8
697 -8
698 -6
699 -13
700 -13
701 -6
702 -54
703 -13
704 -13
705 -13
706 -6
707 -8
708 -6
709 -6
710 -6
711 -9
712 -14
713 -6
714 -6
715 -6
716 -6
717 -8
718 -6
719 -9
720 -18
721 -6
722 -6
723 -14
724 -8
725 -13
726 -13
727 -13
728 -6
729 -13
730 -6
731 -14
732 -59
733 -6
734 -13
735 -13
736 -8
737 -14
738 -8
739 -9
740 -13
741 -14
742 -13
743 -6
744 -6
745 -6
746 -13
747 -8
748 -14
749 -6
750 -14
751 -6
752 -9
753 -13
754 -13
755 -6
756 -8
757 -13
758 -6
759 -14
760 -13
761 -6
762 -13
763 -13
764 -9
765 -13
766 -10
767 -6
768 -13
769 -8
770 -9
771 -14
772 -8
773 -9
774 -6
775 -8
776 -8
777 -13
778 -9
779 -8
780 -6
781 -6
782 -14
783 -6
784 -14
785 -6
786 -14
787 -13
788 -14
789 -14
790 -13
791 -9
792 -8
793 -13
794 -13
795 -13
796 -6
797 -13
798 -6
799 -13
800 -58
801 -8
802 -13
803 -6
804 -13
805 -13
806 -13
807 -14
808 -13
809 -9
810 -13
811 -9
812 -6
813 -14
814 -14
815 -6
816 -9
817 -8
818 -13
819 -9
820 -8
821 -6
822 -6
823 -13
824 -9
825 -6
826 -14
827 -6
828 -6
829 -13
830 -8
831 -6
832 -9
833 -15
834 -6
835 -13
836 -6
837 -14
838 -13
839 -14
840 -13
841 -6
842 -6
843 -14
844 -13
845 -8
846 -13
847 -6
848 -6
849 -6
850 -14
851 -9
852 -8
853 -14
854 -6
855 -8
856 -6
857 -8
858 -20
859 -6
860 -8
861 -6
862 -9
863 -6
864 -9
865 -13
866 -14
867 -6
868 -6
869 -13
870 -14
871 -13
872 -8
873 -6
874 -58
875 -13
876 -19
877 -9
878 -13
879 -10
880 -14
881 -8
882 -6
883 -6
884 -8
885 -8
886 -13
887 -13
888 -8
889 -23
890 -8
891 -8
892 -13
893 -6
894 -14
895 -13
896 -7
897 -20
898 -6
899 -6
900 -6
901 -14
902 -6
903 -6
904 -6
905 -8
906 -13
907 -13
908 -8
909 -13
910 -14
911 -7
912 -8
913 -8
914 -9
915 -8
916 -6
917 -13
918 -6
919 -14
920 -13
921 -13
922 -6
923 -13
924 -8
925 -13
926 -6
927 -6
928 -6
929 -13
930 -9
931 -6
932 -13
933 -9
934 -13
935 -8
936 -9
937 -13
938 -8
939 -13
940 -8
941 -6
942 -6
943 -9
944 -13
945 -13
946 -14
947 -6
948 -6
949 -14
950 -9
951 -10
952 -14
953 -13
954 -13
955 -8
956 -6
957 -13
958 -8
959 -13
960 -6
961 -6
962 -6
963 -13
964 -8
965 -13
966 -9
967 -14
968 -8
969 -15
970 -14
971 -8
972 -8
973 -9
974 -13
975 -6
976 -9
977 -6
978 -9
979 -14
980 -14
981 -14
982 -13
983 -13
984 -8
985 -18
986 -6
987 -14
988 -13
989 -13
990 -14
991 -13
992 -9
993 -13
994 -6
995 -8
996 -8
997 -14
998 -13
999 -6
