0 -9
1 -6
2 -23
3 -39
4 -9
5 -47
6 -6
7 -14
8 -6
9 -7
10 -9
11 -6
12 -42
13 -11
14 -57
15 -52
16 -37
17 -11
18 -14
19 -40
20 -14
21 -19
22 -24
23 -6
24 -6
25 -52
26 -7
27 -39
28 -6
29 -6
30 -6
31 -6
32 -6
33 -6
34 -62
35 -39
36 -6
37 -42
38 -44
39 -67
40 -42
41 -14
42 -6
43 -14
44 -7
45 -15
46 -11
47 -14
48 -6
49 -47
50 -6
51 -14
52 -28
53 -7
54 -9
55 -7
56 -7
57 -39
58 -8
59 -15
60 -6
61 -6
62 -59
63 -18
64 -6
65 -6
66 -26
67 -52
68 -7
69 -37
70 -6
71 -11
72 -47
73 -6
74 -34
75 -42
76 -6
77 -6
78 -47
79 -14
80 -37
81 -45
82 -8
83 -6
84 -47
85 -6
86 -10
87 -11
88 -7
89 -10
90 -57
91 -14
92 -44
93 -42
94 -6
95 -50
96 -35
97 -52
98 -9
99 -6
100 -44
101 -32
102 -10
103 -54
104 -8
105 -19
106 -6
107 -49
108 -6
109 -24
110 -20
111 -6
112 -42
113 -10
114 -18
115 -8
116 -7
117 -6
118 -15
119 -35
120 -9
121 -11
122 -6
123 -40
124 -20
125 -6
126 -19
127 -10
128 -39
129 -44
130 -9
131 -6
132 -6
133 -8
134 -6
135 -9
136 -37
137 -6
138 -51
139 -32
140 -47
141 -8
142 -6
143 -16
144 -36
145 -6
146 -8
147 -11
148 -26
149 -57
150 -8
151 -6
152 -7
153 -14
154 -34
155 -9
156 -37
157 -6
158 -62
159 -10
160 -10
161 -9
162 -35
163 -10
164 -20
165 -8
166 -37
167 -10
168 -9
169 -17
170 -6
171 -6
172 -8
173 -52
174 -57
175 -18
176 -6
177 -10
178 -37
179 -15
180 -9
181 -29
182 -16
183 -14
184 -6
185 -6
186 -6
187 -6
188 -6
189 -7
190 -14
191 -8
192 -37
193 -15
194 -6
195 -47
196 -11
197 -8
198 -6
199 -14
200 -72
201 -14
202 -8
203 -52
204 -8
205 -8
206 -14
207 -8
208 -7
209 -14
210 -25
211 -11
212 -44
213 -6
214 -6
215 -16
216 -44
217 -10
218 -7
219 -6
220 -24
221 -11
222 -12
223 -6
224 -7
225 -10
226 -6
227 -10
228 -16
229 -7
230 -10
231 -6
232 -10
233 -7
234 -19
235 -6
236 -8
237 -10
238 -44
239 -8
240 -52
241 -29
242 -9
243 -14
244 -13
245 -6
246 -10
247 -6
248 -6
249 -26
250 -15
251 -11
252 -10
253 -6
254 -7
255 -19
256 -6
257 -23
258 -7
259 -15
260 -42
261 -6
262 -6
263 -6
264 -6
265 -17
266 -9
267 -10
268 -12
269 -6
270 -30
271 -9
272 -45
273 -8
274 -30
275 -8
276 -10
277 -9
278 -19
279 -7
280 -29
281 -6
282 -9
283 -57
284 -15
285 -12
286 -32
287 -7
288 -6
289 -15
290 -57
291 -19
292 -47
293 -11
294 -12
295 -32
296 -10
297 -7
298 -47
299 -10
300 -10
301 -6
302 -18
303 -57
304 -6
305 -6
306 -37
307 -6
308 -9
309 -24
310 -21
311 -34
312 -6
313 -47
314 -40
315 -14
316 -14
317 -10
318 -15
319 -39
320 -10
321 -6
322 -10
323 -6
324 -6
325 -34
326 -62
327 -10
328 -16
329 -13
330 -15
331 -19
332 -6
333 -34
334 -6
335 -7
336 -23
337 -24
338 -42
339 -8
340 -8
341 -35
342 -54
343 -8
344 -17
345 -6
346 -24
347 -6
348 -9
349 -15
350 -6
351 -6
352 -14
353 -6
354 -10
355 -7
356 -11
357 -10
358 -6
359 -8
360 -16
361 -14
362 -6
363 -40
364 -72
365 -49
366 -6
367 -29
368 -6
369 -6
370 -47
371 -9
372 -42
373 -10
374 -44
375 -52
376 -19
377 -11
378 -6
379 -62
380 -11
381 -10
382 -9
383 -39
384 -34
385 -19
386 -37
387 -12
388 -49
389 -6
390 -19
391 -6
392 -11
393 -10
394 -17
395 -11
396 -52
397 -6
398 -6
399 -44
400 -7
401 -40
402 -6
403 -37
404 -39
405 -15
406 -67
407 -47
408 -6
409 -57
410 -29
411 -8
412 -6
413 -52
414 -12
415 -7
416 -9
417 -6
418 -29
419 -7
420 -34
421 -15
422 -6
423 -25
424 -47
425 -6
426 -17
427 -57
428 -7
429 -39
430 -21
431 -14
432 -11
433 -13
434 -6
435 -8
436 -14
437 -39
438 -42
439 -9
440 -7
441 -8
442 -47
443 -40
444 -34
445 -47
446 -10
447 -10
448 -7
449 -14
450 -17
451 -14
452 -14
453 -11
454 -30
455 -14
456 -10
457 -42
458 -44
459 -34
460 -34
461 -16
462 -44
463 -24
464 -15
465 -45
466 -44
467 -15
468 -8
469 -6
470 -9
471 -9
472 -10
473 -12
474 -9
475 -9
476 -57
477 -42
478 -52
479 -11
480 -9
481 -34
482 -12
483 -10
484 -6
485 -49
486 -7
487 -7
488 -9
489 -11
490 -6
491 -15
492 -40
493 -39
494 -42
495 -6
496 -52
497 -42
498 -52
499 -49
500 -8
501 -35
502 -6
503 -6
504 -7
505 -6
506 -11
507 -17
508 -6
509 -7
510 -7
511 -6
512 -29
513 -6
514 -12
515 -12
516 -10
517 -6
518 -9
519 -10
520 -24
521 -18
522 -11
523 -19
524 -6
525 -14
526 -7
527 -29
528 -6
529 -39
530 -19
531 -19
532 -9
533 -52
534 -19
535 -14
536 -39
537 -12
538 -31
539 -9
540 -32
541 -6
542 -40
543 -6
544 -10
545 -14
546 -37
547 -10
548 -10
549 -14
550 -6
551 -9
552 -12
553 -22
554 -6
555 -6
556 -8
557 -15
558 -10
559 -25
560 -6
561 -6
562 -10
563 -11
564 -52
565 -16
566 -6
567 -7
568 -52
569 -14
570 -6
571 -19
572 -39
573 -42
574 -15
575 -11
576 -49
577 -44
578 -10
579 -6
580 -42
581 -8
582 -7
583 -49
584 -6
585 -9
586 -47
587 -10
588 -6
589 -15
590 -42
591 -6
592 -6
593 -16
594 -7
595 -47
596 -12
597 -6
598 -29
599 -6
600 -52
601 -24
602 -6
603 -6
604 -8
605 -10
606 -10
607 -39
608 -37
609 -7
610 -42
611 -37
612 -10
613 -32
614 -6
615 -34
616 -52
617 -20
618 -6
619 -6
620 -10
621 -9
622 -6
623 -22
624 -11
625 -6
626 -7
627 -6
628 -11
629 -11
630 -6
631 -14
632 -11
633 -6
634 -7
635 -20
636 -6
637 -7
638 -34
639 -18
640 -44
641 -11
642 -57
643 -6
644 -10
645 -7
646 -10
647 -18
648 -47
649 -59
650 -6
651 -10
652 -16
653 -8
654 -6
655 -11
656 -14
657 -7
658 -8
659 -8
660 -11
661 -47
662 -44
663 -29
664 -47
665 -44
666 -29
667 -6
668 -9
669 -6
670 -52
671 -13
672 -6
673 -6
674 -34
675 -46
676 -6
677 -24
678 -6
679 -49
680 -29
681 -42
682 -52
683 -9
684 -9
685 -10
686 -18
687 -47
688 -8
689 -42
690 -14
691 -47
692 -10
693 -47
694 -7
695 -29
696 -6
697 -11
698 -20
699 -52
700 -6
701 -6
702 -16
703 -17
704 -10
705 -6
706 -10
707 -13
708 -6
709 -9
710 -6
711 -49
712 -10
713 -47
714 -11
715 -6
716 -15
717 -12
718 -54
719 -14
720 -6
721 -10
722 -14
723 -24
724 -20
725 -21
726 -23
727 -52
728 -34
729 -8
730 -13
731 -6
732 -24
733 -10
734 -14
735 -42
736 -7
737 -6
738 -10
739 -14
740 -6
741 -6
742 -6
743 -15
744 -10
745 -15
746 -24
747 -34
748 -39
749 -31
750 -6
751 -11
752 -42
753 -39
754 -37
755 -8
756 -52
757 -52
758 -14
759 -39
760 -10
761 -6
762 -6
763 -44
764 -12
765 -8
766 -11
767 -52
768 -42
769 -11
770 -6
771 -67
772 -15
773 -42
774 -6
775 -18
776 -6
777 -12
778 -15
779 -45
780 -54
781 -47
782 -42
783 -49
784 -15
785 -52
786 -14
787 -6
788 -40
789 -14
790 -7
791 -6
792 -6
793 -19
794 -39
795 -9
796 -34
797 -6
798 -29
799 -54
800 -6
801 -14
802 -6
803 -52
804 -7
805 -34
806 -34
807 -47
808 -8
809 -52
810 -6
811 -37
812 -6
813 -6
814 -15
815 -10
816 -6
817 -39
818 -6
819 -11
820 -6
821 -24
822 -42
823 -8
824 -11
825 -10
826 -6
827 -10
828 -6
829 -10
830 -7
831 -8
832 -10
833 -16
834 -39
835 -7
836 -7
837 -20
838 -7
839 -45
840 -9
841 -11
842 -42
843 -15
844 -15
845 -35
846 -6
847 -20
848 -6
849 -6
850 -16
851 -6
852 -9
853 -6
854 -20
855 -6
856 -42
857 -6
858 -6
859 -47
860 -11
861 -29
862 -59
863 -10
864 -6
865 -24
866 -24
867 -6
868 -14
869 -47
870 -9
871 -6
872 -25
873 -22
874 -29
875 -12
876 -10
877 -34
878 -9
879 -10
880 -8
881 -9
882 -19
883 -7
884 -6
885 -39
886 -29
887 -6
888 -44
889 -10
890 -6
891 -19
892 -42
893 -47
894 -19
895 -11
896 -6
897 -18
898 -14
899 -6
900 -47
901 -18
902 -6
903 -7
904 -42
905 -10
906 -57
907 -40
908 -37
909 -10
910 -8
911 -10
912 -6
913 -37
914 -6
915 -10
916 -8
917 -19
918 -23
919 -10
920 -6
921 -37
922 -37
923 -11
924 -6
925 -6
926 -49
927 -9
928 -6
929 -7
930 -12
931 -49
932 -8
933 -6
934 -6
935 -10
936 -15
937 -44
938 -6
939 -9
940 -57
941 -19
942 -29
943 -10
944 -12
945 -7
946 -29
947 -42
948 -23
949 -6
950 -7
951 -18
952 -6
953 -8
954 -12
955 -7
956 -15
957 -17
958 -6
959 -35
960 -15
961 -10
962 -6
963 -6
964 -6
965 -6
966 -9
967 -6
968 -20
969 -40
970 -64
971 -39
972 -42
973 -54
974 -44
975 -52
976 -47
977 -6
978 -6
979 -37
980 -8
981 -7
982 -6
983 -30
984 -51
985 -42
986 -25
987 -6
988 -14
989 -11
990 -49
991 -15
992 -19
993 -29
994 -14
995 -6
996 -20
997 -37
998 -6
999 -6
