0 -13
1 -8
2 -8
3 -13
4 -7
5 -13
6 -15
7 -13
8 -6
9 -13
10 -18
11 -6
12 -14
13 -13
14 -6
15 -7
16 -8
17 -6
18 -6
19 -6
20 -13
21 -6
22 -13
23 -6
24 -13
25 -13
26 -6
27 -13
28 -6
29 -14
30 -6
31 -6
32 -6
33 -13
34 -8
35 -6
36 -6
37 -13
38 -13
39 -6
40 -6
41 -6
42 -13
43 -13
44 -22
45 -8
46 -6
47 -18
48 -8
49 -13
50 -14
51 -6
52 -6
53 -8
54 -8
55 -6
56 -6
57 -13
58 -6
59 -6
60 -6
61 -6
62 -6
63 -14
64 -13
65 -6
66 -8
67 -14
68 -8
69 -6
70 -6
71 -17
72 -6
73 -13
74 -8
75 -13
76 -14
77 -14
78 -14
79 -13
80 -8
81 -6
82 -8
83 -6
84 -8
85 -6
86 -6
87 -8
88 -6
89 -14
90 -13
91 -6
92 -13
93 -8
94 -8
95 -13
96 -14
97 -6
98 -6
99 -12
100 -6
101 -14
102 -6
103 -13
104 -6
105 -13
106 -13
107 -13
108 -13
109 -13
110 -13
111 -6
112 -14
113 -6
114 -6
115 -6
116 -6
117 -14
118 -6
119 -13
120 -6
121 -14
122 -6
123 -6
124 -6
125 -13
126 -6
127 -6
128 -8
129 -8
130 -14
131 -13
132 -6
133 -8
134 -13
135 -6
136 -13
137 -6
138 -6
139 -13
140 -14
141 -6
142 -8
143 -13
144 -13
145 -13
146 -14
147 -6
148 -8
149 -8
150 -14
151 -14
152 -13
153 -6
154 -6
155 -6
156 -6
157 -13
158 -13
159 -6
160 -6
161 -14
162 -8
163 -6
164 -20
165 -6
166 -8
167 -14
168 -6
169 -14
170 -13
171 -6
172 -6
173 -13
174 -6
175 -13
176 -6
177 -17
178 -6
179 -6
180 -6
181 -13
182 -14
183 -13
184 -6
185 -6
186 -13
187 -14
188 -8
189 -6
190 -13
191 -14
192 -8
193 -6
194 -18
195 -8
196 -13
197 -6
198 -13
199 -13
200 -8
201 -13
202 -6
203 -12
204 -14
205 -6
206 -8
207 -6
208 -6
209 -14
210 -6
211 -14
212 -6
213 -6
214 -6
215 -6
216 -13
217 -6
218 -13
219 -10
220 -6
221 -6
222 -6
223 -6
224 -18
225 -8
226 -15
227 -6
228 -6
229 -6
230 -6
231 -9
232 -6
233 -8
234 -6
235 -13
236 -13
237 -8
238 -13
239 -13
240 -15
241 -10
242 -6
243 -6
244 -6
245 -6
246 -13
247 -6
248 -6
249 -6
250 -6
251 -13
252 -11
253 -6
254 -6
255 -6
256 -14
257 -13
258 -13
259 -14
260 -9
261 -14
262 -6
263 -14
264 -6
265 -13
266 -6
267 -6
268 -14
269 -13
270 -6
271 -6
272 -6
273 -23
274 -8
275 -6
276 -6
277 -6
278 -14
279 -13
280 -6
281 -8
282 -6
283 -8
284 -13
285 -8
286 -14
287 -13
288 -8
289 -13
290 -13
291 -6
292 -13
293 -14
294 -6
295 -8
296 -13
297 -13
298 -8
299 -6
300 -13
301 -8
302 -6
303 -13
304 -8
305 -6
306 -6
307 -13
308 -6
309 -13
310 -13
311 -8
312 -6
313 -6
314 -13
315 -6
316 -14
317 -8
318 -14
319 -6
320 -13
321 -13
322 -6
323 -14
324 -13
325 -8
326 -14
327 -14
328 -13
329 -6
330 -13
331 -8
332 -14
333 -13
334 -8
335 -6
336 -8
337 -6
338 -8
339 -8
340 -14
341 -6
342 -6
343 -13
344 -13
345 -13
346 -6
347 -6
348 -6
349 -14
350 -13
351 -6
352 -14
353 -13
354 -14
355 -13
356 -6
357 -6
358 -6
359 -6
360 -6
361 -13
362 -6
363 -6
364 -6
365 -14
366 -6
367 -13
368 -14
369 -15
370 -8
371 -13
372 -6
373 -8
374 -13
375 -13
376 -6
377 -6
378 -6
379 -6
380 -13
381 -13
382 -6
383 -14
384 -14
385 -13
386 -13
387 -8
388 -6
389 -8
390 -8
391 -6
392 -13
393 -8
394 -6
395 -13
396 -6
397 -6
398 -23
399 -8
400 -13
401 -6
402 -8
403 -6
404 -6
405 -13
406 -13
407 -6
408 -6
409 -6
410 -6
411 -8
412 -8
413 -13
414 -14
415 -14
416 -8
417 -6
418 -6
419 -8
420 -6
421 -6
422 -6
423 -6
424 -14
425 -6
426 -8
427 -14
428 -13
429 -6
430 -8
431 -6
432 -6
433 -8
434 -6
435 -14
436 -6
437 -13
438 -6
439 -14
440 -14
441 -13
442 -13
443 -13
444 -6
445 -6
446 -6
447 -6
448 -13
449 -6
450 -13
451 -6
452 -13
453 -13
454 -6
455 -13
456 -12
457 -13
458 -13
459 -13
460 -13
461 -14
462 -14
463 -13
464 -14
465 -6
466 -6
467 -14
468 -6
469 -25
470 -14
471 -14
472 -13
473 -8
474 -6
475 -6
476 -8
477 -6
478 -6
479 -6
480 -6
481 -6
482 -6
483 -6
484 -13
485 -6
486 -6
487 -13
488 -14
489 -13
490 -6
491 -14
492 -14
493 -6
494 -6
495 -14
496 -6
497 -8
498 -6
499 -6
500 -6
501 -13
502 -13
503 -13
504 -6
505 -13
506 -14
507 -14
508 -8
509 -8
510 -6
511 -6
512 -6
513 -8
514 -11
515 -6
516 -13
517 -8
518 -14
519 -14
520 -13
521 -14
522 -14
523 -13
524 -8
525 -13
526 -8
527 -6
528 -14
529 -8
530 -13
531 -6
532 -14
533 -13
534 -8
535 -13
536 -13
537 -13
538 -6
539 -14
540 -6
541 -6
542 -14
543 -13
544 -13
545 -13
546 -14
547 -13
548 -14
549 -13
550 -13
551 -8
552 -14
553 -8
554 -14
555 -13
556 -6
557 -13
558 -13
559 -6
560 -18
561 -6
562 -7
563 -13
564 -6
565 -6
566 -13
567 -13
568 -6
569 -6
570 -8
571 -14
572 -13
573 -14
574 -6
575 -8
576 -13
577 -14
578 -8
579 -13
580 -13
581 -14
582 -6
583 -6
584 -6
585 -13
586 -14
587 -6
588 -14
589 -6
590 -13
591 -8
592 -8
593 -13
594 -6
595 -14
596 -6
597 -13
598 -8
599 -6
600 -6
601 -13
602 -6
603 -8
604 -6
605 -6
606 -6
607 -13
608 -8
609 -18
610 -13
611 -6
612 -14
613 -6
614 -8
615 -13
616 -6
617 -6
618 -8
619 -13
620 -6
621 -13
622 -6
623 -14
624 -8
625 -14
626 -13
627 -8
628 -13
629 -6
630 -8
631 -13
632 -13
633 -13
634 -6
635 -6
636 -13
637 -13
638 -8
639 -8
640 -10
641 -13
642 -6
643 -14
644 -13
645 -6
646 -8
647 -13
648 -6
649 -6
650 -13
651 -6
652 -14
653 -8
654 -13
655 -6
656 -6
657 -6
658 -6
659 -6
660 -13
661 -13
662 -42
663 -6
664 -13
665 -6
666 -6
667 -14
668 -18
669 -13
670 -13
671 -13
672 -6
673 -6
674 -13
675 -6
676 -13
677 -6
678 -13
679 -8
680 -13
681 -6
682 -13
683 -14
684 -8
685 -8
686 -6
687 -9
688 -6
689 -8
690 -6
691 -6
692 -13
693 -17
694 -13
695 -6
696 -6
697 -12
698 -6
699 -6
700 -13
701 -6
702 -13
703 -6
704 -6
705 -15
706 -14
707 -6
708 -8
709 -6
710 -6
711 -13
712 -6
713 -6
714 -6
715 -13
716 -6
717 -8
718 -13
719 -6
720 -14
721 -6
722 -6
723 -14
724 -35
725 -8
726 -6
727 -6
728 -13
729 -6
730 -6
731 -6
732 -14
733 -8
734 -14
735 -14
736 -14
737 -14
738 -13
739 -13
740 -14
741 -13
742 -6
743 -13
744 -6
745 -13
746 -13
747 -6
748 -13
749 -13
750 -13
751 -8
752 -6
753 -6
754 -6
755 -6
756 -6
757 -6
758 -14
759 -6
760 -8
761 -14
762 -8
763 -39
764 -13
765 -6
766 -13
767 -6
768 -13
769 -6
770 -8
771 -7
772 -6
773 -6
774 -6
775 -8
776 -13
777 -13
778 -13
779 -13
780 -14
781 -13
782 -6
783 -6
784 -6
785 -13
786 -13
787 -6
788 -6
789 -6
790 -6
791 -13
792 -13
793 -6
794 -14
795 -8
796 -6
797 -19
798 -6
799 -8
800 -6
801 -6
802 -8
803 -34
804 -6
805 -14
806 -8
807 -6
808 -14
809 -6
810 -6
811 -6
812 -14
813 -6
814 -13
815 -11
816 -8
817 -13
818 -14
819 -13
820 -8
821 -13
822 -6
823 -13
824 -14
825 -6
826 -8
827 -6
828 -14
829 -13
830 -6
831 -14
832 -13
833 -6
834 -13
835 -13
836 -8
837 -14
838 -13
839 -14
840 -6
841 -14
842 -8
843 -8
844 -8
845 -8
846 -8
847 -6
848 -6
849 -13
850 -6
851 -6
852 -13
853 -6
854 -13
855 -6
856 -6
857 -8
858 -6
859 -14
860 -8
861 -6
862 -13
863 -6
864 -6
865 -14
866 -6
867 -6
868 -6
869 -13
870 -13
871 -8
872 -6
873 -6
874 -13
875 -6
876 -6
877 -6
878 -6
879 -13
880 -6
881 -6
882 -6
883 -14
884 -13
885 -13
886 -6
887 -6
888 -13
889 -13
890 -6
891 -13
892 -14
893 -6
894 -14
895 -6
896 -13
897 -14
898 -6
899 -8
900 -13
901 -14
902 -6
903 -8
904 -13
905 -14
906 -6
907 -6
908 -13
909 -6
910 -13
911 -8
912 -6
913 -14
914 -13
915 -6
916 -13
917 -13
918 -6
919 -14
920 -6
921 -6
922 -6
923 -6
924 -6
925 -14
926 -6
927 -10
928 -6
929 -6
930 -8
931 -6
932 -8
933 -6
934 -14
935 -8
936 -13
937 -6
938 -6
939 -6
940 -8
941 -8
942 -8
943 -8
944 -14
945 -8
946 -6
947 -14
948 -8
949 -13
950 -6
951 -13
952 -8
953 -6
954 -13
955 -6
956 -13
957 -13
958 -6
959 -13
960 -6
961 -6
962 -6
963 -6
964 -6
965 -13
966 -13
967 -6
968 -6
969 -6
970 -13
971 -8
972 -8
973 -8
974 -6
975 -6
976 -6
977 -13
978 -6
979 -14
980 -6
981 -8
982 -13
983 -8
984 -14
985 -13
986 -6
987 -6
988 -6
989 -13
990 -17
991 -8
992 -6
993 -6
994 -13
995 -6
996 -17
997 -13
998 -8
999 -6
