0 -11
1 -14
2 -6
3 -14
4 -6
5 -13
6 -11
7 -14
8 -11
9 -6
10 -13
11 -6
12 -8
13 -14
14 -14
15 -17
16 -6
17 -6
18 -13
19 -13
20 -13
21 -14
22 -13
23 -6
24 -6
25 -13
26 -11
27 -6
28 -14
29 -14
30 -6
31 -14
32 -13
33 -6
34 -6
35 -6
36 -6
37 -6
38 -13
39 -14
40 -13
41 -14
42 -13
43 -6
44 -6
45 -6
46 -6
47 -6
48 -6
49 -18
50 -6
51 -6
52 -6
53 -14
54 -11
55 -13
56 -13
57 -6
58 -6
59 -6
60 -6
61 -13
62 -6
63 -11
64 -6
65 -13
66 -6
67 -7
68 -13
69 -11
70 -6
71 -6
72 -14
73 -13
74 -13
75 -14
76 -13
77 -6
78 -11
79 -13
80 -13
81 -6
82 -14
83 -6
84 -14
85 -6
86 -6
87 -13
88 -6
89 -13
90 -6
91 -6
92 -6
93 -13
94 -14
95 -6
96 -14
97 -14
98 -14
99 -14
100 -14
101 -11
102 -11
103 -6
104 -13
105 -13
106 -14
107 -6
108 -13
109 -6
110 -13
111 -13
112 -13
113 -6
114 -7
115 -11
116 -6
117 -6
118 -6
119 -6
120 -6
121 -14
122 -14
123 -6
124 -6
125 -11
126 -13
127 -11
128 -13
129 -11
130 -11
131 -6
132 -14
133 -6
134 -6
135 -14
136 -6
137 -14
138 -14
139 -6
140 -6
141 -18
142 -13
143 -11
144 -6
145 -14
146 -11
147 -13
148 -24
149 -6
150 -13
151 -13
152 -13
153 -6
154 -14
155 -11
156 -14
157 -13
158 -14
159 -19
160 -13
161 -6
162 -11
163 -14
164 -14
165 -13
166 -6
167 -14
168 -13
169 -6
170 -6
171 -13
172 -13
173 -6
174 -11
175 -13
176 -11
177 -16
178 -14
179 -13
180 -6
181 -6
182 -6
183 -18
184 -14
185 -13
186 -6
187 -6
188 -13
189 -11
190 -14
191 -13
192 -6
193 -6
194 -6
195 -14
196 -13
197 -6
198 -19
199 -14
200 -11
201 -6
202 -11
203 -6
204 -6
205 -13
206 -6
207 -13
208 -13
209 -6
210 -13
211 -10
212 -13
213 -6
214 -18
215 -13
216 -6
217 -6
218 -13
219 -11
220 -13
221 -6
222 -6
223 -13
224 -11
225 -13
226 -6
227 -13
228 -13
229 -6
230 -13
231 -17
232 -6
233 -14
234 -13
235 -13
236 -14
237 -11
238 -13
239 -13
240 -13
241 -7
242 -13
243 -6
244 -6
245 -6
246 -13
247 -6
248 -6
249 -6
250 -6
251 -6
252 -14
253 -6
254 -6
255 -6
256 -13
257 -13
258 -6
259 -13
260 -11
261 -18
262 -6
263 -13
264 -6
265 -6
266 -6
267 -13
268 -13
269 -6
270 -13
271 -13
272 -6
273 -22
274 -6
275 -6
276 -14
277 -6
278 -13
279 -6
280 -13
281 -14
282 -17
283 -13
284 -11
285 -6
286 -6
287 -6
288 -6
289 -13
290 -11
291 -6
292 -18
293 -6
294 -13
295 -13
296 -6
297 -6
298 -11
299 -6
300 -6
301 -14
302 -11
303 -6
304 -6
305 -14
306 -14
307 -6
308 -11
309 -13
310 -6
311 -6
312 -14
313 -6
314 -11
315 -14
316 -14
317 -11
318 -11
319 -11
320 -13
321 -13
322 -6
323 -6
324 -6
325 -13
326 -13
327 -6
328 -12
329 -6
330 -13
331 -13
332 -6
333 -14
334 -6
335 -11
336 -14
337 -13
338 -6
339 -14
340 -11
341 -13
342 -6
343 -6
344 -6
345 -14
346 -11
347 -13
348 -13
349 -13
350 -13
351 -13
352 -13
353 -14
354 -6
355 -6
356 -6
357 -6
358 -13
359 -14
360 -19
361 -18
362 -32
363 -11
364 -13
365 -13
366 -6
367 -6
368 -6
369 -15
370 -13
371 -13
372 -11
373 -11
374 -13
375 -13
376 -13
377 -6
378 -13
379 -14
380 -13
381 -6
382 -11
383 -13
384 -6
385 -6
386 -6
387 -11
388 -11
389 -14
390 -6
391 -6
392 -13
393 -11
394 -6
395 -13
396 -17
397 -13
398 -14
399 -13
400 -13
401 -13
402 -14
403 -13
404 -14
405 -6
406 -6
407 -6
408 -6
409 -6
410 -13
411 -6
412 -11
413 -6
414 -13
415 -6
416 -6
417 -6
418 -6
419 -13
420 -14
421 -6
422 -14
423 -6
424 -6
425 -6
426 -6
427 -13
428 -14
429 -6
430 -11
431 -6
432 -13
433 -14
434 -6
435 -6
436 -6
437 -6
438 -6
439 -6
440 -14
441 -17
442 -14
443 -14
444 -13
445 -6
446 -13
447 -14
448 -13
449 -6
450 -11
451 -11
452 -14
453 -6
454 -6
455 -6
456 -6
457 -14
458 -14
459 -13
460 -14
461 -11
462 -13
463 -14
464 -13
465 -13
466 -14
467 -13
468 -13
469 -6
470 -13
471 -13
472 -14
473 -18
474 -6
475 -13
476 -6
477 -6
478 -6
479 -13
480 -6
481 -6
482 -14
483 -13
484 -13
485 -14
486 -13
487 -13
488 -13
489 -14
490 -6
491 -13
492 -14
493 -13
494 -11
495 -6
496 -11
497 -6
498 -13
499 -11
500 -13
501 -11
502 -14
503 -11
504 -14
505 -13
506 -11
507 -6
508 -6
509 -14
510 -6
511 -6
512 -6
513 -14
514 -13
515 -11
516 -6
517 -14
518 -11
519 -6
520 -13
521 -6
522 -13
523 -6
524 -6
525 -6
526 -6
527 -6
528 -11
529 -6
530 -6
531 -14
532 -6
533 -6
534 -11
535 -6
536 -13
537 -14
538 -11
539 -11
540 -6
541 -14
542 -6
543 -6
544 -6
545 -14
546 -13
547 -13
548 -11
549 -13
550 -11
551 -11
552 -13
553 -6
554 -14
555 -6
556 -13
557 -14
558 -6
559 -6
560 -6
561 -11
562 -14
563 -6
564 -6
565 -11
566 -13
567 -14
568 -13
569 -14
570 -14
571 -11
572 -13
573 -13
574 -6
575 -14
576 -6
577 -6
578 -6
579 -6
580 -11
581 -6
582 -11
583 -11
584 -6
585 -13
586 -13
587 -6
588 -13
589 -6
590 -13
591 -13
592 -14
593 -6
594 -6
595 -14
596 -14
597 -13
598 -6
599 -11
600 -14
601 -6
602 -13
603 -13
604 -13
605 -13
606 -6
607 -6
608 -6
609 -14
610 -13
611 -14
612 -6
613 -13
614 -14
615 -6
616 -6
617 -6
618 -6
619 -13
620 -14
621 -14
622 -6
623 -13
624 -6
625 -6
626 -6
627 -6
628 -6
629 -6
630 -11
631 -14
632 -13
633 -6
634 -6
635 -6
636 -6
637 -6
638 -6
639 -13
640 -13
641 -6
642 -14
643 -6
644 -14
645 -6
646 -13
647 -14
648 -13
649 -6
650 -6
651 -13
652 -6
653 -6
654 -6
655 -6
656 -6
657 -11
658 -6
659 -6
660 -14
661 -18
662 -13
663 -11
664 -14
665 -6
666 -14
667 -11
668 -6
669 -11
670 -14
671 -6
672 -14
673 -6
674 -13
675 -6
676 -13
677 -13
678 -13
679 -6
680 -6
681 -14
682 -6
683 -13
684 -6
685 -6
686 -6
687 -13
688 -6
689 -6
690 -6
691 -13
692 -11
693 -6
694 -13
695 -13
696 -6
697 -11
698 -11
699 -13
700 -14
701 -14
702 -6
703 -14
704 -13
705 -13
706 -14
707 -11
708 -13
709 -9
710 -6
711 -6
712 -6
713 -14
714 -11
715 -11
716 -14
717 -14
718 -11
719 -6
720 -13
721 -6
722 -11
723 -14
724 -6
725 -13
726 -13
727 -6
728 -6
729 -6
730 -14
731 -6
732 -6
733 -6
734 -13
735 -13
736 -6
737 -10
738 -6
739 -6
740 -6
741 -6
742 -13
743 -14
744 -13
745 -6
746 -14
747 -11
748 -6
749 -11
750 -6
751 -6
752 -13
753 -11
754 -13
755 -14
756 -6
757 -6
758 -14
759 -6
760 -6
761 -13
762 -14
763 -13
764 -14
765 -11
766 -6
767 -13
768 -6
769 -13
770 -14
771 -12
772 -6
773 -14
774 -6
775 -11
776 -6
777 -11
778 -6
779 -6
780 -14
781 -6
782 -6
783 -6
784 -14
785 -6
786 -6
787 -14
788 -14
789 -6
790 -6
791 -13
792 -13
793 -6
794 -13
795 -6
796 -6
797 -14
798 -6
799 -6
800 -11
801 -6
802 -14
803 -8
804 -14
805 -13
806 -6
807 -6
808 -13
809 -6
810 -6
811 -6
812 -14
813 -14
814 -9
815 -13
816 -7
817 -6
818 -6
819 -11
820 -11
821 -14
822 -13
823 -13
824 -6
825 -6
826 -9
827 -11
828 -13
829 -14
830 -6
831 -6
832 -13
833 -13
834 -6
835 -11
836 -6
837 -18
838 -6
839 -12
840 -6
841 -14
842 -14
843 -6
844 -13
845 -14
846 -14
847 -6
848 -27
849 -13
850 -6
851 -6
852 -6
853 -6
854 -11
855 -13
856 -6
857 -13
858 -6
859 -14
860 -13
861 -6
862 -13
863 -6
864 -6
865 -14
866 -14
867 -6
868 -13
869 -13
870 -9
871 -6
872 -6
873 -14
874 -11
875 -6
876 -6
877 -6
878 -6
879 -11
880 -13
881 -6
882 -11
883 -13
884 -11
885 -6
886 -6
887 -11
888 -11
889 -6
890 -6
891 -6
892 -6
893 -14
894 -6
895 -6
896 -6
897 -6
898 -6
899 -6
900 -11
901 -6
902 -11
903 -13
904 -6
905 -10
906 -14
907 -6
908 -6
909 -11
910 -13
911 -13
912 -13
913 -11
914 -13
915 -6
916 -6
917 -10
918 -6
919 -14
920 -14
921 -6
922 -6
923 -6
924 -6
925 -6
926 -13
927 -14
928 -6
929 -6
930 -11
931 -6
932 -23
933 -13
934 -6
935 -6
936 -6
937 -14
938 -6
939 -14
940 -14
941 -14
942 -6
943 -6
944 -6
945 -6
946 -13
947 -13
948 -13
949 -13
950 -6
951 -14
952 -6
953 -6
954 -12
955 -6
956 -13
957 -13
958 -6
959 -14
960 -13
961 -6
962 -13
963 -13
964 -6
965 -6
966 -14
967 -14
968 -6
969 -13
970 -6
971 -6
972 -11
973 -14
974 -6
975 -14
976 -6
977 -6
978 -6
979 -6
980 -13
981 -14
982 -13
983 -13
984 -11
985 -13
986 -13
987 -13
988 -14
989 -11
990 -11
991 -6
992 -13
993 -6
994 -13
995 -6
996 -11
997 -6
998 -13
999 -6
