0 -7
1 -13
2 -7
3 -6
4 -6
5 -6
6 -6
7 -13
8 -13
9 -6
10 -13
11 -6
12 -7
13 -7
14 -6
15 -6
16 -14
17 -6
18 -13
19 -6
20 -8
21 -13
22 -8
23 -8
24 -14
25 -6
26 -14
27 -13
28 -13
29 -6
30 -8
31 -14
32 -8
33 -13
34 -19
35 -14
36 -13
37 -14
38 -7
39 -6
40 -13
41 -8
42 -6
43 -13
44 -7
45 -8
46 -6
47 -10
48 -14
49 -6
50 -8
51 -13
52 -7
53 -6
54 -6
55 -8
56 -7
57 -14
58 -13
59 -13
60 -7
61 -7
62 -7
63 -8
64 -8
65 -6
66 -13
67 -6
68 -14
69 -14
70 -7
71 -6
72 -6
73 -6
74 -12
75 -6
76 -14
77 -6
78 -6
79 -7
80 -6
81 -13
82 -13
83 -6
84 -7
85 -7
86 -6
87 -13
88 -14
89 -6
90 -6
91 -6
92 -13
93 -13
94 -13
95 -13
96 -14
97 -13
98 -6
99 -6
100 -6
101 -14
102 -7
103 -13
104 -13
105 -13
106 -8
107 -7
108 -8
109 -13
110 -7
111 -6
112 -6
113 -8
114 -6
115 -14
116 -13
117 -13
118 -8
119 -6
120 -6
121 -14
122 -6
123 -12
124 -8
125 -8
126 -6
127 -8
128 -13
129 -7
130 -6
131 -7
132 -14
133 -13
134 -6
135 -6
136 -13
137 -13
138 -14
139 -13
140 -6
141 -13
142 -8
143 -8
144 -6
145 -6
146 -7
147 -6
148 -13
149 -6
150 -6
151 -8
152 -14
153 -13
154 -7
155 -7
156 -13
157 -6
158 -8
159 -13
160 -6
161 -6
162 -13
163 -6
164 -6
165 -6
166 -8
167 -13
168 -7
169 -17
170 -6
171 -13
172 -14
173 -6
174 -7
175 -6
176 -6
177 -6
178 -7
179 -6
180 -6
181 -14
182 -14
183 -6
184 -13
185 -13
186 -8
187 -8
188 -13
189 -6
190 -13
191 -13
192 -14
193 -7
194 -7
195 -13
196 -7
197 -13
198 -7
199 -8
200 -14
201 -8
202 -13
203 -8
204 -8
205 -6
206 -6
207 -8
208 -13
209 -6
210 -13
211 -14
212 -14
213 -14
214 -13
215 -14
216 -6
217 -6
218 -6
219 -13
220 -6
221 -7
222 -13
223 -13
224 -6
225 -6
226 -18
227 -6
228 -6
229 -14
230 -8
231 -6
232 -37
233 -13
234 -13
235 -8
236 -13
237 -6
238 -6
239 -14
240 -13
241 -14
242 -7
243 -13
244 -8
245 -13
246 -14
247 -7
248 -8
249 -8
250 -6
251 -13
252 -14
253 -13
254 -6
255 -6
256 -8
257 -8
258 -13
259 -6
260 -7
261 -13
262 -7
263 -6
264 -7
265 -14
266 -6
267 -13
268 -14
269 -12
270 -14
271 -8
272 -14
273 -13
274 -6
275 -13
276 -6
277 -14
278 -8
279 -6
280 -14
281 -6
282 -13
283 -13
284 -6
285 -13
286 -13
287 -6
288 -6
289 -8
290 -6
291 -7
292 -13
293 -14
294 -6
295 -13
296 -13
297 -14
298 -6
299 -6
300 -6
301 -14
302 -13
303 -7
304 -14
305 -6
306 -13
307 -7
308 -6
309 -13
310 -13
311 -6
312 -13
313 -14
314 -6
315 -13
316 -8
317 -7
318 -8
319 -17
320 -7
321 -14
322 -7
323 -8
324 -13
325 -7
326 -14
327 -7
328 -6
329 -13
330 -13
331 -8
332 -13
333 -8
334 -6
335 -8
336 -8
337 -13
338 -13
339 -6
340 -7
341 -7
342 -13
343 -13
344 -6
345 -7
346 -8
347 -6
348 -14
349 -13
350 -13
351 -6
352 -6
353 -8
354 -13
355 -14
356 -7
357 -6
358 -14
359 -7
360 -6
361 -7
362 -8
363 -14
364 -6
365 -14
366 -6
367 -13
368 -6
369 -13
370 -6
371 -7
372 -14
373 -6
374 -7
375 -8
376 -8
377 -6
378 -7
379 -6
380 -7
381 -13
382 -13
383 -6
384 -13
385 -14
386 -45
387 -8
388 -14
389 -7
390 -14
391 -6
392 -14
393 -13
394 -6
395 -8
396 -8
397 -8
398 -14
399 -7
400 -6
401 -6
402 -6
403 -7
404 -13
405 -18
406 -7
407 -8
408 -6
409 -13
410 -14
411 -8
412 -8
413 -6
414 -13
415 -6
416 -7
417 -6
418 -8
419 -14
420 -14
421 -6
422 -14
423 -14
424 -13
425 -7
426 -13
427 -8
428 -13
429 -6
430 -7
431 -6
432 -8
433 -13
434 -8
435 -13
436 -6
437 -13
438 -7
439 -8
440 -14
441 -6
442 -14
443 -6
444 -7
445 -13
446 -13
447 -18
448 -7
449 -7
450 -14
451 -8
452 -7
453 -8
454 -6
455 -8
456 -8
457 -7
458 -13
459 -6
460 -6
461 -7
462 -13
463 -7
464 -14
465 -13
466 -14
467 -6
468 -8
469 -14
470 -13
471 -14
472 -13
473 -13
474 -14
475 -7
476 -8
477 -14
478 -8
479 -13
480 -8
481 -8
482 -6
483 -14
484 -14
485 -8
486 -18
487 -10
488 -8
489 -14
490 -13
491 -8
492 -8
493 -7
494 -6
495 -23
496 -7
497 -13
498 -6
499 -6
500 -7
501 -7
502 -13
503 -6
504 -7
505 -12
506 -6
507 -6
508 -14
509 -13
510 -12
511 -13
512 -8
513 -14
514 -6
515 -7
516 -8
517 -6
518 -13
519 -8
520 -6
521 -8
522 -14
523 -6
524 -6
525 -6
526 -14
527 -6
528 -13
529 -13
530 -6
531 -6
532 -6
533 -14
534 -13
535 -14
536 -6
537 -7
538 -14
539 -14
540 -6
541 -6
542 -14
543 -13
544 -14
545 -13
546 -8
547 -13
548 -16
549 -7
550 -6
551 -7
552 -13
553 -6
554 -8
555 -8
556 -6
557 -13
558 -13
559 -7
560 -6
561 -6
562 -7
563 -13
564 -13
565 -17
566 -6
567 -15
568 -8
569 -6
570 -8
571 -13
572 -13
573 -13
574 -6
575 -7
576 -14
577 -13
578 -13
579 -6
580 -14
581 -14
582 -6
583 -13
584 -7
585 -13
586 -6
587 -7
588 -13
589 -8
590 -13
591 -6
592 -9
593 -6
594 -13
595 -8
596 -7
597 -8
598 -7
599 -8
600 -14
601 -13
602 -13
603 -13
604 -13
605 -11
606 -13
607 -7
608 -6
609 -6
610 -13
611 -13
612 -7
613 -13
614 -13
615 -6
616 -23
617 -6
618 -6
619 -7
620 -6
621 -8
622 -14
623 -6
624 -7
625 -13
626 -8
627 -7
628 -8
629 -14
630 -14
631 -6
632 -15
633 -7
634 -6
635 -8
636 -8
637 -13
638 -6
639 -6
640 -13
641 -6
642 -6
643 -14
644 -6
645 -6
646 -14
647 -13
648 -13
649 -8
650 -6
651 -7
652 -13
653 -6
654 -13
655 -17
656 -13
657 -6
658 -7
659 -7
660 -7
661 -6
662 -6
663 -6
664 -14
665 -14
666 -6
667 -8
668 -6
669 -6
670 -6
671 -8
672 -7
673 -8
674 -6
675 -8
676 -6
677 -8
678 -14
679 -13
680 -14
681 -8
682 -6
683 -8
684 -14
685 -6
686 -8
687 -7
688 -13
689 -13
690 -8
691 -8
692 -13
693 -6
694 -13
695 -7
696 -6
697 -8
698 -6
699 -6
700 -6
701 -6
702 -14
703 -13
704 -7
705 -13
706 -7
707 -8
708 -14
709 -14
710 -6
711 -6
712 -13
713 -13
714 -14
715 -14
716 -6
717 -7
718 -13
719 -12
720 -8
721 -8
722 -8
723 -13
724 -6
725 -8
726 -7
727 -13
728 -6
729 -13
730 -8
731 -8
732 -6
733 -14
734 -8
735 -14
736 -6
737 -6
738 -6
739 -6
740 -13
741 -23
742 -14
743 -6
744 -6
745 -6
746 -13
747 -6
748 -13
749 -17
750 -14
751 -6
752 -13
753 -6
754 -6
755 -13
756 -7
757 -17
758 -11
759 -14
760 -13
761 -10
762 -13
763 -6
764 -14
765 -13
766 -7
767 -13
768 -13
769 -13
770 -6
771 -13
772 -13
773 -6
774 -14
775 -8
776 -7
777 -6
778 -14
779 -13
780 -13
781 -14
782 -14
783 -7
784 -13
785 -17
786 -13
787 -7
788 -8
789 -13
790 -14
791 -6
792 -13
793 -6
794 -13
795 -13
796 -13
797 -6
798 -13
799 -13
800 -6
801 -13
802 -6
803 -14
804 -13
805 -7
806 -7
807 -8
808 -14
809 -14
810 -13
811 -6
812 -6
813 -7
814 -6
815 -13
816 -14
817 -6
818 -7
819 -13
820 -6
821 -8
822 -6
823 -6
824 -7
825 -14
826 -14
827 -13
828 -6
829 -8
830 -13
831 -6
832 -13
833 -13
834 -7
835 -8
836 -6
837 -6
838 -13
839 -6
840 -12
841 -7
842 -13
843 -6
844 -7
845 -14
846 -14
847 -13
848 -14
849 -6
850 -7
851 -13
852 -14
853 -7
854 -14
855 -7
856 -6
857 -7
858 -7
859 -6
860 -8
861 -13
862 -8
863 -7
864 -6
865 -44
866 -6
867 -13
868 -13
869 -8
870 -13
871 -6
872 -13
873 -13
874 -6
875 -7
876 -8
877 -7
878 -6
879 -13
880 -13
881 -14
882 -7
883 -8
884 -6
885 -13
886 -6
887 -14
888 -13
889 -6
890 -6
891 -6
892 -6
893 -6
894 -13
895 -7
896 -7
897 -14
898 -13
899 -6
900 -7
901 -14
902 -6
903 -13
904 -13
905 -7
906 -6
907 -8
908 -13
909 -13
910 -13
911 -14
912 -13
913 -13
914 -13
915 -13
916 -13
917 -6
918 -13
919 -13
920 -14
921 -13
922 -13
923 -6
924 -7
925 -6
926 -14
927 -13
928 -7
929 -8
930 -13
931 -7
932 -7
933 -7
934 -7
935 -8
936 -8
937 -8
938 -8
939 -8
940 -7
941 -7
942 -13
943 -6
944 -13
945 -6
946 -6
947 -7
948 -13
949 -13
950 -8
951 -13
952 -14
953 -8
954 -13
955 -8
956 -6
957 -13
958 -6
959 -24
960 -13
961 -6
962 -13
963 -7
964 -12
965 -14
966 -13
967 -8
968 -6
969 -14
970 -13
971 -7
972 -7
973 -6
974 -13
975 -13
976 -6
977 -7
978 -13
979 -14
980 -6
981 -6
982 -6
983 -13
984 -13
985 -6
986 -8
987 -14
988 -14
989 -14
990 -13
991 -13
992 -8
993 -13
994 -6
995 -13
996 -6
997 -8
998 -13
999 -6
