0 -13
1 -6
2 -6
3 -14
4 -13
5 -7
6 -6
7 -13
8 -10
9 -6
10 -6
11 -10
12 -14
13 -6
14 -6
15 -6
16 -6
17 -6
18 -14
19 -13
20 -6
21 -13
22 -13
23 -13
24 -6
25 -13
26 -10
27 -13
28 -6
29 -10
30 -13
31 -6
32 -6
33 -6
34 -13
35 -14
36 -13
37 -10
38 -6
39 -13
40 -6
41 -13
42 -13
43 -6
44 -13
45 -13
46 -10
47 -13
48 -25
49 -13
50 -14
51 -10
52 -14
53 -6
54 -21
55 -13
56 -10
57 -6
58 -6
59 -10
60 -6
61 -18
62 -6
63 -13
64 -13
65 -14
66 -6
67 -6
68 -6
69 -14
70 -10
71 -6
72 -13
73 -10
74 -36
75 -13
76 -6
77 -14
78 -10
79 -14
80 -14
81 -10
82 -6
83 -6
84 -10
85 -6
86 -14
87 -6
88 -11
89 -13
90 -6
91 -14
92 -6
93 -6
94 -13
95 -10
96 -6
97 -6
98 -6
99 -13
100 -6
101 -6
102 -13
103 -13
104 -10
105 -6
106 -13
107 -14
108 -6
109 -13
110 -6
111 -10
112 -15
113 -6
114 -6
115 -6
116 -6
117 -13
118 -6
119 -13
120 -12
121 -13
122 -10
123 -6
124 -6
125 -13
126 -13
127 -6
128 -13
129 -15
130 -6
131 -6
132 -13
133 -10
134 -14
135 -6
136 -13
137 -14
138 -10
139 -10
140 -13
141 -6
142 -6
143 -10
144 -6
145 -14
146 -6
147 -13
148 -14
149 -6
150 -6
151 -6
152 -14
153 -6
154 -6
155 -12
156 -6
157 -13
158 -6
159 -13
160 -13
161 -13
162 -6
163 -6
164 -14
165 -14
166 -6
167 -14
168 -6
169 -6
170 -6
171 -10
172 -14
173 -14
174 -6
175 -6
176 -14
177 -13
178 -6
179 -6
180 -6
181 -10
182 -13
183 -14
184 -13
185 -13
186 -13
187 -14
188 -6
189 -10
190 -10
191 -10
192 -6
193 -6
194 -6
195 -13
196 -14
197 -13
198 -6
199 -6
200 -6
201 -14
202 -6
203 -13
204 -6
205 -13
206 -15
207 -6
208 -14
209 -13
210 -13
211 -6
212 -6
213 -6
214 -6
215 -6
216 -6
217 -6
218 -13
219 -6
220 -6
221 -13
222 -6
223 -6
224 -6
225 -10
226 -6
227 -6
228 -13
229 -6
230 -13
231 -6
232 -6
233 -14
234 -13
235 -13
236 -13
237 -10
238 -13
239 -6
240 -15
241 -14
242 -6
243 -14
244 -6
245 -14
246 -6
247 -14
248 -13
249 -6
250 -13
251 -14
252 -6
253 -6
254 -13
255 -6
256 -10
257 -13
258 -6
259 -6
260 -6
261 -13
262 -14
263 -13
264 -10
265 -13
266 -6
267 -6
268 -6
269 -10
270 -10
271 -6
272 -8
273 -6
274 -6
275 -13
276 -13
277 -13
278 -13
279 -14
280 -6
281 -10
282 -13
283 -13
284 -17
285 -14
286 -6
287 -6
288 -13
289 -6
290 -13
291 -15
292 -14
293 -6
294 -10
295 -10
296 -35
297 -14
298 -13
299 -6
300 -13
301 -6
302 -6
303 -6
304 -10
305 -13
306 -14
307 -13
308 -17
309 -10
310 -14
311 -13
312 -13
313 -14
314 -14
315 -6
316 -31
317 -10
318 -10
319 -6
320 -6
321 -13
322 -14
323 -10
324 -13
325 -13
326 -13
327 -6
328 -13
329 -13
330 -13
331 -10
332 -6
333 -13
334 -10
335 -13
336 -10
337 -13
338 -13
339 -13
340 -13
341 -17
342 -13
343 -13
344 -6
345 -6
346 -13
347 -10
348 -13
349 -6
350 -13
351 -15
352 -18
353 -6
354 -6
355 -10
356 -6
357 -13
358 -6
359 -6
360 -14
361 -13
362 -14
363 -6
364 -6
365 -13
366 -13
367 -13
368 -14
369 -13
370 -6
371 -6
372 -13
373 -6
374 -6
375 -13
376 -14
377 -10
378 -13
379 -6
380 -6
381 -13
382 -13
383 -10
384 -10
385 -13
386 -6
387 -13
388 -13
389 -6
390 -6
391 -6
392 -6
393 -13
394 -13
395 -6
396 -6
397 -10
398 -14
399 -14
400 -6
401 -10
402 -14
403 -14
404 -14
405 -13
406 -13
407 -13
408 -18
409 -13
410 -10
411 -6
412 -7
413 -10
414 -14
415 -6
416 -13
417 -6
418 -10
419 -6
420 -6
421 -10
422 -6
423 -6
424 -6
425 -13
426 -15
427 -6
428 -6
429 -6
430 -13
431 -6
432 -6
433 -6
434 -6
435 -14
436 -14
437 -14
438 -13
439 -6
440 -6
441 -13
442 -10
443 -13
444 -14
445 -6
446 -14
447 -6
448 -13
449 -13
450 -13
451 -13
452 -10
453 -6
454 -6
455 -10
456 -6
457 -13
458 -13
459 -13
460 -6
461 -6
462 -13
463 -6
464 -13
465 -6
466 -13
467 -13
468 -6
469 -14
470 -14
471 -14
472 -14
473 -13
474 -14
475 -6
476 -6
477 -10
478 -10
479 -6
480 -6
481 -6
482 -14
483 -13
484 -6
485 -6
486 -14
487 -6
488 -6
489 -6
490 -10
491 -10
492 -13
493 -6
494 -14
495 -6
496 -6
497 -6
498 -10
499 -6
500 -13
501 -14
502 -10
503 -14
504 -13
505 -14
506 -14
507 -13
508 -7
509 -6
510 -6
511 -30
512 -13
513 -14
514 -13
515 -7
516 -14
517 -10
518 -13
519 -6
520 -13
521 -6
522 -14
523 -36
524 -10
525 -6
526 -13
527 -14
528 -6
529 -13
530 -10
531 -6
532 -13
533 -13
534 -10
535 -13
536 -10
537 -6
538 -14
539 -6
540 -6
541 -13
542 -13
543 -14
544 -6
545 -14
546 -6
547 -14
548 -6
549 -10
550 -14
551 -6
552 -13
553 -26
554 -13
555 -10
556 -6
557 -13
558 -6
559 -6
560 -10
561 -6
562 -6
563 -6
564 -14
565 -6
566 -6
567 -14
568 -6
569 -13
570 -13
571 -6
572 -13
573 -6
574 -13
575 -10
576 -10
577 -19
578 -10
579 -10
580 -18
581 -14
582 -14
583 -10
584 -6
585 -13
586 -6
587 -13
588 -6
589 -14
590 -18
591 -14
592 -13
593 -6
594 -10
595 -13
596 -14
597 -10
598 -13
599 -14
600 -6
601 -10
602 -6
603 -13
604 -6
605 -6
606 -10
607 -13
608 -6
609 -6
610 -6
611 -6
612 -6
613 -13
614 -6
615 -6
616 -14
617 -10
618 -13
619 -6
620 -6
621 -14
622 -13
623 -10
624 -13
625 -10
626 -13
627 -13
628 -18
629 -44
630 -10
631 -10
632 -6
633 -6
634 -10
635 -10
636 -6
637 -6
638 -13
639 -6
640 -6
641 -6
642 -6
643 -10
644 -17
645 -6
646 -13
647 -13
648 -6
649 -6
650 -6
651 -13
652 -6
653 -6
654 -13
655 -6
656 -6
657 -10
658 -14
659 -13
660 -13
661 -6
662 -10
663 -14
664 -6
665 -13
666 -13
667 -6
668 -14
669 -13
670 -6
671 -13
672 -14
673 -10
674 -6
675 -6
676 -10
677 -13
678 -6
679 -13
680 -6
681 -10
682 -10
683 -13
684 -10
685 -14
686 -14
687 -6
688 -13
689 -13
690 -16
691 -13
692 -10
693 -6
694 -13
695 -13
696 -14
697 -6
698 -13
699 -13
700 -6
701 -13
702 -13
703 -13
704 -14
705 -6
706 -6
707 -6
708 -10
709 -10
710 -10
711 -14
712 -6
713 -13
714 -10
715 -6
716 -13
717 -14
718 -6
719 -6
720 -13
721 -14
722 -10
723 -6
724 -6
725 -13
726 -13
727 -10
728 -14
729 -10
730 -14
731 -6
732 -6
733 -7
734 -6
735 -13
736 -13
737 -6
738 -10
739 -10
740 -14
741 -13
742 -13
743 -6
744 -13
745 -6
746 -6
747 -6
748 -6
749 -14
750 -6
751 -14
752 -6
753 -10
754 -6
755 -14
756 -11
757 -13
758 -13
759 -13
760 -6
761 -6
762 -13
763 -6
764 -6
765 -6
766 -14
767 -6
768 -14
769 -13
770 -6
771 -6
772 -40
773 -13
774 -6
775 -6
776 -13
777 -8
778 -13
779 -13
780 -13
781 -13
782 -10
783 -10
784 -6
785 -6
786 -6
787 -17
788 -13
789 -6
790 -10
791 -6
792 -6
793 -6
794 -6
795 -6
796 -13
797 -6
798 -13
799 -6
800 -6
801 -13
802 -10
803 -6
804 -12
805 -14
806 -6
807 -13
808 -6
809 -6
810 -13
811 -13
812 -13
813 -6
814 -6
815 -19
816 -14
817 -6
818 -13
819 -6
820 -6
821 -10
822 -6
823 -6
824 -6
825 -10
826 -23
827 -6
828 -13
829 -13
830 -13
831 -13
832 -10
833 -13
834 -10
835 -13
836 -10
837 -6
838 -10
839 -13
840 -6
841 -6
842 -6
843 -14
844 -13
845 -6
846 -14
847 -6
848 -10
849 -6
850 -14
851 -13
852 -6
853 -6
854 -6
855 -10
856 -13
857 -10
858 -6
859 -13
860 -6
861 -13
862 -6
863 -6
864 -13
865 -14
866 -14
867 -10
868 -14
869 -6
870 -6
871 -13
872 -13
873 -6
874 -6
875 -13
876 -13
877 -10
878 -13
879 -10
880 -6
881 -13
882 -11
883 -6
884 -14
885 -9
886 -14
887 -14
888 -6
889 -6
890 -6
891 -13
892 -14
893 -15
894 -14
895 -6
896 -13
897 -13
898 -6
899 -13
900 -10
901 -13
902 -10
903 -10
904 -6
905 -13
906 -6
907 -6
908 -13
909 -13
910 -13
911 -6
912 -6
913 -6
914 -6
915 -6
916 -10
917 -13
918 -6
919 -6
920 -6
921 -13
922 -13
923 -19
924 -10
925 -6
926 -13
927 -13
928 -13
929 -6
930 -10
931 -6
932 -6
933 -14
934 -14
935 -13
936 -6
937 -14
938 -6
939 -13
940 -6
941 -6
942 -13
943 -13
944 -13
945 -6
946 -14
947 -14
948 -6
949 -13
950 -10
951 -6
952 -6
953 -10
954 -6
955 -6
956 -14
957 -6
958 -6
959 -13
960 -13
961 -13
962 -6
963 -10
964 -6
965 -6
966 -6
967 -14
968 -6
969 -13
970 -6
971 -14
972 -14
973 -6
974 -6
975 -10
976 -6
977 -10
978 -6
979 -6
980 -13
981 -6
982 -6
983 -6
984 -6
985 -14
986 -6
987 -13
988 -13
989 -6
990 -13
991 -10
992 -14
993 -10
994 -6
995 -6
996 -6
997 -13
998 -13
999 -6
