0 -13
1 -7
2 -8
3 -14
4 -14
5 -59
6 -14
7 -13
8 -8
9 -6
10 -6
11 -6
12 -14
13 -6
14 -7
15 -19
16 -7
17 -6
18 -7
19 -6
20 -6
21 -13
22 -14
23 -8
24 -8
25 -13
26 -8
27 -7
28 -6
29 -7
30 -7
31 -14
32 -8
33 -8
34 -14
35 -6
36 -6
37 -7
38 -7
39 -13
40 -14
41 -13
42 -14
43 -14
44 -12
45 -6
46 -6
47 -14
48 -13
49 -14
50 -13
51 -6
52 -13
53 -6
54 -6
55 -14
56 -6
57 -13
58 -6
59 -6
60 -13
61 -7
62 -13
63 -6
64 -14
65 -13
66 -8
67 -8
68 -13
69 -13
70 -13
71 -7
72 -8
73 -7
74 -6
75 -13
76 -11
77 -14
78 -14
79 -13
80 -6
81 -14
82 -6
83 -6
84 -14
85 -6
86 -6
87 -12
88 -7
89 -13
90 -14
91 -7
92 -13
93 -8
94 -13
95 -14
96 -6
97 -14
98 -14
99 -13
100 -7
101 -6
102 -6
103 -13
104 -8
105 -13
106 -14
107 -6
108 -7
109 -13
110 -6
111 -13
112 -14
113 -7
114 -8
115 -13
116 -13
117 -8
118 -13
119 -13
120 -7
121 -14
122 -14
123 -6
124 -7
125 -6
126 -14
127 -7
128 -13
129 -6
130 -13
131 -6
132 -13
133 -8
134 -6
135 -13
136 -14
137 -13
138 -6
139 -6
140 -6
141 -13
142 -13
143 -13
144 -6
145 -14
146 -6
147 -6
148 -8
149 -14
150 -6
151 -6
152 -13
153 -6
154 -6
155 -13
156 -14
157 -13
158 -13
159 -6
160 -14
161 -8
162 -7
163 -8
164 -6
165 -14
166 -8
167 -8
168 -13
169 -14
170 -6
171 -6
172 -6
173 -14
174 -14
175 -13
176 -6
177 -8
178 -14
179 -13
180 -6
181 -8
182 -6
183 -13
184 -13
185 -8
186 -14
187 -8
188 -7
189 -8
190 -7
191 -14
192 -6
193 -13
194 -13
195 -13
196 -6
197 -13
198 -6
199 -13
200 -14
201 -13
202 -7
203 -6
204 -6
205 -6
206 -7
207 -7
208 -7
209 -13
210 -6
211 -6
212 -7
213 -14
214 -13
215 -13
216 -14
217 -7
218 -6
219 -13
220 -14
221 -8
222 -8
223 -8
224 -13
225 -8
226 -13
227 -13
228 -20
229 -13
230 -13
231 -14
232 -14
233 -8
234 -6
235 -13
236 -13
237 -7
238 -6
239 -6
240 -6
241 -7
242 -6
243 -14
244 -14
245 -7
246 -13
247 -13
248 -13
249 -7
250 -16
251 -14
252 -6
253 -13
254 -7
255 -6
256 -6
257 -18
258 -6
259 -14
260 -13
261 -6
262 -7
263 -8
264 -8
265 -6
266 -14
267 -6
268 -13
269 -6
270 -7
271 -14
272 -6
273 -13
274 -6
275 -13
276 -7
277 -6
278 -7
279 -14
280 -8
281 -6
282 -6
283 -8
284 -13
285 -7
286 -6
287 -13
288 -8
289 -13
290 -14
291 -14
292 -13
293 -6
294 -7
295 -6
296 -6
297 -12
298 -6
299 -8
300 -13
301 -6
302 -13
303 -7
304 -7
305 -8
306 -13
307 -13
308 -14
309 -13
310 -6
311 -13
312 -13
313 -13
314 -6
315 -13
316 -6
317 -14
318 -13
319 -7
320 -6
321 -6
322 -7
323 -7
324 -6
325 -6
326 -13
327 -7
328 -8
329 -6
330 -7
331 -8
332 -15
333 -13
334 -14
335 -6
336 -6
337 -14
338 -8
339 -8
340 -6
341 -6
342 -8
343 -14
344 -6
345 -6
346 -13
347 -14
348 -14
349 -6
350 -13
351 -13
352 -6
353 -7
354 -6
355 -6
356 -13
357 -6
358 -8
359 -7
360 -6
361 -14
362 -13
363 -7
364 -8
365 -7
366 -14
367 -7
368 -14
369 -14
370 -6
371 -8
372 -6
373 -8
374 -14
375 -13
376 -13
377 -7
378 -13
379 -13
380 -13
381 -14
382 -14
383 -6
384 -13
385 -8
386 -6
387 -13
388 -6
389 -6
390 -7
391 -14
392 -13
393 -7
394 -6
395 -6
396 -6
397 -13
398 -6
399 -6
400 -13
401 -6
402 -14
403 -6
404 -6
405 -14
406 -14
407 -8
408 -14
409 -13
410 -14
411 -14
412 -7
413 -7
414 -8
415 -6
416 -14
417 -7
418 -8
419 -8
420 -6
421 -14
422 -6
423 -6
424 -7
425 -13
426 -13
427 -12
428 -8
429 -6
430 -13
431 -8
432 -13
433 -14
434 -6
435 -7
436 -13
437 -13
438 -14
439 -13
440 -13
441 -7
442 -7
443 -6
444 -6
445 -14
446 -8
447 -14
448 -13
449 -6
450 -13
451 -13
452 -8
453 -14
454 -7
455 -8
456 -14
457 -13
458 -13
459 -13
460 -8
461 -7
462 -13
463 -6
464 -14
465 -6
466 -7
467 -13
468 -7
469 -14
470 -8
471 -14
472 -6
473 -7
474 -6
475 -10
476 -13
477 -14
478 -8
479 -8
480 -6
481 -8
482 -14
483 -6
484 -6
485 -7
486 -6
487 -6
488 -13
489 -13
490 -6
491 -13
492 -7
493 -7
494 -6
495 -13
496 -7
497 -7
498 -7
499 -8
500 -6
501 -7
502 -6
503 -17
504 -8
505 -7
506 -13
507 -6
508 -8
509 -13
510 -7
511 -14
512 -13
513 -7
514 -6
515 -8
516 -6
517 -6
518 -6
519 -14
520 -6
521 -6
522 -13
523 -13
524 -7
525 -6
526 -6
527 -6
528 -6
529 -6
530 -14
531 -13
532 -6
533 -13
534 -6
535 -14
536 -7
537 -14
538 -6
539 -13
540 -6
541 -13
542 -6
543 -6
544 -6
545 -8
546 -13
547 -6
548 -9
549 -7
550 -7
551 -6
552 -6
553 -7
554 -8
555 -14
556 -7
557 -13
558 -7
559 -6
560 -14
561 -13
562 -8
563 -13
564 -6
565 -13
566 -8
567 -8
568 -8
569 -8
570 -7
571 -7
572 -6
573 -7
574 -8
575 -6
576 -7
577 -13
578 -7
579 -6
580 -14
581 -13
582 -13
583 -6
584 -6
585 -7
586 -6
587 -13
588 -6
589 -13
590 -13
591 -13
592 -6
593 -13
594 -6
595 -13
596 -6
597 -6
598 -13
599 -13
600 -8
601 -8
602 -6
603 -7
604 -8
605 -6
606 -6
607 -13
608 -6
609 -8
610 -13
611 -7
612 -6
613 -7
614 -19
615 -13
616 -13
617 -13
618 -6
619 -13
620 -6
621 -8
622 -7
623 -7
624 -13
625 -7
626 -6
627 -6
628 -6
629 -8
630 -7
631 -15
632 -14
633 -6
634 -6
635 -7
636 -7
637 -6
638 -8
639 -7
640 -13
641 -15
642 -8
643 -14
644 -8
645 -7
646 -13
647 -8
648 -8
649 -13
650 -14
651 -7
652 -13
653 -6
654 -7
655 -14
656 -13
657 -13
658 -7
659 -6
660 -8
661 -6
662 -6
663 -7
664 -13
665 -6
666 -8
667 -14
668 -14
669 -14
670 -7
671 -6
672 -8
673 -6
674 -7
675 -8
676 -6
677 -7
678 -7
679 -13
680 -6
681 -7
682 -13
683 -8
684 -6
685 -7
686 -7
687 -6
688 -13
689 -18
690 -13
691 -6
692 -6
693 -14
694 -6
695 -13
696 -14
697 -13
698 -6
699 -13
700 -6
701 -8
702 -12
703 -7
704 -14
705 -6
706 -8
707 -6
708 -6
709 -8
710 -6
711 -6
712 -13
713 -13
714 -8
715 -14
716 -6
717 -6
718 -6
719 -13
720 -6
721 -13
722 -8
723 -13
724 -13
725 -7
726 -7
727 -14
728 -13
729 -8
730 -14
731 -8
732 -13
733 -7
734 -8
735 -13
736 -14
737 -13
738 -7
739 -13
740 -11
741 -6
742 -14
743 -6
744 -13
745 -6
746 -13
747 -6
748 -7
749 -6
750 -6
751 -13
752 -6
753 -6
754 -6
755 -13
756 -7
757 -13
758 -7
759 -7
760 -7
761 -13
762 -13
763 -6
764 -13
765 -8
766 -7
767 -6
768 -13
769 -6
770 -6
771 -7
772 -8
773 -10
774 -7
775 -13
776 -13
777 -13
778 -6
779 -14
780 -6
781 -6
782 -6
783 -13
784 -13
785 -14
786 -13
787 -6
788 -7
789 -14
790 -7
791 -13
792 -13
793 -6
794 -8
795 -13
796 -8
797 -18
798 -13
799 -6
800 -14
801 -13
802 -13
803 -8
804 -13
805 -14
806 -13
807 -13
808 -8
809 -6
810 -13
811 -6
812 -13
813 -6
814 -7
815 -14
816 -6
817 -13
818 -13
819 -7
820 -14
821 -6
822 -13
823 -6
824 -8
825 -7
826 -13
827 -6
828 -7
829 -13
830 -14
831 -13
832 -14
833 -13
834 -7
835 -6
836 -13
837 -7
838 -6
839 -6
840 -14
841 -14
842 -8
843 -13
844 -13
845 -6
846 -6
847 -6
848 -8
849 -13
850 -13
851 -6
852 -13
853 -7
854 -7
855 -6
856 -6
857 -13
858 -6
859 -13
860 -13
861 -6
862 -14
863 -6
864 -6
865 -6
866 -8
867 -13
868 -6
869 -6
870 -14
871 -13
872 -6
873 -7
874 -8
875 -13
876 -8
877 -8
878 -6
879 -6
880 -14
881 -13
882 -13
883 -13
884 -7
885 -7
886 -6
887 -13
888 -6
889 -7
890 -13
891 -8
892 -8
893 -13
894 -8
895 -8
896 -6
897 -7
898 -6
899 -7
900 -7
901 -6
902 -6
903 -14
904 -13
905 -6
906 -6
907 -13
908 -6
909 -6
910 -7
911 -13
912 -7
913 -15
914 -13
915 -14
916 -13
917 -13
918 -6
919 -16
920 -8
921 -14
922 -7
923 -8
924 -8
925 -13
926 -6
927 -6
928 -6
929 -13
930 -14
931 -7
932 -13
933 -7
934 -8
935 -8
936 -8
937 -6
938 -13
939 -6
940 -14
941 -6
942 -14
943 -13
944 -14
945 -7
946 -13
947 -7
948 -13
949 -13
950 -6
951 -8
952 -7
953 -6
954 -6
955 -7
956 -6
957 -6
958 -6
959 -13
960 -7
961 -8
962 -6
963 -8
964 -13
965 -8
966 -13
967 -13
968 -6
969 -13
970 -13
971 -13
972 -6
973 -7
974 -7
975 -13
976 -13
977 -13
978 -7
979 -14
980 -7
981 -6
982 -6
983 -7
984 -8
985 -6
986 -6
987 -6
988 -13
989 -6
990 -6
991 -13
992 -13
993 -13
994 -8
995 -13
996 -6
997 -7
998 -6
999 -6
