0 -6
1 -6
2 -14
3 -9
4 -7
5 -7
6 -13
7 -6
8 -13
9 -7
10 -13
11 -6
12 -13
13 -6
14 -14
15 -13
16 -6
17 -6
18 -14
19 -13
20 -14
21 -7
22 -13
23 -13
24 -7
25 -9
26 -6
27 -14
28 -13
29 -14
30 -7
31 -18
32 -13
33 -6
34 -13
35 -14
36 -6
37 -13
38 -6
39 -6
40 -7
41 -9
42 -13
43 -13
44 -6
45 -9
46 -9
47 -6
48 -13
49 -6
50 -6
51 -6
52 -6
53 -9
54 -6
55 -14
56 -14
57 -7
58 -9
59 -6
60 -6
61 -13
62 -13
63 -6
64 -6
65 -13
66 -13
67 -13
68 -6
69 -7
70 -13
71 -14
72 -13
73 -13
74 -7
75 -12
76 -17
77 -7
78 -7
79 -13
80 -6
81 -13
82 -13
83 -9
84 -7
85 -15
86 -13
87 -13
88 -6
89 -7
90 -6
91 -13
92 -13
93 -7
94 -6
95 -12
96 -6
97 -16
98 -6
99 -13
100 -6
101 -6
102 -7
103 -13
104 -6
105 -6
106 -14
107 -18
108 -6
109 -6
110 -13
111 -6
112 -7
113 -6
114 -6
115 -6
116 -7
117 -6
118 -13
119 -9
120 -6
121 -7
122 -6
123 -22
124 -6
125 -14
126 -14
127 -6
128 -7
129 -13
130 -7
131 -9
132 -7
133 -9
134 -7
135 -6
136 -13
137 -7
138 -6
139 -6
140 -6
141 -14
142 -9
143 -13
144 -7
145 -14
146 -6
147 -14
148 -9
149 -13
150 -13
151 -13
152 -13
153 -6
154 -6
155 -7
156 -9
157 -6
158 -13
159 -14
160 -6
161 -14
162 -13
163 -7
164 -13
165 -13
166 -13
167 -6
168 -6
169 -13
170 -14
171 -9
172 -7
173 -13
174 -14
175 -6
176 -13
177 -13
178 -6
179 -13
180 -13
181 -13
182 -9
183 -14
184 -6
185 -13
186 -6
187 -7
188 -9
189 -13
190 -13
191 -6
192 -14
193 -14
194 -6
195 -13
196 -6
197 -14
198 -13
199 -13
200 -6
201 -14
202 -6
203 -9
204 -7
205 -14
206 -13
207 -9
208 -13
209 -6
210 -6
211 -9
212 -6
213 -6
214 -13
215 -13
216 -13
217 -7
218 -7
219 -6
220 -6
221 -6
222 -14
223 -6
224 -7
225 -6
226 -13
227 -13
228 -6
229 -13
230 -6
231 -13
232 -14
233 -13
234 -13
235 -14
236 -6
237 -9
238 -6
239 -13
240 -7
241 -6
242 -6
243 -14
244 -6
245 -13
246 -9
247 -7
248 -6
249 -7
250 -13
251 -9
252 -6
253 -13
254 -9
255 -6
256 -9
257 -14
258 -6
259 -9
260 -7
261 -14
262 -9
263 -6
264 -13
265 -13
266 -6
267 -13
268 -12
269 -7
270 -9
271 -6
272 -6
273 -7
274 -7
275 -15
276 -6
277 -14
278 -6
279 -6
280 -13
281 -14
282 -6
283 -9
284 -6
285 -9
286 -17
287 -6
288 -7
289 -7
290 -12
291 -14
292 -9
293 -13
294 -14
295 -7
296 -6
297 -6
298 -6
299 -13
300 -6
301 -7
302 -14
303 -6
304 -14
305 -6
306 -9
307 -6
308 -14
309 -6
310 -7
311 -14
312 -14
313 -6
314 -6
315 -7
316 -14
317 -6
318 -6
319 -6
320 -14
321 -7
322 -6
323 -13
324 -6
325 -6
326 -13
327 -13
328 -6
329 -9
330 -13
331 -13
332 -13
333 -6
334 -14
335 -14
336 -6
337 -6
338 -14
339 -6
340 -6
341 -6
342 -13
343 -13
344 -13
345 -9
346 -15
347 -7
348 -13
349 -13
350 -6
351 -13
352 -6
353 -14
354 -6
355 -7
356 -6
357 -13
358 -9
359 -6
360 -7
361 -13
362 -6
363 -7
364 -6
365 -6
366 -6
367 -7
368 -6
369 -9
370 -14
371 -6
372 -7
373 -13
374 -9
375 -6
376 -7
377 -13
378 -14
379 -13
380 -13
381 -7
382 -13
383 -15
384 -13
385 -54
386 -13
387 -14
388 -14
389 -9
390 -14
391 -6
392 -6
393 -6
394 -6
395 -6
396 -7
397 -14
398 -13
399 -6
400 -6
401 -13
402 -6
403 -9
404 -23
405 -6
406 -13
407 -7
408 -7
409 -6
410 -7
411 -6
412 -14
413 -7
414 -9
415 -13
416 -7
417 -13
418 -7
419 -14
420 -6
421 -9
422 -6
423 -6
424 -9
425 -9
426 -13
427 -13
428 -13
429 -12
430 -13
431 -9
432 -14
433 -13
434 -6
435 -13
436 -7
437 -13
438 -6
439 -7
440 -13
441 -13
442 -6
443 -9
444 -13
445 -13
446 -6
447 -7
448 -6
449 -13
450 -9
451 -9
452 -14
453 -13
454 -7
455 -6
456 -6
457 -14
458 -9
459 -7
460 -18
461 -6
462 -13
463 -6
464 -13
465 -13
466 -13
467 -9
468 -53
469 -13
470 -13
471 -7
472 -6
473 -13
474 -13
475 -14
476 -7
477 -14
478 -6
479 -6
480 -6
481 -6
482 -9
483 -9
484 -13
485 -6
486 -7
487 -6
488 -7
489 -6
490 -6
491 -6
492 -14
493 -9
494 -13
495 -6
496 -17
497 -7
498 -13
499 -7
500 -15
501 -6
502 -6
503 -7
504 -13
505 -6
506 -6
507 -6
508 -6
509 -7
510 -13
511 -6
512 -18
513 -6
514 -13
515 -6
516 -6
517 -13
518 -9
519 -9
520 -9
521 -7
522 -13
523 -9
524 -6
525 -9
526 -7
527 -15
528 -6
529 -14
530 -13
531 -13
532 -6
533 -6
534 -7
535 -6
536 -13
537 -13
538 -6
539 -7
540 -6
541 -19
542 -9
543 -13
544 -15
545 -7
546 -9
547 -13
548 -13
549 -7
550 -6
551 -7
552 -6
553 -13
554 -6
555 -6
556 -13
557 -7
558 -14
559 -6
560 -13
561 -9
562 -9
563 -14
564 -13
565 -13
566 -9
567 -14
568 -6
569 -6
570 -14
571 -13
572 -13
573 -6
574 -6
575 -6
576 -6
577 -14
578 -6
579 -13
580 -13
581 -9
582 -14
583 -13
584 -13
585 -9
586 -14
587 -13
588 -6
589 -7
590 -13
591 -6
592 -13
593 -6
594 -6
595 -7
596 -7
597 -13
598 -13
599 -13
600 -6
601 -13
602 -6
603 -9
604 -13
605 -13
606 -9
607 -13
608 -7
609 -14
610 -13
611 -6
612 -13
613 -6
614 -6
615 -14
616 -7
617 -13
618 -14
619 -7
620 -13
621 -7
622 -9
623 -14
624 -13
625 -14
626 -6
627 -9
628 -6
629 -6
630 -6
631 -6
632 -6
633 -7
634 -13
635 -14
636 -6
637 -9
638 -8
639 -7
640 -9
641 -13
642 -13
643 -14
644 -7
645 -13
646 -7
647 -6
648 -9
649 -17
650 -13
651 -13
652 -7
653 -10
654 -13
655 -13
656 -9
657 -13
658 -13
659 -7
660 -13
661 -14
662 -9
663 -9
664 -13
665 -13
666 -7
667 -7
668 -14
669 -14
670 -6
671 -7
672 -13
673 -17
674 -13
675 -6
676 -14
677 -6
678 -6
679 -6
680 -6
681 -13
682 -6
683 -9
684 -9
685 -13
686 -7
687 -9
688 -7
689 -13
690 -14
691 -13
692 -6
693 -14
694 -14
695 -13
696 -6
697 -13
698 -13
699 -13
700 -6
701 -14
702 -13
703 -6
704 -13
705 -14
706 -13
707 -6
708 -14
709 -6
710 -13
711 -17
712 -14
713 -9
714 -7
715 -6
716 -13
717 -9
718 -6
719 -6
720 -7
721 -9
722 -9
723 -58
724 -6
725 -13
726 -13
727 -7
728 -7
729 -6
730 -6
731 -7
732 -9
733 -13
734 -14
735 -7
736 -7
737 -7
738 -9
739 -15
740 -7
741 -13
742 -14
743 -20
744 -7
745 -6
746 -13
747 -13
748 -9
749 -6
750 -13
751 -6
752 -7
753 -14
754 -13
755 -14
756 -6
757 -13
758 -13
759 -9
760 -14
761 -7
762 -13
763 -6
764 -13
765 -6
766 -13
767 -6
768 -6
769 -9
770 -6
771 -13
772 -6
773 -19
774 -7
775 -13
776 -7
777 -6
778 -22
779 -13
780 -7
781 -7
782 -14
783 -6
784 -9
785 -6
786 -13
787 -7
788 -13
789 -6
790 -13
791 -14
792 -13
793 -14
794 -13
795 -6
796 -13
797 -13
798 -6
799 -9
800 -9
801 -9
802 -6
803 -11
804 -14
805 -7
806 -6
807 -13
808 -6
809 -7
810 -9
811 -6
812 -14
813 -6
814 -13
815 -6
816 -6
817 -7
818 -9
819 -13
820 -13
821 -7
822 -7
823 -6
824 -6
825 -6
826 -9
827 -6
828 -6
829 -32
830 -14
831 -13
832 -7
833 -6
834 -9
835 -14
836 -6
837 -7
838 -13
839 -9
840 -13
841 -6
842 -9
843 -7
844 -7
845 -6
846 -6
847 -9
848 -14
849 -14
850 -14
851 -13
852 -6
853 -6
854 -7
855 -6
856 -13
857 -13
858 -6
859 -6
860 -13
861 -49
862 -6
863 -13
864 -14
865 -7
866 -14
867 -6
868 -14
869 -13
870 -7
871 -9
872 -6
873 -13
874 -14
875 -13
876 -6
877 -13
878 -9
879 -13
880 -6
881 -7
882 -13
883 -13
884 -14
885 -6
886 -6
887 -6
888 -13
889 -19
890 -9
891 -6
892 -13
893 -7
894 -13
895 -7
896 -13
897 -7
898 -6
899 -9
900 -9
901 -13
902 -9
903 -13
904 -13
905 -7
906 -6
907 -14
908 -13
909 -6
910 -6
911 -14
912 -13
913 -13
914 -6
915 -7
916 -9
917 -9
918 -13
919 -7
920 -7
921 -6
922 -14
923 -6
924 -7
925 -6
926 -13
927 -9
928 -13
929 -6
930 -6
931 -13
932 -13
933 -7
934 -7
935 -9
936 -10
937 -9
938 -14
939 -7
940 -6
941 -9
942 -13
943 -6
944 -14
945 -6
946 -13
947 -9
948 -9
949 -6
950 -6
951 -9
952 -13
953 -9
954 -6
955 -13
956 -9
957 -7
958 -6
959 -6
960 -13
961 -6
962 -6
963 -14
964 -9
965 -14
966 -6
967 -7
968 -13
969 -6
970 -9
971 -14
972 -17
973 -9
974 -45
975 -6
976 -6
977 -13
978 -6
979 -6
980 -6
981 -14
982 -7
983 -9
984 -6
985 -13
986 -7
987 -6
988 -13
989 -9
990 -6
991 -13
992 -14
993 -6
994 -6
995 -7
996 -9
997 -6
998 -6
999 -9
