0 -6
1 -13
2 -6
3 -6
4 -6
5 -6
6 -15
7 -6
8 -14
9 -6
10 -10
11 -6
12 -13
13 -6
14 -6
15 -6
16 -6
17 -6
18 -13
19 -6
20 -13
21 -10
22 -6
23 -6
24 -6
25 -6
26 -6
27 -10
28 -19
29 -13
30 -14
31 -6
32 -6
33 -14
34 -6
35 -19
36 -13
37 -6
38 -13
39 -10
40 -13
41 -10
42 -6
43 -6
44 -13
45 -13
46 -6
47 -14
48 -6
49 -14
50 -13
51 -6
52 -13
53 -10
54 -6
55 -13
56 -6
57 -6
58 -6
59 -10
60 -13
61 -13
62 -6
63 -13
64 -14
65 -6
66 -13
67 -6
68 -6
69 -6
70 -6
71 -13
72 -6
73 -6
74 -13
75 -10
76 -13
77 -13
78 -14
79 -14
80 -13
81 -34
82 -13
83 -6
84 -6
85 -14
86 -6
87 -6
88 -10
89 -13
90 -14
91 -10
92 -10
93 -6
94 -15
95 -6
96 -13
97 -6
98 -10
99 -14
100 -6
101 -6
102 -6
103 -13
104 -10
105 -6
106 -13
107 -6
108 -6
109 -13
110 -13
111 -6
112 -13
113 -13
114 -13
115 -6
116 -6
117 -6
118 -13
119 -6
120 -6
121 -6
122 -6
123 -14
124 -13
125 -13
126 -14
127 -13
128 -13
129 -13
130 -22
131 -13
132 -13
133 -10
134 -6
135 -7
136 -15
137 -13
138 -14
139 -10
140 -13
141 -6
142 -6
143 -13
144 -6
145 -14
146 -6
147 -6
148 -10
149 -6
150 -10
151 -17
152 -13
153 -6
154 -6
155 -6
156 -6
157 -6
158 -13
159 -6
160 -10
161 -6
162 -6
163 -14
164 -17
165 -13
166 -13
167 -13
168 -6
169 -10
170 -13
171 -14
172 -10
173 -13
174 -6
175 -13
176 -13
177 -10
178 -10
179 -6
180 -6
181 -14
182 -18
183 -14
184 -6
185 -9
186 -6
187 -10
188 -17
189 -6
190 -6
191 -10
192 -14
193 -14
194 -14
195 -10
196 -14
197 -6
198 -13
199 -6
200 -13
201 -13
202 -6
203 -13
204 -13
205 -14
206 -6
207 -13
208 -44
209 -6
210 -6
211 -10
212 -6
213 -13
214 -13
215 -13
216 -10
217 -6
218 -13
219 -10
220 -14
221 -6
222 -10
223 -13
224 -13
225 -10
226 -6
227 -10
228 -13
229 -6
230 -14
231 -6
232 -6
233 -6
234 -6
235 -10
236 -6
237 -6
238 -6
239 -6
240 -13
241 -14
242 -10
243 -13
244 -6
245 -14
246 -13
247 -6
248 -6
249 -13
250 -14
251 -6
252 -14
253 -13
254 -6
255 -13
256 -6
257 -13
258 -10
259 -10
260 -6
261 -7
262 -6
263 -6
264 -6
265 -10
266 -14
267 -22
268 -6
269 -6
270 -14
271 -13
272 -6
273 -6
274 -14
275 -6
276 -6
277 -6
278 -10
279 -19
280 -6
281 -6
282 -14
283 -14
284 -6
285 -13
286 -6
287 -10
288 -13
289 -6
290 -6
291 -13
292 -14
293 -14
294 -6
295 -13
296 -14
297 -10
298 -6
299 -6
300 -14
301 -13
302 -13
303 -14
304 -10
305 -10
306 -14
307 -13
308 -6
309 -6
310 -13
311 -15
312 -14
313 -10
314 -6
315 -14
316 -13
317 -6
318 -13
319 -13
320 -13
321 -6
322 -14
323 -13
324 -14
325 -13
326 -6
327 -6
328 -6
329 -6
330 -6
331 -13
332 -6
333 -14
334 -10
335 -10
336 -10
337 -6
338 -13
339 -6
340 -6
341 -6
342 -6
343 -13
344 -14
345 -14
346 -13
347 -6
348 -10
349 -6
350 -14
351 -10
352 -10
353 -6
354 -10
355 -6
356 -13
357 -6
358 -13
359 -18
360 -6
361 -6
362 -6
363 -13
364 -6
365 -13
366 -13
367 -6
368 -13
369 -13
370 -6
371 -14
372 -6
373 -13
374 -14
375 -14
376 -6
377 -10
378 -14
379 -6
380 -6
381 -6
382 -13
383 -6
384 -13
385 -6
386 -6
387 -6
388 -6
389 -6
390 -6
391 -14
392 -14
393 -6
394 -13
395 -13
396 -13
397 -10
398 -14
399 -6
400 -13
401 -6
402 -14
403 -6
404 -13
405 -10
406 -6
407 -13
408 -6
409 -10
410 -13
411 -13
412 -6
413 -10
414 -6
415 -6
416 -6
417 -6
418 -13
419 -10
420 -13
421 -14
422 -6
423 -6
424 -13
425 -13
426 -10
427 -10
428 -13
429 -13
430 -6
431 -14
432 -13
433 -13
434 -14
435 -10
436 -13
437 -14
438 -6
439 -10
440 -13
441 -6
442 -14
443 -6
444 -14
445 -14
446 -13
447 -6
448 -6
449 -13
450 -6
451 -14
452 -10
453 -14
454 -10
455 -6
456 -6
457 -6
458 -13
459 -10
460 -17
461 -6
462 -13
463 -6
464 -14
465 -6
466 -6
467 -6
468 -6
469 -14
470 -6
471 -6
472 -10
473 -13
474 -14
475 -13
476 -6
477 -6
478 -6
479 -6
480 -14
481 -14
482 -6
483 -14
484 -6
485 -6
486 -13
487 -6
488 -10
489 -10
490 -13
491 -6
492 -6
493 -13
494 -13
495 -14
496 -10
497 -13
498 -6
499 -6
500 -6
501 -13
502 -6
503 -6
504 -6
505 -10
506 -10
507 -14
508 -6
509 -6
510 -6
511 -14
512 -6
513 -10
514 -10
515 -6
516 -13
517 -16
518 -6
519 -14
520 -6
521 -10
522 -6
523 -13
524 -6
525 -6
526 -10
527 -13
528 -13
529 -10
530 -6
531 -10
532 -14
533 -13
534 -13
535 -6
536 -10
537 -22
538 -6
539 -13
540 -10
541 -10
542 -15
543 -6
544 -6
545 -6
546 -6
547 -6
548 -10
549 -13
550 -6
551 -13
552 -13
553 -14
554 -6
555 -13
556 -6
557 -6
558 -6
559 -6
560 -10
561 -6
562 -6
563 -10
564 -13
565 -6
566 -6
567 -13
568 -6
569 -10
570 -13
571 -6
572 -6
573 -14
574 -13
575 -14
576 -13
577 -6
578 -14
579 -6
580 -6
581 -6
582 -14
583 -13
584 -13
585 -14
586 -6
587 -13
588 -6
589 -13
590 -14
591 -14
592 -13
593 -6
594 -14
595 -13
596 -6
597 -6
598 -6
599 -6
600 -13
601 -13
602 -6
603 -6
604 -13
605 -6
606 -6
607 -19
608 -13
609 -14
610 -14
611 -13
612 -6
613 -14
614 -13
615 -10
616 -13
617 -14
618 -6
619 -6
620 -6
621 -14
622 -13
623 -10
624 -6
625 -6
626 -6
627 -6
628 -6
629 -6
630 -10
631 -10
632 -13
633 -13
634 -13
635 -6
636 -10
637 -14
638 -14
639 -10
640 -10
641 -11
642 -10
643 -13
644 -13
645 -14
646 -6
647 -14
648 -10
649 -13
650 -13
651 -13
652 -10
653 -14
654 -10
655 -10
656 -6
657 -10
658 -6
659 -6
660 -6
661 -13
662 -6
663 -13
664 -14
665 -6
666 -13
667 -10
668 -18
669 -6
670 -6
671 -6
672 -13
673 -6
674 -6
675 -13
676 -14
677 -6
678 -13
679 -6
680 -6
681 -6
682 -6
683 -10
684 -6
685 -13
686 -14
687 -10
688 -18
689 -13
690 -14
691 -6
692 -6
693 -6
694 -14
695 -10
696 -10
697 -14
698 -13
699 -10
700 -6
701 -14
702 -10
703 -10
704 -6
705 -14
706 -6
707 -6
708 -6
709 -14
710 -10
711 -13
712 -13
713 -6
714 -10
715 -13
716 -13
717 -13
718 -14
719 -10
720 -6
721 -6
722 -13
723 -14
724 -14
725 -18
726 -6
727 -13
728 -10
729 -6
730 -6
731 -22
732 -14
733 -13
734 -13
735 -14
736 -6
737 -6
738 -14
739 -6
740 -6
741 -6
742 -13
743 -6
744 -6
745 -6
746 -13
747 -9
748 -6
749 -13
750 -13
751 -13
752 -6
753 -10
754 -14
755 -14
756 -13
757 -10
758 -13
759 -14
760 -6
761 -13
762 -13
763 -6
764 -6
765 -14
766 -13
767 -6
768 -6
769 -10
770 -6
771 -18
772 -6
773 -10
774 -10
775 -13
776 -13
777 -14
778 -13
779 -13
780 -14
781 -13
782 -14
783 -6
784 -10
785 -13
786 -6
787 -6
788 -10
789 -10
790 -6
791 -13
792 -6
793 -10
794 -13
795 -10
796 -6
797 -13
798 -10
799 -6
800 -13
801 -6
802 -14
803 -10
804 -6
805 -10
806 -6
807 -10
808 -10
809 -14
810 -6
811 -14
812 -6
813 -6
814 -13
815 -10
816 -14
817 -13
818 -6
819 -6
820 -13
821 -6
822 -13
823 -13
824 -10
825 -10
826 -6
827 -6
828 -6
829 -10
830 -14
831 -13
832 -6
833 -6
834 -10
835 -14
836 -13
837 -13
838 -13
839 -10
840 -6
841 -13
842 -6
843 -13
844 -6
845 -14
846 -14
847 -13
848 -6
849 -14
850 -14
851 -6
852 -14
853 -6
854 -13
855 -13
856 -13
857 -6
858 -6
859 -6
860 -13
861 -14
862 -10
863 -6
864 -6
865 -6
866 -6
867 -13
868 -13
869 -13
870 -13
871 -14
872 -6
873 -10
874 -13
875 -6
876 -6
877 -14
878 -13
879 -11
880 -6
881 -13
882 -6
883 -13
884 -14
885 -13
886 -10
887 -6
888 -15
889 -10
890 -10
891 -6
892 -6
893 -13
894 -6
895 -6
896 -6
897 -10
898 -13
899 -14
900 -6
901 -6
902 -13
903 -13
904 -13
905 -6
906 -14
907 -10
908 -6
909 -6
910 -19
911 -13
912 -6
913 -14
914 -6
915 -13
916 -13
917 -10
918 -13
919 -13
920 -14
921 -13
922 -14
923 -6
924 -6
925 -6
926 -6
927 -6
928 -10
929 -13
930 -13
931 -6
932 -6
933 -13
934 -12
935 -13
936 -6
937 -14
938 -6
939 -13
940 -10
941 -6
942 -6
943 -13
944 -14
945 -6
946 -14
947 -13
948 -13
949 -6
950 -6
951 -14
952 -6
953 -6
954 -6
955 -13
956 -6
957 -10
958 -13
959 -6
960 -13
961 -13
962 -6
963 -6
964 -13
965 -6
966 -6
967 -13
968 -6
969 -13
970 -14
971 -6
972 -14
973 -14
974 -14
975 -13
976 -6
977 -10
978 -13
979 -6
980 -6
981 -13
982 -10
983 -13
984 -13
985 -13
986 -6
987 -10
988 -6
989 -6
990 -6
991 -13
992 -6
993 -6
994 -13
995 -13
996 -6
997 -6
998 -13
999 -14
