0 -13
1 -9
2 -14
3 -13
4 -6
5 -13
6 -24
7 -6
8 -7
9 -14
10 -9
11 -9
12 -7
13 -9
14 -13
15 -13
16 -7
17 -9
18 -7
19 -6
20 -13
21 -6
22 -13
23 -6
24 -7
25 -22
26 -6
27 -9
28 -14
29 -6
30 -7
31 -15
32 -6
33 -6
34 -6
35 -13
36 -8
37 -13
38 -6
39 -14
40 -6
41 -13
42 -9
43 -18
44 -9
45 -13
46 -6
47 -6
48 -13
49 -14
50 -7
51 -6
52 -14
53 -7
54 -6
55 -6
56 -9
57 -17
58 -10
59 -14
60 -7
61 -13
62 -13
63 -7
64 -9
65 -13
66 -6
67 -14
68 -13
69 -6
70 -9
71 -13
72 -9
73 -13
74 -13
75 -14
76 -6
77 -9
78 -13
79 -13
80 -14
81 -7
82 -6
83 -6
84 -13
85 -13
86 -6
87 -14
88 -13
89 -6
90 -13
91 -13
92 -10
93 -16
94 -9
95 -7
96 -13
97 -6
98 -14
99 -9
100 -9
101 -14
102 -14
103 -7
104 -6
105 -6
106 -9
107 -9
108 -14
109 -13
110 -6
111 -6
112 -9
113 -13
114 -6
115 -13
116 -6
117 -13
118 -13
119 -13
120 -9
121 -13
122 -6
123 -6
124 -6
125 -9
126 -6
127 -6
128 -19
129 -13
130 -7
131 -13
132 -6
133 -6
134 -7
135 -6
136 -14
137 -6
138 -13
139 -13
140 -6
141 -12
142 -14
143 -6
144 -7
145 -13
146 -6
147 -6
148 -7
149 -6
150 -9
151 -13
152 -9
153 -6
154 -6
155 -7
156 -14
157 -13
158 -13
159 -7
160 -14
161 -7
162 -6
163 -9
164 -7
165 -6
166 -7
167 -6
168 -6
169 -7
170 -14
171 -6
172 -13
173 -6
174 -6
175 -6
176 -6
177 -9
178 -9
179 -14
180 -6
181 -6
182 -7
183 -7
184 -14
185 -6
186 -7
187 -14
188 -14
189 -6
190 -14
191 -6
192 -13
193 -9
194 -13
195 -7
196 -7
197 -9
198 -7
199 -13
200 -9
201 -6
202 -6
203 -9
204 -9
205 -13
206 -6
207 -6
208 -15
209 -6
210 -14
211 -7
212 -7
213 -6
214 -6
215 -14
216 -14
217 -6
218 -7
219 -6
220 -14
221 -6
222 -7
223 -13
224 -7
225 -13
226 -14
227 -13
228 -9
229 -14
230 -13
231 -14
232 -13
233 -6
234 -6
235 -13
236 -12
237 -7
238 -9
239 -6
240 -9
241 -9
242 -6
243 -14
244 -16
245 -9
246 -14
247 -13
248 -6
249 -7
250 -6
251 -13
252 -14
253 -6
254 -6
255 -9
256 -14
257 -6
258 -9
259 -13
260 -9
261 -14
262 -15
263 -9
264 -9
265 -13
266 -6
267 -6
268 -13
269 -13
270 -13
271 -13
272 -6
273 -13
274 -13
275 -7
276 -6
277 -13
278 -6
279 -17
280 -9
281 -13
282 -13
283 -13
284 -18
285 -13
286 -6
287 -9
288 -9
289 -17
290 -6
291 -9
292 -9
293 -13
294 -6
295 -9
296 -6
297 -6
298 -13
299 -9
300 -6
301 -13
302 -13
303 -6
304 -13
305 -14
306 -7
307 -13
308 -7
309 -6
310 -13
311 -14
312 -13
313 -6
314 -6
315 -13
316 -9
317 -6
318 -13
319 -14
320 -7
321 -6
322 -9
323 -6
324 -63
325 -9
326 -7
327 -9
328 -14
329 -22
330 -9
331 -13
332 -6
333 -14
334 -9
335 -6
336 -6
337 -6
338 -6
339 -14
340 -13
341 -6
342 -13
343 -13
344 -53
345 -6
346 -6
347 -13
348 -13
349 -7
350 -14
351 -14
352 -7
353 -13
354 -7
355 -14
356 -14
357 -63
358 -13
359 -6
360 -13
361 -14
362 -9
363 -14
364 -13
365 -7
366 -6
367 -13
368 -6
369 -7
370 -9
371 -9
372 -13
373 -6
374 -13
375 -6
376 -6
377 -6
378 -9
379 -14
380 -14
381 -13
382 -7
383 -14
384 -13
385 -13
386 -16
387 -6
388 -6
389 -6
390 -13
391 -16
392 -7
393 -6
394 -6
395 -6
396 -6
397 -6
398 -6
399 -9
400 -13
401 -9
402 -6
403 -6
404 -6
405 -7
406 -6
407 -13
408 -9
409 -14
410 -7
411 -6
412 -6
413 -6
414 -10
415 -14
416 -7
417 -14
418 -6
419 -7
420 -13
421 -13
422 -13
423 -14
424 -9
425 -6
426 -7
427 -6
428 -13
429 -13
430 -13
431 -14
432 -14
433 -13
434 -6
435 -6
436 -6
437 -7
438 -6
439 -13
440 -13
441 -7
442 -13
443 -6
444 -6
445 -6
446 -26
447 -6
448 -6
449 -6
450 -14
451 -9
452 -7
453 -13
454 -7
455 -6
456 -6
457 -7
458 -7
459 -6
460 -13
461 -9
462 -7
463 -13
464 -14
465 -7
466 -14
467 -6
468 -13
469 -6
470 -7
471 -16
472 -6
473 -7
474 -6
475 -13
476 -13
477 -6
478 -6
479 -13
480 -13
481 -12
482 -13
483 -13
484 -9
485 -13
486 -7
487 -7
488 -9
489 -13
490 -14
491 -9
492 -9
493 -13
494 -6
495 -7
496 -6
497 -6
498 -14
499 -7
500 -14
501 -13
502 -6
503 -18
504 -6
505 -14
506 -9
507 -7
508 -6
509 -14
510 -7
511 -7
512 -7
513 -6
514 -7
515 -6
516 -7
517 -13
518 -6
519 -13
520 -8
521 -13
522 -6
523 -6
524 -6
525 -14
526 -13
527 -14
528 -14
529 -14
530 -6
531 -13
532 -14
533 -14
534 -7
535 -7
536 -9
537 -7
538 -6
539 -9
540 -13
541 -14
542 -13
543 -7
544 -14
545 -14
546 -13
547 -14
548 -13
549 -6
550 -14
551 -6
552 -9
553 -9
554 -7
555 -14
556 -13
557 -7
558 -13
559 -13
560 -6
561 -13
562 -9
563 -7
564 -7
565 -13
566 -13
567 -14
568 -14
569 -6
570 -9
571 -7
572 -13
573 -14
574 -6
575 -13
576 -13
577 -7
578 -13
579 -6
580 -12
581 -7
582 -9
583 -7
584 -14
585 -13
586 -13
587 -6
588 -6
589 -6
590 -14
591 -14
592 -9
593 -9
594 -7
595 -6
596 -6
597 -6
598 -9
599 -7
600 -6
601 -10
602 -6
603 -6
604 -6
605 -13
606 -7
607 -7
608 -13
609 -6
610 -14
611 -13
612 -6
613 -6
614 -6
615 -6
616 -10
617 -10
618 -9
619 -13
620 -13
621 -14
622 -13
623 -13
624 -6
625 -13
626 -9
627 -6
628 -14
629 -13
630 -7
631 -14
632 -6
633 -6
634 -14
635 -13
636 -6
637 -6
638 -7
639 -6
640 -13
641 -13
642 -13
643 -6
644 -14
645 -13
646 -6
647 -13
648 -13
649 -6
650 -12
651 -13
652 -7
653 -14
654 -14
655 -9
656 -7
657 -9
658 -6
659 -14
660 -7
661 -9
662 -9
663 -9
664 -6
665 -7
666 -9
667 -13
668 -9
669 -6
670 -6
671 -9
672 -6
673 -13
674 -7
675 -6
676 -6
677 -7
678 -13
679 -9
680 -9
681 -6
682 -7
683 -7
684 -14
685 -7
686 -6
687 -13
688 -6
689 -7
690 -6
691 -6
692 -7
693 -7
694 -6
695 -7
696 -6
697 -16
698 -49
699 -13
700 -6
701 -9
702 -11
703 -14
704 -13
705 -13
706 -9
707 -6
708 -6
709 -13
710 -13
711 -7
712 -13
713 -13
714 -13
715 -13
716 -9
717 -6
718 -7
719 -14
720 -6
721 -13
722 -6
723 -6
724 -13
725 -11
726 -13
727 -6
728 -6
729 -6
730 -13
731 -9
732 -13
733 -7
734 -6
735 -13
736 -14
737 -7
738 -6
739 -9
740 -14
741 -14
742 -7
743 -6
744 -13
745 -9
746 -14
747 -6
748 -13
749 -7
750 -9
751 -8
752 -9
753 -7
754 -6
755 -7
756 -13
757 -9
758 -9
759 -13
760 -13
761 -14
762 -7
763 -9
764 -6
765 -9
766 -6
767 -13
768 -13
769 -6
770 -9
771 -14
772 -6
773 -6
774 -13
775 -13
776 -13
777 -7
778 -7
779 -9
780 -13
781 -13
782 -6
783 -13
784 -13
785 -14
786 -6
787 -13
788 -18
789 -7
790 -6
791 -13
792 -14
793 -13
794 -18
795 -6
796 -6
797 -14
798 -6
799 -6
800 -13
801 -13
802 -8
803 -9
804 -6
805 -13
806 -14
807 -6
808 -7
809 -13
810 -6
811 -18
812 -13
813 -6
814 -7
815 -7
816 -9
817 -6
818 -6
819 -6
820 -13
821 -6
822 -13
823 -14
824 -14
825 -6
826 -9
827 -6
828 -14
829 -9
830 -6
831 -9
832 -9
833 -6
834 -13
835 -7
836 -13
837 -6
838 -6
839 -14
840 -6
841 -9
842 -7
843 -7
844 -14
845 -6
846 -7
847 -9
848 -6
849 -37
850 -9
851 -7
852 -9
853 -6
854 -14
855 -6
856 -6
857 -13
858 -13
859 -6
860 -11
861 -11
862 -14
863 -9
864 -6
865 -6
866 -14
867 -7
868 -7
869 -9
870 -6
871 -14
872 -6
873 -6
874 -15
875 -6
876 -7
877 -9
878 -6
879 -13
880 -13
881 -6
882 -6
883 -7
884 -6
885 -6
886 -9
887 -6
888 -6
889 -6
890 -9
891 -13
892 -9
893 -7
894 -13
895 -7
896 -13
897 -7
898 -7
899 -7
900 -7
901 -9
902 -13
903 -13
904 -6
905 -13
906 -14
907 -6
908 -13
909 -9
910 -13
911 -13
912 -13
913 -6
914 -6
915 -35
916 -6
917 -7
918 -7
919 -6
920 -6
921 -9
922 -7
923 -7
924 -13
925 -6
926 -13
927 -6
928 -6
929 -7
930 -13
931 -13
932 -6
933 -9
934 -14
935 -9
936 -6
937 -6
938 -7
939 -13
940 -8
941 -6
942 -7
943 -13
944 -13
945 -6
946 -9
947 -6
948 -14
949 -13
950 -13
951 -13
952 -7
953 -6
954 -6
955 -13
956 -13
957 -13
958 -13
959 -14
960 -7
961 -6
962 -6
963 -6
964 -7
965 -9
966 -13
967 -14
968 -13
969 -6
970 -9
971 -13
972 -14
973 -6
974 -14
975 -13
976 -9
977 -9
978 -9
979 -7
980 -6
981 -6
982 -6
983 -13
984 -14
985 -9
986 -13
987 -6
988 -6
989 -7
990 -6
991 -14
992 -13
993 -13
994 -13
995 -14
996 -6
997 -13
998 -9
999 -13
