0 -6
1 -14
2 -6
3 -6
4 -13
5 -13
6 -6
7 -6
8 -13
9 -6
10 -8
11 -13
12 -6
13 -13
14 -8
15 -13
16 -6
17 -14
18 -50
19 -6
20 -14
21 -13
22 -13
23 -6
24 -13
25 -8
26 -6
27 -6
28 -13
29 -6
30 -13
31 -13
32 -13
33 -13
34 -13
35 -6
36 -6
37 -6
38 -6
39 -14
40 -14
41 -8
42 -6
43 -6
44 -6
45 -6
46 -13
47 -14
48 -8
49 -13
50 -6
51 -6
52 -13
53 -6
54 -6
55 -14
56 -8
57 -13
58 -6
59 -6
60 -6
61 -6
62 -6
63 -6
64 -14
65 -6
66 -14
67 -6
68 -6
69 -14
70 -13
71 -14
72 -6
73 -6
74 -13
75 -6
76 -6
77 -6
78 -13
79 -6
80 -6
81 -6
82 -8
83 -14
84 -13
85 -13
86 -6
87 -6
88 -13
89 -6
90 -8
91 -14
92 -14
93 -6
94 -6
95 -13
96 -14
97 -20
98 -6
99 -6
100 -13
101 -6
102 -6
103 -6
104 -7
105 -13
106 -13
107 -6
108 -6
109 -13
110 -6
111 -6
112 -9
113 -14
114 -8
115 -13
116 -8
117 -14
118 -6
119 -14
120 -6
121 -6
122 -13
123 -8
124 -8
125 -6
126 -6
127 -13
128 -8
129 -6
130 -6
131 -17
132 -14
133 -8
134 -13
135 -13
136 -13
137 -13
138 -6
139 -6
140 -6
141 -14
142 -14
143 -6
144 -14
145 -8
146 -6
147 -14
148 -6
149 -6
150 -13
151 -8
152 -14
153 -12
154 -14
155 -13
156 -26
157 -14
158 -6
159 -8
160 -6
161 -14
162 -8
163 -13
164 -13
165 -13
166 -17
167 -13
168 -14
169 -6
170 -13
171 -8
172 -8
173 -6
174 -13
175 -13
176 -13
177 -6
178 -13
179 -6
180 -6
181 -14
182 -6
183 -6
184 -13
185 -6
186 -13
187 -6
188 -6
189 -6
190 -6
191 -6
192 -6
193 -13
194 -8
195 -13
196 -6
197 -17
198 -8
199 -14
200 -6
201 -6
202 -9
203 -6
204 -6
205 -6
206 -6
207 -6
208 -13
209 -6
210 -8
211 -14
212 -6
213 -6
214 -6
215 -6
216 -8
217 -6
218 -6
219 -6
220 -6
221 -13
222 -6
223 -8
224 -14
225 -6
226 -6
227 -8
228 -14
229 -14
230 -6
231 -8
232 -14
233 -6
234 -13
235 -13
236 -13
237 -11
238 -6
239 -6
240 -59
241 -6
242 -8
243 -6
244 -14
245 -13
246 -8
247 -6
248 -6
249 -8
250 -13
251 -6
252 -14
253 -13
254 -15
255 -6
256 -6
257 -6
258 -6
259 -13
260 -6
261 -14
262 -13
263 -8
264 -14
265 -14
266 -8
267 -14
268 -13
269 -14
270 -14
271 -8
272 -6
273 -17
274 -23
275 -14
276 -8
277 -6
278 -13
279 -17
280 -13
281 -6
282 -13
283 -13
284 -8
285 -13
286 -6
287 -14
288 -14
289 -13
290 -6
291 -14
292 -6
293 -13
294 -14
295 -8
296 -14
297 -14
298 -6
299 -14
300 -6
301 -6
302 -6
303 -6
304 -6
305 -6
306 -8
307 -6
308 -13
309 -6
310 -6
311 -13
312 -13
313 -14
314 -6
315 -6
316 -6
317 -6
318 -14
319 -6
320 -8
321 -6
322 -13
323 -13
324 -13
325 -8
326 -13
327 -6
328 -14
329 -6
330 -6
331 -14
332 -13
333 -6
334 -8
335 -23
336 -6
337 -6
338 -13
339 -8
340 -6
341 -13
342 -14
343 -6
344 -14
345 -14
346 -13
347 -6
348 -14
349 -6
350 -13
351 -13
352 -6
353 -13
354 -6
355 -8
356 -13
357 -6
358 -6
359 -13
360 -8
361 -13
362 -6
363 -13
364 -6
365 -6
366 -13
367 -8
368 -13
369 -13
370 -14
371 -13
372 -8
373 -8
374 -6
375 -6
376 -13
377 -14
378 -15
379 -13
380 -13
381 -14
382 -6
383 -6
384 -6
385 -6
386 -6
387 -14
388 -6
389 -6
390 -6
391 -13
392 -6
393 -14
394 -6
395 -6
396 -14
397 -13
398 -13
399 -8
400 -13
401 -6
402 -6
403 -13
404 -13
405 -13
406 -13
407 -13
408 -6
409 -6
410 -6
411 -6
412 -6
413 -6
414 -6
415 -8
416 -6
417 -6
418 -13
419 -6
420 -13
421 -13
422 -6
423 -6
424 -14
425 -6
426 -8
427 -8
428 -6
429 -6
430 -13
431 -13
432 -6
433 -6
434 -6
435 -6
436 -13
437 -14
438 -14
439 -14
440 -13
441 -14
442 -13
443 -8
444 -18
445 -8
446 -6
447 -13
448 -8
449 -6
450 -6
451 -13
452 -13
453 -13
454 -6
455 -8
456 -6
457 -11
458 -13
459 -6
460 -8
461 -6
462 -6
463 -13
464 -13
465 -13
466 -14
467 -6
468 -8
469 -16
470 -6
471 -14
472 -6
473 -8
474 -13
475 -6
476 -13
477 -8
478 -6
479 -6
480 -13
481 -6
482 -13
483 -14
484 -13
485 -13
486 -14
487 -8
488 -8
489 -14
490 -6
491 -14
492 -13
493 -6
494 -13
495 -6
496 -8
497 -6
498 -14
499 -13
500 -8
501 -6
502 -13
503 -13
504 -14
505 -13
506 -6
507 -6
508 -26
509 -6
510 -14
511 -14
512 -14
513 -13
514 -6
515 -13
516 -14
517 -13
518 -17
519 -6
520 -8
521 -14
522 -13
523 -8
524 -6
525 -6
526 -8
527 -8
528 -8
529 -14
530 -14
531 -14
532 -13
533 -13
534 -6
535 -6
536 -6
537 -6
538 -6
539 -8
540 -13
541 -6
542 -6
543 -6
544 -8
545 -6
546 -6
547 -6
548 -6
549 -13
550 -6
551 -13
552 -6
553 -24
554 -6
555 -14
556 -8
557 -8
558 -13
559 -6
560 -13
561 -13
562 -6
563 -6
564 -14
565 -14
566 -13
567 -8
568 -8
569 -13
570 -8
571 -6
572 -14
573 -6
574 -14
575 -6
576 -6
577 -8
578 -14
579 -13
580 -8
581 -6
582 -13
583 -8
584 -6
585 -14
586 -6
587 -6
588 -6
589 -14
590 -6
591 -13
592 -8
593 -13
594 -13
595 -6
596 -14
597 -14
598 -6
599 -13
600 -6
601 -6
602 -13
603 -6
604 -13
605 -13
606 -6
607 -6
608 -13
609 -13
610 -6
611 -6
612 -14
613 -6
614 -6
615 -13
616 -6
617 -8
618 -13
619 -6
620 -13
621 -6
622 -8
623 -8
624 -14
625 -13
626 -14
627 -6
628 -14
629 -6
630 -6
631 -6
632 -6
633 -6
634 -50
635 -14
636 -6
637 -6
638 -14
639 -8
640 -13
641 -6
642 -6
643 -13
644 -6
645 -14
646 -6
647 -6
648 -8
649 -14
650 -8
651 -13
652 -14
653 -13
654 -14
655 -14
656 -6
657 -6
658 -14
659 -8
660 -6
661 -18
662 -13
663 -14
664 -18
665 -6
666 -13
667 -6
668 -14
669 -6
670 -6
671 -6
672 -14
673 -6
674 -6
675 -26
676 -13
677 -6
678 -8
679 -6
680 -13
681 -6
682 -12
683 -14
684 -6
685 -6
686 -6
687 -13
688 -8
689 -6
690 -13
691 -6
692 -14
693 -6
694 -6
695 -14
696 -6
697 -6
698 -6
699 -6
700 -6
701 -6
702 -13
703 -6
704 -15
705 -13
706 -6
707 -13
708 -6
709 -6
710 -14
711 -8
712 -15
713 -14
714 -13
715 -6
716 -8
717 -6
718 -6
719 -13
720 -13
721 -8
722 -8
723 -13
724 -8
725 -14
726 -6
727 -13
728 -6
729 -6
730 -6
731 -13
732 -6
733 -13
734 -6
735 -8
736 -8
737 -14
738 -6
739 -14
740 -8
741 -8
742 -6
743 -6
744 -6
745 -6
746 -6
747 -6
748 -13
749 -6
750 -6
751 -13
752 -14
753 -8
754 -14
755 -6
756 -13
757 -8
758 -8
759 -13
760 -6
761 -6
762 -15
763 -14
764 -6
765 -6
766 -8
767 -14
768 -6
769 -14
770 -6
771 -6
772 -6
773 -6
774 -6
775 -13
776 -16
777 -6
778 -13
779 -14
780 -8
781 -13
782 -6
783 -13
784 -6
785 -6
786 -14
787 -6
788 -6
789 -13
790 -13
791 -6
792 -6
793 -6
794 -13
795 -14
796 -14
797 -13
798 -6
799 -13
800 -13
801 -16
802 -13
803 -6
804 -13
805 -6
806 -14
807 -6
808 -54
809 -6
810 -6
811 -14
812 -6
813 -6
814 -13
815 -6
816 -13
817 -13
818 -8
819 -8
820 -20
821 -13
822 -13
823 -6
824 -8
825 -13
826 -6
827 -6
828 -14
829 -14
830 -13
831 -14
832 -13
833 -6
834 -6
835 -6
836 -8
837 -6
838 -8
839 -13
840 -6
841 -6
842 -13
843 -8
844 -8
845 -13
846 -8
847 -14
848 -6
849 -14
850 -6
851 -6
852 -8
853 -7
854 -14
855 -6
856 -13
857 -13
858 -13
859 -13
860 -6
861 -13
862 -6
863 -8
864 -8
865 -6
866 -13
867 -6
868 -13
869 -8
870 -6
871 -6
872 -14
873 -11
874 -6
875 -13
876 -6
877 -13
878 -14
879 -14
880 -14
881 -8
882 -14
883 -13
884 -8
885 -8
886 -8
887 -6
888 -8
889 -14
890 -13
891 -6
892 -6
893 -13
894 -13
895 -13
896 -6
897 -13
898 -6
899 -6
900 -8
901 -8
902 -6
903 -13
904 -13
905 -6
906 -6
907 -14
908 -8
909 -8
910 -13
911 -6
912 -8
913 -6
914 -13
915 -13
916 -13
917 -13
918 -6
919 -18
920 -6
921 -6
922 -6
923 -6
924 -6
925 -6
926 -6
927 -12
928 -6
929 -6
930 -6
931 -13
932 -13
933 -18
934 -13
935 -14
936 -14
937 -14
938 -15
939 -8
940 -13
941 -6
942 -12
943 -14
944 -6
945 -13
946 -8
947 -14
948 -8
949 -13
950 -13
951 -6
952 -13
953 -13
954 -14
955 -6
956 -6
957 -6
958 -8
959 -6
960 -6
961 -6
962 -13
963 -13
964 -6
965 -6
966 -6
967 -6
968 -13
969 -13
970 -14
971 -14
972 -6
973 -13
974 -12
975 -8
976 -13
977 -6
978 -14
979 -14
980 -13
981 -13
982 -6
983 -13
984 -8
985 -6
986 -13
987 -18
988 -13
989 -8
990 -6
991 -13
992 -14
993 -6
994 -8
995 -13
996 -14
997 -8
998 -8
999 -13
