0 -14
1 -10
2 -6
3 -6
4 -14
5 -10
6 -14
7 -14
8 -13
9 -14
10 -13
11 -6
12 -6
13 -14
14 -10
15 -13
16 -13
17 -6
18 -14
19 -6
20 -13
21 -6
22 -6
23 -13
24 -10
25 -18
26 -6
27 -6
28 -13
29 -13
30 -13
31 -13
32 -13
33 -14
34 -13
35 -6
36 -6
37 -13
38 -6
39 -6
40 -15
41 -6
42 -10
43 -14
44 -13
45 -14
46 -13
47 -6
48 -10
49 -6
50 -6
51 -13
52 -12
53 -13
54 -6
55 -15
56 -13
57 -13
58 -6
59 -6
60 -6
61 -14
62 -10
63 -6
64 -10
65 -14
66 -14
67 -13
68 -13
69 -6
70 -13
71 -6
72 -10
73 -6
74 -14
75 -13
76 -6
77 -6
78 -13
79 -13
80 -14
81 -6
82 -13
83 -6
84 -14
85 -13
86 -6
87 -13
88 -6
89 -6
90 -6
91 -18
92 -14
93 -6
94 -6
95 -6
96 -10
97 -10
98 -6
99 -6
100 -6
101 -6
102 -13
103 -13
104 -13
105 -13
106 -6
107 -13
108 -6
109 -6
110 -10
111 -10
112 -14
113 -10
114 -6
115 -6
116 -13
117 -6
118 -6
119 -6
120 -6
121 -15
122 -14
123 -13
124 -13
125 -14
126 -13
127 -13
128 -12
129 -13
130 -13
131 -14
132 -13
133 -13
134 -10
135 -10
136 -13
137 -14
138 -6
139 -6
140 -6
141 -6
142 -6
143 -6
144 -6
145 -13
146 -13
147 -14
148 -10
149 -10
150 -13
151 -10
152 -6
153 -14
154 -12
155 -6
156 -13
157 -13
158 -6
159 -6
160 -6
161 -6
162 -11
163 -43
164 -14
165 -13
166 -10
167 -14
168 -6
169 -14
170 -6
171 -14
172 -13
173 -13
174 -6
175 -6
176 -6
177 -6
178 -6
179 -13
180 -14
181 -14
182 -14
183 -6
184 -14
185 -13
186 -6
187 -10
188 -10
189 -14
190 -6
191 -6
192 -13
193 -6
194 -10
195 -6
196 -13
197 -6
198 -6
199 -6
200 -13
201 -6
202 -10
203 -10
204 -6
205 -10
206 -10
207 -6
208 -13
209 -6
210 -14
211 -10
212 -13
213 -6
214 -6
215 -6
216 -6
217 -10
218 -14
219 -6
220 -10
221 -10
222 -6
223 -6
224 -6
225 -6
226 -13
227 -6
228 -13
229 -14
230 -14
231 -13
232 -10
233 -6
234 -14
235 -13
236 -10
237 -10
238 -6
239 -6
240 -6
241 -13
242 -6
243 -20
244 -13
245 -10
246 -13
247 -21
248 -13
249 -10
250 -11
251 -13
252 -6
253 -6
254 -10
255 -13
256 -6
257 -17
258 -30
259 -6
260 -6
261 -6
262 -10
263 -6
264 -6
265 -6
266 -6
267 -6
268 -13
269 -6
270 -14
271 -13
272 -6
273 -13
274 -6
275 -10
276 -6
277 -17
278 -6
279 -13
280 -10
281 -13
282 -13
283 -13
284 -6
285 -13
286 -14
287 -14
288 -13
289 -6
290 -14
291 -13
292 -13
293 -6
294 -10
295 -13
296 -6
297 -13
298 -13
299 -6
300 -13
301 -6
302 -10
303 -14
304 -13
305 -6
306 -6
307 -14
308 -10
309 -6
310 -6
311 -6
312 -6
313 -10
314 -6
315 -6
316 -14
317 -6
318 -6
319 -10
320 -13
321 -6
322 -6
323 -6
324 -6
325 -6
326 -13
327 -13
328 -13
329 -10
330 -13
331 -6
332 -6
333 -6
334 -6
335 -14
336 -6
337 -13
338 -14
339 -13
340 -6
341 -6
342 -6
343 -14
344 -6
345 -14
346 -6
347 -6
348 -38
349 -13
350 -6
351 -14
352 -6
353 -10
354 -13
355 -13
356 -6
357 -13
358 -6
359 -10
360 -6
361 -6
362 -6
363 -6
364 -10
365 -6
366 -14
367 -13
368 -10
369 -14
370 -13
371 -10
372 -6
373 -6
374 -14
375 -13
376 -13
377 -10
378 -6
379 -13
380 -13
381 -13
382 -6
383 -14
384 -6
385 -10
386 -6
387 -12
388 -6
389 -10
390 -13
391 -6
392 -6
393 -13
394 -10
395 -13
396 -10
397 -6
398 -13
399 -6
400 -6
401 -10
402 -14
403 -6
404 -18
405 -6
406 -6
407 -13
408 -13
409 -10
410 -10
411 -14
412 -6
413 -13
414 -10
415 -14
416 -6
417 -6
418 -13
419 -10
420 -13
421 -10
422 -6
423 -6
424 -13
425 -6
426 -13
427 -13
428 -6
429 -6
430 -13
431 -10
432 -13
433 -6
434 -14
435 -13
436 -6
437 -13
438 -13
439 -6
440 -13
441 -13
442 -6
443 -6
444 -14
445 -6
446 -10
447 -10
448 -13
449 -13
450 -6
451 -13
452 -13
453 -6
454 -14
455 -6
456 -14
457 -13
458 -13
459 -10
460 -10
461 -13
462 -6
463 -6
464 -6
465 -13
466 -14
467 -14
468 -14
469 -13
470 -6
471 -6
472 -6
473 -6
474 -42
475 -13
476 -13
477 -10
478 -6
479 -6
480 -13
481 -6
482 -10
483 -10
484 -6
485 -6
486 -13
487 -18
488 -13
489 -6
490 -18
491 -6
492 -13
493 -14
494 -10
495 -6
496 -6
497 -6
498 -6
499 -15
500 -13
501 -13
502 -14
503 -6
504 -10
505 -14
506 -13
507 -13
508 -6
509 -10
510 -6
511 -18
512 -6
513 -6
514 -6
515 -6
516 -13
517 -6
518 -14
519 -13
520 -6
521 -6
522 -13
523 -6
524 -6
525 -10
526 -6
527 -13
528 -6
529 -13
530 -13
531 -6
532 -14
533 -43
534 -10
535 -13
536 -14
537 -14
538 -13
539 -6
540 -6
541 -14
542 -13
543 -14
544 -6
545 -6
546 -10
547 -6
548 -6
549 -6
550 -13
551 -13
552 -6
553 -6
554 -13
555 -10
556 -14
557 -10
558 -13
559 -13
560 -6
561 -6
562 -6
563 -6
564 -13
565 -18
566 -10
567 -6
568 -10
569 -6
570 -14
571 -10
572 -10
573 -13
574 -6
575 -6
576 -6
577 -6
578 -10
579 -6
580 -13
581 -13
582 -6
583 -13
584 -6
585 -6
586 -6
587 -10
588 -6
589 -13
590 -34
591 -6
592 -14
593 -6
594 -14
595 -10
596 -6
597 -6
598 -6
599 -6
600 -13
601 -6
602 -13
603 -6
604 -6
605 -13
606 -6
607 -6
608 -14
609 -6
610 -6
611 -10
612 -13
613 -13
614 -6
615 -6
616 -6
617 -6
618 -6
619 -6
620 -6
621 -10
622 -13
623 -10
624 -6
625 -14
626 -13
627 -14
628 -13
629 -10
630 -10
631 -6
632 -6
633 -10
634 -6
635 -13
636 -6
637 -6
638 -6
639 -6
640 -13
641 -14
642 -14
643 -10
644 -14
645 -13
646 -6
647 -13
648 -6
649 -13
650 -13
651 -6
652 -10
653 -13
654 -13
655 -14
656 -6
657 -13
658 -13
659 -6
660 -13
661 -7
662 -6
663 -10
664 -6
665 -13
666 -13
667 -13
668 -6
669 -6
670 -14
671 -13
672 -13
673 -6
674 -6
675 -13
676 -13
677 -6
678 -6
679 -6
680 -14
681 -13
682 -6
683 -6
684 -6
685 -13
686 -6
687 -13
688 -10
689 -14
690 -10
691 -6
692 -6
693 -10
694 -6
695 -6
696 -6
697 -6
698 -6
699 -6
700 -13
701 -10
702 -14
703 -14
704 -6
705 -6
706 -6
707 -13
708 -13
709 -6
710 -6
711 -14
712 -13
713 -6
714 -13
715 -14
716 -13
717 -13
718 -14
719 -6
720 -13
721 -6
722 -14
723 -13
724 -13
725 -10
726 -6
727 -13
728 -14
729 -13
730 -6
731 -6
732 -13
733 -13
734 -6
735 -14
736 -6
737 -6
738 -14
739 -13
740 -14
741 -6
742 -13
743 -15
744 -14
745 -6
746 -6
747 -6
748 -6
749 -13
750 -6
751 -14
752 -10
753 -13
754 -10
755 -6
756 -14
757 -6
758 -14
759 -10
760 -6
761 -6
762 -9
763 -6
764 -13
765 -6
766 -10
767 -6
768 -6
769 -6
770 -14
771 -18
772 -13
773 -13
774 -6
775 -6
776 -6
777 -13
778 -6
779 -13
780 -14
781 -6
782 -13
783 -13
784 -6
785 -6
786 -13
787 -13
788 -6
789 -10
790 -6
791 -6
792 -6
793 -6
794 -13
795 -6
796 -13
797 -14
798 -13
799 -13
800 -12
801 -10
802 -14
803 -6
804 -13
805 -13
806 -6
807 -13
808 -14
809 -6
810 -10
811 -14
812 -14
813 -13
814 -42
815 -13
816 -13
817 -6
818 -13
819 -10
820 -10
821 -6
822 -6
823 -6
824 -10
825 -13
826 -13
827 -6
828 -10
829 -6
830 -10
831 -15
832 -13
833 -13
834 -10
835 -10
836 -13
837 -6
838 -13
839 -6
840 -6
841 -6
842 -6
843 -13
844 -6
845 -13
846 -6
847 -18
848 -14
849 -6
850 -6
851 -6
852 -6
853 -18
854 -6
855 -6
856 -6
857 -13
858 -6
859 -13
860 -6
861 -6
862 -6
863 -13
864 -6
865 -6
866 -6
867 -14
868 -13
869 -6
870 -10
871 -44
872 -13
873 -14
874 -13
875 -14
876 -13
877 -6
878 -14
879 -6
880 -6
881 -6
882 -14
883 -13
884 -10
885 -6
886 -8
887 -6
888 -13
889 -14
890 -10
891 -10
892 -13
893 -13
894 -6
895 -13
896 -13
897 -14
898 -6
899 -6
900 -13
901 -10
902 -6
903 -10
904 -6
905 -6
906 -6
907 -6
908 -13
909 -6
910 -13
911 -13
912 -13
913 -6
914 -6
915 -14
916 -14
917 -14
918 -6
919 -10
920 -13
921 -13
922 -13
923 -14
924 -6
925 -6
926 -6
927 -13
928 -13
929 -6
930 -6
931 -14
932 -14
933 -6
934 -13
935 -6
936 -13
937 -6
938 -6
939 -18
940 -6
941 -13
942 -6
943 -11
944 -6
945 -14
946 -13
947 -6
948 -14
949 -6
950 -6
951 -14
952 -6
953 -13
954 -14
955 -6
956 -6
957 -10
958 -14
959 -6
960 -10
961 -6
962 -6
963 -13
964 -13
965 -6
966 -6
967 -10
968 -6
969 -14
970 -6
971 -10
972 -10
973 -13
974 -13
975 -6
976 -6
977 -10
978 -6
979 -6
980 -13
981 -6
982 -6
983 -10
984 -6
985 -13
986 -14
987 -6
988 -10
989 -13
990 -6
991 -6
992 -6
993 -14
994 -13
995 -6
996 -6
997 -18
998 -10
999 -6
