0 -14
1 -13
2 -6
3 -6
4 -13
5 -13
6 -13
7 -7
8 -6
9 -13
10 -8
11 -14
12 -8
13 -6
14 -7
15 -14
16 -7
17 -13
18 -13
19 -13
20 -13
21 -13
22 -8
23 -13
24 -6
25 -13
26 -7
27 -7
28 -7
29 -6
30 -13
31 -6
32 -7
33 -14
34 -8
35 -6
36 -8
37 -6
38 -13
39 -8
40 -14
41 -6
42 -14
43 -8
44 -8
45 -13
46 -13
47 -6
48 -7
49 -8
50 -6
51 -6
52 -10
53 -14
54 -13
55 -13
56 -13
57 -14
58 -7
59 -8
60 -7
61 -6
62 -13
63 -13
64 -6
65 -6
66 -14
67 -8
68 -14
69 -7
70 -6
71 -13
72 -7
73 -7
74 -14
75 -6
76 -14
77 -13
78 -13
79 -6
80 -6
81 -13
82 -6
83 -14
84 -8
85 -6
86 -14
87 -13
88 -7
89 -8
90 -13
91 -8
92 -7
93 -13
94 -14
95 -6
96 -10
97 -8
98 -6
99 -13
100 -19
101 -6
102 -14
103 -8
104 -13
105 -7
106 -6
107 -8
108 -6
109 -13
110 -6
111 -13
112 -13
113 -8
114 -8
115 -14
116 -8
117 -6
118 -13
119 -14
120 -8
121 -6
122 -14
123 -6
124 -6
125 -14
126 -6
127 -6
128 -14
129 -6
130 -6
131 -14
132 -13
133 -7
134 -13
135 -14
136 -7
137 -14
138 -8
139 -14
140 -8
141 -13
142 -13
143 -7
144 -8
145 -6
146 -6
147 -8
148 -7
149 -7
150 -14
151 -6
152 -6
153 -6
154 -13
155 -13
156 -8
157 -6
158 -13
159 -13
160 -6
161 -6
162 -14
163 -9
164 -14
165 -6
166 -8
167 -7
168 -7
169 -6
170 -8
171 -8
172 -7
173 -13
174 -17
175 -6
176 -14
177 -6
178 -14
179 -13
180 -8
181 -13
182 -13
183 -8
184 -13
185 -6
186 -13
187 -14
188 -6
189 -6
190 -7
191 -6
192 -18
193 -13
194 -6
195 -13
196 -7
197 -13
198 -8
199 -14
200 -13
201 -7
202 -6
203 -13
204 -7
205 -13
206 -8
207 -6
208 -6
209 -12
210 -7
211 -7
212 -7
213 -8
214 -7
215 -13
216 -6
217 -58
218 -6
219 -6
220 -58
221 -13
222 -6
223 -7
224 -8
225 -13
226 -7
227 -13
228 -6
229 -13
230 -6
231 -6
232 -14
233 -8
234 -6
235 -7
236 -7
237 -20
238 -6
239 -18
240 -6
241 -14
242 -13
243 -13
244 -6
245 -13
246 -13
247 -14
248 -8
249 -6
250 -6
251 -13
252 -6
253 -14
254 -7
255 -13
256 -13
257 -14
258 -8
259 -8
260 -7
261 -13
262 -13
263 -13
264 -7
265 -6
266 -6
267 -12
268 -6
269 -13
270 -7
271 -8
272 -13
273 -13
274 -8
275 -6
276 -7
277 -13
278 -6
279 -13
280 -7
281 -8
282 -6
283 -14
284 -13
285 -13
286 -14
287 -13
288 -13
289 -14
290 -13
291 -13
292 -7
293 -6
294 -8
295 -6
296 -7
297 -7
298 -8
299 -6
300 -6
301 -13
302 -6
303 -13
304 -6
305 -13
306 -13
307 -8
308 -13
309 -7
310 -6
311 -14
312 -11
313 -13
314 -6
315 -14
316 -8
317 -6
318 -14
319 -6
320 -6
321 -7
322 -13
323 -6
324 -6
325 -8
326 -6
327 -6
328 -13
329 -6
330 -7
331 -14
332 -13
333 -7
334 -14
335 -6
336 -13
337 -6
338 -13
339 -13
340 -13
341 -7
342 -58
343 -8
344 -13
345 -6
346 -14
347 -6
348 -13
349 -13
350 -13
351 -13
352 -13
353 -8
354 -13
355 -7
356 -14
357 -6
358 -7
359 -6
360 -7
361 -13
362 -6
363 -6
364 -7
365 -7
366 -8
367 -13
368 -14
369 -13
370 -13
371 -6
372 -8
373 -13
374 -6
375 -7
376 -13
377 -6
378 -6
379 -7
380 -22
381 -13
382 -13
383 -13
384 -6
385 -8
386 -13
387 -13
388 -8
389 -14
390 -7
391 -8
392 -6
393 -13
394 -8
395 -8
396 -13
397 -6
398 -13
399 -13
400 -6
401 -14
402 -14
403 -13
404 -6
405 -13
406 -7
407 -15
408 -8
409 -14
410 -14
411 -8
412 -8
413 -13
414 -6
415 -7
416 -6
417 -13
418 -13
419 -6
420 -6
421 -12
422 -14
423 -6
424 -14
425 -13
426 -6
427 -13
428 -7
429 -14
430 -7
431 -7
432 -6
433 -6
434 -13
435 -7
436 -14
437 -13
438 -6
439 -14
440 -6
441 -7
442 -8
443 -13
444 -13
445 -13
446 -14
447 -7
448 -7
449 -18
450 -13
451 -8
452 -14
453 -6
454 -8
455 -6
456 -7
457 -14
458 -14
459 -14
460 -8
461 -7
462 -6
463 -7
464 -6
465 -13
466 -6
467 -6
468 -13
469 -13
470 -7
471 -8
472 -8
473 -6
474 -6
475 -6
476 -13
477 -13
478 -14
479 -13
480 -6
481 -6
482 -13
483 -13
484 -14
485 -6
486 -13
487 -14
488 -7
489 -7
490 -8
491 -8
492 -6
493 -13
494 -6
495 -13
496 -8
497 -6
498 -13
499 -6
500 -13
501 -7
502 -6
503 -8
504 -13
505 -6
506 -14
507 -6
508 -13
509 -13
510 -14
511 -13
512 -14
513 -6
514 -8
515 -14
516 -6
517 -6
518 -13
519 -13
520 -6
521 -9
522 -13
523 -13
524 -14
525 -13
526 -13
527 -13
528 -8
529 -6
530 -12
531 -6
532 -13
533 -6
534 -13
535 -7
536 -6
537 -6
538 -7
539 -13
540 -6
541 -14
542 -6
543 -6
544 -14
545 -7
546 -13
547 -14
548 -13
549 -13
550 -8
551 -13
552 -13
553 -13
554 -13
555 -8
556 -8
557 -13
558 -8
559 -13
560 -13
561 -13
562 -13
563 -13
564 -8
565 -14
566 -6
567 -14
568 -14
569 -8
570 -14
571 -7
572 -13
573 -8
574 -13
575 -7
576 -13
577 -14
578 -6
579 -13
580 -13
581 -7
582 -17
583 -8
584 -13
585 -6
586 -6
587 -6
588 -13
589 -8
590 -13
591 -13
592 -7
593 -13
594 -8
595 -13
596 -13
597 -8
598 -7
599 -13
600 -13
601 -13
602 -6
603 -6
604 -6
605 -13
606 -6
607 -7
608 -13
609 -6
610 -6
611 -14
612 -7
613 -13
614 -13
615 -6
616 -6
617 -6
618 -7
619 -6
620 -13
621 -13
622 -6
623 -6
624 -13
625 -13
626 -8
627 -6
628 -6
629 -13
630 -14
631 -8
632 -7
633 -6
634 -13
635 -6
636 -18
637 -6
638 -8
639 -14
640 -13
641 -13
642 -8
643 -7
644 -13
645 -14
646 -14
647 -13
648 -8
649 -13
650 -18
651 -13
652 -6
653 -14
654 -13
655 -8
656 -14
657 -8
658 -7
659 -13
660 -13
661 -8
662 -13
663 -13
664 -14
665 -14
666 -46
667 -14
668 -8
669 -14
670 -13
671 -6
672 -13
673 -7
674 -13
675 -13
676 -13
677 -7
678 -13
679 -7
680 -14
681 -8
682 -8
683 -13
684 -6
685 -7
686 -8
687 -14
688 -6
689 -7
690 -8
691 -6
692 -18
693 -13
694 -14
695 -7
696 -8
697 -14
698 -6
699 -13
700 -7
701 -14
702 -13
703 -13
704 -8
705 -14
706 -6
707 -6
708 -8
709 -17
710 -13
711 -13
712 -13
713 -13
714 -13
715 -6
716 -8
717 -6
718 -15
719 -6
720 -6
721 -13
722 -8
723 -14
724 -7
725 -6
726 -13
727 -7
728 -11
729 -7
730 -13
731 -13
732 -15
733 -7
734 -12
735 -6
736 -14
737 -13
738 -13
739 -6
740 -6
741 -14
742 -14
743 -13
744 -17
745 -6
746 -8
747 -7
748 -7
749 -8
750 -6
751 -6
752 -14
753 -8
754 -6
755 -6
756 -8
757 -14
758 -14
759 -7
760 -13
761 -6
762 -8
763 -13
764 -13
765 -8
766 -6
767 -6
768 -13
769 -8
770 -22
771 -14
772 -13
773 -6
774 -13
775 -7
776 -6
777 -8
778 -13
779 -13
780 -17
781 -13
782 -6
783 -6
784 -14
785 -13
786 -13
787 -8
788 -13
789 -7
790 -6
791 -8
792 -7
793 -12
794 -13
795 -13
796 -6
797 -6
798 -13
799 -8
800 -13
801 -6
802 -13
803 -13
804 -13
805 -14
806 -13
807 -15
808 -13
809 -13
810 -8
811 -6
812 -13
813 -7
814 -8
815 -6
816 -6
817 -7
818 -14
819 -6
820 -15
821 -14
822 -7
823 -6
824 -8
825 -6
826 -6
827 -6
828 -6
829 -6
830 -13
831 -13
832 -15
833 -8
834 -7
835 -14
836 -13
837 -6
838 -13
839 -6
840 -13
841 -14
842 -13
843 -6
844 -7
845 -7
846 -13
847 -8
848 -7
849 -6
850 -7
851 -13
852 -13
853 -8
854 -14
855 -13
856 -6
857 -7
858 -7
859 -8
860 -6
861 -6
862 -7
863 -6
864 -13
865 -13
866 -13
867 -7
868 -13
869 -7
870 -6
871 -6
872 -8
873 -13
874 -8
875 -13
876 -8
877 -6
878 -13
879 -14
880 -7
881 -13
882 -14
883 -7
884 -6
885 -13
886 -7
887 -13
888 -8
889 -13
890 -14
891 -8
892 -13
893 -13
894 -7
895 -6
896 -13
897 -6
898 -13
899 -6
900 -6
901 -6
902 -6
903 -8
904 -7
905 -6
906 -13
907 -13
908 -14
909 -14
910 -6
911 -13
912 -7
913 -6
914 -13
915 -6
916 -17
917 -23
918 -8
919 -6
920 -14
921 -8
922 -13
923 -8
924 -6
925 -13
926 -13
927 -6
928 -19
929 -13
930 -13
931 -7
932 -13
933 -6
934 -6
935 -13
936 -13
937 -13
938 -6
939 -8
940 -13
941 -13
942 -13
943 -10
944 -6
945 -13
946 -6
947 -7
948 -14
949 -8
950 -7
951 -13
952 -8
953 -7
954 -14
955 -6
956 -14
957 -6
958 -6
959 -13
960 -7
961 -13
962 -6
963 -13
964 -7
965 -6
966 -8
967 -13
968 -13
969 -13
970 -13
971 -7
972 -13
973 -14
974 -8
975 -6
976 -13
977 -14
978 -7
979 -13
980 -7
981 -14
982 -6
983 -13
984 -6
985 -13
986 -6
987 -7
988 -6
989 -13
990 -6
991 -8
992 -13
993 -8
994 -13
995 -14
996 -6
997 -6
998 -6
999 -13
