0 -10
1 -14
2 -10
3 -10
4 -6
5 -6
6 -13
7 -13
8 -13
9 -6
10 -13
11 -6
12 -13
13 -6
14 -10
15 -10
16 -6
17 -10
18 -13
19 -14
20 -13
21 -6
22 -12
23 -6
24 -6
25 -14
26 -13
27 -10
28 -6
29 -10
30 -14
31 -13
32 -14
33 -6
34 -10
35 -13
36 -6
37 -6
38 -6
39 -6
40 -10
41 -6
42 -14
43 -6
44 -17
45 -6
46 -6
47 -6
48 -6
49 -13
50 -6
51 -6
52 -6
53 -6
54 -13
55 -6
56 -14
57 -6
58 -6
59 -13
60 -10
61 -13
62 -14
63 -14
64 -6
65 -14
66 -13
67 -10
68 -13
69 -10
70 -10
71 -13
72 -6
73 -6
74 -10
75 -10
76 -13
77 -6
78 -6
79 -6
80 -13
81 -13
82 -6
83 -6
84 -13
85 -14
86 -6
87 -13
88 -14
89 -13
90 -6
91 -13
92 -6
93 -14
94 -10
95 -13
96 -13
97 -6
98 -6
99 -6
100 -6
101 -6
102 -13
103 -14
104 -6
105 -6
106 -13
107 -6
108 -13
109 -6
110 -6
111 -14
112 -6
113 -13
114 -6
115 -6
116 -10
117 -6
118 -14
119 -6
120 -13
121 -6
122 -6
123 -13
124 -6
125 -10
126 -14
127 -14
128 -10
129 -10
130 -10
131 -14
132 -27
133 -6
134 -6
135 -13
136 -6
137 -6
138 -6
139 -10
140 -10
141 -10
142 -6
143 -6
144 -6
145 -13
146 -6
147 -14
148 -10
149 -14
150 -10
151 -14
152 -6
153 -13
154 -6
155 -10
156 -6
157 -13
158 -10
159 -6
160 -6
161 -6
162 -6
163 -13
164 -6
165 -6
166 -6
167 -10
168 -13
169 -13
170 -6
171 -10
172 -6
173 -6
174 -14
175 -13
176 -6
177 -13
178 -13
179 -13
180 -6
181 -6
182 -14
183 -6
184 -13
185 -13
186 -10
187 -13
188 -6
189 -6
190 -18
191 -14
192 -6
193 -6
194 -13
195 -10
196 -17
197 -13
198 -18
199 -13
200 -10
201 -14
202 -10
203 -13
204 -10
205 -6
206 -6
207 -6
208 -14
209 -13
210 -6
211 -6
212 -6
213 -6
214 -13
215 -6
216 -13
217 -6
218 -6
219 -9
220 -6
221 -13
222 -10
223 -6
224 -18
225 -13
226 -13
227 -6
228 -6
229 -6
230 -6
231 -13
232 -13
233 -6
234 -13
235 -13
236 -6
237 -10
238 -13
239 -26
240 -6
241 -6
242 -6
243 -14
244 -10
245 -10
246 -13
247 -10
248 -6
249 -6
250 -13
251 -13
252 -13
253 -6
254 -6
255 -14
256 -14
257 -14
258 -6
259 -10
260 -6
261 -15
262 -14
263 -6
264 -13
265 -14
266 -6
267 -13
268 -13
269 -6
270 -14
271 -10
272 -13
273 -7
274 -13
275 -6
276 -10
277 -6
278 -6
279 -6
280 -6
281 -13
282 -26
283 -6
284 -6
285 -18
286 -12
287 -13
288 -20
289 -6
290 -13
291 -10
292 -6
293 -6
294 -13
295 -10
296 -6
297 -6
298 -13
299 -6
300 -6
301 -13
302 -6
303 -6
304 -6
305 -6
306 -13
307 -13
308 -6
309 -13
310 -6
311 -14
312 -13
313 -6
314 -14
315 -6
316 -10
317 -6
318 -19
319 -6
320 -6
321 -13
322 -6
323 -6
324 -6
325 -6
326 -19
327 -6
328 -14
329 -10
330 -6
331 -10
332 -13
333 -6
334 -6
335 -6
336 -13
337 -10
338 -20
339 -14
340 -14
341 -6
342 -11
343 -6
344 -13
345 -6
346 -10
347 -10
348 -13
349 -6
350 -6
351 -10
352 -10
353 -11
354 -6
355 -6
356 -6
357 -10
358 -6
359 -13
360 -13
361 -10
362 -6
363 -14
364 -6
365 -14
366 -13
367 -10
368 -6
369 -10
370 -10
371 -6
372 -6
373 -10
374 -6
375 -13
376 -13
377 -6
378 -14
379 -13
380 -10
381 -15
382 -13
383 -6
384 -14
385 -14
386 -6
387 -13
388 -6
389 -10
390 -6
391 -10
392 -6
393 -14
394 -10
395 -13
396 -6
397 -13
398 -10
399 -13
400 -13
401 -6
402 -6
403 -13
404 -6
405 -8
406 -6
407 -10
408 -13
409 -13
410 -10
411 -14
412 -14
413 -14
414 -12
415 -6
416 -6
417 -10
418 -13
419 -6
420 -6
421 -6
422 -14
423 -6
424 -10
425 -13
426 -6
427 -6
428 -6
429 -6
430 -6
431 -12
432 -6
433 -7
434 -6
435 -13
436 -6
437 -6
438 -6
439 -14
440 -6
441 -14
442 -14
443 -6
444 -10
445 -13
446 -6
447 -6
448 -13
449 -10
450 -10
451 -6
452 -6
453 -10
454 -6
455 -14
456 -6
457 -6
458 -14
459 -6
460 -14
461 -17
462 -14
463 -10
464 -13
465 -10
466 -10
467 -6
468 -13
469 -6
470 -6
471 -13
472 -6
473 -14
474 -10
475 -13
476 -13
477 -13
478 -17
479 -13
480 -6
481 -13
482 -18
483 -10
484 -13
485 -14
486 -6
487 -13
488 -6
489 -7
490 -6
491 -6
492 -6
493 -13
494 -13
495 -14
496 -13
497 -14
498 -14
499 -13
500 -6
501 -6
502 -13
503 -6
504 -14
505 -6
506 -6
507 -6
508 -14
509 -6
510 -6
511 -13
512 -13
513 -13
514 -6
515 -10
516 -10
517 -6
518 -6
519 -10
520 -10
521 -14
522 -18
523 -6
524 -6
525 -17
526 -6
527 -13
528 -13
529 -6
530 -6
531 -18
532 -6
533 -13
534 -17
535 -13
536 -13
537 -6
538 -6
539 -13
540 -10
541 -14
542 -13
543 -14
544 -13
545 -6
546 -6
547 -10
548 -13
549 -6
550 -13
551 -6
552 -10
553 -10
554 -6
555 -6
556 -6
557 -6
558 -13
559 -6
560 -6
561 -13
562 -6
563 -6
564 -14
565 -6
566 -13
567 -6
568 -6
569 -13
570 -6
571 -13
572 -14
573 -10
574 -6
575 -6
576 -10
577 -6
578 -6
579 -10
580 -6
581 -6
582 -13
583 -14
584 -13
585 -6
586 -27
587 -6
588 -13
589 -14
590 -6
591 -10
592 -6
593 -6
594 -13
595 -14
596 -6
597 -14
598 -14
599 -13
600 -6
601 -6
602 -6
603 -10
604 -6
605 -6
606 -11
607 -13
608 -13
609 -6
610 -14
611 -13
612 -6
613 -6
614 -14
615 -6
616 -10
617 -6
618 -6
619 -13
620 -13
621 -6
622 -13
623 -14
624 -13
625 -14
626 -6
627 -13
628 -14
629 -6
630 -6
631 -6
632 -13
633 -6
634 -13
635 -14
636 -6
637 -14
638 -6
639 -6
640 -13
641 -13
642 -10
643 -13
644 -6
645 -13
646 -14
647 -6
648 -14
649 -6
650 -13
651 -6
652 -13
653 -6
654 -14
655 -6
656 -6
657 -13
658 -6
659 -6
660 -6
661 -10
662 -13
663 -6
664 -6
665 -13
666 -13
667 -14
668 -10
669 -14
670 -6
671 -6
672 -13
673 -10
674 -6
675 -6
676 -13
677 -13
678 -6
679 -6
680 -14
681 -13
682 -8
683 -13
684 -13
685 -6
686 -6
687 -13
688 -14
689 -13
690 -13
691 -6
692 -6
693 -14
694 -14
695 -16
696 -13
697 -13
698 -6
699 -6
700 -6
701 -6
702 -13
703 -6
704 -10
705 -10
706 -14
707 -13
708 -10
709 -6
710 -6
711 -13
712 -6
713 -14
714 -14
715 -14
716 -6
717 -6
718 -14
719 -6
720 -6
721 -13
722 -14
723 -6
724 -13
725 -10
726 -10
727 -13
728 -10
729 -6
730 -10
731 -13
732 -6
733 -6
734 -13
735 -13
736 -6
737 -13
738 -10
739 -6
740 -15
741 -10
742 -14
743 -6
744 -13
745 -6
746 -14
747 -13
748 -13
749 -6
750 -13
751 -19
752 -6
753 -13
754 -14
755 -10
756 -6
757 -6
758 -6
759 -10
760 -14
761 -14
762 -13
763 -14
764 -14
765 -10
766 -13
767 -6
768 -13
769 -15
770 -10
771 -6
772 -14
773 -6
774 -8
775 -13
776 -6
777 -6
778 -6
779 -6
780 -14
781 -6
782 -10
783 -10
784 -6
785 -6
786 -6
787 -14
788 -6
789 -6
790 -6
791 -13
792 -13
793 -14
794 -6
795 -6
796 -6
797 -13
798 -13
799 -6
800 -6
801 -6
802 -14
803 -13
804 -14
805 -14
806 -6
807 -13
808 -13
809 -13
810 -10
811 -14
812 -6
813 -6
814 -6
815 -13
816 -13
817 -6
818 -6
819 -6
820 -6
821 -6
822 -13
823 -6
824 -13
825 -6
826 -10
827 -14
828 -14
829 -10
830 -6
831 -13
832 -6
833 -13
834 -6
835 -6
836 -13
837 -13
838 -16
839 -14
840 -14
841 -13
842 -13
843 -6
844 -6
845 -6
846 -13
847 -10
848 -6
849 -6
850 -6
851 -6
852 -13
853 -18
854 -6
855 -6
856 -6
857 -6
858 -6
859 -13
860 -6
861 -13
862 -10
863 -6
864 -6
865 -6
866 -6
867 -6
868 -6
869 -6
870 -13
871 -10
872 -6
873 -10
874 -10
875 -13
876 -14
877 -6
878 -11
879 -14
880 -13
881 -13
882 -13
883 -13
884 -6
885 -6
886 -10
887 -18
888 -13
889 -13
890 -38
891 -13
892 -6
893 -6
894 -6
895 -6
896 -13
897 -6
898 -6
899 -10
900 -13
901 -6
902 -13
903 -14
904 -13
905 -6
906 -6
907 -6
908 -14
909 -6
910 -6
911 -13
912 -13
913 -6
914 -10
915 -6
916 -6
917 -6
918 -13
919 -13
920 -13
921 -6
922 -13
923 -6
924 -6
925 -6
926 -13
927 -6
928 -13
929 -6
930 -6
931 -6
932 -14
933 -13
934 -6
935 -6
936 -6
937 -13
938 -6
939 -6
940 -6
941 -10
942 -6
943 -6
944 -6
945 -13
946 -6
947 -6
948 -6
949 -14
950 -26
951 -6
952 -6
953 -6
954 -14
955 -6
956 -10
957 -6
958 -13
959 -6
960 -6
961 -13
962 -6
963 -13
964 -13
965 -6
966 -6
967 -14
968 -6
969 -6
970 -10
971 -13
972 -13
973 -10
974 -10
975 -6
976 -6
977 -6
978 -35
979 -14
980 -6
981 -13
982 -6
983 -18
984 -13
985 -13
986 -6
987 -10
988 -13
989 -6
990 -14
991 -14
992 -13
993 -6
994 -13
995 -6
996 -6
997 -6
998 -13
999 -6
