0 -13
1 -6
2 -6
3 -6
4 -10
5 -14
6 -6
7 -13
8 -14
9 -10
10 -6
11 -6
12 -10
13 -10
14 -13
15 -6
16 -13
17 -13
18 -6
19 -13
20 -6
21 -6
22 -6
23 -10
24 -10
25 -13
26 -13
27 -6
28 -6
29 -10
30 -6
31 -17
32 -13
33 -10
34 -14
35 -13
36 -6
37 -10
38 -6
39 -6
40 -17
41 -13
42 -10
43 -6
44 -6
45 -13
46 -6
47 -6
48 -10
49 -13
50 -6
51 -14
52 -10
53 -13
54 -6
55 -14
56 -6
57 -13
58 -14
59 -10
60 -10
61 -10
62 -11
63 -6
64 -13
65 -13
66 -14
67 -14
68 -11
69 -9
70 -13
71 -13
72 -13
73 -6
74 -6
75 -6
76 -13
77 -40
78 -13
79 -6
80 -10
81 -6
82 -14
83 -10
84 -6
85 -6
86 -13
87 -16
88 -6
89 -13
90 -6
91 -13
92 -6
93 -6
94 -6
95 -13
96 -10
97 -6
98 -10
99 -6
100 -31
101 -10
102 -13
103 -6
104 -6
105 -15
106 -13
107 -10
108 -13
109 -6
110 -6
111 -6
112 -13
113 -6
114 -10
115 -6
116 -6
117 -13
118 -6
119 -6
120 -10
121 -13
122 -13
123 -6
124 -6
125 -10
126 -6
127 -13
128 -10
129 -13
130 -13
131 -13
132 -14
133 -6
134 -13
135 -10
136 -6
137 -14
138 -6
139 -10
140 -6
141 -6
142 -13
143 -6
144 -6
145 -6
146 -10
147 -6
148 -14
149 -13
150 -13
151 -13
152 -14
153 -10
154 -10
155 -6
156 -10
157 -10
158 -13
159 -10
160 -6
161 -13
162 -13
163 -13
164 -6
165 -13
166 -13
167 -6
168 -13
169 -6
170 -6
171 -6
172 -13
173 -14
174 -6
175 -6
176 -14
177 -18
178 -6
179 -6
180 -13
181 -10
182 -6
183 -6
184 -14
185 -10
186 -6
187 -6
188 -6
189 -10
190 -6
191 -6
192 -6
193 -6
194 -14
195 -13
196 -6
197 -10
198 -6
199 -14
200 -6
201 -10
202 -6
203 -13
204 -15
205 -10
206 -6
207 -13
208 -13
209 -14
210 -6
211 -6
212 -6
213 -6
214 -14
215 -6
216 -14
217 -13
218 -6
219 -6
220 -10
221 -6
222 -6
223 -14
224 -10
225 -6
226 -13
227 -18
228 -14
229 -6
230 -6
231 -6
232 -13
233 -13
234 -6
235 -6
236 -14
237 -14
238 -6
239 -6
240 -14
241 -13
242 -14
243 -13
244 -14
245 -6
246 -13
247 -13
248 -9
249 -14
250 -12
251 -6
252 -13
253 -18
254 -10
255 -10
256 -6
257 -13
258 -13
259 -6
260 -9
261 -6
262 -6
263 -13
264 -10
265 -6
266 -13
267 -10
268 -10
269 -6
270 -10
271 -13
272 -14
273 -13
274 -7
275 -10
276 -10
277 -10
278 -6
279 -13
280 -13
281 -6
282 -13
283 -14
284 -13
285 -13
286 -13
287 -6
288 -10
289 -10
290 -10
291 -6
292 -13
293 -8
294 -6
295 -6
296 -6
297 -14
298 -6
299 -13
300 -6
301 -14
302 -6
303 -6
304 -6
305 -10
306 -6
307 -6
308 -13
309 -6
310 -10
311 -6
312 -14
313 -6
314 -14
315 -6
316 -6
317 -6
318 -6
319 -10
320 -13
321 -6
322 -10
323 -14
324 -13
325 -13
326 -10
327 -13
328 -10
329 -6
330 -10
331 -10
332 -6
333 -6
334 -13
335 -14
336 -13
337 -10
338 -6
339 -12
340 -6
341 -6
342 -6
343 -13
344 -6
345 -13
346 -13
347 -13
348 -6
349 -6
350 -6
351 -14
352 -13
353 -14
354 -6
355 -14
356 -10
357 -13
358 -13
359 -14
360 -6
361 -13
362 -6
363 -13
364 -13
365 -6
366 -13
367 -13
368 -6
369 -14
370 -14
371 -6
372 -6
373 -13
374 -10
375 -6
376 -13
377 -14
378 -10
379 -13
380 -6
381 -10
382 -14
383 -14
384 -6
385 -6
386 -6
387 -6
388 -13
389 -6
390 -13
391 -13
392 -6
393 -10
394 -13
395 -14
396 -13
397 -6
398 -13
399 -6
400 -6
401 -6
402 -13
403 -23
404 -13
405 -6
406 -13
407 -10
408 -14
409 -6
410 -6
411 -13
412 -13
413 -13
414 -13
415 -13
416 -6
417 -6
418 -10
419 -17
420 -6
421 -13
422 -13
423 -13
424 -6
425 -6
426 -14
427 -13
428 -13
429 -13
430 -6
431 -13
432 -6
433 -6
434 -6
435 -13
436 -13
437 -13
438 -14
439 -6
440 -14
441 -10
442 -6
443 -14
444 -6
445 -6
446 -23
447 -13
448 -14
449 -13
450 -6
451 -14
452 -10
453 -13
454 -6
455 -14
456 -6
457 -13
458 -13
459 -6
460 -6
461 -13
462 -6
463 -10
464 -14
465 -14
466 -18
467 -6
468 -13
469 -6
470 -13
471 -14
472 -6
473 -13
474 -6
475 -10
476 -13
477 -13
478 -14
479 -6
480 -6
481 -10
482 -13
483 -13
484 -13
485 -13
486 -39
487 -10
488 -14
489 -13
490 -13
491 -6
492 -13
493 -14
494 -6
495 -14
496 -6
497 -14
498 -13
499 -17
500 -6
501 -6
502 -10
503 -6
504 -6
505 -6
506 -14
507 -13
508 -6
509 -13
510 -6
511 -6
512 -6
513 -6
514 -6
515 -10
516 -10
517 -13
518 -6
519 -13
520 -13
521 -9
522 -6
523 -7
524 -6
525 -13
526 -6
527 -14
528 -10
529 -6
530 -13
531 -13
532 -10
533 -13
534 -24
535 -6
536 -6
537 -6
538 -10
539 -13
540 -10
541 -10
542 -10
543 -6
544 -13
545 -6
546 -10
547 -6
548 -13
549 -6
550 -6
551 -13
552 -6
553 -13
554 -13
555 -6
556 -10
557 -6
558 -10
559 -13
560 -6
561 -13
562 -13
563 -6
564 -6
565 -14
566 -13
567 -6
568 -13
569 -10
570 -6
571 -6
572 -6
573 -13
574 -10
575 -6
576 -6
577 -13
578 -13
579 -6
580 -6
581 -10
582 -6
583 -10
584 -6
585 -15
586 -17
587 -6
588 -10
589 -13
590 -6
591 -6
592 -13
593 -13
594 -6
595 -13
596 -6
597 -6
598 -14
599 -6
600 -10
601 -12
602 -10
603 -14
604 -18
605 -13
606 -17
607 -13
608 -13
609 -13
610 -13
611 -13
612 -15
613 -6
614 -6
615 -12
616 -6
617 -6
618 -6
619 -13
620 -6
621 -6
622 -6
623 -14
624 -13
625 -13
626 -6
627 -6
628 -35
629 -6
630 -6
631 -13
632 -6
633 -10
634 -13
635 -6
636 -15
637 -10
638 -13
639 -13
640 -6
641 -6
642 -13
643 -13
644 -10
645 -6
646 -13
647 -10
648 -7
649 -6
650 -13
651 -6
652 -14
653 -6
654 -14
655 -13
656 -14
657 -14
658 -10
659 -14
660 -10
661 -10
662 -10
663 -14
664 -6
665 -10
666 -10
667 -13
668 -10
669 -6
670 -13
671 -13
672 -14
673 -10
674 -13
675 -14
676 -6
677 -13
678 -6
679 -14
680 -14
681 -6
682 -14
683 -14
684 -14
685 -10
686 -6
687 -13
688 -13
689 -14
690 -14
691 -10
692 -6
693 -6
694 -13
695 -13
696 -6
697 -12
698 -10
699 -6
700 -6
701 -13
702 -6
703 -16
704 -14
705 -6
706 -10
707 -13
708 -6
709 -10
710 -6
711 -13
712 -14
713 -6
714 -6
715 -13
716 -6
717 -13
718 -6
719 -6
720 -13
721 -10
722 -6
723 -13
724 -13
725 -10
726 -10
727 -13
728 -14
729 -6
730 -6
731 -13
732 -13
733 -6
734 -6
735 -10
736 -6
737 -14
738 -6
739 -14
740 -13
741 -6
742 -6
743 -6
744 -6
745 -13
746 -13
747 -6
748 -13
749 -6
750 -10
751 -6
752 -13
753 -6
754 -6
755 -14
756 -14
757 -10
758 -6
759 -14
760 -6
761 -6
762 -13
763 -6
764 -6
765 -13
766 -13
767 -13
768 -14
769 -17
770 -14
771 -13
772 -6
773 -13
774 -6
775 -14
776 -6
777 -14
778 -14
779 -13
780 -10
781 -10
782 -6
783 -6
784 -14
785 -13
786 -13
787 -6
788 -10
789 -6
790 -10
791 -10
792 -10
793 -14
794 -13
795 -10
796 -13
797 -13
798 -13
799 -6
800 -6
801 -6
802 -13
803 -6
804 -6
805 -10
806 -6
807 -14
808 -10
809 -13
810 -17
811 -12
812 -10
813 -14
814 -13
815 -6
816 -6
817 -6
818 -10
819 -10
820 -10
821 -6
822 -12
823 -13
824 -6
825 -10
826 -14
827 -15
828 -13
829 -6
830 -14
831 -10
832 -13
833 -13
834 -14
835 -10
836 -13
837 -6
838 -6
839 -6
840 -13
841 -6
842 -6
843 -6
844 -10
845 -6
846 -6
847 -13
848 -13
849 -10
850 -6
851 -14
852 -6
853 -13
854 -10
855 -13
856 -10
857 -13
858 -14
859 -10
860 -10
861 -13
862 -6
863 -10
864 -6
865 -10
866 -6
867 -6
868 -6
869 -13
870 -13
871 -6
872 -6
873 -6
874 -10
875 -10
876 -13
877 -19
878 -6
879 -9
880 -13
881 -13
882 -6
883 -13
884 -6
885 -6
886 -6
887 -10
888 -6
889 -13
890 -14
891 -10
892 -6
893 -13
894 -13
895 -14
896 -6
897 -6
898 -6
899 -6
900 -12
901 -13
902 -6
903 -6
904 -13
905 -6
906 -13
907 -13
908 -18
909 -6
910 -6
911 -13
912 -6
913 -6
914 -14
915 -13
916 -13
917 -6
918 -6
919 -6
920 -6
921 -13
922 -10
923 -6
924 -10
925 -6
926 -7
927 -6
928 -6
929 -14
930 -14
931 -6
932 -13
933 -13
934 -13
935 -14
936 -6
937 -14
938 -6
939 -6
940 -13
941 -13
942 -10
943 -13
944 -13
945 -14
946 -6
947 -13
948 -14
949 -6
950 -13
951 -6
952 -13
953 -10
954 -14
955 -13
956 -6
957 -6
958 -14
959 -13
960 -6
961 -13
962 -6
963 -10
964 -6
965 -6
966 -6
967 -6
968 -18
969 -6
970 -6
971 -22
972 -6
973 -6
974 -6
975 -14
976 -14
977 -10
978 -14
979 -6
980 -6
981 -6
982 -14
983 -14
984 -6
985 -7
986 -6
987 -6
988 -14
989 -6
990 -6
991 -10
992 -6
993 -6
994 -6
995 -13
996 -13
997 -14
998 -6
999 -6
