0 -13
1 -13
2 -9
3 -14
4 -6
5 -6
6 -8
7 -13
8 -14
9 -8
10 -8
11 -14
12 -14
13 -14
14 -8
15 -13
16 -8
17 -8
18 -6
19 -14
20 -13
21 -6
22 -13
23 -13
24 -6
25 -8
26 -14
27 -14
28 -6
29 -8
30 -6
31 -8
32 -6
33 -17
34 -8
35 -8
36 -9
37 -13
38 -6
39 -14
40 -14
41 -6
42 -13
43 -14
44 -13
45 -8
46 -9
47 -22
48 -8
49 -14
50 -11
51 -6
52 -14
53 -8
54 -8
55 -13
56 -9
57 -14
58 -14
59 -6
60 -6
61 -6
62 -9
63 -14
64 -8
65 -8
66 -14
67 -6
68 -18
69 -6
70 -8
71 -13
72 -13
73 -8
74 -6
75 -8
76 -6
77 -13
78 -13
79 -18
80 -14
81 -13
82 -6
83 -8
84 -6
85 -13
86 -14
87 -13
88 -14
89 -6
90 -6
91 -13
92 -13
93 -6
94 -8
95 -14
96 -6
97 -8
98 -6
99 -6
100 -13
101 -13
102 -10
103 -20
104 -8
105 -13
106 -8
107 -6
108 -13
109 -6
110 -14
111 -11
112 -14
113 -8
114 -13
115 -6
116 -6
117 -13
118 -8
119 -13
120 -12
121 -6
122 -13
123 -8
124 -13
125 -6
126 -14
127 -13
128 -14
129 -9
130 -6
131 -14
132 -8
133 -8
134 -13
135 -13
136 -14
137 -6
138 -6
139 -6
140 -6
141 -9
142 -6
143 -10
144 -6
145 -13
146 -8
147 -8
148 -6
149 -14
150 -8
151 -6
152 -8
153 -8
154 -13
155 -13
156 -13
157 -6
158 -8
159 -14
160 -13
161 -18
162 -6
163 -18
164 -6
165 -6
166 -6
167 -6
168 -18
169 -8
170 -8
171 -13
172 -14
173 -6
174 -13
175 -13
176 -14
177 -10
178 -8
179 -6
180 -14
181 -14
182 -6
183 -8
184 -13
185 -10
186 -13
187 -6
188 -13
189 -8
190 -6
191 -6
192 -8
193 -14
194 -8
195 -13
196 -6
197 -14
198 -13
199 -18
200 -13
201 -6
202 -10
203 -13
204 -13
205 -13
206 -13
207 -8
208 -13
209 -8
210 -6
211 -13
212 -6
213 -18
214 -9
215 -14
216 -14
217 -6
218 -6
219 -13
220 -10
221 -38
222 -13
223 -13
224 -6
225 -8
226 -14
227 -13
228 -6
229 -8
230 -14
231 -13
232 -8
233 -14
234 -6
235 -14
236 -14
237 -13
238 -10
239 -13
240 -6
241 -6
242 -13
243 -6
244 -13
245 -6
246 -10
247 -14
248 -18
249 -6
250 -6
251 -6
252 -13
253 -14
254 -6
255 -6
256 -6
257 -6
258 -13
259 -13
260 -14
261 -14
262 -6
263 -6
264 -13
265 -8
266 -13
267 -9
268 -6
269 -8
270 -6
271 -14
272 -18
273 -14
274 -6
275 -8
276 -13
277 -8
278 -6
279 -13
280 -6
281 -14
282 -13
283 -6
284 -8
285 -14
286 -13
287 -13
288 -13
289 -13
290 -8
291 -6
292 -13
293 -14
294 -14
295 -12
296 -13
297 -13
298 -13
299 -14
300 -13
301 -6
302 -13
303 -6
304 -8
305 -14
306 -8
307 -8
308 -13
309 -20
310 -8
311 -13
312 -13
313 -6
314 -6
315 -8
316 -13
317 -14
318 -14
319 -13
320 -9
321 -14
322 -6
323 -13
324 -25
325 -8
326 -6
327 -8
328 -8
329 -8
330 -9
331 -14
332 -14
333 -14
334 -8
335 -13
336 -6
337 -6
338 -14
339 -14
340 -14
341 -13
342 -13
343 -6
344 -13
345 -6
346 -12
347 -13
348 -6
349 -8
350 -6
351 -6
352 -13
353 -13
354 -6
355 -6
356 -13
357 -6
358 -14
359 -13
360 -13
361 -13
362 -13
363 -8
364 -6
365 -13
366 -14
367 -14
368 -6
369 -9
370 -8
371 -6
372 -6
373 -8
374 -6
375 -13
376 -6
377 -6
378 -6
379 -8
380 -6
381 -8
382 -6
383 -6
384 -6
385 -13
386 -13
387 -14
388 -13
389 -6
390 -9
391 -13
392 -13
393 -18
394 -13
395 -8
396 -14
397 -6
398 -8
399 -14
400 -13
401 -12
402 -18
403 -14
404 -8
405 -13
406 -14
407 -6
408 -8
409 -14
410 -8
411 -18
412 -13
413 -15
414 -13
415 -13
416 -14
417 -8
418 -8
419 -13
420 -8
421 -8
422 -6
423 -8
424 -14
425 -8
426 -9
427 -13
428 -6
429 -6
430 -13
431 -8
432 -14
433 -13
434 -6
435 -8
436 -13
437 -14
438 -6
439 -13
440 -13
441 -14
442 -6
443 -13
444 -6
445 -6
446 -14
447 -14
448 -6
449 -13
450 -14
451 -13
452 -8
453 -8
454 -13
455 -13
456 -8
457 -14
458 -14
459 -6
460 -13
461 -13
462 -13
463 -14
464 -6
465 -6
466 -23
467 -6
468 -6
469 -6
470 -8
471 -10
472 -9
473 -13
474 -12
475 -6
476 -13
477 -8
478 -13
479 -13
480 -8
481 -8
482 -6
483 -14
484 -6
485 -9
486 -6
487 -13
488 -13
489 -14
490 -13
491 -6
492 -13
493 -14
494 -13
495 -13
496 -13
497 -14
498 -13
499 -13
500 -13
501 -13
502 -8
503 -6
504 -13
505 -14
506 -6
507 -13
508 -13
509 -6
510 -13
511 -8
512 -8
513 -13
514 -13
515 -8
516 -13
517 -11
518 -6
519 -8
520 -6
521 -6
522 -13
523 -13
524 -8
525 -8
526 -6
527 -13
528 -6
529 -6
530 -14
531 -14
532 -13
533 -6
534 -13
535 -6
536 -13
537 -8
538 -9
539 -13
540 -6
541 -8
542 -6
543 -14
544 -8
545 -6
546 -8
547 -13
548 -6
549 -6
550 -13
551 -14
552 -13
553 -13
554 -8
555 -8
556 -13
557 -13
558 -8
559 -6
560 -13
561 -13
562 -13
563 -13
564 -14
565 -8
566 -8
567 -13
568 -6
569 -14
570 -6
571 -13
572 -6
573 -6
574 -13
575 -13
576 -13
577 -13
578 -13
579 -6
580 -13
581 -13
582 -6
583 -6
584 -14
585 -13
586 -6
587 -8
588 -6
589 -8
590 -13
591 -13
592 -6
593 -6
594 -13
595 -6
596 -13
597 -6
598 -6
599 -13
600 -6
601 -13
602 -6
603 -13
604 -8
605 -13
606 -6
607 -6
608 -6
609 -8
610 -18
611 -8
612 -6
613 -6
614 -13
615 -9
616 -6
617 -14
618 -35
619 -13
620 -13
621 -6
622 -6
623 -9
624 -6
625 -8
626 -9
627 -11
628 -6
629 -6
630 -13
631 -13
632 -13
633 -14
634 -8
635 -13
636 -8
637 -9
638 -8
639 -13
640 -14
641 -8
642 -6
643 -8
644 -8
645 -13
646 -13
647 -14
648 -13
649 -13
650 -13
651 -6
652 -8
653 -8
654 -14
655 -6
656 -8
657 -9
658 -6
659 -8
660 -13
661 -13
662 -13
663 -6
664 -13
665 -13
666 -10
667 -6
668 -8
669 -6
670 -13
671 -13
672 -17
673 -14
674 -8
675 -6
676 -14
677 -13
678 -6
679 -13
680 -6
681 -13
682 -8
683 -8
684 -6
685 -13
686 -8
687 -6
688 -15
689 -8
690 -8
691 -6
692 -6
693 -6
694 -13
695 -54
696 -8
697 -13
698 -14
699 -8
700 -14
701 -6
702 -8
703 -6
704 -6
705 -13
706 -13
707 -8
708 -9
709 -6
710 -13
711 -13
712 -8
713 -18
714 -6
715 -13
716 -14
717 -13
718 -8
719 -13
720 -13
721 -6
722 -8
723 -13
724 -28
725 -6
726 -14
727 -8
728 -14
729 -12
730 -9
731 -13
732 -6
733 -15
734 -13
735 -8
736 -8
737 -13
738 -6
739 -13
740 -6
741 -13
742 -6
743 -18
744 -13
745 -13
746 -8
747 -14
748 -6
749 -14
750 -8
751 -14
752 -6
753 -8
754 -6
755 -13
756 -8
757 -8
758 -13
759 -13
760 -8
761 -6
762 -14
763 -14
764 -6
765 -8
766 -6
767 -13
768 -6
769 -14
770 -8
771 -8
772 -13
773 -8
774 -14
775 -6
776 -8
777 -14
778 -8
779 -14
780 -6
781 -13
782 -8
783 -18
784 -8
785 -8
786 -13
787 -13
788 -6
789 -6
790 -13
791 -13
792 -8
793 -8
794 -13
795 -13
796 -6
797 -6
798 -6
799 -13
800 -13
801 -8
802 -13
803 -6
804 -14
805 -6
806 -6
807 -6
808 -13
809 -14
810 -6
811 -14
812 -8
813 -8
814 -13
815 -6
816 -14
817 -14
818 -14
819 -13
820 -8
821 -8
822 -8
823 -13
824 -6
825 -14
826 -6
827 -14
828 -8
829 -13
830 -8
831 -6
832 -6
833 -13
834 -8
835 -6
836 -13
837 -6
838 -6
839 -6
840 -21
841 -6
842 -12
843 -6
844 -13
845 -14
846 -13
847 -8
848 -6
849 -22
850 -8
851 -13
852 -14
853 -13
854 -13
855 -13
856 -14
857 -6
858 -13
859 -9
860 -8
861 -8
862 -9
863 -6
864 -6
865 -13
866 -40
867 -6
868 -13
869 -14
870 -6
871 -13
872 -18
873 -13
874 -14
875 -6
876 -8
877 -6
878 -13
879 -8
880 -14
881 -14
882 -13
883 -10
884 -13
885 -6
886 -14
887 -6
888 -18
889 -14
890 -6
891 -8
892 -8
893 -8
894 -6
895 -8
896 -13
897 -8
898 -8
899 -6
900 -14
901 -14
902 -14
903 -14
904 -13
905 -13
906 -6
907 -13
908 -14
909 -13
910 -6
911 -13
912 -14
913 -14
914 -42
915 -14
916 -14
917 -14
918 -8
919 -8
920 -14
921 -8
922 -13
923 -9
924 -6
925 -8
926 -13
927 -6
928 -14
929 -13
930 -6
931 -13
932 -6
933 -13
934 -6
935 -6
936 -13
937 -13
938 -6
939 -8
940 -8
941 -6
942 -8
943 -6
944 -13
945 -8
946 -14
947 -6
948 -14
949 -13
950 -12
951 -22
952 -8
953 -13
954 -8
955 -6
956 -14
957 -13
958 -13
959 -8
960 -8
961 -8
962 -8
963 -13
964 -13
965 -6
966 -13
967 -13
968 -13
969 -20
970 -8
971 -14
972 -14
973 -14
974 -6
975 -14
976 -8
977 -14
978 -6
979 -8
980 -13
981 -9
982 -8
983 -8
984 -14
985 -6
986 -13
987 -9
988 -13
989 -10
990 -13
991 -6
992 -6
993 -13
994 -14
995 -13
996 -13
997 -13
998 -8
999 -13
