0 -6
1 -8
2 -14
3 -6
4 -13
5 -13
6 -13
7 -13
8 -14
9 -6
10 -14
11 -7
12 -8
13 -6
14 -14
15 -13
16 -6
17 -6
18 -8
19 -13
20 -13
21 -13
22 -18
23 -7
24 -14
25 -13
26 -8
27 -14
28 -7
29 -14
30 -6
31 -6
32 -6
33 -6
34 -8
35 -14
36 -13
37 -13
38 -6
39 -8
40 -14
41 -13
42 -7
43 -14
44 -8
45 -6
46 -6
47 -14
48 -7
49 -13
50 -6
51 -13
52 -7
53 -8
54 -13
55 -8
56 -6
57 -13
58 -6
59 -6
60 -13
61 -13
62 -14
63 -13
64 -8
65 -19
66 -6
67 -6
68 -7
69 -6
70 -14
71 -8
72 -7
73 -6
74 -14
75 -6
76 -6
77 -14
78 -14
79 -8
80 -8
81 -14
82 -13
83 -8
84 -6
85 -8
86 -12
87 -7
88 -6
89 -6
90 -6
91 -8
92 -14
93 -13
94 -13
95 -6
96 -6
97 -13
98 -14
99 -8
100 -7
101 -13
102 -6
103 -8
104 -25
105 -8
106 -6
107 -13
108 -6
109 -6
110 -13
111 -13
112 -8
113 -8
114 -14
115 -6
116 -7
117 -6
118 -6
119 -13
120 -6
121 -14
122 -8
123 -8
124 -8
125 -6
126 -7
127 -20
128 -13
129 -14
130 -13
131 -8
132 -6
133 -14
134 -12
135 -7
136 -14
137 -6
138 -8
139 -13
140 -13
141 -14
142 -14
143 -13
144 -8
145 -6
146 -8
147 -14
148 -7
149 -14
150 -8
151 -13
152 -7
153 -14
154 -6
155 -13
156 -13
157 -6
158 -6
159 -8
160 -14
161 -13
162 -6
163 -6
164 -13
165 -6
166 -13
167 -8
168 -13
169 -6
170 -14
171 -14
172 -8
173 -8
174 -6
175 -7
176 -6
177 -6
178 -13
179 -6
180 -6
181 -13
182 -30
183 -7
184 -18
185 -13
186 -13
187 -6
188 -6
189 -8
190 -6
191 -8
192 -14
193 -14
194 -6
195 -14
196 -6
197 -8
198 -13
199 -6
200 -6
201 -8
202 -7
203 -6
204 -6
205 -13
206 -6
207 -13
208 -7
209 -13
210 -7
211 -13
212 -6
213 -13
214 -13
215 -6
216 -14
217 -13
218 -6
219 -8
220 -13
221 -17
222 -7
223 -6
224 -13
225 -13
226 -6
227 -8
228 -6
229 -13
230 -6
231 -6
232 -12
233 -14
234 -8
235 -8
236 -7
237 -17
238 -14
239 -6
240 -13
241 -14
242 -13
243 -7
244 -14
245 -14
246 -13
247 -14
248 -10
249 -6
250 -8
251 -8
252 -6
253 -13
254 -6
255 -7
256 -14
257 -7
258 -8
259 -13
260 -13
261 -6
262 -8
263 -14
264 -14
265 -13
266 -13
267 -6
268 -7
269 -6
270 -8
271 -6
272 -14
273 -7
274 -7
275 -8
276 -6
277 -7
278 -8
279 -7
280 -7
281 -13
282 -14
283 -8
284 -6
285 -12
286 -13
287 -6
288 -13
289 -6
290 -14
291 -13
292 -7
293 -7
294 -6
295 -7
296 -7
297 -6
298 -6
299 -13
300 -6
301 -8
302 -13
303 -8
304 -14
305 -8
306 -14
307 -6
308 -13
309 -8
310 -6
311 -7
312 -6
313 -6
314 -6
315 -13
316 -6
317 -13
318 -6
319 -8
320 -6
321 -14
322 -6
323 -6
324 -6
325 -7
326 -14
327 -8
328 -13
329 -8
330 -6
331 -6
332 -13
333 -7
334 -13
335 -7
336 -6
337 -6
338 -7
339 -7
340 -7
341 -6
342 -13
343 -14
344 -6
345 -6
346 -13
347 -8
348 -6
349 -6
350 -7
351 -14
352 -6
353 -13
354 -14
355 -8
356 -6
357 -7
358 -7
359 -14
360 -13
361 -14
362 -6
363 -13
364 -14
365 -13
366 -6
367 -6
368 -13
369 -14
370 -13
371 -14
372 -7
373 -8
374 -13
375 -6
376 -13
377 -13
378 -7
379 -8
380 -17
381 -13
382 -6
383 -8
384 -7
385 -14
386 -6
387 -6
388 -14
389 -14
390 -13
391 -7
392 -6
393 -6
394 -8
395 -7
396 -9
397 -8
398 -6
399 -13
400 -6
401 -6
402 -13
403 -8
404 -6
405 -8
406 -8
407 -13
408 -6
409 -13
410 -14
411 -6
412 -6
413 -6
414 -8
415 -6
416 -6
417 -13
418 -13
419 -7
420 -7
421 -6
422 -6
423 -8
424 -6
425 -6
426 -6
427 -6
428 -6
429 -6
430 -6
431 -14
432 -14
433 -8
434 -13
435 -6
436 -8
437 -7
438 -9
439 -6
440 -7
441 -6
442 -7
443 -8
444 -14
445 -13
446 -13
447 -14
448 -13
449 -14
450 -7
451 -6
452 -8
453 -13
454 -8
455 -13
456 -13
457 -13
458 -13
459 -6
460 -6
461 -8
462 -13
463 -6
464 -13
465 -8
466 -13
467 -6
468 -13
469 -6
470 -14
471 -7
472 -6
473 -6
474 -13
475 -13
476 -14
477 -13
478 -6
479 -13
480 -13
481 -13
482 -7
483 -7
484 -6
485 -8
486 -6
487 -14
488 -14
489 -14
490 -6
491 -6
492 -13
493 -6
494 -13
495 -14
496 -8
497 -13
498 -13
499 -18
500 -14
501 -8
502 -14
503 -14
504 -8
505 -13
506 -7
507 -13
508 -8
509 -13
510 -13
511 -8
512 -7
513 -14
514 -6
515 -8
516 -8
517 -8
518 -14
519 -6
520 -7
521 -8
522 -16
523 -44
524 -7
525 -7
526 -13
527 -13
528 -11
529 -13
530 -14
531 -26
532 -13
533 -7
534 -13
535 -6
536 -13
537 -13
538 -7
539 -13
540 -6
541 -8
542 -13
543 -7
544 -13
545 -17
546 -7
547 -14
548 -13
549 -6
550 -13
551 -7
552 -13
553 -13
554 -6
555 -9
556 -8
557 -13
558 -7
559 -13
560 -8
561 -7
562 -14
563 -13
564 -13
565 -8
566 -6
567 -14
568 -13
569 -6
570 -6
571 -14
572 -13
573 -6
574 -6
575 -6
576 -7
577 -14
578 -13
579 -7
580 -14
581 -14
582 -14
583 -13
584 -6
585 -8
586 -8
587 -13
588 -13
589 -13
590 -8
591 -8
592 -7
593 -13
594 -13
595 -13
596 -8
597 -14
598 -7
599 -14
600 -6
601 -7
602 -14
603 -14
604 -19
605 -7
606 -6
607 -14
608 -6
609 -13
610 -7
611 -6
612 -7
613 -14
614 -13
615 -13
616 -7
617 -6
618 -13
619 -6
620 -6
621 -6
622 -13
623 -13
624 -8
625 -20
626 -13
627 -7
628 -18
629 -13
630 -13
631 -6
632 -7
633 -14
634 -7
635 -7
636 -14
637 -14
638 -14
639 -6
640 -6
641 -6
642 -13
643 -6
644 -13
645 -7
646 -13
647 -8
648 -14
649 -11
650 -13
651 -14
652 -8
653 -14
654 -13
655 -6
656 -7
657 -13
658 -14
659 -13
660 -14
661 -13
662 -8
663 -7
664 -13
665 -6
666 -13
667 -8
668 -13
669 -14
670 -7
671 -14
672 -13
673 -14
674 -13
675 -13
676 -7
677 -13
678 -6
679 -14
680 -8
681 -6
682 -13
683 -7
684 -13
685 -13
686 -13
687 -6
688 -14
689 -6
690 -13
691 -7
692 -6
693 -6
694 -6
695 -6
696 -14
697 -13
698 -13
699 -13
700 -13
701 -6
702 -14
703 -8
704 -13
705 -7
706 -14
707 -18
708 -13
709 -8
710 -14
711 -7
712 -14
713 -13
714 -13
715 -7
716 -14
717 -6
718 -17
719 -13
720 -6
721 -14
722 -7
723 -14
724 -6
725 -7
726 -13
727 -14
728 -8
729 -6
730 -14
731 -6
732 -7
733 -13
734 -13
735 -13
736 -12
737 -7
738 -6
739 -7
740 -7
741 -13
742 -13
743 -13
744 -13
745 -6
746 -13
747 -13
748 -6
749 -7
750 -6
751 -7
752 -7
753 -13
754 -14
755 -8
756 -8
757 -6
758 -14
759 -6
760 -6
761 -8
762 -6
763 -8
764 -6
765 -8
766 -6
767 -8
768 -13
769 -6
770 -13
771 -8
772 -6
773 -14
774 -8
775 -14
776 -6
777 -8
778 -14
779 -6
780 -6
781 -6
782 -6
783 -16
784 -6
785 -8
786 -6
787 -8
788 -7
789 -13
790 -13
791 -13
792 -8
793 -6
794 -6
795 -13
796 -14
797 -6
798 -6
799 -6
800 -14
801 -13
802 -8
803 -13
804 -8
805 -7
806 -13
807 -6
808 -13
809 -8
810 -8
811 -6
812 -13
813 -6
814 -14
815 -7
816 -6
817 -8
818 -8
819 -13
820 -6
821 -6
822 -7
823 -13
824 -7
825 -13
826 -14
827 -6
828 -8
829 -14
830 -7
831 -6
832 -6
833 -13
834 -14
835 -13
836 -8
837 -6
838 -7
839 -13
840 -13
841 -13
842 -8
843 -8
844 -13
845 -14
846 -11
847 -13
848 -13
849 -13
850 -7
851 -13
852 -13
853 -13
854 -8
855 -6
856 -14
857 -13
858 -6
859 -7
860 -8
861 -10
862 -7
863 -8
864 -6
865 -13
866 -6
867 -8
868 -8
869 -13
870 -13
871 -12
872 -13
873 -13
874 -6
875 -13
876 -7
877 -13
878 -6
879 -6
880 -8
881 -6
882 -8
883 -7
884 -8
885 -13
886 -7
887 -14
888 -13
889 -6
890 -13
891 -13
892 -17
893 -7
894 -7
895 -7
896 -13
897 -13
898 -6
899 -7
900 -12
901 -13
902 -6
903 -7
904 -7
905 -6
906 -6
907 -7
908 -13
909 -8
910 -8
911 -14
912 -6
913 -7
914 -7
915 -13
916 -14
917 -13
918 -6
919 -7
920 -6
921 -7
922 -6
923 -9
924 -6
925 -8
926 -36
927 -13
928 -7
929 -13
930 -13
931 -8
932 -20
933 -13
934 -14
935 -13
936 -6
937 -14
938 -13
939 -7
940 -6
941 -7
942 -13
943 -6
944 -8
945 -8
946 -7
947 -13
948 -8
949 -7
950 -6
951 -14
952 -6
953 -6
954 -13
955 -6
956 -14
957 -13
958 -6
959 -6
960 -14
961 -14
962 -7
963 -7
964 -14
965 -7
966 -13
967 -6
968 -13
969 -6
970 -7
971 -8
972 -6
973 -8
974 -8
975 -13
976 -7
977 -8
978 -14
979 -8
980 -14
981 -8
982 -6
983 -6
984 -7
985 -7
986 -13
987 -13
988 -14
989 -7
990 -14
991 -6
992 -8
993 -8
994 -6
995 -13
996 -6
997 -7
998 -14
999 -6
