0 -7
1 -13
2 -14
3 -7
4 -8
5 -14
6 -6
7 -8
8 -8
9 -13
10 -14
11 -6
12 -13
13 -14
14 -13
15 -14
16 -25
17 -6
18 -14
19 -14
20 -6
21 -13
22 -6
23 -7
24 -6
25 -13
26 -13
27 -13
28 -8
29 -13
30 -6
31 -7
32 -13
33 -6
34 -14
35 -6
36 -14
37 -6
38 -14
39 -6
40 -7
41 -6
42 -13
43 -6
44 -8
45 -6
46 -8
47 -13
48 -14
49 -14
50 -6
51 -8
52 -6
53 -6
54 -6
55 -7
56 -14
57 -13
58 -14
59 -13
60 -6
61 -8
62 -17
63 -6
64 -8
65 -6
66 -13
67 -6
68 -6
69 -6
70 -18
71 -6
72 -8
73 -8
74 -6
75 -8
76 -7
77 -6
78 -13
79 -8
80 -13
81 -6
82 -13
83 -7
84 -13
85 -8
86 -13
87 -6
88 -8
89 -13
90 -8
91 -18
92 -13
93 -6
94 -6
95 -8
96 -14
97 -14
98 -6
99 -7
100 -7
101 -13
102 -14
103 -6
104 -7
105 -22
106 -7
107 -6
108 -14
109 -14
110 -14
111 -39
112 -8
113 -6
114 -13
115 -6
116 -13
117 -8
118 -6
119 -13
120 -7
121 -7
122 -14
123 -13
124 -8
125 -6
126 -8
127 -6
128 -13
129 -13
130 -8
131 -7
132 -7
133 -14
134 -7
135 -13
136 -14
137 -6
138 -13
139 -6
140 -6
141 -6
142 -6
143 -13
144 -13
145 -13
146 -6
147 -13
148 -14
149 -6
150 -6
151 -6
152 -8
153 -13
154 -7
155 -13
156 -14
157 -13
158 -8
159 -6
160 -7
161 -13
162 -14
163 -13
164 -6
165 -14
166 -13
167 -6
168 -14
169 -14
170 -7
171 -8
172 -14
173 -6
174 -13
175 -8
176 -7
177 -14
178 -7
179 -13
180 -13
181 -6
182 -7
183 -6
184 -6
185 -12
186 -13
187 -14
188 -7
189 -8
190 -8
191 -6
192 -13
193 -14
194 -13
195 -6
196 -13
197 -13
198 -13
199 -8
200 -14
201 -8
202 -7
203 -6
204 -13
205 -7
206 -13
207 -13
208 -6
209 -6
210 -18
211 -13
212 -8
213 -13
214 -6
215 -6
216 -12
217 -6
218 -6
219 -6
220 -14
221 -13
222 -13
223 -7
224 -13
225 -8
226 -6
227 -6
228 -8
229 -8
230 -17
231 -8
232 -7
233 -8
234 -7
235 -7
236 -7
237 -6
238 -7
239 -8
240 -6
241 -7
242 -13
243 -8
244 -8
245 -13
246 -6
247 -13
248 -6
249 -10
250 -13
251 -13
252 -6
253 -13
254 -7
255 -13
256 -14
257 -6
258 -15
259 -6
260 -6
261 -13
262 -13
263 -8
264 -8
265 -13
266 -6
267 -14
268 -6
269 -8
270 -7
271 -13
272 -13
273 -6
274 -13
275 -7
276 -15
277 -7
278 -13
279 -13
280 -6
281 -13
282 -6
283 -13
284 -6
285 -8
286 -9
287 -6
288 -8
289 -6
290 -6
291 -6
292 -14
293 -7
294 -8
295 -7
296 -13
297 -13
298 -13
299 -6
300 -6
301 -14
302 -6
303 -13
304 -13
305 -6
306 -6
307 -13
308 -6
309 -13
310 -13
311 -6
312 -6
313 -18
314 -17
315 -11
316 -6
317 -14
318 -8
319 -6
320 -6
321 -6
322 -8
323 -13
324 -13
325 -7
326 -14
327 -14
328 -13
329 -13
330 -6
331 -6
332 -13
333 -6
334 -13
335 -6
336 -14
337 -13
338 -6
339 -7
340 -13
341 -8
342 -6
343 -6
344 -13
345 -8
346 -6
347 -7
348 -13
349 -6
350 -13
351 -7
352 -6
353 -8
354 -13
355 -13
356 -14
357 -7
358 -14
359 -13
360 -14
361 -6
362 -14
363 -10
364 -13
365 -6
366 -13
367 -6
368 -8
369 -14
370 -7
371 -6
372 -7
373 -6
374 -7
375 -13
376 -7
377 -13
378 -6
379 -13
380 -6
381 -8
382 -8
383 -13
384 -6
385 -13
386 -7
387 -7
388 -8
389 -14
390 -7
391 -14
392 -13
393 -7
394 -13
395 -14
396 -7
397 -6
398 -13
399 -13
400 -8
401 -8
402 -13
403 -14
404 -7
405 -13
406 -13
407 -13
408 -13
409 -6
410 -14
411 -13
412 -7
413 -14
414 -7
415 -7
416 -13
417 -6
418 -8
419 -6
420 -6
421 -7
422 -14
423 -13
424 -14
425 -7
426 -8
427 -7
428 -6
429 -19
430 -7
431 -13
432 -8
433 -7
434 -14
435 -19
436 -8
437 -13
438 -13
439 -6
440 -26
441 -7
442 -13
443 -6
444 -6
445 -6
446 -7
447 -14
448 -13
449 -18
450 -7
451 -13
452 -7
453 -14
454 -14
455 -13
456 -8
457 -6
458 -7
459 -8
460 -13
461 -6
462 -8
463 -8
464 -6
465 -7
466 -8
467 -6
468 -13
469 -6
470 -14
471 -6
472 -6
473 -8
474 -6
475 -13
476 -13
477 -13
478 -11
479 -13
480 -8
481 -47
482 -7
483 -6
484 -19
485 -14
486 -6
487 -6
488 -13
489 -6
490 -14
491 -8
492 -7
493 -6
494 -8
495 -13
496 -8
497 -14
498 -6
499 -14
500 -8
501 -6
502 -6
503 -7
504 -13
505 -14
506 -8
507 -6
508 -8
509 -6
510 -8
511 -13
512 -7
513 -13
514 -20
515 -7
516 -14
517 -14
518 -13
519 -13
520 -13
521 -6
522 -14
523 -13
524 -14
525 -7
526 -12
527 -6
528 -6
529 -6
530 -6
531 -7
532 -8
533 -7
534 -13
535 -13
536 -14
537 -7
538 -10
539 -13
540 -8
541 -6
542 -6
543 -8
544 -7
545 -6
546 -13
547 -14
548 -8
549 -14
550 -7
551 -13
552 -14
553 -14
554 -7
555 -14
556 -13
557 -8
558 -14
559 -6
560 -8
561 -8
562 -7
563 -13
564 -6
565 -8
566 -6
567 -7
568 -6
569 -8
570 -14
571 -13
572 -6
573 -14
574 -7
575 -13
576 -8
577 -13
578 -13
579 -8
580 -14
581 -7
582 -13
583 -18
584 -8
585 -6
586 -7
587 -14
588 -13
589 -13
590 -13
591 -6
592 -19
593 -14
594 -6
595 -13
596 -6
597 -6
598 -6
599 -13
600 -8
601 -14
602 -8
603 -13
604 -6
605 -8
606 -14
607 -6
608 -6
609 -18
610 -6
611 -6
612 -14
613 -6
614 -6
615 -6
616 -13
617 -14
618 -8
619 -13
620 -7
621 -13
622 -17
623 -8
624 -14
625 -6
626 -6
627 -13
628 -14
629 -14
630 -6
631 -14
632 -13
633 -8
634 -6
635 -6
636 -13
637 -7
638 -14
639 -13
640 -6
641 -6
642 -13
643 -13
644 -7
645 -13
646 -6
647 -7
648 -14
649 -7
650 -7
651 -13
652 -13
653 -14
654 -13
655 -7
656 -6
657 -13
658 -7
659 -6
660 -14
661 -6
662 -6
663 -6
664 -8
665 -14
666 -13
667 -14
668 -7
669 -14
670 -13
671 -7
672 -7
673 -6
674 -6
675 -7
676 -17
677 -8
678 -6
679 -13
680 -8
681 -6
682 -13
683 -6
684 -8
685 -14
686 -7
687 -6
688 -13
689 -6
690 -6
691 -6
692 -13
693 -13
694 -14
695 -13
696 -6
697 -7
698 -14
699 -7
700 -6
701 -7
702 -14
703 -13
704 -7
705 -14
706 -11
707 -13
708 -6
709 -13
710 -14
711 -7
712 -6
713 -6
714 -7
715 -13
716 -8
717 -14
718 -8
719 -6
720 -7
721 -8
722 -8
723 -14
724 -8
725 -13
726 -14
727 -13
728 -13
729 -14
730 -14
731 -6
732 -8
733 -7
734 -6
735 -14
736 -14
737 -6
738 -13
739 -7
740 -8
741 -8
742 -6
743 -13
744 -13
745 -14
746 -13
747 -6
748 -13
749 -8
750 -8
751 -13
752 -6
753 -8
754 -6
755 -6
756 -7
757 -8
758 -8
759 -8
760 -8
761 -13
762 -14
763 -8
764 -13
765 -13
766 -14
767 -6
768 -6
769 -6
770 -7
771 -7
772 -6
773 -14
774 -7
775 -14
776 -13
777 -14
778 -13
779 -14
780 -13
781 -13
782 -6
783 -7
784 -13
785 -13
786 -13
787 -13
788 -13
789 -8
790 -13
791 -13
792 -13
793 -13
794 -6
795 -13
796 -6
797 -8
798 -7
799 -6
800 -6
801 -13
802 -13
803 -6
804 -13
805 -13
806 -13
807 -19
808 -14
809 -7
810 -14
811 -7
812 -7
813 -15
814 -6
815 -14
816 -7
817 -13
818 -13
819 -13
820 -13
821 -13
822 -14
823 -13
824 -14
825 -8
826 -17
827 -8
828 -7
829 -6
830 -24
831 -6
832 -6
833 -6
834 -8
835 -13
836 -14
837 -14
838 -13
839 -13
840 -14
841 -8
842 -14
843 -13
844 -7
845 -13
846 -9
847 -13
848 -13
849 -14
850 -13
851 -6
852 -14
853 -23
854 -6
855 -6
856 -6
857 -8
858 -13
859 -8
860 -6
861 -20
862 -6
863 -6
864 -6
865 -7
866 -6
867 -14
868 -13
869 -8
870 -13
871 -13
872 -14
873 -14
874 -13
875 -8
876 -6
877 -13
878 -13
879 -8
880 -14
881 -6
882 -6
883 -13
884 -14
885 -7
886 -13
887 -13
888 -6
889 -6
890 -6
891 -8
892 -7
893 -13
894 -7
895 -8
896 -6
897 -14
898 -7
899 -13
900 -6
901 -6
902 -13
903 -7
904 -6
905 -8
906 -6
907 -6
908 -6
909 -8
910 -8
911 -7
912 -7
913 -13
914 -6
915 -7
916 -8
917 -6
918 -6
919 -7
920 -6
921 -13
922 -13
923 -13
924 -14
925 -17
926 -6
927 -6
928 -13
929 -8
930 -14
931 -6
932 -8
933 -8
934 -6
935 -6
936 -8
937 -7
938 -14
939 -6
940 -6
941 -7
942 -14
943 -7
944 -6
945 -13
946 -13
947 -13
948 -13
949 -13
950 -13
951 -8
952 -6
953 -6
954 -8
955 -14
956 -6
957 -14
958 -6
959 -14
960 -14
961 -6
962 -14
963 -6
964 -14
965 -7
966 -6
967 -6
968 -13
969 -7
970 -13
971 -14
972 -8
973 -7
974 -13
975 -7
976 -7
977 -8
978 -6
979 -13
980 -13
981 -6
982 -7
983 -14
984 -14
985 -14
986 -13
987 -7
988 -14
989 -13
990 -6
991 -14
992 -7
993 -8
994 -7
995 -13
996 -13
997 -8
998 -14
999 -7
