0 -6
1 -6
2 -10
3 -43
4 -6
5 -6
6 -13
7 -6
8 -13
9 -13
10 -6
11 -14
12 -14
13 -6
14 -13
15 -13
16 -6
17 -37
18 -6
19 -13
20 -6
21 -6
22 -11
23 -13
24 -6
25 -13
26 -10
27 -13
28 -6
29 -13
30 -6
31 -6
32 -6
33 -6
34 -6
35 -10
36 -10
37 -10
38 -13
39 -13
40 -20
41 -13
42 -10
43 -14
44 -6
45 -13
46 -6
47 -6
48 -6
49 -14
50 -13
51 -6
52 -16
53 -14
54 -13
55 -13
56 -6
57 -13
58 -6
59 -6
60 -17
61 -13
62 -10
63 -10
64 -6
65 -13
66 -6
67 -15
68 -13
69 -6
70 -13
71 -13
72 -6
73 -13
74 -10
75 -6
76 -13
77 -13
78 -10
79 -6
80 -6
81 -6
82 -6
83 -14
84 -13
85 -10
86 -6
87 -13
88 -14
89 -14
90 -10
91 -6
92 -13
93 -13
94 -6
95 -13
96 -6
97 -13
98 -13
99 -6
100 -13
101 -6
102 -13
103 -6
104 -6
105 -10
106 -13
107 -13
108 -6
109 -10
110 -26
111 -6
112 -10
113 -13
114 -6
115 -13
116 -6
117 -10
118 -14
119 -13
120 -6
121 -10
122 -10
123 -10
124 -14
125 -6
126 -6
127 -17
128 -6
129 -6
130 -12
131 -39
132 -13
133 -13
134 -6
135 -10
136 -10
137 -6
138 -14
139 -6
140 -6
141 -6
142 -10
143 -6
144 -13
145 -13
146 -10
147 -6
148 -6
149 -13
150 -13
151 -6
152 -10
153 -6
154 -10
155 -11
156 -6
157 -14
158 -13
159 -10
160 -13
161 -8
162 -13
163 -10
164 -13
165 -10
166 -6
167 -10
168 -6
169 -6
170 -6
171 -6
172 -14
173 -13
174 -13
175 -6
176 -14
177 -13
178 -14
179 -6
180 -10
181 -6
182 -6
183 -13
184 -13
185 -6
186 -6
187 -10
188 -13
189 -6
190 -12
191 -6
192 -10
193 -13
194 -6
195 -14
196 -18
197 -14
198 -13
199 -10
200 -6
201 -14
202 -10
203 -10
204 -6
205 -6
206 -13
207 -6
208 -13
209 -10
210 -6
211 -14
212 -6
213 -13
214 -13
215 -13
216 -13
217 -13
218 -6
219 -6
220 -14
221 -13
222 -10
223 -6
224 -14
225 -6
226 -6
227 -6
228 -13
229 -13
230 -13
231 -6
232 -14
233 -6
234 -13
235 -10
236 -6
237 -6
238 -14
239 -14
240 -6
241 -13
242 -6
243 -14
244 -13
245 -14
246 -10
247 -6
248 -6
249 -6
250 -6
251 -6
252 -6
253 -14
254 -13
255 -10
256 -6
257 -13
258 -6
259 -6
260 -6
261 -6
262 -19
263 -13
264 -13
265 -14
266 -13
267 -13
268 -6
269 -24
270 -6
271 -6
272 -13
273 -6
274 -6
275 -6
276 -14
277 -6
278 -13
279 -10
280 -10
281 -18
282 -10
283 -13
284 -6
285 -6
286 -6
287 -13
288 -13
289 -14
290 -13
291 -6
292 -13
293 -6
294 -13
295 -14
296 -6
297 -6
298 -6
299 -6
300 -6
301 -6
302 -13
303 -14
304 -10
305 -6
306 -10
307 -13
308 -13
309 -6
310 -14
311 -13
312 -10
313 -6
314 -13
315 -6
316 -13
317 -14
318 -13
319 -6
320 -6
321 -13
322 -13
323 -6
324 -14
325 -13
326 -14
327 -6
328 -6
329 -19
330 -6
331 -13
332 -13
333 -13
334 -13
335 -6
336 -13
337 -14
338 -13
339 -14
340 -6
341 -10
342 -6
343 -6
344 -6
345 -6
346 -10
347 -6
348 -6
349 -14
350 -6
351 -6
352 -14
353 -13
354 -13
355 -10
356 -6
357 -14
358 -14
359 -6
360 -10
361 -10
362 -6
363 -13
364 -13
365 -14
366 -6
367 -6
368 -18
369 -10
370 -10
371 -6
372 -14
373 -13
374 -6
375 -13
376 -13
377 -14
378 -6
379 -13
380 -13
381 -6
382 -13
383 -14
384 -10
385 -14
386 -6
387 -14
388 -6
389 -6
390 -10
391 -10
392 -13
393 -14
394 -6
395 -10
396 -12
397 -6
398 -13
399 -13
400 -13
401 -6
402 -6
403 -6
404 -6
405 -13
406 -13
407 -14
408 -13
409 -13
410 -6
411 -14
412 -13
413 -6
414 -6
415 -13
416 -13
417 -6
418 -13
419 -14
420 -6
421 -10
422 -13
423 -31
424 -6
425 -10
426 -6
427 -14
428 -17
429 -6
430 -10
431 -6
432 -14
433 -13
434 -8
435 -6
436 -6
437 -6
438 -10
439 -6
440 -6
441 -6
442 -7
443 -13
444 -6
445 -6
446 -13
447 -6
448 -13
449 -14
450 -14
451 -6
452 -13
453 -13
454 -10
455 -6
456 -6
457 -11
458 -6
459 -14
460 -14
461 -14
462 -14
463 -13
464 -14
465 -14
466 -6
467 -16
468 -6
469 -13
470 -6
471 -13
472 -13
473 -10
474 -29
475 -14
476 -13
477 -10
478 -13
479 -6
480 -14
481 -6
482 -6
483 -6
484 -10
485 -10
486 -14
487 -13
488 -6
489 -14
490 -6
491 -6
492 -10
493 -17
494 -14
495 -6
496 -13
497 -10
498 -14
499 -6
500 -13
501 -6
502 -13
503 -10
504 -10
505 -10
506 -14
507 -14
508 -13
509 -6
510 -6
511 -6
512 -13
513 -6
514 -13
515 -10
516 -6
517 -13
518 -14
519 -14
520 -14
521 -13
522 -6
523 -13
524 -14
525 -6
526 -6
527 -14
528 -6
529 -6
530 -13
531 -6
532 -6
533 -10
534 -6
535 -13
536 -13
537 -6
538 -6
539 -14
540 -6
541 -6
542 -6
543 -20
544 -10
545 -14
546 -10
547 -6
548 -6
549 -13
550 -6
551 -13
552 -10
553 -14
554 -6
555 -14
556 -6
557 -6
558 -6
559 -14
560 -13
561 -13
562 -6
563 -10
564 -31
565 -6
566 -6
567 -13
568 -14
569 -6
570 -10
571 -10
572 -10
573 -13
574 -6
575 -6
576 -13
577 -13
578 -6
579 -20
580 -6
581 -14
582 -13
583 -14
584 -10
585 -14
586 -14
587 -10
588 -6
589 -10
590 -6
591 -6
592 -6
593 -6
594 -13
595 -13
596 -13
597 -14
598 -13
599 -13
600 -6
601 -14
602 -13
603 -6
604 -6
605 -6
606 -6
607 -14
608 -13
609 -13
610 -13
611 -6
612 -10
613 -13
614 -6
615 -6
616 -6
617 -10
618 -13
619 -14
620 -6
621 -13
622 -6
623 -10
624 -17
625 -6
626 -13
627 -13
628 -18
629 -6
630 -14
631 -6
632 -6
633 -13
634 -13
635 -6
636 -10
637 -6
638 -10
639 -13
640 -13
641 -13
642 -6
643 -14
644 -6
645 -6
646 -14
647 -10
648 -13
649 -13
650 -14
651 -9
652 -13
653 -6
654 -13
655 -6
656 -6
657 -18
658 -6
659 -10
660 -10
661 -6
662 -6
663 -6
664 -14
665 -6
666 -6
667 -13
668 -6
669 -13
670 -6
671 -14
672 -14
673 -6
674 -6
675 -14
676 -13
677 -13
678 -13
679 -6
680 -6
681 -13
682 -13
683 -13
684 -14
685 -14
686 -13
687 -6
688 -6
689 -6
690 -13
691 -6
692 -6
693 -6
694 -14
695 -14
696 -12
697 -13
698 -13
699 -14
700 -6
701 -10
702 -14
703 -14
704 -6
705 -13
706 -13
707 -6
708 -13
709 -10
710 -13
711 -13
712 -6
713 -13
714 -13
715 -10
716 -6
717 -6
718 -10
719 -6
720 -14
721 -13
722 -13
723 -6
724 -6
725 -13
726 -6
727 -14
728 -6
729 -13
730 -6
731 -13
732 -9
733 -14
734 -10
735 -14
736 -6
737 -14
738 -6
739 -14
740 -6
741 -6
742 -6
743 -6
744 -10
745 -6
746 -10
747 -6
748 -14
749 -10
750 -13
751 -14
752 -14
753 -10
754 -10
755 -13
756 -10
757 -6
758 -6
759 -10
760 -13
761 -14
762 -13
763 -6
764 -10
765 -13
766 -6
767 -14
768 -10
769 -6
770 -13
771 -13
772 -14
773 -14
774 -6
775 -6
776 -13
777 -14
778 -13
779 -10
780 -6
781 -6
782 -10
783 -6
784 -10
785 -6
786 -10
787 -13
788 -13
789 -11
790 -11
791 -6
792 -13
793 -13
794 -6
795 -13
796 -6
797 -6
798 -10
799 -13
800 -6
801 -6
802 -6
803 -13
804 -6
805 -6
806 -6
807 -13
808 -10
809 -13
810 -13
811 -6
812 -13
813 -10
814 -14
815 -6
816 -13
817 -15
818 -13
819 -10
820 -6
821 -13
822 -6
823 -6
824 -6
825 -6
826 -10
827 -10
828 -14
829 -13
830 -6
831 -6
832 -6
833 -10
834 -13
835 -13
836 -13
837 -6
838 -6
839 -14
840 -14
841 -6
842 -13
843 -6
844 -13
845 -6
846 -6
847 -6
848 -6
849 -13
850 -10
851 -13
852 -6
853 -13
854 -6
855 -6
856 -10
857 -14
858 -10
859 -13
860 -6
861 -6
862 -6
863 -6
864 -6
865 -6
866 -14
867 -13
868 -6
869 -6
870 -6
871 -6
872 -6
873 -6
874 -13
875 -10
876 -13
877 -6
878 -6
879 -13
880 -13
881 -13
882 -6
883 -6
884 -13
885 -13
886 -6
887 -13
888 -14
889 -6
890 -6
891 -6
892 -10
893 -6
894 -13
895 -10
896 -13
897 -13
898 -6
899 -6
900 -13
901 -10
902 -14
903 -8
904 -14
905 -6
906 -6
907 -13
908 -10
909 -16
910 -10
911 -14
912 -6
913 -14
914 -10
915 -13
916 -14
917 -13
918 -6
919 -8
920 -6
921 -13
922 -14
923 -6
924 -14
925 -10
926 -14
927 -6
928 -7
929 -6
930 -14
931 -13
932 -6
933 -6
934 -13
935 -13
936 -10
937 -10
938 -6
939 -13
940 -14
941 -6
942 -14
943 -11
944 -13
945 -6
946 -14
947 -10
948 -10
949 -6
950 -10
951 -14
952 -13
953 -6
954 -13
955 -6
956 -6
957 -14
958 -13
959 -14
960 -6
961 -6
962 -10
963 -6
964 -6
965 -14
966 -6
967 -6
968 -14
969 -6
970 -13
971 -6
972 -6
973 -6
974 -13
975 -13
976 -13
977 -14
978 -14
979 -6
980 -6
981 -10
982 -13
983 -6
984 -6
985 -13
986 -6
987 -13
988 -6
989 -6
990 -14
991 -14
992 -6
993 -6
994 -13
995 -13
996 -6
997 -6
998 -6
999 -6
