0 -15
1 -13
2 -6
3 -6
4 -15
5 -15
6 -45
7 -7
8 -39
9 -44
10 -34
11 -6
12 -49
13 -10
14 -6
15 -6
16 -15
17 -20
18 -6
19 -54
20 -7
21 -6
22 -7
23 -30
24 -6
25 -15
26 -15
27 -39
28 -6
29 -7
30 -7
31 -6
32 -6
33 -16
34 -15
35 -50
36 -15
37 -6
38 -30
39 -15
40 -15
41 -30
42 -39
43 -6
44 -50
45 -24
46 -15
47 -45
48 -30
49 -6
50 -15
51 -8
52 -6
53 -15
54 -6
55 -15
56 -15
57 -15
58 -15
59 -30
60 -6
61 -15
62 -44
63 -6
64 -6
65 -6
66 -15
67 -10
68 -15
69 -6
70 -15
71 -15
72 -6
73 -35
74 -9
75 -7
76 -8
77 -44
78 -12
79 -45
80 -15
81 -6
82 -6
83 -9
84 -15
85 -14
86 -7
87 -7
88 -15
89 -6
90 -15
91 -6
92 -6
93 -50
94 -9
95 -15
96 -6
97 -6
98 -15
99 -40
100 -15
101 -19
102 -44
103 -39
104 -25
105 -39
106 -39
107 -14
108 -16
109 -15
110 -20
111 -6
112 -8
113 -7
114 -6
115 -15
116 -8
117 -15
118 -15
119 -30
120 -6
121 -6
122 -6
123 -15
124 -15
125 -7
126 -15
127 -39
128 -20
129 -39
130 -6
131 -6
132 -15
133 -8
134 -15
135 -15
136 -17
137 -15
138 -8
139 -14
140 -7
141 -15
142 -6
143 -27
144 -20
145 -15
146 -6
147 -50
148 -7
149 -6
150 -39
151 -6
152 -15
153 -15
154 -6
155 -15
156 -6
157 -50
158 -15
159 -9
160 -20
161 -14
162 -15
163 -15
164 -7
165 -15
166 -15
167 -6
168 -14
169 -6
170 -14
171 -7
172 -6
173 -15
174 -15
175 -7
176 -15
177 -30
178 -15
179 -8
180 -39
181 -6
182 -8
183 -15
184 -15
185 -15
186 -44
187 -14
188 -6
189 -7
190 -15
191 -6
192 -15
193 -39
194 -39
195 -8
196 -39
197 -30
198 -8
199 -6
200 -15
201 -20
202 -15
203 -15
204 -15
205 -15
206 -49
207 -40
208 -15
209 -6
210 -6
211 -20
212 -6
213 -15
214 -15
215 -15
216 -6
217 -6
218 -20
219 -15
220 -7
221 -8
222 -6
223 -12
224 -15
225 -6
226 -15
227 -15
228 -6
229 -14
230 -15
231 -13
232 -6
233 -6
234 -6
235 -6
236 -15
237 -13
238 -15
239 -14
240 -15
241 -15
242 -45
243 -30
244 -30
245 -40
246 -15
247 -6
248 -7
249 -44
250 -11
251 -6
252 -8
253 -6
254 -6
255 -14
256 -15
257 -20
258 -6
259 -6
260 -6
261 -16
262 -6
263 -6
264 -15
265 -7
266 -45
267 -6
268 -6
269 -15
270 -6
271 -45
272 -15
273 -6
274 -8
275 -15
276 -34
277 -15
278 -49
279 -6
280 -6
281 -15
282 -11
283 -6
284 -15
285 -19
286 -30
287 -7
288 -40
289 -20
290 -15
291 -15
292 -15
293 -34
294 -15
295 -6
296 -6
297 -30
298 -40
299 -39
300 -15
301 -24
302 -15
303 -15
304 -7
305 -15
306 -6
307 -40
308 -14
309 -39
310 -15
311 -30
312 -34
313 -40
314 -15
315 -44
316 -50
317 -6
318 -15
319 -6
320 -6
321 -14
322 -14
323 -30
324 -6
325 -15
326 -15
327 -8
328 -6
329 -15
330 -15
331 -18
332 -9
333 -10
334 -15
335 -6
336 -8
337 -39
338 -15
339 -20
340 -15
341 -15
342 -7
343 -44
344 -15
345 -15
346 -8
347 -44
348 -15
349 -6
350 -7
351 -30
352 -6
353 -30
354 -6
355 -8
356 -40
357 -50
358 -14
359 -15
360 -6
361 -7
362 -15
363 -7
364 -6
365 -44
366 -15
367 -6
368 -6
369 -15
370 -15
371 -20
372 -8
373 -8
374 -8
375 -13
376 -15
377 -7
378 -8
379 -15
380 -15
381 -35
382 -7
383 -6
384 -15
385 -15
386 -17
387 -45
388 -7
389 -44
390 -7
391 -8
392 -15
393 -30
394 -30
395 -40
396 -10
397 -20
398 -15
399 -6
400 -6
401 -8
402 -7
403 -15
404 -7
405 -30
406 -44
407 -40
408 -15
409 -8
410 -7
411 -6
412 -6
413 -39
414 -7
415 -6
416 -15
417 -44
418 -8
419 -11
420 -7
421 -6
422 -8
423 -20
424 -15
425 -19
426 -7
427 -7
428 -15
429 -15
430 -9
431 -7
432 -11
433 -15
434 -6
435 -15
436 -30
437 -8
438 -15
439 -50
440 -15
441 -6
442 -54
443 -15
444 -13
445 -7
446 -15
447 -45
448 -7
449 -44
450 -19
451 -15
452 -6
453 -6
454 -6
455 -14
456 -6
457 -6
458 -15
459 -15
460 -15
461 -6
462 -15
463 -15
464 -19
465 -40
466 -6
467 -15
468 -20
469 -30
470 -48
471 -6
472 -16
473 -7
474 -15
475 -8
476 -15
477 -20
478 -45
479 -15
480 -30
481 -15
482 -15
483 -44
484 -49
485 -15
486 -15
487 -14
488 -15
489 -6
490 -15
491 -14
492 -20
493 -15
494 -15
495 -6
496 -6
497 -49
498 -15
499 -45
500 -15
501 -15
502 -15
503 -6
504 -6
505 -48
506 -50
507 -15
508 -15
509 -6
510 -15
511 -49
512 -15
513 -6
514 -49
515 -15
516 -7
517 -15
518 -6
519 -6
520 -15
521 -15
522 -15
523 -49
524 -30
525 -15
526 -40
527 -15
528 -6
529 -6
530 -15
531 -20
532 -6
533 -6
534 -15
535 -15
536 -15
537 -15
538 -20
539 -7
540 -15
541 -30
542 -7
543 -15
544 -39
545 -15
546 -6
547 -14
548 -49
549 -15
550 -15
551 -14
552 -15
553 -40
554 -15
555 -14
556 -15
557 -8
558 -15
559 -15
560 -15
561 -6
562 -7
563 -15
564 -6
565 -15
566 -15
567 -15
568 -7
569 -6
570 -39
571 -6
572 -6
573 -14
574 -7
575 -6
576 -6
577 -6
578 -7
579 -6
580 -19
581 -7
582 -7
583 -6
584 -15
585 -15
586 -15
587 -6
588 -6
589 -6
590 -30
591 -30
592 -20
593 -15
594 -7
595 -6
596 -15
597 -15
598 -6
599 -10
600 -15
601 -15
602 -15
603 -22
604 -6
605 -8
606 -30
607 -44
608 -6
609 -7
610 -15
611 -40
612 -16
613 -6
614 -45
615 -15
616 -20
617 -40
618 -6
619 -9
620 -15
621 -15
622 -7
623 -15
624 -7
625 -15
626 -7
627 -8
628 -15
629 -6
630 -7
631 -6
632 -7
633 -15
634 -7
635 -6
636 -15
637 -15
638 -15
639 -15
640 -15
641 -6
642 -6
643 -15
644 -7
645 -12
646 -7
647 -15
648 -19
649 -6
650 -6
651 -15
652 -34
653 -49
654 -15
655 -15
656 -15
657 -15
658 -9
659 -6
660 -6
661 -6
662 -7
663 -6
664 -14
665 -6
666 -6
667 -44
668 -6
669 -15
670 -6
671 -20
672 -8
673 -14
674 -14
675 -34
676 -6
677 -7
678 -15
679 -7
680 -50
681 -45
682 -20
683 -15
684 -7
685 -15
686 -6
687 -20
688 -15
689 -6
690 -8
691 -15
692 -15
693 -6
694 -6
695 -7
696 -15
697 -8
698 -7
699 -6
700 -15
701 -8
702 -6
703 -45
704 -6
705 -34
706 -44
707 -9
708 -15
709 -15
710 -6
711 -7
712 -15
713 -15
714 -15
715 -6
716 -6
717 -14
718 -8
719 -7
720 -15
721 -30
722 -15
723 -6
724 -15
725 -40
726 -15
727 -15
728 -15
729 -15
730 -26
731 -8
732 -44
733 -15
734 -8
735 -15
736 -15
737 -15
738 -44
739 -15
740 -15
741 -9
742 -7
743 -34
744 -6
745 -6
746 -6
747 -6
748 -8
749 -6
750 -7
751 -40
752 -7
753 -15
754 -15
755 -7
756 -15
757 -6
758 -15
759 -15
760 -15
761 -6
762 -6
763 -20
764 -44
765 -15
766 -6
767 -6
768 -15
769 -14
770 -15
771 -9
772 -6
773 -50
774 -8
775 -15
776 -40
777 -14
778 -14
779 -14
780 -6
781 -8
782 -15
783 -15
784 -7
785 -15
786 -6
787 -20
788 -15
789 -16
790 -6
791 -20
792 -8
793 -15
794 -20
795 -7
796 -6
797 -15
798 -39
799 -6
800 -40
801 -44
802 -7
803 -17
804 -45
805 -40
806 -15
807 -8
808 -50
809 -15
810 -8
811 -11
812 -15
813 -15
814 -15
815 -15
816 -14
817 -39
818 -15
819 -15
820 -15
821 -30
822 -18
823 -30
824 -8
825 -6
826 -54
827 -15
828 -35
829 -14
830 -15
831 -19
832 -15
833 -8
834 -15
835 -15
836 -7
837 -7
838 -50
839 -7
840 -44
841 -6
842 -15
843 -40
844 -6
845 -6
846 -15
847 -7
848 -7
849 -15
850 -15
851 -15
852 -6
853 -15
854 -15
855 -15
856 -30
857 -15
858 -15
859 -40
860 -15
861 -44
862 -20
863 -7
864 -15
865 -34
866 -15
867 -15
868 -15
869 -45
870 -6
871 -9
872 -15
873 -15
874 -6
875 -7
876 -18
877 -11
878 -6
879 -45
880 -6
881 -7
882 -6
883 -15
884 -15
885 -15
886 -50
887 -6
888 -6
889 -15
890 -6
891 -15
892 -15
893 -6
894 -15
895 -6
896 -15
897 -20
898 -6
899 -8
900 -11
901 -8
902 -50
903 -15
904 -30
905 -7
906 -7
907 -20
908 -15
909 -6
910 -7
911 -7
912 -9
913 -15
914 -7
915 -6
916 -6
917 -15
918 -34
919 -15
920 -6
921 -6
922 -6
923 -15
924 -15
925 -6
926 -15
927 -6
928 -15
929 -7
930 -14
931 -30
932 -15
933 -39
934 -14
935 -15
936 -15
937 -7
938 -9
939 -6
940 -15
941 -12
942 -20
943 -19
944 -15
945 -6
946 -20
947 -8
948 -39
949 -15
950 -15
951 -14
952 -15
953 -7
954 -6
955 -14
956 -6
957 -6
958 -40
959 -14
960 -15
961 -15
962 -17
963 -15
964 -6
965 -14
966 -6
967 -6
968 -20
969 -20
970 -39
971 -6
972 -24
973 -6
974 -8
975 -8
976 -6
977 -6
978 -39
979 -15
980 -6
981 -15
982 -15
983 -15
984 -7
985 -6
986 -15
987 -6
988 -6
989 -6
990 -15
991 -15
992 -6
993 -7
994 -39
995 -44
996 -45
997 -20
998 -20
999 -15
