0 -6
1 -13
2 -13
3 -14
4 -14
5 -7
6 -6
7 -14
8 -13
9 -13
10 -14
11 -6
12 -13
13 -8
14 -13
15 -13
16 -14
17 -13
18 -8
19 -7
20 -9
21 -13
22 -6
23 -6
24 -14
25 -7
26 -8
27 -14
28 -7
29 -13
30 -14
31 -6
32 -7
33 -7
34 -7
35 -6
36 -13
37 -6
38 -13
39 -9
40 -13
41 -6
42 -7
43 -6
44 -13
45 -6
46 -6
47 -7
48 -7
49 -6
50 -7
51 -13
52 -7
53 -14
54 -8
55 -6
56 -9
57 -6
58 -6
59 -7
60 -13
61 -6
62 -17
63 -6
64 -6
65 -7
66 -13
67 -13
68 -13
69 -13
70 -7
71 -7
72 -13
73 -6
74 -8
75 -8
76 -6
77 -6
78 -13
79 -14
80 -14
81 -7
82 -6
83 -13
84 -13
85 -14
86 -12
87 -8
88 -13
89 -13
90 -13
91 -6
92 -6
93 -6
94 -13
95 -13
96 -8
97 -6
98 -14
99 -6
100 -6
101 -13
102 -6
103 -6
104 -13
105 -13
106 -6
107 -18
108 -13
109 -13
110 -10
111 -13
112 -14
113 -6
114 -6
115 -18
116 -6
117 -6
118 -13
119 -7
120 -6
121 -8
122 -7
123 -6
124 -6
125 -10
126 -14
127 -8
128 -13
129 -13
130 -13
131 -6
132 -13
133 -13
134 -7
135 -13
136 -6
137 -7
138 -6
139 -6
140 -7
141 -54
142 -6
143 -8
144 -6
145 -8
146 -6
147 -6
148 -6
149 -6
150 -14
151 -13
152 -13
153 -6
154 -14
155 -7
156 -14
157 -6
158 -8
159 -14
160 -6
161 -57
162 -13
163 -7
164 -6
165 -7
166 -14
167 -14
168 -6
169 -13
170 -6
171 -8
172 -6
173 -13
174 -8
175 -13
176 -6
177 -7
178 -13
179 -6
180 -14
181 -6
182 -13
183 -7
184 -6
185 -13
186 -7
187 -13
188 -6
189 -14
190 -8
191 -13
192 -14
193 -6
194 -8
195 -6
196 -6
197 -14
198 -13
199 -13
200 -13
201 -13
202 -6
203 -6
204 -13
205 -6
206 -13
207 -6
208 -14
209 -6
210 -6
211 -6
212 -14
213 -8
214 -13
215 -10
216 -13
217 -13
218 -13
219 -13
220 -14
221 -6
222 -6
223 -14
224 -15
225 -13
226 -8
227 -13
228 -6
229 -13
230 -10
231 -6
232 -13
233 -13
234 -7
235 -14
236 -7
237 -6
238 -7
239 -13
240 -6
241 -7
242 -14
243 -7
244 -13
245 -13
246 -7
247 -6
248 -6
249 -7
250 -14
251 -13
252 -13
253 -6
254 -6
255 -13
256 -8
257 -13
258 -9
259 -7
260 -6
261 -6
262 -7
263 -13
264 -6
265 -6
266 -7
267 -7
268 -7
269 -6
270 -6
271 -13
272 -7
273 -6
274 -14
275 -13
276 -8
277 -6
278 -13
279 -9
280 -6
281 -7
282 -8
283 -6
284 -6
285 -13
286 -7
287 -7
288 -6
289 -14
290 -13
291 -14
292 -14
293 -14
294 -6
295 -7
296 -7
297 -7
298 -7
299 -13
300 -7
301 -13
302 -13
303 -13
304 -8
305 -6
306 -7
307 -7
308 -13
309 -6
310 -6
311 -7
312 -7
313 -13
314 -7
315 -7
316 -13
317 -13
318 -7
319 -13
320 -6
321 -13
322 -13
323 -13
324 -6
325 -7
326 -7
327 -7
328 -7
329 -14
330 -6
331 -6
332 -6
333 -10
334 -14
335 -13
336 -13
337 -6
338 -13
339 -13
340 -14
341 -6
342 -6
343 -14
344 -6
345 -14
346 -8
347 -18
348 -6
349 -14
350 -6
351 -54
352 -13
353 -14
354 -14
355 -6
356 -13
357 -6
358 -6
359 -14
360 -8
361 -13
362 -13
363 -6
364 -15
365 -17
366 -14
367 -6
368 -13
369 -6
370 -6
371 -13
372 -8
373 -7
374 -6
375 -6
376 -13
377 -8
378 -7
379 -13
380 -14
381 -14
382 -8
383 -8
384 -11
385 -10
386 -13
387 -13
388 -8
389 -14
390 -14
391 -7
392 -14
393 -6
394 -8
395 -6
396 -6
397 -14
398 -6
399 -13
400 -14
401 -13
402 -7
403 -13
404 -13
405 -14
406 -13
407 -7
408 -13
409 -6
410 -7
411 -14
412 -14
413 -8
414 -7
415 -6
416 -14
417 -17
418 -14
419 -13
420 -13
421 -6
422 -13
423 -6
424 -13
425 -7
426 -7
427 -13
428 -6
429 -9
430 -6
431 -14
432 -13
433 -6
434 -6
435 -6
436 -6
437 -13
438 -6
439 -13
440 -7
441 -13
442 -12
443 -8
444 -6
445 -7
446 -14
447 -6
448 -12
449 -14
450 -6
451 -8
452 -6
453 -6
454 -25
455 -14
456 -8
457 -13
458 -14
459 -13
460 -13
461 -6
462 -7
463 -14
464 -14
465 -13
466 -6
467 -8
468 -6
469 -6
470 -13
471 -7
472 -6
473 -6
474 -6
475 -14
476 -13
477 -13
478 -6
479 -7
480 -14
481 -8
482 -8
483 -8
484 -13
485 -6
486 -13
487 -10
488 -6
489 -6
490 -14
491 -8
492 -6
493 -8
494 -7
495 -10
496 -7
497 -6
498 -13
499 -13
500 -13
501 -13
502 -13
503 -13
504 -8
505 -10
506 -7
507 -13
508 -13
509 -17
510 -6
511 -7
512 -6
513 -6
514 -6
515 -6
516 -6
517 -6
518 -9
519 -6
520 -7
521 -6
522 -6
523 -18
524 -13
525 -6
526 -6
527 -7
528 -6
529 -6
530 -6
531 -6
532 -13
533 -6
534 -13
535 -7
536 -6
537 -6
538 -6
539 -8
540 -6
541 -13
542 -13
543 -13
544 -6
545 -6
546 -14
547 -14
548 -18
549 -13
550 -13
551 -7
552 -14
553 -6
554 -6
555 -8
556 -7
557 -6
558 -8
559 -8
560 -8
561 -6
562 -7
563 -13
564 -7
565 -13
566 -14
567 -8
568 -15
569 -14
570 -13
571 -7
572 -13
573 -6
574 -6
575 -19
576 -14
577 -6
578 -14
579 -18
580 -6
581 -13
582 -13
583 -13
584 -6
585 -6
586 -14
587 -7
588 -7
589 -14
590 -13
591 -13
592 -13
593 -13
594 -6
595 -6
596 -6
597 -8
598 -6
599 -6
600 -13
601 -14
602 -6
603 -14
604 -13
605 -14
606 -14
607 -7
608 -7
609 -6
610 -13
611 -8
612 -6
613 -6
614 -6
615 -6
616 -13
617 -7
618 -7
619 -6
620 -6
621 -13
622 -13
623 -13
624 -6
625 -6
626 -13
627 -14
628 -13
629 -6
630 -6
631 -13
632 -8
633 -6
634 -6
635 -14
636 -13
637 -13
638 -14
639 -7
640 -14
641 -13
642 -6
643 -7
644 -13
645 -6
646 -13
647 -6
648 -13
649 -13
650 -6
651 -13
652 -13
653 -6
654 -7
655 -13
656 -15
657 -13
658 -13
659 -6
660 -14
661 -6
662 -6
663 -8
664 -7
665 -14
666 -13
667 -7
668 -13
669 -6
670 -6
671 -13
672 -6
673 -6
674 -14
675 -6
676 -13
677 -13
678 -6
679 -6
680 -6
681 -13
682 -8
683 -13
684 -6
685 -7
686 -13
687 -13
688 -8
689 -6
690 -7
691 -8
692 -13
693 -14
694 -13
695 -14
696 -6
697 -7
698 -19
699 -7
700 -13
701 -6
702 -13
703 -14
704 -8
705 -7
706 -13
707 -13
708 -7
709 -13
710 -13
711 -13
712 -13
713 -8
714 -14
715 -6
716 -7
717 -13
718 -7
719 -18
720 -13
721 -6
722 -6
723 -13
724 -6
725 -14
726 -7
727 -6
728 -13
729 -14
730 -13
731 -8
732 -13
733 -14
734 -6
735 -6
736 -7
737 -6
738 -6
739 -7
740 -13
741 -9
742 -7
743 -14
744 -6
745 -6
746 -6
747 -13
748 -6
749 -8
750 -13
751 -7
752 -13
753 -14
754 -7
755 -13
756 -13
757 -8
758 -13
759 -13
760 -13
761 -7
762 -13
763 -13
764 -13
765 -13
766 -13
767 -6
768 -13
769 -7
770 -7
771 -7
772 -14
773 -6
774 -13
775 -13
776 -13
777 -7
778 -13
779 -6
780 -13
781 -13
782 -6
783 -13
784 -6
785 -14
786 -14
787 -10
788 -13
789 -7
790 -13
791 -7
792 -6
793 -6
794 -14
795 -6
796 -6
797 -14
798 -13
799 -13
800 -13
801 -13
802 -6
803 -14
804 -6
805 -13
806 -13
807 -7
808 -6
809 -13
810 -7
811 -6
812 -14
813 -13
814 -7
815 -8
816 -13
817 -8
818 -10
819 -13
820 -7
821 -6
822 -6
823 -13
824 -13
825 -13
826 -13
827 -13
828 -7
829 -13
830 -7
831 -18
832 -14
833 -13
834 -13
835 -13
836 -13
837 -13
838 -13
839 -6
840 -13
841 -14
842 -6
843 -6
844 -11
845 -13
846 -7
847 -7
848 -6
849 -6
850 -7
851 -7
852 -7
853 -6
854 -13
855 -6
856 -6
857 -6
858 -6
859 -6
860 -13
861 -7
862 -6
863 -13
864 -6
865 -6
866 -6
867 -62
868 -7
869 -6
870 -13
871 -12
872 -14
873 -14
874 -13
875 -14
876 -13
877 -13
878 -6
879 -6
880 -7
881 -13
882 -7
883 -14
884 -7
885 -14
886 -13
887 -7
888 -13
889 -9
890 -7
891 -6
892 -6
893 -14
894 -6
895 -14
896 -7
897 -6
898 -6
899 -13
900 -7
901 -14
902 -13
903 -14
904 -13
905 -8
906 -8
907 -6
908 -14
909 -14
910 -7
911 -6
912 -8
913 -13
914 -13
915 -6
916 -7
917 -14
918 -10
919 -6
920 -14
921 -13
922 -8
923 -13
924 -13
925 -8
926 -13
927 -14
928 -13
929 -13
930 -14
931 -13
932 -13
933 -6
934 -6
935 -7
936 -6
937 -8
938 -13
939 -13
940 -6
941 -13
942 -17
943 -14
944 -6
945 -10
946 -13
947 -8
948 -8
949 -13
950 -13
951 -13
952 -14
953 -13
954 -6
955 -6
956 -6
957 -13
958 -8
959 -6
960 -7
961 -19
962 -7
963 -13
964 -13
965 -13
966 -14
967 -13
968 -7
969 -6
970 -8
971 -6
972 -14
973 -13
974 -13
975 -8
976 -7
977 -7
978 -7
979 -10
980 -6
981 -6
982 -6
983 -13
984 -13
985 -7
986 -8
987 -14
988 -6
989 -8
990 -6
991 -13
992 -6
993 -6
994 -6
995 -6
996 -14
997 -13
998 -6
999 -14
