0 -13
1 -7
2 -13
3 -13
4 -6
5 -6
6 -13
7 -13
8 -9
9 -8
10 -6
11 -13
12 -9
13 -6
14 -6
15 -6
16 -6
17 -13
18 -6
19 -13
20 -13
21 -13
22 -7
23 -6
24 -6
25 -20
26 -25
27 -14
28 -13
29 -6
30 -8
31 -6
32 -13
33 -6
34 -13
35 -8
36 -13
37 -13
38 -6
39 -7
40 -13
41 -13
42 -25
43 -14
44 -25
45 -6
46 -7
47 -6
48 -13
49 -6
50 -7
51 -20
52 -14
53 -6
54 -6
55 -22
56 -6
57 -8
58 -13
59 -12
60 -6
61 -8
62 -7
63 -7
64 -6
65 -7
66 -6
67 -6
68 -14
69 -10
70 -6
71 -6
72 -6
73 -12
74 -14
75 -20
76 -13
77 -9
78 -8
79 -8
80 -8
81 -13
82 -6
83 -25
84 -13
85 -6
86 -7
87 -13
88 -6
89 -13
90 -6
91 -6
92 -6
93 -12
94 -7
95 -13
96 -9
97 -6
98 -13
99 -8
100 -13
101 -6
102 -6
103 -6
104 -6
105 -6
106 -9
107 -8
108 -6
109 -17
110 -18
111 -6
112 -8
113 -13
114 -13
115 -20
116 -6
117 -11
118 -6
119 -7
120 -6
121 -38
122 -6
123 -6
124 -8
125 -6
126 -9
127 -22
128 -8
129 -6
130 -9
131 -11
132 -13
133 -6
134 -6
135 -13
136 -22
137 -13
138 -6
139 -13
140 -16
141 -13
142 -13
143 -9
144 -6
145 -6
146 -9
147 -13
148 -6
149 -6
150 -6
151 -6
152 -22
153 -6
154 -6
155 -7
156 -6
157 -6
158 -13
159 -6
160 -6
161 -13
162 -6
163 -22
164 -6
165 -13
166 -6
167 -8
168 -7
169 -13
170 -6
171 -13
172 -13
173 -6
174 -7
175 -13
176 -8
177 -13
178 -13
179 -13
180 -13
181 -6
182 -13
183 -6
184 -13
185 -7
186 -20
187 -13
188 -13
189 -25
190 -6
191 -13
192 -13
193 -13
194 -8
195 -13
196 -13
197 -20
198 -6
199 -14
200 -9
201 -6
202 -6
203 -6
204 -13
205 -9
206 -13
207 -13
208 -6
209 -6
210 -13
211 -9
212 -13
213 -8
214 -13
215 -20
216 -6
217 -25
218 -12
219 -22
220 -9
221 -25
222 -6
223 -20
224 -6
225 -22
226 -13
227 -13
228 -13
229 -22
230 -13
231 -6
232 -6
233 -6
234 -6
235 -13
236 -13
237 -13
238 -6
239 -13
240 -8
241 -13
242 -13
243 -6
244 -6
245 -6
246 -8
247 -6
248 -6
249 -13
250 -6
251 -13
252 -22
253 -8
254 -11
255 -13
256 -6
257 -13
258 -7
259 -8
260 -13
261 -6
262 -9
263 -13
264 -13
265 -6
266 -6
267 -6
268 -14
269 -6
270 -13
271 -13
272 -6
273 -6
274 -6
275 -9
276 -6
277 -6
278 -8
279 -6
280 -13
281 -13
282 -20
283 -6
284 -17
285 -8
286 -6
287 -13
288 -7
289 -10
290 -6
291 -6
292 -14
293 -6
294 -9
295 -25
296 -13
297 -13
298 -34
299 -12
300 -7
301 -13
302 -6
303 -17
304 -6
305 -7
306 -13
307 -6
308 -6
309 -6
310 -6
311 -9
312 -7
313 -13
314 -9
315 -7
316 -11
317 -13
318 -6
319 -6
320 -11
321 -11
322 -6
323 -13
324 -6
325 -13
326 -6
327 -13
328 -6
329 -13
330 -13
331 -20
332 -22
333 -20
334 -6
335 -13
336 -6
337 -6
338 -19
339 -6
340 -13
341 -9
342 -8
343 -20
344 -8
345 -6
346 -13
347 -6
348 -8
349 -8
350 -9
351 -6
352 -6
353 -6
354 -14
355 -13
356 -6
357 -13
358 -8
359 -13
360 -9
361 -6
362 -8
363 -7
364 -7
365 -6
366 -13
367 -6
368 -7
369 -7
370 -6
371 -22
372 -8
373 -20
374 -6
375 -6
376 -22
377 -25
378 -8
379 -8
380 -7
381 -13
382 -6
383 -20
384 -6
385 -13
386 -6
387 -13
388 -20
389 -6
390 -6
391 -8
392 -13
393 -13
394 -6
395 -6
396 -6
397 -6
398 -6
399 -6
400 -7
401 -13
402 -7
403 -18
404 -6
405 -13
406 -13
407 -10
408 -6
409 -6
410 -6
411 -9
412 -18
413 -6
414 -6
415 -13
416 -13
417 -6
418 -13
419 -25
420 -13
421 -6
422 -13
423 -6
424 -6
425 -6
426 -9
427 -8
428 -13
429 -6
430 -18
431 -10
432 -6
433 -8
434 -13
435 -6
436 -23
437 -6
438 -6
439 -6
440 -6
441 -13
442 -6
443 -6
444 -7
445 -8
446 -23
447 -7
448 -8
449 -13
450 -25
451 -9
452 -8
453 -20
454 -6
455 -6
456 -22
457 -13
458 -9
459 -6
460 -8
461 -6
462 -6
463 -25
464 -7
465 -22
466 -6
467 -6
468 -8
469 -19
470 -6
471 -6
472 -6
473 -6
474 -6
475 -13
476 -6
477 -12
478 -22
479 -13
480 -6
481 -13
482 -20
483 -6
484 -20
485 -13
486 -20
487 -6
488 -6
489 -13
490 -13
491 -6
492 -13
493 -13
494 -7
495 -6
496 -13
497 -8
498 -6
499 -13
500 -6
501 -6
502 -13
503 -8
504 -13
505 -13
506 -13
507 -11
508 -13
509 -8
510 -6
511 -20
512 -6
513 -13
514 -8
515 -8
516 -6
517 -8
518 -13
519 -6
520 -8
521 -8
522 -13
523 -7
524 -7
525 -6
526 -10
527 -20
528 -10
529 -10
530 -6
531 -10
532 -6
533 -6
534 -13
535 -6
536 -17
537 -10
538 -13
539 -13
540 -13
541 -17
542 -6
543 -6
544 -6
545 -8
546 -8
547 -6
548 -25
549 -6
550 -6
551 -6
552 -13
553 -6
554 -6
555 -6
556 -6
557 -9
558 -8
559 -13
560 -6
561 -6
562 -13
563 -6
564 -8
565 -13
566 -8
567 -6
568 -6
569 -13
570 -6
571 -13
572 -13
573 -6
574 -6
575 -8
576 -13
577 -6
578 -8
579 -13
580 -14
581 -6
582 -20
583 -6
584 -13
585 -6
586 -37
587 -9
588 -13
589 -13
590 -22
591 -6
592 -8
593 -8
594 -20
595 -20
596 -8
597 -6
598 -17
599 -7
600 -10
601 -13
602 -13
603 -6
604 -8
605 -22
606 -6
607 -7
608 -14
609 -25
610 -6
611 -13
612 -13
613 -22
614 -20
615 -13
616 -6
617 -18
618 -8
619 -13
620 -6
621 -13
622 -14
623 -6
624 -13
625 -13
626 -20
627 -6
628 -25
629 -9
630 -8
631 -8
632 -13
633 -8
634 -13
635 -13
636 -6
637 -13
638 -6
639 -13
640 -25
641 -6
642 -13
643 -7
644 -6
645 -6
646 -13
647 -8
648 -13
649 -13
650 -7
651 -6
652 -13
653 -6
654 -6
655 -6
656 -22
657 -6
658 -13
659 -8
660 -14
661 -13
662 -25
663 -6
664 -7
665 -13
666 -6
667 -6
668 -6
669 -16
670 -13
671 -12
672 -22
673 -18
674 -13
675 -6
676 -13
677 -6
678 -14
679 -14
680 -14
681 -14
682 -16
683 -13
684 -6
685 -20
686 -6
687 -13
688 -8
689 -7
690 -13
691 -13
692 -14
693 -13
694 -7
695 -6
696 -10
697 -6
698 -22
699 -9
700 -6
701 -6
702 -13
703 -6
704 -6
705 -13
706 -6
707 -7
708 -6
709 -22
710 -6
711 -6
712 -6
713 -6
714 -13
715 -6
716 -6
717 -10
718 -13
719 -20
720 -9
721 -6
722 -13
723 -13
724 -6
725 -13
726 -12
727 -6
728 -18
729 -6
730 -13
731 -6
732 -25
733 -8
734 -15
735 -6
736 -22
737 -6
738 -6
739 -13
740 -25
741 -8
742 -8
743 -8
744 -6
745 -7
746 -7
747 -13
748 -13
749 -6
750 -13
751 -13
752 -6
753 -8
754 -6
755 -8
756 -7
757 -8
758 -20
759 -6
760 -6
761 -7
762 -25
763 -6
764 -6
765 -6
766 -6
767 -6
768 -8
769 -6
770 -22
771 -7
772 -13
773 -6
774 -8
775 -6
776 -13
777 -13
778 -6
779 -13
780 -13
781 -13
782 -6
783 -6
784 -6
785 -12
786 -20
787 -7
788 -6
789 -13
790 -13
791 -13
792 -11
793 -7
794 -6
795 -6
796 -13
797 -9
798 -7
799 -13
800 -6
801 -14
802 -6
803 -13
804 -13
805 -20
806 -6
807 -13
808 -6
809 -7
810 -7
811 -13
812 -6
813 -7
814 -13
815 -13
816 -6
817 -9
818 -15
819 -6
820 -18
821 -6
822 -7
823 -6
824 -13
825 -13
826 -13
827 -13
828 -12
829 -6
830 -13
831 -13
832 -6
833 -8
834 -13
835 -22
836 -8
837 -13
838 -22
839 -13
840 -6
841 -20
842 -13
843 -6
844 -6
845 -13
846 -9
847 -7
848 -13
849 -6
850 -13
851 -20
852 -20
853 -12
854 -13
855 -13
856 -6
857 -6
858 -6
859 -6
860 -11
861 -11
862 -14
863 -8
864 -9
865 -8
866 -6
867 -13
868 -8
869 -8
870 -8
871 -10
872 -9
873 -13
874 -12
875 -9
876 -8
877 -20
878 -8
879 -6
880 -13
881 -6
882 -13
883 -8
884 -10
885 -25
886 -6
887 -13
888 -6
889 -22
890 -13
891 -6
892 -15
893 -6
894 -12
895 -6
896 -6
897 -13
898 -25
899 -8
900 -18
901 -13
902 -6
903 -6
904 -6
905 -6
906 -13
907 -13
908 -6
909 -13
910 -6
911 -13
912 -6
913 -13
914 -13
915 -6
916 -20
917 -8
918 -22
919 -6
920 -22
921 -8
922 -6
923 -6
924 -12
925 -9
926 -13
927 -14
928 -25
929 -13
930 -8
931 -13
932 -6
933 -20
934 -25
935 -25
936 -22
937 -6
938 -6
939 -13
940 -11
941 -9
942 -6
943 -10
944 -6
945 -6
946 -8
947 -8
948 -13
949 -6
950 -13
951 -9
952 -13
953 -13
954 -8
955 -13
956 -13
957 -13
958 -7
959 -7
960 -13
961 -7
962 -6
963 -6
964 -13
965 -6
966 -6
967 -13
968 -13
969 -8
970 -7
971 -13
972 -13
973 -6
974 -13
975 -15
976 -7
977 -6
978 -19
979 -6
980 -6
981 -6
982 -9
983 -13
984 -13
985 -13
986 -6
987 -6
988 -13
989 -25
990 -13
991 -6
992 -6
993 -13
994 -6
995 -8
996 -6
997 -6
998 -8
999 -13
