0 -13
1 -13
2 -13
3 -6
4 -13
5 -14
6 -9
7 -6
8 -6
9 -6
10 -14
11 -8
12 -13
13 -8
14 -13
15 -6
16 -6
17 -6
18 -6
19 -14
20 -13
21 -6
22 -8
23 -6
24 -6
25 -6
26 -6
27 -17
28 -13
29 -13
30 -14
31 -6
32 -13
33 -8
34 -14
35 -14
36 -13
37 -6
38 -13
39 -6
40 -8
41 -6
42 -14
43 -13
44 -6
45 -6
46 -13
47 -13
48 -6
49 -14
50 -13
51 -6
52 -6
53 -6
54 -14
55 -13
56 -8
57 -6
58 -8
59 -6
60 -18
61 -8
62 -6
63 -8
64 -13
65 -6
66 -6
67 -6
68 -7
69 -6
70 -13
71 -13
72 -6
73 -13
74 -49
75 -6
76 -6
77 -6
78 -14
79 -6
80 -8
81 -6
82 -13
83 -8
84 -14
85 -13
86 -14
87 -6
88 -8
89 -14
90 -8
91 -13
92 -8
93 -8
94 -13
95 -6
96 -6
97 -6
98 -13
99 -6
100 -17
101 -6
102 -6
103 -8
104 -6
105 -6
106 -6
107 -6
108 -13
109 -13
110 -6
111 -13
112 -13
113 -13
114 -6
115 -14
116 -13
117 -14
118 -6
119 -6
120 -6
121 -13
122 -14
123 -6
124 -6
125 -8
126 -14
127 -14
128 -13
129 -6
130 -6
131 -13
132 -6
133 -6
134 -19
135 -13
136 -8
137 -8
138 -8
139 -6
140 -13
141 -6
142 -6
143 -6
144 -6
145 -6
146 -6
147 -8
148 -6
149 -6
150 -13
151 -6
152 -13
153 -6
154 -6
155 -6
156 -8
157 -6
158 -13
159 -6
160 -6
161 -13
162 -13
163 -13
164 -7
165 -8
166 -8
167 -8
168 -14
169 -8
170 -13
171 -13
172 -6
173 -14
174 -6
175 -6
176 -17
177 -6
178 -8
179 -13
180 -13
181 -14
182 -13
183 -6
184 -8
185 -13
186 -8
187 -8
188 -6
189 -6
190 -6
191 -8
192 -6
193 -8
194 -13
195 -6
196 -6
197 -14
198 -14
199 -6
200 -13
201 -13
202 -6
203 -7
204 -17
205 -14
206 -6
207 -6
208 -9
209 -14
210 -13
211 -6
212 -13
213 -8
214 -14
215 -13
216 -13
217 -6
218 -13
219 -6
220 -6
221 -6
222 -8
223 -13
224 -6
225 -14
226 -8
227 -8
228 -14
229 -6
230 -6
231 -13
232 -8
233 -13
234 -6
235 -8
236 -13
237 -6
238 -8
239 -13
240 -8
241 -6
242 -6
243 -13
244 -13
245 -13
246 -6
247 -13
248 -11
249 -6
250 -6
251 -6
252 -6
253 -23
254 -8
255 -6
256 -6
257 -6
258 -6
259 -6
260 -18
261 -13
262 -13
263 -6
264 -13
265 -7
266 -6
267 -14
268 -13
269 -6
270 -8
271 -6
272 -6
273 -13
274 -13
275 -6
276 -14
277 -13
278 -6
279 -6
280 -6
281 -13
282 -6
283 -6
284 -13
285 -13
286 -13
287 -13
288 -6
289 -6
290 -6
291 -6
292 -13
293 -14
294 -13
295 -8
296 -6
297 -13
298 -6
299 -13
300 -6
301 -13
302 -8
303 -11
304 -6
305 -14
306 -13
307 -13
308 -6
309 -13
310 -14
311 -13
312 -13
313 -8
314 -8
315 -14
316 -14
317 -14
318 -13
319 -14
320 -6
321 -8
322 -14
323 -8
324 -6
325 -13
326 -8
327 -6
328 -13
329 -6
330 -6
331 -13
332 -13
333 -8
334 -15
335 -14
336 -6
337 -13
338 -6
339 -13
340 -13
341 -6
342 -8
343 -14
344 -6
345 -6
346 -6
347 -6
348 -6
349 -6
350 -6
351 -13
352 -13
353 -6
354 -17
355 -6
356 -13
357 -17
358 -14
359 -6
360 -13
361 -18
362 -6
363 -13
364 -6
365 -14
366 -13
367 -14
368 -6
369 -6
370 -8
371 -8
372 -14
373 -6
374 -14
375 -6
376 -6
377 -6
378 -13
379 -6
380 -6
381 -6
382 -8
383 -6
384 -14
385 -14
386 -8
387 -6
388 -20
389 -14
390 -26
391 -6
392 -6
393 -13
394 -13
395 -14
396 -13
397 -6
398 -6
399 -13
400 -8
401 -13
402 -13
403 -6
404 -6
405 -14
406 -6
407 -8
408 -13
409 -6
410 -13
411 -18
412 -13
413 -6
414 -13
415 -6
416 -13
417 -10
418 -16
419 -26
420 -8
421 -13
422 -6
423 -6
424 -8
425 -6
426 -6
427 -6
428 -8
429 -6
430 -14
431 -6
432 -13
433 -13
434 -6
435 -13
436 -8
437 -6
438 -8
439 -8
440 -14
441 -13
442 -6
443 -13
444 -13
445 -8
446 -13
447 -13
448 -6
449 -6
450 -14
451 -14
452 -14
453 -6
454 -14
455 -6
456 -6
457 -8
458 -14
459 -14
460 -6
461 -6
462 -13
463 -6
464 -6
465 -8
466 -6
467 -6
468 -14
469 -13
470 -6
471 -13
472 -14
473 -6
474 -8
475 -8
476 -6
477 -6
478 -8
479 -6
480 -6
481 -6
482 -6
483 -13
484 -8
485 -6
486 -6
487 -13
488 -13
489 -6
490 -8
491 -6
492 -6
493 -13
494 -14
495 -6
496 -13
497 -14
498 -13
499 -13
500 -13
501 -45
502 -6
503 -13
504 -13
505 -13
506 -6
507 -6
508 -6
509 -13
510 -6
511 -6
512 -13
513 -13
514 -14
515 -6
516 -13
517 -6
518 -6
519 -13
520 -6
521 -13
522 -13
523 -6
524 -6
525 -6
526 -13
527 -13
528 -13
529 -17
530 -16
531 -6
532 -8
533 -6
534 -8
535 -14
536 -8
537 -8
538 -13
539 -13
540 -6
541 -13
542 -13
543 -13
544 -13
545 -6
546 -7
547 -6
548 -6
549 -13
550 -8
551 -6
552 -13
553 -15
554 -8
555 -6
556 -13
557 -13
558 -11
559 -6
560 -14
561 -13
562 -8
563 -13
564 -13
565 -14
566 -6
567 -6
568 -6
569 -8
570 -6
571 -8
572 -6
573 -6
574 -8
575 -14
576 -6
577 -8
578 -6
579 -6
580 -14
581 -14
582 -13
583 -14
584 -6
585 -6
586 -6
587 -13
588 -6
589 -6
590 -6
591 -6
592 -8
593 -6
594 -6
595 -8
596 -6
597 -6
598 -13
599 -6
600 -6
601 -8
602 -14
603 -6
604 -6
605 -17
606 -13
607 -6
608 -8
609 -13
610 -13
611 -6
612 -13
613 -13
614 -13
615 -6
616 -6
617 -6
618 -6
619 -13
620 -13
621 -6
622 -8
623 -14
624 -14
625 -14
626 -8
627 -8
628 -6
629 -8
630 -13
631 -6
632 -6
633 -13
634 -13
635 -13
636 -13
637 -6
638 -13
639 -14
640 -6
641 -14
642 -14
643 -8
644 -13
645 -13
646 -13
647 -8
648 -8
649 -14
650 -6
651 -6
652 -14
653 -13
654 -14
655 -13
656 -8
657 -14
658 -6
659 -6
660 -6
661 -6
662 -8
663 -8
664 -8
665 -13
666 -6
667 -6
668 -6
669 -8
670 -8
671 -13
672 -6
673 -8
674 -8
675 -6
676 -6
677 -6
678 -13
679 -6
680 -8
681 -14
682 -6
683 -18
684 -7
685 -8
686 -14
687 -8
688 -14
689 -8
690 -6
691 -6
692 -6
693 -6
694 -13
695 -14
696 -14
697 -13
698 -13
699 -6
700 -13
701 -13
702 -8
703 -13
704 -13
705 -6
706 -6
707 -8
708 -14
709 -13
710 -6
711 -6
712 -6
713 -13
714 -6
715 -6
716 -13
717 -8
718 -6
719 -6
720 -14
721 -6
722 -6
723 -8
724 -6
725 -13
726 -8
727 -13
728 -6
729 -6
730 -14
731 -6
732 -14
733 -6
734 -6
735 -8
736 -6
737 -13
738 -14
739 -6
740 -6
741 -6
742 -14
743 -6
744 -13
745 -8
746 -6
747 -13
748 -13
749 -14
750 -13
751 -6
752 -13
753 -13
754 -13
755 -6
756 -6
757 -6
758 -14
759 -6
760 -14
761 -6
762 -6
763 -6
764 -6
765 -8
766 -14
767 -6
768 -13
769 -13
770 -6
771 -8
772 -14
773 -13
774 -13
775 -6
776 -14
777 -14
778 -14
779 -6
780 -6
781 -13
782 -13
783 -6
784 -13
785 -8
786 -8
787 -8
788 -8
789 -6
790 -6
791 -13
792 -6
793 -6
794 -8
795 -14
796 -8
797 -8
798 -6
799 -6
800 -13
801 -6
802 -8
803 -6
804 -13
805 -6
806 -6
807 -6
808 -13
809 -6
810 -14
811 -6
812 -13
813 -13
814 -26
815 -13
816 -13
817 -8
818 -6
819 -13
820 -14
821 -13
822 -14
823 -14
824 -6
825 -13
826 -8
827 -13
828 -13
829 -6
830 -13
831 -13
832 -6
833 -6
834 -7
835 -6
836 -13
837 -6
838 -6
839 -6
840 -6
841 -6
842 -6
843 -8
844 -6
845 -6
846 -8
847 -6
848 -13
849 -6
850 -14
851 -8
852 -6
853 -8
854 -13
855 -8
856 -6
857 -6
858 -8
859 -13
860 -13
861 -48
862 -14
863 -6
864 -6
865 -6
866 -13
867 -8
868 -8
869 -13
870 -8
871 -6
872 -14
873 -13
874 -13
875 -6
876 -8
877 -14
878 -14
879 -6
880 -13
881 -13
882 -8
883 -14
884 -8
885 -14
886 -6
887 -6
888 -6
889 -17
890 -13
891 -13
892 -6
893 -6
894 -13
895 -6
896 -6
897 -14
898 -6
899 -6
900 -6
901 -13
902 -14
903 -13
904 -6
905 -6
906 -13
907 -6
908 -6
909 -6
910 -8
911 -6
912 -14
913 -6
914 -13
915 -15
916 -6
917 -8
918 -6
919 -6
920 -14
921 -14
922 -13
923 -13
924 -8
925 -13
926 -8
927 -14
928 -13
929 -6
930 -6
931 -6
932 -13
933 -14
934 -6
935 -6
936 -6
937 -6
938 -8
939 -13
940 -6
941 -13
942 -8
943 -10
944 -6
945 -14
946 -6
947 -14
948 -6
949 -6
950 -8
951 -13
952 -6
953 -12
954 -6
955 -14
956 -8
957 -17
958 -6
959 -6
960 -13
961 -13
962 -14
963 -14
964 -13
965 -6
966 -6
967 -14
968 -6
969 -8
970 -8
971 -13
972 -6
973 -6
974 -6
975 -14
976 -13
977 -6
978 -6
979 -6
980 -13
981 -6
982 -13
983 -13
984 -13
985 -6
986 -13
987 -13
988 -6
989 -13
990 -6
991 -14
992 -6
993 -13
994 -6
995 -6
996 -14
997 -6
998 -6
999 -13
