0 -8
1 -8
2 -13
3 -13
4 -14
5 -13
6 -13
7 -8
8 -6
9 -8
10 -6
11 -6
12 -8
13 -8
14 -6
15 -13
16 -6
17 -6
18 -6
19 -13
20 -14
21 -13
22 -6
23 -8
24 -14
25 -6
26 -8
27 -8
28 -13
29 -6
30 -6
31 -6
32 -14
33 -13
34 -55
35 -6
36 -8
37 -14
38 -14
39 -6
40 -6
41 -14
42 -59
43 -14
44 -14
45 -6
46 -6
47 -14
48 -14
49 -18
50 -6
51 -6
52 -13
53 -6
54 -13
55 -8
56 -6
57 -13
58 -8
59 -6
60 -11
61 -13
62 -13
63 -13
64 -14
65 -8
66 -14
67 -13
68 -14
69 -8
70 -8
71 -6
72 -6
73 -13
74 -14
75 -14
76 -6
77 -6
78 -8
79 -8
80 -6
81 -8
82 -8
83 -13
84 -8
85 -6
86 -14
87 -18
88 -6
89 -8
90 -13
91 -6
92 -8
93 -6
94 -14
95 -8
96 -13
97 -8
98 -14
99 -13
100 -6
101 -6
102 -8
103 -6
104 -13
105 -6
106 -8
107 -8
108 -13
109 -13
110 -13
111 -6
112 -6
113 -8
114 -14
115 -8
116 -8
117 -14
118 -6
119 -8
120 -6
121 -13
122 -6
123 -8
124 -13
125 -6
126 -13
127 -6
128 -8
129 -6
130 -8
131 -11
132 -13
133 -13
134 -13
135 -13
136 -13
137 -13
138 -13
139 -6
140 -6
141 -13
142 -14
143 -6
144 -8
145 -14
146 -14
147 -13
148 -13
149 -6
150 -8
151 -13
152 -8
153 -13
154 -6
155 -13
156 -13
157 -6
158 -14
159 -14
160 -8
161 -6
162 -14
163 -13
164 -13
165 -6
166 -13
167 -6
168 -6
169 -6
170 -6
171 -8
172 -8
173 -8
174 -8
175 -8
176 -6
177 -6
178 -13
179 -13
180 -8
181 -6
182 -14
183 -14
184 -6
185 -19
186 -6
187 -14
188 -13
189 -13
190 -14
191 -8
192 -6
193 -6
194 -6
195 -13
196 -8
197 -6
198 -13
199 -6
200 -58
201 -8
202 -8
203 -6
204 -13
205 -8
206 -13
207 -14
208 -13
209 -6
210 -6
211 -14
212 -15
213 -14
214 -6
215 -6
216 -6
217 -8
218 -8
219 -13
220 -14
221 -13
222 -13
223 -8
224 -14
225 -6
226 -6
227 -6
228 -13
229 -8
230 -8
231 -8
232 -13
233 -6
234 -8
235 -6
236 -6
237 -13
238 -13
239 -13
240 -13
241 -8
242 -6
243 -6
244 -8
245 -13
246 -8
247 -13
248 -6
249 -8
250 -13
251 -8
252 -6
253 -6
254 -13
255 -13
256 -6
257 -8
258 -6
259 -13
260 -13
261 -14
262 -6
263 -14
264 -6
265 -6
266 -14
267 -8
268 -6
269 -14
270 -13
271 -13
272 -8
273 -13
274 -13
275 -8
276 -13
277 -6
278 -13
279 -14
280 -13
281 -8
282 -10
283 -14
284 -6
285 -6
286 -6
287 -6
288 -8
289 -6
290 -14
291 -8
292 -8
293 -13
294 -6
295 -13
296 -8
297 -8
298 -13
299 -14
300 -6
301 -6
302 -14
303 -8
304 -6
305 -13
306 -13
307 -8
308 -8
309 -13
310 -13
311 -8
312 -8
313 -8
314 -6
315 -13
316 -6
317 -8
318 -13
319 -13
320 -8
321 -6
322 -13
323 -6
324 -8
325 -9
326 -6
327 -14
328 -6
329 -14
330 -6
331 -19
332 -14
333 -6
334 -8
335 -8
336 -6
337 -13
338 -6
339 -13
340 -8
341 -14
342 -18
343 -13
344 -13
345 -8
346 -8
347 -6
348 -6
349 -13
350 -6
351 -13
352 -6
353 -8
354 -8
355 -14
356 -8
357 -14
358 -6
359 -6
360 -13
361 -8
362 -13
363 -6
364 -6
365 -8
366 -8
367 -14
368 -8
369 -13
370 -14
371 -14
372 -14
373 -13
374 -8
375 -13
376 -8
377 -8
378 -13
379 -13
380 -13
381 -14
382 -8
383 -8
384 -6
385 -6
386 -13
387 -6
388 -13
389 -13
390 -6
391 -13
392 -8
393 -8
394 -13
395 -6
396 -8
397 -13
398 -6
399 -13
400 -13
401 -14
402 -6
403 -8
404 -13
405 -14
406 -13
407 -8
408 -8
409 -13
410 -6
411 -13
412 -14
413 -6
414 -6
415 -14
416 -8
417 -6
418 -6
419 -13
420 -8
421 -6
422 -6
423 -13
424 -13
425 -14
426 -13
427 -6
428 -6
429 -14
430 -13
431 -14
432 -8
433 -8
434 -13
435 -14
436 -8
437 -14
438 -8
439 -8
440 -13
441 -8
442 -6
443 -8
444 -6
445 -8
446 -6
447 -13
448 -8
449 -13
450 -6
451 -13
452 -6
453 -13
454 -6
455 -13
456 -14
457 -14
458 -6
459 -14
460 -7
461 -12
462 -6
463 -6
464 -14
465 -7
466 -6
467 -8
468 -14
469 -6
470 -13
471 -6
472 -14
473 -6
474 -8
475 -6
476 -13
477 -8
478 -8
479 -8
480 -13
481 -6
482 -14
483 -8
484 -13
485 -6
486 -13
487 -13
488 -6
489 -6
490 -6
491 -13
492 -8
493 -13
494 -6
495 -8
496 -6
497 -6
498 -8
499 -17
500 -6
501 -14
502 -14
503 -6
504 -14
505 -8
506 -13
507 -8
508 -6
509 -14
510 -6
511 -13
512 -6
513 -8
514 -13
515 -13
516 -13
517 -13
518 -8
519 -8
520 -6
521 -14
522 -13
523 -6
524 -8
525 -8
526 -13
527 -13
528 -6
529 -13
530 -13
531 -6
532 -6
533 -14
534 -14
535 -13
536 -54
537 -13
538 -6
539 -13
540 -8
541 -13
542 -14
543 -8
544 -13
545 -6
546 -14
547 -8
548 -8
549 -8
550 -8
551 -6
552 -13
553 -14
554 -13
555 -6
556 -14
557 -8
558 -6
559 -8
560 -13
561 -8
562 -8
563 -13
564 -14
565 -6
566 -8
567 -13
568 -13
569 -14
570 -6
571 -8
572 -8
573 -8
574 -13
575 -6
576 -6
577 -13
578 -8
579 -6
580 -15
581 -6
582 -13
583 -6
584 -8
585 -6
586 -13
587 -6
588 -8
589 -17
590 -13
591 -14
592 -13
593 -6
594 -8
595 -8
596 -14
597 -8
598 -8
599 -14
600 -10
601 -13
602 -13
603 -6
604 -13
605 -8
606 -6
607 -6
608 -13
609 -6
610 -13
611 -13
612 -13
613 -8
614 -6
615 -6
616 -14
617 -13
618 -6
619 -8
620 -8
621 -13
622 -8
623 -8
624 -13
625 -13
626 -8
627 -8
628 -6
629 -14
630 -8
631 -6
632 -13
633 -8
634 -8
635 -14
636 -8
637 -6
638 -8
639 -6
640 -14
641 -6
642 -13
643 -9
644 -14
645 -8
646 -13
647 -14
648 -13
649 -13
650 -6
651 -13
652 -8
653 -6
654 -14
655 -8
656 -6
657 -20
658 -13
659 -8
660 -8
661 -6
662 -8
663 -6
664 -8
665 -6
666 -13
667 -6
668 -17
669 -8
670 -13
671 -8
672 -14
673 -14
674 -13
675 -14
676 -14
677 -14
678 -13
679 -6
680 -8
681 -13
682 -6
683 -13
684 -14
685 -13
686 -13
687 -13
688 -14
689 -8
690 -6
691 -6
692 -6
693 -8
694 -14
695 -8
696 -8
697 -13
698 -14
699 -8
700 -13
701 -13
702 -6
703 -6
704 -8
705 -13
706 -8
707 -13
708 -6
709 -6
710 -18
711 -6
712 -6
713 -13
714 -6
715 -6
716 -14
717 -18
718 -8
719 -13
720 -13
721 -13
722 -13
723 -13
724 -13
725 -14
726 -13
727 -6
728 -8
729 -13
730 -8
731 -13
732 -6
733 -8
734 -8
735 -13
736 -14
737 -8
738 -6
739 -14
740 -6
741 -13
742 -6
743 -13
744 -6
745 -8
746 -13
747 -6
748 -8
749 -7
750 -6
751 -6
752 -16
753 -12
754 -6
755 -8
756 -14
757 -8
758 -6
759 -8
760 -13
761 -14
762 -7
763 -6
764 -13
765 -13
766 -13
767 -14
768 -8
769 -6
770 -6
771 -6
772 -14
773 -6
774 -8
775 -13
776 -13
777 -8
778 -14
779 -8
780 -13
781 -14
782 -13
783 -6
784 -6
785 -8
786 -6
787 -13
788 -8
789 -14
790 -13
791 -13
792 -13
793 -8
794 -6
795 -13
796 -8
797 -19
798 -14
799 -14
800 -6
801 -6
802 -13
803 -6
804 -6
805 -8
806 -14
807 -13
808 -14
809 -8
810 -6
811 -8
812 -6
813 -6
814 -8
815 -6
816 -14
817 -13
818 -8
819 -6
820 -8
821 -6
822 -13
823 -14
824 -8
825 -14
826 -13
827 -8
828 -6
829 -14
830 -8
831 -13
832 -13
833 -6
834 -13
835 -14
836 -6
837 -14
838 -6
839 -8
840 -8
841 -8
842 -8
843 -13
844 -8
845 -8
846 -13
847 -6
848 -13
849 -6
850 -10
851 -13
852 -20
853 -8
854 -13
855 -18
856 -13
857 -6
858 -8
859 -6
860 -8
861 -8
862 -6
863 -8
864 -14
865 -6
866 -6
867 -17
868 -14
869 -13
870 -13
871 -6
872 -13
873 -6
874 -8
875 -6
876 -13
877 -14
878 -13
879 -8
880 -6
881 -13
882 -8
883 -8
884 -8
885 -6
886 -14
887 -6
888 -8
889 -13
890 -14
891 -13
892 -13
893 -6
894 -13
895 -8
896 -6
897 -14
898 -8
899 -6
900 -6
901 -13
902 -6
903 -14
904 -8
905 -8
906 -13
907 -13
908 -8
909 -6
910 -13
911 -13
912 -6
913 -6
914 -14
915 -6
916 -13
917 -13
918 -8
919 -13
920 -13
921 -13
922 -8
923 -14
924 -14
925 -14
926 -8
927 -14
928 -6
929 -8
930 -13
931 -8
932 -8
933 -6
934 -8
935 -14
936 -58
937 -14
938 -6
939 -14
940 -8
941 -8
942 -8
943 -6
944 -6
945 -14
946 -6
947 -13
948 -6
949 -6
950 -8
951 -13
952 -6
953 -8
954 -9
955 -8
956 -6
957 -12
958 -13
959 -6
960 -8
961 -13
962 -8
963 -6
964 -6
965 -13
966 -12
967 -6
968 -13
969 -8
970 -6
971 -6
972 -19
973 -13
974 -6
975 -14
976 -8
977 -8
978 -6
979 -11
980 -13
981 -6
982 -6
983 -8
984 -14
985 -13
986 -13
987 -8
988 -13
989 -8
990 -14
991 -6
992 -8
993 -6
994 -6
995 -6
996 -6
997 -13
998 -14
999 -13
