0 -8
1 -6
2 -6
3 -6
4 -13
5 -6
6 -13
7 -13
8 -8
9 -13
10 -6
11 -13
12 -6
13 -6
14 -6
15 -8
16 -13
17 -6
18 -14
19 -13
20 -6
21 -6
22 -13
23 -13
24 -6
25 -13
26 -8
27 -6
28 -6
29 -8
30 -8
31 -6
32 -6
33 -6
34 -19
35 -13
36 -14
37 -6
38 -8
39 -13
40 -14
41 -8
42 -6
43 -6
44 -6
45 -13
46 -6
47 -6
48 -6
49 -17
50 -6
51 -6
52 -8
53 -6
54 -13
55 -6
56 -6
57 -13
58 -6
59 -14
60 -6
61 -13
62 -6
63 -6
64 -7
65 -14
66 -13
67 -15
68 -14
69 -6
70 -13
71 -13
72 -8
73 -6
74 -6
75 -6
76 -6
77 -6
78 -6
79 -14
80 -6
81 -8
82 -13
83 -6
84 -13
85 -8
86 -13
87 -13
88 -13
89 -6
90 -13
91 -14
92 -6
93 -6
94 -13
95 -6
96 -6
97 -6
98 -13
99 -6
100 -13
101 -6
102 -6
103 -13
104 -13
105 -6
106 -8
107 -8
108 -8
109 -13
110 -6
111 -6
112 -8
113 -13
114 -13
115 -6
116 -6
117 -13
118 -14
119 -6
120 -14
121 -14
122 -6
123 -6
124 -14
125 -6
126 -6
127 -6
128 -8
129 -6
130 -6
131 -13
132 -6
133 -6
134 -13
135 -8
136 -13
137 -6
138 -13
139 -13
140 -13
141 -6
142 -6
143 -6
144 -13
145 -13
146 -6
147 -13
148 -13
149 -6
150 -8
151 -14
152 -6
153 -8
154 -13
155 -13
156 -6
157 -6
158 -14
159 -14
160 -6
161 -14
162 -14
163 -6
164 -6
165 -6
166 -10
167 -14
168 -13
169 -13
170 -14
171 -14
172 -6
173 -8
174 -14
175 -6
176 -13
177 -8
178 -6
179 -13
180 -6
181 -8
182 -6
183 -13
184 -13
185 -8
186 -14
187 -13
188 -17
189 -6
190 -6
191 -13
192 -6
193 -6
194 -6
195 -13
196 -6
197 -14
198 -6
199 -8
200 -6
201 -13
202 -6
203 -6
204 -13
205 -6
206 -13
207 -13
208 -13
209 -6
210 -6
211 -6
212 -8
213 -6
214 -6
215 -6
216 -13
217 -6
218 -6
219 -6
220 -8
221 -13
222 -14
223 -6
224 -6
225 -8
226 -13
227 -13
228 -8
229 -6
230 -8
231 -6
232 -6
233 -6
234 -8
235 -6
236 -13
237 -6
238 -6
239 -8
240 -14
241 -14
242 -13
243 -13
244 -13
245 -6
246 -6
247 -6
248 -8
249 -6
250 -9
251 -6
252 -13
253 -13
254 -14
255 -6
256 -14
257 -6
258 -13
259 -13
260 -49
261 -6
262 -14
263 -6
264 -14
265 -13
266 -6
267 -6
268 -7
269 -14
270 -8
271 -6
272 -8
273 -6
274 -13
275 -6
276 -13
277 -14
278 -13
279 -14
280 -14
281 -6
282 -8
283 -8
284 -8
285 -13
286 -13
287 -13
288 -13
289 -13
290 -13
291 -6
292 -14
293 -14
294 -6
295 -6
296 -13
297 -6
298 -8
299 -6
300 -6
301 -13
302 -13
303 -13
304 -8
305 -13
306 -13
307 -6
308 -12
309 -18
310 -13
311 -13
312 -6
313 -13
314 -8
315 -13
316 -6
317 -6
318 -6
319 -13
320 -14
321 -13
322 -6
323 -13
324 -13
325 -6
326 -14
327 -6
328 -6
329 -13
330 -14
331 -13
332 -6
333 -8
334 -8
335 -6
336 -6
337 -13
338 -13
339 -14
340 -6
341 -13
342 -6
343 -6
344 -13
345 -6
346 -13
347 -6
348 -6
349 -13
350 -6
351 -14
352 -13
353 -6
354 -6
355 -14
356 -6
357 -13
358 -13
359 -13
360 -6
361 -14
362 -6
363 -13
364 -53
365 -13
366 -8
367 -14
368 -13
369 -6
370 -8
371 -6
372 -6
373 -13
374 -7
375 -8
376 -6
377 -14
378 -8
379 -8
380 -14
381 -6
382 -18
383 -8
384 -6
385 -6
386 -13
387 -13
388 -6
389 -6
390 -8
391 -6
392 -6
393 -6
394 -19
395 -13
396 -6
397 -6
398 -13
399 -8
400 -13
401 -14
402 -8
403 -13
404 -6
405 -13
406 -13
407 -6
408 -14
409 -6
410 -18
411 -6
412 -6
413 -13
414 -8
415 -8
416 -6
417 -13
418 -6
419 -13
420 -13
421 -8
422 -14
423 -13
424 -6
425 -8
426 -8
427 -6
428 -14
429 -13
430 -13
431 -6
432 -26
433 -6
434 -13
435 -13
436 -17
437 -13
438 -6
439 -13
440 -6
441 -6
442 -6
443 -14
444 -13
445 -6
446 -22
447 -13
448 -13
449 -8
450 -6
451 -13
452 -14
453 -6
454 -13
455 -6
456 -13
457 -13
458 -6
459 -6
460 -13
461 -13
462 -13
463 -8
464 -6
465 -8
466 -14
467 -13
468 -6
469 -13
470 -6
471 -13
472 -6
473 -13
474 -13
475 -14
476 -6
477 -8
478 -13
479 -6
480 -13
481 -13
482 -13
483 -6
484 -6
485 -13
486 -8
487 -13
488 -6
489 -8
490 -6
491 -13
492 -6
493 -13
494 -6
495 -6
496 -13
497 -13
498 -13
499 -6
500 -8
501 -8
502 -14
503 -13
504 -13
505 -6
506 -13
507 -6
508 -13
509 -13
510 -13
511 -13
512 -14
513 -14
514 -6
515 -6
516 -6
517 -8
518 -8
519 -13
520 -6
521 -6
522 -8
523 -6
524 -6
525 -8
526 -6
527 -6
528 -6
529 -13
530 -6
531 -13
532 -6
533 -6
534 -6
535 -13
536 -8
537 -6
538 -8
539 -6
540 -13
541 -6
542 -13
543 -13
544 -6
545 -13
546 -8
547 -6
548 -17
549 -13
550 -13
551 -13
552 -6
553 -13
554 -8
555 -6
556 -6
557 -6
558 -13
559 -8
560 -13
561 -14
562 -6
563 -6
564 -14
565 -13
566 -6
567 -13
568 -6
569 -6
570 -6
571 -8
572 -17
573 -13
574 -6
575 -6
576 -6
577 -13
578 -13
579 -6
580 -14
581 -13
582 -8
583 -14
584 -6
585 -6
586 -6
587 -44
588 -13
589 -8
590 -13
591 -13
592 -6
593 -6
594 -6
595 -8
596 -13
597 -14
598 -6
599 -6
600 -6
601 -13
602 -13
603 -13
604 -6
605 -13
606 -6
607 -6
608 -14
609 -14
610 -13
611 -6
612 -13
613 -6
614 -6
615 -6
616 -6
617 -13
618 -6
619 -6
620 -13
621 -8
622 -6
623 -13
624 -8
625 -6
626 -8
627 -13
628 -13
629 -6
630 -6
631 -6
632 -12
633 -6
634 -6
635 -8
636 -8
637 -6
638 -13
639 -6
640 -14
641 -14
642 -6
643 -6
644 -6
645 -13
646 -6
647 -6
648 -12
649 -13
650 -8
651 -6
652 -8
653 -8
654 -13
655 -8
656 -6
657 -13
658 -13
659 -13
660 -13
661 -6
662 -8
663 -14
664 -6
665 -8
666 -13
667 -6
668 -6
669 -13
670 -6
671 -13
672 -6
673 -8
674 -13
675 -13
676 -6
677 -6
678 -13
679 -6
680 -6
681 -6
682 -13
683 -8
684 -14
685 -13
686 -6
687 -8
688 -8
689 -6
690 -17
691 -13
692 -6
693 -6
694 -6
695 -6
696 -6
697 -6
698 -13
699 -8
700 -6
701 -6
702 -8
703 -8
704 -8
705 -14
706 -13
707 -17
708 -6
709 -6
710 -6
711 -14
712 -6
713 -13
714 -13
715 -14
716 -13
717 -6
718 -6
719 -13
720 -14
721 -6
722 -13
723 -14
724 -13
725 -13
726 -13
727 -13
728 -13
729 -8
730 -13
731 -6
732 -8
733 -8
734 -6
735 -6
736 -6
737 -6
738 -8
739 -6
740 -13
741 -6
742 -6
743 -14
744 -6
745 -14
746 -13
747 -14
748 -6
749 -6
750 -6
751 -8
752 -13
753 -14
754 -6
755 -14
756 -8
757 -6
758 -14
759 -13
760 -8
761 -6
762 -8
763 -13
764 -13
765 -6
766 -8
767 -8
768 -6
769 -13
770 -13
771 -8
772 -13
773 -6
774 -18
775 -6
776 -13
777 -13
778 -6
779 -6
780 -13
781 -6
782 -6
783 -6
784 -8
785 -13
786 -6
787 -13
788 -6
789 -6
790 -13
791 -14
792 -13
793 -6
794 -6
795 -13
796 -9
797 -8
798 -8
799 -6
800 -13
801 -13
802 -6
803 -8
804 -14
805 -13
806 -13
807 -6
808 -6
809 -13
810 -13
811 -14
812 -8
813 -6
814 -13
815 -13
816 -6
817 -6
818 -6
819 -6
820 -13
821 -13
822 -8
823 -6
824 -14
825 -8
826 -6
827 -6
828 -14
829 -6
830 -14
831 -8
832 -8
833 -13
834 -8
835 -14
836 -13
837 -13
838 -6
839 -14
840 -13
841 -6
842 -6
843 -6
844 -6
845 -13
846 -14
847 -6
848 -6
849 -6
850 -14
851 -7
852 -13
853 -6
854 -13
855 -6
856 -6
857 -8
858 -6
859 -8
860 -8
861 -13
862 -6
863 -13
864 -13
865 -13
866 -6
867 -13
868 -6
869 -6
870 -8
871 -13
872 -14
873 -6
874 -14
875 -13
876 -6
877 -6
878 -13
879 -13
880 -8
881 -14
882 -6
883 -13
884 -6
885 -13
886 -13
887 -13
888 -6
889 -6
890 -13
891 -13
892 -8
893 -14
894 -8
895 -13
896 -6
897 -19
898 -13
899 -6
900 -12
901 -6
902 -6
903 -13
904 -6
905 -8
906 -8
907 -6
908 -6
909 -8
910 -13
911 -6
912 -13
913 -6
914 -6
915 -6
916 -6
917 -6
918 -8
919 -13
920 -13
921 -6
922 -14
923 -6
924 -13
925 -14
926 -6
927 -6
928 -8
929 -13
930 -13
931 -6
932 -13
933 -13
934 -6
935 -6
936 -13
937 -17
938 -13
939 -14
940 -6
941 -13
942 -6
943 -6
944 -13
945 -14
946 -13
947 -7
948 -14
949 -8
950 -13
951 -6
952 -8
953 -6
954 -6
955 -14
956 -8
957 -6
958 -14
959 -8
960 -6
961 -8
962 -14
963 -6
964 -8
965 -6
966 -13
967 -12
968 -6
969 -8
970 -14
971 -14
972 -6
973 -6
974 -6
975 -12
976 -6
977 -17
978 -6
979 -6
980 -8
981 -6
982 -6
983 -6
984 -14
985 -6
986 -6
987 -6
988 -13
989 -6
990 -6
991 -13
992 -14
993 -6
994 -6
995 -14
996 -8
997 -13
998 -6
999 -6
