0 -14
1 -6
2 -18
3 -6
4 -13
5 -13
6 -6
7 -6
8 -19
9 -8
10 -14
11 -13
12 -8
13 -14
14 -14
15 -8
16 -14
17 -8
18 -13
19 -8
20 -8
21 -14
22 -13
23 -13
24 -6
25 -8
26 -13
27 -13
28 -13
29 -14
30 -8
31 -8
32 -6
33 -14
34 -19
35 -6
36 -13
37 -13
38 -13
39 -6
40 -13
41 -13
42 -13
43 -8
44 -13
45 -6
46 -6
47 -14
48 -10
49 -13
50 -10
51 -6
52 -8
53 -13
54 -6
55 -6
56 -8
57 -6
58 -6
59 -6
60 -14
61 -6
62 -8
63 -6
64 -13
65 -17
66 -8
67 -8
68 -13
69 -6
70 -19
71 -8
72 -6
73 -14
74 -13
75 -6
76 -12
77 -8
78 -13
79 -14
80 -13
81 -14
82 -8
83 -14
84 -8
85 -14
86 -6
87 -15
88 -13
89 -14
90 -6
91 -13
92 -6
93 -8
94 -6
95 -13
96 -13
97 -13
98 -13
99 -8
100 -13
101 -13
102 -13
103 -6
104 -6
105 -6
106 -8
107 -8
108 -16
109 -13
110 -13
111 -13
112 -13
113 -13
114 -15
115 -14
116 -6
117 -8
118 -13
119 -13
120 -6
121 -13
122 -6
123 -14
124 -14
125 -6
126 -13
127 -14
128 -8
129 -8
130 -6
131 -6
132 -6
133 -13
134 -8
135 -8
136 -8
137 -8
138 -6
139 -14
140 -13
141 -8
142 -6
143 -8
144 -8
145 -6
146 -13
147 -6
148 -6
149 -13
150 -53
151 -14
152 -8
153 -8
154 -6
155 -13
156 -8
157 -8
158 -6
159 -6
160 -13
161 -8
162 -13
163 -13
164 -6
165 -8
166 -15
167 -6
168 -8
169 -8
170 -8
171 -14
172 -8
173 -13
174 -6
175 -8
176 -8
177 -8
178 -8
179 -6
180 -8
181 -6
182 -13
183 -13
184 -6
185 -8
186 -13
187 -13
188 -6
189 -6
190 -6
191 -13
192 -13
193 -6
194 -14
195 -6
196 -13
197 -8
198 -6
199 -18
200 -8
201 -8
202 -13
203 -14
204 -8
205 -14
206 -6
207 -13
208 -13
209 -8
210 -13
211 -15
212 -13
213 -14
214 -14
215 -6
216 -13
217 -13
218 -8
219 -6
220 -13
221 -8
222 -8
223 -8
224 -13
225 -8
226 -13
227 -6
228 -8
229 -8
230 -13
231 -6
232 -13
233 -6
234 -13
235 -8
236 -6
237 -8
238 -8
239 -6
240 -8
241 -8
242 -6
243 -8
244 -8
245 -13
246 -14
247 -13
248 -14
249 -6
250 -6
251 -6
252 -8
253 -6
254 -13
255 -13
256 -6
257 -13
258 -8
259 -8
260 -13
261 -8
262 -6
263 -13
264 -6
265 -14
266 -8
267 -14
268 -13
269 -8
270 -8
271 -13
272 -8
273 -6
274 -53
275 -13
276 -13
277 -13
278 -8
279 -6
280 -14
281 -13
282 -6
283 -6
284 -14
285 -6
286 -13
287 -8
288 -14
289 -14
290 -8
291 -18
292 -6
293 -6
294 -13
295 -13
296 -8
297 -14
298 -14
299 -8
300 -6
301 -8
302 -14
303 -6
304 -6
305 -8
306 -6
307 -8
308 -6
309 -13
310 -14
311 -8
312 -13
313 -6
314 -8
315 -13
316 -8
317 -13
318 -6
319 -8
320 -13
321 -8
322 -13
323 -8
324 -8
325 -8
326 -13
327 -6
328 -14
329 -14
330 -8
331 -8
332 -8
333 -8
334 -6
335 -6
336 -6
337 -6
338 -13
339 -6
340 -13
341 -6
342 -8
343 -8
344 -8
345 -13
346 -13
347 -6
348 -6
349 -6
350 -14
351 -13
352 -14
353 -8
354 -14
355 -13
356 -8
357 -6
358 -8
359 -6
360 -8
361 -13
362 -6
363 -6
364 -8
365 -8
366 -6
367 -13
368 -8
369 -8
370 -49
371 -8
372 -13
373 -6
374 -6
375 -8
376 -13
377 -8
378 -13
379 -7
380 -6
381 -13
382 -8
383 -13
384 -6
385 -13
386 -13
387 -6
388 -13
389 -13
390 -8
391 -6
392 -13
393 -8
394 -13
395 -17
396 -6
397 -14
398 -13
399 -8
400 -8
401 -6
402 -13
403 -41
404 -8
405 -6
406 -14
407 -13
408 -13
409 -8
410 -8
411 -8
412 -6
413 -13
414 -13
415 -18
416 -6
417 -13
418 -13
419 -13
420 -7
421 -8
422 -8
423 -6
424 -13
425 -13
426 -8
427 -14
428 -8
429 -17
430 -6
431 -13
432 -6
433 -13
434 -13
435 -6
436 -6
437 -8
438 -13
439 -8
440 -13
441 -14
442 -12
443 -14
444 -6
445 -6
446 -8
447 -6
448 -8
449 -9
450 -8
451 -13
452 -6
453 -13
454 -6
455 -13
456 -6
457 -6
458 -6
459 -13
460 -6
461 -13
462 -6
463 -10
464 -13
465 -8
466 -6
467 -14
468 -6
469 -6
470 -6
471 -8
472 -13
473 -14
474 -6
475 -6
476 -6
477 -8
478 -14
479 -13
480 -14
481 -14
482 -13
483 -6
484 -14
485 -8
486 -6
487 -14
488 -8
489 -8
490 -8
491 -6
492 -6
493 -13
494 -6
495 -8
496 -14
497 -13
498 -6
499 -6
500 -12
501 -6
502 -8
503 -6
504 -13
505 -13
506 -8
507 -6
508 -8
509 -6
510 -17
511 -6
512 -14
513 -8
514 -6
515 -13
516 -13
517 -13
518 -13
519 -8
520 -6
521 -8
522 -6
523 -8
524 -14
525 -13
526 -13
527 -13
528 -13
529 -8
530 -14
531 -8
532 -14
533 -6
534 -14
535 -26
536 -8
537 -8
538 -13
539 -8
540 -6
541 -6
542 -6
543 -14
544 -6
545 -6
546 -6
547 -8
548 -14
549 -13
550 -6
551 -13
552 -6
553 -6
554 -6
555 -13
556 -9
557 -14
558 -13
559 -8
560 -6
561 -6
562 -13
563 -13
564 -13
565 -8
566 -8
567 -8
568 -13
569 -13
570 -6
571 -8
572 -6
573 -8
574 -6
575 -6
576 -14
577 -6
578 -8
579 -6
580 -6
581 -14
582 -8
583 -13
584 -8
585 -8
586 -13
587 -8
588 -8
589 -14
590 -14
591 -13
592 -6
593 -8
594 -14
595 -13
596 -13
597 -6
598 -6
599 -6
600 -8
601 -13
602 -8
603 -13
604 -13
605 -8
606 -13
607 -6
608 -14
609 -8
610 -13
611 -6
612 -8
613 -13
614 -6
615 -6
616 -13
617 -7
618 -13
619 -6
620 -13
621 -16
622 -13
623 -6
624 -6
625 -8
626 -8
627 -14
628 -8
629 -6
630 -6
631 -6
632 -6
633 -14
634 -6
635 -13
636 -13
637 -13
638 -49
639 -13
640 -6
641 -6
642 -8
643 -14
644 -6
645 -14
646 -14
647 -8
648 -6
649 -6
650 -13
651 -8
652 -13
653 -8
654 -8
655 -6
656 -11
657 -8
658 -13
659 -8
660 -8
661 -6
662 -13
663 -8
664 -8
665 -13
666 -6
667 -6
668 -14
669 -17
670 -8
671 -13
672 -13
673 -6
674 -6
675 -12
676 -6
677 -13
678 -6
679 -13
680 -13
681 -6
682 -14
683 -6
684 -6
685 -8
686 -13
687 -48
688 -13
689 -6
690 -6
691 -14
692 -10
693 -13
694 -8
695 -6
696 -13
697 -8
698 -13
699 -14
700 -6
701 -8
702 -14
703 -8
704 -13
705 -13
706 -8
707 -6
708 -6
709 -8
710 -6
711 -14
712 -8
713 -8
714 -6
715 -14
716 -13
717 -6
718 -13
719 -13
720 -14
721 -13
722 -13
723 -6
724 -6
725 -6
726 -6
727 -8
728 -6
729 -6
730 -8
731 -8
732 -6
733 -6
734 -6
735 -14
736 -10
737 -6
738 -13
739 -13
740 -8
741 -6
742 -8
743 -6
744 -6
745 -6
746 -8
747 -6
748 -13
749 -14
750 -13
751 -14
752 -6
753 -13
754 -6
755 -8
756 -6
757 -8
758 -6
759 -13
760 -13
761 -13
762 -8
763 -13
764 -13
765 -8
766 -14
767 -6
768 -19
769 -8
770 -7
771 -8
772 -13
773 -13
774 -6
775 -8
776 -13
777 -8
778 -13
779 -6
780 -14
781 -13
782 -14
783 -14
784 -14
785 -8
786 -13
787 -6
788 -6
789 -6
790 -6
791 -6
792 -26
793 -14
794 -8
795 -12
796 -13
797 -6
798 -13
799 -13
800 -13
801 -6
802 -6
803 -14
804 -8
805 -8
806 -8
807 -6
808 -13
809 -6
810 -6
811 -6
812 -13
813 -6
814 -6
815 -16
816 -14
817 -13
818 -13
819 -8
820 -13
821 -6
822 -13
823 -6
824 -12
825 -6
826 -13
827 -13
828 -8
829 -8
830 -14
831 -8
832 -13
833 -14
834 -13
835 -13
836 -13
837 -8
838 -20
839 -13
840 -6
841 -8
842 -6
843 -6
844 -8
845 -13
846 -6
847 -13
848 -6
849 -13
850 -12
851 -14
852 -14
853 -14
854 -8
855 -14
856 -14
857 -13
858 -6
859 -8
860 -8
861 -8
862 -8
863 -8
864 -13
865 -14
866 -15
867 -13
868 -8
869 -13
870 -6
871 -13
872 -14
873 -13
874 -8
875 -13
876 -6
877 -6
878 -6
879 -13
880 -13
881 -8
882 -8
883 -13
884 -6
885 -14
886 -8
887 -8
888 -13
889 -13
890 -6
891 -6
892 -6
893 -14
894 -11
895 -6
896 -14
897 -6
898 -14
899 -6
900 -14
901 -13
902 -14
903 -8
904 -14
905 -14
906 -8
907 -14
908 -13
909 -6
910 -6
911 -13
912 -8
913 -6
914 -8
915 -6
916 -8
917 -6
918 -14
919 -6
920 -14
921 -13
922 -14
923 -8
924 -13
925 -6
926 -8
927 -13
928 -8
929 -6
930 -13
931 -6
932 -13
933 -6
934 -13
935 -8
936 -6
937 -14
938 -6
939 -13
940 -13
941 -8
942 -13
943 -13
944 -6
945 -8
946 -14
947 -14
948 -6
949 -14
950 -14
951 -8
952 -6
953 -13
954 -13
955 -13
956 -6
957 -13
958 -13
959 -6
960 -6
961 -8
962 -6
963 -8
964 -13
965 -14
966 -6
967 -8
968 -6
969 -6
970 -13
971 -13
972 -13
973 -8
974 -8
975 -8
976 -14
977 -13
978 -8
979 -6
980 -13
981 -14
982 -6
983 -6
984 -8
985 -13
986 -14
987 -6
988 -14
989 -14
990 -13
991 -6
992 -14
993 -8
994 -6
995 -6
996 -6
997 -6
998 -8
999 -6
