0 -13
1 -6
2 -10
3 -14
4 -6
5 -13
6 -53
7 -13
8 -13
9 -13
10 -13
11 -6
12 -6
13 -6
14 -10
15 -13
16 -13
17 -13
18 -13
19 -6
20 -13
21 -6
22 -6
23 -14
24 -13
25 -10
26 -6
27 -6
28 -13
29 -6
30 -13
31 -6
32 -10
33 -6
34 -6
35 -19
36 -13
37 -14
38 -10
39 -10
40 -14
41 -10
42 -13
43 -13
44 -6
45 -14
46 -6
47 -6
48 -13
49 -13
50 -10
51 -6
52 -14
53 -6
54 -13
55 -10
56 -6
57 -13
58 -6
59 -14
60 -13
61 -10
62 -14
63 -6
64 -10
65 -14
66 -6
67 -6
68 -6
69 -13
70 -6
71 -13
72 -13
73 -14
74 -10
75 -6
76 -13
77 -6
78 -14
79 -6
80 -6
81 -13
82 -13
83 -17
84 -6
85 -6
86 -6
87 -13
88 -13
89 -6
90 -6
91 -10
92 -13
93 -10
94 -14
95 -14
96 -10
97 -6
98 -13
99 -13
100 -6
101 -13
102 -13
103 -13
104 -13
105 -6
106 -6
107 -14
108 -6
109 -15
110 -6
111 -6
112 -6
113 -13
114 -6
115 -6
116 -6
117 -13
118 -13
119 -6
120 -10
121 -14
122 -14
123 -10
124 -13
125 -18
126 -13
127 -6
128 -13
129 -13
130 -6
131 -6
132 -14
133 -6
134 -6
135 -6
136 -6
137 -6
138 -6
139 -13
140 -10
141 -6
142 -6
143 -6
144 -6
145 -6
146 -18
147 -6
148 -6
149 -13
150 -6
151 -13
152 -18
153 -17
154 -14
155 -6
156 -6
157 -6
158 -6
159 -13
160 -13
161 -13
162 -6
163 -10
164 -14
165 -6
166 -6
167 -6
168 -6
169 -13
170 -13
171 -13
172 -13
173 -13
174 -10
175 -6
176 -10
177 -13
178 -13
179 -13
180 -14
181 -13
182 -6
183 -14
184 -6
185 -6
186 -6
187 -6
188 -14
189 -14
190 -13
191 -12
192 -13
193 -10
194 -14
195 -26
196 -14
197 -6
198 -13
199 -10
200 -6
201 -13
202 -6
203 -13
204 -14
205 -14
206 -6
207 -13
208 -10
209 -6
210 -6
211 -6
212 -10
213 -10
214 -13
215 -6
216 -14
217 -13
218 -6
219 -6
220 -6
221 -6
222 -14
223 -6
224 -6
225 -13
226 -10
227 -13
228 -13
229 -13
230 -10
231 -6
232 -6
233 -6
234 -10
235 -10
236 -13
237 -6
238 -6
239 -14
240 -6
241 -10
242 -13
243 -25
244 -6
245 -13
246 -6
247 -6
248 -13
249 -13
250 -10
251 -6
252 -6
253 -6
254 -10
255 -13
256 -6
257 -10
258 -6
259 -6
260 -38
261 -10
262 -13
263 -13
264 -14
265 -6
266 -6
267 -6
268 -10
269 -6
270 -6
271 -6
272 -13
273 -10
274 -6
275 -6
276 -10
277 -13
278 -6
279 -16
280 -10
281 -14
282 -10
283 -10
284 -18
285 -6
286 -6
287 -13
288 -6
289 -14
290 -6
291 -13
292 -13
293 -6
294 -6
295 -13
296 -13
297 -6
298 -6
299 -13
300 -13
301 -6
302 -6
303 -6
304 -6
305 -10
306 -13
307 -23
308 -13
309 -14
310 -10
311 -6
312 -6
313 -10
314 -14
315 -13
316 -14
317 -14
318 -14
319 -6
320 -14
321 -14
322 -13
323 -13
324 -13
325 -8
326 -13
327 -10
328 -6
329 -10
330 -13
331 -10
332 -14
333 -14
334 -9
335 -13
336 -6
337 -13
338 -6
339 -6
340 -10
341 -6
342 -6
343 -14
344 -13
345 -14
346 -6
347 -10
348 -10
349 -6
350 -13
351 -14
352 -6
353 -6
354 -6
355 -6
356 -6
357 -13
358 -13
359 -13
360 -13
361 -6
362 -6
363 -13
364 -6
365 -6
366 -6
367 -13
368 -13
369 -6
370 -13
371 -6
372 -6
373 -6
374 -14
375 -10
376 -13
377 -14
378 -14
379 -6
380 -6
381 -6
382 -14
383 -6
384 -14
385 -13
386 -6
387 -6
388 -10
389 -38
390 -13
391 -14
392 -14
393 -14
394 -6
395 -6
396 -6
397 -6
398 -6
399 -10
400 -10
401 -6
402 -6
403 -13
404 -6
405 -10
406 -6
407 -14
408 -13
409 -6
410 -10
411 -10
412 -6
413 -6
414 -14
415 -13
416 -6
417 -6
418 -47
419 -14
420 -13
421 -13
422 -13
423 -13
424 -13
425 -6
426 -13
427 -6
428 -6
429 -13
430 -10
431 -10
432 -6
433 -10
434 -6
435 -14
436 -6
437 -6
438 -6
439 -6
440 -10
441 -6
442 -14
443 -6
444 -6
445 -10
446 -10
447 -6
448 -14
449 -6
450 -10
451 -6
452 -14
453 -14
454 -13
455 -6
456 -6
457 -13
458 -13
459 -6
460 -6
461 -6
462 -6
463 -13
464 -6
465 -13
466 -6
467 -13
468 -6
469 -13
470 -13
471 -6
472 -6
473 -6
474 -6
475 -13
476 -6
477 -6
478 -10
479 -13
480 -14
481 -13
482 -6
483 -13
484 -6
485 -14
486 -6
487 -13
488 -14
489 -13
490 -13
491 -13
492 -6
493 -13
494 -14
495 -6
496 -6
497 -6
498 -14
499 -6
500 -6
501 -6
502 -6
503 -14
504 -6
505 -6
506 -13
507 -13
508 -14
509 -6
510 -13
511 -10
512 -6
513 -6
514 -13
515 -18
516 -6
517 -17
518 -6
519 -6
520 -6
521 -13
522 -9
523 -10
524 -6
525 -6
526 -10
527 -6
528 -13
529 -6
530 -13
531 -6
532 -6
533 -13
534 -14
535 -8
536 -13
537 -6
538 -13
539 -10
540 -10
541 -6
542 -10
543 -13
544 -6
545 -13
546 -13
547 -7
548 -13
549 -6
550 -13
551 -6
552 -14
553 -10
554 -6
555 -6
556 -13
557 -13
558 -6
559 -10
560 -6
561 -6
562 -6
563 -13
564 -10
565 -13
566 -14
567 -6
568 -13
569 -14
570 -13
571 -14
572 -13
573 -6
574 -14
575 -6
576 -6
577 -6
578 -12
579 -6
580 -10
581 -6
582 -6
583 -6
584 -14
585 -6
586 -13
587 -6
588 -22
589 -10
590 -6
591 -10
592 -13
593 -9
594 -14
595 -10
596 -6
597 -6
598 -10
599 -6
600 -14
601 -12
602 -10
603 -6
604 -10
605 -6
606 -6
607 -8
608 -14
609 -6
610 -13
611 -14
612 -10
613 -13
614 -6
615 -14
616 -13
617 -13
618 -13
619 -14
620 -13
621 -14
622 -13
623 -13
624 -6
625 -13
626 -6
627 -10
628 -13
629 -6
630 -10
631 -10
632 -10
633 -13
634 -10
635 -14
636 -6
637 -14
638 -13
639 -15
640 -15
641 -6
642 -14
643 -14
644 -6
645 -15
646 -38
647 -13
648 -10
649 -13
650 -13
651 -13
652 -10
653 -6
654 -14
655 -6
656 -6
657 -6
658 -6
659 -6
660 -13
661 -14
662 -13
663 -6
664 -13
665 -6
666 -13
667 -10
668 -6
669 -13
670 -10
671 -14
672 -13
673 -6
674 -6
675 -10
676 -10
677 -6
678 -6
679 -6
680 -10
681 -6
682 -13
683 -13
684 -6
685 -14
686 -13
687 -6
688 -10
689 -14
690 -14
691 -10
692 -14
693 -6
694 -13
695 -13
696 -6
697 -10
698 -14
699 -6
700 -6
701 -6
702 -6
703 -10
704 -6
705 -6
706 -6
707 -14
708 -6
709 -10
710 -14
711 -13
712 -13
713 -6
714 -11
715 -6
716 -14
717 -14
718 -11
719 -13
720 -14
721 -13
722 -10
723 -6
724 -6
725 -10
726 -6
727 -6
728 -6
729 -14
730 -6
731 -13
732 -6
733 -10
734 -6
735 -13
736 -13
737 -6
738 -6
739 -13
740 -13
741 -10
742 -6
743 -13
744 -13
745 -10
746 -8
747 -6
748 -10
749 -13
750 -13
751 -6
752 -13
753 -13
754 -10
755 -6
756 -13
757 -6
758 -6
759 -6
760 -13
761 -13
762 -6
763 -13
764 -14
765 -14
766 -6
767 -6
768 -14
769 -13
770 -6
771 -6
772 -6
773 -6
774 -13
775 -10
776 -14
777 -13
778 -6
779 -6
780 -6
781 -6
782 -6
783 -13
784 -10
785 -6
786 -10
787 -6
788 -19
789 -6
790 -10
791 -6
792 -13
793 -6
794 -6
795 -14
796 -10
797 -14
798 -10
799 -6
800 -13
801 -6
802 -6
803 -6
804 -6
805 -14
806 -13
807 -6
808 -6
809 -18
810 -6
811 -13
812 -6
813 -14
814 -14
815 -13
816 -6
817 -13
818 -6
819 -6
820 -6
821 -6
822 -6
823 -6
824 -6
825 -10
826 -14
827 -6
828 -10
829 -6
830 -14
831 -6
832 -6
833 -6
834 -6
835 -6
836 -10
837 -6
838 -6
839 -14
840 -6
841 -17
842 -6
843 -6
844 -12
845 -6
846 -13
847 -10
848 -6
849 -6
850 -13
851 -13
852 -6
853 -6
854 -6
855 -10
856 -10
857 -10
858 -6
859 -13
860 -14
861 -14
862 -6
863 -10
864 -10
865 -6
866 -13
867 -6
868 -6
869 -13
870 -6
871 -14
872 -10
873 -14
874 -6
875 -7
876 -10
877 -13
878 -6
879 -13
880 -13
881 -6
882 -13
883 -6
884 -6
885 -13
886 -13
887 -13
888 -13
889 -6
890 -6
891 -13
892 -6
893 -13
894 -14
895 -6
896 -11
897 -6
898 -14
899 -13
900 -13
901 -10
902 -6
903 -6
904 -13
905 -13
906 -6
907 -13
908 -6
909 -13
910 -6
911 -6
912 -10
913 -14
914 -6
915 -13
916 -10
917 -6
918 -6
919 -6
920 -6
921 -13
922 -6
923 -6
924 -16
925 -6
926 -6
927 -6
928 -10
929 -14
930 -13
931 -6
932 -10
933 -14
934 -6
935 -14
936 -6
937 -6
938 -14
939 -24
940 -13
941 -6
942 -10
943 -10
944 -22
945 -6
946 -6
947 -14
948 -10
949 -13
950 -14
951 -13
952 -10
953 -6
954 -6
955 -10
956 -13
957 -36
958 -6
959 -13
960 -13
961 -6
962 -14
963 -10
964 -13
965 -6
966 -13
967 -13
968 -6
969 -6
970 -6
971 -14
972 -13
973 -13
974 -13
975 -10
976 -10
977 -6
978 -13
979 -13
980 -13
981 -13
982 -6
983 -6
984 -12
985 -14
986 -13
987 -10
988 -14
989 -10
990 -6
991 -6
992 -6
993 -6
994 -14
995 -10
996 -6
997 -6
998 -6
999 -6
