0 -14
1 -7
2 -14
3 -13
4 -13
5 -13
6 -9
7 -8
8 -14
9 -7
10 -13
11 -7
12 -13
13 -13
14 -13
15 -13
16 -13
17 -6
18 -13
19 -6
20 -9
21 -9
22 -6
23 -6
24 -6
25 -6
26 -9
27 -13
28 -13
29 -7
30 -6
31 -13
32 -7
33 -6
34 -9
35 -6
36 -7
37 -7
38 -6
39 -7
40 -6
41 -6
42 -13
43 -6
44 -13
45 -14
46 -7
47 -6
48 -9
49 -15
50 -14
51 -14
52 -6
53 -13
54 -13
55 -13
56 -7
57 -6
58 -7
59 -13
60 -13
61 -9
62 -13
63 -14
64 -6
65 -14
66 -6
67 -14
68 -7
69 -6
70 -7
71 -6
72 -13
73 -13
74 -13
75 -6
76 -14
77 -7
78 -6
79 -6
80 -7
81 -9
82 -6
83 -6
84 -6
85 -6
86 -6
87 -13
88 -13
89 -7
90 -6
91 -13
92 -7
93 -9
94 -7
95 -14
96 -6
97 -6
98 -9
99 -13
100 -6
101 -7
102 -6
103 -13
104 -14
105 -6
106 -9
107 -6
108 -14
109 -14
110 -14
111 -9
112 -7
113 -13
114 -7
115 -13
116 -17
117 -6
118 -6
119 -23
120 -7
121 -16
122 -13
123 -6
124 -6
125 -6
126 -9
127 -13
128 -14
129 -13
130 -6
131 -6
132 -6
133 -7
134 -6
135 -6
136 -13
137 -7
138 -13
139 -13
140 -13
141 -6
142 -13
143 -14
144 -7
145 -13
146 -13
147 -14
148 -6
149 -6
150 -6
151 -7
152 -14
153 -9
154 -9
155 -6
156 -7
157 -13
158 -6
159 -9
160 -7
161 -6
162 -7
163 -14
164 -6
165 -11
166 -7
167 -6
168 -13
169 -13
170 -7
171 -9
172 -13
173 -13
174 -9
175 -13
176 -14
177 -7
178 -6
179 -13
180 -13
181 -6
182 -9
183 -14
184 -9
185 -6
186 -13
187 -14
188 -7
189 -13
190 -13
191 -6
192 -7
193 -6
194 -13
195 -13
196 -6
197 -13
198 -7
199 -7
200 -6
201 -13
202 -6
203 -14
204 -7
205 -7
206 -14
207 -13
208 -6
209 -6
210 -14
211 -6
212 -14
213 -9
214 -7
215 -14
216 -7
217 -6
218 -6
219 -13
220 -7
221 -13
222 -13
223 -13
224 -6
225 -6
226 -6
227 -9
228 -14
229 -13
230 -14
231 -14
232 -13
233 -6
234 -14
235 -6
236 -6
237 -6
238 -6
239 -14
240 -7
241 -14
242 -9
243 -13
244 -13
245 -7
246 -14
247 -6
248 -14
249 -6
250 -6
251 -9
252 -7
253 -6
254 -14
255 -7
256 -15
257 -9
258 -6
259 -6
260 -9
261 -14
262 -6
263 -14
264 -6
265 -14
266 -6
267 -13
268 -9
269 -13
270 -13
271 -14
272 -13
273 -13
274 -14
275 -6
276 -9
277 -9
278 -7
279 -7
280 -7
281 -13
282 -7
283 -9
284 -13
285 -7
286 -13
287 -63
288 -7
289 -13
290 -14
291 -6
292 -6
293 -14
294 -13
295 -6
296 -6
297 -13
298 -13
299 -6
300 -6
301 -9
302 -13
303 -9
304 -13
305 -14
306 -13
307 -7
308 -7
309 -13
310 -13
311 -13
312 -14
313 -13
314 -14
315 -13
316 -14
317 -13
318 -13
319 -7
320 -13
321 -14
322 -6
323 -14
324 -9
325 -13
326 -13
327 -7
328 -6
329 -9
330 -6
331 -7
332 -13
333 -6
334 -7
335 -7
336 -13
337 -14
338 -6
339 -7
340 -6
341 -6
342 -6
343 -13
344 -13
345 -13
346 -21
347 -14
348 -13
349 -6
350 -14
351 -7
352 -7
353 -7
354 -14
355 -13
356 -7
357 -13
358 -13
359 -6
360 -6
361 -13
362 -13
363 -7
364 -6
365 -7
366 -7
367 -14
368 -9
369 -6
370 -13
371 -13
372 -9
373 -6
374 -13
375 -6
376 -6
377 -9
378 -13
379 -13
380 -13
381 -6
382 -6
383 -8
384 -14
385 -6
386 -6
387 -6
388 -6
389 -6
390 -7
391 -13
392 -14
393 -7
394 -9
395 -14
396 -13
397 -14
398 -6
399 -6
400 -7
401 -14
402 -7
403 -14
404 -14
405 -7
406 -9
407 -9
408 -9
409 -25
410 -14
411 -9
412 -17
413 -18
414 -14
415 -6
416 -9
417 -7
418 -13
419 -14
420 -13
421 -13
422 -13
423 -7
424 -13
425 -14
426 -13
427 -7
428 -14
429 -14
430 -10
431 -6
432 -14
433 -13
434 -6
435 -7
436 -6
437 -6
438 -9
439 -9
440 -6
441 -6
442 -6
443 -14
444 -6
445 -13
446 -13
447 -7
448 -18
449 -13
450 -6
451 -9
452 -6
453 -13
454 -13
455 -14
456 -6
457 -13
458 -6
459 -13
460 -13
461 -15
462 -23
463 -6
464 -6
465 -14
466 -7
467 -6
468 -14
469 -9
470 -14
471 -13
472 -13
473 -13
474 -12
475 -13
476 -7
477 -14
478 -7
479 -7
480 -13
481 -6
482 -9
483 -6
484 -6
485 -13
486 -13
487 -9
488 -13
489 -13
490 -14
491 -13
492 -6
493 -9
494 -7
495 -18
496 -6
497 -14
498 -13
499 -14
500 -7
501 -6
502 -6
503 -13
504 -9
505 -9
506 -6
507 -6
508 -13
509 -6
510 -6
511 -12
512 -17
513 -7
514 -23
515 -7
516 -13
517 -13
518 -13
519 -6
520 -14
521 -13
522 -7
523 -6
524 -6
525 -9
526 -13
527 -14
528 -6
529 -7
530 -7
531 -13
532 -19
533 -14
534 -6
535 -6
536 -13
537 -6
538 -13
539 -6
540 -12
541 -6
542 -13
543 -13
544 -13
545 -6
546 -14
547 -6
548 -13
549 -13
550 -19
551 -6
552 -13
553 -6
554 -9
555 -6
556 -6
557 -6
558 -17
559 -13
560 -14
561 -9
562 -6
563 -6
564 -9
565 -9
566 -13
567 -14
568 -6
569 -7
570 -9
571 -7
572 -6
573 -12
574 -13
575 -13
576 -6
577 -9
578 -7
579 -14
580 -18
581 -13
582 -14
583 -13
584 -13
585 -7
586 -13
587 -7
588 -6
589 -14
590 -13
591 -7
592 -6
593 -14
594 -6
595 -13
596 -6
597 -6
598 -9
599 -14
600 -6
601 -13
602 -13
603 -6
604 -9
605 -14
606 -13
607 -9
608 -7
609 -13
610 -6
611 -14
612 -6
613 -9
614 -7
615 -13
616 -6
617 -9
618 -7
619 -6
620 -9
621 -14
622 -6
623 -9
624 -6
625 -13
626 -13
627 -6
628 -13
629 -13
630 -7
631 -9
632 -9
633 -9
634 -6
635 -9
636 -13
637 -9
638 -13
639 -20
640 -6
641 -14
642 -9
643 -9
644 -9
645 -14
646 -13
647 -14
648 -6
649 -6
650 -9
651 -8
652 -7
653 -7
654 -9
655 -7
656 -9
657 -14
658 -14
659 -6
660 -17
661 -7
662 -6
663 -13
664 -9
665 -14
666 -13
667 -6
668 -9
669 -6
670 -13
671 -6
672 -7
673 -9
674 -17
675 -13
676 -6
677 -13
678 -13
679 -9
680 -6
681 -6
682 -14
683 -6
684 -6
685 -7
686 -13
687 -7
688 -9
689 -9
690 -14
691 -9
692 -14
693 -7
694 -13
695 -9
696 -9
697 -9
698 -6
699 -7
700 -6
701 -6
702 -13
703 -6
704 -13
705 -7
706 -6
707 -6
708 -6
709 -6
710 -13
711 -7
712 -7
713 -13
714 -6
715 -13
716 -6
717 -14
718 -14
719 -6
720 -13
721 -6
722 -7
723 -13
724 -13
725 -6
726 -14
727 -6
728 -13
729 -13
730 -9
731 -7
732 -6
733 -14
734 -6
735 -30
736 -7
737 -13
738 -6
739 -6
740 -14
741 -13
742 -7
743 -6
744 -6
745 -14
746 -14
747 -9
748 -6
749 -6
750 -13
751 -14
752 -7
753 -9
754 -13
755 -8
756 -6
757 -14
758 -13
759 -13
760 -14
761 -6
762 -6
763 -13
764 -7
765 -13
766 -7
767 -6
768 -7
769 -13
770 -9
771 -6
772 -13
773 -6
774 -7
775 -7
776 -14
777 -6
778 -20
779 -13
780 -7
781 -13
782 -6
783 -13
784 -13
785 -13
786 -14
787 -9
788 -6
789 -6
790 -13
791 -6
792 -14
793 -6
794 -6
795 -9
796 -10
797 -6
798 -7
799 -14
800 -6
801 -6
802 -9
803 -6
804 -13
805 -6
806 -9
807 -6
808 -9
809 -9
810 -6
811 -14
812 -13
813 -13
814 -13
815 -6
816 -13
817 -15
818 -14
819 -14
820 -7
821 -6
822 -16
823 -13
824 -7
825 -6
826 -9
827 -7
828 -6
829 -7
830 -9
831 -14
832 -7
833 -13
834 -14
835 -9
836 -14
837 -14
838 -6
839 -14
840 -14
841 -6
842 -9
843 -14
844 -13
845 -9
846 -14
847 -13
848 -13
849 -6
850 -7
851 -6
852 -6
853 -6
854 -6
855 -17
856 -20
857 -9
858 -6
859 -13
860 -13
861 -13
862 -9
863 -6
864 -9
865 -9
866 -6
867 -6
868 -6
869 -13
870 -6
871 -13
872 -13
873 -14
874 -7
875 -6
876 -9
877 -13
878 -13
879 -9
880 -14
881 -13
882 -6
883 -7
884 -6
885 -7
886 -13
887 -6
888 -9
889 -13
890 -57
891 -6
892 -14
893 -14
894 -13
895 -6
896 -6
897 -17
898 -9
899 -9
900 -13
901 -14
902 -21
903 -9
904 -6
905 -9
906 -9
907 -14
908 -6
909 -6
910 -13
911 -9
912 -13
913 -8
914 -6
915 -6
916 -13
917 -13
918 -6
919 -7
920 -13
921 -7
922 -6
923 -6
924 -9
925 -6
926 -6
927 -14
928 -14
929 -6
930 -7
931 -13
932 -13
933 -14
934 -6
935 -14
936 -9
937 -6
938 -6
939 -13
940 -9
941 -6
942 -13
943 -14
944 -13
945 -13
946 -14
947 -13
948 -7
949 -13
950 -6
951 -6
952 -7
953 -9
954 -7
955 -14
956 -6
957 -13
958 -13
959 -13
960 -9
961 -13
962 -6
963 -14
964 -6
965 -13
966 -7
967 -6
968 -7
969 -9
970 -7
971 -6
972 -13
973 -6
974 -13
975 -13
976 -13
977 -7
978 -7
979 -6
980 -9
981 -6
982 -9
983 -9
984 -6
985 -7
986 -13
987 -14
988 -6
989 -9
990 -13
991 -6
992 -13
993 -7
994 -6
995 -13
996 -7
997 -9
998 -13
999 -9
