0 -13
1 -7
2 -13
3 -13
4 -13
5 -14
6 -14
7 -13
8 -6
9 -6
10 -14
11 -8
12 -14
13 -13
14 -14
15 -8
16 -13
17 -13
18 -6
19 -8
20 -6
21 -13
22 -13
23 -8
24 -7
25 -8
26 -14
27 -6
28 -7
29 -7
30 -6
31 -8
32 -8
33 -6
34 -14
35 -6
36 -14
37 -7
38 -14
39 -8
40 -13
41 -7
42 -8
43 -13
44 -13
45 -18
46 -8
47 -13
48 -14
49 -14
50 -8
51 -14
52 -13
53 -13
54 -13
55 -8
56 -13
57 -14
58 -13
59 -13
60 -13
61 -13
62 -6
63 -13
64 -13
65 -8
66 -13
67 -6
68 -13
69 -13
70 -6
71 -14
72 -8
73 -6
74 -6
75 -13
76 -14
77 -13
78 -8
79 -6
80 -8
81 -6
82 -6
83 -13
84 -14
85 -7
86 -7
87 -8
88 -13
89 -8
90 -13
91 -8
92 -7
93 -7
94 -8
95 -13
96 -6
97 -6
98 -8
99 -13
100 -6
101 -6
102 -14
103 -13
104 -13
105 -14
106 -13
107 -8
108 -14
109 -13
110 -13
111 -7
112 -14
113 -14
114 -6
115 -13
116 -7
117 -6
118 -13
119 -6
120 -8
121 -13
122 -13
123 -7
124 -13
125 -6
126 -13
127 -13
128 -14
129 -13
130 -7
131 -6
132 -6
133 -14
134 -6
135 -13
136 -13
137 -6
138 -13
139 -13
140 -13
141 -7
142 -8
143 -13
144 -8
145 -13
146 -13
147 -6
148 -8
149 -6
150 -6
151 -7
152 -7
153 -6
154 -14
155 -7
156 -6
157 -13
158 -14
159 -14
160 -7
161 -14
162 -8
163 -6
164 -6
165 -7
166 -14
167 -14
168 -8
169 -8
170 -13
171 -6
172 -8
173 -6
174 -14
175 -6
176 -7
177 -13
178 -7
179 -13
180 -13
181 -6
182 -14
183 -13
184 -8
185 -11
186 -6
187 -8
188 -7
189 -8
190 -8
191 -14
192 -6
193 -6
194 -13
195 -14
196 -13
197 -6
198 -13
199 -6
200 -8
201 -6
202 -6
203 -13
204 -6
205 -6
206 -7
207 -6
208 -7
209 -13
210 -6
211 -6
212 -6
213 -14
214 -13
215 -8
216 -6
217 -13
218 -7
219 -14
220 -8
221 -6
222 -6
223 -8
224 -7
225 -14
226 -13
227 -7
228 -8
229 -8
230 -8
231 -13
232 -6
233 -13
234 -14
235 -6
236 -6
237 -7
238 -7
239 -8
240 -7
241 -6
242 -6
243 -6
244 -14
245 -13
246 -6
247 -12
248 -8
249 -6
250 -14
251 -13
252 -6
253 -8
254 -14
255 -14
256 -8
257 -14
258 -7
259 -6
260 -13
261 -6
262 -13
263 -13
264 -6
265 -7
266 -6
267 -13
268 -13
269 -6
270 -6
271 -6
272 -13
273 -7
274 -6
275 -7
276 -6
277 -6
278 -6
279 -8
280 -6
281 -7
282 -13
283 -43
284 -14
285 -14
286 -6
287 -6
288 -13
289 -8
290 -6
291 -14
292 -13
293 -14
294 -13
295 -6
296 -13
297 -13
298 -7
299 -7
300 -6
301 -8
302 -24
303 -13
304 -14
305 -7
306 -13
307 -6
308 -6
309 -7
310 -7
311 -6
312 -6
313 -14
314 -7
315 -6
316 -14
317 -13
318 -8
319 -17
320 -6
321 -7
322 -13
323 -6
324 -7
325 -7
326 -14
327 -8
328 -6
329 -13
330 -13
331 -14
332 -6
333 -7
334 -13
335 -13
336 -6
337 -6
338 -8
339 -6
340 -6
341 -14
342 -6
343 -14
344 -6
345 -6
346 -6
347 -8
348 -6
349 -13
350 -7
351 -9
352 -6
353 -8
354 -13
355 -14
356 -14
357 -14
358 -6
359 -6
360 -14
361 -7
362 -7
363 -7
364 -8
365 -13
366 -6
367 -8
368 -14
369 -7
370 -11
371 -14
372 -13
373 -6
374 -7
375 -6
376 -13
377 -16
378 -7
379 -7
380 -6
381 -18
382 -6
383 -13
384 -13
385 -14
386 -13
387 -13
388 -6
389 -13
390 -14
391 -14
392 -14
393 -13
394 -13
395 -16
396 -7
397 -13
398 -13
399 -14
400 -8
401 -6
402 -7
403 -6
404 -6
405 -13
406 -14
407 -6
408 -8
409 -6
410 -13
411 -14
412 -13
413 -12
414 -7
415 -13
416 -8
417 -8
418 -7
419 -13
420 -14
421 -14
422 -7
423 -15
424 -6
425 -13
426 -14
427 -14
428 -7
429 -6
430 -7
431 -14
432 -8
433 -8
434 -6
435 -6
436 -6
437 -13
438 -8
439 -6
440 -6
441 -13
442 -7
443 -14
444 -7
445 -13
446 -11
447 -8
448 -13
449 -6
450 -7
451 -8
452 -6
453 -13
454 -13
455 -8
456 -7
457 -13
458 -8
459 -13
460 -6
461 -14
462 -6
463 -8
464 -13
465 -7
466 -6
467 -8
468 -13
469 -12
470 -14
471 -6
472 -7
473 -6
474 -13
475 -6
476 -13
477 -6
478 -59
479 -13
480 -14
481 -7
482 -6
483 -6
484 -14
485 -8
486 -6
487 -7
488 -14
489 -6
490 -14
491 -6
492 -14
493 -6
494 -13
495 -6
496 -14
497 -8
498 -6
499 -6
500 -6
501 -7
502 -18
503 -7
504 -8
505 -13
506 -6
507 -6
508 -13
509 -14
510 -14
511 -6
512 -6
513 -14
514 -7
515 -13
516 -7
517 -8
518 -13
519 -6
520 -13
521 -13
522 -13
523 -13
524 -6
525 -14
526 -6
527 -6
528 -6
529 -7
530 -13
531 -13
532 -6
533 -6
534 -14
535 -13
536 -13
537 -14
538 -6
539 -8
540 -6
541 -6
542 -13
543 -8
544 -13
545 -6
546 -6
547 -13
548 -13
549 -6
550 -13
551 -13
552 -13
553 -7
554 -8
555 -7
556 -7
557 -6
558 -8
559 -13
560 -8
561 -13
562 -13
563 -7
564 -19
565 -13
566 -8
567 -6
568 -6
569 -8
570 -8
571 -13
572 -14
573 -7
574 -13
575 -8
576 -6
577 -8
578 -14
579 -13
580 -14
581 -7
582 -13
583 -6
584 -14
585 -8
586 -13
587 -6
588 -7
589 -8
590 -13
591 -8
592 -13
593 -6
594 -6
595 -13
596 -13
597 -8
598 -6
599 -8
600 -13
601 -6
602 -6
603 -7
604 -13
605 -7
606 -13
607 -8
608 -8
609 -13
610 -6
611 -7
612 -13
613 -8
614 -6
615 -8
616 -17
617 -7
618 -6
619 -13
620 -6
621 -13
622 -13
623 -8
624 -6
625 -6
626 -6
627 -7
628 -15
629 -14
630 -13
631 -6
632 -6
633 -6
634 -6
635 -13
636 -6
637 -13
638 -6
639 -6
640 -14
641 -13
642 -6
643 -13
644 -6
645 -6
646 -8
647 -14
648 -12
649 -13
650 -8
651 -14
652 -8
653 -13
654 -6
655 -6
656 -14
657 -13
658 -8
659 -14
660 -6
661 -17
662 -6
663 -14
664 -13
665 -6
666 -6
667 -8
668 -6
669 -18
670 -13
671 -6
672 -6
673 -8
674 -8
675 -13
676 -14
677 -6
678 -6
679 -7
680 -7
681 -14
682 -13
683 -13
684 -6
685 -6
686 -8
687 -13
688 -13
689 -8
690 -7
691 -8
692 -6
693 -7
694 -8
695 -6
696 -6
697 -14
698 -8
699 -14
700 -13
701 -8
702 -7
703 -7
704 -6
705 -6
706 -13
707 -6
708 -13
709 -6
710 -13
711 -8
712 -8
713 -13
714 -13
715 -8
716 -6
717 -8
718 -7
719 -6
720 -8
721 -6
722 -7
723 -13
724 -13
725 -13
726 -8
727 -13
728 -14
729 -6
730 -7
731 -14
732 -6
733 -13
734 -8
735 -7
736 -13
737 -7
738 -8
739 -7
740 -16
741 -7
742 -14
743 -14
744 -6
745 -7
746 -6
747 -6
748 -6
749 -6
750 -13
751 -7
752 -7
753 -14
754 -6
755 -14
756 -7
757 -23
758 -8
759 -6
760 -6
761 -6
762 -8
763 -13
764 -6
765 -13
766 -13
767 -6
768 -14
769 -6
770 -8
771 -13
772 -13
773 -13
774 -14
775 -8
776 -8
777 -6
778 -13
779 -13
780 -14
781 -8
782 -13
783 -6
784 -8
785 -7
786 -8
787 -13
788 -13
789 -13
790 -6
791 -6
792 -7
793 -14
794 -17
795 -14
796 -7
797 -7
798 -13
799 -6
800 -6
801 -7
802 -7
803 -14
804 -7
805 -8
806 -14
807 -13
808 -7
809 -7
810 -13
811 -8
812 -13
813 -8
814 -14
815 -43
816 -14
817 -6
818 -8
819 -8
820 -6
821 -8
822 -14
823 -7
824 -7
825 -6
826 -8
827 -13
828 -14
829 -6
830 -14
831 -15
832 -8
833 -7
834 -6
835 -7
836 -13
837 -6
838 -6
839 -14
840 -13
841 -13
842 -18
843 -14
844 -13
845 -13
846 -6
847 -13
848 -14
849 -6
850 -6
851 -18
852 -13
853 -14
854 -6
855 -14
856 -6
857 -14
858 -13
859 -14
860 -13
861 -14
862 -6
863 -8
864 -13
865 -6
866 -14
867 -14
868 -6
869 -6
870 -14
871 -8
872 -14
873 -6
874 -6
875 -6
876 -14
877 -6
878 -7
879 -7
880 -8
881 -8
882 -26
883 -6
884 -13
885 -13
886 -13
887 -8
888 -14
889 -13
890 -6
891 -13
892 -6
893 -12
894 -6
895 -13
896 -6
897 -7
898 -8
899 -7
900 -6
901 -8
902 -14
903 -13
904 -7
905 -14
906 -13
907 -7
908 -14
909 -8
910 -13
911 -14
912 -14
913 -13
914 -13
915 -13
916 -7
917 -7
918 -13
919 -13
920 -7
921 -8
922 -43
923 -7
924 -8
925 -7
926 -6
927 -13
928 -6
929 -8
930 -7
931 -13
932 -8
933 -8
934 -7
935 -6
936 -6
937 -6
938 -13
939 -7
940 -13
941 -17
942 -13
943 -14
944 -6
945 -13
946 -6
947 -14
948 -19
949 -6
950 -13
951 -7
952 -13
953 -8
954 -13
955 -8
956 -7
957 -14
958 -6
959 -13
960 -6
961 -7
962 -14
963 -6
964 -13
965 -6
966 -6
967 -6
968 -13
969 -13
970 -6
971 -13
972 -13
973 -13
974 -7
975 -8
976 -8
977 -13
978 -13
979 -8
980 -8
981 -13
982 -13
983 -6
984 -7
985 -14
986 -7
987 -14
988 -13
989 -6
990 -6
991 -7
992 -6
993 -8
994 -13
995 -13
996 -6
997 -13
998 -6
999 -8
