0 -13
1 -6
2 -13
3 -6
4 -13
5 -13
6 -14
7 -13
8 -6
9 -6
10 -10
11 -6
12 -8
13 -14
14 -6
15 -10
16 -6
17 -6
18 -6
19 -6
20 -6
21 -6
22 -13
23 -14
24 -6
25 -6
26 -13
27 -14
28 -14
29 -6
30 -6
31 -14
32 -6
33 -13
34 -6
35 -6
36 -10
37 -13
38 -6
39 -6
40 -14
41 -13
42 -13
43 -6
44 -6
45 -10
46 -13
47 -6
48 -6
49 -13
50 -6
51 -14
52 -13
53 -13
54 -17
55 -12
56 -6
57 -6
58 -10
59 -6
60 -13
61 -13
62 -6
63 -6
64 -10
65 -6
66 -14
67 -14
68 -6
69 -6
70 -14
71 -14
72 -13
73 -10
74 -18
75 -12
76 -6
77 -13
78 -6
79 -10
80 -14
81 -6
82 -7
83 -13
84 -10
85 -6
86 -14
87 -6
88 -13
89 -6
90 -14
91 -14
92 -10
93 -6
94 -13
95 -14
96 -6
97 -6
98 -6
99 -6
100 -6
101 -6
102 -6
103 -13
104 -6
105 -13
106 -6
107 -13
108 -13
109 -6
110 -6
111 -13
112 -6
113 -6
114 -14
115 -6
116 -10
117 -13
118 -6
119 -6
120 -6
121 -10
122 -13
123 -6
124 -22
125 -6
126 -14
127 -14
128 -6
129 -6
130 -10
131 -6
132 -10
133 -14
134 -6
135 -13
136 -10
137 -13
138 -14
139 -6
140 -6
141 -6
142 -6
143 -6
144 -14
145 -13
146 -13
147 -6
148 -10
149 -14
150 -13
151 -6
152 -14
153 -13
154 -13
155 -13
156 -10
157 -14
158 -14
159 -6
160 -6
161 -15
162 -6
163 -6
164 -6
165 -6
166 -14
167 -6
168 -6
169 -6
170 -6
171 -10
172 -20
173 -6
174 -13
175 -6
176 -13
177 -13
178 -6
179 -6
180 -13
181 -6
182 -6
183 -6
184 -6
185 -17
186 -14
187 -6
188 -6
189 -13
190 -6
191 -6
192 -10
193 -6
194 -6
195 -6
196 -10
197 -13
198 -13
199 -6
200 -6
201 -13
202 -13
203 -6
204 -13
205 -25
206 -18
207 -6
208 -14
209 -13
210 -14
211 -6
212 -13
213 -6
214 -13
215 -10
216 -6
217 -6
218 -6
219 -6
220 -6
221 -13
222 -13
223 -13
224 -6
225 -6
226 -6
227 -17
228 -23
229 -10
230 -6
231 -13
232 -10
233 -6
234 -10
235 -17
236 -10
237 -14
238 -22
239 -6
240 -6
241 -6
242 -6
243 -14
244 -14
245 -6
246 -6
247 -11
248 -14
249 -13
250 -6
251 -6
252 -14
253 -10
254 -14
255 -10
256 -6
257 -6
258 -6
259 -13
260 -10
261 -6
262 -13
263 -6
264 -13
265 -14
266 -6
267 -14
268 -6
269 -6
270 -6
271 -13
272 -10
273 -6
274 -10
275 -13
276 -24
277 -6
278 -6
279 -14
280 -13
281 -13
282 -6
283 -6
284 -6
285 -14
286 -6
287 -13
288 -13
289 -10
290 -13
291 -6
292 -14
293 -10
294 -6
295 -13
296 -10
297 -6
298 -6
299 -13
300 -6
301 -6
302 -6
303 -6
304 -6
305 -10
306 -6
307 -6
308 -6
309 -13
310 -14
311 -6
312 -14
313 -10
314 -13
315 -6
316 -6
317 -6
318 -14
319 -13
320 -6
321 -6
322 -13
323 -13
324 -6
325 -13
326 -6
327 -6
328 -10
329 -6
330 -10
331 -14
332 -14
333 -13
334 -14
335 -6
336 -6
337 -15
338 -6
339 -6
340 -6
341 -6
342 -10
343 -6
344 -13
345 -14
346 -13
347 -10
348 -6
349 -14
350 -6
351 -6
352 -6
353 -14
354 -10
355 -6
356 -13
357 -17
358 -10
359 -13
360 -14
361 -6
362 -14
363 -14
364 -10
365 -17
366 -13
367 -6
368 -6
369 -6
370 -6
371 -6
372 -6
373 -6
374 -6
375 -14
376 -13
377 -6
378 -6
379 -13
380 -6
381 -14
382 -6
383 -6
384 -6
385 -13
386 -39
387 -6
388 -10
389 -10
390 -6
391 -6
392 -6
393 -14
394 -6
395 -6
396 -44
397 -13
398 -6
399 -13
400 -13
401 -10
402 -6
403 -13
404 -6
405 -6
406 -13
407 -10
408 -6
409 -6
410 -16
411 -13
412 -14
413 -6
414 -6
415 -10
416 -6
417 -6
418 -6
419 -6
420 -6
421 -10
422 -10
423 -13
424 -13
425 -13
426 -15
427 -10
428 -6
429 -14
430 -10
431 -13
432 -6
433 -10
434 -13
435 -13
436 -6
437 -6
438 -10
439 -13
440 -13
441 -14
442 -6
443 -6
444 -14
445 -6
446 -17
447 -6
448 -6
449 -10
450 -6
451 -6
452 -6
453 -10
454 -13
455 -23
456 -6
457 -6
458 -10
459 -10
460 -13
461 -6
462 -6
463 -6
464 -6
465 -13
466 -6
467 -13
468 -10
469 -14
470 -10
471 -13
472 -6
473 -6
474 -13
475 -6
476 -6
477 -10
478 -13
479 -13
480 -14
481 -6
482 -10
483 -6
484 -10
485 -13
486 -6
487 -13
488 -13
489 -14
490 -10
491 -6
492 -6
493 -6
494 -13
495 -6
496 -6
497 -10
498 -6
499 -14
500 -13
501 -6
502 -16
503 -10
504 -6
505 -6
506 -6
507 -6
508 -6
509 -10
510 -13
511 -18
512 -13
513 -10
514 -6
515 -14
516 -14
517 -14
518 -13
519 -10
520 -6
521 -13
522 -6
523 -13
524 -13
525 -14
526 -10
527 -6
528 -13
529 -13
530 -13
531 -13
532 -14
533 -14
534 -10
535 -6
536 -6
537 -13
538 -6
539 -6
540 -6
541 -14
542 -8
543 -6
544 -6
545 -13
546 -13
547 -6
548 -13
549 -10
550 -6
551 -13
552 -6
553 -22
554 -6
555 -6
556 -14
557 -13
558 -13
559 -6
560 -14
561 -6
562 -13
563 -6
564 -13
565 -12
566 -13
567 -13
568 -14
569 -10
570 -6
571 -6
572 -6
573 -6
574 -14
575 -13
576 -6
577 -14
578 -10
579 -6
580 -13
581 -10
582 -13
583 -6
584 -13
585 -6
586 -10
587 -6
588 -6
589 -14
590 -14
591 -6
592 -6
593 -6
594 -6
595 -6
596 -14
597 -6
598 -13
599 -17
600 -13
601 -6
602 -6
603 -6
604 -10
605 -6
606 -13
607 -6
608 -6
609 -13
610 -6
611 -13
612 -10
613 -13
614 -6
615 -6
616 -10
617 -13
618 -14
619 -14
620 -10
621 -13
622 -13
623 -13
624 -6
625 -14
626 -6
627 -6
628 -6
629 -13
630 -13
631 -6
632 -13
633 -10
634 -13
635 -13
636 -14
637 -6
638 -6
639 -14
640 -13
641 -13
642 -6
643 -13
644 -14
645 -6
646 -13
647 -13
648 -6
649 -6
650 -14
651 -6
652 -6
653 -6
654 -6
655 -13
656 -13
657 -6
658 -10
659 -6
660 -6
661 -13
662 -6
663 -13
664 -6
665 -6
666 -13
667 -13
668 -10
669 -9
670 -6
671 -14
672 -13
673 -6
674 -14
675 -10
676 -6
677 -6
678 -13
679 -6
680 -10
681 -13
682 -14
683 -13
684 -14
685 -10
686 -13
687 -13
688 -10
689 -13
690 -10
691 -13
692 -13
693 -6
694 -10
695 -6
696 -14
697 -14
698 -18
699 -6
700 -13
701 -6
702 -13
703 -13
704 -10
705 -6
706 -13
707 -13
708 -6
709 -13
710 -17
711 -6
712 -40
713 -6
714 -13
715 -13
716 -14
717 -6
718 -6
719 -6
720 -6
721 -6
722 -13
723 -13
724 -14
725 -13
726 -6
727 -14
728 -10
729 -9
730 -6
731 -6
732 -6
733 -14
734 -6
735 -13
736 -13
737 -10
738 -14
739 -6
740 -14
741 -13
742 -6
743 -10
744 -6
745 -13
746 -8
747 -13
748 -10
749 -10
750 -10
751 -13
752 -6
753 -14
754 -10
755 -13
756 -6
757 -13
758 -6
759 -14
760 -10
761 -6
762 -13
763 -6
764 -6
765 -13
766 -13
767 -13
768 -6
769 -8
770 -6
771 -6
772 -6
773 -6
774 -6
775 -6
776 -6
777 -13
778 -14
779 -6
780 -10
781 -14
782 -6
783 -8
784 -10
785 -10
786 -14
787 -6
788 -6
789 -14
790 -6
791 -6
792 -14
793 -43
794 -13
795 -6
796 -6
797 -14
798 -14
799 -6
800 -10
801 -6
802 -6
803 -6
804 -14
805 -6
806 -13
807 -13
808 -6
809 -13
810 -14
811 -10
812 -13
813 -6
814 -13
815 -13
816 -11
817 -13
818 -13
819 -6
820 -6
821 -6
822 -6
823 -6
824 -13
825 -13
826 -6
827 -6
828 -14
829 -13
830 -10
831 -14
832 -14
833 -6
834 -6
835 -13
836 -14
837 -6
838 -19
839 -6
840 -6
841 -10
842 -13
843 -6
844 -6
845 -6
846 -13
847 -43
848 -8
849 -6
850 -6
851 -6
852 -13
853 -13
854 -6
855 -6
856 -6
857 -6
858 -13
859 -6
860 -10
861 -14
862 -13
863 -14
864 -10
865 -13
866 -13
867 -14
868 -6
869 -10
870 -6
871 -13
872 -10
873 -13
874 -6
875 -13
876 -10
877 -10
878 -13
879 -13
880 -13
881 -6
882 -6
883 -15
884 -6
885 -13
886 -13
887 -14
888 -6
889 -10
890 -6
891 -6
892 -6
893 -13
894 -6
895 -13
896 -13
897 -6
898 -6
899 -10
900 -6
901 -6
902 -6
903 -6
904 -6
905 -14
906 -13
907 -13
908 -6
909 -13
910 -14
911 -6
912 -10
913 -6
914 -6
915 -14
916 -14
917 -10
918 -14
919 -13
920 -14
921 -14
922 -6
923 -10
924 -13
925 -6
926 -6
927 -10
928 -6
929 -13
930 -6
931 -6
932 -14
933 -6
934 -13
935 -14
936 -14
937 -6
938 -14
939 -13
940 -13
941 -10
942 -14
943 -17
944 -6
945 -6
946 -6
947 -6
948 -6
949 -6
950 -10
951 -13
952 -14
953 -10
954 -6
955 -6
956 -10
957 -6
958 -10
959 -10
960 -13
961 -13
962 -6
963 -6
964 -14
965 -13
966 -13
967 -13
968 -10
969 -14
970 -10
971 -6
972 -13
973 -10
974 -13
975 -14
976 -14
977 -14
978 -10
979 -10
980 -14
981 -13
982 -13
983 -10
984 -6
985 -13
986 -14
987 -6
988 -14
989 -13
990 -6
991 -14
992 -6
993 -14
994 -15
995 -6
996 -13
997 -13
998 -14
999 -6
