0 -8
1 -6
2 -6
3 -14
4 -13
5 -7
6 -13
7 -6
8 -13
9 -6
10 -6
11 -13
12 -6
13 -7
14 -58
15 -7
16 -20
17 -6
18 -6
19 -7
20 -13
21 -7
22 -7
23 -14
24 -6
25 -8
26 -6
27 -13
28 -13
29 -14
30 -7
31 -14
32 -7
33 -6
34 -7
35 -8
36 -7
37 -14
38 -6
39 -8
40 -6
41 -13
42 -14
43 -6
44 -8
45 -6
46 -6
47 -13
48 -13
49 -6
50 -14
51 -13
52 -45
53 -8
54 -6
55 -13
56 -6
57 -14
58 -14
59 -7
60 -14
61 -6
62 -6
63 -13
64 -7
65 -8
66 -13
67 -7
68 -6
69 -14
70 -8
71 -7
72 -8
73 -13
74 -13
75 -13
76 -14
77 -7
78 -13
79 -7
80 -6
81 -7
82 -13
83 -7
84 -7
85 -7
86 -15
87 -8
88 -13
89 -13
90 -12
91 -10
92 -6
93 -7
94 -6
95 -13
96 -13
97 -13
98 -6
99 -6
100 -6
101 -8
102 -8
103 -14
104 -7
105 -13
106 -13
107 -10
108 -14
109 -6
110 -8
111 -6
112 -13
113 -7
114 -8
115 -6
116 -8
117 -6
118 -6
119 -8
120 -14
121 -8
122 -14
123 -7
124 -13
125 -13
126 -14
127 -8
128 -6
129 -6
130 -14
131 -6
132 -8
133 -6
134 -14
135 -13
136 -7
137 -14
138 -8
139 -6
140 -6
141 -13
142 -13
143 -6
144 -13
145 -14
146 -14
147 -13
148 -14
149 -29
150 -14
151 -13
152 -6
153 -13
154 -13
155 -7
156 -14
157 -6
158 -14
159 -8
160 -13
161 -6
162 -14
163 -14
164 -6
165 -7
166 -6
167 -8
168 -13
169 -6
170 -14
171 -7
172 -14
173 -6
174 -7
175 -14
176 -13
177 -6
178 -8
179 -6
180 -6
181 -8
182 -13
183 -6
184 -18
185 -8
186 -7
187 -13
188 -13
189 -14
190 -7
191 -6
192 -6
193 -7
194 -13
195 -14
196 -14
197 -16
198 -7
199 -14
200 -14
201 -13
202 -17
203 -7
204 -13
205 -6
206 -6
207 -8
208 -14
209 -13
210 -18
211 -8
212 -6
213 -6
214 -13
215 -6
216 -7
217 -13
218 -13
219 -13
220 -14
221 -17
222 -6
223 -13
224 -6
225 -8
226 -7
227 -8
228 -8
229 -7
230 -6
231 -14
232 -7
233 -6
234 -14
235 -13
236 -6
237 -13
238 -14
239 -6
240 -7
241 -7
242 -6
243 -13
244 -6
245 -6
246 -6
247 -13
248 -6
249 -6
250 -6
251 -8
252 -6
253 -8
254 -6
255 -13
256 -6
257 -13
258 -13
259 -7
260 -14
261 -13
262 -8
263 -6
264 -8
265 -7
266 -13
267 -6
268 -6
269 -13
270 -13
271 -6
272 -6
273 -13
274 -8
275 -7
276 -13
277 -7
278 -7
279 -8
280 -8
281 -7
282 -6
283 -6
284 -7
285 -13
286 -13
287 -7
288 -8
289 -6
290 -13
291 -6
292 -7
293 -13
294 -14
295 -13
296 -13
297 -8
298 -6
299 -6
300 -13
301 -13
302 -7
303 -8
304 -8
305 -13
306 -14
307 -17
308 -6
309 -6
310 -14
311 -14
312 -14
313 -6
314 -7
315 -13
316 -13
317 -7
318 -7
319 -13
320 -8
321 -8
322 -7
323 -13
324 -13
325 -6
326 -6
327 -13
328 -13
329 -8
330 -6
331 -7
332 -6
333 -6
334 -8
335 -14
336 -7
337 -6
338 -6
339 -8
340 -18
341 -8
342 -6
343 -8
344 -8
345 -6
346 -8
347 -13
348 -13
349 -6
350 -14
351 -13
352 -13
353 -13
354 -14
355 -8
356 -8
357 -14
358 -6
359 -6
360 -6
361 -7
362 -13
363 -6
364 -14
365 -6
366 -14
367 -13
368 -13
369 -14
370 -8
371 -6
372 -8
373 -13
374 -13
375 -8
376 -6
377 -7
378 -6
379 -7
380 -14
381 -8
382 -14
383 -7
384 -13
385 -6
386 -6
387 -13
388 -13
389 -6
390 -8
391 -13
392 -13
393 -6
394 -7
395 -13
396 -12
397 -17
398 -7
399 -6
400 -6
401 -8
402 -8
403 -6
404 -13
405 -14
406 -8
407 -7
408 -6
409 -13
410 -6
411 -13
412 -13
413 -7
414 -13
415 -6
416 -16
417 -13
418 -7
419 -7
420 -13
421 -13
422 -13
423 -6
424 -14
425 -8
426 -13
427 -13
428 -6
429 -7
430 -57
431 -10
432 -6
433 -13
434 -13
435 -6
436 -17
437 -6
438 -14
439 -13
440 -14
441 -7
442 -6
443 -7
444 -6
445 -6
446 -13
447 -14
448 -7
449 -6
450 -6
451 -7
452 -14
453 -8
454 -8
455 -13
456 -6
457 -17
458 -13
459 -13
460 -22
461 -7
462 -6
463 -13
464 -7
465 -10
466 -13
467 -7
468 -13
469 -6
470 -13
471 -18
472 -14
473 -14
474 -14
475 -18
476 -13
477 -6
478 -8
479 -7
480 -14
481 -14
482 -13
483 -13
484 -8
485 -14
486 -6
487 -6
488 -7
489 -8
490 -13
491 -8
492 -6
493 -6
494 -8
495 -6
496 -13
497 -13
498 -6
499 -6
500 -8
501 -14
502 -6
503 -8
504 -13
505 -14
506 -13
507 -8
508 -7
509 -6
510 -13
511 -7
512 -6
513 -8
514 -7
515 -19
516 -7
517 -13
518 -8
519 -7
520 -13
521 -14
522 -14
523 -54
524 -13
525 -13
526 -15
527 -13
528 -7
529 -7
530 -13
531 -13
532 -7
533 -7
534 -14
535 -8
536 -14
537 -13
538 -6
539 -13
540 -13
541 -6
542 -7
543 -7
544 -13
545 -6
546 -6
547 -7
548 -14
549 -6
550 -7
551 -6
552 -13
553 -6
554 -14
555 -7
556 -6
557 -13
558 -13
559 -6
560 -14
561 -6
562 -6
563 -6
564 -7
565 -13
566 -13
567 -13
568 -11
569 -14
570 -8
571 -8
572 -6
573 -14
574 -14
575 -6
576 -7
577 -13
578 -7
579 -13
580 -14
581 -13
582 -7
583 -6
584 -8
585 -13
586 -6
587 -13
588 -13
589 -13
590 -13
591 -14
592 -7
593 -6
594 -8
595 -7
596 -8
597 -6
598 -14
599 -13
600 -6
601 -6
602 -14
603 -6
604 -13
605 -6
606 -14
607 -7
608 -13
609 -8
610 -14
611 -7
612 -7
613 -7
614 -13
615 -14
616 -8
617 -6
618 -6
619 -13
620 -7
621 -8
622 -7
623 -6
624 -6
625 -13
626 -14
627 -13
628 -13
629 -6
630 -7
631 -6
632 -6
633 -13
634 -7
635 -13
636 -14
637 -13
638 -6
639 -14
640 -14
641 -14
642 -7
643 -13
644 -13
645 -8
646 -6
647 -13
648 -8
649 -13
650 -6
651 -6
652 -6
653 -14
654 -6
655 -8
656 -6
657 -6
658 -13
659 -14
660 -13
661 -13
662 -6
663 -8
664 -13
665 -13
666 -14
667 -6
668 -6
669 -13
670 -6
671 -13
672 -14
673 -7
674 -7
675 -8
676 -6
677 -13
678 -6
679 -13
680 -8
681 -8
682 -8
683 -13
684 -6
685 -8
686 -6
687 -13
688 -6
689 -6
690 -8
691 -14
692 -8
693 -6
694 -8
695 -6
696 -13
697 -8
698 -8
699 -7
700 -6
701 -6
702 -6
703 -7
704 -7
705 -8
706 -6
707 -6
708 -13
709 -6
710 -13
711 -14
712 -46
713 -14
714 -7
715 -14
716 -8
717 -13
718 -8
719 -14
720 -14
721 -8
722 -14
723 -13
724 -13
725 -13
726 -6
727 -6
728 -6
729 -7
730 -13
731 -6
732 -6
733 -7
734 -6
735 -13
736 -6
737 -6
738 -8
739 -13
740 -14
741 -13
742 -13
743 -6
744 -13
745 -7
746 -13
747 -14
748 -14
749 -6
750 -14
751 -6
752 -13
753 -13
754 -13
755 -13
756 -7
757 -13
758 -14
759 -13
760 -14
761 -13
762 -13
763 -6
764 -6
765 -13
766 -6
767 -20
768 -13
769 -6
770 -6
771 -7
772 -13
773 -14
774 -6
775 -13
776 -6
777 -6
778 -13
779 -14
780 -14
781 -6
782 -13
783 -6
784 -10
785 -13
786 -14
787 -6
788 -13
789 -14
790 -13
791 -6
792 -7
793 -14
794 -6
795 -13
796 -8
797 -14
798 -14
799 -13
800 -6
801 -13
802 -13
803 -8
804 -7
805 -13
806 -13
807 -6
808 -13
809 -13
810 -6
811 -14
812 -6
813 -6
814 -14
815 -13
816 -6
817 -13
818 -6
819 -14
820 -8
821 -6
822 -6
823 -7
824 -6
825 -13
826 -6
827 -7
828 -8
829 -14
830 -8
831 -6
832 -6
833 -7
834 -6
835 -6
836 -14
837 -6
838 -13
839 -7
840 -14
841 -13
842 -13
843 -8
844 -7
845 -6
846 -13
847 -6
848 -13
849 -14
850 -13
851 -8
852 -6
853 -13
854 -6
855 -7
856 -6
857 -12
858 -14
859 -13
860 -13
861 -13
862 -6
863 -7
864 -6
865 -6
866 -9
867 -13
868 -14
869 -14
870 -6
871 -6
872 -14
873 -6
874 -8
875 -13
876 -6
877 -13
878 -6
879 -13
880 -13
881 -6
882 -6
883 -13
884 -14
885 -6
886 -8
887 -13
888 -13
889 -6
890 -13
891 -13
892 -6
893 -6
894 -13
895 -14
896 -7
897 -13
898 -7
899 -14
900 -13
901 -13
902 -13
903 -13
904 -6
905 -6
906 -6
907 -8
908 -13
909 -7
910 -7
911 -13
912 -6
913 -6
914 -8
915 -7
916 -14
917 -8
918 -6
919 -6
920 -14
921 -13
922 -6
923 -14
924 -6
925 -6
926 -7
927 -8
928 -7
929 -15
930 -6
931 -6
932 -8
933 -6
934 -14
935 -13
936 -14
937 -7
938 -13
939 -8
940 -6
941 -6
942 -13
943 -13
944 -7
945 -13
946 -7
947 -6
948 -6
949 -6
950 -13
951 -7
952 -6
953 -13
954 -13
955 -6
956 -14
957 -7
958 -6
959 -23
960 -13
961 -6
962 -6
963 -14
964 -13
965 -7
966 -6
967 -8
968 -6
969 -6
970 -6
971 -7
972 -13
973 -13
974 -6
975 -6
976 -6
977 -6
978 -14
979 -12
980 -7
981 -6
982 -6
983 -13
984 -13
985 -18
986 -14
987 -6
988 -6
989 -8
990 -6
991 -6
992 -6
993 -13
994 -14
995 -8
996 -7
997 -14
998 -13
999 -13
