0 -14
1 -13
2 -14
3 -14
4 -6
5 -6
6 -10
7 -12
8 -13
9 -10
10 -13
11 -10
12 -6
13 -6
14 -6
15 -13
16 -6
17 -10
18 -13
19 -13
20 -13
21 -13
22 -6
23 -14
24 -13
25 -6
26 -6
27 -6
28 -10
29 -17
30 -13
31 -13
32 -6
33 -14
34 -6
35 -14
36 -14
37 -6
38 -13
39 -13
40 -13
41 -6
42 -6
43 -13
44 -10
45 -14
46 -10
47 -14
48 -14
49 -10
50 -10
51 -13
52 -13
53 -6
54 -14
55 -13
56 -6
57 -6
58 -14
59 -6
60 -10
61 -6
62 -13
63 -6
64 -6
65 -13
66 -6
67 -6
68 -10
69 -6
70 -6
71 -10
72 -13
73 -13
74 -13
75 -13
76 -14
77 -6
78 -13
79 -13
80 -10
81 -6
82 -10
83 -6
84 -6
85 -13
86 -6
87 -10
88 -10
89 -44
90 -6
91 -13
92 -10
93 -14
94 -6
95 -14
96 -13
97 -14
98 -13
99 -10
100 -6
101 -6
102 -13
103 -13
104 -10
105 -13
106 -6
107 -6
108 -13
109 -13
110 -10
111 -14
112 -6
113 -6
114 -14
115 -13
116 -13
117 -6
118 -6
119 -14
120 -6
121 -13
122 -6
123 -6
124 -13
125 -13
126 -6
127 -13
128 -6
129 -6
130 -14
131 -14
132 -14
133 -14
134 -14
135 -6
136 -13
137 -6
138 -10
139 -6
140 -15
141 -10
142 -13
143 -13
144 -6
145 -6
146 -6
147 -19
148 -6
149 -6
150 -6
151 -12
152 -13
153 -14
154 -6
155 -6
156 -6
157 -6
158 -6
159 -6
160 -6
161 -13
162 -10
163 -6
164 -14
165 -6
166 -13
167 -14
168 -6
169 -6
170 -14
171 -10
172 -14
173 -10
174 -14
175 -10
176 -10
177 -14
178 -6
179 -10
180 -6
181 -14
182 -6
183 -10
184 -6
185 -13
186 -6
187 -6
188 -14
189 -10
190 -13
191 -6
192 -6
193 -17
194 -13
195 -6
196 -13
197 -13
198 -10
199 -10
200 -13
201 -13
202 -6
203 -6
204 -13
205 -6
206 -14
207 -14
208 -6
209 -6
210 -6
211 -6
212 -10
213 -6
214 -13
215 -13
216 -10
217 -6
218 -13
219 -10
220 -6
221 -6
222 -13
223 -6
224 -14
225 -6
226 -10
227 -10
228 -6
229 -18
230 -6
231 -6
232 -13
233 -13
234 -14
235 -10
236 -10
237 -13
238 -6
239 -6
240 -13
241 -6
242 -6
243 -6
244 -13
245 -13
246 -13
247 -13
248 -6
249 -14
250 -13
251 -13
252 -6
253 -13
254 -14
255 -6
256 -13
257 -6
258 -6
259 -6
260 -6
261 -6
262 -14
263 -14
264 -13
265 -6
266 -13
267 -6
268 -10
269 -6
270 -6
271 -14
272 -14
273 -14
274 -14
275 -6
276 -11
277 -13
278 -6
279 -6
280 -13
281 -6
282 -13
283 -6
284 -13
285 -6
286 -10
287 -13
288 -13
289 -10
290 -13
291 -6
292 -13
293 -6
294 -13
295 -13
296 -14
297 -13
298 -14
299 -10
300 -6
301 -6
302 -10
303 -13
304 -6
305 -13
306 -10
307 -6
308 -6
309 -6
310 -13
311 -6
312 -6
313 -6
314 -13
315 -6
316 -12
317 -14
318 -13
319 -13
320 -6
321 -6
322 -6
323 -10
324 -14
325 -14
326 -14
327 -6
328 -13
329 -10
330 -6
331 -14
332 -14
333 -6
334 -14
335 -14
336 -13
337 -6
338 -17
339 -13
340 -14
341 -6
342 -14
343 -6
344 -6
345 -6
346 -14
347 -14
348 -6
349 -10
350 -14
351 -13
352 -10
353 -6
354 -6
355 -6
356 -13
357 -6
358 -6
359 -13
360 -6
361 -13
362 -6
363 -14
364 -19
365 -10
366 -13
367 -6
368 -13
369 -10
370 -14
371 -10
372 -6
373 -14
374 -6
375 -13
376 -14
377 -13
378 -13
379 -10
380 -6
381 -10
382 -6
383 -10
384 -6
385 -6
386 -10
387 -13
388 -14
389 -6
390 -13
391 -14
392 -10
393 -14
394 -6
395 -13
396 -6
397 -13
398 -6
399 -17
400 -14
401 -13
402 -13
403 -6
404 -6
405 -14
406 -6
407 -13
408 -13
409 -6
410 -6
411 -13
412 -10
413 -6
414 -6
415 -13
416 -13
417 -13
418 -14
419 -14
420 -13
421 -6
422 -10
423 -6
424 -10
425 -14
426 -6
427 -6
428 -13
429 -13
430 -6
431 -6
432 -13
433 -14
434 -6
435 -13
436 -14
437 -6
438 -6
439 -6
440 -13
441 -10
442 -11
443 -6
444 -6
445 -6
446 -6
447 -6
448 -6
449 -6
450 -6
451 -11
452 -13
453 -13
454 -6
455 -13
456 -14
457 -6
458 -6
459 -13
460 -14
461 -6
462 -13
463 -6
464 -6
465 -14
466 -6
467 -6
468 -17
469 -6
470 -6
471 -6
472 -13
473 -6
474 -14
475 -6
476 -6
477 -6
478 -6
479 -13
480 -14
481 -13
482 -14
483 -10
484 -17
485 -6
486 -13
487 -6
488 -14
489 -13
490 -6
491 -6
492 -6
493 -6
494 -13
495 -6
496 -10
497 -10
498 -6
499 -10
500 -6
501 -6
502 -6
503 -6
504 -14
505 -6
506 -13
507 -10
508 -6
509 -10
510 -14
511 -6
512 -14
513 -6
514 -6
515 -13
516 -14
517 -6
518 -6
519 -17
520 -13
521 -13
522 -6
523 -16
524 -6
525 -7
526 -6
527 -13
528 -13
529 -14
530 -6
531 -6
532 -6
533 -13
534 -13
535 -14
536 -6
537 -13
538 -7
539 -6
540 -6
541 -6
542 -6
543 -13
544 -13
545 -13
546 -17
547 -6
548 -6
549 -13
550 -6
551 -6
552 -13
553 -6
554 -13
555 -6
556 -6
557 -6
558 -6
559 -13
560 -13
561 -6
562 -14
563 -13
564 -14
565 -13
566 -32
567 -6
568 -14
569 -13
570 -6
571 -14
572 -13
573 -10
574 -10
575 -13
576 -13
577 -6
578 -13
579 -14
580 -14
581 -14
582 -6
583 -6
584 -6
585 -14
586 -13
587 -6
588 -6
589 -13
590 -13
591 -6
592 -6
593 -14
594 -13
595 -14
596 -10
597 -6
598 -6
599 -6
600 -14
601 -13
602 -6
603 -13
604 -14
605 -6
606 -13
607 -13
608 -14
609 -13
610 -10
611 -14
612 -6
613 -13
614 -6
615 -10
616 -6
617 -10
618 -14
619 -10
620 -6
621 -13
622 -6
623 -13
624 -6
625 -6
626 -10
627 -6
628 -14
629 -6
630 -13
631 -13
632 -13
633 -6
634 -6
635 -13
636 -6
637 -14
638 -6
639 -13
640 -6
641 -13
642 -13
643 -6
644 -13
645 -6
646 -14
647 -13
648 -6
649 -13
650 -10
651 -6
652 -13
653 -10
654 -10
655 -14
656 -13
657 -6
658 -13
659 -14
660 -6
661 -13
662 -10
663 -6
664 -6
665 -6
666 -13
667 -10
668 -6
669 -10
670 -13
671 -13
672 -13
673 -10
674 -13
675 -14
676 -6
677 -6
678 -6
679 -14
680 -10
681 -6
682 -6
683 -6
684 -14
685 -13
686 -14
687 -6
688 -14
689 -6
690 -13
691 -14
692 -14
693 -6
694 -10
695 -6
696 -6
697 -14
698 -10
699 -13
700 -6
701 -6
702 -6
703 -13
704 -6
705 -6
706 -14
707 -6
708 -6
709 -6
710 -13
711 -10
712 -6
713 -10
714 -13
715 -13
716 -6
717 -6
718 -10
719 -13
720 -6
721 -13
722 -14
723 -13
724 -6
725 -13
726 -13
727 -14
728 -13
729 -18
730 -6
731 -14
732 -10
733 -13
734 -14
735 -6
736 -14
737 -6
738 -14
739 -13
740 -13
741 -6
742 -6
743 -13
744 -6
745 -6
746 -14
747 -13
748 -6
749 -6
750 -6
751 -6
752 -13
753 -13
754 -13
755 -8
756 -10
757 -6
758 -6
759 -6
760 -13
761 -6
762 -6
763 -13
764 -17
765 -13
766 -6
767 -13
768 -13
769 -13
770 -6
771 -6
772 -6
773 -6
774 -10
775 -14
776 -6
777 -6
778 -6
779 -14
780 -6
781 -13
782 -6
783 -6
784 -13
785 -13
786 -6
787 -6
788 -6
789 -14
790 -6
791 -6
792 -13
793 -13
794 -13
795 -13
796 -13
797 -10
798 -13
799 -6
800 -6
801 -14
802 -10
803 -14
804 -6
805 -10
806 -10
807 -14
808 -6
809 -13
810 -6
811 -13
812 -6
813 -14
814 -6
815 -6
816 -10
817 -6
818 -10
819 -13
820 -39
821 -13
822 -6
823 -13
824 -13
825 -13
826 -13
827 -10
828 -13
829 -10
830 -13
831 -6
832 -6
833 -13
834 -6
835 -10
836 -6
837 -10
838 -10
839 -6
840 -13
841 -6
842 -6
843 -14
844 -10
845 -6
846 -6
847 -13
848 -6
849 -6
850 -13
851 -6
852 -6
853 -6
854 -6
855 -13
856 -13
857 -14
858 -13
859 -6
860 -10
861 -6
862 -6
863 -13
864 -6
865 -14
866 -10
867 -6
868 -13
869 -6
870 -10
871 -6
872 -42
873 -13
874 -6
875 -6
876 -6
877 -13
878 -10
879 -14
880 -6
881 -13
882 -13
883 -6
884 -10
885 -10
886 -14
887 -13
888 -14
889 -14
890 -6
891 -10
892 -6
893 -6
894 -6
895 -10
896 -14
897 -6
898 -25
899 -6
900 -6
901 -6
902 -10
903 -13
904 -14
905 -6
906 -6
907 -13
908 -6
909 -6
910 -13
911 -6
912 -6
913 -6
914 -8
915 -6
916 -13
917 -12
918 -13
919 -6
920 -13
921 -6
922 -13
923 -6
924 -6
925 -6
926 -6
927 -6
928 -6
929 -6
930 -6
931 -6
932 -10
933 -6
934 -14
935 -6
936 -6
937 -19
938 -6
939 -6
940 -10
941 -13
942 -10
943 -13
944 -13
945 -10
946 -14
947 -13
948 -13
949 -15
950 -14
951 -10
952 -14
953 -6
954 -13
955 -6
956 -6
957 -6
958 -13
959 -6
960 -13
961 -10
962 -6
963 -6
964 -6
965 -13
966 -13
967 -10
968 -25
969 -13
970 -6
971 -6
972 -6
973 -6
974 -13
975 -10
976 -6
977 -6
978 -6
979 -6
980 -6
981 -10
982 -6
983 -10
984 -6
985 -14
986 -14
987 -6
988 -8
989 -14
990 -13
991 -6
992 -13
993 -14
994 -13
995 -6
996 -6
997 -6
998 -14
999 -6
