0 -13
1 -6
2 -16
3 -6
4 -6
5 -13
6 -6
7 -13
8 -13
9 -14
10 -6
11 -6
12 -6
13 -10
14 -13
15 -10
16 -6
17 -13
18 -6
19 -14
20 -13
21 -6
22 -14
23 -6
24 -10
25 -13
26 -10
27 -14
28 -6
29 -6
30 -13
31 -6
32 -6
33 -6
34 -6
35 -14
36 -13
37 -6
38 -13
39 -13
40 -6
41 -10
42 -14
43 -13
44 -14
45 -10
46 -13
47 -10
48 -13
49 -13
50 -10
51 -6
52 -10
53 -14
54 -13
55 -10
56 -13
57 -13
58 -6
59 -6
60 -14
61 -13
62 -6
63 -6
64 -6
65 -14
66 -10
67 -6
68 -6
69 -6
70 -43
71 -14
72 -13
73 -6
74 -22
75 -13
76 -13
77 -13
78 -6
79 -6
80 -6
81 -6
82 -17
83 -10
84 -14
85 -6
86 -6
87 -10
88 -14
89 -6
90 -13
91 -13
92 -6
93 -13
94 -6
95 -13
96 -14
97 -17
98 -6
99 -6
100 -6
101 -6
102 -6
103 -6
104 -6
105 -10
106 -6
107 -10
108 -14
109 -13
110 -13
111 -14
112 -6
113 -15
114 -6
115 -13
116 -10
117 -6
118 -6
119 -14
120 -6
121 -14
122 -13
123 -6
124 -13
125 -6
126 -16
127 -14
128 -13
129 -6
130 -6
131 -6
132 -13
133 -6
134 -6
135 -13
136 -9
137 -6
138 -14
139 -13
140 -10
141 -6
142 -6
143 -6
144 -13
145 -6
146 -13
147 -13
148 -6
149 -13
150 -13
151 -13
152 -13
153 -6
154 -10
155 -6
156 -13
157 -6
158 -14
159 -6
160 -10
161 -6
162 -10
163 -13
164 -13
165 -6
166 -13
167 -10
168 -6
169 -15
170 -6
171 -14
172 -14
173 -10
174 -9
175 -13
176 -13
177 -13
178 -6
179 -10
180 -6
181 -14
182 -10
183 -10
184 -10
185 -6
186 -10
187 -13
188 -13
189 -10
190 -6
191 -13
192 -10
193 -6
194 -13
195 -6
196 -13
197 -6
198 -6
199 -13
200 -13
201 -6
202 -14
203 -13
204 -10
205 -20
206 -13
207 -6
208 -6
209 -13
210 -43
211 -22
212 -14
213 -13
214 -6
215 -13
216 -13
217 -13
218 -6
219 -6
220 -6
221 -6
222 -13
223 -10
224 -13
225 -13
226 -13
227 -13
228 -6
229 -6
230 -14
231 -14
232 -6
233 -6
234 -6
235 -6
236 -18
237 -14
238 -10
239 -6
240 -13
241 -6
242 -10
243 -13
244 -13
245 -14
246 -10
247 -13
248 -13
249 -6
250 -14
251 -6
252 -14
253 -6
254 -13
255 -6
256 -6
257 -14
258 -13
259 -6
260 -6
261 -13
262 -14
263 -6
264 -14
265 -14
266 -14
267 -10
268 -6
269 -13
270 -13
271 -14
272 -6
273 -13
274 -14
275 -6
276 -13
277 -6
278 -6
279 -13
280 -13
281 -6
282 -13
283 -6
284 -13
285 -6
286 -13
287 -7
288 -13
289 -6
290 -6
291 -13
292 -13
293 -14
294 -6
295 -6
296 -10
297 -13
298 -10
299 -13
300 -14
301 -6
302 -10
303 -6
304 -14
305 -13
306 -6
307 -10
308 -6
309 -13
310 -10
311 -6
312 -6
313 -6
314 -13
315 -6
316 -6
317 -14
318 -13
319 -6
320 -14
321 -13
322 -13
323 -14
324 -6
325 -13
326 -6
327 -6
328 -6
329 -6
330 -6
331 -6
332 -6
333 -13
334 -10
335 -13
336 -6
337 -14
338 -6
339 -10
340 -10
341 -6
342 -6
343 -34
344 -13
345 -6
346 -6
347 -20
348 -13
349 -14
350 -15
351 -6
352 -6
353 -6
354 -13
355 -13
356 -13
357 -10
358 -6
359 -6
360 -6
361 -13
362 -13
363 -13
364 -14
365 -13
366 -13
367 -10
368 -14
369 -6
370 -13
371 -13
372 -13
373 -13
374 -6
375 -6
376 -14
377 -14
378 -10
379 -6
380 -10
381 -14
382 -6
383 -13
384 -10
385 -10
386 -14
387 -12
388 -13
389 -6
390 -14
391 -13
392 -6
393 -14
394 -14
395 -6
396 -10
397 -13
398 -13
399 -13
400 -13
401 -14
402 -6
403 -6
404 -13
405 -10
406 -6
407 -14
408 -14
409 -10
410 -10
411 -10
412 -13
413 -6
414 -14
415 -6
416 -13
417 -6
418 -14
419 -13
420 -13
421 -6
422 -10
423 -6
424 -13
425 -6
426 -6
427 -6
428 -14
429 -6
430 -10
431 -14
432 -14
433 -6
434 -6
435 -10
436 -17
437 -13
438 -6
439 -10
440 -13
441 -10
442 -13
443 -6
444 -13
445 -6
446 -6
447 -13
448 -13
449 -6
450 -6
451 -14
452 -14
453 -6
454 -13
455 -13
456 -6
457 -6
458 -10
459 -6
460 -6
461 -6
462 -10
463 -6
464 -13
465 -6
466 -13
467 -6
468 -6
469 -6
470 -13
471 -6
472 -10
473 -10
474 -14
475 -10
476 -14
477 -10
478 -10
479 -6
480 -13
481 -10
482 -13
483 -6
484 -6
485 -10
486 -42
487 -6
488 -13
489 -6
490 -13
491 -6
492 -6
493 -14
494 -13
495 -14
496 -13
497 -13
498 -13
499 -13
500 -13
501 -6
502 -6
503 -6
504 -6
505 -13
506 -13
507 -6
508 -9
509 -13
510 -10
511 -13
512 -14
513 -14
514 -6
515 -6
516 -15
517 -6
518 -13
519 -6
520 -10
521 -6
522 -14
523 -14
524 -6
525 -6
526 -6
527 -6
528 -13
529 -6
530 -14
531 -10
532 -14
533 -6
534 -14
535 -6
536 -6
537 -6
538 -6
539 -13
540 -13
541 -6
542 -6
543 -14
544 -6
545 -6
546 -13
547 -6
548 -13
549 -6
550 -6
551 -10
552 -10
553 -6
554 -18
555 -6
556 -16
557 -6
558 -10
559 -14
560 -10
561 -13
562 -6
563 -6
564 -6
565 -13
566 -6
567 -6
568 -13
569 -10
570 -6
571 -14
572 -14
573 -14
574 -10
575 -14
576 -14
577 -10
578 -10
579 -10
580 -6
581 -13
582 -6
583 -13
584 -6
585 -6
586 -13
587 -6
588 -14
589 -6
590 -14
591 -13
592 -10
593 -13
594 -14
595 -13
596 -13
597 -13
598 -18
599 -11
600 -14
601 -14
602 -13
603 -6
604 -10
605 -14
606 -6
607 -13
608 -13
609 -10
610 -10
611 -13
612 -7
613 -13
614 -13
615 -14
616 -14
617 -13
618 -13
619 -6
620 -6
621 -6
622 -13
623 -14
624 -6
625 -6
626 -16
627 -13
628 -13
629 -6
630 -13
631 -13
632 -10
633 -13
634 -13
635 -13
636 -10
637 -13
638 -10
639 -10
640 -10
641 -6
642 -6
643 -6
644 -13
645 -14
646 -10
647 -13
648 -13
649 -10
650 -13
651 -11
652 -10
653 -13
654 -13
655 -13
656 -6
657 -10
658 -6
659 -13
660 -13
661 -6
662 -6
663 -10
664 -13
665 -14
666 -6
667 -13
668 -13
669 -6
670 -14
671 -6
672 -13
673 -13
674 -13
675 -6
676 -14
677 -6
678 -6
679 -6
680 -6
681 -10
682 -12
683 -6
684 -10
685 -13
686 -14
687 -13
688 -10
689 -6
690 -10
691 -6
692 -14
693 -14
694 -6
695 -6
696 -6
697 -6
698 -6
699 -13
700 -10
701 -13
702 -6
703 -6
704 -6
705 -13
706 -6
707 -6
708 -13
709 -6
710 -13
711 -10
712 -10
713 -14
714 -14
715 -13
716 -10
717 -6
718 -14
719 -6
720 -6
721 -6
722 -6
723 -10
724 -13
725 -13
726 -6
727 -10
728 -14
729 -6
730 -6
731 -13
732 -43
733 -6
734 -6
735 -32
736 -10
737 -14
738 -10
739 -10
740 -10
741 -14
742 -6
743 -10
744 -14
745 -10
746 -6
747 -13
748 -13
749 -10
750 -6
751 -10
752 -13
753 -13
754 -10
755 -6
756 -10
757 -6
758 -23
759 -13
760 -13
761 -12
762 -10
763 -13
764 -6
765 -6
766 -13
767 -13
768 -10
769 -13
770 -10
771 -13
772 -13
773 -14
774 -6
775 -6
776 -13
777 -6
778 -6
779 -6
780 -10
781 -6
782 -10
783 -13
784 -10
785 -13
786 -10
787 -6
788 -6
789 -13
790 -14
791 -6
792 -6
793 -13
794 -13
795 -13
796 -6
797 -18
798 -14
799 -15
800 -6
801 -14
802 -13
803 -13
804 -6
805 -13
806 -6
807 -10
808 -10
809 -6
810 -13
811 -10
812 -6
813 -6
814 -13
815 -13
816 -14
817 -13
818 -6
819 -10
820 -14
821 -6
822 -13
823 -6
824 -10
825 -6
826 -13
827 -13
828 -13
829 -6
830 -6
831 -6
832 -6
833 -14
834 -13
835 -6
836 -14
837 -6
838 -6
839 -6
840 -13
841 -10
842 -6
843 -6
844 -6
845 -6
846 -13
847 -14
848 -18
849 -13
850 -14
851 -14
852 -14
853 -14
854 -13
855 -14
856 -13
857 -14
858 -14
859 -6
860 -6
861 -14
862 -13
863 -14
864 -13
865 -10
866 -6
867 -13
868 -10
869 -13
870 -6
871 -13
872 -6
873 -6
874 -13
875 -13
876 -10
877 -13
878 -6
879 -15
880 -10
881 -6
882 -10
883 -13
884 -6
885 -6
886 -13
887 -14
888 -6
889 -6
890 -6
891 -14
892 -6
893 -6
894 -10
895 -10
896 -13
897 -6
898 -6
899 -6
900 -13
901 -6
902 -14
903 -6
904 -14
905 -6
906 -14
907 -13
908 -14
909 -6
910 -6
911 -6
912 -6
913 -17
914 -6
915 -13
916 -13
917 -13
918 -13
919 -6
920 -13
921 -13
922 -10
923 -10
924 -6
925 -10
926 -14
927 -10
928 -6
929 -6
930 -6
931 -13
932 -14
933 -13
934 -6
935 -13
936 -10
937 -13
938 -10
939 -14
940 -13
941 -6
942 -10
943 -10
944 -13
945 -13
946 -13
947 -6
948 -14
949 -6
950 -13
951 -6
952 -10
953 -6
954 -14
955 -13
956 -6
957 -6
958 -16
959 -6
960 -6
961 -6
962 -6
963 -6
964 -6
965 -18
966 -6
967 -15
968 -13
969 -10
970 -10
971 -14
972 -6
973 -13
974 -6
975 -6
976 -6
977 -6
978 -6
979 -6
980 -10
981 -14
982 -18
983 -14
984 -13
985 -6
986 -13
987 -6
988 -6
989 -6
990 -6
991 -10
992 -6
993 -10
994 -6
995 -6
996 -14
997 -13
998 -6
999 -6
