0 -13
1 -14
2 -14
3 -13
4 -6
5 -13
6 -6
7 -17
8 -6
9 -6
10 -6
11 -13
12 -14
13 -13
14 -10
15 -6
16 -6
17 -6
18 -10
19 -14
20 -10
21 -6
22 -14
23 -14
24 -14
25 -6
26 -6
27 -6
28 -13
29 -6
30 -6
31 -10
32 -6
33 -14
34 -13
35 -10
36 -6
37 -6
38 -6
39 -6
40 -13
41 -10
42 -6
43 -7
44 -6
45 -10
46 -13
47 -10
48 -13
49 -6
50 -13
51 -13
52 -15
53 -6
54 -13
55 -6
56 -6
57 -13
58 -6
59 -10
60 -6
61 -6
62 -14
63 -13
64 -6
65 -6
66 -6
67 -13
68 -6
69 -6
70 -6
71 -6
72 -13
73 -6
74 -13
75 -6
76 -6
77 -6
78 -6
79 -13
80 -13
81 -6
82 -20
83 -6
84 -6
85 -13
86 -13
87 -6
88 -13
89 -6
90 -10
91 -6
92 -6
93 -6
94 -6
95 -6
96 -13
97 -6
98 -6
99 -13
100 -6
101 -6
102 -6
103 -13
104 -6
105 -10
106 -14
107 -13
108 -13
109 -6
110 -6
111 -13
112 -10
113 -6
114 -6
115 -13
116 -14
117 -14
118 -6
119 -14
120 -14
121 -13
122 -14
123 -14
124 -6
125 -14
126 -6
127 -6
128 -13
129 -13
130 -16
131 -14
132 -10
133 -13
134 -10
135 -6
136 -19
137 -6
138 -14
139 -6
140 -13
141 -13
142 -13
143 -6
144 -6
145 -23
146 -6
147 -14
148 -13
149 -10
150 -10
151 -6
152 -6
153 -13
154 -6
155 -14
156 -6
157 -14
158 -10
159 -6
160 -13
161 -10
162 -6
163 -13
164 -6
165 -13
166 -14
167 -13
168 -14
169 -10
170 -6
171 -10
172 -6
173 -6
174 -13
175 -13
176 -14
177 -13
178 -10
179 -18
180 -6
181 -13
182 -13
183 -10
184 -6
185 -6
186 -13
187 -10
188 -6
189 -13
190 -6
191 -6
192 -13
193 -13
194 -10
195 -6
196 -14
197 -6
198 -13
199 -6
200 -6
201 -6
202 -13
203 -6
204 -14
205 -6
206 -13
207 -10
208 -13
209 -10
210 -13
211 -13
212 -14
213 -13
214 -13
215 -6
216 -13
217 -14
218 -10
219 -13
220 -13
221 -6
222 -6
223 -13
224 -10
225 -13
226 -13
227 -6
228 -13
229 -6
230 -13
231 -13
232 -10
233 -14
234 -6
235 -6
236 -14
237 -6
238 -10
239 -13
240 -6
241 -6
242 -6
243 -6
244 -6
245 -6
246 -6
247 -6
248 -6
249 -10
250 -6
251 -6
252 -6
253 -13
254 -6
255 -13
256 -13
257 -14
258 -10
259 -6
260 -6
261 -6
262 -14
263 -6
264 -6
265 -13
266 -6
267 -6
268 -10
269 -14
270 -6
271 -10
272 -6
273 -12
274 -6
275 -6
276 -6
277 -13
278 -14
279 -14
280 -14
281 -10
282 -10
283 -13
284 -6
285 -10
286 -6
287 -6
288 -13
289 -6
290 -6
291 -10
292 -6
293 -13
294 -6
295 -6
296 -14
297 -6
298 -6
299 -13
300 -6
301 -14
302 -6
303 -13
304 -13
305 -6
306 -13
307 -13
308 -13
309 -10
310 -14
311 -6
312 -6
313 -13
314 -6
315 -6
316 -6
317 -6
318 -10
319 -13
320 -6
321 -14
322 -10
323 -13
324 -13
325 -13
326 -13
327 -6
328 -10
329 -6
330 -14
331 -6
332 -10
333 -6
334 -10
335 -14
336 -13
337 -6
338 -6
339 -13
340 -6
341 -10
342 -6
343 -13
344 -14
345 -10
346 -6
347 -13
348 -14
349 -13
350 -14
351 -14
352 -10
353 -6
354 -14
355 -13
356 -14
357 -10
358 -10
359 -13
360 -14
361 -6
362 -13
363 -6
364 -13
365 -6
366 -14
367 -13
368 -13
369 -6
370 -14
371 -13
372 -14
373 -13
374 -14
375 -13
376 -10
377 -6
378 -10
379 -6
380 -6
381 -13
382 -6
383 -6
384 -13
385 -10
386 -10
387 -10
388 -13
389 -13
390 -6
391 -13
392 -13
393 -6
394 -14
395 -14
396 -14
397 -35
398 -10
399 -13
400 -11
401 -6
402 -14
403 -13
404 -13
405 -14
406 -6
407 -6
408 -14
409 -13
410 -6
411 -13
412 -13
413 -14
414 -6
415 -13
416 -6
417 -13
418 -13
419 -14
420 -13
421 -10
422 -13
423 -13
424 -14
425 -10
426 -14
427 -14
428 -13
429 -13
430 -6
431 -13
432 -13
433 -6
434 -6
435 -10
436 -6
437 -14
438 -10
439 -14
440 -6
441 -10
442 -6
443 -14
444 -6
445 -20
446 -13
447 -13
448 -14
449 -10
450 -6
451 -6
452 -13
453 -6
454 -13
455 -6
456 -6
457 -13
458 -13
459 -6
460 -6
461 -14
462 -6
463 -6
464 -13
465 -6
466 -6
467 -10
468 -6
469 -6
470 -6
471 -6
472 -14
473 -13
474 -8
475 -6
476 -13
477 -10
478 -6
479 -14
480 -6
481 -13
482 -6
483 -6
484 -13
485 -6
486 -6
487 -14
488 -14
489 -6
490 -13
491 -14
492 -14
493 -6
494 -13
495 -14
496 -6
497 -13
498 -14
499 -6
500 -13
501 -6
502 -14
503 -6
504 -13
505 -6
506 -6
507 -13
508 -6
509 -13
510 -8
511 -6
512 -10
513 -10
514 -14
515 -14
516 -6
517 -13
518 -13
519 -14
520 -13
521 -14
522 -14
523 -6
524 -13
525 -14
526 -13
527 -10
528 -13
529 -13
530 -6
531 -6
532 -14
533 -13
534 -17
535 -10
536 -6
537 -13
538 -6
539 -13
540 -13
541 -10
542 -6
543 -14
544 -14
545 -6
546 -14
547 -13
548 -6
549 -13
550 -10
551 -13
552 -13
553 -13
554 -13
555 -6
556 -13
557 -13
558 -13
559 -13
560 -6
561 -10
562 -6
563 -6
564 -13
565 -6
566 -13
567 -6
568 -13
569 -16
570 -6
571 -13
572 -6
573 -6
574 -14
575 -6
576 -6
577 -6
578 -13
579 -6
580 -13
581 -13
582 -6
583 -13
584 -18
585 -14
586 -14
587 -10
588 -14
589 -6
590 -13
591 -13
592 -10
593 -6
594 -6
595 -17
596 -6
597 -13
598 -10
599 -6
600 -6
601 -6
602 -13
603 -6
604 -6
605 -6
606 -6
607 -6
608 -26
609 -31
610 -10
611 -6
612 -10
613 -6
614 -13
615 -10
616 -6
617 -13
618 -13
619 -14
620 -13
621 -13
622 -14
623 -6
624 -13
625 -10
626 -6
627 -13
628 -6
629 -13
630 -14
631 -14
632 -17
633 -6
634 -6
635 -6
636 -6
637 -10
638 -13
639 -14
640 -6
641 -10
642 -18
643 -14
644 -13
645 -10
646 -6
647 -13
648 -14
649 -10
650 -13
651 -15
652 -13
653 -10
654 -14
655 -10
656 -13
657 -6
658 -13
659 -10
660 -6
661 -13
662 -10
663 -6
664 -13
665 -13
666 -6
667 -14
668 -6
669 -6
670 -6
671 -10
672 -6
673 -14
674 -13
675 -26
676 -10
677 -23
678 -13
679 -6
680 -6
681 -6
682 -6
683 -6
684 -6
685 -14
686 -13
687 -6
688 -6
689 -6
690 -10
691 -6
692 -13
693 -13
694 -6
695 -6
696 -6
697 -6
698 -6
699 -13
700 -12
701 -10
702 -6
703 -14
704 -14
705 -6
706 -13
707 -13
708 -14
709 -6
710 -14
711 -6
712 -18
713 -14
714 -6
715 -6
716 -14
717 -8
718 -10
719 -13
720 -6
721 -10
722 -13
723 -6
724 -13
725 -13
726 -10
727 -13
728 -6
729 -6
730 -13
731 -6
732 -6
733 -14
734 -10
735 -6
736 -13
737 -6
738 -6
739 -10
740 -10
741 -10
742 -14
743 -14
744 -6
745 -10
746 -14
747 -10
748 -14
749 -6
750 -6
751 -14
752 -13
753 -14
754 -6
755 -6
756 -10
757 -13
758 -6
759 -7
760 -6
761 -6
762 -6
763 -13
764 -13
765 -14
766 -6
767 -13
768 -13
769 -10
770 -13
771 -6
772 -6
773 -6
774 -13
775 -10
776 -6
777 -10
778 -6
779 -6
780 -13
781 -12
782 -6
783 -10
784 -6
785 -6
786 -6
787 -10
788 -6
789 -6
790 -6
791 -13
792 -6
793 -13
794 -6
795 -14
796 -13
797 -13
798 -6
799 -6
800 -14
801 -13
802 -10
803 -6
804 -10
805 -13
806 -6
807 -13
808 -6
809 -14
810 -14
811 -10
812 -13
813 -15
814 -14
815 -13
816 -6
817 -13
818 -10
819 -6
820 -14
821 -6
822 -6
823 -13
824 -13
825 -13
826 -14
827 -6
828 -10
829 -14
830 -6
831 -6
832 -6
833 -6
834 -6
835 -6
836 -14
837 -6
838 -13
839 -13
840 -13
841 -14
842 -10
843 -10
844 -13
845 -6
846 -6
847 -13
848 -14
849 -6
850 -14
851 -14
852 -6
853 -14
854 -6
855 -13
856 -13
857 -6
858 -17
859 -10
860 -6
861 -13
862 -6
863 -13
864 -6
865 -13
866 -10
867 -10
868 -13
869 -13
870 -10
871 -13
872 -13
873 -6
874 -6
875 -6
876 -6
877 -13
878 -6
879 -10
880 -13
881 -13
882 -13
883 -8
884 -6
885 -6
886 -6
887 -7
888 -6
889 -6
890 -10
891 -10
892 -13
893 -6
894 -6
895 -10
896 -10
897 -6
898 -10
899 -10
900 -6
901 -13
902 -14
903 -13
904 -13
905 -14
906 -13
907 -6
908 -14
909 -6
910 -6
911 -6
912 -13
913 -10
914 -6
915 -10
916 -10
917 -6
918 -6
919 -6
920 -6
921 -14
922 -13
923 -6
924 -14
925 -13
926 -6
927 -14
928 -13
929 -6
930 -6
931 -10
932 -13
933 -13
934 -6
935 -14
936 -6
937 -30
938 -6
939 -10
940 -13
941 -6
942 -14
943 -14
944 -13
945 -13
946 -6
947 -13
948 -6
949 -6
950 -10
951 -6
952 -6
953 -13
954 -13
955 -6
956 -13
957 -6
958 -10
959 -13
960 -14
961 -13
962 -6
963 -6
964 -14
965 -13
966 -10
967 -13
968 -6
969 -14
970 -19
971 -13
972 -10
973 -6
974 -13
975 -6
976 -6
977 -6
978 -6
979 -13
980 -6
981 -13
982 -14
983 -6
984 -13
985 -6
986 -14
987 -13
988 -14
989 -6
990 -14
991 -13
992 -13
993 -6
994 -6
995 -8
996 -7
997 -6
998 -6
999 -8
