0 -13
1 -13
2 -6
3 -6
4 -6
5 -13
6 -14
7 -13
8 -18
9 -6
10 -10
11 -6
12 -12
13 -6
14 -14
15 -6
16 -14
17 -13
18 -14
19 -13
20 -14
21 -14
22 -13
23 -13
24 -14
25 -6
26 -6
27 -6
28 -6
29 -13
30 -6
31 -14
32 -6
33 -14
34 -10
35 -14
36 -13
37 -14
38 -10
39 -10
40 -14
41 -6
42 -14
43 -13
44 -6
45 -13
46 -6
47 -10
48 -6
49 -14
50 -14
51 -6
52 -6
53 -6
54 -10
55 -13
56 -13
57 -14
58 -10
59 -39
60 -14
61 -14
62 -13
63 -13
64 -6
65 -10
66 -6
67 -13
68 -14
69 -6
70 -6
71 -6
72 -15
73 -6
74 -13
75 -18
76 -13
77 -13
78 -10
79 -6
80 -6
81 -6
82 -6
83 -6
84 -14
85 -15
86 -6
87 -10
88 -13
89 -6
90 -10
91 -13
92 -16
93 -6
94 -13
95 -13
96 -6
97 -6
98 -6
99 -6
100 -6
101 -6
102 -10
103 -6
104 -6
105 -13
106 -6
107 -18
108 -14
109 -6
110 -6
111 -13
112 -13
113 -13
114 -6
115 -6
116 -6
117 -14
118 -6
119 -6
120 -6
121 -14
122 -13
123 -14
124 -6
125 -6
126 -6
127 -13
128 -6
129 -6
130 -6
131 -13
132 -14
133 -6
134 -6
135 -13
136 -13
137 -6
138 -14
139 -13
140 -8
141 -14
142 -14
143 -13
144 -13
145 -13
146 -6
147 -14
148 -6
149 -13
150 -6
151 -6
152 -13
153 -13
154 -6
155 -6
156 -6
157 -10
158 -6
159 -13
160 -14
161 -10
162 -15
163 -10
164 -10
165 -13
166 -14
167 -6
168 -13
169 -14
170 -13
171 -6
172 -14
173 -10
174 -14
175 -10
176 -6
177 -10
178 -10
179 -6
180 -16
181 -13
182 -13
183 -6
184 -6
185 -14
186 -6
187 -13
188 -6
189 -6
190 -6
191 -14
192 -10
193 -13
194 -6
195 -14
196 -6
197 -6
198 -6
199 -6
200 -13
201 -10
202 -13
203 -13
204 -10
205 -10
206 -14
207 -13
208 -14
209 -14
210 -6
211 -14
212 -7
213 -6
214 -13
215 -6
216 -14
217 -17
218 -13
219 -6
220 -6
221 -6
222 -6
223 -18
224 -13
225 -13
226 -6
227 -6
228 -13
229 -14
230 -14
231 -13
232 -13
233 -6
234 -13
235 -6
236 -13
237 -10
238 -13
239 -6
240 -10
241 -14
242 -13
243 -6
244 -14
245 -6
246 -6
247 -14
248 -14
249 -6
250 -13
251 -6
252 -6
253 -6
254 -6
255 -10
256 -10
257 -13
258 -13
259 -6
260 -13
261 -14
262 -6
263 -14
264 -13
265 -14
266 -10
267 -13
268 -6
269 -6
270 -6
271 -13
272 -13
273 -10
274 -6
275 -10
276 -16
277 -6
278 -6
279 -7
280 -6
281 -14
282 -14
283 -13
284 -10
285 -13
286 -13
287 -10
288 -6
289 -6
290 -10
291 -10
292 -13
293 -13
294 -13
295 -6
296 -10
297 -14
298 -6
299 -14
300 -14
301 -6
302 -6
303 -13
304 -6
305 -13
306 -6
307 -14
308 -6
309 -15
310 -6
311 -6
312 -10
313 -13
314 -6
315 -6
316 -6
317 -14
318 -13
319 -13
320 -14
321 -6
322 -6
323 -13
324 -6
325 -13
326 -10
327 -13
328 -13
329 -13
330 -13
331 -10
332 -13
333 -13
334 -13
335 -14
336 -13
337 -6
338 -10
339 -12
340 -6
341 -14
342 -6
343 -10
344 -6
345 -13
346 -6
347 -13
348 -6
349 -10
350 -6
351 -6
352 -14
353 -14
354 -13
355 -13
356 -13
357 -11
358 -6
359 -13
360 -13
361 -6
362 -14
363 -13
364 -6
365 -6
366 -13
367 -14
368 -14
369 -6
370 -10
371 -10
372 -13
373 -13
374 -6
375 -13
376 -6
377 -14
378 -13
379 -6
380 -14
381 -6
382 -6
383 -6
384 -6
385 -10
386 -13
387 -13
388 -13
389 -14
390 -6
391 -13
392 -13
393 -10
394 -6
395 -6
396 -6
397 -14
398 -6
399 -10
400 -6
401 -14
402 -14
403 -6
404 -13
405 -10
406 -6
407 -12
408 -13
409 -6
410 -14
411 -14
412 -6
413 -6
414 -6
415 -6
416 -13
417 -6
418 -14
419 -10
420 -14
421 -10
422 -6
423 -10
424 -13
425 -6
426 -6
427 -13
428 -6
429 -6
430 -13
431 -10
432 -10
433 -13
434 -10
435 -6
436 -13
437 -14
438 -6
439 -10
440 -9
441 -6
442 -13
443 -6
444 -6
445 -6
446 -6
447 -14
448 -10
449 -10
450 -6
451 -13
452 -6
453 -6
454 -6
455 -6
456 -6
457 -14
458 -13
459 -13
460 -10
461 -13
462 -6
463 -6
464 -14
465 -6
466 -6
467 -13
468 -13
469 -6
470 -13
471 -14
472 -10
473 -13
474 -6
475 -14
476 -14
477 -13
478 -6
479 -13
480 -13
481 -13
482 -6
483 -13
484 -13
485 -6
486 -6
487 -13
488 -13
489 -6
490 -13
491 -13
492 -6
493 -15
494 -6
495 -13
496 -6
497 -6
498 -13
499 -13
500 -13
501 -6
502 -6
503 -6
504 -13
505 -10
506 -14
507 -6
508 -6
509 -6
510 -6
511 -6
512 -13
513 -6
514 -10
515 -6
516 -13
517 -13
518 -6
519 -13
520 -6
521 -13
522 -6
523 -6
524 -6
525 -6
526 -14
527 -13
528 -6
529 -14
530 -13
531 -15
532 -14
533 -6
534 -6
535 -13
536 -10
537 -6
538 -6
539 -10
540 -6
541 -6
542 -18
543 -10
544 -10
545 -14
546 -13
547 -6
548 -6
549 -6
550 -6
551 -6
552 -10
553 -13
554 -6
555 -6
556 -13
557 -6
558 -13
559 -6
560 -14
561 -13
562 -6
563 -6
564 -6
565 -6
566 -14
567 -6
568 -6
569 -15
570 -13
571 -10
572 -6
573 -13
574 -10
575 -10
576 -13
577 -6
578 -6
579 -13
580 -6
581 -6
582 -6
583 -6
584 -13
585 -13
586 -6
587 -6
588 -13
589 -14
590 -14
591 -6
592 -6
593 -6
594 -6
595 -6
596 -6
597 -13
598 -6
599 -13
600 -6
601 -13
602 -6
603 -13
604 -10
605 -6
606 -13
607 -15
608 -13
609 -13
610 -13
611 -13
612 -23
613 -6
614 -10
615 -13
616 -13
617 -14
618 -13
619 -13
620 -13
621 -10
622 -6
623 -14
624 -13
625 -10
626 -13
627 -13
628 -6
629 -13
630 -18
631 -10
632 -6
633 -6
634 -13
635 -14
636 -13
637 -10
638 -13
639 -6
640 -6
641 -6
642 -13
643 -14
644 -15
645 -6
646 -6
647 -10
648 -13
649 -13
650 -6
651 -6
652 -10
653 -10
654 -6
655 -6
656 -6
657 -6
658 -6
659 -6
660 -10
661 -6
662 -6
663 -10
664 -13
665 -6
666 -13
667 -6
668 -12
669 -6
670 -14
671 -6
672 -14
673 -6
674 -14
675 -14
676 -6
677 -10
678 -13
679 -6
680 -6
681 -6
682 -14
683 -13
684 -6
685 -13
686 -6
687 -6
688 -6
689 -14
690 -6
691 -6
692 -6
693 -13
694 -6
695 -6
696 -14
697 -14
698 -14
699 -6
700 -6
701 -14
702 -6
703 -6
704 -6
705 -6
706 -6
707 -6
708 -6
709 -6
710 -14
711 -13
712 -9
713 -13
714 -13
715 -13
716 -6
717 -13
718 -6
719 -10
720 -6
721 -18
722 -13
723 -13
724 -6
725 -13
726 -13
727 -15
728 -6
729 -13
730 -13
731 -6
732 -14
733 -13
734 -14
735 -10
736 -13
737 -6
738 -13
739 -14
740 -10
741 -10
742 -6
743 -6
744 -13
745 -10
746 -6
747 -6
748 -14
749 -14
750 -13
751 -13
752 -14
753 -13
754 -10
755 -13
756 -10
757 -10
758 -13
759 -6
760 -13
761 -13
762 -6
763 -13
764 -6
765 -18
766 -6
767 -13
768 -10
769 -13
770 -6
771 -14
772 -10
773 -13
774 -6
775 -14
776 -6
777 -6
778 -10
779 -6
780 -13
781 -6
782 -14
783 -19
784 -10
785 -6
786 -6
787 -6
788 -13
789 -10
790 -10
791 -6
792 -10
793 -13
794 -10
795 -6
796 -10
797 -14
798 -6
799 -13
800 -6
801 -6
802 -13
803 -6
804 -6
805 -13
806 -6
807 -13
808 -12
809 -6
810 -13
811 -14
812 -6
813 -18
814 -6
815 -13
816 -6
817 -6
818 -6
819 -6
820 -14
821 -10
822 -6
823 -6
824 -13
825 -10
826 -13
827 -13
828 -15
829 -10
830 -6
831 -6
832 -13
833 -10
834 -6
835 -13
836 -6
837 -6
838 -13
839 -6
840 -6
841 -13
842 -14
843 -13
844 -14
845 -6
846 -6
847 -6
848 -13
849 -13
850 -13
851 -13
852 -6
853 -6
854 -6
855 -13
856 -14
857 -6
858 -13
859 -6
860 -13
861 -14
862 -14
863 -13
864 -13
865 -10
866 -18
867 -6
868 -22
869 -6
870 -8
871 -6
872 -14
873 -13
874 -6
875 -14
876 -14
877 -13
878 -6
879 -6
880 -10
881 -10
882 -6
883 -10
884 -6
885 -6
886 -14
887 -6
888 -13
889 -10
890 -14
891 -14
892 -13
893 -6
894 -6
895 -6
896 -10
897 -6
898 -14
899 -6
900 -14
901 -13
902 -6
903 -6
904 -14
905 -13
906 -6
907 -6
908 -6
909 -6
910 -6
911 -10
912 -6
913 -13
914 -13
915 -6
916 -6
917 -6
918 -10
919 -13
920 -13
921 -13
922 -6
923 -6
924 -13
925 -6
926 -10
927 -6
928 -13
929 -14
930 -6
931 -13
932 -10
933 -13
934 -13
935 -13
936 -13
937 -13
938 -6
939 -13
940 -14
941 -6
942 -13
943 -10
944 -6
945 -6
946 -13
947 -6
948 -13
949 -6
950 -6
951 -13
952 -14
953 -6
954 -13
955 -6
956 -13
957 -6
958 -13
959 -13
960 -6
961 -10
962 -13
963 -6
964 -6
965 -13
966 -9
967 -13
968 -14
969 -13
970 -13
971 -13
972 -13
973 -6
974 -6
975 -6
976 -6
977 -6
978 -10
979 -14
980 -6
981 -6
982 -6
983 -14
984 -14
985 -13
986 -6
987 -13
988 -6
989 -6
990 -6
991 -13
992 -13
993 -14
994 -14
995 -14
996 -6
997 -13
998 -6
999 -10
