0 -8
1 -14
2 -14
3 -6
4 -6
5 -6
6 -6
7 -8
8 -13
9 -8
10 -8
11 -13
12 -8
13 -13
14 -8
15 -6
16 -6
17 -6
18 -6
19 -14
20 -14
21 -14
22 -14
23 -14
24 -6
25 -6
26 -6
27 -14
28 -8
29 -13
30 -8
31 -13
32 -13
33 -6
34 -14
35 -13
36 -6
37 -6
38 -6
39 -8
40 -13
41 -8
42 -8
43 -13
44 -17
45 -6
46 -6
47 -13
48 -6
49 -6
50 -8
51 -6
52 -8
53 -13
54 -8
55 -8
56 -13
57 -19
58 -6
59 -8
60 -6
61 -13
62 -8
63 -13
64 -6
65 -8
66 -6
67 -18
68 -15
69 -6
70 -6
71 -14
72 -13
73 -14
74 -14
75 -6
76 -13
77 -14
78 -26
79 -14
80 -8
81 -8
82 -8
83 -8
84 -6
85 -14
86 -8
87 -8
88 -6
89 -6
90 -14
91 -13
92 -13
93 -14
94 -14
95 -8
96 -8
97 -6
98 -13
99 -8
100 -13
101 -13
102 -8
103 -8
104 -8
105 -26
106 -14
107 -6
108 -13
109 -6
110 -14
111 -8
112 -13
113 -8
114 -8
115 -13
116 -6
117 -6
118 -8
119 -6
120 -14
121 -13
122 -13
123 -8
124 -13
125 -6
126 -7
127 -6
128 -8
129 -8
130 -13
131 -14
132 -6
133 -13
134 -13
135 -8
136 -18
137 -8
138 -13
139 -8
140 -8
141 -6
142 -6
143 -6
144 -13
145 -13
146 -14
147 -13
148 -6
149 -8
150 -14
151 -14
152 -14
153 -6
154 -6
155 -8
156 -6
157 -13
158 -6
159 -8
160 -6
161 -8
162 -6
163 -13
164 -14
165 -8
166 -6
167 -13
168 -8
169 -8
170 -13
171 -14
172 -14
173 -8
174 -6
175 -14
176 -14
177 -6
178 -6
179 -13
180 -13
181 -13
182 -8
183 -8
184 -13
185 -6
186 -14
187 -6
188 -8
189 -8
190 -6
191 -13
192 -6
193 -8
194 -13
195 -6
196 -8
197 -8
198 -6
199 -6
200 -8
201 -8
202 -6
203 -14
204 -14
205 -14
206 -6
207 -13
208 -6
209 -14
210 -18
211 -14
212 -13
213 -6
214 -13
215 -6
216 -8
217 -6
218 -14
219 -8
220 -14
221 -13
222 -14
223 -14
224 -13
225 -13
226 -6
227 -8
228 -6
229 -6
230 -13
231 -13
232 -13
233 -6
234 -51
235 -8
236 -13
237 -13
238 -13
239 -8
240 -13
241 -8
242 -8
243 -13
244 -6
245 -14
246 -6
247 -8
248 -6
249 -13
250 -8
251 -13
252 -13
253 -6
254 -6
255 -13
256 -13
257 -8
258 -14
259 -14
260 -13
261 -8
262 -8
263 -6
264 -6
265 -14
266 -14
267 -13
268 -6
269 -13
270 -6
271 -8
272 -8
273 -6
274 -6
275 -13
276 -14
277 -13
278 -14
279 -13
280 -6
281 -13
282 -8
283 -24
284 -8
285 -13
286 -6
287 -8
288 -14
289 -8
290 -8
291 -6
292 -13
293 -8
294 -6
295 -8
296 -8
297 -13
298 -8
299 -6
300 -6
301 -8
302 -8
303 -13
304 -6
305 -8
306 -18
307 -13
308 -8
309 -13
310 -13
311 -13
312 -13
313 -8
314 -6
315 -14
316 -14
317 -14
318 -6
319 -14
320 -6
321 -13
322 -13
323 -6
324 -13
325 -8
326 -6
327 -13
328 -13
329 -8
330 -6
331 -13
332 -8
333 -6
334 -6
335 -13
336 -8
337 -8
338 -14
339 -14
340 -6
341 -6
342 -6
343 -6
344 -15
345 -6
346 -7
347 -6
348 -6
349 -6
350 -13
351 -6
352 -6
353 -8
354 -14
355 -14
356 -6
357 -8
358 -6
359 -13
360 -6
361 -6
362 -14
363 -6
364 -14
365 -6
366 -8
367 -14
368 -8
369 -14
370 -8
371 -13
372 -6
373 -8
374 -8
375 -8
376 -13
377 -13
378 -8
379 -13
380 -13
381 -8
382 -14
383 -13
384 -6
385 -13
386 -6
387 -6
388 -8
389 -6
390 -14
391 -13
392 -14
393 -13
394 -6
395 -14
396 -15
397 -6
398 -13
399 -13
400 -6
401 -14
402 -14
403 -13
404 -14
405 -13
406 -14
407 -6
408 -13
409 -14
410 -13
411 -6
412 -13
413 -8
414 -8
415 -7
416 -13
417 -13
418 -13
419 -8
420 -6
421 -14
422 -6
423 -6
424 -6
425 -6
426 -13
427 -8
428 -8
429 -6
430 -13
431 -13
432 -14
433 -6
434 -13
435 -18
436 -8
437 -14
438 -14
439 -13
440 -8
441 -8
442 -8
443 -13
444 -14
445 -13
446 -8
447 -13
448 -6
449 -6
450 -6
451 -6
452 -6
453 -6
454 -13
455 -6
456 -14
457 -6
458 -6
459 -14
460 -14
461 -8
462 -8
463 -13
464 -6
465 -6
466 -14
467 -8
468 -8
469 -6
470 -13
471 -8
472 -13
473 -8
474 -8
475 -6
476 -8
477 -13
478 -8
479 -8
480 -8
481 -14
482 -13
483 -13
484 -8
485 -6
486 -8
487 -14
488 -6
489 -8
490 -13
491 -14
492 -13
493 -6
494 -8
495 -8
496 -6
497 -6
498 -8
499 -14
500 -8
501 -6
502 -14
503 -14
504 -8
505 -14
506 -14
507 -6
508 -8
509 -6
510 -13
511 -8
512 -8
513 -13
514 -13
515 -6
516 -6
517 -14
518 -6
519 -8
520 -17
521 -13
522 -14
523 -6
524 -6
525 -14
526 -8
527 -8
528 -14
529 -8
530 -14
531 -6
532 -13
533 -8
534 -6
535 -6
536 -13
537 -14
538 -6
539 -13
540 -6
541 -8
542 -14
543 -6
544 -8
545 -8
546 -13
547 -8
548 -6
549 -6
550 -13
551 -8
552 -14
553 -8
554 -13
555 -14
556 -13
557 -13
558 -13
559 -14
560 -6
561 -13
562 -8
563 -13
564 -8
565 -14
566 -13
567 -6
568 -8
569 -14
570 -48
571 -6
572 -8
573 -6
574 -6
575 -14
576 -13
577 -14
578 -34
579 -6
580 -8
581 -14
582 -14
583 -6
584 -12
585 -6
586 -8
587 -8
588 -8
589 -6
590 -13
591 -13
592 -14
593 -6
594 -13
595 -6
596 -6
597 -6
598 -6
599 -6
600 -13
601 -6
602 -13
603 -6
604 -13
605 -14
606 -8
607 -27
608 -8
609 -8
610 -6
611 -14
612 -13
613 -14
614 -14
615 -6
616 -8
617 -13
618 -8
619 -14
620 -13
621 -6
622 -13
623 -8
624 -13
625 -8
626 -13
627 -13
628 -6
629 -6
630 -13
631 -14
632 -6
633 -6
634 -6
635 -6
636 -13
637 -6
638 -8
639 -6
640 -6
641 -13
642 -13
643 -8
644 -6
645 -11
646 -13
647 -6
648 -13
649 -6
650 -13
651 -8
652 -14
653 -8
654 -13
655 -13
656 -6
657 -8
658 -8
659 -8
660 -8
661 -6
662 -8
663 -13
664 -6
665 -14
666 -13
667 -13
668 -13
669 -6
670 -8
671 -8
672 -13
673 -8
674 -6
675 -6
676 -6
677 -6
678 -8
679 -14
680 -6
681 -8
682 -13
683 -14
684 -6
685 -6
686 -8
687 -6
688 -13
689 -8
690 -13
691 -13
692 -6
693 -8
694 -6
695 -8
696 -13
697 -8
698 -13
699 -13
700 -17
701 -13
702 -14
703 -14
704 -8
705 -14
706 -13
707 -13
708 -13
709 -8
710 -14
711 -6
712 -8
713 -13
714 -14
715 -14
716 -14
717 -14
718 -8
719 -8
720 -8
721 -14
722 -6
723 -13
724 -8
725 -6
726 -13
727 -8
728 -8
729 -8
730 -8
731 -6
732 -8
733 -6
734 -13
735 -6
736 -14
737 -8
738 -13
739 -13
740 -14
741 -13
742 -8
743 -13
744 -6
745 -8
746 -13
747 -13
748 -13
749 -14
750 -13
751 -13
752 -17
753 -14
754 -6
755 -8
756 -14
757 -8
758 -8
759 -13
760 -13
761 -8
762 -6
763 -8
764 -6
765 -6
766 -8
767 -6
768 -8
769 -6
770 -14
771 -8
772 -8
773 -8
774 -13
775 -14
776 -6
777 -14
778 -14
779 -13
780 -13
781 -6
782 -8
783 -8
784 -6
785 -8
786 -13
787 -13
788 -13
789 -6
790 -13
791 -8
792 -6
793 -14
794 -14
795 -8
796 -20
797 -13
798 -13
799 -8
800 -6
801 -13
802 -8
803 -6
804 -8
805 -13
806 -13
807 -6
808 -8
809 -6
810 -14
811 -6
812 -8
813 -8
814 -8
815 -8
816 -6
817 -6
818 -6
819 -8
820 -6
821 -8
822 -8
823 -8
824 -13
825 -17
826 -13
827 -8
828 -13
829 -6
830 -8
831 -13
832 -13
833 -8
834 -8
835 -13
836 -6
837 -13
838 -8
839 -6
840 -8
841 -8
842 -6
843 -6
844 -8
845 -6
846 -6
847 -13
848 -14
849 -18
850 -8
851 -8
852 -13
853 -8
854 -8
855 -6
856 -13
857 -13
858 -13
859 -6
860 -8
861 -13
862 -13
863 -8
864 -13
865 -14
866 -14
867 -14
868 -14
869 -13
870 -6
871 -8
872 -14
873 -17
874 -13
875 -13
876 -14
877 -13
878 -6
879 -13
880 -6
881 -13
882 -8
883 -8
884 -13
885 -16
886 -14
887 -13
888 -13
889 -17
890 -13
891 -6
892 -8
893 -8
894 -8
895 -13
896 -6
897 -14
898 -6
899 -8
900 -14
901 -13
902 -14
903 -19
904 -14
905 -6
906 -6
907 -13
908 -14
909 -13
910 -10
911 -13
912 -14
913 -8
914 -13
915 -8
916 -14
917 -13
918 -6
919 -13
920 -6
921 -14
922 -13
923 -6
924 -14
925 -6
926 -8
927 -14
928 -6
929 -14
930 -6
931 -6
932 -8
933 -8
934 -13
935 -14
936 -13
937 -8
938 -27
939 -6
940 -13
941 -14
942 -13
943 -8
944 -8
945 -6
946 -11
947 -13
948 -13
949 -8
950 -13
951 -8
952 -6
953 -13
954 -14
955 -14
956 -8
957 -8
958 -13
959 -6
960 -14
961 -6
962 -6
963 -8
964 -6
965 -6
966 -38
967 -8
968 -13
969 -8
970 -14
971 -13
972 -6
973 -8
974 -8
975 -8
976 -6
977 -13
978 -6
979 -13
980 -6
981 -6
982 -6
983 -13
984 -13
985 -13
986 -6
987 -6
988 -8
989 -13
990 -8
991 -8
992 -8
993 -6
994 -13
995 -13
996 -13
997 -6
998 -13
999 -13
