0 -29
1 -21
2 -27
3 -24
4 -58
5 -38
6 -37
7 -15
8 -19
9 -20
10 -27
11 -30
12 -27
13 -21
14 -25
15 -17
16 -14
17 -14
18 -29
19 -25
20 -20
21 -46
22 -10
23 -11
24 -43
25 -23
26 -8
27 -28
28 -37
29 -14
30 -40
31 -25
32 -72
33 -28
34 -59
35 -41
36 -26
37 -53
38 -54
39 -19
40 -6
41 -51
42 -31
43 -26
44 -49
45 -44
46 -20
47 -26
48 -22
49 -12
50 -14
51 -27
52 -63
53 -29
54 -31
55 -28
56 -68
57 -29
58 -13
59 -37
60 -27
61 -28
62 -38
63 -37
64 -23
65 -25
66 -34
67 -62
68 -6
69 -41
70 -56
71 -43
72 -12
73 -6
74 -24
75 -25
76 -11
77 -17
78 -22
79 -29
80 -14
81 -13
82 -39
83 -9
84 -19
85 -11
86 -15
87 -29
88 -21
89 -15
90 -35
91 -56
92 -58
93 -42
94 -22
95 -10
96 -39
97 -29
98 -15
99 -28
100 -28
101 -37
102 -28
103 -10
104 -18
105 -17
106 -51
107 -7
108 -23
109 -13
110 -14
111 -32
112 -34
113 -43
114 -43
115 -15
116 -23
117 -38
118 -43
119 -28
120 -11
121 -9
122 -63
123 -25
124 -49
125 -10
126 -38
127 -10
128 -22
129 -29
130 -25
131 -34
132 -27
133 -62
134 -50
135 -33
136 -29
137 -74
138 -49
139 -58
140 -24
141 -31
142 -9
143 -43
144 -27
145 -8
146 -10
147 -8
148 -23
149 -43
150 -8
151 -65
152 -14
153 -28
154 -25
155 -29
156 -53
157 -42
158 -15
159 -18
160 -27
161 -16
162 -7
163 -59
164 -27
165 -19
166 -14
167 -22
168 -24
169 -21
170 -37
171 -7
172 -23
173 -34
174 -38
175 -29
176 -48
177 -36
178 -49
179 -20
180 -25
181 -15
182 -39
183 -51
184 -9
185 -28
186 -40
187 -13
188 -28
189 -13
190 -42
191 -63
192 -28
193 -21
194 -15
195 -46
196 -42
197 -36
198 -44
199 -16
200 -58
201 -17
202 -22
203 -21
204 -11
205 -9
206 -31
207 -28
208 -29
209 -12
210 -53
211 -17
212 -16
213 -56
214 -38
215 -45
216 -59
217 -40
218 -51
219 -45
220 -45
221 -42
222 -12
223 -28
224 -29
225 -12
226 -10
227 -42
228 -34
229 -35
230 -23
231 -16
232 -23
233 -46
234 -13
235 -6
236 -23
237 -22
238 -24
239 -21
240 -11
241 -18
242 -25
243 -30
244 -7
245 -15
246 -9
247 -20
248 -39
249 -47
250 -14
251 -58
252 -41
253 -27
254 -28
255 -37
256 -18
257 -8
258 -35
259 -13
260 -23
261 -50
262 -13
263 -28
264 -10
265 -42
266 -25
267 -8
268 -58
269 -34
270 -10
271 -30
272 -8
273 -23
274 -24
275 -8
276 -42
277 -34
278 -37
279 -18
280 -49
281 -55
282 -16
283 -19
284 -11
285 -41
286 -10
287 -8
288 -13
289 -8
290 -30
291 -42
292 -54
293 -18
294 -19
295 -26
296 -15
297 -16
298 -50
299 -9
300 -37
301 -7
302 -11
303 -32
304 -7
305 -12
306 -27
307 -8
308 -25
309 -12
310 -44
311 -43
312 -39
313 -24
314 -15
315 -11
316 -50
317 -47
318 -44
319 -7
320 -33
321 -14
322 -46
323 -28
324 -13
325 -47
326 -11
327 -29
328 -14
329 -10
330 -61
331 -43
332 -35
333 -24
334 -33
335 -51
336 -9
337 -56
338 -14
339 -24
340 -7
341 -22
342 -9
343 -18
344 -31
345 -25
346 -50
347 -30
348 -46
349 -30
350 -9
351 -27
352 -20
353 -10
354 -12
355 -20
356 -7
357 -55
358 -33
359 -10
360 -9
361 -30
362 -7
363 -14
364 -39
365 -9
366 -28
367 -7
368 -18
369 -10
370 -10
371 -68
372 -15
373 -11
374 -38
375 -37
376 -38
377 -6
378 -45
379 -7
380 -27
381 -42
382 -36
383 -38
384 -30
385 -59
386 -48
387 -15
388 -28
389 -16
390 -37
391 -38
392 -10
393 -57
394 -28
395 -39
396 -37
397 -28
398 -22
399 -18
400 -62
401 -28
402 -8
403 -26
404 -36
405 -26
406 -44
407 -39
408 -49
409 -43
410 -41
411 -22
412 -35
413 -36
414 -65
415 -23
416 -11
417 -59
418 -12
419 -12
420 -9
421 -39
422 -12
423 -16
424 -7
425 -25
426 -16
427 -54
428 -7
429 -41
430 -11
431 -19
432 -31
433 -39
434 -14
435 -19
436 -9
437 -50
438 -18
439 -46
440 -33
441 -33
442 -24
443 -7
444 -8
445 -25
446 -19
447 -7
448 -19
449 -21
450 -20
451 -32
452 -40
453 -36
454 -14
455 -9
456 -42
457 -7
458 -10
459 -39
460 -41
461 -53
462 -42
463 -52
464 -20
465 -34
466 -32
467 -31
468 -43
469 -13
470 -44
471 -24
472 -39
473 -42
474 -30
475 -6
476 -47
477 -15
478 -7
479 -28
480 -21
481 -10
482 -18
483 -24
484 -27
485 -11
486 -35
487 -15
488 -43
489 -36
490 -36
491 -37
492 -51
493 -45
494 -14
495 -53
496 -36
497 -27
498 -14
499 -37
500 -25
501 -49
502 -30
503 -36
504 -39
505 -45
506 -44
507 -36
508 -23
509 -6
510 -22
511 -30
512 -16
513 -50
514 -8
515 -43
516 -26
517 -11
518 -26
519 -53
520 -48
521 -13
522 -11
523 -8
524 -30
525 -11
526 -52
527 -57
528 -19
529 -58
530 -8
531 -26
532 -54
533 -43
534 -44
535 -31
536 -51
537 -10
538 -9
539 -27
540 -19
541 -32
542 -6
543 -10
544 -28
545 -28
546 -25
547 -12
548 -59
549 -63
550 -41
551 -52
552 -16
553 -7
554 -23
555 -13
556 -47
557 -24
558 -15
559 -6
560 -16
561 -11
562 -42
563 -44
564 -12
565 -10
566 -18
567 -35
568 -48
569 -17
570 -7
571 -46
572 -30
573 -14
574 -38
575 -43
576 -33
577 -9
578 -13
579 -18
580 -47
581 -33
582 -52
583 -6
584 -25
585 -19
586 -40
587 -37
588 -25
589 -39
590 -48
591 -18
592 -41
593 -48
594 -36
595 -47
596 -32
597 -52
598 -18
599 -22
600 -23
601 -30
602 -15
603 -39
604 -16
605 -58
606 -54
607 -23
608 -24
609 -8
610 -11
611 -23
612 -41
613 -47
614 -19
615 -7
616 -34
617 -40
618 -10
619 -26
620 -7
621 -38
622 -43
623 -23
624 -49
625 -41
626 -19
627 -6
628 -74
629 -18
630 -18
631 -36
632 -10
633 -36
634 -19
635 -32
636 -48
637 -22
638 -27
639 -30
640 -52
641 -13
642 -40
643 -15
644 -7
645 -49
646 -21
647 -23
648 -36
649 -16
650 -28
651 -25
652 -18
653 -35
654 -25
655 -7
656 -44
657 -32
658 -9
659 -32
660 -36
661 -36
662 -6
663 -36
664 -50
665 -18
666 -30
667 -27
668 -24
669 -34
670 -50
671 -72
672 -49
673 -58
674 -17
675 -14
676 -23
677 -37
678 -29
679 -20
680 -29
681 -50
682 -55
683 -30
684 -16
685 -43
686 -14
687 -33
688 -26
689 -14
690 -13
691 -16
692 -26
693 -28
694 -20
695 -23
696 -22
697 -28
698 -34
699 -7
700 -30
701 -52
702 -14
703 -28
704 -43
705 -29
706 -10
707 -25
708 -38
709 -9
710 -15
711 -13
712 -12
713 -24
714 -11
715 -29
716 -28
717 -38
718 -32
719 -87
720 -30
721 -47
722 -9
723 -35
724 -20
725 -25
726 -34
727 -8
728 -37
729 -36
730 -38
731 -42
732 -10
733 -47
734 -20
735 -49
736 -42
737 -27
738 -39
739 -54
740 -25
741 -7
742 -16
743 -35
744 -35
745 -38
746 -39
747 -34
748 -32
749 -39
750 -25
751 -12
752 -28
753 -23
754 -9
755 -25
756 -13
757 -15
758 -48
759 -22
760 -37
761 -22
762 -12
763 -19
764 -50
765 -27
766 -8
767 -39
768 -21
769 -33
770 -26
771 -10
772 -14
773 -37
774 -40
775 -35
776 -41
777 -33
778 -30
779 -15
780 -16
781 -16
782 -11
783 -31
784 -48
785 -60
786 -37
787 -42
788 -7
789 -10
790 -14
791 -32
792 -21
793 -18
794 -29
795 -43
796 -12
797 -17
798 -24
799 -28
800 -26
801 -28
802 -34
803 -20
804 -25
805 -55
806 -43
807 -17
808 -29
809 -30
810 -6
811 -58
812 -16
813 -28
814 -43
815 -15
816 -11
817 -19
818 -29
819 -39
820 -35
821 -34
822 -69
823 -30
824 -54
825 -20
826 -26
827 -58
828 -63
829 -25
830 -34
831 -24
832 -33
833 -23
834 -34
835 -43
836 -14
837 -43
838 -41
839 -39
840 -27
841 -58
842 -18
843 -43
844 -61
845 -11
846 -32
847 -25
848 -34
849 -16
850 -15
851 -22
852 -16
853 -6
854 -9
855 -18
856 -28
857 -25
858 -19
859 -32
860 -37
861 -28
862 -37
863 -22
864 -20
865 -9
866 -20
867 -24
868 -7
869 -18
870 -32
871 -52
872 -34
873 -14
874 -48
875 -17
876 -20
877 -38
878 -16
879 -26
880 -14
881 -30
882 -42
883 -9
884 -33
885 -15
886 -19
887 -45
888 -29
889 -10
890 -32
891 -39
892 -51
893 -9
894 -23
895 -24
896 -28
897 -37
898 -7
899 -33
900 -50
901 -7
902 -11
903 -11
904 -33
905 -16
906 -33
907 -29
908 -16
909 -37
910 -13
911 -33
912 -27
913 -31
914 -32
915 -50
916 -59
917 -7
918 -24
919 -47
920 -36
921 -24
922 -6
923 -9
924 -39
925 -33
926 -54
927 -17
928 -14
929 -41
930 -14
931 -22
932 -20
933 -38
934 -56
935 -39
936 -21
937 -26
938 -48
939 -47
940 -35
941 -15
942 -12
943 -55
944 -33
945 -35
946 -30
947 -35
948 -17
949 -27
950 -51
951 -31
952 -43
953 -39
954 -81
955 -16
956 -7
957 -39
958 -39
959 -20
960 -23
961 -39
962 -37
963 -47
964 -41
965 -37
966 -47
967 -33
968 -16
969 -24
970 -23
971 -28
972 -53
973 -20
974 -26
975 -59
976 -18
977 -30
978 -13
979 -21
980 -31
981 -34
982 -39
983 -52
984 -16
985 -42
986 -30
987 -51
988 -18
989 -14
990 -45
991 -19
992 -31
993 -28
994 -40
995 -7
996 -47
997 -24
998 -7
999 -9
