0 -11
1 -14
2 -6
3 -11
4 -6
5 -20
6 -13
7 -6
8 -13
9 -11
10 -11
11 -14
12 -6
13 -13
14 -14
15 -6
16 -6
17 -6
18 -8
19 -11
20 -13
21 -17
22 -14
23 -6
24 -13
25 -13
26 -13
27 -13
28 -13
29 -6
30 -6
31 -13
32 -11
33 -6
34 -11
35 -14
36 -6
37 -14
38 -13
39 -14
40 -13
41 -6
42 -6
43 -6
44 -13
45 -6
46 -11
47 -13
48 -14
49 -13
50 -13
51 -6
52 -13
53 -6
54 -6
55 -13
56 -6
57 -6
58 -11
59 -6
60 -6
61 -13
62 -6
63 -13
64 -11
65 -11
66 -13
67 -11
68 -6
69 -6
70 -14
71 -6
72 -6
73 -18
74 -6
75 -13
76 -13
77 -6
78 -13
79 -13
80 -6
81 -6
82 -9
83 -6
84 -13
85 -11
86 -13
87 -13
88 -13
89 -14
90 -6
91 -6
92 -6
93 -11
94 -6
95 -13
96 -6
97 -13
98 -10
99 -6
100 -6
101 -6
102 -6
103 -13
104 -6
105 -6
106 -6
107 -6
108 -6
109 -13
110 -11
111 -11
112 -14
113 -11
114 -15
115 -6
116 -6
117 -6
118 -6
119 -11
120 -13
121 -6
122 -11
123 -6
124 -13
125 -6
126 -14
127 -13
128 -6
129 -6
130 -11
131 -11
132 -6
133 -14
134 -14
135 -6
136 -11
137 -11
138 -11
139 -13
140 -14
141 -6
142 -11
143 -6
144 -13
145 -13
146 -6
147 -13
148 -6
149 -6
150 -6
151 -6
152 -6
153 -14
154 -13
155 -6
156 -6
157 -6
158 -6
159 -11
160 -35
161 -13
162 -13
163 -13
164 -13
165 -13
166 -13
167 -6
168 -6
169 -13
170 -6
171 -14
172 -13
173 -6
174 -14
175 -11
176 -13
177 -6
178 -13
179 -13
180 -13
181 -6
182 -13
183 -6
184 -13
185 -6
186 -13
187 -13
188 -13
189 -11
190 -13
191 -13
192 -6
193 -6
194 -6
195 -13
196 -13
197 -14
198 -6
199 -14
200 -13
201 -6
202 -13
203 -13
204 -6
205 -6
206 -6
207 -11
208 -6
209 -13
210 -14
211 -6
212 -11
213 -7
214 -11
215 -13
216 -11
217 -6
218 -13
219 -6
220 -6
221 -6
222 -14
223 -6
224 -11
225 -13
226 -6
227 -18
228 -13
229 -6
230 -13
231 -11
232 -6
233 -14
234 -14
235 -11
236 -14
237 -13
238 -13
239 -13
240 -6
241 -6
242 -11
243 -6
244 -14
245 -6
246 -13
247 -6
248 -11
249 -13
250 -6
251 -14
252 -6
253 -6
254 -6
255 -6
256 -13
257 -6
258 -13
259 -6
260 -14
261 -6
262 -13
263 -6
264 -13
265 -6
266 -13
267 -16
268 -13
269 -13
270 -11
271 -13
272 -6
273 -6
274 -16
275 -13
276 -13
277 -13
278 -6
279 -13
280 -11
281 -12
282 -6
283 -6
284 -6
285 -6
286 -6
287 -6
288 -6
289 -15
290 -8
291 -14
292 -14
293 -14
294 -11
295 -6
296 -11
297 -6
298 -6
299 -16
300 -13
301 -6
302 -13
303 -13
304 -14
305 -13
306 -17
307 -6
308 -6
309 -11
310 -6
311 -14
312 -6
313 -14
314 -11
315 -6
316 -39
317 -6
318 -14
319 -13
320 -8
321 -11
322 -13
323 -11
324 -6
325 -13
326 -13
327 -6
328 -11
329 -11
330 -13
331 -14
332 -11
333 -6
334 -11
335 -13
336 -11
337 -6
338 -13
339 -13
340 -13
341 -6
342 -6
343 -11
344 -11
345 -6
346 -13
347 -13
348 -6
349 -11
350 -6
351 -15
352 -14
353 -14
354 -6
355 -6
356 -6
357 -11
358 -13
359 -6
360 -6
361 -13
362 -6
363 -13
364 -6
365 -14
366 -6
367 -14
368 -6
369 -13
370 -6
371 -11
372 -17
373 -11
374 -6
375 -11
376 -14
377 -11
378 -11
379 -14
380 -6
381 -6
382 -12
383 -11
384 -13
385 -13
386 -6
387 -6
388 -6
389 -6
390 -13
391 -14
392 -6
393 -13
394 -6
395 -6
396 -6
397 -6
398 -13
399 -14
400 -6
401 -13
402 -6
403 -11
404 -10
405 -14
406 -6
407 -18
408 -6
409 -13
410 -13
411 -6
412 -6
413 -13
414 -6
415 -11
416 -14
417 -6
418 -6
419 -6
420 -6
421 -13
422 -6
423 -6
424 -11
425 -6
426 -11
427 -11
428 -11
429 -6
430 -6
431 -11
432 -6
433 -6
434 -13
435 -6
436 -6
437 -13
438 -11
439 -14
440 -14
441 -13
442 -6
443 -13
444 -11
445 -13
446 -11
447 -11
448 -13
449 -13
450 -6
451 -6
452 -13
453 -6
454 -6
455 -14
456 -6
457 -17
458 -6
459 -16
460 -13
461 -14
462 -13
463 -13
464 -6
465 -13
466 -13
467 -14
468 -13
469 -6
470 -6
471 -11
472 -13
473 -6
474 -13
475 -6
476 -14
477 -6
478 -14
479 -13
480 -6
481 -6
482 -13
483 -6
484 -14
485 -6
486 -13
487 -14
488 -13
489 -13
490 -13
491 -6
492 -14
493 -6
494 -6
495 -6
496 -6
497 -14
498 -11
499 -14
500 -6
501 -13
502 -6
503 -13
504 -13
505 -13
506 -13
507 -11
508 -13
509 -6
510 -13
511 -6
512 -11
513 -13
514 -11
515 -13
516 -14
517 -13
518 -11
519 -6
520 -6
521 -13
522 -6
523 -13
524 -13
525 -13
526 -14
527 -13
528 -6
529 -6
530 -6
531 -13
532 -6
533 -6
534 -13
535 -6
536 -13
537 -11
538 -13
539 -6
540 -13
541 -14
542 -11
543 -13
544 -6
545 -6
546 -6
547 -18
548 -13
549 -11
550 -6
551 -13
552 -11
553 -6
554 -13
555 -13
556 -11
557 -11
558 -17
559 -6
560 -13
561 -6
562 -13
563 -14
564 -11
565 -6
566 -13
567 -11
568 -11
569 -13
570 -13
571 -13
572 -11
573 -6
574 -14
575 -6
576 -14
577 -6
578 -13
579 -14
580 -6
581 -13
582 -11
583 -6
584 -6
585 -13
586 -13
587 -6
588 -6
589 -13
590 -18
591 -13
592 -6
593 -13
594 -13
595 -6
596 -6
597 -14
598 -13
599 -11
600 -6
601 -11
602 -6
603 -6
604 -14
605 -13
606 -13
607 -6
608 -6
609 -6
610 -6
611 -6
612 -6
613 -10
614 -6
615 -13
616 -6
617 -14
618 -6
619 -11
620 -6
621 -11
622 -6
623 -13
624 -6
625 -14
626 -13
627 -6
628 -11
629 -6
630 -6
631 -6
632 -14
633 -6
634 -6
635 -6
636 -11
637 -6
638 -6
639 -13
640 -6
641 -19
642 -6
643 -14
644 -11
645 -6
646 -14
647 -48
648 -11
649 -6
650 -11
651 -6
652 -6
653 -13
654 -13
655 -13
656 -13
657 -6
658 -13
659 -6
660 -6
661 -17
662 -13
663 -13
664 -13
665 -13
666 -40
667 -14
668 -13
669 -11
670 -6
671 -6
672 -11
673 -14
674 -14
675 -14
676 -14
677 -6
678 -6
679 -6
680 -14
681 -14
682 -6
683 -14
684 -14
685 -14
686 -6
687 -6
688 -14
689 -13
690 -11
691 -6
692 -6
693 -6
694 -6
695 -13
696 -6
697 -13
698 -6
699 -13
700 -11
701 -13
702 -10
703 -14
704 -6
705 -14
706 -6
707 -6
708 -6
709 -6
710 -15
711 -6
712 -11
713 -6
714 -6
715 -13
716 -6
717 -13
718 -13
719 -22
720 -6
721 -13
722 -6
723 -6
724 -13
725 -6
726 -12
727 -6
728 -14
729 -8
730 -13
731 -13
732 -14
733 -14
734 -13
735 -11
736 -18
737 -18
738 -6
739 -14
740 -13
741 -6
742 -13
743 -6
744 -14
745 -13
746 -13
747 -6
748 -13
749 -20
750 -14
751 -6
752 -14
753 -13
754 -11
755 -13
756 -11
757 -6
758 -14
759 -6
760 -6
761 -13
762 -13
763 -6
764 -6
765 -14
766 -6
767 -10
768 -13
769 -6
770 -13
771 -6
772 -14
773 -13
774 -18
775 -6
776 -6
777 -13
778 -6
779 -14
780 -13
781 -6
782 -6
783 -14
784 -11
785 -6
786 -13
787 -6
788 -6
789 -14
790 -13
791 -6
792 -13
793 -13
794 -13
795 -14
796 -6
797 -14
798 -15
799 -14
800 -11
801 -6
802 -13
803 -13
804 -11
805 -14
806 -13
807 -6
808 -6
809 -6
810 -11
811 -13
812 -6
813 -11
814 -6
815 -14
816 -13
817 -6
818 -6
819 -14
820 -13
821 -19
822 -13
823 -13
824 -6
825 -14
826 -11
827 -6
828 -13
829 -14
830 -14
831 -6
832 -6
833 -6
834 -13
835 -6
836 -6
837 -6
838 -13
839 -11
840 -14
841 -14
842 -6
843 -13
844 -13
845 -13
846 -13
847 -6
848 -11
849 -6
850 -13
851 -6
852 -13
853 -6
854 -14
855 -6
856 -6
857 -11
858 -11
859 -13
860 -6
861 -6
862 -13
863 -6
864 -13
865 -14
866 -13
867 -13
868 -13
869 -13
870 -13
871 -6
872 -13
873 -12
874 -6
875 -6
876 -6
877 -11
878 -6
879 -14
880 -6
881 -11
882 -14
883 -6
884 -6
885 -13
886 -13
887 -13
888 -6
889 -11
890 -6
891 -17
892 -11
893 -11
894 -6
895 -13
896 -6
897 -13
898 -13
899 -6
900 -6
901 -11
902 -14
903 -6
904 -13
905 -6
906 -13
907 -11
908 -13
909 -6
910 -11
911 -13
912 -13
913 -13
914 -11
915 -11
916 -6
917 -6
918 -13
919 -14
920 -13
921 -14
922 -6
923 -6
924 -11
925 -13
926 -6
927 -13
928 -13
929 -13
930 -6
931 -6
932 -6
933 -14
934 -6
935 -14
936 -6
937 -6
938 -13
939 -6
940 -14
941 -6
942 -6
943 -13
944 -10
945 -6
946 -11
947 -6
948 -13
949 -14
950 -6
951 -13
952 -11
953 -11
954 -6
955 -11
956 -13
957 -13
958 -14
959 -14
960 -11
961 -6
962 -11
963 -6
964 -6
965 -13
966 -14
967 -6
968 -13
969 -13
970 -14
971 -6
972 -6
973 -13
974 -13
975 -11
976 -11
977 -14
978 -11
979 -13
980 -14
981 -11
982 -6
983 -11
984 -13
985 -13
986 -6
987 -13
988 -6
989 -11
990 -13
991 -13
992 -13
993 -13
994 -6
995 -13
996 -13
997 -14
998 -13
999 -13
