0 -13
1 -6
2 -12
3 -6
4 -14
5 -13
6 -6
7 -8
8 -6
9 -13
10 -6
11 -8
12 -14
13 -8
14 -13
15 -8
16 -6
17 -6
18 -14
19 -14
20 -8
21 -6
22 -8
23 -6
24 -8
25 -6
26 -8
27 -13
28 -6
29 -13
30 -14
31 -14
32 -6
33 -6
34 -14
35 -13
36 -6
37 -6
38 -8
39 -58
40 -8
41 -6
42 -13
43 -6
44 -8
45 -6
46 -13
47 -14
48 -13
49 -13
50 -14
51 -13
52 -6
53 -6
54 -6
55 -6
56 -6
57 -14
58 -6
59 -13
60 -8
61 -8
62 -6
63 -14
64 -6
65 -6
66 -17
67 -14
68 -8
69 -6
70 -6
71 -13
72 -6
73 -8
74 -13
75 -14
76 -14
77 -6
78 -17
79 -13
80 -8
81 -6
82 -14
83 -6
84 -6
85 -18
86 -6
87 -8
88 -6
89 -14
90 -10
91 -8
92 -13
93 -14
94 -6
95 -14
96 -14
97 -6
98 -8
99 -6
100 -6
101 -13
102 -6
103 -8
104 -6
105 -6
106 -6
107 -13
108 -13
109 -13
110 -8
111 -14
112 -6
113 -13
114 -6
115 -9
116 -13
117 -6
118 -13
119 -6
120 -6
121 -8
122 -13
123 -13
124 -6
125 -6
126 -13
127 -6
128 -14
129 -14
130 -8
131 -6
132 -13
133 -13
134 -6
135 -8
136 -6
137 -6
138 -6
139 -6
140 -6
141 -13
142 -8
143 -6
144 -13
145 -14
146 -13
147 -13
148 -14
149 -53
150 -6
151 -6
152 -14
153 -13
154 -6
155 -13
156 -14
157 -6
158 -6
159 -8
160 -6
161 -6
162 -6
163 -8
164 -6
165 -8
166 -13
167 -14
168 -13
169 -6
170 -13
171 -13
172 -13
173 -6
174 -13
175 -13
176 -13
177 -13
178 -6
179 -14
180 -14
181 -6
182 -6
183 -6
184 -13
185 -13
186 -8
187 -6
188 -13
189 -13
190 -6
191 -6
192 -14
193 -8
194 -13
195 -8
196 -8
197 -13
198 -8
199 -6
200 -6
201 -6
202 -6
203 -14
204 -14
205 -14
206 -13
207 -6
208 -6
209 -6
210 -16
211 -8
212 -6
213 -6
214 -6
215 -6
216 -6
217 -15
218 -14
219 -6
220 -6
221 -14
222 -13
223 -6
224 -6
225 -6
226 -13
227 -8
228 -6
229 -6
230 -14
231 -8
232 -13
233 -13
234 -6
235 -6
236 -18
237 -13
238 -18
239 -8
240 -13
241 -6
242 -6
243 -6
244 -13
245 -6
246 -6
247 -14
248 -14
249 -8
250 -13
251 -6
252 -18
253 -13
254 -14
255 -6
256 -6
257 -14
258 -14
259 -6
260 -6
261 -14
262 -6
263 -6
264 -8
265 -6
266 -6
267 -6
268 -6
269 -6
270 -8
271 -14
272 -13
273 -13
274 -13
275 -6
276 -20
277 -8
278 -6
279 -13
280 -6
281 -13
282 -6
283 -14
284 -13
285 -6
286 -8
287 -6
288 -10
289 -14
290 -13
291 -6
292 -6
293 -13
294 -8
295 -13
296 -13
297 -6
298 -14
299 -6
300 -13
301 -13
302 -8
303 -13
304 -14
305 -14
306 -6
307 -8
308 -6
309 -6
310 -14
311 -13
312 -14
313 -13
314 -6
315 -13
316 -6
317 -8
318 -6
319 -6
320 -14
321 -6
322 -8
323 -6
324 -6
325 -18
326 -6
327 -8
328 -6
329 -14
330 -13
331 -6
332 -6
333 -13
334 -6
335 -13
336 -6
337 -8
338 -13
339 -14
340 -6
341 -8
342 -6
343 -14
344 -6
345 -8
346 -14
347 -13
348 -6
349 -14
350 -13
351 -6
352 -15
353 -6
354 -6
355 -6
356 -6
357 -6
358 -13
359 -13
360 -8
361 -14
362 -6
363 -13
364 -14
365 -13
366 -6
367 -13
368 -14
369 -6
370 -6
371 -13
372 -14
373 -8
374 -13
375 -14
376 -6
377 -14
378 -13
379 -14
380 -13
381 -13
382 -13
383 -13
384 -6
385 -6
386 -8
387 -14
388 -6
389 -14
390 -13
391 -6
392 -13
393 -6
394 -14
395 -13
396 -13
397 -8
398 -14
399 -6
400 -8
401 -13
402 -6
403 -6
404 -13
405 -14
406 -6
407 -13
408 -13
409 -8
410 -13
411 -6
412 -14
413 -6
414 -13
415 -48
416 -8
417 -14
418 -13
419 -8
420 -14
421 -6
422 -14
423 -13
424 -6
425 -14
426 -6
427 -14
428 -6
429 -13
430 -14
431 -14
432 -14
433 -8
434 -14
435 -8
436 -14
437 -14
438 -6
439 -6
440 -16
441 -8
442 -13
443 -6
444 -8
445 -6
446 -6
447 -6
448 -6
449 -6
450 -8
451 -6
452 -6
453 -13
454 -13
455 -14
456 -13
457 -6
458 -13
459 -9
460 -13
461 -6
462 -6
463 -14
464 -13
465 -14
466 -13
467 -50
468 -6
469 -6
470 -13
471 -13
472 -13
473 -6
474 -14
475 -8
476 -14
477 -6
478 -8
479 -6
480 -13
481 -6
482 -6
483 -6
484 -6
485 -6
486 -13
487 -6
488 -6
489 -13
490 -6
491 -6
492 -6
493 -8
494 -8
495 -8
496 -13
497 -6
498 -6
499 -14
500 -13
501 -13
502 -8
503 -14
504 -6
505 -13
506 -13
507 -8
508 -8
509 -6
510 -6
511 -6
512 -6
513 -6
514 -13
515 -6
516 -6
517 -6
518 -13
519 -6
520 -13
521 -13
522 -14
523 -6
524 -6
525 -13
526 -6
527 -13
528 -13
529 -14
530 -17
531 -13
532 -6
533 -14
534 -14
535 -13
536 -6
537 -13
538 -13
539 -6
540 -6
541 -13
542 -8
543 -14
544 -14
545 -13
546 -6
547 -14
548 -6
549 -14
550 -14
551 -6
552 -13
553 -6
554 -14
555 -6
556 -6
557 -13
558 -6
559 -8
560 -13
561 -14
562 -14
563 -8
564 -16
565 -13
566 -8
567 -6
568 -13
569 -6
570 -13
571 -6
572 -13
573 -14
574 -6
575 -14
576 -13
577 -6
578 -6
579 -6
580 -6
581 -14
582 -6
583 -8
584 -15
585 -8
586 -6
587 -6
588 -13
589 -8
590 -6
591 -14
592 -13
593 -13
594 -13
595 -6
596 -6
597 -6
598 -13
599 -14
600 -13
601 -6
602 -6
603 -6
604 -45
605 -13
606 -6
607 -6
608 -14
609 -13
610 -14
611 -13
612 -6
613 -6
614 -6
615 -6
616 -18
617 -13
618 -13
619 -13
620 -8
621 -6
622 -6
623 -14
624 -8
625 -13
626 -13
627 -13
628 -13
629 -6
630 -6
631 -13
632 -6
633 -6
634 -13
635 -6
636 -13
637 -14
638 -6
639 -6
640 -6
641 -6
642 -8
643 -6
644 -8
645 -14
646 -6
647 -6
648 -6
649 -13
650 -8
651 -6
652 -7
653 -6
654 -13
655 -6
656 -13
657 -6
658 -6
659 -6
660 -6
661 -6
662 -13
663 -13
664 -13
665 -13
666 -6
667 -6
668 -8
669 -6
670 -6
671 -13
672 -14
673 -13
674 -11
675 -6
676 -15
677 -8
678 -10
679 -14
680 -6
681 -6
682 -8
683 -13
684 -6
685 -6
686 -13
687 -14
688 -8
689 -6
690 -8
691 -20
692 -15
693 -6
694 -57
695 -6
696 -52
697 -14
698 -6
699 -18
700 -13
701 -6
702 -6
703 -13
704 -13
705 -13
706 -6
707 -6
708 -13
709 -13
710 -13
711 -13
712 -13
713 -8
714 -13
715 -13
716 -14
717 -6
718 -6
719 -8
720 -13
721 -6
722 -8
723 -7
724 -6
725 -13
726 -8
727 -6
728 -12
729 -6
730 -6
731 -6
732 -6
733 -13
734 -13
735 -13
736 -6
737 -6
738 -6
739 -6
740 -6
741 -13
742 -8
743 -8
744 -6
745 -8
746 -14
747 -13
748 -6
749 -6
750 -6
751 -13
752 -13
753 -6
754 -6
755 -6
756 -6
757 -8
758 -6
759 -8
760 -13
761 -6
762 -8
763 -6
764 -13
765 -13
766 -6
767 -8
768 -6
769 -6
770 -13
771 -6
772 -8
773 -6
774 -6
775 -13
776 -13
777 -6
778 -6
779 -8
780 -13
781 -13
782 -6
783 -19
784 -13
785 -8
786 -6
787 -8
788 -13
789 -14
790 -6
791 -6
792 -13
793 -13
794 -10
795 -6
796 -13
797 -14
798 -23
799 -6
800 -22
801 -8
802 -13
803 -6
804 -8
805 -13
806 -6
807 -13
808 -8
809 -6
810 -8
811 -13
812 -13
813 -14
814 -13
815 -14
816 -6
817 -13
818 -13
819 -14
820 -13
821 -8
822 -6
823 -6
824 -6
825 -13
826 -8
827 -7
828 -6
829 -13
830 -13
831 -13
832 -6
833 -13
834 -14
835 -13
836 -13
837 -6
838 -6
839 -6
840 -8
841 -6
842 -13
843 -14
844 -6
845 -13
846 -14
847 -14
848 -13
849 -13
850 -6
851 -14
852 -7
853 -13
854 -6
855 -6
856 -14
857 -13
858 -8
859 -6
860 -8
861 -14
862 -6
863 -6
864 -8
865 -6
866 -13
867 -8
868 -13
869 -13
870 -14
871 -14
872 -8
873 -14
874 -13
875 -6
876 -6
877 -14
878 -6
879 -6
880 -13
881 -6
882 -6
883 -6
884 -14
885 -14
886 -6
887 -23
888 -13
889 -6
890 -13
891 -13
892 -13
893 -14
894 -6
895 -6
896 -13
897 -6
898 -6
899 -6
900 -14
901 -6
902 -6
903 -13
904 -14
905 -6
906 -6
907 -8
908 -13
909 -6
910 -13
911 -14
912 -6
913 -14
914 -6
915 -13
916 -6
917 -6
918 -6
919 -14
920 -6
921 -6
922 -6
923 -13
924 -13
925 -6
926 -14
927 -13
928 -6
929 -45
930 -6
931 -13
932 -6
933 -14
934 -6
935 -8
936 -6
937 -13
938 -13
939 -6
940 -13
941 -13
942 -13
943 -12
944 -13
945 -44
946 -14
947 -8
948 -8
949 -6
950 -14
951 -13
952 -8
953 -8
954 -6
955 -7
956 -13
957 -13
958 -13
959 -8
960 -6
961 -8
962 -8
963 -13
964 -14
965 -6
966 -6
967 -6
968 -13
969 -14
970 -13
971 -14
972 -6
973 -6
974 -6
975 -13
976 -6
977 -14
978 -6
979 -18
980 -14
981 -6
982 -13
983 -6
984 -8
985 -6
986 -16
987 -13
988 -6
989 -13
990 -14
991 -13
992 -6
993 -39
994 -13
995 -6
996 -6
997 -14
998 -8
999 -6
