0 -6
1 -14
2 -8
3 -8
4 -6
5 -14
6 -8
7 -13
8 -8
9 -13
10 -14
11 -6
12 -6
13 -6
14 -13
15 -6
16 -8
17 -7
18 -6
19 -6
20 -13
21 -13
22 -14
23 -17
24 -18
25 -13
26 -7
27 -6
28 -8
29 -6
30 -8
31 -8
32 -6
33 -13
34 -6
35 -6
36 -6
37 -7
38 -14
39 -13
40 -13
41 -13
42 -7
43 -6
44 -8
45 -13
46 -7
47 -6
48 -6
49 -13
50 -6
51 -6
52 -6
53 -6
54 -6
55 -13
56 -6
57 -13
58 -13
59 -13
60 -7
61 -6
62 -7
63 -6
64 -8
65 -13
66 -7
67 -6
68 -14
69 -14
70 -13
71 -13
72 -7
73 -6
74 -13
75 -8
76 -13
77 -7
78 -8
79 -6
80 -6
81 -13
82 -7
83 -13
84 -8
85 -14
86 -14
87 -13
88 -6
89 -8
90 -8
91 -13
92 -7
93 -7
94 -8
95 -6
96 -7
97 -6
98 -6
99 -6
100 -17
101 -7
102 -8
103 -8
104 -6
105 -13
106 -13
107 -6
108 -14
109 -7
110 -26
111 -7
112 -13
113 -6
114 -6
115 -7
116 -8
117 -13
118 -15
119 -8
120 -14
121 -8
122 -8
123 -13
124 -13
125 -13
126 -8
127 -7
128 -6
129 -14
130 -8
131 -6
132 -13
133 -13
134 -14
135 -13
136 -8
137 -13
138 -14
139 -7
140 -6
141 -14
142 -6
143 -14
144 -14
145 -14
146 -13
147 -13
148 -7
149 -14
150 -13
151 -7
152 -13
153 -8
154 -14
155 -14
156 -6
157 -8
158 -7
159 -8
160 -8
161 -6
162 -7
163 -7
164 -13
165 -13
166 -14
167 -14
168 -6
169 -13
170 -13
171 -8
172 -6
173 -13
174 -13
175 -13
176 -14
177 -8
178 -6
179 -8
180 -14
181 -13
182 -6
183 -6
184 -8
185 -14
186 -13
187 -7
188 -13
189 -8
190 -6
191 -8
192 -6
193 -8
194 -14
195 -14
196 -7
197 -13
198 -14
199 -13
200 -6
201 -10
202 -6
203 -8
204 -8
205 -6
206 -13
207 -6
208 -12
209 -7
210 -14
211 -14
212 -13
213 -15
214 -6
215 -14
216 -6
217 -14
218 -6
219 -8
220 -6
221 -6
222 -7
223 -6
224 -7
225 -13
226 -7
227 -14
228 -7
229 -6
230 -14
231 -13
232 -13
233 -6
234 -13
235 -13
236 -14
237 -8
238 -8
239 -8
240 -7
241 -6
242 -14
243 -8
244 -7
245 -8
246 -13
247 -7
248 -13
249 -6
250 -6
251 -6
252 -13
253 -6
254 -6
255 -14
256 -13
257 -8
258 -8
259 -14
260 -8
261 -7
262 -8
263 -14
264 -6
265 -13
266 -6
267 -14
268 -7
269 -8
270 -6
271 -14
272 -8
273 -6
274 -6
275 -14
276 -6
277 -6
278 -14
279 -8
280 -14
281 -6
282 -6
283 -7
284 -8
285 -6
286 -13
287 -6
288 -13
289 -14
290 -14
291 -7
292 -13
293 -13
294 -6
295 -14
296 -13
297 -14
298 -13
299 -8
300 -14
301 -13
302 -8
303 -14
304 -6
305 -13
306 -13
307 -6
308 -6
309 -10
310 -6
311 -6
312 -13
313 -14
314 -13
315 -8
316 -13
317 -8
318 -8
319 -6
320 -7
321 -7
322 -13
323 -13
324 -18
325 -6
326 -7
327 -6
328 -7
329 -6
330 -8
331 -7
332 -13
333 -6
334 -19
335 -8
336 -8
337 -13
338 -13
339 -6
340 -13
341 -49
342 -7
343 -15
344 -6
345 -14
346 -7
347 -6
348 -13
349 -7
350 -14
351 -6
352 -6
353 -6
354 -8
355 -7
356 -13
357 -6
358 -13
359 -13
360 -6
361 -8
362 -6
363 -8
364 -7
365 -13
366 -13
367 -7
368 -13
369 -8
370 -6
371 -14
372 -8
373 -8
374 -13
375 -14
376 -7
377 -8
378 -6
379 -8
380 -8
381 -6
382 -13
383 -7
384 -14
385 -13
386 -14
387 -6
388 -8
389 -7
390 -6
391 -7
392 -13
393 -8
394 -7
395 -24
396 -13
397 -30
398 -7
399 -6
400 -6
401 -6
402 -6
403 -8
404 -13
405 -13
406 -11
407 -14
408 -6
409 -8
410 -6
411 -16
412 -13
413 -7
414 -13
415 -14
416 -13
417 -6
418 -13
419 -14
420 -8
421 -14
422 -8
423 -8
424 -8
425 -7
426 -14
427 -6
428 -6
429 -13
430 -14
431 -14
432 -6
433 -13
434 -13
435 -7
436 -8
437 -13
438 -6
439 -13
440 -8
441 -7
442 -14
443 -7
444 -6
445 -8
446 -6
447 -13
448 -8
449 -7
450 -6
451 -8
452 -6
453 -8
454 -6
455 -13
456 -9
457 -14
458 -6
459 -13
460 -8
461 -6
462 -7
463 -13
464 -6
465 -6
466 -11
467 -7
468 -7
469 -6
470 -12
471 -15
472 -6
473 -6
474 -7
475 -7
476 -13
477 -15
478 -13
479 -6
480 -8
481 -6
482 -8
483 -7
484 -13
485 -7
486 -6
487 -13
488 -6
489 -14
490 -6
491 -13
492 -14
493 -8
494 -7
495 -13
496 -8
497 -6
498 -13
499 -8
500 -8
501 -8
502 -7
503 -14
504 -13
505 -14
506 -6
507 -7
508 -14
509 -7
510 -6
511 -13
512 -13
513 -8
514 -9
515 -13
516 -6
517 -13
518 -6
519 -14
520 -8
521 -13
522 -7
523 -13
524 -8
525 -6
526 -14
527 -6
528 -8
529 -6
530 -7
531 -6
532 -8
533 -7
534 -6
535 -7
536 -13
537 -7
538 -13
539 -8
540 -7
541 -6
542 -8
543 -8
544 -13
545 -6
546 -13
547 -14
548 -6
549 -7
550 -13
551 -6
552 -13
553 -13
554 -13
555 -14
556 -6
557 -6
558 -8
559 -7
560 -8
561 -7
562 -6
563 -6
564 -6
565 -8
566 -14
567 -7
568 -8
569 -7
570 -13
571 -13
572 -14
573 -13
574 -8
575 -13
576 -13
577 -8
578 -13
579 -6
580 -8
581 -13
582 -14
583 -13
584 -8
585 -6
586 -6
587 -13
588 -13
589 -13
590 -6
591 -13
592 -14
593 -6
594 -6
595 -8
596 -6
597 -8
598 -13
599 -6
600 -13
601 -8
602 -7
603 -7
604 -8
605 -14
606 -13
607 -13
608 -14
609 -8
610 -6
611 -6
612 -6
613 -8
614 -9
615 -6
616 -6
617 -8
618 -7
619 -7
620 -13
621 -6
622 -7
623 -7
624 -13
625 -7
626 -6
627 -13
628 -13
629 -6
630 -7
631 -13
632 -8
633 -7
634 -6
635 -8
636 -6
637 -13
638 -6
639 -13
640 -13
641 -6
642 -7
643 -13
644 -8
645 -18
646 -6
647 -6
648 -7
649 -14
650 -8
651 -14
652 -6
653 -7
654 -8
655 -13
656 -13
657 -13
658 -14
659 -13
660 -7
661 -6
662 -6
663 -7
664 -13
665 -6
666 -13
667 -13
668 -8
669 -6
670 -8
671 -13
672 -13
673 -14
674 -6
675 -6
676 -8
677 -13
678 -15
679 -13
680 -6
681 -13
682 -6
683 -13
684 -6
685 -6
686 -13
687 -6
688 -14
689 -13
690 -14
691 -13
692 -14
693 -14
694 -6
695 -8
696 -13
697 -8
698 -14
699 -6
700 -8
701 -14
702 -6
703 -6
704 -13
705 -6
706 -6
707 -13
708 -8
709 -13
710 -13
711 -16
712 -7
713 -14
714 -13
715 -17
716 -6
717 -6
718 -7
719 -13
720 -6
721 -13
722 -7
723 -7
724 -6
725 -6
726 -7
727 -7
728 -6
729 -14
730 -8
731 -13
732 -14
733 -6
734 -6
735 -6
736 -13
737 -7
738 -8
739 -6
740 -6
741 -8
742 -8
743 -6
744 -7
745 -14
746 -6
747 -13
748 -6
749 -8
750 -13
751 -13
752 -14
753 -7
754 -13
755 -14
756 -6
757 -8
758 -6
759 -13
760 -13
761 -7
762 -13
763 -6
764 -6
765 -13
766 -6
767 -13
768 -7
769 -13
770 -13
771 -6
772 -6
773 -13
774 -7
775 -6
776 -13
777 -8
778 -6
779 -6
780 -6
781 -14
782 -6
783 -8
784 -14
785 -14
786 -13
787 -13
788 -13
789 -7
790 -6
791 -13
792 -8
793 -13
794 -8
795 -7
796 -8
797 -14
798 -13
799 -13
800 -6
801 -14
802 -14
803 -6
804 -7
805 -7
806 -18
807 -14
808 -7
809 -6
810 -13
811 -6
812 -7
813 -7
814 -7
815 -6
816 -13
817 -13
818 -8
819 -7
820 -14
821 -13
822 -6
823 -13
824 -7
825 -14
826 -6
827 -7
828 -8
829 -13
830 -13
831 -6
832 -13
833 -13
834 -8
835 -8
836 -8
837 -8
838 -13
839 -14
840 -7
841 -6
842 -6
843 -6
844 -6
845 -6
846 -14
847 -7
848 -13
849 -14
850 -6
851 -7
852 -12
853 -14
854 -6
855 -8
856 -13
857 -13
858 -13
859 -13
860 -6
861 -8
862 -13
863 -6
864 -8
865 -6
866 -14
867 -7
868 -13
869 -6
870 -14
871 -14
872 -22
873 -8
874 -8
875 -6
876 -14
877 -6
878 -8
879 -8
880 -13
881 -13
882 -13
883 -8
884 -13
885 -8
886 -6
887 -13
888 -12
889 -18
890 -13
891 -6
892 -6
893 -7
894 -6
895 -6
896 -7
897 -6
898 -8
899 -6
900 -6
901 -13
902 -14
903 -13
904 -8
905 -25
906 -7
907 -6
908 -8
909 -7
910 -13
911 -6
912 -8
913 -8
914 -13
915 -13
916 -6
917 -13
918 -14
919 -7
920 -6
921 -14
922 -8
923 -13
924 -6
925 -13
926 -14
927 -13
928 -8
929 -8
930 -7
931 -7
932 -6
933 -6
934 -6
935 -17
936 -14
937 -8
938 -7
939 -7
940 -13
941 -6
942 -6
943 -14
944 -6
945 -6
946 -8
947 -18
948 -13
949 -13
950 -7
951 -6
952 -6
953 -6
954 -14
955 -6
956 -7
957 -10
958 -13
959 -7
960 -6
961 -8
962 -6
963 -13
964 -14
965 -8
966 -6
967 -7
968 -13
969 -15
970 -13
971 -7
972 -8
973 -14
974 -7
975 -13
976 -6
977 -18
978 -13
979 -14
980 -7
981 -13
982 -18
983 -8
984 -8
985 -13
986 -6
987 -13
988 -6
989 -6
990 -7
991 -6
992 -15
993 -6
994 -6
995 -14
996 -6
997 -12
998 -13
999 -6
