0 -8
1 -14
2 -6
3 -8
4 -14
5 -13
6 -8
7 -13
8 -8
9 -8
10 -8
11 -13
12 -13
13 -13
14 -13
15 -14
16 -8
17 -13
18 -13
19 -8
20 -8
21 -6
22 -14
23 -6
24 -8
25 -13
26 -14
27 -6
28 -13
29 -8
30 -13
31 -6
32 -13
33 -14
34 -6
35 -14
36 -13
37 -14
38 -15
39 -6
40 -6
41 -6
42 -8
43 -6
44 -8
45 -14
46 -14
47 -13
48 -6
49 -13
50 -14
51 -14
52 -14
53 -6
54 -12
55 -6
56 -13
57 -13
58 -8
59 -13
60 -6
61 -15
62 -8
63 -18
64 -6
65 -13
66 -8
67 -8
68 -8
69 -14
70 -6
71 -8
72 -8
73 -13
74 -8
75 -8
76 -6
77 -6
78 -8
79 -13
80 -13
81 -13
82 -14
83 -8
84 -6
85 -6
86 -13
87 -6
88 -6
89 -6
90 -15
91 -6
92 -6
93 -13
94 -6
95 -6
96 -8
97 -8
98 -18
99 -6
100 -8
101 -8
102 -14
103 -9
104 -6
105 -26
106 -6
107 -6
108 -8
109 -13
110 -6
111 -14
112 -6
113 -8
114 -26
115 -6
116 -8
117 -14
118 -14
119 -6
120 -13
121 -6
122 -13
123 -6
124 -14
125 -13
126 -6
127 -8
128 -13
129 -6
130 -14
131 -6
132 -13
133 -14
134 -13
135 -6
136 -6
137 -6
138 -6
139 -14
140 -13
141 -8
142 -13
143 -14
144 -14
145 -8
146 -14
147 -8
148 -13
149 -8
150 -13
151 -8
152 -13
153 -6
154 -6
155 -14
156 -7
157 -14
158 -6
159 -13
160 -13
161 -14
162 -13
163 -8
164 -6
165 -8
166 -13
167 -14
168 -6
169 -8
170 -13
171 -13
172 -6
173 -6
174 -8
175 -8
176 -8
177 -13
178 -13
179 -8
180 -8
181 -8
182 -13
183 -13
184 -6
185 -13
186 -8
187 -13
188 -13
189 -13
190 -6
191 -13
192 -13
193 -10
194 -14
195 -8
196 -8
197 -13
198 -14
199 -6
200 -6
201 -8
202 -13
203 -13
204 -13
205 -6
206 -6
207 -14
208 -13
209 -6
210 -6
211 -14
212 -8
213 -13
214 -14
215 -13
216 -6
217 -8
218 -13
219 -14
220 -13
221 -6
222 -8
223 -13
224 -14
225 -13
226 -13
227 -8
228 -6
229 -14
230 -14
231 -8
232 -6
233 -8
234 -14
235 -32
236 -13
237 -13
238 -6
239 -6
240 -8
241 -6
242 -14
243 -6
244 -13
245 -8
246 -14
247 -13
248 -6
249 -8
250 -13
251 -6
252 -14
253 -45
254 -13
255 -13
256 -13
257 -8
258 -13
259 -6
260 -6
261 -14
262 -14
263 -8
264 -8
265 -18
266 -6
267 -13
268 -8
269 -14
270 -13
271 -6
272 -14
273 -8
274 -8
275 -8
276 -13
277 -13
278 -8
279 -8
280 -6
281 -13
282 -14
283 -8
284 -8
285 -14
286 -6
287 -6
288 -10
289 -13
290 -13
291 -13
292 -8
293 -8
294 -6
295 -13
296 -14
297 -8
298 -6
299 -13
300 -8
301 -14
302 -6
303 -6
304 -6
305 -10
306 -8
307 -13
308 -13
309 -6
310 -16
311 -14
312 -6
313 -8
314 -13
315 -13
316 -13
317 -8
318 -13
319 -8
320 -6
321 -14
322 -8
323 -6
324 -8
325 -13
326 -6
327 -8
328 -8
329 -13
330 -8
331 -8
332 -6
333 -13
334 -6
335 -8
336 -6
337 -14
338 -6
339 -13
340 -6
341 -13
342 -6
343 -14
344 -6
345 -6
346 -13
347 -13
348 -8
349 -13
350 -13
351 -13
352 -6
353 -13
354 -14
355 -13
356 -8
357 -8
358 -8
359 -13
360 -13
361 -14
362 -13
363 -13
364 -6
365 -13
366 -8
367 -13
368 -12
369 -13
370 -6
371 -6
372 -8
373 -14
374 -14
375 -8
376 -13
377 -13
378 -6
379 -8
380 -8
381 -13
382 -6
383 -6
384 -8
385 -12
386 -8
387 -8
388 -8
389 -6
390 -13
391 -13
392 -13
393 -8
394 -13
395 -13
396 -14
397 -13
398 -8
399 -8
400 -8
401 -8
402 -8
403 -13
404 -13
405 -8
406 -6
407 -8
408 -6
409 -8
410 -6
411 -8
412 -13
413 -13
414 -6
415 -13
416 -13
417 -14
418 -8
419 -6
420 -6
421 -6
422 -8
423 -8
424 -8
425 -6
426 -8
427 -6
428 -14
429 -13
430 -14
431 -13
432 -13
433 -6
434 -8
435 -10
436 -13
437 -13
438 -10
439 -8
440 -8
441 -8
442 -14
443 -6
444 -13
445 -6
446 -14
447 -6
448 -6
449 -14
450 -13
451 -6
452 -8
453 -15
454 -13
455 -13
456 -14
457 -13
458 -8
459 -13
460 -13
461 -8
462 -6
463 -6
464 -8
465 -13
466 -8
467 -14
468 -13
469 -13
470 -6
471 -8
472 -13
473 -13
474 -15
475 -6
476 -14
477 -14
478 -6
479 -13
480 -13
481 -6
482 -6
483 -8
484 -6
485 -6
486 -6
487 -6
488 -6
489 -6
490 -8
491 -43
492 -13
493 -6
494 -6
495 -8
496 -14
497 -8
498 -8
499 -6
500 -8
501 -14
502 -15
503 -8
504 -14
505 -13
506 -13
507 -8
508 -6
509 -6
510 -8
511 -14
512 -14
513 -13
514 -12
515 -13
516 -14
517 -6
518 -6
519 -13
520 -6
521 -8
522 -14
523 -8
524 -8
525 -14
526 -8
527 -8
528 -8
529 -6
530 -7
531 -13
532 -8
533 -13
534 -8
535 -13
536 -6
537 -6
538 -8
539 -14
540 -6
541 -14
542 -6
543 -13
544 -6
545 -8
546 -14
547 -6
548 -6
549 -14
550 -6
551 -6
552 -6
553 -14
554 -8
555 -8
556 -6
557 -8
558 -8
559 -8
560 -8
561 -13
562 -8
563 -8
564 -13
565 -6
566 -6
567 -8
568 -6
569 -8
570 -14
571 -6
572 -21
573 -6
574 -8
575 -13
576 -6
577 -13
578 -6
579 -6
580 -6
581 -6
582 -6
583 -6
584 -8
585 -14
586 -6
587 -8
588 -8
589 -8
590 -6
591 -6
592 -13
593 -8
594 -14
595 -14
596 -6
597 -13
598 -8
599 -6
600 -6
601 -8
602 -6
603 -6
604 -14
605 -14
606 -6
607 -6
608 -13
609 -6
610 -14
611 -8
612 -8
613 -13
614 -8
615 -13
616 -14
617 -13
618 -6
619 -13
620 -13
621 -6
622 -6
623 -13
624 -6
625 -6
626 -6
627 -13
628 -14
629 -8
630 -13
631 -14
632 -13
633 -6
634 -8
635 -6
636 -13
637 -8
638 -13
639 -6
640 -6
641 -6
642 -14
643 -13
644 -6
645 -8
646 -8
647 -14
648 -13
649 -13
650 -20
651 -8
652 -8
653 -8
654 -8
655 -6
656 -8
657 -8
658 -6
659 -8
660 -14
661 -14
662 -8
663 -17
664 -6
665 -13
666 -13
667 -6
668 -13
669 -8
670 -13
671 -13
672 -13
673 -13
674 -14
675 -13
676 -6
677 -6
678 -14
679 -6
680 -13
681 -14
682 -14
683 -13
684 -14
685 -6
686 -35
687 -6
688 -13
689 -13
690 -6
691 -14
692 -18
693 -13
694 -14
695 -6
696 -11
697 -17
698 -8
699 -13
700 -14
701 -14
702 -14
703 -13
704 -13
705 -13
706 -8
707 -8
708 -15
709 -6
710 -6
711 -8
712 -6
713 -8
714 -6
715 -13
716 -6
717 -6
718 -13
719 -13
720 -13
721 -6
722 -6
723 -8
724 -6
725 -8
726 -8
727 -14
728 -14
729 -6
730 -13
731 -8
732 -8
733 -6
734 -6
735 -13
736 -14
737 -13
738 -8
739 -6
740 -8
741 -6
742 -6
743 -13
744 -14
745 -13
746 -13
747 -13
748 -43
749 -13
750 -8
751 -6
752 -13
753 -13
754 -13
755 -8
756 -8
757 -6
758 -8
759 -6
760 -14
761 -16
762 -6
763 -8
764 -13
765 -8
766 -8
767 -15
768 -8
769 -8
770 -13
771 -6
772 -14
773 -14
774 -8
775 -8
776 -6
777 -6
778 -6
779 -8
780 -13
781 -13
782 -14
783 -13
784 -13
785 -8
786 -8
787 -6
788 -14
789 -13
790 -13
791 -13
792 -14
793 -14
794 -14
795 -6
796 -13
797 -14
798 -6
799 -6
800 -8
801 -13
802 -14
803 -26
804 -6
805 -8
806 -13
807 -14
808 -13
809 -6
810 -13
811 -13
812 -13
813 -8
814 -13
815 -17
816 -6
817 -8
818 -6
819 -14
820 -13
821 -8
822 -8
823 -6
824 -6
825 -6
826 -8
827 -8
828 -8
829 -6
830 -13
831 -13
832 -13
833 -14
834 -14
835 -14
836 -13
837 -8
838 -6
839 -14
840 -6
841 -14
842 -8
843 -6
844 -6
845 -14
846 -8
847 -8
848 -8
849 -8
850 -8
851 -6
852 -6
853 -13
854 -13
855 -13
856 -13
857 -8
858 -13
859 -14
860 -7
861 -6
862 -8
863 -13
864 -6
865 -6
866 -13
867 -8
868 -8
869 -13
870 -14
871 -8
872 -6
873 -8
874 -13
875 -6
876 -14
877 -7
878 -6
879 -8
880 -13
881 -6
882 -8
883 -19
884 -13
885 -6
886 -8
887 -13
888 -14
889 -13
890 -13
891 -8
892 -6
893 -8
894 -8
895 -14
896 -8
897 -6
898 -6
899 -6
900 -8
901 -16
902 -6
903 -13
904 -8
905 -8
906 -13
907 -8
908 -17
909 -14
910 -8
911 -12
912 -18
913 -6
914 -6
915 -6
916 -6
917 -15
918 -8
919 -6
920 -14
921 -13
922 -14
923 -6
924 -13
925 -8
926 -13
927 -6
928 -6
929 -8
930 -8
931 -13
932 -6
933 -6
934 -8
935 -8
936 -6
937 -13
938 -8
939 -8
940 -14
941 -8
942 -13
943 -13
944 -6
945 -8
946 -8
947 -8
948 -8
949 -6
950 -8
951 -6
952 -14
953 -14
954 -6
955 -6
956 -14
957 -6
958 -6
959 -13
960 -13
961 -13
962 -13
963 -13
964 -8
965 -14
966 -6
967 -44
968 -8
969 -8
970 -8
971 -6
972 -8
973 -13
974 -13
975 -8
976 -13
977 -6
978 -8
979 -14
980 -6
981 -8
982 -6
983 -8
984 -6
985 -6
986 -13
987 -14
988 -8
989 -8
990 -14
991 -6
992 -8
993 -13
994 -14
995 -13
996 -8
997 -13
998 -6
999 -13
