0 -8
1 -6
2 -8
3 -14
4 -8
5 -6
6 -13
7 -6
8 -10
9 -14
10 -8
11 -14
12 -8
13 -14
14 -6
15 -14
16 -6
17 -13
18 -8
19 -8
20 -13
21 -6
22 -13
23 -13
24 -6
25 -6
26 -13
27 -8
28 -13
29 -8
30 -14
31 -14
32 -6
33 -8
34 -8
35 -8
36 -13
37 -17
38 -13
39 -8
40 -8
41 -13
42 -13
43 -8
44 -12
45 -13
46 -13
47 -6
48 -8
49 -6
50 -8
51 -8
52 -14
53 -8
54 -17
55 -6
56 -6
57 -6
58 -14
59 -13
60 -40
61 -14
62 -13
63 -8
64 -14
65 -6
66 -6
67 -6
68 -13
69 -8
70 -13
71 -6
72 -13
73 -6
74 -6
75 -13
76 -8
77 -14
78 -8
79 -13
80 -6
81 -8
82 -13
83 -13
84 -6
85 -14
86 -13
87 -6
88 -6
89 -8
90 -13
91 -8
92 -8
93 -6
94 -13
95 -8
96 -13
97 -8
98 -8
99 -14
100 -8
101 -8
102 -6
103 -13
104 -6
105 -8
106 -6
107 -14
108 -6
109 -13
110 -8
111 -8
112 -6
113 -8
114 -6
115 -13
116 -13
117 -8
118 -14
119 -8
120 -14
121 -13
122 -8
123 -6
124 -14
125 -8
126 -8
127 -11
128 -8
129 -6
130 -6
131 -8
132 -6
133 -8
134 -14
135 -13
136 -6
137 -13
138 -14
139 -14
140 -14
141 -8
142 -8
143 -19
144 -6
145 -6
146 -6
147 -14
148 -14
149 -6
150 -8
151 -13
152 -13
153 -6
154 -8
155 -8
156 -8
157 -14
158 -8
159 -14
160 -8
161 -13
162 -13
163 -13
164 -14
165 -6
166 -13
167 -14
168 -6
169 -6
170 -14
171 -6
172 -8
173 -13
174 -8
175 -13
176 -13
177 -6
178 -13
179 -13
180 -13
181 -8
182 -8
183 -8
184 -6
185 -14
186 -6
187 -14
188 -6
189 -13
190 -13
191 -6
192 -14
193 -8
194 -6
195 -13
196 -13
197 -8
198 -6
199 -6
200 -8
201 -6
202 -14
203 -8
204 -13
205 -13
206 -14
207 -6
208 -6
209 -13
210 -8
211 -13
212 -13
213 -8
214 -8
215 -6
216 -6
217 -14
218 -13
219 -8
220 -13
221 -6
222 -13
223 -8
224 -6
225 -6
226 -6
227 -8
228 -8
229 -6
230 -8
231 -6
232 -6
233 -8
234 -13
235 -13
236 -6
237 -8
238 -6
239 -8
240 -13
241 -6
242 -13
243 -19
244 -8
245 -8
246 -14
247 -8
248 -8
249 -13
250 -14
251 -6
252 -6
253 -13
254 -14
255 -13
256 -14
257 -8
258 -8
259 -13
260 -8
261 -8
262 -6
263 -13
264 -13
265 -6
266 -13
267 -14
268 -14
269 -8
270 -8
271 -14
272 -13
273 -13
274 -6
275 -6
276 -13
277 -6
278 -13
279 -13
280 -6
281 -13
282 -13
283 -6
284 -13
285 -6
286 -8
287 -13
288 -14
289 -6
290 -11
291 -13
292 -8
293 -14
294 -14
295 -13
296 -6
297 -13
298 -13
299 -13
300 -6
301 -8
302 -6
303 -8
304 -14
305 -6
306 -13
307 -13
308 -13
309 -13
310 -13
311 -8
312 -13
313 -8
314 -14
315 -8
316 -6
317 -13
318 -8
319 -8
320 -6
321 -13
322 -13
323 -6
324 -8
325 -14
326 -8
327 -14
328 -14
329 -13
330 -6
331 -6
332 -13
333 -6
334 -13
335 -14
336 -13
337 -6
338 -6
339 -13
340 -13
341 -13
342 -6
343 -8
344 -13
345 -6
346 -13
347 -8
348 -14
349 -13
350 -13
351 -13
352 -13
353 -6
354 -14
355 -6
356 -8
357 -18
358 -13
359 -13
360 -8
361 -14
362 -6
363 -8
364 -13
365 -14
366 -14
367 -8
368 -13
369 -6
370 -8
371 -6
372 -8
373 -13
374 -8
375 -14
376 -8
377 -8
378 -6
379 -8
380 -6
381 -14
382 -6
383 -6
384 -14
385 -6
386 -6
387 -6
388 -14
389 -13
390 -13
391 -8
392 -6
393 -13
394 -13
395 -14
396 -14
397 -13
398 -8
399 -8
400 -13
401 -13
402 -13
403 -13
404 -13
405 -6
406 -8
407 -6
408 -14
409 -14
410 -15
411 -13
412 -13
413 -6
414 -8
415 -6
416 -13
417 -8
418 -6
419 -13
420 -6
421 -8
422 -11
423 -8
424 -13
425 -6
426 -14
427 -9
428 -6
429 -25
430 -13
431 -8
432 -6
433 -8
434 -13
435 -14
436 -13
437 -6
438 -6
439 -8
440 -14
441 -14
442 -8
443 -13
444 -8
445 -6
446 -6
447 -13
448 -6
449 -14
450 -6
451 -8
452 -8
453 -6
454 -6
455 -14
456 -8
457 -13
458 -13
459 -8
460 -8
461 -13
462 -9
463 -8
464 -6
465 -6
466 -13
467 -8
468 -6
469 -6
470 -10
471 -8
472 -13
473 -8
474 -13
475 -8
476 -14
477 -6
478 -9
479 -6
480 -8
481 -6
482 -6
483 -6
484 -13
485 -6
486 -13
487 -6
488 -6
489 -13
490 -8
491 -14
492 -13
493 -6
494 -8
495 -8
496 -14
497 -13
498 -8
499 -8
500 -6
501 -6
502 -20
503 -13
504 -8
505 -8
506 -14
507 -6
508 -6
509 -14
510 -8
511 -6
512 -6
513 -14
514 -6
515 -13
516 -6
517 -8
518 -6
519 -13
520 -40
521 -13
522 -13
523 -8
524 -13
525 -13
526 -8
527 -6
528 -14
529 -8
530 -8
531 -6
532 -6
533 -13
534 -8
535 -13
536 -6
537 -8
538 -8
539 -8
540 -13
541 -6
542 -6
543 -8
544 -6
545 -6
546 -6
547 -8
548 -8
549 -13
550 -8
551 -8
552 -8
553 -13
554 -6
555 -13
556 -13
557 -6
558 -8
559 -6
560 -15
561 -6
562 -8
563 -6
564 -6
565 -6
566 -8
567 -6
568 -44
569 -8
570 -6
571 -13
572 -6
573 -13
574 -13
575 -6
576 -6
577 -8
578 -11
579 -6
580 -13
581 -14
582 -6
583 -6
584 -8
585 -8
586 -13
587 -13
588 -13
589 -14
590 -8
591 -6
592 -8
593 -8
594 -8
595 -8
596 -22
597 -13
598 -6
599 -13
600 -13
601 -13
602 -8
603 -13
604 -8
605 -13
606 -13
607 -8
608 -8
609 -8
610 -6
611 -8
612 -13
613 -6
614 -9
615 -14
616 -14
617 -7
618 -8
619 -8
620 -13
621 -6
622 -6
623 -8
624 -13
625 -6
626 -8
627 -14
628 -6
629 -8
630 -8
631 -6
632 -6
633 -13
634 -13
635 -14
636 -13
637 -8
638 -6
639 -6
640 -13
641 -13
642 -6
643 -6
644 -8
645 -8
646 -14
647 -13
648 -6
649 -14
650 -25
651 -13
652 -6
653 -8
654 -13
655 -8
656 -13
657 -13
658 -8
659 -6
660 -13
661 -6
662 -13
663 -8
664 -9
665 -14
666 -6
667 -13
668 -14
669 -6
670 -8
671 -14
672 -6
673 -8
674 -8
675 -8
676 -8
677 -8
678 -6
679 -6
680 -13
681 -6
682 -6
683 -14
684 -6
685 -13
686 -8
687 -13
688 -8
689 -6
690 -8
691 -13
692 -13
693 -13
694 -13
695 -13
696 -13
697 -6
698 -6
699 -8
700 -13
701 -13
702 -8
703 -13
704 -13
705 -6
706 -8
707 -13
708 -13
709 -8
710 -13
711 -13
712 -6
713 -6
714 -13
715 -6
716 -8
717 -6
718 -13
719 -13
720 -8
721 -8
722 -14
723 -6
724 -6
725 -13
726 -14
727 -8
728 -6
729 -8
730 -6
731 -8
732 -6
733 -8
734 -6
735 -13
736 -8
737 -13
738 -8
739 -13
740 -13
741 -13
742 -6
743 -14
744 -6
745 -13
746 -8
747 -13
748 -14
749 -6
750 -13
751 -8
752 -8
753 -14
754 -8
755 -14
756 -8
757 -12
758 -13
759 -6
760 -14
761 -8
762 -14
763 -8
764 -8
765 -6
766 -14
767 -6
768 -13
769 -13
770 -8
771 -8
772 -14
773 -8
774 -14
775 -8
776 -14
777 -13
778 -14
779 -6
780 -13
781 -13
782 -8
783 -13
784 -6
785 -14
786 -8
787 -14
788 -6
789 -13
790 -14
791 -6
792 -8
793 -8
794 -9
795 -13
796 -13
797 -8
798 -14
799 -8
800 -13
801 -6
802 -13
803 -13
804 -6
805 -13
806 -6
807 -8
808 -14
809 -8
810 -8
811 -8
812 -12
813 -13
814 -13
815 -14
816 -8
817 -8
818 -13
819 -13
820 -14
821 -13
822 -13
823 -8
824 -13
825 -6
826 -6
827 -14
828 -6
829 -14
830 -8
831 -8
832 -13
833 -13
834 -13
835 -6
836 -13
837 -8
838 -8
839 -8
840 -13
841 -14
842 -8
843 -13
844 -8
845 -6
846 -13
847 -6
848 -14
849 -6
850 -6
851 -14
852 -14
853 -9
854 -8
855 -14
856 -8
857 -13
858 -13
859 -6
860 -8
861 -13
862 -13
863 -14
864 -6
865 -8
866 -8
867 -14
868 -14
869 -6
870 -8
871 -6
872 -8
873 -14
874 -13
875 -14
876 -6
877 -13
878 -14
879 -13
880 -6
881 -14
882 -6
883 -6
884 -14
885 -6
886 -8
887 -13
888 -13
889 -13
890 -13
891 -13
892 -6
893 -13
894 -6
895 -6
896 -14
897 -19
898 -6
899 -6
900 -14
901 -13
902 -14
903 -8
904 -8
905 -8
906 -8
907 -6
908 -6
909 -6
910 -14
911 -13
912 -13
913 -6
914 -13
915 -6
916 -8
917 -6
918 -13
919 -44
920 -13
921 -6
922 -8
923 -13
924 -8
925 -8
926 -6
927 -13
928 -8
929 -14
930 -8
931 -13
932 -17
933 -13
934 -8
935 -8
936 -6
937 -13
938 -13
939 -6
940 -6
941 -8
942 -6
943 -13
944 -6
945 -26
946 -6
947 -6
948 -6
949 -8
950 -8
951 -6
952 -14
953 -13
954 -14
955 -6
956 -18
957 -8
958 -8
959 -8
960 -6
961 -6
962 -6
963 -6
964 -6
965 -6
966 -6
967 -13
968 -6
969 -13
970 -13
971 -13
972 -8
973 -6
974 -8
975 -14
976 -6
977 -6
978 -12
979 -13
980 -6
981 -13
982 -14
983 -6
984 -8
985 -14
986 -14
987 -8
988 -8
989 -13
990 -8
991 -6
992 -14
993 -6
994 -14
995 -6
996 -6
997 -8
998 -13
999 -8
