0 -14
1 -11
2 -13
3 -11
4 -13
5 -13
6 -6
7 -6
8 -22
9 -16
10 -13
11 -6
12 -13
13 -14
14 -6
15 -6
16 -6
17 -6
18 -13
19 -6
20 -13
21 -6
22 -6
23 -13
24 -14
25 -13
26 -6
27 -13
28 -13
29 -13
30 -6
31 -14
32 -6
33 -13
34 -13
35 -11
36 -14
37 -11
38 -6
39 -14
40 -11
41 -11
42 -6
43 -11
44 -11
45 -6
46 -6
47 -6
48 -13
49 -6
50 -6
51 -13
52 -11
53 -11
54 -6
55 -11
56 -13
57 -13
58 -11
59 -12
60 -6
61 -6
62 -14
63 -14
64 -13
65 -6
66 -13
67 -13
68 -13
69 -14
70 -6
71 -13
72 -6
73 -13
74 -6
75 -6
76 -6
77 -6
78 -6
79 -6
80 -13
81 -13
82 -6
83 -14
84 -14
85 -13
86 -6
87 -13
88 -6
89 -13
90 -11
91 -13
92 -11
93 -13
94 -14
95 -6
96 -14
97 -6
98 -13
99 -13
100 -14
101 -6
102 -11
103 -13
104 -11
105 -6
106 -11
107 -6
108 -6
109 -6
110 -6
111 -13
112 -17
113 -13
114 -13
115 -11
116 -6
117 -13
118 -13
119 -6
120 -6
121 -13
122 -14
123 -6
124 -6
125 -6
126 -6
127 -6
128 -6
129 -13
130 -14
131 -6
132 -11
133 -6
134 -6
135 -13
136 -13
137 -13
138 -13
139 -6
140 -13
141 -14
142 -13
143 -6
144 -14
145 -11
146 -6
147 -11
148 -6
149 -11
150 -6
151 -6
152 -6
153 -6
154 -6
155 -6
156 -13
157 -6
158 -6
159 -6
160 -6
161 -14
162 -6
163 -14
164 -13
165 -13
166 -6
167 -6
168 -13
169 -13
170 -9
171 -17
172 -13
173 -6
174 -6
175 -6
176 -14
177 -6
178 -6
179 -13
180 -14
181 -6
182 -6
183 -6
184 -14
185 -6
186 -14
187 -6
188 -11
189 -6
190 -6
191 -13
192 -6
193 -6
194 -14
195 -11
196 -13
197 -6
198 -6
199 -14
200 -6
201 -6
202 -13
203 -13
204 -6
205 -13
206 -6
207 -13
208 -6
209 -6
210 -6
211 -6
212 -6
213 -11
214 -13
215 -13
216 -13
217 -11
218 -6
219 -6
220 -6
221 -13
222 -6
223 -6
224 -6
225 -13
226 -6
227 -13
228 -6
229 -6
230 -6
231 -6
232 -6
233 -13
234 -11
235 -11
236 -6
237 -6
238 -11
239 -6
240 -6
241 -6
242 -6
243 -13
244 -14
245 -6
246 -11
247 -6
248 -6
249 -37
250 -11
251 -6
252 -14
253 -6
254 -13
255 -6
256 -13
257 -6
258 -11
259 -13
260 -13
261 -6
262 -6
263 -6
264 -6
265 -11
266 -15
267 -6
268 -14
269 -13
270 -6
271 -14
272 -11
273 -6
274 -11
275 -6
276 -6
277 -13
278 -6
279 -14
280 -13
281 -6
282 -11
283 -13
284 -6
285 -6
286 -13
287 -6
288 -14
289 -14
290 -6
291 -6
292 -14
293 -13
294 -11
295 -14
296 -13
297 -11
298 -13
299 -13
300 -14
301 -6
302 -6
303 -6
304 -6
305 -6
306 -6
307 -14
308 -6
309 -6
310 -13
311 -6
312 -6
313 -6
314 -6
315 -13
316 -9
317 -6
318 -14
319 -12
320 -6
321 -6
322 -6
323 -6
324 -13
325 -6
326 -39
327 -11
328 -13
329 -6
330 -11
331 -11
332 -6
333 -6
334 -6
335 -6
336 -13
337 -6
338 -13
339 -6
340 -14
341 -13
342 -6
343 -13
344 -14
345 -14
346 -11
347 -13
348 -6
349 -11
350 -6
351 -14
352 -6
353 -13
354 -11
355 -11
356 -6
357 -11
358 -13
359 -8
360 -13
361 -13
362 -6
363 -13
364 -6
365 -13
366 -6
367 -13
368 -6
369 -13
370 -6
371 -6
372 -6
373 -13
374 -6
375 -6
376 -6
377 -14
378 -6
379 -13
380 -6
381 -6
382 -6
383 -14
384 -13
385 -13
386 -6
387 -11
388 -13
389 -18
390 -13
391 -13
392 -18
393 -14
394 -11
395 -6
396 -13
397 -13
398 -11
399 -13
400 -6
401 -11
402 -12
403 -14
404 -13
405 -11
406 -19
407 -13
408 -6
409 -13
410 -13
411 -6
412 -6
413 -13
414 -13
415 -14
416 -13
417 -6
418 -11
419 -14
420 -6
421 -11
422 -14
423 -10
424 -6
425 -6
426 -11
427 -13
428 -6
429 -6
430 -6
431 -6
432 -6
433 -14
434 -6
435 -6
436 -13
437 -13
438 -6
439 -13
440 -13
441 -13
442 -6
443 -9
444 -6
445 -6
446 -14
447 -6
448 -13
449 -6
450 -11
451 -11
452 -13
453 -13
454 -6
455 -11
456 -6
457 -14
458 -13
459 -6
460 -15
461 -6
462 -6
463 -13
464 -13
465 -6
466 -11
467 -13
468 -14
469 -14
470 -17
471 -11
472 -13
473 -13
474 -6
475 -6
476 -13
477 -13
478 -13
479 -6
480 -14
481 -13
482 -11
483 -14
484 -13
485 -11
486 -14
487 -6
488 -11
489 -11
490 -13
491 -8
492 -13
493 -13
494 -13
495 -14
496 -6
497 -6
498 -13
499 -13
500 -11
501 -13
502 -13
503 -6
504 -11
505 -6
506 -13
507 -14
508 -13
509 -11
510 -11
511 -14
512 -13
513 -14
514 -13
515 -6
516 -14
517 -11
518 -6
519 -13
520 -7
521 -13
522 -6
523 -6
524 -13
525 -13
526 -11
527 -6
528 -13
529 -13
530 -6
531 -6
532 -13
533 -6
534 -11
535 -13
536 -13
537 -11
538 -6
539 -13
540 -11
541 -11
542 -13
543 -14
544 -13
545 -13
546 -14
547 -6
548 -6
549 -6
550 -13
551 -13
552 -6
553 -11
554 -13
555 -6
556 -6
557 -13
558 -6
559 -13
560 -6
561 -6
562 -17
563 -13
564 -14
565 -6
566 -14
567 -13
568 -11
569 -14
570 -13
571 -11
572 -11
573 -13
574 -14
575 -11
576 -6
577 -11
578 -6
579 -11
580 -6
581 -6
582 -11
583 -6
584 -6
585 -13
586 -11
587 -11
588 -6
589 -13
590 -11
591 -14
592 -13
593 -13
594 -11
595 -14
596 -6
597 -13
598 -14
599 -14
600 -6
601 -6
602 -14
603 -6
604 -13
605 -6
606 -13
607 -13
608 -13
609 -13
610 -6
611 -13
612 -6
613 -6
614 -6
615 -13
616 -14
617 -13
618 -13
619 -6
620 -6
621 -11
622 -6
623 -13
624 -13
625 -13
626 -13
627 -14
628 -13
629 -13
630 -6
631 -6
632 -14
633 -6
634 -6
635 -13
636 -14
637 -6
638 -11
639 -13
640 -14
641 -13
642 -6
643 -13
644 -6
645 -7
646 -13
647 -6
648 -14
649 -6
650 -6
651 -11
652 -13
653 -6
654 -15
655 -6
656 -6
657 -14
658 -14
659 -6
660 -13
661 -13
662 -11
663 -13
664 -6
665 -13
666 -13
667 -14
668 -13
669 -7
670 -14
671 -6
672 -14
673 -14
674 -6
675 -11
676 -14
677 -11
678 -6
679 -24
680 -13
681 -11
682 -6
683 -6
684 -14
685 -6
686 -13
687 -13
688 -6
689 -13
690 -6
691 -13
692 -13
693 -6
694 -14
695 -14
696 -6
697 -6
698 -6
699 -6
700 -14
701 -6
702 -13
703 -13
704 -6
705 -14
706 -13
707 -18
708 -6
709 -14
710 -6
711 -13
712 -11
713 -6
714 -11
715 -13
716 -14
717 -6
718 -13
719 -48
720 -6
721 -14
722 -6
723 -21
724 -6
725 -13
726 -6
727 -14
728 -13
729 -6
730 -6
731 -13
732 -6
733 -13
734 -13
735 -11
736 -6
737 -6
738 -13
739 -11
740 -6
741 -13
742 -13
743 -11
744 -11
745 -11
746 -13
747 -6
748 -6
749 -14
750 -13
751 -11
752 -14
753 -6
754 -6
755 -14
756 -6
757 -13
758 -11
759 -6
760 -6
761 -11
762 -14
763 -14
764 -6
765 -11
766 -13
767 -11
768 -13
769 -6
770 -6
771 -6
772 -13
773 -6
774 -13
775 -6
776 -18
777 -13
778 -13
779 -13
780 -6
781 -14
782 -13
783 -13
784 -13
785 -14
786 -6
787 -6
788 -6
789 -11
790 -6
791 -6
792 -6
793 -14
794 -6
795 -13
796 -6
797 -13
798 -14
799 -11
800 -6
801 -6
802 -6
803 -16
804 -11
805 -6
806 -14
807 -13
808 -11
809 -6
810 -6
811 -13
812 -11
813 -13
814 -6
815 -13
816 -6
817 -14
818 -17
819 -11
820 -14
821 -11
822 -6
823 -14
824 -13
825 -14
826 -13
827 -13
828 -6
829 -11
830 -6
831 -6
832 -6
833 -6
834 -14
835 -13
836 -6
837 -11
838 -10
839 -13
840 -6
841 -13
842 -6
843 -13
844 -11
845 -6
846 -13
847 -13
848 -6
849 -13
850 -14
851 -6
852 -6
853 -6
854 -14
855 -13
856 -13
857 -13
858 -6
859 -6
860 -13
861 -14
862 -6
863 -6
864 -11
865 -13
866 -6
867 -39
868 -13
869 -14
870 -6
871 -6
872 -13
873 -36
874 -6
875 -6
876 -13
877 -11
878 -6
879 -13
880 -13
881 -14
882 -6
883 -14
884 -13
885 -11
886 -6
887 -11
888 -6
889 -6
890 -6
891 -14
892 -6
893 -13
894 -6
895 -14
896 -11
897 -14
898 -6
899 -13
900 -6
901 -13
902 -14
903 -13
904 -11
905 -13
906 -14
907 -13
908 -11
909 -13
910 -14
911 -13
912 -6
913 -13
914 -14
915 -13
916 -14
917 -13
918 -13
919 -6
920 -13
921 -11
922 -6
923 -11
924 -14
925 -13
926 -11
927 -6
928 -6
929 -11
930 -6
931 -6
932 -11
933 -11
934 -13
935 -6
936 -6
937 -10
938 -6
939 -14
940 -13
941 -13
942 -14
943 -11
944 -13
945 -6
946 -6
947 -6
948 -6
949 -11
950 -6
951 -6
952 -13
953 -11
954 -6
955 -14
956 -13
957 -14
958 -13
959 -6
960 -14
961 -6
962 -6
963 -13
964 -13
965 -11
966 -13
967 -6
968 -6
969 -13
970 -6
971 -6
972 -6
973 -6
974 -6
975 -14
976 -6
977 -14
978 -6
979 -24
980 -9
981 -11
982 -13
983 -14
984 -11
985 -6
986 -6
987 -14
988 -11
989 -6
990 -6
991 -6
992 -6
993 -13
994 -13
995 -6
996 -13
997 -6
998 -13
999 -13
