0 -8
1 -8
2 -7
3 -6
4 -6
5 -6
6 -13
7 -8
8 -13
9 -13
10 -6
11 -18
12 -6
13 -13
14 -6
15 -13
16 -24
17 -17
18 -6
19 -7
20 -11
21 -6
22 -8
23 -13
24 -13
25 -6
26 -13
27 -8
28 -8
29 -13
30 -7
31 -6
32 -13
33 -6
34 -8
35 -14
36 -13
37 -17
38 -13
39 -8
40 -7
41 -6
42 -6
43 -13
44 -7
45 -6
46 -7
47 -7
48 -7
49 -13
50 -13
51 -6
52 -8
53 -14
54 -6
55 -6
56 -6
57 -8
58 -7
59 -13
60 -13
61 -7
62 -13
63 -7
64 -8
65 -13
66 -13
67 -14
68 -13
69 -13
70 -13
71 -14
72 -14
73 -6
74 -13
75 -7
76 -14
77 -7
78 -14
79 -13
80 -8
81 -13
82 -13
83 -13
84 -8
85 -13
86 -13
87 -7
88 -6
89 -14
90 -8
91 -13
92 -6
93 -6
94 -13
95 -13
96 -6
97 -6
98 -7
99 -6
100 -13
101 -14
102 -6
103 -13
104 -6
105 -13
106 -14
107 -6
108 -13
109 -8
110 -14
111 -15
112 -8
113 -7
114 -13
115 -14
116 -6
117 -14
118 -13
119 -6
120 -14
121 -6
122 -7
123 -13
124 -6
125 -7
126 -7
127 -7
128 -13
129 -14
130 -14
131 -7
132 -13
133 -13
134 -6
135 -6
136 -8
137 -14
138 -14
139 -14
140 -7
141 -14
142 -6
143 -13
144 -8
145 -14
146 -14
147 -6
148 -13
149 -6
150 -13
151 -7
152 -6
153 -7
154 -6
155 -6
156 -13
157 -14
158 -13
159 -6
160 -7
161 -7
162 -14
163 -13
164 -13
165 -6
166 -6
167 -13
168 -14
169 -6
170 -13
171 -6
172 -13
173 -13
174 -6
175 -8
176 -6
177 -13
178 -8
179 -7
180 -7
181 -7
182 -8
183 -13
184 -13
185 -6
186 -14
187 -13
188 -6
189 -13
190 -6
191 -13
192 -13
193 -13
194 -7
195 -13
196 -6
197 -8
198 -6
199 -8
200 -14
201 -7
202 -13
203 -6
204 -13
205 -13
206 -15
207 -8
208 -14
209 -13
210 -6
211 -13
212 -13
213 -8
214 -8
215 -13
216 -6
217 -13
218 -13
219 -13
220 -13
221 -6
222 -7
223 -14
224 -14
225 -14
226 -7
227 -6
228 -8
229 -14
230 -13
231 -13
232 -13
233 -14
234 -6
235 -6
236 -14
237 -8
238 -8
239 -13
240 -8
241 -17
242 -6
243 -6
244 -6
245 -7
246 -13
247 -11
248 -8
249 -7
250 -13
251 -13
252 -6
253 -13
254 -6
255 -6
256 -8
257 -13
258 -18
259 -14
260 -6
261 -6
262 -13
263 -6
264 -7
265 -13
266 -13
267 -19
268 -13
269 -6
270 -7
271 -6
272 -8
273 -6
274 -14
275 -6
276 -7
277 -13
278 -14
279 -14
280 -13
281 -6
282 -13
283 -18
284 -8
285 -13
286 -6
287 -13
288 -6
289 -6
290 -7
291 -6
292 -14
293 -13
294 -6
295 -8
296 -15
297 -14
298 -8
299 -6
300 -7
301 -6
302 -6
303 -6
304 -6
305 -14
306 -13
307 -13
308 -16
309 -6
310 -6
311 -6
312 -8
313 -7
314 -8
315 -18
316 -6
317 -17
318 -13
319 -13
320 -6
321 -11
322 -14
323 -13
324 -7
325 -7
326 -7
327 -8
328 -13
329 -14
330 -6
331 -13
332 -13
333 -13
334 -6
335 -8
336 -14
337 -8
338 -13
339 -6
340 -6
341 -8
342 -13
343 -14
344 -6
345 -13
346 -7
347 -14
348 -8
349 -6
350 -7
351 -6
352 -8
353 -13
354 -14
355 -8
356 -6
357 -7
358 -6
359 -8
360 -6
361 -14
362 -13
363 -8
364 -6
365 -13
366 -13
367 -7
368 -7
369 -8
370 -6
371 -7
372 -8
373 -6
374 -13
375 -6
376 -14
377 -7
378 -13
379 -8
380 -7
381 -6
382 -6
383 -14
384 -6
385 -7
386 -6
387 -6
388 -6
389 -6
390 -13
391 -13
392 -13
393 -13
394 -13
395 -8
396 -14
397 -6
398 -6
399 -6
400 -13
401 -13
402 -13
403 -13
404 -6
405 -7
406 -14
407 -7
408 -6
409 -8
410 -6
411 -14
412 -8
413 -13
414 -6
415 -6
416 -8
417 -6
418 -14
419 -6
420 -13
421 -16
422 -8
423 -14
424 -7
425 -6
426 -6
427 -14
428 -13
429 -6
430 -14
431 -13
432 -13
433 -13
434 -13
435 -6
436 -8
437 -13
438 -7
439 -8
440 -8
441 -17
442 -8
443 -6
444 -7
445 -13
446 -7
447 -14
448 -13
449 -13
450 -13
451 -6
452 -8
453 -7
454 -6
455 -13
456 -7
457 -14
458 -13
459 -8
460 -14
461 -14
462 -6
463 -14
464 -13
465 -13
466 -6
467 -7
468 -6
469 -7
470 -6
471 -6
472 -13
473 -13
474 -7
475 -14
476 -13
477 -14
478 -6
479 -8
480 -13
481 -14
482 -7
483 -13
484 -6
485 -14
486 -7
487 -6
488 -6
489 -6
490 -6
491 -6
492 -13
493 -6
494 -6
495 -10
496 -6
497 -8
498 -13
499 -11
500 -6
501 -6
502 -19
503 -13
504 -13
505 -13
506 -6
507 -19
508 -8
509 -7
510 -7
511 -14
512 -8
513 -13
514 -7
515 -14
516 -6
517 -6
518 -14
519 -13
520 -6
521 -7
522 -13
523 -6
524 -7
525 -13
526 -6
527 -7
528 -6
529 -14
530 -6
531 -14
532 -14
533 -7
534 -7
535 -8
536 -6
537 -6
538 -13
539 -6
540 -9
541 -6
542 -14
543 -13
544 -7
545 -6
546 -13
547 -13
548 -7
549 -13
550 -6
551 -14
552 -13
553 -6
554 -13
555 -6
556 -8
557 -6
558 -13
559 -13
560 -7
561 -6
562 -13
563 -13
564 -13
565 -7
566 -13
567 -6
568 -7
569 -6
570 -13
571 -6
572 -13
573 -13
574 -6
575 -13
576 -14
577 -7
578 -7
579 -13
580 -7
581 -13
582 -8
583 -14
584 -25
585 -7
586 -6
587 -7
588 -13
589 -6
590 -6
591 -14
592 -6
593 -6
594 -13
595 -13
596 -6
597 -14
598 -13
599 -13
600 -14
601 -8
602 -6
603 -6
604 -13
605 -13
606 -13
607 -13
608 -7
609 -19
610 -13
611 -13
612 -13
613 -13
614 -6
615 -13
616 -13
617 -13
618 -6
619 -17
620 -8
621 -14
622 -14
623 -8
624 -6
625 -13
626 -7
627 -13
628 -6
629 -6
630 -13
631 -14
632 -14
633 -14
634 -13
635 -8
636 -6
637 -6
638 -8
639 -8
640 -6
641 -6
642 -8
643 -7
644 -14
645 -14
646 -6
647 -8
648 -7
649 -6
650 -13
651 -6
652 -13
653 -13
654 -7
655 -6
656 -6
657 -8
658 -8
659 -8
660 -13
661 -9
662 -6
663 -14
664 -6
665 -8
666 -13
667 -7
668 -6
669 -6
670 -8
671 -13
672 -6
673 -14
674 -7
675 -14
676 -7
677 -7
678 -8
679 -14
680 -6
681 -8
682 -7
683 -9
684 -7
685 -7
686 -13
687 -7
688 -8
689 -13
690 -14
691 -7
692 -6
693 -15
694 -14
695 -7
696 -13
697 -6
698 -14
699 -6
700 -13
701 -13
702 -6
703 -7
704 -26
705 -13
706 -8
707 -7
708 -6
709 -14
710 -6
711 -13
712 -6
713 -13
714 -6
715 -14
716 -6
717 -6
718 -13
719 -7
720 -14
721 -14
722 -13
723 -13
724 -6
725 -7
726 -14
727 -13
728 -13
729 -14
730 -6
731 -13
732 -6
733 -6
734 -14
735 -6
736 -14
737 -8
738 -13
739 -13
740 -13
741 -6
742 -14
743 -13
744 -6
745 -13
746 -8
747 -7
748 -8
749 -8
750 -13
751 -13
752 -6
753 -6
754 -13
755 -13
756 -6
757 -6
758 -7
759 -6
760 -7
761 -6
762 -7
763 -12
764 -8
765 -14
766 -14
767 -14
768 -6
769 -7
770 -14
771 -14
772 -14
773 -13
774 -6
775 -13
776 -8
777 -14
778 -13
779 -13
780 -18
781 -8
782 -6
783 -14
784 -13
785 -13
786 -6
787 -14
788 -7
789 -8
790 -6
791 -7
792 -13
793 -7
794 -13
795 -12
796 -14
797 -7
798 -13
799 -8
800 -13
801 -13
802 -13
803 -13
804 -14
805 -6
806 -7
807 -13
808 -13
809 -13
810 -13
811 -13
812 -6
813 -6
814 -6
815 -7
816 -13
817 -13
818 -8
819 -13
820 -7
821 -8
822 -6
823 -13
824 -14
825 -13
826 -13
827 -6
828 -13
829 -6
830 -6
831 -13
832 -7
833 -14
834 -13
835 -7
836 -7
837 -7
838 -6
839 -6
840 -8
841 -6
842 -14
843 -13
844 -7
845 -14
846 -13
847 -13
848 -8
849 -8
850 -14
851 -13
852 -6
853 -13
854 -6
855 -14
856 -13
857 -6
858 -13
859 -6
860 -6
861 -13
862 -14
863 -13
864 -20
865 -14
866 -8
867 -20
868 -6
869 -13
870 -12
871 -6
872 -6
873 -13
874 -8
875 -6
876 -6
877 -6
878 -13
879 -6
880 -62
881 -8
882 -14
883 -7
884 -6
885 -7
886 -53
887 -6
888 -9
889 -14
890 -6
891 -13
892 -14
893 -8
894 -6
895 -7
896 -13
897 -13
898 -8
899 -7
900 -14
901 -13
902 -13
903 -13
904 -13
905 -6
906 -14
907 -14
908 -6
909 -6
910 -6
911 -6
912 -14
913 -6
914 -19
915 -13
916 -7
917 -8
918 -14
919 -7
920 -6
921 -6
922 -13
923 -7
924 -8
925 -13
926 -14
927 -8
928 -13
929 -6
930 -13
931 -14
932 -6
933 -6
934 -14
935 -13
936 -8
937 -14
938 -8
939 -6
940 -13
941 -14
942 -6
943 -14
944 -6
945 -13
946 -13
947 -7
948 -7
949 -13
950 -8
951 -13
952 -14
953 -13
954 -14
955 -6
956 -13
957 -8
958 -6
959 -8
960 -14
961 -6
962 -7
963 -6
964 -13
965 -14
966 -8
967 -6
968 -13
969 -6
970 -12
971 -8
972 -6
973 -7
974 -13
975 -7
976 -11
977 -8
978 -6
979 -13
980 -13
981 -12
982 -8
983 -13
984 -6
985 -6
986 -6
987 -6
988 -13
989 -7
990 -14
991 -17
992 -8
993 -13
994 -6
995 -17
996 -8
997 -6
998 -13
999 -8
