0 -10
1 -13
2 -10
3 -6
4 -6
5 -6
6 -6
7 -13
8 -6
9 -9
10 -13
11 -13
12 -13
13 -6
14 -6
15 -6
16 -14
17 -6
18 -10
19 -10
20 -13
21 -14
22 -10
23 -14
24 -14
25 -10
26 -6
27 -13
28 -13
29 -13
30 -13
31 -6
32 -10
33 -14
34 -6
35 -6
36 -6
37 -13
38 -6
39 -13
40 -6
41 -18
42 -14
43 -6
44 -13
45 -10
46 -6
47 -6
48 -6
49 -13
50 -6
51 -6
52 -13
53 -13
54 -13
55 -10
56 -6
57 -6
58 -6
59 -10
60 -13
61 -10
62 -13
63 -14
64 -6
65 -6
66 -13
67 -6
68 -10
69 -6
70 -13
71 -6
72 -6
73 -13
74 -10
75 -10
76 -6
77 -10
78 -13
79 -10
80 -6
81 -10
82 -13
83 -13
84 -10
85 -13
86 -14
87 -13
88 -6
89 -6
90 -6
91 -13
92 -13
93 -6
94 -13
95 -13
96 -26
97 -13
98 -10
99 -6
100 -10
101 -13
102 -6
103 -6
104 -6
105 -6
106 -13
107 -6
108 -6
109 -14
110 -14
111 -10
112 -6
113 -13
114 -6
115 -14
116 -6
117 -13
118 -6
119 -6
120 -6
121 -13
122 -13
123 -13
124 -13
125 -13
126 -13
127 -6
128 -14
129 -6
130 -6
131 -13
132 -14
133 -6
134 -6
135 -16
136 -6
137 -6
138 -10
139 -13
140 -10
141 -6
142 -10
143 -6
144 -14
145 -6
146 -10
147 -10
148 -6
149 -13
150 -6
151 -6
152 -6
153 -13
154 -6
155 -6
156 -13
157 -10
158 -13
159 -13
160 -6
161 -6
162 -6
163 -10
164 -6
165 -6
166 -6
167 -10
168 -10
169 -6
170 -6
171 -6
172 -10
173 -13
174 -13
175 -6
176 -6
177 -6
178 -16
179 -6
180 -10
181 -6
182 -6
183 -6
184 -6
185 -10
186 -14
187 -24
188 -14
189 -12
190 -26
191 -6
192 -13
193 -17
194 -10
195 -6
196 -13
197 -13
198 -6
199 -6
200 -6
201 -10
202 -6
203 -10
204 -10
205 -17
206 -13
207 -10
208 -6
209 -14
210 -6
211 -6
212 -13
213 -13
214 -6
215 -13
216 -6
217 -6
218 -13
219 -19
220 -14
221 -13
222 -6
223 -13
224 -6
225 -6
226 -14
227 -13
228 -14
229 -10
230 -13
231 -6
232 -6
233 -6
234 -13
235 -6
236 -13
237 -10
238 -6
239 -10
240 -6
241 -13
242 -14
243 -6
244 -6
245 -14
246 -8
247 -6
248 -6
249 -14
250 -13
251 -6
252 -13
253 -6
254 -6
255 -13
256 -6
257 -6
258 -10
259 -6
260 -6
261 -6
262 -6
263 -6
264 -13
265 -13
266 -6
267 -10
268 -14
269 -13
270 -13
271 -13
272 -6
273 -13
274 -13
275 -6
276 -8
277 -10
278 -13
279 -10
280 -13
281 -10
282 -6
283 -13
284 -10
285 -6
286 -13
287 -10
288 -14
289 -13
290 -6
291 -6
292 -6
293 -6
294 -6
295 -6
296 -13
297 -17
298 -6
299 -6
300 -13
301 -6
302 -13
303 -26
304 -14
305 -6
306 -6
307 -13
308 -10
309 -14
310 -6
311 -6
312 -12
313 -14
314 -6
315 -6
316 -11
317 -6
318 -13
319 -13
320 -7
321 -6
322 -6
323 -6
324 -13
325 -14
326 -6
327 -13
328 -6
329 -6
330 -14
331 -6
332 -10
333 -6
334 -10
335 -14
336 -6
337 -10
338 -13
339 -6
340 -6
341 -14
342 -6
343 -6
344 -13
345 -13
346 -6
347 -10
348 -6
349 -6
350 -14
351 -6
352 -6
353 -13
354 -6
355 -13
356 -6
357 -6
358 -6
359 -13
360 -6
361 -6
362 -13
363 -6
364 -10
365 -6
366 -13
367 -6
368 -12
369 -6
370 -14
371 -6
372 -6
373 -6
374 -13
375 -13
376 -6
377 -13
378 -13
379 -6
380 -13
381 -6
382 -6
383 -14
384 -13
385 -10
386 -6
387 -17
388 -13
389 -6
390 -13
391 -13
392 -6
393 -13
394 -13
395 -6
396 -6
397 -6
398 -6
399 -6
400 -6
401 -10
402 -13
403 -6
404 -13
405 -18
406 -14
407 -6
408 -6
409 -14
410 -6
411 -17
412 -13
413 -6
414 -6
415 -6
416 -6
417 -6
418 -17
419 -13
420 -6
421 -10
422 -13
423 -6
424 -13
425 -14
426 -10
427 -13
428 -14
429 -6
430 -10
431 -6
432 -6
433 -6
434 -13
435 -10
436 -10
437 -14
438 -6
439 -6
440 -10
441 -6
442 -13
443 -13
444 -6
445 -13
446 -13
447 -6
448 -6
449 -6
450 -13
451 -13
452 -14
453 -6
454 -14
455 -10
456 -6
457 -10
458 -6
459 -6
460 -6
461 -13
462 -14
463 -13
464 -10
465 -14
466 -6
467 -6
468 -13
469 -13
470 -6
471 -6
472 -13
473 -13
474 -13
475 -6
476 -6
477 -10
478 -6
479 -6
480 -6
481 -10
482 -6
483 -14
484 -6
485 -6
486 -6
487 -13
488 -10
489 -13
490 -9
491 -10
492 -10
493 -13
494 -6
495 -13
496 -10
497 -13
498 -13
499 -13
500 -6
501 -13
502 -6
503 -14
504 -6
505 -13
506 -13
507 -6
508 -14
509 -13
510 -12
511 -10
512 -6
513 -6
514 -13
515 -6
516 -10
517 -6
518 -14
519 -6
520 -13
521 -6
522 -6
523 -6
524 -13
525 -6
526 -13
527 -13
528 -6
529 -13
530 -6
531 -13
532 -10
533 -10
534 -6
535 -13
536 -6
537 -10
538 -13
539 -6
540 -6
541 -14
542 -6
543 -10
544 -14
545 -13
546 -6
547 -10
548 -13
549 -13
550 -6
551 -14
552 -6
553 -6
554 -10
555 -13
556 -10
557 -6
558 -15
559 -13
560 -10
561 -6
562 -6
563 -6
564 -6
565 -14
566 -10
567 -6
568 -6
569 -13
570 -13
571 -6
572 -26
573 -13
574 -13
575 -13
576 -13
577 -6
578 -12
579 -14
580 -13
581 -13
582 -6
583 -6
584 -6
585 -10
586 -6
587 -19
588 -6
589 -14
590 -6
591 -6
592 -6
593 -6
594 -6
595 -14
596 -10
597 -6
598 -6
599 -10
600 -6
601 -13
602 -6
603 -10
604 -10
605 -13
606 -13
607 -6
608 -6
609 -6
610 -6
611 -13
612 -6
613 -13
614 -6
615 -6
616 -6
617 -13
618 -10
619 -6
620 -13
621 -10
622 -6
623 -13
624 -6
625 -13
626 -13
627 -13
628 -13
629 -10
630 -13
631 -12
632 -10
633 -13
634 -13
635 -14
636 -6
637 -14
638 -13
639 -6
640 -13
641 -13
642 -12
643 -13
644 -6
645 -14
646 -13
647 -6
648 -6
649 -10
650 -10
651 -6
652 -6
653 -7
654 -6
655 -17
656 -15
657 -6
658 -6
659 -13
660 -14
661 -6
662 -6
663 -6
664 -10
665 -14
666 -6
667 -17
668 -6
669 -14
670 -6
671 -6
672 -13
673 -13
674 -13
675 -14
676 -6
677 -13
678 -13
679 -13
680 -6
681 -10
682 -13
683 -6
684 -6
685 -6
686 -16
687 -6
688 -13
689 -6
690 -13
691 -13
692 -13
693 -6
694 -6
695 -6
696 -10
697 -6
698 -10
699 -10
700 -6
701 -13
702 -6
703 -6
704 -6
705 -6
706 -6
707 -13
708 -6
709 -6
710 -6
711 -13
712 -14
713 -13
714 -6
715 -15
716 -6
717 -6
718 -14
719 -13
720 -13
721 -10
722 -6
723 -6
724 -6
725 -14
726 -6
727 -13
728 -14
729 -6
730 -13
731 -14
732 -13
733 -14
734 -13
735 -13
736 -14
737 -6
738 -6
739 -14
740 -6
741 -14
742 -14
743 -14
744 -6
745 -6
746 -6
747 -13
748 -6
749 -6
750 -13
751 -6
752 -6
753 -13
754 -10
755 -6
756 -10
757 -6
758 -6
759 -13
760 -13
761 -13
762 -6
763 -14
764 -13
765 -7
766 -10
767 -6
768 -13
769 -13
770 -10
771 -14
772 -10
773 -13
774 -6
775 -6
776 -13
777 -13
778 -13
779 -10
780 -6
781 -14
782 -13
783 -6
784 -6
785 -13
786 -6
787 -14
788 -18
789 -13
790 -13
791 -14
792 -6
793 -6
794 -6
795 -11
796 -10
797 -14
798 -10
799 -13
800 -10
801 -6
802 -6
803 -10
804 -13
805 -6
806 -13
807 -6
808 -14
809 -10
810 -13
811 -6
812 -14
813 -13
814 -10
815 -6
816 -6
817 -6
818 -14
819 -10
820 -13
821 -6
822 -6
823 -13
824 -13
825 -17
826 -6
827 -6
828 -13
829 -6
830 -6
831 -6
832 -10
833 -14
834 -13
835 -10
836 -6
837 -14
838 -13
839 -13
840 -6
841 -14
842 -13
843 -13
844 -6
845 -10
846 -10
847 -6
848 -6
849 -6
850 -44
851 -13
852 -6
853 -6
854 -14
855 -6
856 -6
857 -6
858 -14
859 -10
860 -6
861 -6
862 -6
863 -13
864 -10
865 -6
866 -10
867 -13
868 -13
869 -13
870 -6
871 -6
872 -14
873 -14
874 -13
875 -17
876 -6
877 -14
878 -6
879 -6
880 -14
881 -6
882 -6
883 -14
884 -13
885 -14
886 -13
887 -6
888 -13
889 -6
890 -10
891 -14
892 -13
893 -13
894 -18
895 -13
896 -10
897 -6
898 -13
899 -6
900 -13
901 -6
902 -6
903 -13
904 -6
905 -6
906 -6
907 -10
908 -6
909 -14
910 -13
911 -10
912 -6
913 -6
914 -7
915 -6
916 -6
917 -13
918 -6
919 -20
920 -6
921 -6
922 -13
923 -10
924 -6
925 -10
926 -13
927 -6
928 -13
929 -6
930 -10
931 -13
932 -6
933 -10
934 -13
935 -13
936 -6
937 -6
938 -14
939 -14
940 -13
941 -10
942 -13
943 -6
944 -12
945 -13
946 -6
947 -13
948 -6
949 -6
950 -6
951 -13
952 -13
953 -14
954 -13
955 -6
956 -6
957 -6
958 -6
959 -6
960 -13
961 -6
962 -10
963 -13
964 -13
965 -6
966 -15
967 -6
968 -10
969 -6
970 -13
971 -12
972 -6
973 -6
974 -14
975 -6
976 -6
977 -6
978 -6
979 -13
980 -6
981 -6
982 -13
983 -14
984 -6
985 -14
986 -13
987 -14
988 -13
989 -10
990 -6
991 -13
992 -6
993 -19
994 -6
995 -6
996 -6
997 -10
998 -14
999 -13
