0 -6
1 -10
2 -10
3 -6
4 -6
5 -6
6 -10
7 -14
8 -10
9 -13
10 -6
11 -6
12 -13
13 -6
14 -14
15 -15
16 -13
17 -6
18 -14
19 -13
20 -10
21 -6
22 -6
23 -6
24 -13
25 -6
26 -14
27 -13
28 -13
29 -6
30 -13
31 -14
32 -14
33 -6
34 -14
35 -6
36 -22
37 -13
38 -13
39 -6
40 -10
41 -6
42 -6
43 -13
44 -6
45 -6
46 -13
47 -6
48 -6
49 -10
50 -13
51 -6
52 -6
53 -14
54 -6
55 -6
56 -6
57 -6
58 -13
59 -13
60 -13
61 -6
62 -13
63 -26
64 -6
65 -10
66 -14
67 -13
68 -13
69 -14
70 -14
71 -6
72 -13
73 -6
74 -6
75 -6
76 -48
77 -10
78 -10
79 -14
80 -6
81 -13
82 -9
83 -6
84 -13
85 -14
86 -14
87 -18
88 -14
89 -13
90 -6
91 -10
92 -6
93 -6
94 -13
95 -13
96 -13
97 -10
98 -14
99 -14
100 -6
101 -6
102 -6
103 -13
104 -6
105 -10
106 -13
107 -13
108 -6
109 -13
110 -14
111 -14
112 -6
113 -6
114 -6
115 -6
116 -14
117 -6
118 -6
119 -6
120 -13
121 -6
122 -6
123 -13
124 -6
125 -10
126 -10
127 -13
128 -14
129 -13
130 -13
131 -13
132 -6
133 -16
134 -14
135 -6
136 -6
137 -6
138 -11
139 -6
140 -6
141 -6
142 -6
143 -13
144 -6
145 -10
146 -6
147 -10
148 -6
149 -6
150 -13
151 -6
152 -6
153 -6
154 -6
155 -6
156 -17
157 -6
158 -10
159 -24
160 -6
161 -14
162 -6
163 -6
164 -10
165 -6
166 -10
167 -13
168 -6
169 -13
170 -14
171 -13
172 -6
173 -6
174 -14
175 -13
176 -13
177 -6
178 -13
179 -6
180 -6
181 -14
182 -10
183 -10
184 -6
185 -6
186 -14
187 -13
188 -14
189 -6
190 -6
191 -6
192 -6
193 -6
194 -6
195 -6
196 -6
197 -14
198 -13
199 -6
200 -6
201 -6
202 -43
203 -6
204 -13
205 -6
206 -13
207 -13
208 -13
209 -6
210 -14
211 -6
212 -10
213 -13
214 -13
215 -6
216 -13
217 -6
218 -13
219 -6
220 -13
221 -6
222 -13
223 -13
224 -6
225 -13
226 -10
227 -10
228 -6
229 -14
230 -6
231 -13
232 -10
233 -6
234 -13
235 -13
236 -14
237 -10
238 -13
239 -24
240 -13
241 -6
242 -6
243 -13
244 -6
245 -14
246 -14
247 -6
248 -6
249 -10
250 -14
251 -10
252 -13
253 -6
254 -6
255 -6
256 -6
257 -13
258 -13
259 -10
260 -10
261 -10
262 -6
263 -6
264 -10
265 -10
266 -10
267 -10
268 -6
269 -6
270 -6
271 -13
272 -6
273 -10
274 -6
275 -6
276 -18
277 -6
278 -6
279 -10
280 -6
281 -17
282 -6
283 -13
284 -6
285 -6
286 -14
287 -13
288 -15
289 -13
290 -6
291 -13
292 -13
293 -13
294 -13
295 -13
296 -6
297 -10
298 -14
299 -10
300 -6
301 -14
302 -10
303 -13
304 -10
305 -6
306 -10
307 -6
308 -6
309 -6
310 -6
311 -6
312 -10
313 -6
314 -6
315 -6
316 -10
317 -13
318 -44
319 -13
320 -10
321 -10
322 -6
323 -13
324 -13
325 -13
326 -13
327 -16
328 -13
329 -13
330 -13
331 -6
332 -6
333 -6
334 -6
335 -14
336 -6
337 -6
338 -6
339 -6
340 -14
341 -6
342 -14
343 -10
344 -6
345 -13
346 -13
347 -13
348 -6
349 -6
350 -13
351 -14
352 -14
353 -14
354 -13
355 -6
356 -6
357 -13
358 -6
359 -6
360 -10
361 -6
362 -10
363 -12
364 -6
365 -13
366 -6
367 -11
368 -6
369 -6
370 -6
371 -6
372 -6
373 -13
374 -10
375 -10
376 -6
377 -6
378 -14
379 -10
380 -6
381 -13
382 -6
383 -6
384 -6
385 -6
386 -10
387 -13
388 -13
389 -13
390 -13
391 -14
392 -6
393 -6
394 -6
395 -6
396 -14
397 -13
398 -13
399 -13
400 -13
401 -14
402 -14
403 -10
404 -13
405 -10
406 -6
407 -6
408 -14
409 -13
410 -14
411 -20
412 -13
413 -13
414 -13
415 -6
416 -6
417 -13
418 -6
419 -6
420 -6
421 -13
422 -10
423 -14
424 -6
425 -14
426 -6
427 -14
428 -14
429 -10
430 -6
431 -13
432 -14
433 -14
434 -6
435 -10
436 -6
437 -6
438 -14
439 -14
440 -13
441 -13
442 -10
443 -14
444 -10
445 -14
446 -13
447 -6
448 -6
449 -6
450 -10
451 -10
452 -13
453 -6
454 -6
455 -14
456 -14
457 -10
458 -13
459 -6
460 -14
461 -13
462 -13
463 -29
464 -6
465 -6
466 -6
467 -13
468 -10
469 -6
470 -13
471 -6
472 -6
473 -13
474 -10
475 -14
476 -13
477 -10
478 -13
479 -13
480 -6
481 -10
482 -13
483 -14
484 -6
485 -6
486 -10
487 -6
488 -13
489 -14
490 -6
491 -13
492 -6
493 -13
494 -10
495 -6
496 -6
497 -13
498 -14
499 -13
500 -10
501 -14
502 -14
503 -6
504 -6
505 -6
506 -10
507 -10
508 -6
509 -13
510 -13
511 -14
512 -6
513 -13
514 -14
515 -6
516 -10
517 -6
518 -6
519 -6
520 -6
521 -6
522 -10
523 -13
524 -6
525 -6
526 -6
527 -6
528 -14
529 -13
530 -13
531 -10
532 -10
533 -10
534 -6
535 -6
536 -10
537 -14
538 -13
539 -6
540 -6
541 -13
542 -13
543 -14
544 -13
545 -10
546 -6
547 -14
548 -14
549 -13
550 -13
551 -6
552 -6
553 -6
554 -13
555 -10
556 -6
557 -13
558 -10
559 -14
560 -11
561 -6
562 -6
563 -10
564 -10
565 -6
566 -6
567 -6
568 -14
569 -6
570 -6
571 -14
572 -10
573 -10
574 -14
575 -6
576 -6
577 -13
578 -6
579 -6
580 -13
581 -14
582 -6
583 -6
584 -6
585 -6
586 -13
587 -6
588 -6
589 -6
590 -13
591 -10
592 -10
593 -10
594 -13
595 -13
596 -14
597 -6
598 -6
599 -13
600 -13
601 -10
602 -14
603 -6
604 -13
605 -6
606 -6
607 -14
608 -14
609 -13
610 -13
611 -13
612 -6
613 -10
614 -14
615 -10
616 -13
617 -6
618 -6
619 -13
620 -6
621 -13
622 -6
623 -14
624 -13
625 -6
626 -6
627 -10
628 -13
629 -6
630 -13
631 -10
632 -6
633 -14
634 -10
635 -13
636 -10
637 -14
638 -6
639 -13
640 -6
641 -6
642 -6
643 -6
644 -14
645 -6
646 -6
647 -6
648 -6
649 -6
650 -6
651 -6
652 -13
653 -14
654 -17
655 -14
656 -10
657 -6
658 -13
659 -6
660 -13
661 -6
662 -13
663 -6
664 -10
665 -10
666 -6
667 -6
668 -14
669 -13
670 -6
671 -11
672 -13
673 -13
674 -6
675 -6
676 -6
677 -6
678 -10
679 -10
680 -6
681 -14
682 -14
683 -6
684 -10
685 -6
686 -6
687 -10
688 -6
689 -13
690 -6
691 -6
692 -6
693 -6
694 -14
695 -6
696 -14
697 -6
698 -13
699 -6
700 -6
701 -10
702 -6
703 -6
704 -13
705 -6
706 -6
707 -14
708 -13
709 -13
710 -6
711 -14
712 -19
713 -6
714 -6
715 -13
716 -14
717 -14
718 -14
719 -6
720 -6
721 -10
722 -13
723 -13
724 -12
725 -6
726 -10
727 -6
728 -14
729 -13
730 -14
731 -6
732 -14
733 -13
734 -10
735 -6
736 -19
737 -6
738 -6
739 -10
740 -6
741 -14
742 -6
743 -6
744 -13
745 -6
746 -6
747 -13
748 -14
749 -6
750 -24
751 -6
752 -6
753 -6
754 -13
755 -13
756 -13
757 -13
758 -6
759 -6
760 -6
761 -14
762 -6
763 -10
764 -6
765 -19
766 -6
767 -14
768 -6
769 -13
770 -13
771 -13
772 -13
773 -10
774 -6
775 -13
776 -13
777 -6
778 -13
779 -10
780 -6
781 -15
782 -6
783 -14
784 -6
785 -10
786 -6
787 -10
788 -6
789 -13
790 -6
791 -13
792 -13
793 -10
794 -10
795 -7
796 -6
797 -6
798 -17
799 -13
800 -13
801 -6
802 -6
803 -13
804 -6
805 -10
806 -13
807 -13
808 -6
809 -13
810 -10
811 -6
812 -14
813 -10
814 -13
815 -6
816 -6
817 -6
818 -6
819 -10
820 -6
821 -14
822 -6
823 -8
824 -14
825 -6
826 -6
827 -13
828 -14
829 -6
830 -14
831 -13
832 -13
833 -6
834 -6
835 -13
836 -10
837 -6
838 -6
839 -13
840 -14
841 -6
842 -12
843 -6
844 -6
845 -13
846 -6
847 -13
848 -6
849 -13
850 -13
851 -6
852 -10
853 -10
854 -6
855 -6
856 -10
857 -6
858 -6
859 -14
860 -6
861 -6
862 -6
863 -10
864 -6
865 -14
866 -14
867 -6
868 -10
869 -6
870 -14
871 -14
872 -10
873 -10
874 -6
875 -6
876 -6
877 -14
878 -13
879 -14
880 -14
881 -6
882 -10
883 -10
884 -13
885 -6
886 -6
887 -14
888 -6
889 -13
890 -6
891 -14
892 -10
893 -14
894 -6
895 -6
896 -6
897 -10
898 -6
899 -14
900 -6
901 -13
902 -6
903 -13
904 -10
905 -6
906 -6
907 -14
908 -10
909 -6
910 -10
911 -6
912 -6
913 -6
914 -14
915 -6
916 -6
917 -6
918 -10
919 -14
920 -14
921 -6
922 -10
923 -22
924 -6
925 -6
926 -14
927 -13
928 -13
929 -6
930 -17
931 -14
932 -14
933 -13
934 -13
935 -10
936 -6
937 -13
938 -6
939 -6
940 -9
941 -14
942 -13
943 -6
944 -6
945 -6
946 -6
947 -10
948 -6
949 -6
950 -6
951 -13
952 -10
953 -6
954 -6
955 -14
956 -13
957 -14
958 -13
959 -6
960 -13
961 -13
962 -10
963 -14
964 -14
965 -18
966 -13
967 -6
968 -14
969 -6
970 -10
971 -6
972 -6
973 -6
974 -13
975 -6
976 -6
977 -10
978 -13
979 -13
980 -6
981 -13
982 -14
983 -10
984 -13
985 -13
986 -11
987 -10
988 -6
989 -6
990 -12
991 -6
992 -6
993 -14
994 -6
995 -13
996 -6
997 -6
998 -13
999 -13
