0 -13
1 -13
2 -23
3 -10
4 -13
5 -6
6 -6
7 -13
8 -6
9 -14
10 -6
11 -6
12 -10
13 -14
14 -13
15 -10
16 -14
17 -14
18 -6
19 -13
20 -6
21 -6
22 -14
23 -6
24 -6
25 -13
26 -14
27 -6
28 -6
29 -13
30 -6
31 -6
32 -6
33 -10
34 -6
35 -14
36 -13
37 -6
38 -6
39 -6
40 -13
41 -13
42 -6
43 -13
44 -13
45 -6
46 -14
47 -6
48 -6
49 -10
50 -10
51 -13
52 -6
53 -13
54 -10
55 -13
56 -14
57 -10
58 -13
59 -10
60 -13
61 -10
62 -13
63 -14
64 -13
65 -13
66 -18
67 -10
68 -13
69 -13
70 -13
71 -17
72 -6
73 -6
74 -13
75 -6
76 -13
77 -13
78 -6
79 -6
80 -6
81 -6
82 -6
83 -10
84 -13
85 -13
86 -13
87 -6
88 -6
89 -6
90 -13
91 -10
92 -6
93 -13
94 -10
95 -13
96 -10
97 -6
98 -10
99 -6
100 -10
101 -6
102 -10
103 -6
104 -6
105 -6
106 -6
107 -10
108 -6
109 -13
110 -10
111 -8
112 -10
113 -10
114 -6
115 -6
116 -10
117 -13
118 -6
119 -14
120 -6
121 -13
122 -14
123 -13
124 -6
125 -6
126 -14
127 -14
128 -13
129 -13
130 -6
131 -10
132 -14
133 -14
134 -10
135 -13
136 -6
137 -6
138 -6
139 -10
140 -13
141 -10
142 -6
143 -10
144 -6
145 -13
146 -15
147 -6
148 -6
149 -14
150 -6
151 -13
152 -14
153 -13
154 -6
155 -19
156 -10
157 -6
158 -10
159 -13
160 -6
161 -6
162 -6
163 -14
164 -6
165 -6
166 -6
167 -12
168 -6
169 -10
170 -13
171 -10
172 -6
173 -6
174 -10
175 -6
176 -14
177 -6
178 -6
179 -6
180 -6
181 -6
182 -6
183 -6
184 -6
185 -13
186 -13
187 -14
188 -14
189 -10
190 -13
191 -6
192 -14
193 -13
194 -13
195 -10
196 -6
197 -6
198 -6
199 -23
200 -14
201 -14
202 -6
203 -6
204 -6
205 -13
206 -6
207 -13
208 -6
209 -14
210 -6
211 -13
212 -14
213 -6
214 -6
215 -6
216 -13
217 -14
218 -14
219 -6
220 -14
221 -13
222 -13
223 -6
224 -6
225 -10
226 -6
227 -6
228 -10
229 -6
230 -6
231 -6
232 -14
233 -10
234 -10
235 -6
236 -14
237 -6
238 -13
239 -6
240 -13
241 -10
242 -10
243 -14
244 -14
245 -14
246 -10
247 -6
248 -6
249 -14
250 -14
251 -13
252 -13
253 -10
254 -10
255 -6
256 -10
257 -6
258 -13
259 -6
260 -8
261 -14
262 -13
263 -10
264 -6
265 -13
266 -6
267 -6
268 -13
269 -13
270 -6
271 -6
272 -14
273 -13
274 -13
275 -14
276 -10
277 -6
278 -13
279 -6
280 -6
281 -13
282 -13
283 -6
284 -13
285 -20
286 -14
287 -13
288 -6
289 -6
290 -10
291 -6
292 -6
293 -6
294 -6
295 -14
296 -13
297 -6
298 -6
299 -13
300 -10
301 -13
302 -6
303 -13
304 -13
305 -6
306 -6
307 -10
308 -6
309 -14
310 -6
311 -12
312 -10
313 -10
314 -14
315 -13
316 -18
317 -6
318 -6
319 -13
320 -10
321 -10
322 -6
323 -14
324 -6
325 -6
326 -10
327 -11
328 -13
329 -13
330 -14
331 -14
332 -13
333 -6
334 -13
335 -6
336 -13
337 -6
338 -6
339 -6
340 -6
341 -6
342 -6
343 -6
344 -13
345 -6
346 -13
347 -13
348 -6
349 -6
350 -13
351 -6
352 -10
353 -6
354 -13
355 -10
356 -10
357 -6
358 -6
359 -6
360 -13
361 -13
362 -6
363 -6
364 -13
365 -6
366 -10
367 -6
368 -6
369 -10
370 -13
371 -13
372 -6
373 -10
374 -14
375 -13
376 -6
377 -14
378 -6
379 -6
380 -13
381 -6
382 -13
383 -6
384 -14
385 -6
386 -6
387 -6
388 -13
389 -14
390 -6
391 -6
392 -13
393 -13
394 -6
395 -6
396 -14
397 -6
398 -10
399 -6
400 -10
401 -6
402 -13
403 -10
404 -10
405 -6
406 -13
407 -13
408 -6
409 -6
410 -6
411 -14
412 -13
413 -10
414 -10
415 -14
416 -6
417 -6
418 -6
419 -13
420 -13
421 -10
422 -6
423 -10
424 -6
425 -10
426 -13
427 -10
428 -6
429 -13
430 -13
431 -14
432 -6
433 -6
434 -14
435 -13
436 -6
437 -6
438 -10
439 -13
440 -14
441 -13
442 -14
443 -6
444 -14
445 -6
446 -6
447 -6
448 -13
449 -10
450 -35
451 -6
452 -14
453 -6
454 -6
455 -14
456 -42
457 -6
458 -6
459 -6
460 -13
461 -6
462 -6
463 -14
464 -6
465 -6
466 -13
467 -13
468 -13
469 -8
470 -13
471 -6
472 -6
473 -14
474 -6
475 -6
476 -6
477 -13
478 -6
479 -6
480 -14
481 -14
482 -6
483 -13
484 -14
485 -14
486 -6
487 -10
488 -13
489 -13
490 -6
491 -10
492 -10
493 -6
494 -6
495 -6
496 -6
497 -14
498 -10
499 -13
500 -13
501 -13
502 -6
503 -6
504 -10
505 -6
506 -14
507 -10
508 -13
509 -14
510 -14
511 -6
512 -10
513 -6
514 -14
515 -13
516 -6
517 -14
518 -6
519 -6
520 -13
521 -13
522 -13
523 -10
524 -6
525 -18
526 -13
527 -6
528 -13
529 -13
530 -14
531 -13
532 -6
533 -10
534 -13
535 -6
536 -6
537 -14
538 -6
539 -14
540 -13
541 -6
542 -6
543 -13
544 -13
545 -6
546 -34
547 -6
548 -6
549 -6
550 -18
551 -14
552 -6
553 -14
554 -13
555 -13
556 -14
557 -12
558 -6
559 -6
560 -13
561 -14
562 -13
563 -13
564 -10
565 -6
566 -13
567 -14
568 -10
569 -10
570 -13
571 -13
572 -13
573 -6
574 -10
575 -13
576 -6
577 -6
578 -6
579 -13
580 -13
581 -10
582 -13
583 -10
584 -6
585 -13
586 -10
587 -6
588 -6
589 -6
590 -6
591 -6
592 -6
593 -10
594 -6
595 -10
596 -6
597 -6
598 -10
599 -14
600 -14
601 -13
602 -6
603 -6
604 -6
605 -6
606 -10
607 -6
608 -10
609 -17
610 -10
611 -13
612 -6
613 -13
614 -14
615 -6
616 -32
617 -10
618 -6
619 -14
620 -10
621 -14
622 -10
623 -6
624 -6
625 -6
626 -6
627 -6
628 -6
629 -10
630 -13
631 -14
632 -6
633 -6
634 -6
635 -10
636 -13
637 -6
638 -13
639 -10
640 -13
641 -6
642 -6
643 -6
644 -13
645 -13
646 -6
647 -6
648 -14
649 -10
650 -14
651 -13
652 -13
653 -6
654 -14
655 -6
656 -6
657 -6
658 -13
659 -6
660 -10
661 -13
662 -6
663 -6
664 -6
665 -6
666 -20
667 -6
668 -6
669 -6
670 -6
671 -13
672 -19
673 -14
674 -14
675 -10
676 -10
677 -13
678 -6
679 -6
680 -6
681 -6
682 -6
683 -14
684 -10
685 -14
686 -6
687 -10
688 -13
689 -13
690 -13
691 -6
692 -6
693 -13
694 -14
695 -6
696 -6
697 -6
698 -13
699 -13
700 -6
701 -10
702 -6
703 -13
704 -6
705 -14
706 -13
707 -6
708 -6
709 -6
710 -14
711 -6
712 -13
713 -10
714 -13
715 -14
716 -13
717 -6
718 -12
719 -10
720 -6
721 -14
722 -6
723 -14
724 -13
725 -13
726 -6
727 -6
728 -14
729 -23
730 -6
731 -6
732 -6
733 -10
734 -14
735 -6
736 -14
737 -13
738 -14
739 -14
740 -6
741 -14
742 -6
743 -13
744 -13
745 -10
746 -6
747 -6
748 -14
749 -10
750 -6
751 -6
752 -13
753 -13
754 -13
755 -6
756 -14
757 -13
758 -6
759 -6
760 -13
761 -14
762 -13
763 -6
764 -10
765 -6
766 -6
767 -6
768 -13
769 -10
770 -10
771 -11
772 -7
773 -6
774 -6
775 -10
776 -6
777 -13
778 -6
779 -14
780 -14
781 -13
782 -6
783 -6
784 -10
785 -6
786 -14
787 -13
788 -6
789 -13
790 -6
791 -13
792 -13
793 -6
794 -19
795 -9
796 -10
797 -13
798 -6
799 -6
800 -6
801 -10
802 -6
803 -6
804 -6
805 -6
806 -14
807 -13
808 -6
809 -6
810 -10
811 -13
812 -14
813 -10
814 -13
815 -13
816 -13
817 -14
818 -10
819 -13
820 -14
821 -6
822 -6
823 -13
824 -10
825 -6
826 -6
827 -10
828 -6
829 -13
830 -15
831 -29
832 -6
833 -6
834 -14
835 -6
836 -13
837 -13
838 -14
839 -6
840 -6
841 -6
842 -13
843 -6
844 -10
845 -14
846 -6
847 -6
848 -14
849 -10
850 -12
851 -14
852 -6
853 -6
854 -6
855 -10
856 -14
857 -6
858 -6
859 -13
860 -13
861 -6
862 -13
863 -6
864 -13
865 -14
866 -6
867 -13
868 -14
869 -13
870 -6
871 -14
872 -6
873 -10
874 -13
875 -10
876 -10
877 -13
878 -13
879 -6
880 -6
881 -14
882 -6
883 -13
884 -13
885 -13
886 -6
887 -10
888 -6
889 -14
890 -13
891 -6
892 -6
893 -6
894 -13
895 -13
896 -14
897 -13
898 -13
899 -10
900 -6
901 -14
902 -6
903 -6
904 -10
905 -13
906 -14
907 -6
908 -14
909 -7
910 -6
911 -31
912 -13
913 -10
914 -13
915 -14
916 -6
917 -13
918 -15
919 -6
920 -6
921 -13
922 -6
923 -6
924 -14
925 -6
926 -15
927 -14
928 -13
929 -6
930 -6
931 -13
932 -6
933 -6
934 -6
935 -6
936 -13
937 -6
938 -6
939 -6
940 -7
941 -13
942 -14
943 -14
944 -18
945 -6
946 -6
947 -6
948 -6
949 -6
950 -6
951 -6
952 -6
953 -13
954 -10
955 -13
956 -13
957 -14
958 -10
959 -13
960 -6
961 -6
962 -6
963 -14
964 -13
965 -13
966 -13
967 -14
968 -13
969 -6
970 -14
971 -6
972 -6
973 -13
974 -6
975 -13
976 -6
977 -6
978 -6
979 -10
980 -6
981 -13
982 -14
983 -13
984 -10
985 -13
986 -14
987 -6
988 -13
989 -14
990 -13
991 -6
992 -13
993 -10
994 -6
995 -6
996 -6
997 -13
998 -13
999 -15
